pairName,currentValues,currentTime,localTime,secondaryData,hr1MainSumm,hr1FullSumm,hr1PivotPoints,hr1TechIndicators,hr1MovingAverages
eur_usd,1.1917 -0.0077    -0.65%,14:11:11,2021-06-17 18:11:54.000610,"Prev. Close: 1.1994
Bid/Ask: 1.1916 / 1.1917
Day's Range: 1.1892 - 1.2007",Strong Sell,"Summary:Strong Sell
Moving Averages:Strong SellBuy (0)Sell (12)
Technical Indicators:Strong SellBuy (0)Sell (10)","Name
S3
S2
S1
Pivot Points
R1
R2
R3
Classic
1.1880
1.1888
1.1902
1.1910
1.1924
1.1932
1.1946
Fibonacci
1.1888
1.1896
1.1902
1.1910
1.1918
1.1924
1.1932
Camarilla
1.1910
1.1912
1.1914
1.1910
1.1918
1.1920
1.1922
Woodie's
1.1882
1.1889
1.1904
1.1911
1.1926
1.1933
1.1948
DeMark's
-
-
1.1906
1.1912
1.1928
-
-","Technical IndicatorsJun 17, 2021 06:09PM GMT
Name
Value
Action
RSI(14)
27.577
Sell
STOCH(9,6)
29.279
Sell
STOCHRSI(14)
98.465
Overbought
MACD(12,26)
-0.004
Sell
ADX(14)
32.688
Sell
Williams %R
-79.913
Sell
CCI(14)
-91.6049
Sell
ATR(14)
0.0022
High Volatility
Highs/Lows(14)
-0.0016
Sell
Ultimate Oscillator
35.852
Sell
ROC
-0.717
Sell
Bull/Bear Power(13)
-0.0027
Sell
Buy: 0
Sell: 10
Neutral: 0


Summary:Strong Sell","Jun 17, 2021 06:09PM GMT"
gbp_usd,1.3927 -0.0060    -0.43%,14:11:28,2021-06-17 18:11:54.004950,"Prev. Close: 1.3987
Bid/Ask: 1.3926 / 1.3927
Day's Range: 1.3896 - 1.4010",Strong Sell,"Summary:Strong Sell
Moving Averages:SellBuy (2)Sell (10)
Technical Indicators:Strong SellBuy (0)Sell (9)","Name
S3
S2
S1
Pivot Points
R1
R2
R3
Classic
1.3876
1.3886
1.3905
1.3915
1.3934
1.3944
1.3963
Fibonacci
1.3886
1.3897
1.3904
1.3915
1.3926
1.3933
1.3944
Camarilla
1.3917
1.3920
1.3922
1.3915
1.3928
1.3930
1.3933
Woodie's
1.3882
1.3889
1.3911
1.3918
1.3940
1.3947
1.3969
DeMark's
-
-
1.3910
1.3918
1.3939
-
-","Technical IndicatorsJun 17, 2021 06:09PM GMT
Name
Value
Action
RSI(14)
35.841
Sell
STOCH(9,6)
30.192
Sell
STOCHRSI(14)
88.425
Overbought
MACD(12,26)
-0.003
Sell
ADX(14)
39.308
Neutral
Williams %R
-73.128
Sell
CCI(14)
-79.5989
Sell
ATR(14)
0.0027
High Volatility
Highs/Lows(14)
-0.0014
Sell
Ultimate Oscillator
36.694
Sell
ROC
-0.514
Sell
Bull/Bear Power(13)
-0.0027
Sell
Buy: 0
Sell: 9
Neutral: 1


Summary:Strong Sell","Jun 17, 2021 06:09PM GMT"
usd_jpy,110.23 -0.47    -0.42%,14:11:25,2021-06-17 18:11:54.008103,"Prev. Close: 110.69
Bid/Ask: 110.22 / 110.23
Day's Range: 110.17 - 110.83",Strong Sell,"Summary:Strong Sell
Moving Averages:SellBuy (4)Sell (8)
Technical Indicators:Strong SellBuy (0)Sell (8)","Name
S3
S2
S1
Pivot Points
R1
R2
R3
Classic
110.03
110.11
110.16
110.24
110.29
110.37
110.41
Fibonacci
110.11
110.16
110.19
110.24
110.29
110.32
110.37
Camarilla
110.18
110.19
110.20
110.24
110.23
110.24
110.25
Woodie's
110.03
110.11
110.16
110.24
110.29
110.37
110.41
DeMark's
-
-
110.14
110.23
110.27
-
-","Technical IndicatorsJun 17, 2021 06:10PM GMT
Name
Value
Action
RSI(14)
39.461
Sell
STOCH(9,6)
19.328
Oversold
STOCHRSI(14)
4.361
Oversold
MACD(12,26)
-0.010
Sell
ADX(14)
35.350
Sell
Williams %R
-90.756
Oversold
CCI(14)
-122.6461
Sell
ATR(14)
0.1318
High Volatility
Highs/Lows(14)
-0.2157
Sell
Ultimate Oscillator
38.293
Sell
ROC
-0.407
Sell
Bull/Bear Power(13)
-0.4200
Sell
Buy: 0
Sell: 8
Neutral: 0


Summary:Strong Sell","Jun 17, 2021 06:10PM GMT"
aud_usd,0.7556 -0.0054    -0.71%,14:11:14,2021-06-17 18:11:54.011144,"Prev. Close: 0.7610
Bid/Ask: 0.7555 / 0.7557
Day's Range: 0.7540 - 0.7646",Strong Sell,"Summary:Strong Sell
Moving Averages:SellBuy (1)Sell (11)
Technical Indicators:Strong SellBuy (1)Sell (8)","Name
S3
S2
S1
Pivot Points
R1
R2
R3
Classic
0.7531
0.7537
0.7548
0.7554
0.7565
0.7571
0.7582
Fibonacci
0.7537
0.7543
0.7548
0.7554
0.7560
0.7565
0.7571
Camarilla
0.7553
0.7555
0.7556
0.7554
0.7560
0.7561
0.7563
Woodie's
0.7533
0.7538
0.7550
0.7555
0.7567
0.7572
0.7584
DeMark's
-
-
0.7551
0.7555
0.7568
-
-","Technical IndicatorsJun 17, 2021 06:10PM GMT
Name
Value
Action
RSI(14)
28.064
Sell
STOCH(9,6)
22.776
Sell
STOCHRSI(14)
55.323
Buy
MACD(12,26)
-0.003
Sell
ADX(14)
42.795
Sell
Williams %R
-82.292
Oversold
CCI(14)
-79.4946
Sell
ATR(14)
0.0018
Less Volatility
Highs/Lows(14)
-0.0018
Sell
Ultimate Oscillator
29.457
Oversold
ROC
-0.957
Sell
Bull/Bear Power(13)
-0.0024
Sell
Buy: 1
Sell: 8
Neutral: 0


Summary:Strong Sell","Jun 17, 2021 06:10PM GMT"
eur_gbp,0.8557 -0.0016    -0.19%,14:11:28,2021-06-17 18:11:54.014109,"Prev. Close: 0.8573
Bid/Ask: 0.8556 / 0.8557
Day's Range: 0.8542 - 0.8580",Strong Sell,"Summary:Strong Sell
Moving Averages:Strong SellBuy (0)Sell (12)
Technical Indicators:Strong SellBuy (2)Sell (6)","Name
S3
S2
S1
Pivot Points
R1
R2
R3
Classic
0.8547
0.8552
0.8555
0.8560
0.8562
0.8568
0.8570
Fibonacci
0.8552
0.8555
0.8557
0.8560
0.8563
0.8565
0.8568
Camarilla
0.8555
0.8556
0.8557
0.8560
0.8558
0.8559
0.8560
Woodie's
0.8547
0.8552
0.8555
0.8560
0.8562
0.8568
0.8570
DeMark's
-
-
0.8554
0.8559
0.8561
-
-","Technical IndicatorsJun 17, 2021 06:10PM GMT
Name
Value
Action
RSI(14)
38.498
Sell
STOCH(9,6)
51.452
Neutral
STOCHRSI(14)
73.921
Buy
MACD(12,26)
-0.001
Sell
ADX(14)
35.370
Sell
Williams %R
-56.717
Sell
CCI(14)
-45.1414
Neutral
ATR(14)
0.0011
High Volatility
Highs/Lows(14)
0.0000
Neutral
Ultimate Oscillator
53.923
Buy
ROC
-0.204
Sell
Bull/Bear Power(13)
-0.0008
Sell
Buy: 2
Sell: 6
Neutral: 3


Summary:Strong Sell","Jun 17, 2021 06:10PM GMT"
usd_cad,1.2352 +0.0076    +0.61%,14:11:12,2021-06-17 18:11:54.017072,"Prev. Close: 1.2276
Bid/Ask: 1.2351 / 1.2352
Day's Range: 1.2261 - 1.2378",Strong Buy,"Summary:Strong Buy
Moving Averages:BuyBuy (12)Sell (0)
Technical Indicators:Strong BuyBuy (9)Sell (1)","Name
S3
S2
S1
Pivot Points
R1
R2
R3
Classic
1.2321
1.2330
1.2342
1.2351
1.2363
1.2372
1.2384
Fibonacci
1.2330
1.2338
1.2343
1.2351
1.2359
1.2364
1.2372
Camarilla
1.2347
1.2349
1.2351
1.2351
1.2355
1.2357
1.2359
Woodie's
1.2321
1.2330
1.2342
1.2351
1.2363
1.2372
1.2384
DeMark's
-
-
1.2336
1.2348
1.2357
-
-","Technical IndicatorsJun 17, 2021 06:10PM GMT
Name
Value
Action
RSI(14)
70.716
Buy
STOCH(9,6)
66.862
Buy
STOCHRSI(14)
42.550
Sell
MACD(12,26)
0.003
Buy
ADX(14)
33.242
Neutral
Williams %R
-22.318
Buy
CCI(14)
100.5734
Buy
ATR(14)
0.0026
High Volatility
Highs/Lows(14)
0.0019
Buy
Ultimate Oscillator
69.921
Buy
ROC
0.668
Buy
Bull/Bear Power(13)
0.0043
Buy
Buy: 9
Sell: 1
Neutral: 1


Summary:Strong Buy","Jun 17, 2021 06:10PM GMT"
usd_chf,0.9173 +0.0088    +0.97%,14:11:20,2021-06-17 18:11:54.020034,"Prev. Close: 0.9085
Bid/Ask: 0.9171 / 0.9175
Day's Range: 0.9076 - 0.9188",Strong Buy,"Summary:Strong Buy
Moving Averages:BuyBuy (12)Sell (0)
Technical Indicators:Strong BuyBuy (8)Sell (0)","Name
S3
S2
S1
Pivot Points
R1
R2
R3
Classic
0.9150
0.9160
0.9166
0.9176
0.9181
0.9192
0.9197
Fibonacci
0.9160
0.9166
0.9170
0.9176
0.9182
0.9186
0.9192
Camarilla
0.9167
0.9169
0.9170
0.9176
0.9173
0.9174
0.9176
Woodie's
0.9148
0.9159
0.9164
0.9175
0.9179
0.9191
0.9195
DeMark's
-
-
0.9163
0.9175
0.9179
-
-","Technical IndicatorsJun 17, 2021 06:10PM GMT
Name
Value
Action
RSI(14)
75.963
Overbought
STOCH(9,6)
77.598
Buy
STOCHRSI(14)
15.860
Oversold
MACD(12,26)
0.004
Buy
ADX(14)
32.108
Buy
Williams %R
-13.636
Overbought
CCI(14)
92.8541
Buy
ATR(14)
0.0018
High Volatility
Highs/Lows(14)
0.0020
Buy
Ultimate Oscillator
67.677
Buy
ROC
0.980
Buy
Bull/Bear Power(13)
0.0042
Buy
Buy: 8
Sell: 0
Neutral: 0


Summary:Strong Buy","Jun 17, 2021 06:10PM GMT"
nzd_chf,0.6427 +0.0023    +0.36%,14:11:30,2021-06-17 18:11:54.022983,"Prev. Close: 0.6404
Bid/Ask: 0.6424 / 0.6430
Day's Range: 0.6406 - 0.6453",Neutral,"Summary:Neutral
Moving Averages:BuyBuy (9)Sell (3)
Technical Indicators:SellBuy (1)Sell (5)","Name
S3
S2
S1
Pivot Points
R1
R2
R3
Classic
0.6420
0.6422
0.6425
0.6428
0.6431
0.6434
0.6437
Fibonacci
0.6422
0.6425
0.6426
0.6428
0.6430
0.6431
0.6434
Camarilla
0.6426
0.6427
0.6427
0.6428
0.6429
0.6429
0.6430
Woodie's
0.6420
0.6422
0.6425
0.6428
0.6431
0.6434
0.6437
DeMark's
-
-
0.6426
0.6429
0.6432
-
-","Technical IndicatorsJun 17, 2021 06:10PM GMT
Name
Value
Action
RSI(14)
51.167
Neutral
STOCH(9,6)
42.806
Sell
STOCHRSI(14)
45.926
Neutral
MACD(12,26)
0.000
Buy
ADX(14)
25.141
Sell
Williams %R
-54.839
Neutral
CCI(14)
-20.8498
Neutral
ATR(14)
0.0012
Less Volatility
Highs/Lows(14)
0.0000
Neutral
Ultimate Oscillator
48.394
Sell
ROC
-0.186
Sell
Bull/Bear Power(13)
-0.0005
Sell
Buy: 1
Sell: 5
Neutral: 5


Summary:Sell","Jun 17, 2021 06:10PM GMT"
usd_cny,6.4484 +0.0515    +0.80%,11:27:22,2021-06-17 18:11:54.025921,"Prev. Close: 6.3969
Bid/Ask: 6.4477 / 6.4490
Day's Range: 6.3972 - 6.4494",Strong Buy,"Summary:Strong Buy
Moving Averages:BuyBuy (12)Sell (0)
Technical Indicators:Strong BuyBuy (7)Sell (0)","Name
S3
S2
S1
Pivot Points
R1
R2
R3
Classic
6.4380
6.4399
6.4436
6.4455
6.4492
6.4511
6.4548
Fibonacci
6.4399
6.4420
6.4434
6.4455
6.4476
6.4490
6.4511
Camarilla
6.4458
6.4463
6.4468
6.4455
6.4479
6.4484
6.4489
Woodie's
6.4390
6.4404
6.4446
6.4460
6.4502
6.4516
6.4558
DeMark's
-
-
6.4446
6.4460
6.4502
-
-","Technical IndicatorsJun 17, 2021 03:34PM GMT
Name
Value
Action
RSI(14)
85.433
Overbought
STOCH(9,6)
77.649
Buy
STOCHRSI(14)
100.000
Overbought
MACD(12,26)
0.011
Buy
ADX(14)
61.337
Buy
Williams %R
-3.426
Overbought
CCI(14)
151.8010
Buy
ATR(14)
0.0041
Less Volatility
Highs/Lows(14)
0.0141
Buy
Ultimate Oscillator
82.973
Overbought
ROC
0.391
Buy
Bull/Bear Power(13)
0.0286
Buy
Buy: 7
Sell: 0
Neutral: 0


Summary:Strong Buy","Jun 17, 2021 03:34PM GMT"
usd_hkd,7.7648 +0.0018    +0.02%,14:11:41,2021-06-17 18:11:54.028916,"Prev. Close: 7.7630
Bid/Ask: 7.7647 / 7.7648
Day's Range: 7.7625 - 7.7656",Strong Buy,"Summary:Strong Buy
Moving Averages:BuyBuy (12)Sell (0)
Technical Indicators:Strong BuyBuy (7)Sell (3)","Name
S3
S2
S1
Pivot Points
R1
R2
R3
Classic
7.7636
7.7639
7.7643
7.7646
7.7650
7.7653
7.7657
Fibonacci
7.7639
7.7642
7.7643
7.7646
7.7649
7.7650
7.7653
Camarilla
7.7646
7.7646
7.7647
7.7646
7.7648
7.7649
7.7649
Woodie's
7.7636
7.7639
7.7643
7.7646
7.7650
7.7653
7.7657
DeMark's
-
-
7.7644
7.7646
7.7651
-
-","Technical IndicatorsJun 17, 2021 06:11PM GMT
Name
Value
Action
RSI(14)
57.948
Buy
STOCH(9,6)
32.898
Sell
STOCHRSI(14)
35.095
Sell
MACD(12,26)
0.000
Buy
ADX(14)
42.016
Buy
Williams %R
-36.838
Buy
CCI(14)
74.7187
Buy
ATR(14)
0.0009
Less Volatility
Highs/Lows(14)
0.0000
Neutral
Ultimate Oscillator
44.150
Sell
ROC
0.010
Buy
Bull/Bear Power(13)
0.0016
Buy
Buy: 7
Sell: 3
Neutral: 1


Summary:Strong Buy","Jun 17, 2021 06:11PM GMT"
eur_usd,1.1916 -0.0078    -0.65%,14:11:42,2021-06-17 18:12:10.284658,"Prev. Close: 1.1994
Bid/Ask: 1.1914 / 1.1918
Day's Range: 1.1892 - 1.2007",Strong Sell,"Summary:Strong Sell
Moving Averages:Strong SellBuy (0)Sell (12)
Technical Indicators:Strong SellBuy (0)Sell (10)","Name
S3
S2
S1
Pivot Points
R1
R2
R3
Classic
1.1880
1.1888
1.1902
1.1910
1.1924
1.1932
1.1946
Fibonacci
1.1888
1.1896
1.1902
1.1910
1.1918
1.1924
1.1932
Camarilla
1.1910
1.1912
1.1914
1.1910
1.1918
1.1920
1.1922
Woodie's
1.1882
1.1889
1.1904
1.1911
1.1926
1.1933
1.1948
DeMark's
-
-
1.1906
1.1912
1.1928
-
-","Technical IndicatorsJun 17, 2021 06:09PM GMT
Name
Value
Action
RSI(14)
27.577
Sell
STOCH(9,6)
29.279
Sell
STOCHRSI(14)
98.465
Overbought
MACD(12,26)
-0.004
Sell
ADX(14)
32.688
Sell
Williams %R
-79.913
Sell
CCI(14)
-91.6049
Sell
ATR(14)
0.0022
High Volatility
Highs/Lows(14)
-0.0016
Sell
Ultimate Oscillator
35.852
Sell
ROC
-0.717
Sell
Bull/Bear Power(13)
-0.0027
Sell
Buy: 0
Sell: 10
Neutral: 0


Summary:Strong Sell","Jun 17, 2021 06:09PM GMT"
gbp_usd,1.3927 -0.0060    -0.43%,14:11:28,2021-06-17 18:12:10.288303,"Prev. Close: 1.3987
Bid/Ask: 1.3926 / 1.3927
Day's Range: 1.3896 - 1.4010",Strong Sell,"Summary:Strong Sell
Moving Averages:SellBuy (2)Sell (10)
Technical Indicators:Strong SellBuy (0)Sell (9)","Name
S3
S2
S1
Pivot Points
R1
R2
R3
Classic
1.3876
1.3886
1.3905
1.3915
1.3934
1.3944
1.3963
Fibonacci
1.3886
1.3897
1.3904
1.3915
1.3926
1.3933
1.3944
Camarilla
1.3917
1.3920
1.3922
1.3915
1.3928
1.3930
1.3933
Woodie's
1.3882
1.3889
1.3911
1.3918
1.3940
1.3947
1.3969
DeMark's
-
-
1.3910
1.3918
1.3939
-
-","Technical IndicatorsJun 17, 2021 06:09PM GMT
Name
Value
Action
RSI(14)
35.841
Sell
STOCH(9,6)
30.192
Sell
STOCHRSI(14)
88.425
Overbought
MACD(12,26)
-0.003
Sell
ADX(14)
39.308
Neutral
Williams %R
-73.128
Sell
CCI(14)
-79.5989
Sell
ATR(14)
0.0027
High Volatility
Highs/Lows(14)
-0.0014
Sell
Ultimate Oscillator
36.694
Sell
ROC
-0.514
Sell
Bull/Bear Power(13)
-0.0027
Sell
Buy: 0
Sell: 9
Neutral: 1


Summary:Strong Sell","Jun 17, 2021 06:09PM GMT"
usd_jpy,110.23 -0.47    -0.42%,14:11:40,2021-06-17 18:12:10.291341,"Prev. Close: 110.69
Bid/Ask: 110.22 / 110.23
Day's Range: 110.17 - 110.83",Strong Sell,"Summary:Strong Sell
Moving Averages:SellBuy (4)Sell (8)
Technical Indicators:Strong SellBuy (0)Sell (8)","Name
S3
S2
S1
Pivot Points
R1
R2
R3
Classic
110.03
110.11
110.16
110.24
110.29
110.37
110.41
Fibonacci
110.11
110.16
110.19
110.24
110.29
110.32
110.37
Camarilla
110.18
110.19
110.20
110.24
110.23
110.24
110.25
Woodie's
110.03
110.11
110.16
110.24
110.29
110.37
110.41
DeMark's
-
-
110.14
110.23
110.27
-
-","Technical IndicatorsJun 17, 2021 06:10PM GMT
Name
Value
Action
RSI(14)
39.461
Sell
STOCH(9,6)
19.328
Oversold
STOCHRSI(14)
4.361
Oversold
MACD(12,26)
-0.010
Sell
ADX(14)
35.350
Sell
Williams %R
-90.756
Oversold
CCI(14)
-122.6461
Sell
ATR(14)
0.1318
High Volatility
Highs/Lows(14)
-0.2157
Sell
Ultimate Oscillator
38.293
Sell
ROC
-0.407
Sell
Bull/Bear Power(13)
-0.4200
Sell
Buy: 0
Sell: 8
Neutral: 0


Summary:Strong Sell","Jun 17, 2021 06:10PM GMT"
aud_usd,0.7557 -0.0053    -0.70%,14:11:44,2021-06-17 18:12:10.294289,"Prev. Close: 0.7610
Bid/Ask: 0.7556 / 0.7557
Day's Range: 0.7540 - 0.7646",Strong Sell,"Summary:Strong Sell
Moving Averages:SellBuy (1)Sell (11)
Technical Indicators:Strong SellBuy (1)Sell (8)","Name
S3
S2
S1
Pivot Points
R1
R2
R3
Classic
0.7531
0.7537
0.7548
0.7554
0.7565
0.7571
0.7582
Fibonacci
0.7537
0.7543
0.7548
0.7554
0.7560
0.7565
0.7571
Camarilla
0.7553
0.7555
0.7556
0.7554
0.7560
0.7561
0.7563
Woodie's
0.7533
0.7538
0.7550
0.7555
0.7567
0.7572
0.7584
DeMark's
-
-
0.7551
0.7555
0.7568
-
-","Technical IndicatorsJun 17, 2021 06:10PM GMT
Name
Value
Action
RSI(14)
28.064
Sell
STOCH(9,6)
22.776
Sell
STOCHRSI(14)
55.323
Buy
MACD(12,26)
-0.003
Sell
ADX(14)
42.795
Sell
Williams %R
-82.292
Oversold
CCI(14)
-79.4946
Sell
ATR(14)
0.0018
Less Volatility
Highs/Lows(14)
-0.0018
Sell
Ultimate Oscillator
29.457
Oversold
ROC
-0.957
Sell
Bull/Bear Power(13)
-0.0024
Sell
Buy: 1
Sell: 8
Neutral: 0


Summary:Strong Sell","Jun 17, 2021 06:10PM GMT"
eur_gbp,0.8556 -0.0017    -0.20%,14:11:42,2021-06-17 18:12:10.297224,"Prev. Close: 0.8573
Bid/Ask: 0.8553 / 0.8559
Day's Range: 0.8542 - 0.8580",Strong Sell,"Summary:Strong Sell
Moving Averages:Strong SellBuy (0)Sell (12)
Technical Indicators:Strong SellBuy (2)Sell (6)","Name
S3
S2
S1
Pivot Points
R1
R2
R3
Classic
0.8547
0.8552
0.8555
0.8560
0.8562
0.8568
0.8570
Fibonacci
0.8552
0.8555
0.8557
0.8560
0.8563
0.8565
0.8568
Camarilla
0.8555
0.8556
0.8557
0.8560
0.8558
0.8559
0.8560
Woodie's
0.8547
0.8552
0.8555
0.8560
0.8562
0.8568
0.8570
DeMark's
-
-
0.8554
0.8559
0.8561
-
-","Technical IndicatorsJun 17, 2021 06:10PM GMT
Name
Value
Action
RSI(14)
38.498
Sell
STOCH(9,6)
51.452
Neutral
STOCHRSI(14)
73.921
Buy
MACD(12,26)
-0.001
Sell
ADX(14)
35.370
Sell
Williams %R
-56.717
Sell
CCI(14)
-45.1414
Neutral
ATR(14)
0.0011
High Volatility
Highs/Lows(14)
0.0000
Neutral
Ultimate Oscillator
53.923
Buy
ROC
-0.204
Sell
Bull/Bear Power(13)
-0.0008
Sell
Buy: 2
Sell: 6
Neutral: 3


Summary:Strong Sell","Jun 17, 2021 06:10PM GMT"
usd_cad,1.2352 +0.0076    +0.61%,14:11:39,2021-06-17 18:12:10.300137,"Prev. Close: 1.2276
Bid/Ask: 1.2351 / 1.2352
Day's Range: 1.2261 - 1.2378",Strong Buy,"Summary:Strong Buy
Moving Averages:BuyBuy (12)Sell (0)
Technical Indicators:Strong BuyBuy (9)Sell (1)","Name
S3
S2
S1
Pivot Points
R1
R2
R3
Classic
1.2321
1.2330
1.2342
1.2351
1.2363
1.2372
1.2384
Fibonacci
1.2330
1.2338
1.2343
1.2351
1.2359
1.2364
1.2372
Camarilla
1.2347
1.2349
1.2351
1.2351
1.2355
1.2357
1.2359
Woodie's
1.2321
1.2330
1.2342
1.2351
1.2363
1.2372
1.2384
DeMark's
-
-
1.2336
1.2348
1.2357
-
-","Technical IndicatorsJun 17, 2021 06:10PM GMT
Name
Value
Action
RSI(14)
70.716
Buy
STOCH(9,6)
66.862
Buy
STOCHRSI(14)
42.550
Sell
MACD(12,26)
0.003
Buy
ADX(14)
33.242
Neutral
Williams %R
-22.318
Buy
CCI(14)
100.5734
Buy
ATR(14)
0.0026
High Volatility
Highs/Lows(14)
0.0019
Buy
Ultimate Oscillator
69.921
Buy
ROC
0.668
Buy
Bull/Bear Power(13)
0.0043
Buy
Buy: 9
Sell: 1
Neutral: 1


Summary:Strong Buy","Jun 17, 2021 06:10PM GMT"
usd_chf,0.9172 +0.0086    +0.95%,14:11:36,2021-06-17 18:12:10.303009,"Prev. Close: 0.9085
Bid/Ask: 0.9171 / 0.9172
Day's Range: 0.9076 - 0.9188",Strong Buy,"Summary:Strong Buy
Moving Averages:BuyBuy (12)Sell (0)
Technical Indicators:Strong BuyBuy (8)Sell (0)","Name
S3
S2
S1
Pivot Points
R1
R2
R3
Classic
0.9150
0.9160
0.9166
0.9176
0.9181
0.9192
0.9197
Fibonacci
0.9160
0.9166
0.9170
0.9176
0.9182
0.9186
0.9192
Camarilla
0.9167
0.9169
0.9170
0.9176
0.9173
0.9174
0.9176
Woodie's
0.9148
0.9159
0.9164
0.9175
0.9179
0.9191
0.9195
DeMark's
-
-
0.9163
0.9175
0.9179
-
-","Technical IndicatorsJun 17, 2021 06:10PM GMT
Name
Value
Action
RSI(14)
75.963
Overbought
STOCH(9,6)
77.598
Buy
STOCHRSI(14)
15.860
Oversold
MACD(12,26)
0.004
Buy
ADX(14)
32.108
Buy
Williams %R
-13.636
Overbought
CCI(14)
92.8541
Buy
ATR(14)
0.0018
High Volatility
Highs/Lows(14)
0.0020
Buy
Ultimate Oscillator
67.677
Buy
ROC
0.980
Buy
Bull/Bear Power(13)
0.0042
Buy
Buy: 8
Sell: 0
Neutral: 0


Summary:Strong Buy","Jun 17, 2021 06:10PM GMT"
nzd_chf,0.6427 +0.0023    +0.36%,14:12:01,2021-06-17 18:12:10.305835,"Prev. Close: 0.6404
Bid/Ask: 0.6426 / 0.6428
Day's Range: 0.6406 - 0.6453",Neutral,"Summary:Neutral
Moving Averages:BuyBuy (9)Sell (3)
Technical Indicators:SellBuy (1)Sell (5)","Name
S3
S2
S1
Pivot Points
R1
R2
R3
Classic
0.6420
0.6422
0.6425
0.6428
0.6431
0.6434
0.6437
Fibonacci
0.6422
0.6425
0.6426
0.6428
0.6430
0.6431
0.6434
Camarilla
0.6426
0.6427
0.6427
0.6428
0.6429
0.6429
0.6430
Woodie's
0.6420
0.6422
0.6425
0.6428
0.6431
0.6434
0.6437
DeMark's
-
-
0.6426
0.6429
0.6432
-
-","Technical IndicatorsJun 17, 2021 06:10PM GMT
Name
Value
Action
RSI(14)
51.167
Neutral
STOCH(9,6)
42.806
Sell
STOCHRSI(14)
45.926
Neutral
MACD(12,26)
0.000
Buy
ADX(14)
25.141
Sell
Williams %R
-54.839
Neutral
CCI(14)
-20.8498
Neutral
ATR(14)
0.0012
Less Volatility
Highs/Lows(14)
0.0000
Neutral
Ultimate Oscillator
48.394
Sell
ROC
-0.186
Sell
Bull/Bear Power(13)
-0.0005
Sell
Buy: 1
Sell: 5
Neutral: 5


Summary:Sell","Jun 17, 2021 06:10PM GMT"
usd_cny,6.4484 +0.0515    +0.80%,11:27:22,2021-06-17 18:12:10.308703,"Prev. Close: 6.3969
Bid/Ask: 6.4477 / 6.4490
Day's Range: 6.3972 - 6.4494",Strong Buy,"Summary:Strong Buy
Moving Averages:BuyBuy (12)Sell (0)
Technical Indicators:Strong BuyBuy (7)Sell (0)","Name
S3
S2
S1
Pivot Points
R1
R2
R3
Classic
6.4380
6.4399
6.4436
6.4455
6.4492
6.4511
6.4548
Fibonacci
6.4399
6.4420
6.4434
6.4455
6.4476
6.4490
6.4511
Camarilla
6.4458
6.4463
6.4468
6.4455
6.4479
6.4484
6.4489
Woodie's
6.4390
6.4404
6.4446
6.4460
6.4502
6.4516
6.4558
DeMark's
-
-
6.4446
6.4460
6.4502
-
-","Technical IndicatorsJun 17, 2021 03:34PM GMT
Name
Value
Action
RSI(14)
85.433
Overbought
STOCH(9,6)
77.649
Buy
STOCHRSI(14)
100.000
Overbought
MACD(12,26)
0.011
Buy
ADX(14)
61.337
Buy
Williams %R
-3.426
Overbought
CCI(14)
151.8010
Buy
ATR(14)
0.0041
Less Volatility
Highs/Lows(14)
0.0141
Buy
Ultimate Oscillator
82.973
Overbought
ROC
0.391
Buy
Bull/Bear Power(13)
0.0286
Buy
Buy: 7
Sell: 0
Neutral: 0


Summary:Strong Buy","Jun 17, 2021 03:34PM GMT"
usd_hkd,7.7648 +0.0018    +0.02%,14:11:41,2021-06-17 18:12:10.311549,"Prev. Close: 7.7630
Bid/Ask: 7.7647 / 7.7648
Day's Range: 7.7625 - 7.7656",Strong Buy,"Summary:Strong Buy
Moving Averages:BuyBuy (12)Sell (0)
Technical Indicators:Strong BuyBuy (7)Sell (3)","Name
S3
S2
S1
Pivot Points
R1
R2
R3
Classic
7.7636
7.7639
7.7643
7.7646
7.7650
7.7653
7.7657
Fibonacci
7.7639
7.7642
7.7643
7.7646
7.7649
7.7650
7.7653
Camarilla
7.7646
7.7646
7.7647
7.7646
7.7648
7.7649
7.7649
Woodie's
7.7636
7.7639
7.7643
7.7646
7.7650
7.7653
7.7657
DeMark's
-
-
7.7644
7.7646
7.7651
-
-","Technical IndicatorsJun 17, 2021 06:11PM GMT
Name
Value
Action
RSI(14)
57.948
Buy
STOCH(9,6)
32.898
Sell
STOCHRSI(14)
35.095
Sell
MACD(12,26)
0.000
Buy
ADX(14)
42.016
Buy
Williams %R
-36.838
Buy
CCI(14)
74.7187
Buy
ATR(14)
0.0009
Less Volatility
Highs/Lows(14)
0.0000
Neutral
Ultimate Oscillator
44.150
Sell
ROC
0.010
Buy
Bull/Bear Power(13)
0.0016
Buy
Buy: 7
Sell: 3
Neutral: 1


Summary:Strong Buy","Jun 17, 2021 06:11PM GMT"
eur_usd,1.1917 -0.0077    -0.64%,14:12:26,2021-06-17 18:13:10.409120,"Prev. Close: 1.1994
Bid/Ask: 1.1915 / 1.1919
Day's Range: 1.1892 - 1.2007",Strong Sell,"Summary:Strong Sell
Moving Averages:SellBuy (2)Sell (10)
Technical Indicators:Strong SellBuy (0)Sell (10)","Name
S3
S2
S1
Pivot Points
R1
R2
R3
Classic
1.1880
1.1888
1.1902
1.1910
1.1924
1.1932
1.1946
Fibonacci
1.1888
1.1896
1.1902
1.1910
1.1918
1.1924
1.1932
Camarilla
1.1910
1.1912
1.1914
1.1910
1.1918
1.1920
1.1922
Woodie's
1.1882
1.1889
1.1904
1.1911
1.1926
1.1933
1.1948
DeMark's
-
-
1.1906
1.1912
1.1928
-
-","Technical IndicatorsJun 17, 2021 06:11PM GMT
Name
Value
Action
RSI(14)
28.020
Sell
STOCH(9,6)
29.689
Sell
STOCHRSI(14)
100.000
Overbought
MACD(12,26)
-0.004
Sell
ADX(14)
32.688
Sell
Williams %R
-78.603
Sell
CCI(14)
-90.2706
Sell
ATR(14)
0.0022
High Volatility
Highs/Lows(14)
-0.0014
Sell
Ultimate Oscillator
36.621
Sell
ROC
-0.704
Sell
Bull/Bear Power(13)
-0.0027
Sell
Buy: 0
Sell: 10
Neutral: 0


Summary:Strong Sell","Jun 17, 2021 06:11PM GMT"
gbp_usd,1.3928 -0.0060    -0.43%,14:12:42,2021-06-17 18:13:10.412724,"Prev. Close: 1.3987
Bid/Ask: 1.3927 / 1.3928
Day's Range: 1.3896 - 1.4010",Strong Sell,"Summary:Strong Sell
Moving Averages:SellBuy (2)Sell (10)
Technical Indicators:Strong SellBuy (0)Sell (9)","Name
S3
S2
S1
Pivot Points
R1
R2
R3
Classic
1.3876
1.3886
1.3905
1.3915
1.3934
1.3944
1.3963
Fibonacci
1.3886
1.3897
1.3904
1.3915
1.3926
1.3933
1.3944
Camarilla
1.3917
1.3920
1.3922
1.3915
1.3928
1.3930
1.3933
Woodie's
1.3882
1.3889
1.3911
1.3918
1.3940
1.3947
1.3969
DeMark's
-
-
1.3910
1.3918
1.3939
-
-","Technical IndicatorsJun 17, 2021 06:11PM GMT
Name
Value
Action
RSI(14)
36.173
Sell
STOCH(9,6)
30.401
Sell
STOCHRSI(14)
90.740
Overbought
MACD(12,26)
-0.003
Sell
ADX(14)
39.308
Neutral
Williams %R
-72.247
Sell
CCI(14)
-78.8184
Sell
ATR(14)
0.0027
High Volatility
Highs/Lows(14)
-0.0013
Sell
Ultimate Oscillator
37.069
Sell
ROC
-0.507
Sell
Bull/Bear Power(13)
-0.0027
Sell
Buy: 0
Sell: 9
Neutral: 1


Summary:Strong Sell","Jun 17, 2021 06:11PM GMT"
usd_jpy,110.22 -0.47    -0.43%,14:12:40,2021-06-17 18:13:10.415639,"Prev. Close: 110.69
Bid/Ask: 110.20 / 110.23
Day's Range: 110.17 - 110.83",Strong Sell,"Summary:Strong Sell
Moving Averages:SellBuy (4)Sell (8)
Technical Indicators:Strong SellBuy (0)Sell (8)","Name
S3
S2
S1
Pivot Points
R1
R2
R3
Classic
110.03
110.11
110.16
110.24
110.29
110.37
110.41
Fibonacci
110.11
110.16
110.19
110.24
110.29
110.32
110.37
Camarilla
110.18
110.19
110.20
110.24
110.23
110.24
110.25
Woodie's
110.03
110.11
110.16
110.24
110.29
110.37
110.41
DeMark's
-
-
110.14
110.23
110.27
-
-","Technical IndicatorsJun 17, 2021 06:12PM GMT
Name
Value
Action
RSI(14)
39.145
Sell
STOCH(9,6)
19.188
Oversold
STOCHRSI(14)
3.210
Oversold
MACD(12,26)
-0.010
Sell
ADX(14)
35.350
Sell
Williams %R
-91.596
Oversold
CCI(14)
-123.2015
Sell
ATR(14)
0.1318
High Volatility
Highs/Lows(14)
-0.2207
Sell
Ultimate Oscillator
37.943
Sell
ROC
-0.411
Sell
Bull/Bear Power(13)
-0.4200
Sell
Buy: 0
Sell: 8
Neutral: 0


Summary:Strong Sell","Jun 17, 2021 06:12PM GMT"
aud_usd,0.7557 -0.0053    -0.70%,14:12:44,2021-06-17 18:13:10.418498,"Prev. Close: 0.7610
Bid/Ask: 0.7556 / 0.7558
Day's Range: 0.7540 - 0.7646",Strong Sell,"Summary:Strong Sell
Moving Averages:SellBuy (1)Sell (11)
Technical Indicators:Strong SellBuy (1)Sell (8)","Name
S3
S2
S1
Pivot Points
R1
R2
R3
Classic
0.7531
0.7537
0.7548
0.7554
0.7565
0.7571
0.7582
Fibonacci
0.7537
0.7543
0.7548
0.7554
0.7560
0.7565
0.7571
Camarilla
0.7553
0.7555
0.7556
0.7554
0.7560
0.7561
0.7563
Woodie's
0.7533
0.7538
0.7550
0.7555
0.7567
0.7572
0.7584
DeMark's
-
-
0.7551
0.7555
0.7568
-
-","Technical IndicatorsJun 17, 2021 06:12PM GMT
Name
Value
Action
RSI(14)
28.064
Sell
STOCH(9,6)
22.776
Sell
STOCHRSI(14)
55.323
Buy
MACD(12,26)
-0.003
Sell
ADX(14)
42.795
Sell
Williams %R
-82.292
Oversold
CCI(14)
-79.4946
Sell
ATR(14)
0.0018
Less Volatility
Highs/Lows(14)
-0.0018
Sell
Ultimate Oscillator
29.457
Oversold
ROC
-0.957
Sell
Bull/Bear Power(13)
-0.0024
Sell
Buy: 1
Sell: 8
Neutral: 0


Summary:Strong Sell","Jun 17, 2021 06:12PM GMT"
eur_gbp,0.8556 -0.0017    -0.20%,14:12:57,2021-06-17 18:13:10.421331,"Prev. Close: 0.8573
Bid/Ask: 0.8554 / 0.8558
Day's Range: 0.8542 - 0.8580",Strong Sell,"Summary:Strong Sell
Moving Averages:Strong SellBuy (0)Sell (12)
Technical Indicators:Strong SellBuy (1)Sell (6)","Name
S3
S2
S1
Pivot Points
R1
R2
R3
Classic
0.8547
0.8552
0.8555
0.8560
0.8562
0.8568
0.8570
Fibonacci
0.8552
0.8555
0.8557
0.8560
0.8563
0.8565
0.8568
Camarilla
0.8555
0.8556
0.8557
0.8560
0.8558
0.8559
0.8560
Woodie's
0.8547
0.8552
0.8555
0.8560
0.8562
0.8568
0.8570
DeMark's
-
-
0.8554
0.8559
0.8561
-
-","Technical IndicatorsJun 17, 2021 06:12PM GMT
Name
Value
Action
RSI(14)
38.855
Sell
STOCH(9,6)
51.761
Neutral
STOCHRSI(14)
75.470
Overbought
MACD(12,26)
-0.001
Sell
ADX(14)
35.370
Sell
Williams %R
-55.224
Sell
CCI(14)
-42.9246
Neutral
ATR(14)
0.0011
High Volatility
Highs/Lows(14)
0.0000
Neutral
Ultimate Oscillator
54.393
Buy
ROC
-0.198
Sell
Bull/Bear Power(13)
-0.0008
Sell
Buy: 1
Sell: 6
Neutral: 3


Summary:Strong Sell","Jun 17, 2021 06:12PM GMT"
usd_cad,1.2352 +0.0076    +0.61%,14:12:54,2021-06-17 18:13:10.424150,"Prev. Close: 1.2276
Bid/Ask: 1.2351 / 1.2352
Day's Range: 1.2261 - 1.2378",Strong Buy,"Summary:Strong Buy
Moving Averages:BuyBuy (12)Sell (0)
Technical Indicators:Strong BuyBuy (9)Sell (1)","Name
S3
S2
S1
Pivot Points
R1
R2
R3
Classic
1.2321
1.2330
1.2342
1.2351
1.2363
1.2372
1.2384
Fibonacci
1.2330
1.2338
1.2343
1.2351
1.2359
1.2364
1.2372
Camarilla
1.2347
1.2349
1.2351
1.2351
1.2355
1.2357
1.2359
Woodie's
1.2321
1.2330
1.2342
1.2351
1.2363
1.2372
1.2384
DeMark's
-
-
1.2336
1.2348
1.2357
-
-","Technical IndicatorsJun 17, 2021 06:12PM GMT
Name
Value
Action
RSI(14)
70.716
Buy
STOCH(9,6)
66.862
Buy
STOCHRSI(14)
42.550
Sell
MACD(12,26)
0.003
Buy
ADX(14)
33.242
Neutral
Williams %R
-22.318
Buy
CCI(14)
100.5734
Buy
ATR(14)
0.0026
High Volatility
Highs/Lows(14)
0.0019
Buy
Ultimate Oscillator
69.921
Buy
ROC
0.668
Buy
Bull/Bear Power(13)
0.0043
Buy
Buy: 9
Sell: 1
Neutral: 1


Summary:Strong Buy","Jun 17, 2021 06:12PM GMT"
usd_chf,0.9172 +0.0087    +0.96%,14:12:51,2021-06-17 18:13:10.426962,"Prev. Close: 0.9085
Bid/Ask: 0.9170 / 0.9174
Day's Range: 0.9076 - 0.9188",Strong Buy,"Summary:Strong Buy
Moving Averages:BuyBuy (12)Sell (0)
Technical Indicators:Strong BuyBuy (8)Sell (0)","Name
S3
S2
S1
Pivot Points
R1
R2
R3
Classic
0.9150
0.9160
0.9166
0.9176
0.9181
0.9192
0.9197
Fibonacci
0.9160
0.9166
0.9170
0.9176
0.9182
0.9186
0.9192
Camarilla
0.9167
0.9169
0.9170
0.9176
0.9173
0.9174
0.9176
Woodie's
0.9148
0.9159
0.9164
0.9175
0.9179
0.9191
0.9195
DeMark's
-
-
0.9163
0.9175
0.9179
-
-","Technical IndicatorsJun 17, 2021 06:12PM GMT
Name
Value
Action
RSI(14)
75.963
Overbought
STOCH(9,6)
77.598
Buy
STOCHRSI(14)
15.860
Oversold
MACD(12,26)
0.004
Buy
ADX(14)
32.108
Buy
Williams %R
-13.636
Overbought
CCI(14)
92.8541
Buy
ATR(14)
0.0018
High Volatility
Highs/Lows(14)
0.0020
Buy
Ultimate Oscillator
67.677
Buy
ROC
0.980
Buy
Bull/Bear Power(13)
0.0042
Buy
Buy: 8
Sell: 0
Neutral: 0


Summary:Strong Buy","Jun 17, 2021 06:12PM GMT"
nzd_chf,0.6427 +0.0023    +0.36%,14:12:55,2021-06-17 18:13:10.429760,"Prev. Close: 0.6404
Bid/Ask: 0.6424 / 0.6430
Day's Range: 0.6406 - 0.6453",Neutral,"Summary:Neutral
Moving Averages:BuyBuy (9)Sell (3)
Technical Indicators:SellBuy (1)Sell (5)","Name
S3
S2
S1
Pivot Points
R1
R2
R3
Classic
0.6420
0.6422
0.6425
0.6428
0.6431
0.6434
0.6437
Fibonacci
0.6422
0.6425
0.6426
0.6428
0.6430
0.6431
0.6434
Camarilla
0.6426
0.6427
0.6427
0.6428
0.6429
0.6429
0.6430
Woodie's
0.6420
0.6422
0.6425
0.6428
0.6431
0.6434
0.6437
DeMark's
-
-
0.6426
0.6429
0.6432
-
-","Technical IndicatorsJun 17, 2021 06:12PM GMT
Name
Value
Action
RSI(14)
51.167
Neutral
STOCH(9,6)
42.806
Sell
STOCHRSI(14)
45.926
Neutral
MACD(12,26)
0.000
Buy
ADX(14)
25.141
Sell
Williams %R
-54.839
Neutral
CCI(14)
-20.8498
Neutral
ATR(14)
0.0012
Less Volatility
Highs/Lows(14)
0.0000
Neutral
Ultimate Oscillator
48.394
Sell
ROC
-0.186
Sell
Bull/Bear Power(13)
-0.0005
Sell
Buy: 1
Sell: 5
Neutral: 5


Summary:Sell","Jun 17, 2021 06:12PM GMT"
usd_cny,6.4484 +0.0515    +0.80%,11:27:22,2021-06-17 18:13:10.432674,"Prev. Close: 6.3969
Bid/Ask: 6.4477 / 6.4490
Day's Range: 6.3972 - 6.4494",Strong Buy,"Summary:Strong Buy
Moving Averages:BuyBuy (12)Sell (0)
Technical Indicators:Strong BuyBuy (7)Sell (0)","Name
S3
S2
S1
Pivot Points
R1
R2
R3
Classic
6.4380
6.4399
6.4436
6.4455
6.4492
6.4511
6.4548
Fibonacci
6.4399
6.4420
6.4434
6.4455
6.4476
6.4490
6.4511
Camarilla
6.4458
6.4463
6.4468
6.4455
6.4479
6.4484
6.4489
Woodie's
6.4390
6.4404
6.4446
6.4460
6.4502
6.4516
6.4558
DeMark's
-
-
6.4446
6.4460
6.4502
-
-","Technical IndicatorsJun 17, 2021 03:34PM GMT
Name
Value
Action
RSI(14)
85.433
Overbought
STOCH(9,6)
77.649
Buy
STOCHRSI(14)
100.000
Overbought
MACD(12,26)
0.011
Buy
ADX(14)
61.337
Buy
Williams %R
-3.426
Overbought
CCI(14)
151.8010
Buy
ATR(14)
0.0041
Less Volatility
Highs/Lows(14)
0.0141
Buy
Ultimate Oscillator
82.973
Overbought
ROC
0.391
Buy
Bull/Bear Power(13)
0.0286
Buy
Buy: 7
Sell: 0
Neutral: 0


Summary:Strong Buy","Jun 17, 2021 03:34PM GMT"
usd_hkd,7.7648 +0.0018    +0.02%,14:12:42,2021-06-17 18:13:10.435504,"Prev. Close: 7.7630
Bid/Ask: 7.7647 / 7.7648
Day's Range: 7.7625 - 7.7656",Strong Buy,"Summary:Strong Buy
Moving Averages:BuyBuy (12)Sell (0)
Technical Indicators:Strong BuyBuy (7)Sell (3)","Name
S3
S2
S1
Pivot Points
R1
R2
R3
Classic
7.7636
7.7639
7.7643
7.7646
7.7650
7.7653
7.7657
Fibonacci
7.7639
7.7642
7.7643
7.7646
7.7649
7.7650
7.7653
Camarilla
7.7646
7.7646
7.7647
7.7646
7.7648
7.7649
7.7649
Woodie's
7.7636
7.7639
7.7643
7.7646
7.7650
7.7653
7.7657
DeMark's
-
-
7.7644
7.7646
7.7651
-
-","Technical IndicatorsJun 17, 2021 06:13PM GMT
Name
Value
Action
RSI(14)
57.948
Buy
STOCH(9,6)
32.898
Sell
STOCHRSI(14)
35.095
Sell
MACD(12,26)
0.000
Buy
ADX(14)
42.016
Buy
Williams %R
-36.838
Buy
CCI(14)
74.7187
Buy
ATR(14)
0.0009
Less Volatility
Highs/Lows(14)
0.0000
Neutral
Ultimate Oscillator
44.150
Sell
ROC
0.010
Buy
Bull/Bear Power(13)
0.0016
Buy
Buy: 7
Sell: 3
Neutral: 1


Summary:Strong Buy","Jun 17, 2021 06:13PM GMT"
eur_usd,1.1915 -0.0079    -0.66%,14:13:40,2021-06-17 18:14:10.599587,"Prev. Close: 1.1994
Bid/Ask: 1.1913 / 1.1917
Day's Range: 1.1892 - 1.2007",Strong Sell,"Summary:Strong Sell
Moving Averages:Strong SellBuy (0)Sell (12)
Technical Indicators:Strong SellBuy (0)Sell (10)","Name
S3
S2
S1
Pivot Points
R1
R2
R3
Classic
1.1880
1.1888
1.1902
1.1910
1.1924
1.1932
1.1946
Fibonacci
1.1888
1.1896
1.1902
1.1910
1.1918
1.1924
1.1932
Camarilla
1.1910
1.1912
1.1914
1.1910
1.1918
1.1920
1.1922
Woodie's
1.1882
1.1889
1.1904
1.1911
1.1926
1.1933
1.1948
DeMark's
-
-
1.1906
1.1912
1.1928
-
-","Technical IndicatorsJun 17, 2021 06:13PM GMT
Name
Value
Action
RSI(14)
27.673
Sell
STOCH(9,6)
29.416
Sell
STOCHRSI(14)
99.232
Overbought
MACD(12,26)
-0.004
Sell
ADX(14)
32.688
Sell
Williams %R
-79.476
Sell
CCI(14)
-91.1602
Sell
ATR(14)
0.0022
High Volatility
Highs/Lows(14)
-0.0015
Sell
Ultimate Oscillator
36.108
Sell
ROC
-0.712
Sell
Bull/Bear Power(13)
-0.0027
Sell
Buy: 0
Sell: 10
Neutral: 0


Summary:Strong Sell","Jun 17, 2021 06:13PM GMT"
gbp_usd,1.3927 -0.0060    -0.43%,14:13:28,2021-06-17 18:14:10.603201,"Prev. Close: 1.3987
Bid/Ask: 1.3926 / 1.3928
Day's Range: 1.3896 - 1.4010",Strong Sell,"Summary:Strong Sell
Moving Averages:SellBuy (2)Sell (10)
Technical Indicators:Strong SellBuy (0)Sell (9)","Name
S3
S2
S1
Pivot Points
R1
R2
R3
Classic
1.3876
1.3886
1.3905
1.3915
1.3934
1.3944
1.3963
Fibonacci
1.3886
1.3897
1.3904
1.3915
1.3926
1.3933
1.3944
Camarilla
1.3917
1.3920
1.3922
1.3915
1.3928
1.3930
1.3933
Woodie's
1.3882
1.3889
1.3911
1.3918
1.3940
1.3947
1.3969
DeMark's
-
-
1.3910
1.3918
1.3939
-
-","Technical IndicatorsJun 17, 2021 06:13PM GMT
Name
Value
Action
RSI(14)
36.007
Sell
STOCH(9,6)
30.296
Sell
STOCHRSI(14)
89.582
Overbought
MACD(12,26)
-0.003
Sell
ADX(14)
39.308
Neutral
Williams %R
-72.688
Sell
CCI(14)
-79.2093
Sell
ATR(14)
0.0027
High Volatility
Highs/Lows(14)
-0.0014
Sell
Ultimate Oscillator
36.881
Sell
ROC
-0.511
Sell
Bull/Bear Power(13)
-0.0027
Sell
Buy: 0
Sell: 9
Neutral: 1


Summary:Strong Sell","Jun 17, 2021 06:13PM GMT"
usd_jpy,110.22 -0.47    -0.43%,14:13:42,2021-06-17 18:14:10.606195,"Prev. Close: 110.69
Bid/Ask: 110.20 / 110.23
Day's Range: 110.17 - 110.83",Strong Sell,"Summary:Strong Sell
Moving Averages:SellBuy (4)Sell (8)
Technical Indicators:Strong SellBuy (0)Sell (8)","Name
S3
S2
S1
Pivot Points
R1
R2
R3
Classic
110.03
110.11
110.16
110.24
110.29
110.37
110.41
Fibonacci
110.11
110.16
110.19
110.24
110.29
110.32
110.37
Camarilla
110.18
110.19
110.20
110.24
110.23
110.24
110.25
Woodie's
110.03
110.11
110.16
110.24
110.29
110.37
110.41
DeMark's
-
-
110.14
110.23
110.27
-
-","Technical IndicatorsJun 17, 2021 06:13PM GMT
Name
Value
Action
RSI(14)
38.825
Sell
STOCH(9,6)
19.048
Oversold
STOCHRSI(14)
2.044
Oversold
MACD(12,26)
-0.010
Sell
ADX(14)
35.350
Sell
Williams %R
-92.437
Oversold
CCI(14)
-123.7570
Sell
ATR(14)
0.1318
High Volatility
Highs/Lows(14)
-0.2257
Sell
Ultimate Oscillator
37.592
Sell
ROC
-0.416
Sell
Bull/Bear Power(13)
-0.4180
Sell
Buy: 0
Sell: 8
Neutral: 0


Summary:Strong Sell","Jun 17, 2021 06:13PM GMT"
aud_usd,0.7557 -0.0053    -0.70%,14:13:36,2021-06-17 18:14:10.609117,"Prev. Close: 0.7610
Bid/Ask: 0.7556 / 0.7558
Day's Range: 0.7540 - 0.7646",Strong Sell,"Summary:Strong Sell
Moving Averages:Strong SellBuy (0)Sell (12)
Technical Indicators:Strong SellBuy (1)Sell (8)","Name
S3
S2
S1
Pivot Points
R1
R2
R3
Classic
0.7531
0.7537
0.7548
0.7554
0.7565
0.7571
0.7582
Fibonacci
0.7537
0.7543
0.7548
0.7554
0.7560
0.7565
0.7571
Camarilla
0.7553
0.7555
0.7556
0.7554
0.7560
0.7561
0.7563
Woodie's
0.7533
0.7538
0.7550
0.7555
0.7567
0.7572
0.7584
DeMark's
-
-
0.7551
0.7555
0.7568
-
-","Technical IndicatorsJun 17, 2021 06:13PM GMT
Name
Value
Action
RSI(14)
28.190
Sell
STOCH(9,6)
22.918
Sell
STOCHRSI(14)
56.025
Buy
MACD(12,26)
-0.003
Sell
ADX(14)
42.795
Sell
Williams %R
-81.771
Oversold
CCI(14)
-79.0846
Sell
ATR(14)
0.0018
Less Volatility
Highs/Lows(14)
-0.0017
Sell
Ultimate Oscillator
29.753
Oversold
ROC
-0.950
Sell
Bull/Bear Power(13)
-0.0024
Sell
Buy: 1
Sell: 8
Neutral: 0


Summary:Strong Sell","Jun 17, 2021 06:13PM GMT"
eur_gbp,0.8556 -0.0018    -0.20%,14:13:29,2021-06-17 18:14:10.612006,"Prev. Close: 0.8573
Bid/Ask: 0.8555 / 0.8556
Day's Range: 0.8542 - 0.8580",Strong Sell,"Summary:Strong Sell
Moving Averages:Strong SellBuy (0)Sell (12)
Technical Indicators:Strong SellBuy (2)Sell (6)","Name
S3
S2
S1
Pivot Points
R1
R2
R3
Classic
0.8547
0.8552
0.8555
0.8560
0.8562
0.8568
0.8570
Fibonacci
0.8552
0.8555
0.8557
0.8560
0.8563
0.8565
0.8568
Camarilla
0.8555
0.8556
0.8557
0.8560
0.8558
0.8559
0.8560
Woodie's
0.8547
0.8552
0.8555
0.8560
0.8562
0.8568
0.8570
DeMark's
-
-
0.8554
0.8559
0.8561
-
-","Technical IndicatorsJun 17, 2021 06:13PM GMT
Name
Value
Action
RSI(14)
38.498
Sell
STOCH(9,6)
51.452
Neutral
STOCHRSI(14)
73.921
Buy
MACD(12,26)
-0.001
Sell
ADX(14)
35.370
Sell
Williams %R
-56.717
Sell
CCI(14)
-45.1414
Neutral
ATR(14)
0.0011
High Volatility
Highs/Lows(14)
0.0000
Neutral
Ultimate Oscillator
53.923
Buy
ROC
-0.204
Sell
Bull/Bear Power(13)
-0.0008
Sell
Buy: 2
Sell: 6
Neutral: 3


Summary:Strong Sell","Jun 17, 2021 06:13PM GMT"
usd_cad,1.2349 +0.0073    +0.59%,14:13:40,2021-06-17 18:14:10.614912,"Prev. Close: 1.2276
Bid/Ask: 1.2347 / 1.2351
Day's Range: 1.2261 - 1.2378",Strong Buy,"Summary:Strong Buy
Moving Averages:BuyBuy (12)Sell (0)
Technical Indicators:Strong BuyBuy (9)Sell (1)","Name
S3
S2
S1
Pivot Points
R1
R2
R3
Classic
1.2321
1.2330
1.2342
1.2351
1.2363
1.2372
1.2384
Fibonacci
1.2330
1.2338
1.2343
1.2351
1.2359
1.2364
1.2372
Camarilla
1.2347
1.2349
1.2351
1.2351
1.2355
1.2357
1.2359
Woodie's
1.2321
1.2330
1.2342
1.2351
1.2363
1.2372
1.2384
DeMark's
-
-
1.2336
1.2348
1.2357
-
-","Technical IndicatorsJun 17, 2021 06:13PM GMT
Name
Value
Action
RSI(14)
70.227
Buy
STOCH(9,6)
66.660
Buy
STOCHRSI(14)
39.293
Sell
MACD(12,26)
0.003
Buy
ADX(14)
33.242
Neutral
Williams %R
-23.177
Buy
CCI(14)
99.7192
Buy
ATR(14)
0.0026
High Volatility
Highs/Lows(14)
0.0018
Buy
Ultimate Oscillator
69.527
Buy
ROC
0.660
Buy
Bull/Bear Power(13)
0.0043
Buy
Buy: 9
Sell: 1
Neutral: 1


Summary:Strong Buy","Jun 17, 2021 06:13PM GMT"
usd_chf,0.9173 +0.0088    +0.97%,14:13:39,2021-06-17 18:14:10.617780,"Prev. Close: 0.9085
Bid/Ask: 0.9171 / 0.9175
Day's Range: 0.9076 - 0.9188",Strong Buy,"Summary:Strong Buy
Moving Averages:BuyBuy (12)Sell (0)
Technical Indicators:Strong BuyBuy (8)Sell (0)","Name
S3
S2
S1
Pivot Points
R1
R2
R3
Classic
0.9150
0.9160
0.9166
0.9176
0.9181
0.9192
0.9197
Fibonacci
0.9160
0.9166
0.9170
0.9176
0.9182
0.9186
0.9192
Camarilla
0.9167
0.9169
0.9170
0.9176
0.9173
0.9174
0.9176
Woodie's
0.9148
0.9159
0.9164
0.9175
0.9179
0.9191
0.9195
DeMark's
-
-
0.9163
0.9175
0.9179
-
-","Technical IndicatorsJun 17, 2021 06:13PM GMT
Name
Value
Action
RSI(14)
75.963
Overbought
STOCH(9,6)
77.598
Buy
STOCHRSI(14)
15.860
Oversold
MACD(12,26)
0.004
Buy
ADX(14)
32.108
Buy
Williams %R
-13.636
Overbought
CCI(14)
92.8541
Buy
ATR(14)
0.0018
High Volatility
Highs/Lows(14)
0.0020
Buy
Ultimate Oscillator
67.677
Buy
ROC
0.980
Buy
Bull/Bear Power(13)
0.0042
Buy
Buy: 8
Sell: 0
Neutral: 0


Summary:Strong Buy","Jun 17, 2021 06:13PM GMT"
nzd_chf,0.6428 +0.0024    +0.37%,14:13:41,2021-06-17 18:14:10.620637,"Prev. Close: 0.6404
Bid/Ask: 0.6427 / 0.6429
Day's Range: 0.6406 - 0.6453",Neutral,"Summary:Neutral
Moving Averages:BuyBuy (9)Sell (3)
Technical Indicators:SellBuy (1)Sell (5)","Name
S3
S2
S1
Pivot Points
R1
R2
R3
Classic
0.6420
0.6422
0.6425
0.6428
0.6431
0.6434
0.6437
Fibonacci
0.6422
0.6425
0.6426
0.6428
0.6430
0.6431
0.6434
Camarilla
0.6426
0.6427
0.6427
0.6428
0.6429
0.6429
0.6430
Woodie's
0.6420
0.6422
0.6425
0.6428
0.6431
0.6434
0.6437
DeMark's
-
-
0.6426
0.6429
0.6432
-
-","Technical IndicatorsJun 17, 2021 06:12PM GMT
Name
Value
Action
RSI(14)
51.167
Neutral
STOCH(9,6)
42.806
Sell
STOCHRSI(14)
45.926
Neutral
MACD(12,26)
0.000
Buy
ADX(14)
25.141
Sell
Williams %R
-54.839
Neutral
CCI(14)
-20.8498
Neutral
ATR(14)
0.0012
Less Volatility
Highs/Lows(14)
0.0000
Neutral
Ultimate Oscillator
48.394
Sell
ROC
-0.186
Sell
Bull/Bear Power(13)
-0.0005
Sell
Buy: 1
Sell: 5
Neutral: 5


Summary:Sell","Jun 17, 2021 06:12PM GMT"
usd_cny,6.4484 +0.0515    +0.80%,11:27:22,2021-06-17 18:14:10.623492,"Prev. Close: 6.3969
Bid/Ask: 6.4477 / 6.4490
Day's Range: 6.3972 - 6.4494",Strong Buy,"Summary:Strong Buy
Moving Averages:BuyBuy (12)Sell (0)
Technical Indicators:Strong BuyBuy (7)Sell (0)","Name
S3
S2
S1
Pivot Points
R1
R2
R3
Classic
6.4380
6.4399
6.4436
6.4455
6.4492
6.4511
6.4548
Fibonacci
6.4399
6.4420
6.4434
6.4455
6.4476
6.4490
6.4511
Camarilla
6.4458
6.4463
6.4468
6.4455
6.4479
6.4484
6.4489
Woodie's
6.4390
6.4404
6.4446
6.4460
6.4502
6.4516
6.4558
DeMark's
-
-
6.4446
6.4460
6.4502
-
-","Technical IndicatorsJun 17, 2021 03:34PM GMT
Name
Value
Action
RSI(14)
85.433
Overbought
STOCH(9,6)
77.649
Buy
STOCHRSI(14)
100.000
Overbought
MACD(12,26)
0.011
Buy
ADX(14)
61.337
Buy
Williams %R
-3.426
Overbought
CCI(14)
151.8010
Buy
ATR(14)
0.0041
Less Volatility
Highs/Lows(14)
0.0141
Buy
Ultimate Oscillator
82.973
Overbought
ROC
0.391
Buy
Bull/Bear Power(13)
0.0286
Buy
Buy: 7
Sell: 0
Neutral: 0


Summary:Strong Buy","Jun 17, 2021 03:34PM GMT"
usd_hkd,7.7649 +0.0019    +0.02%,14:13:28,2021-06-17 18:14:10.626294,"Prev. Close: 7.7630
Bid/Ask: 7.7648 / 7.7649
Day's Range: 7.7625 - 7.7656",Strong Buy,"Summary:Strong Buy
Moving Averages:BuyBuy (12)Sell (0)
Technical Indicators:Strong BuyBuy (7)Sell (3)","Name
S3
S2
S1
Pivot Points
R1
R2
R3
Classic
7.7636
7.7639
7.7643
7.7646
7.7650
7.7653
7.7657
Fibonacci
7.7639
7.7642
7.7643
7.7646
7.7649
7.7650
7.7653
Camarilla
7.7646
7.7646
7.7647
7.7646
7.7648
7.7649
7.7649
Woodie's
7.7636
7.7639
7.7643
7.7646
7.7650
7.7653
7.7657
DeMark's
-
-
7.7644
7.7646
7.7651
-
-","Technical IndicatorsJun 17, 2021 06:13PM GMT
Name
Value
Action
RSI(14)
57.948
Buy
STOCH(9,6)
32.898
Sell
STOCHRSI(14)
35.095
Sell
MACD(12,26)
0.000
Buy
ADX(14)
42.016
Buy
Williams %R
-36.838
Buy
CCI(14)
74.7187
Buy
ATR(14)
0.0009
Less Volatility
Highs/Lows(14)
0.0000
Neutral
Ultimate Oscillator
44.150
Sell
ROC
0.010
Buy
Bull/Bear Power(13)
0.0016
Buy
Buy: 7
Sell: 3
Neutral: 1


Summary:Strong Buy","Jun 17, 2021 06:13PM GMT"
eur_usd,1.1916 -0.0078    -0.65%,14:14:54,2021-06-17 18:15:10.767533,"Prev. Close: 1.1994
Bid/Ask: 1.1914 / 1.1918
Day's Range: 1.1892 - 1.2007",Strong Sell,"Summary:Strong Sell
Moving Averages:Strong SellBuy (0)Sell (12)
Technical Indicators:Strong SellBuy (0)Sell (10)","Name
S3
S2
S1
Pivot Points
R1
R2
R3
Classic
1.1880
1.1888
1.1902
1.1910
1.1924
1.1932
1.1946
Fibonacci
1.1888
1.1896
1.1902
1.1910
1.1918
1.1924
1.1932
Camarilla
1.1910
1.1912
1.1914
1.1910
1.1918
1.1920
1.1922
Woodie's
1.1882
1.1889
1.1904
1.1911
1.1926
1.1933
1.1948
DeMark's
-
-
1.1906
1.1912
1.1928
-
-","Technical IndicatorsJun 17, 2021 06:13PM GMT
Name
Value
Action
RSI(14)
27.673
Sell
STOCH(9,6)
29.416
Sell
STOCHRSI(14)
99.232
Overbought
MACD(12,26)
-0.004
Sell
ADX(14)
32.688
Sell
Williams %R
-79.476
Sell
CCI(14)
-91.1602
Sell
ATR(14)
0.0022
High Volatility
Highs/Lows(14)
-0.0015
Sell
Ultimate Oscillator
36.108
Sell
ROC
-0.712
Sell
Bull/Bear Power(13)
-0.0027
Sell
Buy: 0
Sell: 10
Neutral: 0


Summary:Strong Sell","Jun 17, 2021 06:13PM GMT"
gbp_usd,1.3928 -0.0060    -0.43%,14:14:48,2021-06-17 18:15:10.771178,"Prev. Close: 1.3987
Bid/Ask: 1.3927 / 1.3928
Day's Range: 1.3896 - 1.4010",Strong Sell,"Summary:Strong Sell
Moving Averages:SellBuy (2)Sell (10)
Technical Indicators:Strong SellBuy (0)Sell (9)","Name
S3
S2
S1
Pivot Points
R1
R2
R3
Classic
1.3876
1.3886
1.3905
1.3915
1.3934
1.3944
1.3963
Fibonacci
1.3886
1.3897
1.3904
1.3915
1.3926
1.3933
1.3944
Camarilla
1.3917
1.3920
1.3922
1.3915
1.3928
1.3930
1.3933
Woodie's
1.3882
1.3889
1.3911
1.3918
1.3940
1.3947
1.3969
DeMark's
-
-
1.3910
1.3918
1.3939
-
-","Technical IndicatorsJun 17, 2021 06:13PM GMT
Name
Value
Action
RSI(14)
36.007
Sell
STOCH(9,6)
30.296
Sell
STOCHRSI(14)
89.582
Overbought
MACD(12,26)
-0.003
Sell
ADX(14)
39.308
Neutral
Williams %R
-72.688
Sell
CCI(14)
-79.2093
Sell
ATR(14)
0.0027
High Volatility
Highs/Lows(14)
-0.0014
Sell
Ultimate Oscillator
36.881
Sell
ROC
-0.511
Sell
Bull/Bear Power(13)
-0.0027
Sell
Buy: 0
Sell: 9
Neutral: 1


Summary:Strong Sell","Jun 17, 2021 06:13PM GMT"
usd_jpy,110.22 -0.47    -0.43%,14:14:39,2021-06-17 18:15:10.774214,"Prev. Close: 110.69
Bid/Ask: 110.20 / 110.23
Day's Range: 110.17 - 110.83",Strong Sell,"Summary:Strong Sell
Moving Averages:SellBuy (4)Sell (8)
Technical Indicators:Strong SellBuy (0)Sell (8)","Name
S3
S2
S1
Pivot Points
R1
R2
R3
Classic
110.03
110.11
110.16
110.24
110.29
110.37
110.41
Fibonacci
110.11
110.16
110.19
110.24
110.29
110.32
110.37
Camarilla
110.18
110.19
110.20
110.24
110.23
110.24
110.25
Woodie's
110.03
110.11
110.16
110.24
110.29
110.37
110.41
DeMark's
-
-
110.14
110.23
110.27
-
-","Technical IndicatorsJun 17, 2021 06:13PM GMT
Name
Value
Action
RSI(14)
38.825
Sell
STOCH(9,6)
19.048
Oversold
STOCHRSI(14)
2.044
Oversold
MACD(12,26)
-0.010
Sell
ADX(14)
35.350
Sell
Williams %R
-92.437
Oversold
CCI(14)
-123.7570
Sell
ATR(14)
0.1318
High Volatility
Highs/Lows(14)
-0.2257
Sell
Ultimate Oscillator
37.592
Sell
ROC
-0.416
Sell
Bull/Bear Power(13)
-0.4180
Sell
Buy: 0
Sell: 8
Neutral: 0


Summary:Strong Sell","Jun 17, 2021 06:13PM GMT"
aud_usd,0.7557 -0.0053    -0.70%,14:14:49,2021-06-17 18:15:10.777256,"Prev. Close: 0.7610
Bid/Ask: 0.7556 / 0.7557
Day's Range: 0.7540 - 0.7646",Strong Sell,"Summary:Strong Sell
Moving Averages:Strong SellBuy (0)Sell (12)
Technical Indicators:Strong SellBuy (1)Sell (8)","Name
S3
S2
S1
Pivot Points
R1
R2
R3
Classic
0.7531
0.7537
0.7548
0.7554
0.7565
0.7571
0.7582
Fibonacci
0.7537
0.7543
0.7548
0.7554
0.7560
0.7565
0.7571
Camarilla
0.7553
0.7555
0.7556
0.7554
0.7560
0.7561
0.7563
Woodie's
0.7533
0.7538
0.7550
0.7555
0.7567
0.7572
0.7584
DeMark's
-
-
0.7551
0.7555
0.7568
-
-","Technical IndicatorsJun 17, 2021 06:13PM GMT
Name
Value
Action
RSI(14)
28.190
Sell
STOCH(9,6)
22.918
Sell
STOCHRSI(14)
56.025
Buy
MACD(12,26)
-0.003
Sell
ADX(14)
42.795
Sell
Williams %R
-81.771
Oversold
CCI(14)
-79.0846
Sell
ATR(14)
0.0018
Less Volatility
Highs/Lows(14)
-0.0017
Sell
Ultimate Oscillator
29.753
Oversold
ROC
-0.950
Sell
Bull/Bear Power(13)
-0.0024
Sell
Buy: 1
Sell: 8
Neutral: 0


Summary:Strong Sell","Jun 17, 2021 06:13PM GMT"
eur_gbp,0.8556 -0.0018    -0.20%,14:14:53,2021-06-17 18:15:10.780216,"Prev. Close: 0.8573
Bid/Ask: 0.8554 / 0.8557
Day's Range: 0.8542 - 0.8580",Strong Sell,"Summary:Strong Sell
Moving Averages:Strong SellBuy (0)Sell (12)
Technical Indicators:Strong SellBuy (2)Sell (6)","Name
S3
S2
S1
Pivot Points
R1
R2
R3
Classic
0.8547
0.8552
0.8555
0.8560
0.8562
0.8568
0.8570
Fibonacci
0.8552
0.8555
0.8557
0.8560
0.8563
0.8565
0.8568
Camarilla
0.8555
0.8556
0.8557
0.8560
0.8558
0.8559
0.8560
Woodie's
0.8547
0.8552
0.8555
0.8560
0.8562
0.8568
0.8570
DeMark's
-
-
0.8554
0.8559
0.8561
-
-","Technical IndicatorsJun 17, 2021 06:13PM GMT
Name
Value
Action
RSI(14)
38.498
Sell
STOCH(9,6)
51.452
Neutral
STOCHRSI(14)
73.921
Buy
MACD(12,26)
-0.001
Sell
ADX(14)
35.370
Sell
Williams %R
-56.717
Sell
CCI(14)
-45.1414
Neutral
ATR(14)
0.0011
High Volatility
Highs/Lows(14)
0.0000
Neutral
Ultimate Oscillator
53.923
Buy
ROC
-0.204
Sell
Bull/Bear Power(13)
-0.0008
Sell
Buy: 2
Sell: 6
Neutral: 3


Summary:Strong Sell","Jun 17, 2021 06:13PM GMT"
usd_cad,1.2351 +0.0075    +0.61%,14:14:50,2021-06-17 18:15:10.783240,"Prev. Close: 1.2276
Bid/Ask: 1.2350 / 1.2351
Day's Range: 1.2261 - 1.2378",Strong Buy,"Summary:Strong Buy
Moving Averages:BuyBuy (12)Sell (0)
Technical Indicators:Strong BuyBuy (9)Sell (1)","Name
S3
S2
S1
Pivot Points
R1
R2
R3
Classic
1.2321
1.2330
1.2342
1.2351
1.2363
1.2372
1.2384
Fibonacci
1.2330
1.2338
1.2343
1.2351
1.2359
1.2364
1.2372
Camarilla
1.2347
1.2349
1.2351
1.2351
1.2355
1.2357
1.2359
Woodie's
1.2321
1.2330
1.2342
1.2351
1.2363
1.2372
1.2384
DeMark's
-
-
1.2336
1.2348
1.2357
-
-","Technical IndicatorsJun 17, 2021 06:13PM GMT
Name
Value
Action
RSI(14)
70.227
Buy
STOCH(9,6)
66.660
Buy
STOCHRSI(14)
39.293
Sell
MACD(12,26)
0.003
Buy
ADX(14)
33.242
Neutral
Williams %R
-23.177
Buy
CCI(14)
99.7192
Buy
ATR(14)
0.0026
High Volatility
Highs/Lows(14)
0.0018
Buy
Ultimate Oscillator
69.527
Buy
ROC
0.660
Buy
Bull/Bear Power(13)
0.0043
Buy
Buy: 9
Sell: 1
Neutral: 1


Summary:Strong Buy","Jun 17, 2021 06:13PM GMT"
usd_chf,0.9172 +0.0086    +0.95%,14:14:55,2021-06-17 18:15:10.786097,"Prev. Close: 0.9085
Bid/Ask: 0.9171 / 0.9172
Day's Range: 0.9076 - 0.9188",Strong Buy,"Summary:Strong Buy
Moving Averages:BuyBuy (12)Sell (0)
Technical Indicators:Strong BuyBuy (8)Sell (0)","Name
S3
S2
S1
Pivot Points
R1
R2
R3
Classic
0.9150
0.9160
0.9166
0.9176
0.9181
0.9192
0.9197
Fibonacci
0.9160
0.9166
0.9170
0.9176
0.9182
0.9186
0.9192
Camarilla
0.9167
0.9169
0.9170
0.9176
0.9173
0.9174
0.9176
Woodie's
0.9148
0.9159
0.9164
0.9175
0.9179
0.9191
0.9195
DeMark's
-
-
0.9163
0.9175
0.9179
-
-","Technical IndicatorsJun 17, 2021 06:13PM GMT
Name
Value
Action
RSI(14)
75.963
Overbought
STOCH(9,6)
77.598
Buy
STOCHRSI(14)
15.860
Oversold
MACD(12,26)
0.004
Buy
ADX(14)
32.108
Buy
Williams %R
-13.636
Overbought
CCI(14)
92.8541
Buy
ATR(14)
0.0018
High Volatility
Highs/Lows(14)
0.0020
Buy
Ultimate Oscillator
67.677
Buy
ROC
0.980
Buy
Bull/Bear Power(13)
0.0042
Buy
Buy: 8
Sell: 0
Neutral: 0


Summary:Strong Buy","Jun 17, 2021 06:13PM GMT"
nzd_chf,0.6428 +0.0024    +0.37%,14:14:55,2021-06-17 18:15:10.788957,"Prev. Close: 0.6404
Bid/Ask: 0.6426 / 0.6429
Day's Range: 0.6406 - 0.6453",Neutral,"Summary:Neutral
Moving Averages:BuyBuy (9)Sell (3)
Technical Indicators:SellBuy (1)Sell (5)","Name
S3
S2
S1
Pivot Points
R1
R2
R3
Classic
0.6420
0.6422
0.6425
0.6428
0.6431
0.6434
0.6437
Fibonacci
0.6422
0.6425
0.6426
0.6428
0.6430
0.6431
0.6434
Camarilla
0.6426
0.6427
0.6427
0.6428
0.6429
0.6429
0.6430
Woodie's
0.6420
0.6422
0.6425
0.6428
0.6431
0.6434
0.6437
DeMark's
-
-
0.6426
0.6429
0.6432
-
-","Technical IndicatorsJun 17, 2021 06:14PM GMT
Name
Value
Action
RSI(14)
51.526
Neutral
STOCH(9,6)
43.026
Sell
STOCHRSI(14)
47.302
Neutral
MACD(12,26)
0.000
Buy
ADX(14)
25.141
Sell
Williams %R
-53.763
Neutral
CCI(14)
-18.4450
Neutral
ATR(14)
0.0012
Less Volatility
Highs/Lows(14)
0.0000
Neutral
Ultimate Oscillator
48.633
Sell
ROC
-0.179
Sell
Bull/Bear Power(13)
-0.0005
Sell
Buy: 1
Sell: 5
Neutral: 5


Summary:Sell","Jun 17, 2021 06:14PM GMT"
usd_cny,6.4484 +0.0515    +0.80%,11:27:22,2021-06-17 18:15:10.791802,"Prev. Close: 6.3969
Bid/Ask: 6.4477 / 6.4490
Day's Range: 6.3972 - 6.4494",Strong Buy,"Summary:Strong Buy
Moving Averages:BuyBuy (12)Sell (0)
Technical Indicators:Strong BuyBuy (7)Sell (0)","Name
S3
S2
S1
Pivot Points
R1
R2
R3
Classic
6.4380
6.4399
6.4436
6.4455
6.4492
6.4511
6.4548
Fibonacci
6.4399
6.4420
6.4434
6.4455
6.4476
6.4490
6.4511
Camarilla
6.4458
6.4463
6.4468
6.4455
6.4479
6.4484
6.4489
Woodie's
6.4390
6.4404
6.4446
6.4460
6.4502
6.4516
6.4558
DeMark's
-
-
6.4446
6.4460
6.4502
-
-","Technical IndicatorsJun 17, 2021 03:34PM GMT
Name
Value
Action
RSI(14)
85.433
Overbought
STOCH(9,6)
77.649
Buy
STOCHRSI(14)
100.000
Overbought
MACD(12,26)
0.011
Buy
ADX(14)
61.337
Buy
Williams %R
-3.426
Overbought
CCI(14)
151.8010
Buy
ATR(14)
0.0041
Less Volatility
Highs/Lows(14)
0.0141
Buy
Ultimate Oscillator
82.973
Overbought
ROC
0.391
Buy
Bull/Bear Power(13)
0.0286
Buy
Buy: 7
Sell: 0
Neutral: 0


Summary:Strong Buy","Jun 17, 2021 03:34PM GMT"
usd_hkd,7.7648 +0.0018    +0.02%,14:14:48,2021-06-17 18:15:10.794640,"Prev. Close: 7.7630
Bid/Ask: 7.7647 / 7.7648
Day's Range: 7.7625 - 7.7656",Strong Buy,"Summary:Strong Buy
Moving Averages:BuyBuy (12)Sell (0)
Technical Indicators:Strong BuyBuy (7)Sell (3)","Name
S3
S2
S1
Pivot Points
R1
R2
R3
Classic
7.7636
7.7639
7.7643
7.7646
7.7650
7.7653
7.7657
Fibonacci
7.7639
7.7642
7.7643
7.7646
7.7649
7.7650
7.7653
Camarilla
7.7646
7.7646
7.7647
7.7646
7.7648
7.7649
7.7649
Woodie's
7.7636
7.7639
7.7643
7.7646
7.7650
7.7653
7.7657
DeMark's
-
-
7.7644
7.7646
7.7651
-
-","Technical IndicatorsJun 17, 2021 06:15PM GMT
Name
Value
Action
RSI(14)
57.948
Buy
STOCH(9,6)
32.898
Sell
STOCHRSI(14)
35.095
Sell
MACD(12,26)
0.000
Buy
ADX(14)
42.016
Buy
Williams %R
-36.838
Buy
CCI(14)
74.7187
Buy
ATR(14)
0.0009
Less Volatility
Highs/Lows(14)
0.0000
Neutral
Ultimate Oscillator
44.150
Sell
ROC
0.010
Buy
Bull/Bear Power(13)
0.0016
Buy
Buy: 7
Sell: 3
Neutral: 1


Summary:Strong Buy","Jun 17, 2021 06:15PM GMT"
eur_usd,1.1917 -0.0077    -0.65%,14:15:42,2021-06-17 18:16:10.395606,"Prev. Close: 1.1994
Bid/Ask: 1.1916 / 1.1917
Day's Range: 1.1892 - 1.2007",Strong Sell,"Summary:Strong Sell
Moving Averages:SellBuy (2)Sell (10)
Technical Indicators:Strong SellBuy (0)Sell (10)","Name
S3
S2
S1
Pivot Points
R1
R2
R3
Classic
1.1880
1.1888
1.1902
1.1910
1.1924
1.1932
1.1946
Fibonacci
1.1888
1.1896
1.1902
1.1910
1.1918
1.1924
1.1932
Camarilla
1.1910
1.1912
1.1914
1.1910
1.1918
1.1920
1.1922
Woodie's
1.1882
1.1889
1.1904
1.1911
1.1926
1.1933
1.1948
DeMark's
-
-
1.1906
1.1912
1.1928
-
-","Technical IndicatorsJun 17, 2021 06:15PM GMT
Name
Value
Action
RSI(14)
28.020
Sell
STOCH(9,6)
29.689
Sell
STOCHRSI(14)
100.000
Overbought
MACD(12,26)
-0.004
Sell
ADX(14)
32.688
Sell
Williams %R
-78.603
Sell
CCI(14)
-90.2706
Sell
ATR(14)
0.0022
High Volatility
Highs/Lows(14)
-0.0014
Sell
Ultimate Oscillator
36.621
Sell
ROC
-0.704
Sell
Bull/Bear Power(13)
-0.0027
Sell
Buy: 0
Sell: 10
Neutral: 0


Summary:Strong Sell","Jun 17, 2021 06:15PM GMT"
gbp_usd,1.3927 -0.0060    -0.43%,14:15:28,2021-06-17 18:16:10.399209,"Prev. Close: 1.3987
Bid/Ask: 1.3925 / 1.3928
Day's Range: 1.3896 - 1.4010",Strong Sell,"Summary:Strong Sell
Moving Averages:SellBuy (2)Sell (10)
Technical Indicators:Strong SellBuy (0)Sell (9)","Name
S3
S2
S1
Pivot Points
R1
R2
R3
Classic
1.3876
1.3886
1.3905
1.3915
1.3934
1.3944
1.3963
Fibonacci
1.3886
1.3897
1.3904
1.3915
1.3926
1.3933
1.3944
Camarilla
1.3917
1.3920
1.3922
1.3915
1.3928
1.3930
1.3933
Woodie's
1.3882
1.3889
1.3911
1.3918
1.3940
1.3947
1.3969
DeMark's
-
-
1.3910
1.3918
1.3939
-
-","Technical IndicatorsJun 17, 2021 06:15PM GMT
Name
Value
Action
RSI(14)
36.337
Sell
STOCH(9,6)
30.505
Sell
STOCHRSI(14)
91.883
Overbought
MACD(12,26)
-0.003
Sell
ADX(14)
39.308
Neutral
Williams %R
-71.807
Sell
CCI(14)
-78.4281
Sell
ATR(14)
0.0027
High Volatility
Highs/Lows(14)
-0.0013
Sell
Ultimate Oscillator
37.257
Sell
ROC
-0.504
Sell
Bull/Bear Power(13)
-0.0027
Sell
Buy: 0
Sell: 9
Neutral: 1


Summary:Strong Sell","Jun 17, 2021 06:15PM GMT"
usd_jpy,110.23 -0.47    -0.42%,14:15:39,2021-06-17 18:16:10.402150,"Prev. Close: 110.69
Bid/Ask: 110.21 / 110.24
Day's Range: 110.17 - 110.83",Strong Sell,"Summary:Strong Sell
Moving Averages:SellBuy (4)Sell (8)
Technical Indicators:Strong SellBuy (0)Sell (8)","Name
S3
S2
S1
Pivot Points
R1
R2
R3
Classic
110.03
110.11
110.16
110.24
110.29
110.37
110.41
Fibonacci
110.11
110.16
110.19
110.24
110.29
110.32
110.37
Camarilla
110.18
110.19
110.20
110.24
110.23
110.24
110.25
Woodie's
110.03
110.11
110.16
110.24
110.29
110.37
110.41
DeMark's
-
-
110.14
110.23
110.27
-
-","Technical IndicatorsJun 17, 2021 06:15PM GMT
Name
Value
Action
RSI(14)
39.774
Sell
STOCH(9,6)
19.468
Oversold
STOCHRSI(14)
5.501
Oversold
MACD(12,26)
-0.010
Sell
ADX(14)
35.350
Sell
Williams %R
-89.915
Oversold
CCI(14)
-121.5313
Sell
ATR(14)
0.1321
High Volatility
Highs/Lows(14)
-0.2107
Sell
Ultimate Oscillator
38.514
Sell
ROC
-0.402
Sell
Bull/Bear Power(13)
-0.4170
Sell
Buy: 0
Sell: 8
Neutral: 0


Summary:Strong Sell","Jun 17, 2021 06:15PM GMT"
aud_usd,0.7556 -0.0054    -0.71%,14:15:35,2021-06-17 18:16:10.405037,"Prev. Close: 0.7610
Bid/Ask: 0.7555 / 0.7557
Day's Range: 0.7540 - 0.7646",Strong Sell,"Summary:Strong Sell
Moving Averages:Strong SellBuy (0)Sell (12)
Technical Indicators:Strong SellBuy (0)Sell (8)","Name
S3
S2
S1
Pivot Points
R1
R2
R3
Classic
0.7531
0.7537
0.7548
0.7554
0.7565
0.7571
0.7582
Fibonacci
0.7537
0.7543
0.7548
0.7554
0.7560
0.7565
0.7571
Camarilla
0.7553
0.7555
0.7556
0.7554
0.7560
0.7561
0.7563
Woodie's
0.7533
0.7538
0.7550
0.7555
0.7567
0.7572
0.7584
DeMark's
-
-
0.7551
0.7555
0.7568
-
-","Technical IndicatorsJun 17, 2021 06:15PM GMT
Name
Value
Action
RSI(14)
27.693
Sell
STOCH(9,6)
22.348
Sell
STOCHRSI(14)
53.256
Neutral
MACD(12,26)
-0.003
Sell
ADX(14)
42.795
Sell
Williams %R
-83.854
Oversold
CCI(14)
-80.7217
Sell
ATR(14)
0.0018
Less Volatility
Highs/Lows(14)
-0.0019
Sell
Ultimate Oscillator
28.567
Oversold
ROC
-0.976
Sell
Bull/Bear Power(13)
-0.0024
Sell
Buy: 0
Sell: 8
Neutral: 1


Summary:Strong Sell","Jun 17, 2021 06:15PM GMT"
eur_gbp,0.8557 -0.0016    -0.19%,14:15:42,2021-06-17 18:16:10.407913,"Prev. Close: 0.8573
Bid/Ask: 0.8555 / 0.8558
Day's Range: 0.8542 - 0.8580",Strong Sell,"Summary:Strong Sell
Moving Averages:Strong SellBuy (0)Sell (12)
Technical Indicators:Strong SellBuy (1)Sell (6)","Name
S3
S2
S1
Pivot Points
R1
R2
R3
Classic
0.8547
0.8552
0.8555
0.8560
0.8562
0.8568
0.8570
Fibonacci
0.8552
0.8555
0.8557
0.8560
0.8563
0.8565
0.8568
Camarilla
0.8555
0.8556
0.8557
0.8560
0.8558
0.8559
0.8560
Woodie's
0.8547
0.8552
0.8555
0.8560
0.8562
0.8568
0.8570
DeMark's
-
-
0.8554
0.8559
0.8561
-
-","Technical IndicatorsJun 17, 2021 06:15PM GMT
Name
Value
Action
RSI(14)
38.855
Sell
STOCH(9,6)
51.761
Neutral
STOCHRSI(14)
75.470
Overbought
MACD(12,26)
-0.001
Sell
ADX(14)
35.370
Sell
Williams %R
-55.224
Sell
CCI(14)
-42.9246
Neutral
ATR(14)
0.0011
High Volatility
Highs/Lows(14)
0.0000
Neutral
Ultimate Oscillator
54.393
Buy
ROC
-0.198
Sell
Bull/Bear Power(13)
-0.0008
Sell
Buy: 1
Sell: 6
Neutral: 3


Summary:Strong Sell","Jun 17, 2021 06:15PM GMT"
usd_cad,1.2350 +0.0073    +0.60%,14:15:44,2021-06-17 18:16:10.410767,"Prev. Close: 1.2276
Bid/Ask: 1.2349 / 1.2350
Day's Range: 1.2261 - 1.2378",Strong Buy,"Summary:Strong Buy
Moving Averages:BuyBuy (11)Sell (1)
Technical Indicators:Strong BuyBuy (9)Sell (1)","Name
S3
S2
S1
Pivot Points
R1
R2
R3
Classic
1.2321
1.2330
1.2342
1.2351
1.2363
1.2372
1.2384
Fibonacci
1.2330
1.2338
1.2343
1.2351
1.2359
1.2364
1.2372
Camarilla
1.2347
1.2349
1.2351
1.2351
1.2355
1.2357
1.2359
Woodie's
1.2321
1.2330
1.2342
1.2351
1.2363
1.2372
1.2384
DeMark's
-
-
1.2336
1.2348
1.2357
-
-","Technical IndicatorsJun 17, 2021 06:15PM GMT
Name
Value
Action
RSI(14)
69.036
Buy
STOCH(9,6)
66.155
Buy
STOCHRSI(14)
31.359
Sell
MACD(12,26)
0.003
Buy
ADX(14)
33.242
Neutral
Williams %R
-25.322
Buy
CCI(14)
96.7162
Buy
ATR(14)
0.0026
High Volatility
Highs/Lows(14)
0.0015
Buy
Ultimate Oscillator
68.669
Buy
ROC
0.640
Buy
Bull/Bear Power(13)
0.0041
Buy
Buy: 9
Sell: 1
Neutral: 1


Summary:Strong Buy","Jun 17, 2021 06:15PM GMT"
usd_chf,0.9172 +0.0086    +0.95%,14:15:42,2021-06-17 18:16:10.413591,"Prev. Close: 0.9085
Bid/Ask: 0.9171 / 0.9172
Day's Range: 0.9076 - 0.9188",Strong Buy,"Summary:Strong Buy
Moving Averages:BuyBuy (12)Sell (0)
Technical Indicators:Strong BuyBuy (8)Sell (0)","Name
S3
S2
S1
Pivot Points
R1
R2
R3
Classic
0.9150
0.9160
0.9166
0.9176
0.9181
0.9192
0.9197
Fibonacci
0.9160
0.9166
0.9170
0.9176
0.9182
0.9186
0.9192
Camarilla
0.9167
0.9169
0.9170
0.9176
0.9173
0.9174
0.9176
Woodie's
0.9148
0.9159
0.9164
0.9175
0.9179
0.9191
0.9195
DeMark's
-
-
0.9163
0.9175
0.9179
-
-","Technical IndicatorsJun 17, 2021 06:15PM GMT
Name
Value
Action
RSI(14)
75.352
Overbought
STOCH(9,6)
76.981
Buy
STOCHRSI(14)
11.190
Oversold
MACD(12,26)
0.004
Buy
ADX(14)
32.108
Buy
Williams %R
-15.454
Overbought
CCI(14)
91.1738
Buy
ATR(14)
0.0018
High Volatility
Highs/Lows(14)
0.0018
Buy
Ultimate Oscillator
66.446
Buy
ROC
0.958
Buy
Bull/Bear Power(13)
0.0042
Buy
Buy: 8
Sell: 0
Neutral: 0


Summary:Strong Buy","Jun 17, 2021 06:15PM GMT"
nzd_chf,0.6427 +0.0023    +0.36%,14:15:42,2021-06-17 18:16:10.416459,"Prev. Close: 0.6404
Bid/Ask: 0.6426 / 0.6428
Day's Range: 0.6406 - 0.6453",Neutral,"Summary:Neutral
Moving Averages:BuyBuy (9)Sell (3)
Technical Indicators:SellBuy (1)Sell (5)","Name
S3
S2
S1
Pivot Points
R1
R2
R3
Classic
0.6420
0.6422
0.6425
0.6428
0.6431
0.6434
0.6437
Fibonacci
0.6422
0.6425
0.6426
0.6428
0.6430
0.6431
0.6434
Camarilla
0.6426
0.6427
0.6427
0.6428
0.6429
0.6429
0.6430
Woodie's
0.6420
0.6422
0.6425
0.6428
0.6431
0.6434
0.6437
DeMark's
-
-
0.6426
0.6429
0.6432
-
-","Technical IndicatorsJun 17, 2021 06:14PM GMT
Name
Value
Action
RSI(14)
51.526
Neutral
STOCH(9,6)
43.026
Sell
STOCHRSI(14)
47.302
Neutral
MACD(12,26)
0.000
Buy
ADX(14)
25.141
Sell
Williams %R
-53.763
Neutral
CCI(14)
-18.4450
Neutral
ATR(14)
0.0012
Less Volatility
Highs/Lows(14)
0.0000
Neutral
Ultimate Oscillator
48.633
Sell
ROC
-0.179
Sell
Bull/Bear Power(13)
-0.0005
Sell
Buy: 1
Sell: 5
Neutral: 5


Summary:Sell","Jun 17, 2021 06:14PM GMT"
usd_cny,6.4484 +0.0515    +0.80%,11:27:22,2021-06-17 18:16:10.419359,"Prev. Close: 6.3969
Bid/Ask: 6.4477 / 6.4490
Day's Range: 6.3972 - 6.4494",Strong Buy,"Summary:Strong Buy
Moving Averages:BuyBuy (12)Sell (0)
Technical Indicators:Strong BuyBuy (7)Sell (0)","Name
S3
S2
S1
Pivot Points
R1
R2
R3
Classic
6.4380
6.4399
6.4436
6.4455
6.4492
6.4511
6.4548
Fibonacci
6.4399
6.4420
6.4434
6.4455
6.4476
6.4490
6.4511
Camarilla
6.4458
6.4463
6.4468
6.4455
6.4479
6.4484
6.4489
Woodie's
6.4390
6.4404
6.4446
6.4460
6.4502
6.4516
6.4558
DeMark's
-
-
6.4446
6.4460
6.4502
-
-","Technical IndicatorsJun 17, 2021 03:34PM GMT
Name
Value
Action
RSI(14)
85.433
Overbought
STOCH(9,6)
77.649
Buy
STOCHRSI(14)
100.000
Overbought
MACD(12,26)
0.011
Buy
ADX(14)
61.337
Buy
Williams %R
-3.426
Overbought
CCI(14)
151.8010
Buy
ATR(14)
0.0041
Less Volatility
Highs/Lows(14)
0.0141
Buy
Ultimate Oscillator
82.973
Overbought
ROC
0.391
Buy
Bull/Bear Power(13)
0.0286
Buy
Buy: 7
Sell: 0
Neutral: 0


Summary:Strong Buy","Jun 17, 2021 03:34PM GMT"
usd_hkd,7.7649 +0.0019    +0.02%,14:15:28,2021-06-17 18:16:10.422215,"Prev. Close: 7.7630
Bid/Ask: 7.7648 / 7.7649
Day's Range: 7.7625 - 7.7656",Strong Buy,"Summary:Strong Buy
Moving Averages:BuyBuy (12)Sell (0)
Technical Indicators:Strong BuyBuy (7)Sell (3)","Name
S3
S2
S1
Pivot Points
R1
R2
R3
Classic
7.7636
7.7639
7.7643
7.7646
7.7650
7.7653
7.7657
Fibonacci
7.7639
7.7642
7.7643
7.7646
7.7649
7.7650
7.7653
Camarilla
7.7646
7.7646
7.7647
7.7646
7.7648
7.7649
7.7649
Woodie's
7.7636
7.7639
7.7643
7.7646
7.7650
7.7653
7.7657
DeMark's
-
-
7.7644
7.7646
7.7651
-
-","Technical IndicatorsJun 17, 2021 06:15PM GMT
Name
Value
Action
RSI(14)
57.948
Buy
STOCH(9,6)
32.898
Sell
STOCHRSI(14)
35.095
Sell
MACD(12,26)
0.000
Buy
ADX(14)
42.016
Buy
Williams %R
-36.838
Buy
CCI(14)
74.7187
Buy
ATR(14)
0.0009
Less Volatility
Highs/Lows(14)
0.0000
Neutral
Ultimate Oscillator
44.150
Sell
ROC
0.010
Buy
Bull/Bear Power(13)
0.0016
Buy
Buy: 7
Sell: 3
Neutral: 1


Summary:Strong Buy","Jun 17, 2021 06:15PM GMT"
eur_usd,1.1918 -0.0076    -0.64%,14:16:50,2021-06-17 18:17:10.311813,"Prev. Close: 1.1994
Bid/Ask: 1.1917 / 1.1918
Day's Range: 1.1892 - 1.2007",Strong Sell,"Summary:Strong Sell
Moving Averages:SellBuy (2)Sell (10)
Technical Indicators:Strong SellBuy (0)Sell (10)","Name
S3
S2
S1
Pivot Points
R1
R2
R3
Classic
1.1880
1.1888
1.1902
1.1910
1.1924
1.1932
1.1946
Fibonacci
1.1888
1.1896
1.1902
1.1910
1.1918
1.1924
1.1932
Camarilla
1.1910
1.1912
1.1914
1.1910
1.1918
1.1920
1.1922
Woodie's
1.1882
1.1889
1.1904
1.1911
1.1926
1.1933
1.1948
DeMark's
-
-
1.1906
1.1912
1.1928
-
-","Technical IndicatorsJun 17, 2021 06:15PM GMT
Name
Value
Action
RSI(14)
28.020
Sell
STOCH(9,6)
29.689
Sell
STOCHRSI(14)
100.000
Overbought
MACD(12,26)
-0.004
Sell
ADX(14)
32.688
Sell
Williams %R
-78.603
Sell
CCI(14)
-90.2706
Sell
ATR(14)
0.0022
High Volatility
Highs/Lows(14)
-0.0014
Sell
Ultimate Oscillator
36.621
Sell
ROC
-0.704
Sell
Bull/Bear Power(13)
-0.0027
Sell
Buy: 0
Sell: 10
Neutral: 0


Summary:Strong Sell","Jun 17, 2021 06:15PM GMT"
gbp_usd,1.3927 -0.0060    -0.43%,14:16:43,2021-06-17 18:17:10.315459,"Prev. Close: 1.3987
Bid/Ask: 1.3926 / 1.3928
Day's Range: 1.3896 - 1.4010",Strong Sell,"Summary:Strong Sell
Moving Averages:SellBuy (2)Sell (10)
Technical Indicators:Strong SellBuy (0)Sell (9)","Name
S3
S2
S1
Pivot Points
R1
R2
R3
Classic
1.3876
1.3886
1.3905
1.3915
1.3934
1.3944
1.3963
Fibonacci
1.3886
1.3897
1.3904
1.3915
1.3926
1.3933
1.3944
Camarilla
1.3917
1.3920
1.3922
1.3915
1.3928
1.3930
1.3933
Woodie's
1.3882
1.3889
1.3911
1.3918
1.3940
1.3947
1.3969
DeMark's
-
-
1.3910
1.3918
1.3939
-
-","Technical IndicatorsJun 17, 2021 06:15PM GMT
Name
Value
Action
RSI(14)
36.337
Sell
STOCH(9,6)
30.505
Sell
STOCHRSI(14)
91.883
Overbought
MACD(12,26)
-0.003
Sell
ADX(14)
39.308
Neutral
Williams %R
-71.807
Sell
CCI(14)
-78.4281
Sell
ATR(14)
0.0027
High Volatility
Highs/Lows(14)
-0.0013
Sell
Ultimate Oscillator
37.257
Sell
ROC
-0.504
Sell
Bull/Bear Power(13)
-0.0027
Sell
Buy: 0
Sell: 9
Neutral: 1


Summary:Strong Sell","Jun 17, 2021 06:15PM GMT"
usd_jpy,110.23 -0.47    -0.42%,14:16:39,2021-06-17 18:17:10.318558,"Prev. Close: 110.69
Bid/Ask: 110.21 / 110.24
Day's Range: 110.17 - 110.83",Strong Sell,"Summary:Strong Sell
Moving Averages:SellBuy (4)Sell (8)
Technical Indicators:Strong SellBuy (0)Sell (8)","Name
S3
S2
S1
Pivot Points
R1
R2
R3
Classic
110.03
110.11
110.16
110.24
110.29
110.37
110.41
Fibonacci
110.11
110.16
110.19
110.24
110.29
110.32
110.37
Camarilla
110.18
110.19
110.20
110.24
110.23
110.24
110.25
Woodie's
110.03
110.11
110.16
110.24
110.29
110.37
110.41
DeMark's
-
-
110.14
110.23
110.27
-
-","Technical IndicatorsJun 17, 2021 06:15PM GMT
Name
Value
Action
RSI(14)
39.774
Sell
STOCH(9,6)
19.468
Oversold
STOCHRSI(14)
5.501
Oversold
MACD(12,26)
-0.010
Sell
ADX(14)
35.350
Sell
Williams %R
-89.915
Oversold
CCI(14)
-121.5313
Sell
ATR(14)
0.1321
High Volatility
Highs/Lows(14)
-0.2107
Sell
Ultimate Oscillator
38.514
Sell
ROC
-0.402
Sell
Bull/Bear Power(13)
-0.4170
Sell
Buy: 0
Sell: 8
Neutral: 0


Summary:Strong Sell","Jun 17, 2021 06:15PM GMT"
aud_usd,0.7557 -0.0053    -0.70%,14:16:52,2021-06-17 18:17:10.321425,"Prev. Close: 0.7610
Bid/Ask: 0.7556 / 0.7558
Day's Range: 0.7540 - 0.7646",Strong Sell,"Summary:Strong Sell
Moving Averages:Strong SellBuy (0)Sell (12)
Technical Indicators:Strong SellBuy (0)Sell (8)","Name
S3
S2
S1
Pivot Points
R1
R2
R3
Classic
0.7531
0.7537
0.7548
0.7554
0.7565
0.7571
0.7582
Fibonacci
0.7537
0.7543
0.7548
0.7554
0.7560
0.7565
0.7571
Camarilla
0.7553
0.7555
0.7556
0.7554
0.7560
0.7561
0.7563
Woodie's
0.7533
0.7538
0.7550
0.7555
0.7567
0.7572
0.7584
DeMark's
-
-
0.7551
0.7555
0.7568
-
-","Technical IndicatorsJun 17, 2021 06:15PM GMT
Name
Value
Action
RSI(14)
27.693
Sell
STOCH(9,6)
22.348
Sell
STOCHRSI(14)
53.256
Neutral
MACD(12,26)
-0.003
Sell
ADX(14)
42.795
Sell
Williams %R
-83.854
Oversold
CCI(14)
-80.7217
Sell
ATR(14)
0.0018
Less Volatility
Highs/Lows(14)
-0.0019
Sell
Ultimate Oscillator
28.567
Oversold
ROC
-0.976
Sell
Bull/Bear Power(13)
-0.0024
Sell
Buy: 0
Sell: 8
Neutral: 1


Summary:Strong Sell","Jun 17, 2021 06:15PM GMT"
eur_gbp,0.8558 -0.0015    -0.18%,14:16:52,2021-06-17 18:17:10.324261,"Prev. Close: 0.8573
Bid/Ask: 0.8557 / 0.8558
Day's Range: 0.8542 - 0.8580",Strong Sell,"Summary:Strong Sell
Moving Averages:Strong SellBuy (0)Sell (12)
Technical Indicators:Strong SellBuy (1)Sell (6)","Name
S3
S2
S1
Pivot Points
R1
R2
R3
Classic
0.8547
0.8552
0.8555
0.8560
0.8562
0.8568
0.8570
Fibonacci
0.8552
0.8555
0.8557
0.8560
0.8563
0.8565
0.8568
Camarilla
0.8555
0.8556
0.8557
0.8560
0.8558
0.8559
0.8560
Woodie's
0.8547
0.8552
0.8555
0.8560
0.8562
0.8568
0.8570
DeMark's
-
-
0.8554
0.8559
0.8561
-
-","Technical IndicatorsJun 17, 2021 06:15PM GMT
Name
Value
Action
RSI(14)
38.855
Sell
STOCH(9,6)
51.761
Neutral
STOCHRSI(14)
75.470
Overbought
MACD(12,26)
-0.001
Sell
ADX(14)
35.370
Sell
Williams %R
-55.224
Sell
CCI(14)
-42.9246
Neutral
ATR(14)
0.0011
High Volatility
Highs/Lows(14)
0.0000
Neutral
Ultimate Oscillator
54.393
Buy
ROC
-0.198
Sell
Bull/Bear Power(13)
-0.0008
Sell
Buy: 1
Sell: 6
Neutral: 3


Summary:Strong Sell","Jun 17, 2021 06:15PM GMT"
usd_cad,1.2350 +0.0074    +0.60%,14:16:56,2021-06-17 18:17:10.327106,"Prev. Close: 1.2276
Bid/Ask: 1.2348 / 1.2352
Day's Range: 1.2261 - 1.2378",Strong Buy,"Summary:Strong Buy
Moving Averages:BuyBuy (11)Sell (1)
Technical Indicators:Strong BuyBuy (9)Sell (1)","Name
S3
S2
S1
Pivot Points
R1
R2
R3
Classic
1.2321
1.2330
1.2342
1.2351
1.2363
1.2372
1.2384
Fibonacci
1.2330
1.2338
1.2343
1.2351
1.2359
1.2364
1.2372
Camarilla
1.2347
1.2349
1.2351
1.2351
1.2355
1.2357
1.2359
Woodie's
1.2321
1.2330
1.2342
1.2351
1.2363
1.2372
1.2384
DeMark's
-
-
1.2336
1.2348
1.2357
-
-","Technical IndicatorsJun 17, 2021 06:15PM GMT
Name
Value
Action
RSI(14)
69.036
Buy
STOCH(9,6)
66.155
Buy
STOCHRSI(14)
31.359
Sell
MACD(12,26)
0.003
Buy
ADX(14)
33.242
Neutral
Williams %R
-25.322
Buy
CCI(14)
96.7162
Buy
ATR(14)
0.0026
High Volatility
Highs/Lows(14)
0.0015
Buy
Ultimate Oscillator
68.669
Buy
ROC
0.640
Buy
Bull/Bear Power(13)
0.0041
Buy
Buy: 9
Sell: 1
Neutral: 1


Summary:Strong Buy","Jun 17, 2021 06:15PM GMT"
usd_chf,0.9170 +0.0085    +0.94%,14:16:32,2021-06-17 18:17:10.329898,"Prev. Close: 0.9085
Bid/Ask: 0.9168 / 0.9172
Day's Range: 0.9076 - 0.9188",Strong Buy,"Summary:Strong Buy
Moving Averages:BuyBuy (12)Sell (0)
Technical Indicators:Strong BuyBuy (8)Sell (0)","Name
S3
S2
S1
Pivot Points
R1
R2
R3
Classic
0.9150
0.9160
0.9166
0.9176
0.9181
0.9192
0.9197
Fibonacci
0.9160
0.9166
0.9170
0.9176
0.9182
0.9186
0.9192
Camarilla
0.9167
0.9169
0.9170
0.9176
0.9173
0.9174
0.9176
Woodie's
0.9148
0.9159
0.9164
0.9175
0.9179
0.9191
0.9195
DeMark's
-
-
0.9163
0.9175
0.9179
-
-","Technical IndicatorsJun 17, 2021 06:15PM GMT
Name
Value
Action
RSI(14)
75.352
Overbought
STOCH(9,6)
76.981
Buy
STOCHRSI(14)
11.190
Oversold
MACD(12,26)
0.004
Buy
ADX(14)
32.108
Buy
Williams %R
-15.454
Overbought
CCI(14)
91.1738
Buy
ATR(14)
0.0018
High Volatility
Highs/Lows(14)
0.0018
Buy
Ultimate Oscillator
66.446
Buy
ROC
0.958
Buy
Bull/Bear Power(13)
0.0042
Buy
Buy: 8
Sell: 0
Neutral: 0


Summary:Strong Buy","Jun 17, 2021 06:15PM GMT"
nzd_chf,0.6426 +0.0022    +0.34%,14:16:53,2021-06-17 18:17:10.332715,"Prev. Close: 0.6404
Bid/Ask: 0.6425 / 0.6427
Day's Range: 0.6406 - 0.6453",Sell,"Summary:Sell
Moving Averages:NeutralBuy (6)Sell (6)
Technical Indicators:Strong SellBuy (1)Sell (7)","Name
S3
S2
S1
Pivot Points
R1
R2
R3
Classic
0.6420
0.6422
0.6425
0.6428
0.6431
0.6434
0.6437
Fibonacci
0.6422
0.6425
0.6426
0.6428
0.6430
0.6431
0.6434
Camarilla
0.6426
0.6427
0.6427
0.6428
0.6429
0.6429
0.6430
Woodie's
0.6420
0.6422
0.6425
0.6428
0.6431
0.6434
0.6437
DeMark's
-
-
0.6426
0.6429
0.6432
-
-","Technical IndicatorsJun 17, 2021 06:15PM GMT
Name
Value
Action
RSI(14)
50.463
Neutral
STOCH(9,6)
42.368
Sell
STOCHRSI(14)
43.227
Sell
MACD(12,26)
0.000
Buy
ADX(14)
25.141
Sell
Williams %R
-56.990
Sell
CCI(14)
-22.0475
Neutral
ATR(14)
0.0012
Less Volatility
Highs/Lows(14)
0.0000
Neutral
Ultimate Oscillator
47.196
Sell
ROC
-0.202
Sell
Bull/Bear Power(13)
-0.0005
Sell
Buy: 1
Sell: 7
Neutral: 3


Summary:Strong Sell","Jun 17, 2021 06:15PM GMT"
usd_cny,6.4484 +0.0515    +0.80%,11:27:22,2021-06-17 18:17:10.335537,"Prev. Close: 6.3969
Bid/Ask: 6.4477 / 6.4490
Day's Range: 6.3972 - 6.4494",Strong Buy,"Summary:Strong Buy
Moving Averages:BuyBuy (12)Sell (0)
Technical Indicators:Strong BuyBuy (7)Sell (0)","Name
S3
S2
S1
Pivot Points
R1
R2
R3
Classic
6.4380
6.4399
6.4436
6.4455
6.4492
6.4511
6.4548
Fibonacci
6.4399
6.4420
6.4434
6.4455
6.4476
6.4490
6.4511
Camarilla
6.4458
6.4463
6.4468
6.4455
6.4479
6.4484
6.4489
Woodie's
6.4390
6.4404
6.4446
6.4460
6.4502
6.4516
6.4558
DeMark's
-
-
6.4446
6.4460
6.4502
-
-","Technical IndicatorsJun 17, 2021 03:34PM GMT
Name
Value
Action
RSI(14)
85.433
Overbought
STOCH(9,6)
77.649
Buy
STOCHRSI(14)
100.000
Overbought
MACD(12,26)
0.011
Buy
ADX(14)
61.337
Buy
Williams %R
-3.426
Overbought
CCI(14)
151.8010
Buy
ATR(14)
0.0041
Less Volatility
Highs/Lows(14)
0.0141
Buy
Ultimate Oscillator
82.973
Overbought
ROC
0.391
Buy
Bull/Bear Power(13)
0.0286
Buy
Buy: 7
Sell: 0
Neutral: 0


Summary:Strong Buy","Jun 17, 2021 03:34PM GMT"
usd_hkd,7.7648 +0.0018    +0.02%,14:16:48,2021-06-17 18:17:10.338336,"Prev. Close: 7.7630
Bid/Ask: 7.7647 / 7.7648
Day's Range: 7.7625 - 7.7656",Strong Buy,"Summary:Strong Buy
Moving Averages:BuyBuy (12)Sell (0)
Technical Indicators:Strong BuyBuy (7)Sell (3)","Name
S3
S2
S1
Pivot Points
R1
R2
R3
Classic
7.7636
7.7639
7.7643
7.7646
7.7650
7.7653
7.7657
Fibonacci
7.7639
7.7642
7.7643
7.7646
7.7649
7.7650
7.7653
Camarilla
7.7646
7.7646
7.7647
7.7646
7.7648
7.7649
7.7649
Woodie's
7.7636
7.7639
7.7643
7.7646
7.7650
7.7653
7.7657
DeMark's
-
-
7.7644
7.7646
7.7651
-
-","Technical IndicatorsJun 17, 2021 06:17PM GMT
Name
Value
Action
RSI(14)
57.948
Buy
STOCH(9,6)
32.898
Sell
STOCHRSI(14)
35.095
Sell
MACD(12,26)
0.000
Buy
ADX(14)
42.016
Buy
Williams %R
-36.838
Buy
CCI(14)
74.7187
Buy
ATR(14)
0.0009
Less Volatility
Highs/Lows(14)
0.0000
Neutral
Ultimate Oscillator
44.150
Sell
ROC
0.010
Buy
Bull/Bear Power(13)
0.0016
Buy
Buy: 7
Sell: 3
Neutral: 1


Summary:Strong Buy","Jun 17, 2021 06:17PM GMT"
eur_usd,1.1916 -0.0078    -0.65%,14:17:35,2021-06-17 18:18:10.547216,"Prev. Close: 1.1994
Bid/Ask: 1.1914 / 1.1918
Day's Range: 1.1892 - 1.2007",Strong Sell,"Summary:Strong Sell
Moving Averages:SellBuy (2)Sell (10)
Technical Indicators:Strong SellBuy (0)Sell (10)","Name
S3
S2
S1
Pivot Points
R1
R2
R3
Classic
1.1880
1.1888
1.1902
1.1910
1.1924
1.1932
1.1946
Fibonacci
1.1888
1.1896
1.1902
1.1910
1.1918
1.1924
1.1932
Camarilla
1.1910
1.1912
1.1914
1.1910
1.1918
1.1920
1.1922
Woodie's
1.1882
1.1889
1.1904
1.1911
1.1926
1.1933
1.1948
DeMark's
-
-
1.1906
1.1912
1.1928
-
-","Technical IndicatorsJun 17, 2021 06:17PM GMT
Name
Value
Action
RSI(14)
28.020
Sell
STOCH(9,6)
29.689
Sell
STOCHRSI(14)
100.000
Overbought
MACD(12,26)
-0.004
Sell
ADX(14)
32.688
Sell
Williams %R
-78.603
Sell
CCI(14)
-90.2706
Sell
ATR(14)
0.0022
High Volatility
Highs/Lows(14)
-0.0014
Sell
Ultimate Oscillator
36.621
Sell
ROC
-0.704
Sell
Bull/Bear Power(13)
-0.0027
Sell
Buy: 0
Sell: 10
Neutral: 0


Summary:Strong Sell","Jun 17, 2021 06:17PM GMT"
gbp_usd,1.3926 -0.0061    -0.44%,14:17:28,2021-06-17 18:18:10.550784,"Prev. Close: 1.3987
Bid/Ask: 1.3924 / 1.3928
Day's Range: 1.3896 - 1.4010",Strong Sell,"Summary:Strong Sell
Moving Averages:SellBuy (2)Sell (10)
Technical Indicators:Strong SellBuy (0)Sell (9)","Name
S3
S2
S1
Pivot Points
R1
R2
R3
Classic
1.3876
1.3886
1.3905
1.3915
1.3934
1.3944
1.3963
Fibonacci
1.3886
1.3897
1.3904
1.3915
1.3926
1.3933
1.3944
Camarilla
1.3917
1.3920
1.3922
1.3915
1.3928
1.3930
1.3933
Woodie's
1.3882
1.3889
1.3911
1.3918
1.3940
1.3947
1.3969
DeMark's
-
-
1.3910
1.3918
1.3939
-
-","Technical IndicatorsJun 17, 2021 06:17PM GMT
Name
Value
Action
RSI(14)
35.674
Sell
STOCH(9,6)
30.088
Sell
STOCHRSI(14)
87.260
Overbought
MACD(12,26)
-0.003
Sell
ADX(14)
39.308
Neutral
Williams %R
-73.568
Sell
CCI(14)
-79.9881
Sell
ATR(14)
0.0027
High Volatility
Highs/Lows(14)
-0.0015
Sell
Ultimate Oscillator
36.506
Sell
ROC
-0.518
Sell
Bull/Bear Power(13)
-0.0027
Sell
Buy: 0
Sell: 9
Neutral: 1


Summary:Strong Sell","Jun 17, 2021 06:17PM GMT"
usd_jpy,110.23 -0.46    -0.42%,14:17:37,2021-06-17 18:18:10.553675,"Prev. Close: 110.69
Bid/Ask: 110.22 / 110.24
Day's Range: 110.17 - 110.83",Strong Sell,"Summary:Strong Sell
Moving Averages:SellBuy (4)Sell (8)
Technical Indicators:Strong SellBuy (0)Sell (8)","Name
S3
S2
S1
Pivot Points
R1
R2
R3
Classic
110.03
110.11
110.16
110.24
110.29
110.37
110.41
Fibonacci
110.11
110.16
110.19
110.24
110.29
110.32
110.37
Camarilla
110.18
110.19
110.20
110.24
110.23
110.24
110.25
Woodie's
110.03
110.11
110.16
110.24
110.29
110.37
110.41
DeMark's
-
-
110.14
110.23
110.27
-
-","Technical IndicatorsJun 17, 2021 06:17PM GMT
Name
Value
Action
RSI(14)
39.461
Sell
STOCH(9,6)
19.328
Oversold
STOCHRSI(14)
4.361
Oversold
MACD(12,26)
-0.010
Sell
ADX(14)
35.350
Sell
Williams %R
-90.756
Oversold
CCI(14)
-122.0891
Sell
ATR(14)
0.1321
High Volatility
Highs/Lows(14)
-0.2157
Sell
Ultimate Oscillator
38.165
Sell
ROC
-0.407
Sell
Bull/Bear Power(13)
-0.4150
Sell
Buy: 0
Sell: 8
Neutral: 0


Summary:Strong Sell","Jun 17, 2021 06:17PM GMT"
aud_usd,0.7556 -0.0054    -0.72%,14:17:42,2021-06-17 18:18:10.556539,"Prev. Close: 0.7610
Bid/Ask: 0.7555 / 0.7556
Day's Range: 0.7540 - 0.7646",Strong Sell,"Summary:Strong Sell
Moving Averages:Strong SellBuy (0)Sell (12)
Technical Indicators:Strong SellBuy (0)Sell (8)","Name
S3
S2
S1
Pivot Points
R1
R2
R3
Classic
0.7531
0.7537
0.7548
0.7554
0.7565
0.7571
0.7582
Fibonacci
0.7537
0.7543
0.7548
0.7554
0.7560
0.7565
0.7571
Camarilla
0.7553
0.7555
0.7556
0.7554
0.7560
0.7561
0.7563
Woodie's
0.7533
0.7538
0.7550
0.7555
0.7567
0.7572
0.7584
DeMark's
-
-
0.7551
0.7555
0.7568
-
-","Technical IndicatorsJun 17, 2021 06:17PM GMT
Name
Value
Action
RSI(14)
27.816
Sell
STOCH(9,6)
22.491
Sell
STOCHRSI(14)
53.942
Neutral
MACD(12,26)
-0.003
Sell
ADX(14)
42.795
Sell
Williams %R
-83.333
Oversold
CCI(14)
-80.3129
Sell
ATR(14)
0.0018
Less Volatility
Highs/Lows(14)
-0.0019
Sell
Ultimate Oscillator
28.864
Oversold
ROC
-0.970
Sell
Bull/Bear Power(13)
-0.0024
Sell
Buy: 0
Sell: 8
Neutral: 1


Summary:Strong Sell","Jun 17, 2021 06:17PM GMT"
eur_gbp,0.8557 -0.0016    -0.19%,14:17:43,2021-06-17 18:18:10.559383,"Prev. Close: 0.8573
Bid/Ask: 0.8554 / 0.8560
Day's Range: 0.8542 - 0.8580",Strong Sell,"Summary:Strong Sell
Moving Averages:Strong SellBuy (0)Sell (12)
Technical Indicators:Strong SellBuy (1)Sell (6)","Name
S3
S2
S1
Pivot Points
R1
R2
R3
Classic
0.8547
0.8552
0.8555
0.8560
0.8562
0.8568
0.8570
Fibonacci
0.8552
0.8555
0.8557
0.8560
0.8563
0.8565
0.8568
Camarilla
0.8555
0.8556
0.8557
0.8560
0.8558
0.8559
0.8560
Woodie's
0.8547
0.8552
0.8555
0.8560
0.8562
0.8568
0.8570
DeMark's
-
-
0.8554
0.8559
0.8561
-
-","Technical IndicatorsJun 17, 2021 06:17PM GMT
Name
Value
Action
RSI(14)
38.855
Sell
STOCH(9,6)
51.761
Neutral
STOCHRSI(14)
75.470
Overbought
MACD(12,26)
-0.001
Sell
ADX(14)
35.370
Sell
Williams %R
-55.224
Sell
CCI(14)
-42.9246
Neutral
ATR(14)
0.0011
High Volatility
Highs/Lows(14)
0.0000
Neutral
Ultimate Oscillator
54.393
Buy
ROC
-0.198
Sell
Bull/Bear Power(13)
-0.0008
Sell
Buy: 1
Sell: 6
Neutral: 3


Summary:Strong Sell","Jun 17, 2021 06:17PM GMT"
usd_cad,1.2352 +0.0076    +0.61%,14:17:38,2021-06-17 18:18:10.562227,"Prev. Close: 1.2276
Bid/Ask: 1.2351 / 1.2352
Day's Range: 1.2261 - 1.2378",Strong Buy,"Summary:Strong Buy
Moving Averages:BuyBuy (12)Sell (0)
Technical Indicators:Strong BuyBuy (8)Sell (1)","Name
S3
S2
S1
Pivot Points
R1
R2
R3
Classic
1.2321
1.2330
1.2342
1.2351
1.2363
1.2372
1.2384
Fibonacci
1.2330
1.2338
1.2343
1.2351
1.2359
1.2364
1.2372
Camarilla
1.2347
1.2349
1.2351
1.2351
1.2355
1.2357
1.2359
Woodie's
1.2321
1.2330
1.2342
1.2351
1.2363
1.2372
1.2384
DeMark's
-
-
1.2336
1.2348
1.2357
-
-","Technical IndicatorsJun 17, 2021 06:17PM GMT
Name
Value
Action
RSI(14)
70.716
Buy
STOCH(9,6)
66.862
Buy
STOCHRSI(14)
42.550
Sell
MACD(12,26)
0.003
Buy
ADX(14)
33.242
Neutral
Williams %R
-22.318
Buy
CCI(14)
99.7192
Buy
ATR(14)
0.0026
High Volatility
Highs/Lows(14)
0.0019
Buy
Ultimate Oscillator
70.041
Overbought
ROC
0.668
Buy
Bull/Bear Power(13)
0.0041
Buy
Buy: 8
Sell: 1
Neutral: 1


Summary:Strong Buy","Jun 17, 2021 06:17PM GMT"
usd_chf,0.9172 +0.0087    +0.96%,14:17:42,2021-06-17 18:18:10.565053,"Prev. Close: 0.9085
Bid/Ask: 0.9170 / 0.9174
Day's Range: 0.9076 - 0.9188",Strong Buy,"Summary:Strong Buy
Moving Averages:BuyBuy (12)Sell (0)
Technical Indicators:Strong BuyBuy (8)Sell (0)","Name
S3
S2
S1
Pivot Points
R1
R2
R3
Classic
0.9150
0.9160
0.9166
0.9176
0.9181
0.9192
0.9197
Fibonacci
0.9160
0.9166
0.9170
0.9176
0.9182
0.9186
0.9192
Camarilla
0.9167
0.9169
0.9170
0.9176
0.9173
0.9174
0.9176
Woodie's
0.9148
0.9159
0.9164
0.9175
0.9179
0.9191
0.9195
DeMark's
-
-
0.9163
0.9175
0.9179
-
-","Technical IndicatorsJun 17, 2021 06:17PM GMT
Name
Value
Action
RSI(14)
75.352
Overbought
STOCH(9,6)
76.981
Buy
STOCHRSI(14)
11.190
Oversold
MACD(12,26)
0.004
Buy
ADX(14)
32.108
Buy
Williams %R
-15.454
Overbought
CCI(14)
91.1738
Buy
ATR(14)
0.0018
High Volatility
Highs/Lows(14)
0.0018
Buy
Ultimate Oscillator
66.446
Buy
ROC
0.958
Buy
Bull/Bear Power(13)
0.0042
Buy
Buy: 8
Sell: 0
Neutral: 0


Summary:Strong Buy","Jun 17, 2021 06:17PM GMT"
nzd_chf,0.6426 +0.0022    +0.34%,14:17:44,2021-06-17 18:18:10.567885,"Prev. Close: 0.6404
Bid/Ask: 0.6425 / 0.6427
Day's Range: 0.6406 - 0.6453",Neutral,"Summary:Neutral
Moving Averages:BuyBuy (9)Sell (3)
Technical Indicators:Strong SellBuy (1)Sell (7)","Name
S3
S2
S1
Pivot Points
R1
R2
R3
Classic
0.6420
0.6422
0.6425
0.6428
0.6431
0.6434
0.6437
Fibonacci
0.6422
0.6425
0.6426
0.6428
0.6430
0.6431
0.6434
Camarilla
0.6426
0.6427
0.6427
0.6428
0.6429
0.6429
0.6430
Woodie's
0.6420
0.6422
0.6425
0.6428
0.6431
0.6434
0.6437
DeMark's
-
-
0.6426
0.6429
0.6432
-
-","Technical IndicatorsJun 17, 2021 06:17PM GMT
Name
Value
Action
RSI(14)
50.813
Neutral
STOCH(9,6)
42.587
Sell
STOCHRSI(14)
44.569
Sell
MACD(12,26)
0.000
Buy
ADX(14)
25.141
Sell
Williams %R
-55.914
Sell
CCI(14)
-20.8498
Neutral
ATR(14)
0.0012
Less Volatility
Highs/Lows(14)
0.0000
Neutral
Ultimate Oscillator
47.675
Sell
ROC
-0.194
Sell
Bull/Bear Power(13)
-0.0005
Sell
Buy: 1
Sell: 7
Neutral: 3


Summary:Strong Sell","Jun 17, 2021 06:17PM GMT"
usd_cny,6.4484 +0.0515    +0.80%,11:27:22,2021-06-17 18:18:10.570732,"Prev. Close: 6.3969
Bid/Ask: 6.4477 / 6.4490
Day's Range: 6.3972 - 6.4494",Strong Buy,"Summary:Strong Buy
Moving Averages:BuyBuy (12)Sell (0)
Technical Indicators:Strong BuyBuy (7)Sell (0)","Name
S3
S2
S1
Pivot Points
R1
R2
R3
Classic
6.4380
6.4399
6.4436
6.4455
6.4492
6.4511
6.4548
Fibonacci
6.4399
6.4420
6.4434
6.4455
6.4476
6.4490
6.4511
Camarilla
6.4458
6.4463
6.4468
6.4455
6.4479
6.4484
6.4489
Woodie's
6.4390
6.4404
6.4446
6.4460
6.4502
6.4516
6.4558
DeMark's
-
-
6.4446
6.4460
6.4502
-
-","Technical IndicatorsJun 17, 2021 03:34PM GMT
Name
Value
Action
RSI(14)
85.433
Overbought
STOCH(9,6)
77.649
Buy
STOCHRSI(14)
100.000
Overbought
MACD(12,26)
0.011
Buy
ADX(14)
61.337
Buy
Williams %R
-3.426
Overbought
CCI(14)
151.8010
Buy
ATR(14)
0.0041
Less Volatility
Highs/Lows(14)
0.0141
Buy
Ultimate Oscillator
82.973
Overbought
ROC
0.391
Buy
Bull/Bear Power(13)
0.0286
Buy
Buy: 7
Sell: 0
Neutral: 0


Summary:Strong Buy","Jun 17, 2021 03:34PM GMT"
usd_hkd,7.7649 +0.0019    +0.02%,14:17:28,2021-06-17 18:18:10.573546,"Prev. Close: 7.7630
Bid/Ask: 7.7648 / 7.7649
Day's Range: 7.7625 - 7.7656",Strong Buy,"Summary:Strong Buy
Moving Averages:BuyBuy (12)Sell (0)
Technical Indicators:Strong BuyBuy (7)Sell (3)","Name
S3
S2
S1
Pivot Points
R1
R2
R3
Classic
7.7636
7.7639
7.7643
7.7646
7.7650
7.7653
7.7657
Fibonacci
7.7639
7.7642
7.7643
7.7646
7.7649
7.7650
7.7653
Camarilla
7.7646
7.7646
7.7647
7.7646
7.7648
7.7649
7.7649
Woodie's
7.7636
7.7639
7.7643
7.7646
7.7650
7.7653
7.7657
DeMark's
-
-
7.7644
7.7646
7.7651
-
-","Technical IndicatorsJun 17, 2021 06:17PM GMT
Name
Value
Action
RSI(14)
57.948
Buy
STOCH(9,6)
32.898
Sell
STOCHRSI(14)
35.095
Sell
MACD(12,26)
0.000
Buy
ADX(14)
42.016
Buy
Williams %R
-36.838
Buy
CCI(14)
74.7187
Buy
ATR(14)
0.0009
Less Volatility
Highs/Lows(14)
0.0000
Neutral
Ultimate Oscillator
44.150
Sell
ROC
0.010
Buy
Bull/Bear Power(13)
0.0016
Buy
Buy: 7
Sell: 3
Neutral: 1


Summary:Strong Buy","Jun 17, 2021 06:17PM GMT"
eur_usd,1.1917 -0.0077    -0.64%,14:18:48,2021-06-17 18:19:10.759321,"Prev. Close: 1.1994
Bid/Ask: 1.1915 / 1.1919
Day's Range: 1.1892 - 1.2007",Strong Sell,"Summary:Strong Sell
Moving Averages:SellBuy (2)Sell (10)
Technical Indicators:Strong SellBuy (0)Sell (10)","Name
S3
S2
S1
Pivot Points
R1
R2
R3
Classic
1.1880
1.1888
1.1902
1.1910
1.1924
1.1932
1.1946
Fibonacci
1.1888
1.1896
1.1902
1.1910
1.1918
1.1924
1.1932
Camarilla
1.1910
1.1912
1.1914
1.1910
1.1918
1.1920
1.1922
Woodie's
1.1882
1.1889
1.1904
1.1911
1.1926
1.1933
1.1948
DeMark's
-
-
1.1906
1.1912
1.1928
-
-","Technical IndicatorsJun 17, 2021 06:17PM GMT
Name
Value
Action
RSI(14)
28.020
Sell
STOCH(9,6)
29.689
Sell
STOCHRSI(14)
100.000
Overbought
MACD(12,26)
-0.004
Sell
ADX(14)
32.688
Sell
Williams %R
-78.603
Sell
CCI(14)
-90.2706
Sell
ATR(14)
0.0022
High Volatility
Highs/Lows(14)
-0.0014
Sell
Ultimate Oscillator
36.621
Sell
ROC
-0.704
Sell
Bull/Bear Power(13)
-0.0027
Sell
Buy: 0
Sell: 10
Neutral: 0


Summary:Strong Sell","Jun 17, 2021 06:17PM GMT"
gbp_usd,1.3928 -0.0060    -0.43%,14:18:41,2021-06-17 18:19:10.762962,"Prev. Close: 1.3987
Bid/Ask: 1.3926 / 1.3929
Day's Range: 1.3896 - 1.4010",Strong Sell,"Summary:Strong Sell
Moving Averages:SellBuy (2)Sell (10)
Technical Indicators:Strong SellBuy (0)Sell (9)","Name
S3
S2
S1
Pivot Points
R1
R2
R3
Classic
1.3876
1.3886
1.3905
1.3915
1.3934
1.3944
1.3963
Fibonacci
1.3886
1.3897
1.3904
1.3915
1.3926
1.3933
1.3944
Camarilla
1.3917
1.3920
1.3922
1.3915
1.3928
1.3930
1.3933
Woodie's
1.3882
1.3889
1.3911
1.3918
1.3940
1.3947
1.3969
DeMark's
-
-
1.3910
1.3918
1.3939
-
-","Technical IndicatorsJun 17, 2021 06:17PM GMT
Name
Value
Action
RSI(14)
35.674
Sell
STOCH(9,6)
30.088
Sell
STOCHRSI(14)
87.260
Overbought
MACD(12,26)
-0.003
Sell
ADX(14)
39.308
Neutral
Williams %R
-73.568
Sell
CCI(14)
-79.9881
Sell
ATR(14)
0.0027
High Volatility
Highs/Lows(14)
-0.0015
Sell
Ultimate Oscillator
36.506
Sell
ROC
-0.518
Sell
Bull/Bear Power(13)
-0.0027
Sell
Buy: 0
Sell: 9
Neutral: 1


Summary:Strong Sell","Jun 17, 2021 06:17PM GMT"
usd_jpy,110.23 -0.47    -0.42%,14:18:40,2021-06-17 18:19:10.765877,"Prev. Close: 110.69
Bid/Ask: 110.21 / 110.24
Day's Range: 110.17 - 110.83",Strong Sell,"Summary:Strong Sell
Moving Averages:SellBuy (4)Sell (8)
Technical Indicators:Strong SellBuy (0)Sell (8)","Name
S3
S2
S1
Pivot Points
R1
R2
R3
Classic
110.03
110.11
110.16
110.24
110.29
110.37
110.41
Fibonacci
110.11
110.16
110.19
110.24
110.29
110.32
110.37
Camarilla
110.18
110.19
110.20
110.24
110.23
110.24
110.25
Woodie's
110.03
110.11
110.16
110.24
110.29
110.37
110.41
DeMark's
-
-
110.14
110.23
110.27
-
-","Technical IndicatorsJun 17, 2021 06:17PM GMT
Name
Value
Action
RSI(14)
39.461
Sell
STOCH(9,6)
19.328
Oversold
STOCHRSI(14)
4.361
Oversold
MACD(12,26)
-0.010
Sell
ADX(14)
35.350
Sell
Williams %R
-90.756
Oversold
CCI(14)
-122.0891
Sell
ATR(14)
0.1321
High Volatility
Highs/Lows(14)
-0.2157
Sell
Ultimate Oscillator
38.165
Sell
ROC
-0.407
Sell
Bull/Bear Power(13)
-0.4150
Sell
Buy: 0
Sell: 8
Neutral: 0


Summary:Strong Sell","Jun 17, 2021 06:17PM GMT"
aud_usd,0.7556 -0.0054    -0.71%,14:18:52,2021-06-17 18:19:10.768843,"Prev. Close: 0.7610
Bid/Ask: 0.7555 / 0.7557
Day's Range: 0.7540 - 0.7646",Strong Sell,"Summary:Strong Sell
Moving Averages:Strong SellBuy (0)Sell (12)
Technical Indicators:Strong SellBuy (0)Sell (8)","Name
S3
S2
S1
Pivot Points
R1
R2
R3
Classic
0.7531
0.7537
0.7548
0.7554
0.7565
0.7571
0.7582
Fibonacci
0.7537
0.7543
0.7548
0.7554
0.7560
0.7565
0.7571
Camarilla
0.7553
0.7555
0.7556
0.7554
0.7560
0.7561
0.7563
Woodie's
0.7533
0.7538
0.7550
0.7555
0.7567
0.7572
0.7584
DeMark's
-
-
0.7551
0.7555
0.7568
-
-","Technical IndicatorsJun 17, 2021 06:17PM GMT
Name
Value
Action
RSI(14)
27.816
Sell
STOCH(9,6)
22.491
Sell
STOCHRSI(14)
53.942
Neutral
MACD(12,26)
-0.003
Sell
ADX(14)
42.795
Sell
Williams %R
-83.333
Oversold
CCI(14)
-80.3129
Sell
ATR(14)
0.0018
Less Volatility
Highs/Lows(14)
-0.0019
Sell
Ultimate Oscillator
28.864
Oversold
ROC
-0.970
Sell
Bull/Bear Power(13)
-0.0024
Sell
Buy: 0
Sell: 8
Neutral: 1


Summary:Strong Sell","Jun 17, 2021 06:17PM GMT"
eur_gbp,0.8557 -0.0016    -0.19%,14:18:53,2021-06-17 18:19:10.771682,"Prev. Close: 0.8573
Bid/Ask: 0.8554 / 0.8560
Day's Range: 0.8542 - 0.8580",Strong Sell,"Summary:Strong Sell
Moving Averages:Strong SellBuy (0)Sell (12)
Technical Indicators:Strong SellBuy (1)Sell (6)","Name
S3
S2
S1
Pivot Points
R1
R2
R3
Classic
0.8547
0.8552
0.8555
0.8560
0.8562
0.8568
0.8570
Fibonacci
0.8552
0.8555
0.8557
0.8560
0.8563
0.8565
0.8568
Camarilla
0.8555
0.8556
0.8557
0.8560
0.8558
0.8559
0.8560
Woodie's
0.8547
0.8552
0.8555
0.8560
0.8562
0.8568
0.8570
DeMark's
-
-
0.8554
0.8559
0.8561
-
-","Technical IndicatorsJun 17, 2021 06:17PM GMT
Name
Value
Action
RSI(14)
38.855
Sell
STOCH(9,6)
51.761
Neutral
STOCHRSI(14)
75.470
Overbought
MACD(12,26)
-0.001
Sell
ADX(14)
35.370
Sell
Williams %R
-55.224
Sell
CCI(14)
-42.9246
Neutral
ATR(14)
0.0011
High Volatility
Highs/Lows(14)
0.0000
Neutral
Ultimate Oscillator
54.393
Buy
ROC
-0.198
Sell
Bull/Bear Power(13)
-0.0008
Sell
Buy: 1
Sell: 6
Neutral: 3


Summary:Strong Sell","Jun 17, 2021 06:17PM GMT"
usd_cad,1.2350 +0.0073    +0.60%,14:18:52,2021-06-17 18:19:10.774523,"Prev. Close: 1.2276
Bid/Ask: 1.2349 / 1.2350
Day's Range: 1.2261 - 1.2378",Strong Buy,"Summary:Strong Buy
Moving Averages:BuyBuy (12)Sell (0)
Technical Indicators:Strong BuyBuy (8)Sell (1)","Name
S3
S2
S1
Pivot Points
R1
R2
R3
Classic
1.2321
1.2330
1.2342
1.2351
1.2363
1.2372
1.2384
Fibonacci
1.2330
1.2338
1.2343
1.2351
1.2359
1.2364
1.2372
Camarilla
1.2347
1.2349
1.2351
1.2351
1.2355
1.2357
1.2359
Woodie's
1.2321
1.2330
1.2342
1.2351
1.2363
1.2372
1.2384
DeMark's
-
-
1.2336
1.2348
1.2357
-
-","Technical IndicatorsJun 17, 2021 06:17PM GMT
Name
Value
Action
RSI(14)
70.716
Buy
STOCH(9,6)
66.862
Buy
STOCHRSI(14)
42.550
Sell
MACD(12,26)
0.003
Buy
ADX(14)
33.242
Neutral
Williams %R
-22.318
Buy
CCI(14)
99.7192
Buy
ATR(14)
0.0026
High Volatility
Highs/Lows(14)
0.0019
Buy
Ultimate Oscillator
70.041
Overbought
ROC
0.668
Buy
Bull/Bear Power(13)
0.0041
Buy
Buy: 8
Sell: 1
Neutral: 1


Summary:Strong Buy","Jun 17, 2021 06:17PM GMT"
usd_chf,0.9171 +0.0086    +0.95%,14:18:38,2021-06-17 18:19:10.777334,"Prev. Close: 0.9085
Bid/Ask: 0.9169 / 0.9173
Day's Range: 0.9076 - 0.9188",Strong Buy,"Summary:Strong Buy
Moving Averages:BuyBuy (12)Sell (0)
Technical Indicators:Strong BuyBuy (8)Sell (0)","Name
S3
S2
S1
Pivot Points
R1
R2
R3
Classic
0.9150
0.9160
0.9166
0.9176
0.9181
0.9192
0.9197
Fibonacci
0.9160
0.9166
0.9170
0.9176
0.9182
0.9186
0.9192
Camarilla
0.9167
0.9169
0.9170
0.9176
0.9173
0.9174
0.9176
Woodie's
0.9148
0.9159
0.9164
0.9175
0.9179
0.9191
0.9195
DeMark's
-
-
0.9163
0.9175
0.9179
-
-","Technical IndicatorsJun 17, 2021 06:17PM GMT
Name
Value
Action
RSI(14)
75.352
Overbought
STOCH(9,6)
76.981
Buy
STOCHRSI(14)
11.190
Oversold
MACD(12,26)
0.004
Buy
ADX(14)
32.108
Buy
Williams %R
-15.454
Overbought
CCI(14)
91.1738
Buy
ATR(14)
0.0018
High Volatility
Highs/Lows(14)
0.0018
Buy
Ultimate Oscillator
66.446
Buy
ROC
0.958
Buy
Bull/Bear Power(13)
0.0042
Buy
Buy: 8
Sell: 0
Neutral: 0


Summary:Strong Buy","Jun 17, 2021 06:17PM GMT"
nzd_chf,0.6427 +0.0023    +0.36%,14:18:53,2021-06-17 18:19:10.780155,"Prev. Close: 0.6404
Bid/Ask: 0.6424 / 0.6430
Day's Range: 0.6406 - 0.6453",Neutral,"Summary:Neutral
Moving Averages:BuyBuy (9)Sell (3)
Technical Indicators:Strong SellBuy (1)Sell (7)","Name
S3
S2
S1
Pivot Points
R1
R2
R3
Classic
0.6420
0.6422
0.6425
0.6428
0.6431
0.6434
0.6437
Fibonacci
0.6422
0.6425
0.6426
0.6428
0.6430
0.6431
0.6434
Camarilla
0.6426
0.6427
0.6427
0.6428
0.6429
0.6429
0.6430
Woodie's
0.6420
0.6422
0.6425
0.6428
0.6431
0.6434
0.6437
DeMark's
-
-
0.6426
0.6429
0.6432
-
-","Technical IndicatorsJun 17, 2021 06:17PM GMT
Name
Value
Action
RSI(14)
50.813
Neutral
STOCH(9,6)
42.587
Sell
STOCHRSI(14)
44.569
Sell
MACD(12,26)
0.000
Buy
ADX(14)
25.141
Sell
Williams %R
-55.914
Sell
CCI(14)
-20.8498
Neutral
ATR(14)
0.0012
Less Volatility
Highs/Lows(14)
0.0000
Neutral
Ultimate Oscillator
47.675
Sell
ROC
-0.194
Sell
Bull/Bear Power(13)
-0.0005
Sell
Buy: 1
Sell: 7
Neutral: 3


Summary:Strong Sell","Jun 17, 2021 06:17PM GMT"
usd_cny,6.4484 +0.0515    +0.80%,11:27:22,2021-06-17 18:19:10.782989,"Prev. Close: 6.3969
Bid/Ask: 6.4477 / 6.4490
Day's Range: 6.3972 - 6.4494",Strong Buy,"Summary:Strong Buy
Moving Averages:BuyBuy (12)Sell (0)
Technical Indicators:Strong BuyBuy (7)Sell (0)","Name
S3
S2
S1
Pivot Points
R1
R2
R3
Classic
6.4380
6.4399
6.4436
6.4455
6.4492
6.4511
6.4548
Fibonacci
6.4399
6.4420
6.4434
6.4455
6.4476
6.4490
6.4511
Camarilla
6.4458
6.4463
6.4468
6.4455
6.4479
6.4484
6.4489
Woodie's
6.4390
6.4404
6.4446
6.4460
6.4502
6.4516
6.4558
DeMark's
-
-
6.4446
6.4460
6.4502
-
-","Technical IndicatorsJun 17, 2021 03:34PM GMT
Name
Value
Action
RSI(14)
85.433
Overbought
STOCH(9,6)
77.649
Buy
STOCHRSI(14)
100.000
Overbought
MACD(12,26)
0.011
Buy
ADX(14)
61.337
Buy
Williams %R
-3.426
Overbought
CCI(14)
151.8010
Buy
ATR(14)
0.0041
Less Volatility
Highs/Lows(14)
0.0141
Buy
Ultimate Oscillator
82.973
Overbought
ROC
0.391
Buy
Bull/Bear Power(13)
0.0286
Buy
Buy: 7
Sell: 0
Neutral: 0


Summary:Strong Buy","Jun 17, 2021 03:34PM GMT"
usd_hkd,7.7649 +0.0019    +0.02%,14:18:29,2021-06-17 18:19:10.785804,"Prev. Close: 7.7630
Bid/Ask: 7.7648 / 7.7649
Day's Range: 7.7625 - 7.7656",Strong Buy,"Summary:Strong Buy
Moving Averages:BuyBuy (12)Sell (0)
Technical Indicators:Strong BuyBuy (7)Sell (3)","Name
S3
S2
S1
Pivot Points
R1
R2
R3
Classic
7.7636
7.7639
7.7643
7.7646
7.7650
7.7653
7.7657
Fibonacci
7.7639
7.7642
7.7643
7.7646
7.7649
7.7650
7.7653
Camarilla
7.7646
7.7646
7.7647
7.7646
7.7648
7.7649
7.7649
Woodie's
7.7636
7.7639
7.7643
7.7646
7.7650
7.7653
7.7657
DeMark's
-
-
7.7644
7.7646
7.7651
-
-","Technical IndicatorsJun 17, 2021 06:19PM GMT
Name
Value
Action
RSI(14)
57.948
Buy
STOCH(9,6)
32.898
Sell
STOCHRSI(14)
35.095
Sell
MACD(12,26)
0.000
Buy
ADX(14)
42.016
Buy
Williams %R
-36.838
Buy
CCI(14)
74.7187
Buy
ATR(14)
0.0009
Less Volatility
Highs/Lows(14)
0.0000
Neutral
Ultimate Oscillator
44.150
Sell
ROC
0.010
Buy
Bull/Bear Power(13)
0.0016
Buy
Buy: 7
Sell: 3
Neutral: 1


Summary:Strong Buy","Jun 17, 2021 06:19PM GMT"
eur_usd,1.1917 -0.0077    -0.64%,14:19:39,2021-06-17 18:20:10.551197,"Prev. Close: 1.1994
Bid/Ask: 1.1915 / 1.1919
Day's Range: 1.1892 - 1.2007",Strong Sell,"Summary:Strong Sell
Moving Averages:SellBuy (2)Sell (10)
Technical Indicators:Strong SellBuy (0)Sell (10)","Name
S3
S2
S1
Pivot Points
R1
R2
R3
Classic
1.1880
1.1888
1.1902
1.1910
1.1924
1.1932
1.1946
Fibonacci
1.1888
1.1896
1.1902
1.1910
1.1918
1.1924
1.1932
Camarilla
1.1910
1.1912
1.1914
1.1910
1.1918
1.1920
1.1922
Woodie's
1.1882
1.1889
1.1904
1.1911
1.1926
1.1933
1.1948
DeMark's
-
-
1.1906
1.1912
1.1928
-
-","Technical IndicatorsJun 17, 2021 06:19PM GMT
Name
Value
Action
RSI(14)
28.020
Sell
STOCH(9,6)
29.689
Sell
STOCHRSI(14)
100.000
Overbought
MACD(12,26)
-0.004
Sell
ADX(14)
32.688
Sell
Williams %R
-78.603
Sell
CCI(14)
-90.2706
Sell
ATR(14)
0.0022
High Volatility
Highs/Lows(14)
-0.0014
Sell
Ultimate Oscillator
36.621
Sell
ROC
-0.704
Sell
Bull/Bear Power(13)
-0.0027
Sell
Buy: 0
Sell: 10
Neutral: 0


Summary:Strong Sell","Jun 17, 2021 06:19PM GMT"
gbp_usd,1.3927 -0.0060    -0.43%,14:19:28,2021-06-17 18:20:10.554899,"Prev. Close: 1.3987
Bid/Ask: 1.3926 / 1.3927
Day's Range: 1.3896 - 1.4010",Strong Sell,"Summary:Strong Sell
Moving Averages:SellBuy (2)Sell (10)
Technical Indicators:Strong SellBuy (0)Sell (9)","Name
S3
S2
S1
Pivot Points
R1
R2
R3
Classic
1.3876
1.3886
1.3905
1.3915
1.3934
1.3944
1.3963
Fibonacci
1.3886
1.3897
1.3904
1.3915
1.3926
1.3933
1.3944
Camarilla
1.3917
1.3920
1.3922
1.3915
1.3928
1.3930
1.3933
Woodie's
1.3882
1.3889
1.3911
1.3918
1.3940
1.3947
1.3969
DeMark's
-
-
1.3910
1.3918
1.3939
-
-","Technical IndicatorsJun 17, 2021 06:19PM GMT
Name
Value
Action
RSI(14)
35.841
Sell
STOCH(9,6)
30.192
Sell
STOCHRSI(14)
88.425
Overbought
MACD(12,26)
-0.003
Sell
ADX(14)
39.308
Neutral
Williams %R
-73.128
Sell
CCI(14)
-79.5989
Sell
ATR(14)
0.0027
High Volatility
Highs/Lows(14)
-0.0014
Sell
Ultimate Oscillator
36.694
Sell
ROC
-0.514
Sell
Bull/Bear Power(13)
-0.0027
Sell
Buy: 0
Sell: 9
Neutral: 1


Summary:Strong Sell","Jun 17, 2021 06:19PM GMT"
usd_jpy,110.23 -0.47    -0.42%,14:19:42,2021-06-17 18:20:10.557932,"Prev. Close: 110.69
Bid/Ask: 110.21 / 110.24
Day's Range: 110.17 - 110.83",Strong Sell,"Summary:Strong Sell
Moving Averages:SellBuy (4)Sell (8)
Technical Indicators:Strong SellBuy (0)Sell (8)","Name
S3
S2
S1
Pivot Points
R1
R2
R3
Classic
110.03
110.11
110.16
110.24
110.29
110.37
110.41
Fibonacci
110.11
110.16
110.19
110.24
110.29
110.32
110.37
Camarilla
110.18
110.19
110.20
110.24
110.23
110.24
110.25
Woodie's
110.03
110.11
110.16
110.24
110.29
110.37
110.41
DeMark's
-
-
110.14
110.23
110.27
-
-","Technical IndicatorsJun 17, 2021 06:19PM GMT
Name
Value
Action
RSI(14)
39.145
Sell
STOCH(9,6)
19.188
Oversold
STOCHRSI(14)
3.210
Oversold
MACD(12,26)
-0.010
Sell
ADX(14)
35.350
Sell
Williams %R
-91.596
Oversold
CCI(14)
-122.6453
Sell
ATR(14)
0.1321
High Volatility
Highs/Lows(14)
-0.2207
Sell
Ultimate Oscillator
37.816
Sell
ROC
-0.411
Sell
Bull/Bear Power(13)
-0.4150
Sell
Buy: 0
Sell: 8
Neutral: 0


Summary:Strong Sell","Jun 17, 2021 06:19PM GMT"
aud_usd,0.7557 -0.0053    -0.70%,14:19:44,2021-06-17 18:20:10.560895,"Prev. Close: 0.7610
Bid/Ask: 0.7556 / 0.7558
Day's Range: 0.7540 - 0.7646",Strong Sell,"Summary:Strong Sell
Moving Averages:Strong SellBuy (0)Sell (12)
Technical Indicators:Strong SellBuy (0)Sell (8)","Name
S3
S2
S1
Pivot Points
R1
R2
R3
Classic
0.7531
0.7537
0.7548
0.7554
0.7565
0.7571
0.7582
Fibonacci
0.7537
0.7543
0.7548
0.7554
0.7560
0.7565
0.7571
Camarilla
0.7553
0.7555
0.7556
0.7554
0.7560
0.7561
0.7563
Woodie's
0.7533
0.7538
0.7550
0.7555
0.7567
0.7572
0.7584
DeMark's
-
-
0.7551
0.7555
0.7568
-
-","Technical IndicatorsJun 17, 2021 06:19PM GMT
Name
Value
Action
RSI(14)
27.939
Sell
STOCH(9,6)
22.633
Sell
STOCHRSI(14)
54.627
Neutral
MACD(12,26)
-0.003
Sell
ADX(14)
42.795
Sell
Williams %R
-82.813
Oversold
CCI(14)
-79.9042
Sell
ATR(14)
0.0018
Less Volatility
Highs/Lows(14)
-0.0018
Sell
Ultimate Oscillator
29.160
Oversold
ROC
-0.963
Sell
Bull/Bear Power(13)
-0.0024
Sell
Buy: 0
Sell: 8
Neutral: 1


Summary:Strong Sell","Jun 17, 2021 06:19PM GMT"
eur_gbp,0.8557 -0.0016    -0.19%,14:19:28,2021-06-17 18:20:10.563788,"Prev. Close: 0.8573
Bid/Ask: 0.8555 / 0.8559
Day's Range: 0.8542 - 0.8580",Strong Sell,"Summary:Strong Sell
Moving Averages:Strong SellBuy (0)Sell (12)
Technical Indicators:SellBuy (1)Sell (5)","Name
S3
S2
S1
Pivot Points
R1
R2
R3
Classic
0.8547
0.8552
0.8555
0.8560
0.8562
0.8568
0.8570
Fibonacci
0.8552
0.8555
0.8557
0.8560
0.8563
0.8565
0.8568
Camarilla
0.8555
0.8556
0.8557
0.8560
0.8558
0.8559
0.8560
Woodie's
0.8547
0.8552
0.8555
0.8560
0.8562
0.8568
0.8570
DeMark's
-
-
0.8554
0.8559
0.8561
-
-","Technical IndicatorsJun 17, 2021 06:19PM GMT
Name
Value
Action
RSI(14)
39.218
Sell
STOCH(9,6)
52.069
Neutral
STOCHRSI(14)
77.045
Overbought
MACD(12,26)
-0.001
Sell
ADX(14)
35.370
Sell
Williams %R
-53.731
Neutral
CCI(14)
-40.6966
Neutral
ATR(14)
0.0011
High Volatility
Highs/Lows(14)
0.0000
Neutral
Ultimate Oscillator
54.862
Buy
ROC
-0.192
Sell
Bull/Bear Power(13)
-0.0008
Sell
Buy: 1
Sell: 5
Neutral: 4


Summary:Sell","Jun 17, 2021 06:19PM GMT"
usd_cad,1.2351 +0.0075    +0.61%,14:19:39,2021-06-17 18:20:10.566663,"Prev. Close: 1.2276
Bid/Ask: 1.2350 / 1.2351
Day's Range: 1.2261 - 1.2378",Strong Buy,"Summary:Strong Buy
Moving Averages:BuyBuy (12)Sell (0)
Technical Indicators:Strong BuyBuy (9)Sell (1)","Name
S3
S2
S1
Pivot Points
R1
R2
R3
Classic
1.2321
1.2330
1.2342
1.2351
1.2363
1.2372
1.2384
Fibonacci
1.2330
1.2338
1.2343
1.2351
1.2359
1.2364
1.2372
Camarilla
1.2347
1.2349
1.2351
1.2351
1.2355
1.2357
1.2359
Woodie's
1.2321
1.2330
1.2342
1.2351
1.2363
1.2372
1.2384
DeMark's
-
-
1.2336
1.2348
1.2357
-
-","Technical IndicatorsJun 17, 2021 06:19PM GMT
Name
Value
Action
RSI(14)
69.986
Buy
STOCH(9,6)
66.559
Buy
STOCHRSI(14)
37.687
Sell
MACD(12,26)
0.003
Buy
ADX(14)
33.242
Neutral
Williams %R
-23.605
Buy
CCI(14)
98.4351
Buy
ATR(14)
0.0026
High Volatility
Highs/Lows(14)
0.0017
Buy
Ultimate Oscillator
69.453
Buy
ROC
0.656
Buy
Bull/Bear Power(13)
0.0041
Buy
Buy: 9
Sell: 1
Neutral: 1


Summary:Strong Buy","Jun 17, 2021 06:19PM GMT"
usd_chf,0.9172 +0.0086    +0.95%,14:19:42,2021-06-17 18:20:10.569525,"Prev. Close: 0.9085
Bid/Ask: 0.9171 / 0.9172
Day's Range: 0.9076 - 0.9188",Strong Buy,"Summary:Strong Buy
Moving Averages:BuyBuy (12)Sell (0)
Technical Indicators:Strong BuyBuy (8)Sell (0)","Name
S3
S2
S1
Pivot Points
R1
R2
R3
Classic
0.9150
0.9160
0.9166
0.9176
0.9181
0.9192
0.9197
Fibonacci
0.9160
0.9166
0.9170
0.9176
0.9182
0.9186
0.9192
Camarilla
0.9167
0.9169
0.9170
0.9176
0.9173
0.9174
0.9176
Woodie's
0.9148
0.9159
0.9164
0.9175
0.9179
0.9191
0.9195
DeMark's
-
-
0.9163
0.9175
0.9179
-
-","Technical IndicatorsJun 17, 2021 06:19PM GMT
Name
Value
Action
RSI(14)
75.352
Overbought
STOCH(9,6)
76.981
Buy
STOCHRSI(14)
11.190
Oversold
MACD(12,26)
0.004
Buy
ADX(14)
32.108
Buy
Williams %R
-15.454
Overbought
CCI(14)
91.1738
Buy
ATR(14)
0.0018
High Volatility
Highs/Lows(14)
0.0018
Buy
Ultimate Oscillator
66.446
Buy
ROC
0.958
Buy
Bull/Bear Power(13)
0.0042
Buy
Buy: 8
Sell: 0
Neutral: 0


Summary:Strong Buy","Jun 17, 2021 06:19PM GMT"
nzd_chf,0.6427 +0.0023    +0.36%,14:19:42,2021-06-17 18:20:10.572417,"Prev. Close: 0.6404
Bid/Ask: 0.6424 / 0.6430
Day's Range: 0.6406 - 0.6453",Neutral,"Summary:Neutral
Moving Averages:BuyBuy (9)Sell (3)
Technical Indicators:Strong SellBuy (1)Sell (7)","Name
S3
S2
S1
Pivot Points
R1
R2
R3
Classic
0.6420
0.6422
0.6425
0.6428
0.6431
0.6434
0.6437
Fibonacci
0.6422
0.6425
0.6426
0.6428
0.6430
0.6431
0.6434
Camarilla
0.6426
0.6427
0.6427
0.6428
0.6429
0.6429
0.6430
Woodie's
0.6420
0.6422
0.6425
0.6428
0.6431
0.6434
0.6437
DeMark's
-
-
0.6426
0.6429
0.6432
-
-","Technical IndicatorsJun 17, 2021 06:19PM GMT
Name
Value
Action
RSI(14)
50.813
Neutral
STOCH(9,6)
42.587
Sell
STOCHRSI(14)
44.569
Sell
MACD(12,26)
0.000
Buy
ADX(14)
25.141
Sell
Williams %R
-55.914
Sell
CCI(14)
-20.8498
Neutral
ATR(14)
0.0012
Less Volatility
Highs/Lows(14)
0.0000
Neutral
Ultimate Oscillator
47.675
Sell
ROC
-0.194
Sell
Bull/Bear Power(13)
-0.0005
Sell
Buy: 1
Sell: 7
Neutral: 3


Summary:Strong Sell","Jun 17, 2021 06:19PM GMT"
usd_cny,6.4484 +0.0515    +0.80%,11:27:22,2021-06-17 18:20:10.575327,"Prev. Close: 6.3969
Bid/Ask: 6.4477 / 6.4490
Day's Range: 6.3972 - 6.4494",Strong Buy,"Summary:Strong Buy
Moving Averages:BuyBuy (12)Sell (0)
Technical Indicators:Strong BuyBuy (7)Sell (0)","Name
S3
S2
S1
Pivot Points
R1
R2
R3
Classic
6.4380
6.4399
6.4436
6.4455
6.4492
6.4511
6.4548
Fibonacci
6.4399
6.4420
6.4434
6.4455
6.4476
6.4490
6.4511
Camarilla
6.4458
6.4463
6.4468
6.4455
6.4479
6.4484
6.4489
Woodie's
6.4390
6.4404
6.4446
6.4460
6.4502
6.4516
6.4558
DeMark's
-
-
6.4446
6.4460
6.4502
-
-","Technical IndicatorsJun 17, 2021 03:34PM GMT
Name
Value
Action
RSI(14)
85.433
Overbought
STOCH(9,6)
77.649
Buy
STOCHRSI(14)
100.000
Overbought
MACD(12,26)
0.011
Buy
ADX(14)
61.337
Buy
Williams %R
-3.426
Overbought
CCI(14)
151.8010
Buy
ATR(14)
0.0041
Less Volatility
Highs/Lows(14)
0.0141
Buy
Ultimate Oscillator
82.973
Overbought
ROC
0.391
Buy
Bull/Bear Power(13)
0.0286
Buy
Buy: 7
Sell: 0
Neutral: 0


Summary:Strong Buy","Jun 17, 2021 03:34PM GMT"
usd_hkd,7.7649 +0.0019    +0.02%,14:19:28,2021-06-17 18:20:10.578190,"Prev. Close: 7.7630
Bid/Ask: 7.7648 / 7.7649
Day's Range: 7.7625 - 7.7656",Strong Buy,"Summary:Strong Buy
Moving Averages:BuyBuy (12)Sell (0)
Technical Indicators:Strong BuyBuy (7)Sell (3)","Name
S3
S2
S1
Pivot Points
R1
R2
R3
Classic
7.7636
7.7639
7.7643
7.7646
7.7650
7.7653
7.7657
Fibonacci
7.7639
7.7642
7.7643
7.7646
7.7649
7.7650
7.7653
Camarilla
7.7646
7.7646
7.7647
7.7646
7.7648
7.7649
7.7649
Woodie's
7.7636
7.7639
7.7643
7.7646
7.7650
7.7653
7.7657
DeMark's
-
-
7.7644
7.7646
7.7651
-
-","Technical IndicatorsJun 17, 2021 06:19PM GMT
Name
Value
Action
RSI(14)
57.948
Buy
STOCH(9,6)
32.898
Sell
STOCHRSI(14)
35.095
Sell
MACD(12,26)
0.000
Buy
ADX(14)
42.016
Buy
Williams %R
-36.838
Buy
CCI(14)
74.7187
Buy
ATR(14)
0.0009
Less Volatility
Highs/Lows(14)
0.0000
Neutral
Ultimate Oscillator
44.150
Sell
ROC
0.010
Buy
Bull/Bear Power(13)
0.0016
Buy
Buy: 7
Sell: 3
Neutral: 1


Summary:Strong Buy","Jun 17, 2021 06:19PM GMT"
eur_usd,1.1917 -0.0077    -0.65%,14:20:51,2021-06-17 18:21:10.403687,"Prev. Close: 1.1994
Bid/Ask: 1.1916 / 1.1917
Day's Range: 1.1892 - 1.2007",Strong Sell,"Summary:Strong Sell
Moving Averages:SellBuy (2)Sell (10)
Technical Indicators:Strong SellBuy (0)Sell (10)","Name
S3
S2
S1
Pivot Points
R1
R2
R3
Classic
1.1880
1.1888
1.1902
1.1910
1.1924
1.1932
1.1946
Fibonacci
1.1888
1.1896
1.1902
1.1910
1.1918
1.1924
1.1932
Camarilla
1.1910
1.1912
1.1914
1.1910
1.1918
1.1920
1.1922
Woodie's
1.1882
1.1889
1.1904
1.1911
1.1926
1.1933
1.1948
DeMark's
-
-
1.1906
1.1912
1.1928
-
-","Technical IndicatorsJun 17, 2021 06:20PM GMT
Name
Value
Action
RSI(14)
28.269
Sell
STOCH(9,6)
29.825
Sell
STOCHRSI(14)
100.000
Overbought
MACD(12,26)
-0.004
Sell
ADX(14)
32.688
Sell
Williams %R
-78.166
Sell
CCI(14)
-89.8256
Sell
ATR(14)
0.0022
High Volatility
Highs/Lows(14)
-0.0014
Sell
Ultimate Oscillator
36.877
Sell
ROC
-0.700
Sell
Bull/Bear Power(13)
-0.0047
Sell
Buy: 0
Sell: 10
Neutral: 0


Summary:Strong Sell","Jun 17, 2021 06:20PM GMT"
gbp_usd,1.3927 -0.0060    -0.43%,14:20:44,2021-06-17 18:21:10.407456,"Prev. Close: 1.3987
Bid/Ask: 1.3926 / 1.3928
Day's Range: 1.3896 - 1.4010",Strong Sell,"Summary:Strong Sell
Moving Averages:SellBuy (2)Sell (10)
Technical Indicators:Strong SellBuy (0)Sell (9)","Name
S3
S2
S1
Pivot Points
R1
R2
R3
Classic
1.3876
1.3886
1.3905
1.3915
1.3934
1.3944
1.3963
Fibonacci
1.3886
1.3897
1.3904
1.3915
1.3926
1.3933
1.3944
Camarilla
1.3917
1.3920
1.3922
1.3915
1.3928
1.3930
1.3933
Woodie's
1.3882
1.3889
1.3911
1.3918
1.3940
1.3947
1.3969
DeMark's
-
-
1.3910
1.3918
1.3939
-
-","Technical IndicatorsJun 17, 2021 06:20PM GMT
Name
Value
Action
RSI(14)
36.173
Sell
STOCH(9,6)
30.401
Sell
STOCHRSI(14)
90.740
Overbought
MACD(12,26)
-0.003
Sell
ADX(14)
39.308
Neutral
Williams %R
-72.247
Sell
CCI(14)
-78.8184
Sell
ATR(14)
0.0027
High Volatility
Highs/Lows(14)
-0.0013
Sell
Ultimate Oscillator
37.069
Sell
ROC
-0.507
Sell
Bull/Bear Power(13)
-0.0027
Sell
Buy: 0
Sell: 9
Neutral: 1


Summary:Strong Sell","Jun 17, 2021 06:20PM GMT"
usd_jpy,110.23 -0.47    -0.42%,14:20:28,2021-06-17 18:21:10.410609,"Prev. Close: 110.69
Bid/Ask: 110.21 / 110.24
Day's Range: 110.17 - 110.83",Strong Sell,"Summary:Strong Sell
Moving Averages:SellBuy (4)Sell (8)
Technical Indicators:Strong SellBuy (0)Sell (8)","Name
S3
S2
S1
Pivot Points
R1
R2
R3
Classic
110.03
110.11
110.16
110.24
110.29
110.37
110.41
Fibonacci
110.11
110.16
110.19
110.24
110.29
110.32
110.37
Camarilla
110.18
110.19
110.20
110.24
110.23
110.24
110.25
Woodie's
110.03
110.11
110.16
110.24
110.29
110.37
110.41
DeMark's
-
-
110.14
110.23
110.27
-
-","Technical IndicatorsJun 17, 2021 06:19PM GMT
Name
Value
Action
RSI(14)
39.145
Sell
STOCH(9,6)
19.188
Oversold
STOCHRSI(14)
3.210
Oversold
MACD(12,26)
-0.010
Sell
ADX(14)
35.350
Sell
Williams %R
-91.596
Oversold
CCI(14)
-122.6453
Sell
ATR(14)
0.1321
High Volatility
Highs/Lows(14)
-0.2207
Sell
Ultimate Oscillator
37.816
Sell
ROC
-0.411
Sell
Bull/Bear Power(13)
-0.4150
Sell
Buy: 0
Sell: 8
Neutral: 0


Summary:Strong Sell","Jun 17, 2021 06:19PM GMT"
aud_usd,0.7557 -0.0053    -0.70%,14:20:52,2021-06-17 18:21:10.413606,"Prev. Close: 0.7610
Bid/Ask: 0.7556 / 0.7558
Day's Range: 0.7540 - 0.7646",Strong Sell,"Summary:Strong Sell
Moving Averages:Strong SellBuy (0)Sell (12)
Technical Indicators:Strong SellBuy (0)Sell (8)","Name
S3
S2
S1
Pivot Points
R1
R2
R3
Classic
0.7531
0.7537
0.7548
0.7554
0.7565
0.7571
0.7582
Fibonacci
0.7537
0.7543
0.7548
0.7554
0.7560
0.7565
0.7571
Camarilla
0.7553
0.7555
0.7556
0.7554
0.7560
0.7561
0.7563
Woodie's
0.7533
0.7538
0.7550
0.7555
0.7567
0.7572
0.7584
DeMark's
-
-
0.7551
0.7555
0.7568
-
-","Technical IndicatorsJun 17, 2021 06:19PM GMT
Name
Value
Action
RSI(14)
27.939
Sell
STOCH(9,6)
22.633
Sell
STOCHRSI(14)
54.627
Neutral
MACD(12,26)
-0.003
Sell
ADX(14)
42.795
Sell
Williams %R
-82.813
Oversold
CCI(14)
-79.9042
Sell
ATR(14)
0.0018
Less Volatility
Highs/Lows(14)
-0.0018
Sell
Ultimate Oscillator
29.160
Oversold
ROC
-0.963
Sell
Bull/Bear Power(13)
-0.0024
Sell
Buy: 0
Sell: 8
Neutral: 1


Summary:Strong Sell","Jun 17, 2021 06:19PM GMT"
eur_gbp,0.8556 -0.0017    -0.20%,14:20:54,2021-06-17 18:21:10.416548,"Prev. Close: 0.8573
Bid/Ask: 0.8555 / 0.8557
Day's Range: 0.8542 - 0.8580",Strong Sell,"Summary:Strong Sell
Moving Averages:Strong SellBuy (0)Sell (12)
Technical Indicators:SellBuy (1)Sell (5)","Name
S3
S2
S1
Pivot Points
R1
R2
R3
Classic
0.8547
0.8552
0.8555
0.8560
0.8562
0.8568
0.8570
Fibonacci
0.8552
0.8555
0.8557
0.8560
0.8563
0.8565
0.8568
Camarilla
0.8555
0.8556
0.8557
0.8560
0.8558
0.8559
0.8560
Woodie's
0.8547
0.8552
0.8555
0.8560
0.8562
0.8568
0.8570
DeMark's
-
-
0.8554
0.8559
0.8561
-
-","Technical IndicatorsJun 17, 2021 06:19PM GMT
Name
Value
Action
RSI(14)
39.218
Sell
STOCH(9,6)
52.069
Neutral
STOCHRSI(14)
77.045
Overbought
MACD(12,26)
-0.001
Sell
ADX(14)
35.370
Sell
Williams %R
-53.731
Neutral
CCI(14)
-40.6966
Neutral
ATR(14)
0.0011
High Volatility
Highs/Lows(14)
0.0000
Neutral
Ultimate Oscillator
54.862
Buy
ROC
-0.192
Sell
Bull/Bear Power(13)
-0.0008
Sell
Buy: 1
Sell: 5
Neutral: 4


Summary:Sell","Jun 17, 2021 06:19PM GMT"
usd_cad,1.2350 +0.0073    +0.60%,14:20:50,2021-06-17 18:21:10.419453,"Prev. Close: 1.2276
Bid/Ask: 1.2349 / 1.2350
Day's Range: 1.2261 - 1.2378",Strong Buy,"Summary:Strong Buy
Moving Averages:BuyBuy (12)Sell (0)
Technical Indicators:Strong BuyBuy (9)Sell (1)","Name
S3
S2
S1
Pivot Points
R1
R2
R3
Classic
1.2321
1.2330
1.2342
1.2351
1.2363
1.2372
1.2384
Fibonacci
1.2330
1.2338
1.2343
1.2351
1.2359
1.2364
1.2372
Camarilla
1.2347
1.2349
1.2351
1.2351
1.2355
1.2357
1.2359
Woodie's
1.2321
1.2330
1.2342
1.2351
1.2363
1.2372
1.2384
DeMark's
-
-
1.2336
1.2348
1.2357
-
-","Technical IndicatorsJun 17, 2021 06:19PM GMT
Name
Value
Action
RSI(14)
69.986
Buy
STOCH(9,6)
66.559
Buy
STOCHRSI(14)
37.687
Sell
MACD(12,26)
0.003
Buy
ADX(14)
33.242
Neutral
Williams %R
-23.605
Buy
CCI(14)
98.4351
Buy
ATR(14)
0.0026
High Volatility
Highs/Lows(14)
0.0017
Buy
Ultimate Oscillator
69.453
Buy
ROC
0.656
Buy
Bull/Bear Power(13)
0.0041
Buy
Buy: 9
Sell: 1
Neutral: 1


Summary:Strong Buy","Jun 17, 2021 06:19PM GMT"
usd_chf,0.9172 +0.0086    +0.95%,14:20:41,2021-06-17 18:21:10.422333,"Prev. Close: 0.9085
Bid/Ask: 0.9171 / 0.9172
Day's Range: 0.9076 - 0.9188",Strong Buy,"Summary:Strong Buy
Moving Averages:BuyBuy (12)Sell (0)
Technical Indicators:Strong BuyBuy (8)Sell (0)","Name
S3
S2
S1
Pivot Points
R1
R2
R3
Classic
0.9150
0.9160
0.9166
0.9176
0.9181
0.9192
0.9197
Fibonacci
0.9160
0.9166
0.9170
0.9176
0.9182
0.9186
0.9192
Camarilla
0.9167
0.9169
0.9170
0.9176
0.9173
0.9174
0.9176
Woodie's
0.9148
0.9159
0.9164
0.9175
0.9179
0.9191
0.9195
DeMark's
-
-
0.9163
0.9175
0.9179
-
-","Technical IndicatorsJun 17, 2021 06:19PM GMT
Name
Value
Action
RSI(14)
75.352
Overbought
STOCH(9,6)
76.981
Buy
STOCHRSI(14)
11.190
Oversold
MACD(12,26)
0.004
Buy
ADX(14)
32.108
Buy
Williams %R
-15.454
Overbought
CCI(14)
91.1738
Buy
ATR(14)
0.0018
High Volatility
Highs/Lows(14)
0.0018
Buy
Ultimate Oscillator
66.446
Buy
ROC
0.958
Buy
Bull/Bear Power(13)
0.0042
Buy
Buy: 8
Sell: 0
Neutral: 0


Summary:Strong Buy","Jun 17, 2021 06:19PM GMT"
nzd_chf,0.6427 +0.0022    +0.35%,14:20:48,2021-06-17 18:21:10.425210,"Prev. Close: 0.6404
Bid/Ask: 0.6425 / 0.6428
Day's Range: 0.6406 - 0.6453",Neutral,"Summary:Neutral
Moving Averages:BuyBuy (9)Sell (3)
Technical Indicators:Strong SellBuy (1)Sell (7)","Name
S3
S2
S1
Pivot Points
R1
R2
R3
Classic
0.6420
0.6422
0.6425
0.6428
0.6431
0.6434
0.6437
Fibonacci
0.6422
0.6425
0.6426
0.6428
0.6430
0.6431
0.6434
Camarilla
0.6426
0.6427
0.6427
0.6428
0.6429
0.6429
0.6430
Woodie's
0.6420
0.6422
0.6425
0.6428
0.6431
0.6434
0.6437
DeMark's
-
-
0.6426
0.6429
0.6432
-
-","Technical IndicatorsJun 17, 2021 06:19PM GMT
Name
Value
Action
RSI(14)
50.813
Neutral
STOCH(9,6)
42.587
Sell
STOCHRSI(14)
44.569
Sell
MACD(12,26)
0.000
Buy
ADX(14)
25.141
Sell
Williams %R
-55.914
Sell
CCI(14)
-20.8498
Neutral
ATR(14)
0.0012
Less Volatility
Highs/Lows(14)
0.0000
Neutral
Ultimate Oscillator
47.675
Sell
ROC
-0.194
Sell
Bull/Bear Power(13)
-0.0005
Sell
Buy: 1
Sell: 7
Neutral: 3


Summary:Strong Sell","Jun 17, 2021 06:19PM GMT"
usd_cny,6.4484 +0.0515    +0.80%,11:27:22,2021-06-17 18:21:10.428072,"Prev. Close: 6.3969
Bid/Ask: 6.4477 / 6.4490
Day's Range: 6.3972 - 6.4494",Strong Buy,"Summary:Strong Buy
Moving Averages:BuyBuy (12)Sell (0)
Technical Indicators:Strong BuyBuy (7)Sell (0)","Name
S3
S2
S1
Pivot Points
R1
R2
R3
Classic
6.4380
6.4399
6.4436
6.4455
6.4492
6.4511
6.4548
Fibonacci
6.4399
6.4420
6.4434
6.4455
6.4476
6.4490
6.4511
Camarilla
6.4458
6.4463
6.4468
6.4455
6.4479
6.4484
6.4489
Woodie's
6.4390
6.4404
6.4446
6.4460
6.4502
6.4516
6.4558
DeMark's
-
-
6.4446
6.4460
6.4502
-
-","Technical IndicatorsJun 17, 2021 03:34PM GMT
Name
Value
Action
RSI(14)
85.433
Overbought
STOCH(9,6)
77.649
Buy
STOCHRSI(14)
100.000
Overbought
MACD(12,26)
0.011
Buy
ADX(14)
61.337
Buy
Williams %R
-3.426
Overbought
CCI(14)
151.8010
Buy
ATR(14)
0.0041
Less Volatility
Highs/Lows(14)
0.0141
Buy
Ultimate Oscillator
82.973
Overbought
ROC
0.391
Buy
Bull/Bear Power(13)
0.0286
Buy
Buy: 7
Sell: 0
Neutral: 0


Summary:Strong Buy","Jun 17, 2021 03:34PM GMT"
usd_hkd,7.7648 +0.0018    +0.02%,14:20:54,2021-06-17 18:21:10.430947,"Prev. Close: 7.7630
Bid/Ask: 7.7647 / 7.7648
Day's Range: 7.7625 - 7.7656",Strong Buy,"Summary:Strong Buy
Moving Averages:BuyBuy (12)Sell (0)
Technical Indicators:Strong BuyBuy (7)Sell (3)","Name
S3
S2
S1
Pivot Points
R1
R2
R3
Classic
7.7636
7.7639
7.7643
7.7646
7.7650
7.7653
7.7657
Fibonacci
7.7639
7.7642
7.7643
7.7646
7.7649
7.7650
7.7653
Camarilla
7.7646
7.7646
7.7647
7.7646
7.7648
7.7649
7.7649
Woodie's
7.7636
7.7639
7.7643
7.7646
7.7650
7.7653
7.7657
DeMark's
-
-
7.7644
7.7646
7.7651
-
-","Technical IndicatorsJun 17, 2021 06:20PM GMT
Name
Value
Action
RSI(14)
57.948
Buy
STOCH(9,6)
32.898
Sell
STOCHRSI(14)
35.095
Sell
MACD(12,26)
0.000
Buy
ADX(14)
42.016
Buy
Williams %R
-36.838
Buy
CCI(14)
74.7187
Buy
ATR(14)
0.0009
Less Volatility
Highs/Lows(14)
0.0000
Neutral
Ultimate Oscillator
44.150
Sell
ROC
0.010
Buy
Bull/Bear Power(13)
0.0016
Buy
Buy: 7
Sell: 3
Neutral: 1


Summary:Strong Buy","Jun 17, 2021 06:20PM GMT"
eur_usd,1.1916 -0.0078    -0.65%,14:21:43,2021-06-17 18:22:10.208081,"Prev. Close: 1.1994
Bid/Ask: 1.1914 / 1.1918
Day's Range: 1.1892 - 1.2007",Strong Sell,"Summary:Strong Sell
Moving Averages:SellBuy (2)Sell (10)
Technical Indicators:Strong SellBuy (0)Sell (10)","Name
S3
S2
S1
Pivot Points
R1
R2
R3
Classic
1.1880
1.1888
1.1902
1.1910
1.1924
1.1932
1.1946
Fibonacci
1.1888
1.1896
1.1902
1.1910
1.1918
1.1924
1.1932
Camarilla
1.1910
1.1912
1.1914
1.1910
1.1918
1.1920
1.1922
Woodie's
1.1882
1.1889
1.1904
1.1911
1.1926
1.1933
1.1948
DeMark's
-
-
1.1906
1.1912
1.1928
-
-","Technical IndicatorsJun 17, 2021 06:20PM GMT
Name
Value
Action
RSI(14)
28.269
Sell
STOCH(9,6)
29.825
Sell
STOCHRSI(14)
100.000
Overbought
MACD(12,26)
-0.004
Sell
ADX(14)
32.688
Sell
Williams %R
-78.166
Sell
CCI(14)
-89.8256
Sell
ATR(14)
0.0022
High Volatility
Highs/Lows(14)
-0.0014
Sell
Ultimate Oscillator
36.877
Sell
ROC
-0.700
Sell
Bull/Bear Power(13)
-0.0047
Sell
Buy: 0
Sell: 10
Neutral: 0


Summary:Strong Sell","Jun 17, 2021 06:20PM GMT"
gbp_usd,1.3927 -0.0060    -0.43%,14:21:31,2021-06-17 18:22:10.211737,"Prev. Close: 1.3987
Bid/Ask: 1.3925 / 1.3929
Day's Range: 1.3896 - 1.4010",Strong Sell,"Summary:Strong Sell
Moving Averages:SellBuy (2)Sell (10)
Technical Indicators:Strong SellBuy (0)Sell (9)","Name
S3
S2
S1
Pivot Points
R1
R2
R3
Classic
1.3876
1.3886
1.3905
1.3915
1.3934
1.3944
1.3963
Fibonacci
1.3886
1.3897
1.3904
1.3915
1.3926
1.3933
1.3944
Camarilla
1.3917
1.3920
1.3922
1.3915
1.3928
1.3930
1.3933
Woodie's
1.3882
1.3889
1.3911
1.3918
1.3940
1.3947
1.3969
DeMark's
-
-
1.3910
1.3918
1.3939
-
-","Technical IndicatorsJun 17, 2021 06:20PM GMT
Name
Value
Action
RSI(14)
36.173
Sell
STOCH(9,6)
30.401
Sell
STOCHRSI(14)
90.740
Overbought
MACD(12,26)
-0.003
Sell
ADX(14)
39.308
Neutral
Williams %R
-72.247
Sell
CCI(14)
-78.8184
Sell
ATR(14)
0.0027
High Volatility
Highs/Lows(14)
-0.0013
Sell
Ultimate Oscillator
37.069
Sell
ROC
-0.507
Sell
Bull/Bear Power(13)
-0.0027
Sell
Buy: 0
Sell: 9
Neutral: 1


Summary:Strong Sell","Jun 17, 2021 06:20PM GMT"
usd_jpy,110.23 -0.47    -0.42%,14:21:43,2021-06-17 18:22:10.214697,"Prev. Close: 110.69
Bid/Ask: 110.21 / 110.24
Day's Range: 110.17 - 110.83",Strong Sell,"Summary:Strong Sell
Moving Averages:SellBuy (4)Sell (8)
Technical Indicators:Strong SellBuy (0)Sell (8)","Name
S3
S2
S1
Pivot Points
R1
R2
R3
Classic
110.03
110.11
110.16
110.24
110.29
110.37
110.41
Fibonacci
110.11
110.16
110.19
110.24
110.29
110.32
110.37
Camarilla
110.18
110.19
110.20
110.24
110.23
110.24
110.25
Woodie's
110.03
110.11
110.16
110.24
110.29
110.37
110.41
DeMark's
-
-
110.14
110.23
110.27
-
-","Technical IndicatorsJun 17, 2021 06:21PM GMT
Name
Value
Action
RSI(14)
38.825
Sell
STOCH(9,6)
19.048
Oversold
STOCHRSI(14)
2.044
Oversold
MACD(12,26)
-0.010
Sell
ADX(14)
35.350
Sell
Williams %R
-92.437
Oversold
CCI(14)
-123.2015
Sell
ATR(14)
0.1321
High Volatility
Highs/Lows(14)
-0.2257
Sell
Ultimate Oscillator
37.466
Sell
ROC
-0.416
Sell
Bull/Bear Power(13)
-0.4130
Sell
Buy: 0
Sell: 8
Neutral: 0


Summary:Strong Sell","Jun 17, 2021 06:21PM GMT"
aud_usd,0.7557 -0.0053    -0.70%,14:21:42,2021-06-17 18:22:10.217535,"Prev. Close: 0.7610
Bid/Ask: 0.7556 / 0.7558
Day's Range: 0.7540 - 0.7646",Strong Sell,"Summary:Strong Sell
Moving Averages:Strong SellBuy (0)Sell (12)
Technical Indicators:Strong SellBuy (0)Sell (8)","Name
S3
S2
S1
Pivot Points
R1
R2
R3
Classic
0.7531
0.7537
0.7548
0.7554
0.7565
0.7571
0.7582
Fibonacci
0.7537
0.7543
0.7548
0.7554
0.7560
0.7565
0.7571
Camarilla
0.7553
0.7555
0.7556
0.7554
0.7560
0.7561
0.7563
Woodie's
0.7533
0.7538
0.7550
0.7555
0.7567
0.7572
0.7584
DeMark's
-
-
0.7551
0.7555
0.7568
-
-","Technical IndicatorsJun 17, 2021 06:19PM GMT
Name
Value
Action
RSI(14)
27.939
Sell
STOCH(9,6)
22.633
Sell
STOCHRSI(14)
54.627
Neutral
MACD(12,26)
-0.003
Sell
ADX(14)
42.795
Sell
Williams %R
-82.813
Oversold
CCI(14)
-79.9042
Sell
ATR(14)
0.0018
Less Volatility
Highs/Lows(14)
-0.0018
Sell
Ultimate Oscillator
29.160
Oversold
ROC
-0.963
Sell
Bull/Bear Power(13)
-0.0024
Sell
Buy: 0
Sell: 8
Neutral: 1


Summary:Strong Sell","Jun 17, 2021 06:19PM GMT"
eur_gbp,0.8556 -0.0017    -0.20%,14:21:31,2021-06-17 18:22:10.220391,"Prev. Close: 0.8573
Bid/Ask: 0.8553 / 0.8559
Day's Range: 0.8542 - 0.8580",Strong Sell,"Summary:Strong Sell
Moving Averages:Strong SellBuy (0)Sell (12)
Technical Indicators:Strong SellBuy (2)Sell (6)","Name
S3
S2
S1
Pivot Points
R1
R2
R3
Classic
0.8547
0.8552
0.8555
0.8560
0.8562
0.8568
0.8570
Fibonacci
0.8552
0.8555
0.8557
0.8560
0.8563
0.8565
0.8568
Camarilla
0.8555
0.8556
0.8557
0.8560
0.8558
0.8559
0.8560
Woodie's
0.8547
0.8552
0.8555
0.8560
0.8562
0.8568
0.8570
DeMark's
-
-
0.8554
0.8559
0.8561
-
-","Technical IndicatorsJun 17, 2021 06:21PM GMT
Name
Value
Action
RSI(14)
38.498
Sell
STOCH(9,6)
51.452
Neutral
STOCHRSI(14)
73.921
Buy
MACD(12,26)
-0.001
Sell
ADX(14)
35.370
Sell
Williams %R
-56.717
Sell
CCI(14)
-45.1414
Neutral
ATR(14)
0.0011
High Volatility
Highs/Lows(14)
0.0000
Neutral
Ultimate Oscillator
53.923
Buy
ROC
-0.204
Sell
Bull/Bear Power(13)
-0.0008
Sell
Buy: 2
Sell: 6
Neutral: 3


Summary:Strong Sell","Jun 17, 2021 06:21PM GMT"
usd_cad,1.2350 +0.0073    +0.60%,14:21:41,2021-06-17 18:22:10.223220,"Prev. Close: 1.2276
Bid/Ask: 1.2349 / 1.2350
Day's Range: 1.2261 - 1.2378",Strong Buy,"Summary:Strong Buy
Moving Averages:BuyBuy (12)Sell (0)
Technical Indicators:Strong BuyBuy (9)Sell (1)","Name
S3
S2
S1
Pivot Points
R1
R2
R3
Classic
1.2321
1.2330
1.2342
1.2351
1.2363
1.2372
1.2384
Fibonacci
1.2330
1.2338
1.2343
1.2351
1.2359
1.2364
1.2372
Camarilla
1.2347
1.2349
1.2351
1.2351
1.2355
1.2357
1.2359
Woodie's
1.2321
1.2330
1.2342
1.2351
1.2363
1.2372
1.2384
DeMark's
-
-
1.2336
1.2348
1.2357
-
-","Technical IndicatorsJun 17, 2021 06:19PM GMT
Name
Value
Action
RSI(14)
69.986
Buy
STOCH(9,6)
66.559
Buy
STOCHRSI(14)
37.687
Sell
MACD(12,26)
0.003
Buy
ADX(14)
33.242
Neutral
Williams %R
-23.605
Buy
CCI(14)
98.4351
Buy
ATR(14)
0.0026
High Volatility
Highs/Lows(14)
0.0017
Buy
Ultimate Oscillator
69.453
Buy
ROC
0.656
Buy
Bull/Bear Power(13)
0.0041
Buy
Buy: 9
Sell: 1
Neutral: 1


Summary:Strong Buy","Jun 17, 2021 06:19PM GMT"
usd_chf,0.9172 +0.0087    +0.96%,14:21:43,2021-06-17 18:22:10.226105,"Prev. Close: 0.9085
Bid/Ask: 0.9170 / 0.9174
Day's Range: 0.9076 - 0.9188",Strong Buy,"Summary:Strong Buy
Moving Averages:BuyBuy (12)Sell (0)
Technical Indicators:Strong BuyBuy (8)Sell (0)","Name
S3
S2
S1
Pivot Points
R1
R2
R3
Classic
0.9150
0.9160
0.9166
0.9176
0.9181
0.9192
0.9197
Fibonacci
0.9160
0.9166
0.9170
0.9176
0.9182
0.9186
0.9192
Camarilla
0.9167
0.9169
0.9170
0.9176
0.9173
0.9174
0.9176
Woodie's
0.9148
0.9159
0.9164
0.9175
0.9179
0.9191
0.9195
DeMark's
-
-
0.9163
0.9175
0.9179
-
-","Technical IndicatorsJun 17, 2021 06:21PM GMT
Name
Value
Action
RSI(14)
75.352
Overbought
STOCH(9,6)
76.981
Buy
STOCHRSI(14)
11.190
Oversold
MACD(12,26)
0.004
Buy
ADX(14)
32.108
Buy
Williams %R
-15.454
Overbought
CCI(14)
91.1738
Buy
ATR(14)
0.0018
High Volatility
Highs/Lows(14)
0.0018
Buy
Ultimate Oscillator
66.446
Buy
ROC
0.958
Buy
Bull/Bear Power(13)
0.0042
Buy
Buy: 8
Sell: 0
Neutral: 0


Summary:Strong Buy","Jun 17, 2021 06:21PM GMT"
nzd_chf,0.6427 +0.0022    +0.35%,14:21:43,2021-06-17 18:22:10.228959,"Prev. Close: 0.6404
Bid/Ask: 0.6424 / 0.6429
Day's Range: 0.6406 - 0.6453",Neutral,"Summary:Neutral
Moving Averages:BuyBuy (9)Sell (3)
Technical Indicators:SellBuy (1)Sell (5)","Name
S3
S2
S1
Pivot Points
R1
R2
R3
Classic
0.6420
0.6422
0.6425
0.6428
0.6431
0.6434
0.6437
Fibonacci
0.6422
0.6425
0.6426
0.6428
0.6430
0.6431
0.6434
Camarilla
0.6426
0.6427
0.6427
0.6428
0.6429
0.6429
0.6430
Woodie's
0.6420
0.6422
0.6425
0.6428
0.6431
0.6434
0.6437
DeMark's
-
-
0.6426
0.6429
0.6432
-
-","Technical IndicatorsJun 17, 2021 06:21PM GMT
Name
Value
Action
RSI(14)
51.167
Neutral
STOCH(9,6)
42.806
Sell
STOCHRSI(14)
45.926
Neutral
MACD(12,26)
0.000
Buy
ADX(14)
25.141
Sell
Williams %R
-54.839
Neutral
CCI(14)
-19.6490
Neutral
ATR(14)
0.0012
Less Volatility
Highs/Lows(14)
0.0000
Neutral
Ultimate Oscillator
48.154
Sell
ROC
-0.186
Sell
Bull/Bear Power(13)
-0.0005
Sell
Buy: 1
Sell: 5
Neutral: 5


Summary:Sell","Jun 17, 2021 06:21PM GMT"
usd_cny,6.4484 +0.0515    +0.80%,11:27:22,2021-06-17 18:22:10.231787,"Prev. Close: 6.3969
Bid/Ask: 6.4477 / 6.4490
Day's Range: 6.3972 - 6.4494",Strong Buy,"Summary:Strong Buy
Moving Averages:BuyBuy (12)Sell (0)
Technical Indicators:Strong BuyBuy (7)Sell (0)","Name
S3
S2
S1
Pivot Points
R1
R2
R3
Classic
6.4380
6.4399
6.4436
6.4455
6.4492
6.4511
6.4548
Fibonacci
6.4399
6.4420
6.4434
6.4455
6.4476
6.4490
6.4511
Camarilla
6.4458
6.4463
6.4468
6.4455
6.4479
6.4484
6.4489
Woodie's
6.4390
6.4404
6.4446
6.4460
6.4502
6.4516
6.4558
DeMark's
-
-
6.4446
6.4460
6.4502
-
-","Technical IndicatorsJun 17, 2021 03:34PM GMT
Name
Value
Action
RSI(14)
85.433
Overbought
STOCH(9,6)
77.649
Buy
STOCHRSI(14)
100.000
Overbought
MACD(12,26)
0.011
Buy
ADX(14)
61.337
Buy
Williams %R
-3.426
Overbought
CCI(14)
151.8010
Buy
ATR(14)
0.0041
Less Volatility
Highs/Lows(14)
0.0141
Buy
Ultimate Oscillator
82.973
Overbought
ROC
0.391
Buy
Bull/Bear Power(13)
0.0286
Buy
Buy: 7
Sell: 0
Neutral: 0


Summary:Strong Buy","Jun 17, 2021 03:34PM GMT"
usd_hkd,7.7649 +0.0019    +0.02%,14:21:28,2021-06-17 18:22:10.234607,"Prev. Close: 7.7630
Bid/Ask: 7.7648 / 7.7649
Day's Range: 7.7625 - 7.7656",Strong Buy,"Summary:Strong Buy
Moving Averages:BuyBuy (12)Sell (0)
Technical Indicators:Strong BuyBuy (7)Sell (3)","Name
S3
S2
S1
Pivot Points
R1
R2
R3
Classic
7.7636
7.7639
7.7643
7.7646
7.7650
7.7653
7.7657
Fibonacci
7.7639
7.7642
7.7643
7.7646
7.7649
7.7650
7.7653
Camarilla
7.7646
7.7646
7.7647
7.7646
7.7648
7.7649
7.7649
Woodie's
7.7636
7.7639
7.7643
7.7646
7.7650
7.7653
7.7657
DeMark's
-
-
7.7644
7.7646
7.7651
-
-","Technical IndicatorsJun 17, 2021 06:21PM GMT
Name
Value
Action
RSI(14)
57.948
Buy
STOCH(9,6)
32.898
Sell
STOCHRSI(14)
35.095
Sell
MACD(12,26)
0.000
Buy
ADX(14)
42.016
Buy
Williams %R
-36.838
Buy
CCI(14)
74.7187
Buy
ATR(14)
0.0009
Less Volatility
Highs/Lows(14)
0.0000
Neutral
Ultimate Oscillator
44.150
Sell
ROC
0.010
Buy
Bull/Bear Power(13)
0.0016
Buy
Buy: 7
Sell: 3
Neutral: 1


Summary:Strong Buy","Jun 17, 2021 06:21PM GMT"
eur_usd,1.1917 -0.0077    -0.64%,14:22:50,2021-06-17 18:23:10.315794,"Prev. Close: 1.1994
Bid/Ask: 1.1915 / 1.1919
Day's Range: 1.1892 - 1.2007",Strong Sell,"Summary:Strong Sell
Moving Averages:SellBuy (2)Sell (10)
Technical Indicators:Strong SellBuy (0)Sell (10)","Name
S3
S2
S1
Pivot Points
R1
R2
R3
Classic
1.1880
1.1888
1.1902
1.1910
1.1924
1.1932
1.1946
Fibonacci
1.1888
1.1896
1.1902
1.1910
1.1918
1.1924
1.1932
Camarilla
1.1910
1.1912
1.1914
1.1910
1.1918
1.1920
1.1922
Woodie's
1.1882
1.1889
1.1904
1.1911
1.1926
1.1933
1.1948
DeMark's
-
-
1.1906
1.1912
1.1928
-
-","Technical IndicatorsJun 17, 2021 06:22PM GMT
Name
Value
Action
RSI(14)
28.020
Sell
STOCH(9,6)
29.689
Sell
STOCHRSI(14)
100.000
Overbought
MACD(12,26)
-0.004
Sell
ADX(14)
32.688
Sell
Williams %R
-78.603
Sell
CCI(14)
-90.2706
Sell
ATR(14)
0.0022
High Volatility
Highs/Lows(14)
-0.0014
Sell
Ultimate Oscillator
36.621
Sell
ROC
-0.704
Sell
Bull/Bear Power(13)
-0.0027
Sell
Buy: 0
Sell: 10
Neutral: 0


Summary:Strong Sell","Jun 17, 2021 06:22PM GMT"
gbp_usd,1.3928 -0.0060    -0.43%,14:22:42,2021-06-17 18:23:10.319440,"Prev. Close: 1.3987
Bid/Ask: 1.3925 / 1.3930
Day's Range: 1.3896 - 1.4010",Strong Sell,"Summary:Strong Sell
Moving Averages:SellBuy (2)Sell (10)
Technical Indicators:Strong SellBuy (0)Sell (9)","Name
S3
S2
S1
Pivot Points
R1
R2
R3
Classic
1.3876
1.3886
1.3905
1.3915
1.3934
1.3944
1.3963
Fibonacci
1.3886
1.3897
1.3904
1.3915
1.3926
1.3933
1.3944
Camarilla
1.3917
1.3920
1.3922
1.3915
1.3928
1.3930
1.3933
Woodie's
1.3882
1.3889
1.3911
1.3918
1.3940
1.3947
1.3969
DeMark's
-
-
1.3910
1.3918
1.3939
-
-","Technical IndicatorsJun 17, 2021 06:22PM GMT
Name
Value
Action
RSI(14)
36.007
Sell
STOCH(9,6)
30.296
Sell
STOCHRSI(14)
89.582
Overbought
MACD(12,26)
-0.003
Sell
ADX(14)
39.308
Neutral
Williams %R
-72.688
Sell
CCI(14)
-79.2093
Sell
ATR(14)
0.0027
High Volatility
Highs/Lows(14)
-0.0014
Sell
Ultimate Oscillator
36.881
Sell
ROC
-0.511
Sell
Bull/Bear Power(13)
-0.0027
Sell
Buy: 0
Sell: 9
Neutral: 1


Summary:Strong Sell","Jun 17, 2021 06:22PM GMT"
usd_jpy,110.21 -0.48    -0.44%,14:22:32,2021-06-17 18:23:10.322466,"Prev. Close: 110.69
Bid/Ask: 110.19 / 110.22
Day's Range: 110.17 - 110.83",Strong Sell,"Summary:Strong Sell
Moving Averages:SellBuy (4)Sell (8)
Technical Indicators:Strong SellBuy (0)Sell (8)","Name
S3
S2
S1
Pivot Points
R1
R2
R3
Classic
110.03
110.11
110.16
110.24
110.29
110.37
110.41
Fibonacci
110.11
110.16
110.19
110.24
110.29
110.32
110.37
Camarilla
110.18
110.19
110.20
110.24
110.23
110.24
110.25
Woodie's
110.03
110.11
110.16
110.24
110.29
110.37
110.41
DeMark's
-
-
110.14
110.23
110.27
-
-","Technical IndicatorsJun 17, 2021 06:21PM GMT
Name
Value
Action
RSI(14)
38.825
Sell
STOCH(9,6)
19.048
Oversold
STOCHRSI(14)
2.044
Oversold
MACD(12,26)
-0.010
Sell
ADX(14)
35.350
Sell
Williams %R
-92.437
Oversold
CCI(14)
-123.2015
Sell
ATR(14)
0.1321
High Volatility
Highs/Lows(14)
-0.2257
Sell
Ultimate Oscillator
37.466
Sell
ROC
-0.416
Sell
Bull/Bear Power(13)
-0.4130
Sell
Buy: 0
Sell: 8
Neutral: 0


Summary:Strong Sell","Jun 17, 2021 06:21PM GMT"
aud_usd,0.7558 -0.0052    -0.68%,14:22:48,2021-06-17 18:23:10.325350,"Prev. Close: 0.7610
Bid/Ask: 0.7557 / 0.7559
Day's Range: 0.7540 - 0.7646",Strong Sell,"Summary:Strong Sell
Moving Averages:Strong SellBuy (0)Sell (12)
Technical Indicators:Strong SellBuy (1)Sell (8)","Name
S3
S2
S1
Pivot Points
R1
R2
R3
Classic
0.7531
0.7537
0.7548
0.7554
0.7565
0.7571
0.7582
Fibonacci
0.7537
0.7543
0.7548
0.7554
0.7560
0.7565
0.7571
Camarilla
0.7553
0.7555
0.7556
0.7554
0.7560
0.7561
0.7563
Woodie's
0.7533
0.7538
0.7550
0.7555
0.7567
0.7572
0.7584
DeMark's
-
-
0.7551
0.7555
0.7568
-
-","Technical IndicatorsJun 17, 2021 06:21PM GMT
Name
Value
Action
RSI(14)
28.190
Sell
STOCH(9,6)
22.918
Sell
STOCHRSI(14)
56.025
Buy
MACD(12,26)
-0.003
Sell
ADX(14)
42.795
Sell
Williams %R
-81.771
Oversold
CCI(14)
-79.0846
Sell
ATR(14)
0.0018
Less Volatility
Highs/Lows(14)
-0.0017
Sell
Ultimate Oscillator
29.753
Oversold
ROC
-0.950
Sell
Bull/Bear Power(13)
-0.0024
Sell
Buy: 1
Sell: 8
Neutral: 0


Summary:Strong Sell","Jun 17, 2021 06:21PM GMT"
eur_gbp,0.8557 -0.0016    -0.19%,14:22:44,2021-06-17 18:23:10.328197,"Prev. Close: 0.8573
Bid/Ask: 0.8554 / 0.8559
Day's Range: 0.8542 - 0.8580",Strong Sell,"Summary:Strong Sell
Moving Averages:Strong SellBuy (0)Sell (12)
Technical Indicators:Strong SellBuy (2)Sell (6)","Name
S3
S2
S1
Pivot Points
R1
R2
R3
Classic
0.8547
0.8552
0.8555
0.8560
0.8562
0.8568
0.8570
Fibonacci
0.8552
0.8555
0.8557
0.8560
0.8563
0.8565
0.8568
Camarilla
0.8555
0.8556
0.8557
0.8560
0.8558
0.8559
0.8560
Woodie's
0.8547
0.8552
0.8555
0.8560
0.8562
0.8568
0.8570
DeMark's
-
-
0.8554
0.8559
0.8561
-
-","Technical IndicatorsJun 17, 2021 06:21PM GMT
Name
Value
Action
RSI(14)
38.498
Sell
STOCH(9,6)
51.452
Neutral
STOCHRSI(14)
73.921
Buy
MACD(12,26)
-0.001
Sell
ADX(14)
35.370
Sell
Williams %R
-56.717
Sell
CCI(14)
-45.1414
Neutral
ATR(14)
0.0011
High Volatility
Highs/Lows(14)
0.0000
Neutral
Ultimate Oscillator
53.923
Buy
ROC
-0.204
Sell
Bull/Bear Power(13)
-0.0008
Sell
Buy: 2
Sell: 6
Neutral: 3


Summary:Strong Sell","Jun 17, 2021 06:21PM GMT"
usd_cad,1.2350 +0.0073    +0.60%,14:22:50,2021-06-17 18:23:10.331042,"Prev. Close: 1.2276
Bid/Ask: 1.2349 / 1.2350
Day's Range: 1.2261 - 1.2378",Strong Buy,"Summary:Strong Buy
Moving Averages:BuyBuy (12)Sell (0)
Technical Indicators:Strong BuyBuy (9)Sell (1)","Name
S3
S2
S1
Pivot Points
R1
R2
R3
Classic
1.2321
1.2330
1.2342
1.2351
1.2363
1.2372
1.2384
Fibonacci
1.2330
1.2338
1.2343
1.2351
1.2359
1.2364
1.2372
Camarilla
1.2347
1.2349
1.2351
1.2351
1.2355
1.2357
1.2359
Woodie's
1.2321
1.2330
1.2342
1.2351
1.2363
1.2372
1.2384
DeMark's
-
-
1.2336
1.2348
1.2357
-
-","Technical IndicatorsJun 17, 2021 06:21PM GMT
Name
Value
Action
RSI(14)
69.746
Buy
STOCH(9,6)
66.458
Buy
STOCHRSI(14)
36.089
Sell
MACD(12,26)
0.003
Buy
ADX(14)
33.242
Neutral
Williams %R
-24.035
Buy
CCI(14)
98.0055
Buy
ATR(14)
0.0026
High Volatility
Highs/Lows(14)
0.0017
Buy
Ultimate Oscillator
69.257
Buy
ROC
0.652
Buy
Bull/Bear Power(13)
0.0041
Buy
Buy: 9
Sell: 1
Neutral: 1


Summary:Strong Buy","Jun 17, 2021 06:21PM GMT"
usd_chf,0.9172 +0.0086    +0.95%,14:22:43,2021-06-17 18:23:10.333863,"Prev. Close: 0.9085
Bid/Ask: 0.9171 / 0.9172
Day's Range: 0.9076 - 0.9188",Strong Buy,"Summary:Strong Buy
Moving Averages:BuyBuy (12)Sell (0)
Technical Indicators:Strong BuyBuy (8)Sell (0)","Name
S3
S2
S1
Pivot Points
R1
R2
R3
Classic
0.9150
0.9160
0.9166
0.9176
0.9181
0.9192
0.9197
Fibonacci
0.9160
0.9166
0.9170
0.9176
0.9182
0.9186
0.9192
Camarilla
0.9167
0.9169
0.9170
0.9176
0.9173
0.9174
0.9176
Woodie's
0.9148
0.9159
0.9164
0.9175
0.9179
0.9191
0.9195
DeMark's
-
-
0.9163
0.9175
0.9179
-
-","Technical IndicatorsJun 17, 2021 06:21PM GMT
Name
Value
Action
RSI(14)
75.352
Overbought
STOCH(9,6)
76.981
Buy
STOCHRSI(14)
11.190
Oversold
MACD(12,26)
0.004
Buy
ADX(14)
32.108
Buy
Williams %R
-15.454
Overbought
CCI(14)
91.1738
Buy
ATR(14)
0.0018
High Volatility
Highs/Lows(14)
0.0018
Buy
Ultimate Oscillator
66.446
Buy
ROC
0.958
Buy
Bull/Bear Power(13)
0.0042
Buy
Buy: 8
Sell: 0
Neutral: 0


Summary:Strong Buy","Jun 17, 2021 06:21PM GMT"
nzd_chf,0.6428 +0.0024    +0.37%,14:22:47,2021-06-17 18:23:10.336687,"Prev. Close: 0.6404
Bid/Ask: 0.6425 / 0.6430
Day's Range: 0.6406 - 0.6453",Neutral,"Summary:Neutral
Moving Averages:BuyBuy (9)Sell (3)
Technical Indicators:SellBuy (1)Sell (5)","Name
S3
S2
S1
Pivot Points
R1
R2
R3
Classic
0.6420
0.6422
0.6425
0.6428
0.6431
0.6434
0.6437
Fibonacci
0.6422
0.6425
0.6426
0.6428
0.6430
0.6431
0.6434
Camarilla
0.6426
0.6427
0.6427
0.6428
0.6429
0.6429
0.6430
Woodie's
0.6420
0.6422
0.6425
0.6428
0.6431
0.6434
0.6437
DeMark's
-
-
0.6426
0.6429
0.6432
-
-","Technical IndicatorsJun 17, 2021 06:21PM GMT
Name
Value
Action
RSI(14)
51.167
Neutral
STOCH(9,6)
42.806
Sell
STOCHRSI(14)
45.926
Neutral
MACD(12,26)
0.000
Buy
ADX(14)
25.141
Sell
Williams %R
-54.839
Neutral
CCI(14)
-19.6490
Neutral
ATR(14)
0.0012
Less Volatility
Highs/Lows(14)
0.0000
Neutral
Ultimate Oscillator
48.154
Sell
ROC
-0.186
Sell
Bull/Bear Power(13)
-0.0005
Sell
Buy: 1
Sell: 5
Neutral: 5


Summary:Sell","Jun 17, 2021 06:21PM GMT"
usd_cny,6.4484 +0.0515    +0.80%,11:27:22,2021-06-17 18:23:10.339516,"Prev. Close: 6.3969
Bid/Ask: 6.4477 / 6.4490
Day's Range: 6.3972 - 6.4494",Strong Buy,"Summary:Strong Buy
Moving Averages:BuyBuy (12)Sell (0)
Technical Indicators:Strong BuyBuy (7)Sell (0)","Name
S3
S2
S1
Pivot Points
R1
R2
R3
Classic
6.4380
6.4399
6.4436
6.4455
6.4492
6.4511
6.4548
Fibonacci
6.4399
6.4420
6.4434
6.4455
6.4476
6.4490
6.4511
Camarilla
6.4458
6.4463
6.4468
6.4455
6.4479
6.4484
6.4489
Woodie's
6.4390
6.4404
6.4446
6.4460
6.4502
6.4516
6.4558
DeMark's
-
-
6.4446
6.4460
6.4502
-
-","Technical IndicatorsJun 17, 2021 03:34PM GMT
Name
Value
Action
RSI(14)
85.433
Overbought
STOCH(9,6)
77.649
Buy
STOCHRSI(14)
100.000
Overbought
MACD(12,26)
0.011
Buy
ADX(14)
61.337
Buy
Williams %R
-3.426
Overbought
CCI(14)
151.8010
Buy
ATR(14)
0.0041
Less Volatility
Highs/Lows(14)
0.0141
Buy
Ultimate Oscillator
82.973
Overbought
ROC
0.391
Buy
Bull/Bear Power(13)
0.0286
Buy
Buy: 7
Sell: 0
Neutral: 0


Summary:Strong Buy","Jun 17, 2021 03:34PM GMT"
usd_hkd,7.7649 +0.0019    +0.02%,14:22:29,2021-06-17 18:23:10.342323,"Prev. Close: 7.7630
Bid/Ask: 7.7648 / 7.7649
Day's Range: 7.7625 - 7.7656",Strong Buy,"Summary:Strong Buy
Moving Averages:BuyBuy (12)Sell (0)
Technical Indicators:Strong BuyBuy (7)Sell (3)","Name
S3
S2
S1
Pivot Points
R1
R2
R3
Classic
7.7636
7.7639
7.7643
7.7646
7.7650
7.7653
7.7657
Fibonacci
7.7639
7.7642
7.7643
7.7646
7.7649
7.7650
7.7653
Camarilla
7.7646
7.7646
7.7647
7.7646
7.7648
7.7649
7.7649
Woodie's
7.7636
7.7639
7.7643
7.7646
7.7650
7.7653
7.7657
DeMark's
-
-
7.7644
7.7646
7.7651
-
-","Technical IndicatorsJun 17, 2021 06:21PM GMT
Name
Value
Action
RSI(14)
57.948
Buy
STOCH(9,6)
32.898
Sell
STOCHRSI(14)
35.095
Sell
MACD(12,26)
0.000
Buy
ADX(14)
42.016
Buy
Williams %R
-36.838
Buy
CCI(14)
74.7187
Buy
ATR(14)
0.0009
Less Volatility
Highs/Lows(14)
0.0000
Neutral
Ultimate Oscillator
44.150
Sell
ROC
0.010
Buy
Bull/Bear Power(13)
0.0016
Buy
Buy: 7
Sell: 3
Neutral: 1


Summary:Strong Buy","Jun 17, 2021 06:21PM GMT"
eur_usd,1.1920 -0.0074    -0.62%,14:23:40,2021-06-17 18:24:10.524981,"Prev. Close: 1.1994
Bid/Ask: 1.1918 / 1.1922
Day's Range: 1.1892 - 1.2007",Strong Sell,"Summary:Strong Sell
Moving Averages:SellBuy (2)Sell (10)
Technical Indicators:Strong SellBuy (0)Sell (10)","Name
S3
S2
S1
Pivot Points
R1
R2
R3
Classic
1.1880
1.1888
1.1902
1.1910
1.1924
1.1932
1.1946
Fibonacci
1.1888
1.1896
1.1902
1.1910
1.1918
1.1924
1.1932
Camarilla
1.1910
1.1912
1.1914
1.1910
1.1918
1.1920
1.1922
Woodie's
1.1882
1.1889
1.1904
1.1911
1.1926
1.1933
1.1948
DeMark's
-
-
1.1906
1.1912
1.1928
-
-","Technical IndicatorsJun 17, 2021 06:22PM GMT
Name
Value
Action
RSI(14)
28.020
Sell
STOCH(9,6)
29.689
Sell
STOCHRSI(14)
100.000
Overbought
MACD(12,26)
-0.004
Sell
ADX(14)
32.688
Sell
Williams %R
-78.603
Sell
CCI(14)
-90.2706
Sell
ATR(14)
0.0022
High Volatility
Highs/Lows(14)
-0.0014
Sell
Ultimate Oscillator
36.621
Sell
ROC
-0.704
Sell
Bull/Bear Power(13)
-0.0027
Sell
Buy: 0
Sell: 10
Neutral: 0


Summary:Strong Sell","Jun 17, 2021 06:22PM GMT"
gbp_usd,1.3929 -0.0058    -0.41%,14:23:35,2021-06-17 18:24:10.528641,"Prev. Close: 1.3987
Bid/Ask: 1.3927 / 1.3931
Day's Range: 1.3896 - 1.4010",Strong Sell,"Summary:Strong Sell
Moving Averages:SellBuy (2)Sell (10)
Technical Indicators:Strong SellBuy (0)Sell (9)","Name
S3
S2
S1
Pivot Points
R1
R2
R3
Classic
1.3876
1.3886
1.3905
1.3915
1.3934
1.3944
1.3963
Fibonacci
1.3886
1.3897
1.3904
1.3915
1.3926
1.3933
1.3944
Camarilla
1.3917
1.3920
1.3922
1.3915
1.3928
1.3930
1.3933
Woodie's
1.3882
1.3889
1.3911
1.3918
1.3940
1.3947
1.3969
DeMark's
-
-
1.3910
1.3918
1.3939
-
-","Technical IndicatorsJun 17, 2021 06:23PM GMT
Name
Value
Action
RSI(14)
36.664
Sell
STOCH(9,6)
30.713
Sell
STOCHRSI(14)
94.164
Overbought
MACD(12,26)
-0.003
Sell
ADX(14)
39.308
Neutral
Williams %R
-70.925
Sell
CCI(14)
-77.6455
Sell
ATR(14)
0.0027
High Volatility
Highs/Lows(14)
-0.0012
Sell
Ultimate Oscillator
37.632
Sell
ROC
-0.496
Sell
Bull/Bear Power(13)
-0.0027
Sell
Buy: 0
Sell: 9
Neutral: 1


Summary:Strong Sell","Jun 17, 2021 06:23PM GMT"
usd_jpy,110.20 -0.49    -0.45%,14:23:41,2021-06-17 18:24:10.531643,"Prev. Close: 110.69
Bid/Ask: 110.18 / 110.21
Day's Range: 110.17 - 110.83",Strong Sell,"Summary:Strong Sell
Moving Averages:SellBuy (4)Sell (8)
Technical Indicators:Strong SellBuy (0)Sell (8)","Name
S3
S2
S1
Pivot Points
R1
R2
R3
Classic
110.03
110.11
110.16
110.24
110.29
110.37
110.41
Fibonacci
110.11
110.16
110.19
110.24
110.29
110.32
110.37
Camarilla
110.18
110.19
110.20
110.24
110.23
110.24
110.25
Woodie's
110.03
110.11
110.16
110.24
110.29
110.37
110.41
DeMark's
-
-
110.14
110.23
110.27
-
-","Technical IndicatorsJun 17, 2021 06:23PM GMT
Name
Value
Action
RSI(14)
38.422
Sell
STOCH(9,6)
18.768
Oversold
STOCHRSI(14)
0.576
Oversold
MACD(12,26)
-0.010
Sell
ADX(14)
35.350
Sell
Williams %R
-94.117
Oversold
CCI(14)
-124.3100
Sell
ATR(14)
0.1321
High Volatility
Highs/Lows(14)
-0.2357
Sell
Ultimate Oscillator
36.769
Sell
ROC
-0.425
Sell
Bull/Bear Power(13)
-0.4110
Sell
Buy: 0
Sell: 8
Neutral: 0


Summary:Strong Sell","Jun 17, 2021 06:23PM GMT"
aud_usd,0.7560 -0.0050    -0.66%,14:23:39,2021-06-17 18:24:10.534546,"Prev. Close: 0.7610
Bid/Ask: 0.7559 / 0.7560
Day's Range: 0.7540 - 0.7646",Strong Sell,"Summary:Strong Sell
Moving Averages:Strong SellBuy (0)Sell (12)
Technical Indicators:Strong SellBuy (1)Sell (8)","Name
S3
S2
S1
Pivot Points
R1
R2
R3
Classic
0.7531
0.7537
0.7548
0.7554
0.7565
0.7571
0.7582
Fibonacci
0.7537
0.7543
0.7548
0.7554
0.7560
0.7565
0.7571
Camarilla
0.7553
0.7555
0.7556
0.7554
0.7560
0.7561
0.7563
Woodie's
0.7533
0.7538
0.7550
0.7555
0.7567
0.7572
0.7584
DeMark's
-
-
0.7551
0.7555
0.7568
-
-","Technical IndicatorsJun 17, 2021 06:21PM GMT
Name
Value
Action
RSI(14)
28.190
Sell
STOCH(9,6)
22.918
Sell
STOCHRSI(14)
56.025
Buy
MACD(12,26)
-0.003
Sell
ADX(14)
42.795
Sell
Williams %R
-81.771
Oversold
CCI(14)
-79.0846
Sell
ATR(14)
0.0018
Less Volatility
Highs/Lows(14)
-0.0017
Sell
Ultimate Oscillator
29.753
Oversold
ROC
-0.950
Sell
Bull/Bear Power(13)
-0.0024
Sell
Buy: 1
Sell: 8
Neutral: 0


Summary:Strong Sell","Jun 17, 2021 06:21PM GMT"
eur_gbp,0.8558 -0.0015    -0.18%,14:23:43,2021-06-17 18:24:10.537410,"Prev. Close: 0.8573
Bid/Ask: 0.8556 / 0.8559
Day's Range: 0.8542 - 0.8580",Strong Sell,"Summary:Strong Sell
Moving Averages:Strong SellBuy (0)Sell (12)
Technical Indicators:SellBuy (1)Sell (5)","Name
S3
S2
S1
Pivot Points
R1
R2
R3
Classic
0.8547
0.8552
0.8555
0.8560
0.8562
0.8568
0.8570
Fibonacci
0.8552
0.8555
0.8557
0.8560
0.8563
0.8565
0.8568
Camarilla
0.8555
0.8556
0.8557
0.8560
0.8558
0.8559
0.8560
Woodie's
0.8547
0.8552
0.8555
0.8560
0.8562
0.8568
0.8570
DeMark's
-
-
0.8554
0.8559
0.8561
-
-","Technical IndicatorsJun 17, 2021 06:23PM GMT
Name
Value
Action
RSI(14)
39.218
Sell
STOCH(9,6)
52.069
Neutral
STOCHRSI(14)
77.045
Overbought
MACD(12,26)
-0.001
Sell
ADX(14)
35.370
Sell
Williams %R
-53.731
Neutral
CCI(14)
-40.6966
Neutral
ATR(14)
0.0011
High Volatility
Highs/Lows(14)
0.0000
Neutral
Ultimate Oscillator
54.862
Buy
ROC
-0.192
Sell
Bull/Bear Power(13)
-0.0008
Sell
Buy: 1
Sell: 5
Neutral: 4


Summary:Sell","Jun 17, 2021 06:23PM GMT"
usd_cad,1.2348 +0.0072    +0.59%,14:23:35,2021-06-17 18:24:10.540261,"Prev. Close: 1.2276
Bid/Ask: 1.2346 / 1.2350
Day's Range: 1.2261 - 1.2378",Strong Buy,"Summary:Strong Buy
Moving Averages:BuyBuy (12)Sell (0)
Technical Indicators:Strong BuyBuy (9)Sell (1)","Name
S3
S2
S1
Pivot Points
R1
R2
R3
Classic
1.2321
1.2330
1.2342
1.2351
1.2363
1.2372
1.2384
Fibonacci
1.2330
1.2338
1.2343
1.2351
1.2359
1.2364
1.2372
Camarilla
1.2347
1.2349
1.2351
1.2351
1.2355
1.2357
1.2359
Woodie's
1.2321
1.2330
1.2342
1.2351
1.2363
1.2372
1.2384
DeMark's
-
-
1.2336
1.2348
1.2357
-
-","Technical IndicatorsJun 17, 2021 06:23PM GMT
Name
Value
Action
RSI(14)
69.508
Buy
STOCH(9,6)
66.357
Buy
STOCHRSI(14)
34.503
Sell
MACD(12,26)
0.003
Buy
ADX(14)
33.242
Neutral
Williams %R
-24.464
Buy
CCI(14)
96.7162
Buy
ATR(14)
0.0026
High Volatility
Highs/Lows(14)
0.0016
Buy
Ultimate Oscillator
69.184
Buy
ROC
0.648
Buy
Bull/Bear Power(13)
0.0040
Buy
Buy: 9
Sell: 1
Neutral: 1


Summary:Strong Buy","Jun 17, 2021 06:23PM GMT"
usd_chf,0.9170 +0.0084    +0.93%,14:23:40,2021-06-17 18:24:10.543111,"Prev. Close: 0.9085
Bid/Ask: 0.9168 / 0.9171
Day's Range: 0.9076 - 0.9188",Strong Buy,"Summary:Strong Buy
Moving Averages:BuyBuy (12)Sell (0)
Technical Indicators:Strong BuyBuy (8)Sell (0)","Name
S3
S2
S1
Pivot Points
R1
R2
R3
Classic
0.9150
0.9160
0.9166
0.9176
0.9181
0.9192
0.9197
Fibonacci
0.9160
0.9166
0.9170
0.9176
0.9182
0.9186
0.9192
Camarilla
0.9167
0.9169
0.9170
0.9176
0.9173
0.9174
0.9176
Woodie's
0.9148
0.9159
0.9164
0.9175
0.9179
0.9191
0.9195
DeMark's
-
-
0.9163
0.9175
0.9179
-
-","Technical IndicatorsJun 17, 2021 06:23PM GMT
Name
Value
Action
RSI(14)
75.352
Overbought
STOCH(9,6)
76.981
Buy
STOCHRSI(14)
11.190
Oversold
MACD(12,26)
0.004
Buy
ADX(14)
32.108
Buy
Williams %R
-15.454
Overbought
CCI(14)
91.1738
Buy
ATR(14)
0.0018
High Volatility
Highs/Lows(14)
0.0018
Buy
Ultimate Oscillator
66.446
Buy
ROC
0.958
Buy
Bull/Bear Power(13)
0.0042
Buy
Buy: 8
Sell: 0
Neutral: 0


Summary:Strong Buy","Jun 17, 2021 06:23PM GMT"
nzd_chf,0.6427 +0.0023    +0.36%,14:23:40,2021-06-17 18:24:10.545942,"Prev. Close: 0.6404
Bid/Ask: 0.6424 / 0.6430
Day's Range: 0.6406 - 0.6453",Neutral,"Summary:Neutral
Moving Averages:BuyBuy (9)Sell (3)
Technical Indicators:SellBuy (1)Sell (5)","Name
S3
S2
S1
Pivot Points
R1
R2
R3
Classic
0.6420
0.6422
0.6425
0.6428
0.6431
0.6434
0.6437
Fibonacci
0.6422
0.6425
0.6426
0.6428
0.6430
0.6431
0.6434
Camarilla
0.6426
0.6427
0.6427
0.6428
0.6429
0.6429
0.6430
Woodie's
0.6420
0.6422
0.6425
0.6428
0.6431
0.6434
0.6437
DeMark's
-
-
0.6426
0.6429
0.6432
-
-","Technical IndicatorsJun 17, 2021 06:23PM GMT
Name
Value
Action
RSI(14)
51.526
Neutral
STOCH(9,6)
43.026
Sell
STOCHRSI(14)
47.302
Neutral
MACD(12,26)
0.000
Buy
ADX(14)
25.141
Sell
Williams %R
-53.763
Neutral
CCI(14)
-18.4450
Neutral
ATR(14)
0.0012
Less Volatility
Highs/Lows(14)
0.0000
Neutral
Ultimate Oscillator
48.633
Sell
ROC
-0.179
Sell
Bull/Bear Power(13)
-0.0005
Sell
Buy: 1
Sell: 5
Neutral: 5


Summary:Sell","Jun 17, 2021 06:23PM GMT"
usd_cny,6.4484 +0.0515    +0.80%,11:27:22,2021-06-17 18:24:10.548783,"Prev. Close: 6.3969
Bid/Ask: 6.4477 / 6.4490
Day's Range: 6.3972 - 6.4494",Strong Buy,"Summary:Strong Buy
Moving Averages:BuyBuy (12)Sell (0)
Technical Indicators:Strong BuyBuy (7)Sell (0)","Name
S3
S2
S1
Pivot Points
R1
R2
R3
Classic
6.4380
6.4399
6.4436
6.4455
6.4492
6.4511
6.4548
Fibonacci
6.4399
6.4420
6.4434
6.4455
6.4476
6.4490
6.4511
Camarilla
6.4458
6.4463
6.4468
6.4455
6.4479
6.4484
6.4489
Woodie's
6.4390
6.4404
6.4446
6.4460
6.4502
6.4516
6.4558
DeMark's
-
-
6.4446
6.4460
6.4502
-
-","Technical IndicatorsJun 17, 2021 03:34PM GMT
Name
Value
Action
RSI(14)
85.433
Overbought
STOCH(9,6)
77.649
Buy
STOCHRSI(14)
100.000
Overbought
MACD(12,26)
0.011
Buy
ADX(14)
61.337
Buy
Williams %R
-3.426
Overbought
CCI(14)
151.8010
Buy
ATR(14)
0.0041
Less Volatility
Highs/Lows(14)
0.0141
Buy
Ultimate Oscillator
82.973
Overbought
ROC
0.391
Buy
Bull/Bear Power(13)
0.0286
Buy
Buy: 7
Sell: 0
Neutral: 0


Summary:Strong Buy","Jun 17, 2021 03:34PM GMT"
usd_hkd,7.7649 +0.0019    +0.02%,14:23:28,2021-06-17 18:24:10.551625,"Prev. Close: 7.7630
Bid/Ask: 7.7648 / 7.7649
Day's Range: 7.7625 - 7.7656",Strong Buy,"Summary:Strong Buy
Moving Averages:BuyBuy (12)Sell (0)
Technical Indicators:Strong BuyBuy (7)Sell (3)","Name
S3
S2
S1
Pivot Points
R1
R2
R3
Classic
7.7636
7.7639
7.7643
7.7646
7.7650
7.7653
7.7657
Fibonacci
7.7639
7.7642
7.7643
7.7646
7.7649
7.7650
7.7653
Camarilla
7.7646
7.7646
7.7647
7.7646
7.7648
7.7649
7.7649
Woodie's
7.7636
7.7639
7.7643
7.7646
7.7650
7.7653
7.7657
DeMark's
-
-
7.7644
7.7646
7.7651
-
-","Technical IndicatorsJun 17, 2021 06:23PM GMT
Name
Value
Action
RSI(14)
57.948
Buy
STOCH(9,6)
32.898
Sell
STOCHRSI(14)
35.095
Sell
MACD(12,26)
0.000
Buy
ADX(14)
42.016
Buy
Williams %R
-36.838
Buy
CCI(14)
74.7187
Buy
ATR(14)
0.0009
Less Volatility
Highs/Lows(14)
0.0000
Neutral
Ultimate Oscillator
44.150
Sell
ROC
0.010
Buy
Bull/Bear Power(13)
0.0016
Buy
Buy: 7
Sell: 3
Neutral: 1


Summary:Strong Buy","Jun 17, 2021 06:23PM GMT"
eur_usd,1.1920 -0.0074    -0.62%,14:24:54,2021-06-17 18:25:10.477549,"Prev. Close: 1.1994
Bid/Ask: 1.1918 / 1.1922
Day's Range: 1.1892 - 1.2007",Strong Sell,"Summary:Strong Sell
Moving Averages:SellBuy (2)Sell (10)
Technical Indicators:Strong SellBuy (0)Sell (9)","Name
S3
S2
S1
Pivot Points
R1
R2
R3
Classic
1.1880
1.1888
1.1902
1.1910
1.1924
1.1932
1.1946
Fibonacci
1.1888
1.1896
1.1902
1.1910
1.1918
1.1924
1.1932
Camarilla
1.1910
1.1912
1.1914
1.1910
1.1918
1.1920
1.1922
Woodie's
1.1882
1.1889
1.1904
1.1911
1.1926
1.1933
1.1948
DeMark's
-
-
1.1906
1.1912
1.1928
-
-","Technical IndicatorsJun 17, 2021 06:24PM GMT
Name
Value
Action
RSI(14)
29.729
Sell
STOCH(9,6)
30.645
Sell
STOCHRSI(14)
100.000
Overbought
MACD(12,26)
-0.004
Sell
ADX(14)
31.424
Neutral
Williams %R
-75.546
Sell
CCI(14)
-85.7940
Sell
ATR(14)
0.0022
High Volatility
Highs/Lows(14)
-0.0011
Sell
Ultimate Oscillator
38.117
Sell
ROC
-0.675
Sell
Bull/Bear Power(13)
-0.0045
Sell
Buy: 0
Sell: 9
Neutral: 1


Summary:Strong Sell","Jun 17, 2021 06:24PM GMT"
gbp_usd,1.3929 -0.0058    -0.41%,14:24:45,2021-06-17 18:25:10.481195,"Prev. Close: 1.3987
Bid/Ask: 1.3928 / 1.3930
Day's Range: 1.3896 - 1.4010",Strong Sell,"Summary:Strong Sell
Moving Averages:SellBuy (2)Sell (10)
Technical Indicators:Strong SellBuy (0)Sell (9)","Name
S3
S2
S1
Pivot Points
R1
R2
R3
Classic
1.3876
1.3886
1.3905
1.3915
1.3934
1.3944
1.3963
Fibonacci
1.3886
1.3897
1.3904
1.3915
1.3926
1.3933
1.3944
Camarilla
1.3917
1.3920
1.3922
1.3915
1.3928
1.3930
1.3933
Woodie's
1.3882
1.3889
1.3911
1.3918
1.3940
1.3947
1.3969
DeMark's
-
-
1.3910
1.3918
1.3939
-
-","Technical IndicatorsJun 17, 2021 06:23PM GMT
Name
Value
Action
RSI(14)
36.664
Sell
STOCH(9,6)
30.713
Sell
STOCHRSI(14)
94.164
Overbought
MACD(12,26)
-0.003
Sell
ADX(14)
39.308
Neutral
Williams %R
-70.925
Sell
CCI(14)
-77.6455
Sell
ATR(14)
0.0027
High Volatility
Highs/Lows(14)
-0.0012
Sell
Ultimate Oscillator
37.632
Sell
ROC
-0.496
Sell
Bull/Bear Power(13)
-0.0027
Sell
Buy: 0
Sell: 9
Neutral: 1


Summary:Strong Sell","Jun 17, 2021 06:23PM GMT"
usd_jpy,110.21 -0.48    -0.44%,14:24:36,2021-06-17 18:25:10.484222,"Prev. Close: 110.69
Bid/Ask: 110.19 / 110.22
Day's Range: 110.17 - 110.83",Strong Sell,"Summary:Strong Sell
Moving Averages:SellBuy (4)Sell (8)
Technical Indicators:Strong SellBuy (0)Sell (8)","Name
S3
S2
S1
Pivot Points
R1
R2
R3
Classic
110.03
110.11
110.16
110.24
110.29
110.37
110.41
Fibonacci
110.11
110.16
110.19
110.24
110.29
110.32
110.37
Camarilla
110.18
110.19
110.20
110.24
110.23
110.24
110.25
Woodie's
110.03
110.11
110.16
110.24
110.29
110.37
110.41
DeMark's
-
-
110.14
110.23
110.27
-
-","Technical IndicatorsJun 17, 2021 06:23PM GMT
Name
Value
Action
RSI(14)
38.422
Sell
STOCH(9,6)
18.768
Oversold
STOCHRSI(14)
0.576
Oversold
MACD(12,26)
-0.010
Sell
ADX(14)
35.350
Sell
Williams %R
-94.117
Oversold
CCI(14)
-124.3100
Sell
ATR(14)
0.1321
High Volatility
Highs/Lows(14)
-0.2357
Sell
Ultimate Oscillator
36.769
Sell
ROC
-0.425
Sell
Bull/Bear Power(13)
-0.4110
Sell
Buy: 0
Sell: 8
Neutral: 0


Summary:Strong Sell","Jun 17, 2021 06:23PM GMT"
aud_usd,0.7559 -0.0051    -0.67%,14:24:55,2021-06-17 18:25:10.487150,"Prev. Close: 0.7610
Bid/Ask: 0.7558 / 0.7560
Day's Range: 0.7540 - 0.7646",Strong Sell,"Summary:Strong Sell
Moving Averages:SellBuy (2)Sell (10)
Technical Indicators:Strong SellBuy (1)Sell (9)","Name
S3
S2
S1
Pivot Points
R1
R2
R3
Classic
0.7531
0.7537
0.7548
0.7554
0.7565
0.7571
0.7582
Fibonacci
0.7537
0.7543
0.7548
0.7554
0.7560
0.7565
0.7571
Camarilla
0.7553
0.7555
0.7556
0.7554
0.7560
0.7561
0.7563
Woodie's
0.7533
0.7538
0.7550
0.7555
0.7567
0.7572
0.7584
DeMark's
-
-
0.7551
0.7555
0.7568
-
-","Technical IndicatorsJun 17, 2021 06:23PM GMT
Name
Value
Action
RSI(14)
28.768
Sell
STOCH(9,6)
23.345
Sell
STOCHRSI(14)
59.246
Buy
MACD(12,26)
-0.003
Sell
ADX(14)
42.795
Sell
Williams %R
-80.208
Oversold
CCI(14)
-77.8523
Sell
ATR(14)
0.0018
Less Volatility
Highs/Lows(14)
-0.0016
Sell
Ultimate Oscillator
30.643
Sell
ROC
-0.931
Sell
Bull/Bear Power(13)
-0.0024
Sell
Buy: 1
Sell: 9
Neutral: 0


Summary:Strong Sell","Jun 17, 2021 06:23PM GMT"
eur_gbp,0.8558 -0.0015    -0.17%,14:24:54,2021-06-17 18:25:10.490012,"Prev. Close: 0.8573
Bid/Ask: 0.8557 / 0.8559
Day's Range: 0.8542 - 0.8580",Strong Sell,"Summary:Strong Sell
Moving Averages:Strong SellBuy (0)Sell (12)
Technical Indicators:SellBuy (1)Sell (5)","Name
S3
S2
S1
Pivot Points
R1
R2
R3
Classic
0.8547
0.8552
0.8555
0.8560
0.8562
0.8568
0.8570
Fibonacci
0.8552
0.8555
0.8557
0.8560
0.8563
0.8565
0.8568
Camarilla
0.8555
0.8556
0.8557
0.8560
0.8558
0.8559
0.8560
Woodie's
0.8547
0.8552
0.8555
0.8560
0.8562
0.8568
0.8570
DeMark's
-
-
0.8554
0.8559
0.8561
-
-","Technical IndicatorsJun 17, 2021 06:23PM GMT
Name
Value
Action
RSI(14)
39.218
Sell
STOCH(9,6)
52.069
Neutral
STOCHRSI(14)
77.045
Overbought
MACD(12,26)
-0.001
Sell
ADX(14)
35.370
Sell
Williams %R
-53.731
Neutral
CCI(14)
-40.6966
Neutral
ATR(14)
0.0011
High Volatility
Highs/Lows(14)
0.0000
Neutral
Ultimate Oscillator
54.862
Buy
ROC
-0.192
Sell
Bull/Bear Power(13)
-0.0008
Sell
Buy: 1
Sell: 5
Neutral: 4


Summary:Sell","Jun 17, 2021 06:23PM GMT"
usd_cad,1.2349 +0.0073    +0.59%,14:24:55,2021-06-17 18:25:10.492863,"Prev. Close: 1.2276
Bid/Ask: 1.2348 / 1.2349
Day's Range: 1.2261 - 1.2378",Strong Buy,"Summary:Strong Buy
Moving Averages:BuyBuy (12)Sell (0)
Technical Indicators:Strong BuyBuy (9)Sell (1)","Name
S3
S2
S1
Pivot Points
R1
R2
R3
Classic
1.2321
1.2330
1.2342
1.2351
1.2363
1.2372
1.2384
Fibonacci
1.2330
1.2338
1.2343
1.2351
1.2359
1.2364
1.2372
Camarilla
1.2347
1.2349
1.2351
1.2351
1.2355
1.2357
1.2359
Woodie's
1.2321
1.2330
1.2342
1.2351
1.2363
1.2372
1.2384
DeMark's
-
-
1.2336
1.2348
1.2357
-
-","Technical IndicatorsJun 17, 2021 06:23PM GMT
Name
Value
Action
RSI(14)
69.508
Buy
STOCH(9,6)
66.357
Buy
STOCHRSI(14)
34.503
Sell
MACD(12,26)
0.003
Buy
ADX(14)
33.242
Neutral
Williams %R
-24.464
Buy
CCI(14)
96.7162
Buy
ATR(14)
0.0026
High Volatility
Highs/Lows(14)
0.0016
Buy
Ultimate Oscillator
69.184
Buy
ROC
0.648
Buy
Bull/Bear Power(13)
0.0040
Buy
Buy: 9
Sell: 1
Neutral: 1


Summary:Strong Buy","Jun 17, 2021 06:23PM GMT"
usd_chf,0.9170 +0.0084    +0.93%,14:24:41,2021-06-17 18:25:10.495704,"Prev. Close: 0.9085
Bid/Ask: 0.9168 / 0.9171
Day's Range: 0.9076 - 0.9188",Strong Buy,"Summary:Strong Buy
Moving Averages:BuyBuy (12)Sell (0)
Technical Indicators:Strong BuyBuy (8)Sell (0)","Name
S3
S2
S1
Pivot Points
R1
R2
R3
Classic
0.9150
0.9160
0.9166
0.9176
0.9181
0.9192
0.9197
Fibonacci
0.9160
0.9166
0.9170
0.9176
0.9182
0.9186
0.9192
Camarilla
0.9167
0.9169
0.9170
0.9176
0.9173
0.9174
0.9176
Woodie's
0.9148
0.9159
0.9164
0.9175
0.9179
0.9191
0.9195
DeMark's
-
-
0.9163
0.9175
0.9179
-
-","Technical IndicatorsJun 17, 2021 06:23PM GMT
Name
Value
Action
RSI(14)
75.352
Overbought
STOCH(9,6)
76.981
Buy
STOCHRSI(14)
11.190
Oversold
MACD(12,26)
0.004
Buy
ADX(14)
32.108
Buy
Williams %R
-15.454
Overbought
CCI(14)
91.1738
Buy
ATR(14)
0.0018
High Volatility
Highs/Lows(14)
0.0018
Buy
Ultimate Oscillator
66.446
Buy
ROC
0.958
Buy
Bull/Bear Power(13)
0.0042
Buy
Buy: 8
Sell: 0
Neutral: 0


Summary:Strong Buy","Jun 17, 2021 06:23PM GMT"
nzd_chf,0.6427 +0.0022    +0.35%,14:24:54,2021-06-17 18:25:10.498539,"Prev. Close: 0.6404
Bid/Ask: 0.6424 / 0.6429
Day's Range: 0.6406 - 0.6453",Neutral,"Summary:Neutral
Moving Averages:BuyBuy (9)Sell (3)
Technical Indicators:SellBuy (1)Sell (5)","Name
S3
S2
S1
Pivot Points
R1
R2
R3
Classic
0.6420
0.6422
0.6425
0.6428
0.6431
0.6434
0.6437
Fibonacci
0.6422
0.6425
0.6426
0.6428
0.6430
0.6431
0.6434
Camarilla
0.6426
0.6427
0.6427
0.6428
0.6429
0.6429
0.6430
Woodie's
0.6420
0.6422
0.6425
0.6428
0.6431
0.6434
0.6437
DeMark's
-
-
0.6426
0.6429
0.6432
-
-","Technical IndicatorsJun 17, 2021 06:23PM GMT
Name
Value
Action
RSI(14)
51.526
Neutral
STOCH(9,6)
43.026
Sell
STOCHRSI(14)
47.302
Neutral
MACD(12,26)
0.000
Buy
ADX(14)
25.141
Sell
Williams %R
-53.763
Neutral
CCI(14)
-18.4450
Neutral
ATR(14)
0.0012
Less Volatility
Highs/Lows(14)
0.0000
Neutral
Ultimate Oscillator
48.633
Sell
ROC
-0.179
Sell
Bull/Bear Power(13)
-0.0005
Sell
Buy: 1
Sell: 5
Neutral: 5


Summary:Sell","Jun 17, 2021 06:23PM GMT"
usd_cny,6.4484 +0.0515    +0.80%,11:27:22,2021-06-17 18:25:10.501368,"Prev. Close: 6.3969
Bid/Ask: 6.4477 / 6.4490
Day's Range: 6.3972 - 6.4494",Strong Buy,"Summary:Strong Buy
Moving Averages:BuyBuy (12)Sell (0)
Technical Indicators:Strong BuyBuy (7)Sell (0)","Name
S3
S2
S1
Pivot Points
R1
R2
R3
Classic
6.4380
6.4399
6.4436
6.4455
6.4492
6.4511
6.4548
Fibonacci
6.4399
6.4420
6.4434
6.4455
6.4476
6.4490
6.4511
Camarilla
6.4458
6.4463
6.4468
6.4455
6.4479
6.4484
6.4489
Woodie's
6.4390
6.4404
6.4446
6.4460
6.4502
6.4516
6.4558
DeMark's
-
-
6.4446
6.4460
6.4502
-
-","Technical IndicatorsJun 17, 2021 03:34PM GMT
Name
Value
Action
RSI(14)
85.433
Overbought
STOCH(9,6)
77.649
Buy
STOCHRSI(14)
100.000
Overbought
MACD(12,26)
0.011
Buy
ADX(14)
61.337
Buy
Williams %R
-3.426
Overbought
CCI(14)
151.8010
Buy
ATR(14)
0.0041
Less Volatility
Highs/Lows(14)
0.0141
Buy
Ultimate Oscillator
82.973
Overbought
ROC
0.391
Buy
Bull/Bear Power(13)
0.0286
Buy
Buy: 7
Sell: 0
Neutral: 0


Summary:Strong Buy","Jun 17, 2021 03:34PM GMT"
usd_hkd,7.7649 +0.0019    +0.02%,14:24:47,2021-06-17 18:25:10.504201,"Prev. Close: 7.7630
Bid/Ask: 7.7648 / 7.7649
Day's Range: 7.7625 - 7.7656",Strong Buy,"Summary:Strong Buy
Moving Averages:BuyBuy (12)Sell (0)
Technical Indicators:Strong BuyBuy (7)Sell (3)","Name
S3
S2
S1
Pivot Points
R1
R2
R3
Classic
7.7636
7.7639
7.7643
7.7646
7.7650
7.7653
7.7657
Fibonacci
7.7639
7.7642
7.7643
7.7646
7.7649
7.7650
7.7653
Camarilla
7.7646
7.7646
7.7647
7.7646
7.7648
7.7649
7.7649
Woodie's
7.7636
7.7639
7.7643
7.7646
7.7650
7.7653
7.7657
DeMark's
-
-
7.7644
7.7646
7.7651
-
-","Technical IndicatorsJun 17, 2021 06:23PM GMT
Name
Value
Action
RSI(14)
57.948
Buy
STOCH(9,6)
32.898
Sell
STOCHRSI(14)
35.095
Sell
MACD(12,26)
0.000
Buy
ADX(14)
42.016
Buy
Williams %R
-36.838
Buy
CCI(14)
74.7187
Buy
ATR(14)
0.0009
Less Volatility
Highs/Lows(14)
0.0000
Neutral
Ultimate Oscillator
44.150
Sell
ROC
0.010
Buy
Bull/Bear Power(13)
0.0016
Buy
Buy: 7
Sell: 3
Neutral: 1


Summary:Strong Buy","Jun 17, 2021 06:23PM GMT"
eur_usd,1.1920 -0.0074    -0.62%,14:25:39,2021-06-17 18:26:10.197193,"Prev. Close: 1.1994
Bid/Ask: 1.1918 / 1.1922
Day's Range: 1.1892 - 1.2007",Strong Sell,"Summary:Strong Sell
Moving Averages:SellBuy (2)Sell (10)
Technical Indicators:Strong SellBuy (0)Sell (9)","Name
S3
S2
S1
Pivot Points
R1
R2
R3
Classic
1.1880
1.1888
1.1902
1.1910
1.1924
1.1932
1.1946
Fibonacci
1.1888
1.1896
1.1902
1.1910
1.1918
1.1924
1.1932
Camarilla
1.1910
1.1912
1.1914
1.1910
1.1918
1.1920
1.1922
Woodie's
1.1882
1.1889
1.1904
1.1911
1.1926
1.1933
1.1948
DeMark's
-
-
1.1906
1.1912
1.1928
-
-","Technical IndicatorsJun 17, 2021 06:25PM GMT
Name
Value
Action
RSI(14)
29.729
Sell
STOCH(9,6)
30.645
Sell
STOCHRSI(14)
100.000
Overbought
MACD(12,26)
-0.004
Sell
ADX(14)
30.965
Neutral
Williams %R
-75.546
Sell
CCI(14)
-84.8929
Sell
ATR(14)
0.0022
High Volatility
Highs/Lows(14)
-0.0011
Sell
Ultimate Oscillator
37.921
Sell
ROC
-0.675
Sell
Bull/Bear Power(13)
-0.0044
Sell
Buy: 0
Sell: 9
Neutral: 1


Summary:Strong Sell","Jun 17, 2021 06:25PM GMT"
gbp_usd,1.3929 -0.0058    -0.41%,14:25:33,2021-06-17 18:26:10.200810,"Prev. Close: 1.3987
Bid/Ask: 1.3927 / 1.3931
Day's Range: 1.3896 - 1.4010",Strong Sell,"Summary:Strong Sell
Moving Averages:SellBuy (2)Sell (10)
Technical Indicators:Strong SellBuy (0)Sell (9)","Name
S3
S2
S1
Pivot Points
R1
R2
R3
Classic
1.3876
1.3886
1.3905
1.3915
1.3934
1.3944
1.3963
Fibonacci
1.3886
1.3897
1.3904
1.3915
1.3926
1.3933
1.3944
Camarilla
1.3917
1.3920
1.3922
1.3915
1.3928
1.3930
1.3933
Woodie's
1.3882
1.3889
1.3911
1.3918
1.3940
1.3947
1.3969
DeMark's
-
-
1.3910
1.3918
1.3939
-
-","Technical IndicatorsJun 17, 2021 06:23PM GMT
Name
Value
Action
RSI(14)
36.664
Sell
STOCH(9,6)
30.713
Sell
STOCHRSI(14)
94.164
Overbought
MACD(12,26)
-0.003
Sell
ADX(14)
39.308
Neutral
Williams %R
-70.925
Sell
CCI(14)
-77.6455
Sell
ATR(14)
0.0027
High Volatility
Highs/Lows(14)
-0.0012
Sell
Ultimate Oscillator
37.632
Sell
ROC
-0.496
Sell
Bull/Bear Power(13)
-0.0027
Sell
Buy: 0
Sell: 9
Neutral: 1


Summary:Strong Sell","Jun 17, 2021 06:23PM GMT"
usd_jpy,110.21 -0.48    -0.44%,14:25:41,2021-06-17 18:26:10.203754,"Prev. Close: 110.69
Bid/Ask: 110.19 / 110.22
Day's Range: 110.17 - 110.83",Strong Sell,"Summary:Strong Sell
Moving Averages:SellBuy (4)Sell (8)
Technical Indicators:Strong SellBuy (0)Sell (8)","Name
S3
S2
S1
Pivot Points
R1
R2
R3
Classic
110.03
110.11
110.16
110.24
110.29
110.37
110.41
Fibonacci
110.11
110.16
110.19
110.24
110.29
110.32
110.37
Camarilla
110.18
110.19
110.20
110.24
110.23
110.24
110.25
Woodie's
110.03
110.11
110.16
110.24
110.29
110.37
110.41
DeMark's
-
-
110.14
110.23
110.27
-
-","Technical IndicatorsJun 17, 2021 06:25PM GMT
Name
Value
Action
RSI(14)
38.422
Sell
STOCH(9,6)
18.768
Oversold
STOCHRSI(14)
0.576
Oversold
MACD(12,26)
-0.010
Sell
ADX(14)
35.350
Sell
Williams %R
-94.117
Oversold
CCI(14)
-124.3100
Sell
ATR(14)
0.1321
High Volatility
Highs/Lows(14)
-0.2357
Sell
Ultimate Oscillator
36.769
Sell
ROC
-0.425
Sell
Bull/Bear Power(13)
-0.4110
Sell
Buy: 0
Sell: 8
Neutral: 0


Summary:Strong Sell","Jun 17, 2021 06:25PM GMT"
aud_usd,0.7558 -0.0053    -0.69%,14:25:42,2021-06-17 18:26:10.206615,"Prev. Close: 0.7610
Bid/Ask: 0.7555 / 0.7560
Day's Range: 0.7540 - 0.7646",Strong Sell,"Summary:Strong Sell
Moving Averages:SellBuy (2)Sell (10)
Technical Indicators:Strong SellBuy (1)Sell (9)","Name
S3
S2
S1
Pivot Points
R1
R2
R3
Classic
0.7531
0.7537
0.7548
0.7554
0.7565
0.7571
0.7582
Fibonacci
0.7537
0.7543
0.7548
0.7554
0.7560
0.7565
0.7571
Camarilla
0.7553
0.7555
0.7556
0.7554
0.7560
0.7561
0.7563
Woodie's
0.7533
0.7538
0.7550
0.7555
0.7567
0.7572
0.7584
DeMark's
-
-
0.7551
0.7555
0.7568
-
-","Technical IndicatorsJun 17, 2021 06:23PM GMT
Name
Value
Action
RSI(14)
28.768
Sell
STOCH(9,6)
23.345
Sell
STOCHRSI(14)
59.246
Buy
MACD(12,26)
-0.003
Sell
ADX(14)
42.795
Sell
Williams %R
-80.208
Oversold
CCI(14)
-77.8523
Sell
ATR(14)
0.0018
Less Volatility
Highs/Lows(14)
-0.0016
Sell
Ultimate Oscillator
30.643
Sell
ROC
-0.931
Sell
Bull/Bear Power(13)
-0.0024
Sell
Buy: 1
Sell: 9
Neutral: 0


Summary:Strong Sell","Jun 17, 2021 06:23PM GMT"
eur_gbp,0.8558 -0.0015    -0.18%,14:25:43,2021-06-17 18:26:10.209444,"Prev. Close: 0.8573
Bid/Ask: 0.8555 / 0.8560
Day's Range: 0.8542 - 0.8580",Strong Sell,"Summary:Strong Sell
Moving Averages:Strong SellBuy (0)Sell (12)
Technical Indicators:SellBuy (1)Sell (5)","Name
S3
S2
S1
Pivot Points
R1
R2
R3
Classic
0.8547
0.8552
0.8555
0.8560
0.8562
0.8568
0.8570
Fibonacci
0.8552
0.8555
0.8557
0.8560
0.8563
0.8565
0.8568
Camarilla
0.8555
0.8556
0.8557
0.8560
0.8558
0.8559
0.8560
Woodie's
0.8547
0.8552
0.8555
0.8560
0.8562
0.8568
0.8570
DeMark's
-
-
0.8554
0.8559
0.8561
-
-","Technical IndicatorsJun 17, 2021 06:25PM GMT
Name
Value
Action
RSI(14)
39.218
Sell
STOCH(9,6)
52.069
Neutral
STOCHRSI(14)
77.045
Overbought
MACD(12,26)
-0.001
Sell
ADX(14)
35.370
Sell
Williams %R
-53.731
Neutral
CCI(14)
-40.6966
Neutral
ATR(14)
0.0011
High Volatility
Highs/Lows(14)
0.0000
Neutral
Ultimate Oscillator
54.862
Buy
ROC
-0.192
Sell
Bull/Bear Power(13)
-0.0008
Sell
Buy: 1
Sell: 5
Neutral: 4


Summary:Sell","Jun 17, 2021 06:25PM GMT"
usd_cad,1.2348 +0.0072    +0.58%,14:25:41,2021-06-17 18:26:10.212285,"Prev. Close: 1.2276
Bid/Ask: 1.2347 / 1.2348
Day's Range: 1.2261 - 1.2378",Strong Buy,"Summary:Strong Buy
Moving Averages:BuyBuy (11)Sell (1)
Technical Indicators:Strong BuyBuy (9)Sell (1)","Name
S3
S2
S1
Pivot Points
R1
R2
R3
Classic
1.2321
1.2330
1.2342
1.2351
1.2363
1.2372
1.2384
Fibonacci
1.2330
1.2338
1.2343
1.2351
1.2359
1.2364
1.2372
Camarilla
1.2347
1.2349
1.2351
1.2351
1.2355
1.2357
1.2359
Woodie's
1.2321
1.2330
1.2342
1.2351
1.2363
1.2372
1.2384
DeMark's
-
-
1.2336
1.2348
1.2357
-
-","Technical IndicatorsJun 17, 2021 06:25PM GMT
Name
Value
Action
RSI(14)
69.036
Buy
STOCH(9,6)
66.155
Buy
STOCHRSI(14)
31.359
Sell
MACD(12,26)
0.003
Buy
ADX(14)
33.242
Neutral
Williams %R
-25.322
Buy
CCI(14)
95.8540
Buy
ATR(14)
0.0026
High Volatility
Highs/Lows(14)
0.0015
Buy
Ultimate Oscillator
68.794
Buy
ROC
0.640
Buy
Bull/Bear Power(13)
0.0040
Buy
Buy: 9
Sell: 1
Neutral: 1


Summary:Strong Buy","Jun 17, 2021 06:25PM GMT"
usd_chf,0.9170 +0.0084    +0.93%,14:25:38,2021-06-17 18:26:10.215125,"Prev. Close: 0.9085
Bid/Ask: 0.9168 / 0.9171
Day's Range: 0.9076 - 0.9188",Strong Buy,"Summary:Strong Buy
Moving Averages:BuyBuy (12)Sell (0)
Technical Indicators:Strong BuyBuy (8)Sell (0)","Name
S3
S2
S1
Pivot Points
R1
R2
R3
Classic
0.9150
0.9160
0.9166
0.9176
0.9181
0.9192
0.9197
Fibonacci
0.9160
0.9166
0.9170
0.9176
0.9182
0.9186
0.9192
Camarilla
0.9167
0.9169
0.9170
0.9176
0.9173
0.9174
0.9176
Woodie's
0.9148
0.9159
0.9164
0.9175
0.9179
0.9191
0.9195
DeMark's
-
-
0.9163
0.9175
0.9179
-
-","Technical IndicatorsJun 17, 2021 06:23PM GMT
Name
Value
Action
RSI(14)
75.352
Overbought
STOCH(9,6)
76.981
Buy
STOCHRSI(14)
11.190
Oversold
MACD(12,26)
0.004
Buy
ADX(14)
32.108
Buy
Williams %R
-15.454
Overbought
CCI(14)
91.1738
Buy
ATR(14)
0.0018
High Volatility
Highs/Lows(14)
0.0018
Buy
Ultimate Oscillator
66.446
Buy
ROC
0.958
Buy
Bull/Bear Power(13)
0.0042
Buy
Buy: 8
Sell: 0
Neutral: 0


Summary:Strong Buy","Jun 17, 2021 06:23PM GMT"
nzd_chf,0.6427 +0.0023    +0.36%,14:25:38,2021-06-17 18:26:10.217930,"Prev. Close: 0.6404
Bid/Ask: 0.6424 / 0.6430
Day's Range: 0.6406 - 0.6453",Neutral,"Summary:Neutral
Moving Averages:BuyBuy (9)Sell (3)
Technical Indicators:SellBuy (1)Sell (5)","Name
S3
S2
S1
Pivot Points
R1
R2
R3
Classic
0.6420
0.6422
0.6425
0.6428
0.6431
0.6434
0.6437
Fibonacci
0.6422
0.6425
0.6426
0.6428
0.6430
0.6431
0.6434
Camarilla
0.6426
0.6427
0.6427
0.6428
0.6429
0.6429
0.6430
Woodie's
0.6420
0.6422
0.6425
0.6428
0.6431
0.6434
0.6437
DeMark's
-
-
0.6426
0.6429
0.6432
-
-","Technical IndicatorsJun 17, 2021 06:25PM GMT
Name
Value
Action
RSI(14)
51.167
Neutral
STOCH(9,6)
42.806
Sell
STOCHRSI(14)
45.926
Neutral
MACD(12,26)
0.000
Buy
ADX(14)
25.141
Sell
Williams %R
-54.839
Neutral
CCI(14)
-19.6490
Neutral
ATR(14)
0.0012
Less Volatility
Highs/Lows(14)
0.0000
Neutral
Ultimate Oscillator
48.154
Sell
ROC
-0.186
Sell
Bull/Bear Power(13)
-0.0005
Sell
Buy: 1
Sell: 5
Neutral: 5


Summary:Sell","Jun 17, 2021 06:25PM GMT"
usd_cny,6.4484 +0.0515    +0.80%,11:27:22,2021-06-17 18:26:10.220773,"Prev. Close: 6.3969
Bid/Ask: 6.4477 / 6.4490
Day's Range: 6.3972 - 6.4494",Strong Buy,"Summary:Strong Buy
Moving Averages:BuyBuy (12)Sell (0)
Technical Indicators:Strong BuyBuy (7)Sell (0)","Name
S3
S2
S1
Pivot Points
R1
R2
R3
Classic
6.4380
6.4399
6.4436
6.4455
6.4492
6.4511
6.4548
Fibonacci
6.4399
6.4420
6.4434
6.4455
6.4476
6.4490
6.4511
Camarilla
6.4458
6.4463
6.4468
6.4455
6.4479
6.4484
6.4489
Woodie's
6.4390
6.4404
6.4446
6.4460
6.4502
6.4516
6.4558
DeMark's
-
-
6.4446
6.4460
6.4502
-
-","Technical IndicatorsJun 17, 2021 03:34PM GMT
Name
Value
Action
RSI(14)
85.433
Overbought
STOCH(9,6)
77.649
Buy
STOCHRSI(14)
100.000
Overbought
MACD(12,26)
0.011
Buy
ADX(14)
61.337
Buy
Williams %R
-3.426
Overbought
CCI(14)
151.8010
Buy
ATR(14)
0.0041
Less Volatility
Highs/Lows(14)
0.0141
Buy
Ultimate Oscillator
82.973
Overbought
ROC
0.391
Buy
Bull/Bear Power(13)
0.0286
Buy
Buy: 7
Sell: 0
Neutral: 0


Summary:Strong Buy","Jun 17, 2021 03:34PM GMT"
usd_hkd,7.7648 +0.0018    +0.02%,14:25:33,2021-06-17 18:26:10.223609,"Prev. Close: 7.7630
Bid/Ask: 7.7647 / 7.7648
Day's Range: 7.7625 - 7.7656",Strong Buy,"Summary:Strong Buy
Moving Averages:BuyBuy (12)Sell (0)
Technical Indicators:Strong BuyBuy (7)Sell (3)","Name
S3
S2
S1
Pivot Points
R1
R2
R3
Classic
7.7636
7.7639
7.7643
7.7646
7.7650
7.7653
7.7657
Fibonacci
7.7639
7.7642
7.7643
7.7646
7.7649
7.7650
7.7653
Camarilla
7.7646
7.7646
7.7647
7.7646
7.7648
7.7649
7.7649
Woodie's
7.7636
7.7639
7.7643
7.7646
7.7650
7.7653
7.7657
DeMark's
-
-
7.7644
7.7646
7.7651
-
-","Technical IndicatorsJun 17, 2021 06:25PM GMT
Name
Value
Action
RSI(14)
57.948
Buy
STOCH(9,6)
32.898
Sell
STOCHRSI(14)
35.095
Sell
MACD(12,26)
0.000
Buy
ADX(14)
42.016
Buy
Williams %R
-36.838
Buy
CCI(14)
74.7187
Buy
ATR(14)
0.0009
Less Volatility
Highs/Lows(14)
0.0000
Neutral
Ultimate Oscillator
44.150
Sell
ROC
0.010
Buy
Bull/Bear Power(13)
0.0016
Buy
Buy: 7
Sell: 3
Neutral: 1


Summary:Strong Buy","Jun 17, 2021 06:25PM GMT"
eur_usd,1.1920 -0.0074    -0.62%,14:26:54,2021-06-17 18:27:10.589495,"Prev. Close: 1.1994
Bid/Ask: 1.1918 / 1.1922
Day's Range: 1.1892 - 1.2007",Strong Sell,"Summary:Strong Sell
Moving Averages:SellBuy (2)Sell (10)
Technical Indicators:Strong SellBuy (0)Sell (9)","Name
S3
S2
S1
Pivot Points
R1
R2
R3
Classic
1.1880
1.1888
1.1902
1.1910
1.1924
1.1932
1.1946
Fibonacci
1.1888
1.1896
1.1902
1.1910
1.1918
1.1924
1.1932
Camarilla
1.1910
1.1912
1.1914
1.1910
1.1918
1.1920
1.1922
Woodie's
1.1882
1.1889
1.1904
1.1911
1.1926
1.1933
1.1948
DeMark's
-
-
1.1906
1.1912
1.1928
-
-","Technical IndicatorsJun 17, 2021 06:25PM GMT
Name
Value
Action
RSI(14)
29.729
Sell
STOCH(9,6)
30.645
Sell
STOCHRSI(14)
100.000
Overbought
MACD(12,26)
-0.004
Sell
ADX(14)
30.965
Neutral
Williams %R
-75.546
Sell
CCI(14)
-84.8929
Sell
ATR(14)
0.0022
High Volatility
Highs/Lows(14)
-0.0011
Sell
Ultimate Oscillator
37.921
Sell
ROC
-0.675
Sell
Bull/Bear Power(13)
-0.0044
Sell
Buy: 0
Sell: 9
Neutral: 1


Summary:Strong Sell","Jun 17, 2021 06:25PM GMT"
gbp_usd,1.3930 -0.0057    -0.41%,14:26:37,2021-06-17 18:27:10.593261,"Prev. Close: 1.3987
Bid/Ask: 1.3928 / 1.3932
Day's Range: 1.3896 - 1.4010",Strong Sell,"Summary:Strong Sell
Moving Averages:SellBuy (2)Sell (10)
Technical Indicators:Strong SellBuy (0)Sell (9)","Name
S3
S2
S1
Pivot Points
R1
R2
R3
Classic
1.3876
1.3886
1.3905
1.3915
1.3934
1.3944
1.3963
Fibonacci
1.3886
1.3897
1.3904
1.3915
1.3926
1.3933
1.3944
Camarilla
1.3917
1.3920
1.3922
1.3915
1.3928
1.3930
1.3933
Woodie's
1.3882
1.3889
1.3911
1.3918
1.3940
1.3947
1.3969
DeMark's
-
-
1.3910
1.3918
1.3939
-
-","Technical IndicatorsJun 17, 2021 06:25PM GMT
Name
Value
Action
RSI(14)
36.826
Sell
STOCH(9,6)
30.817
Sell
STOCHRSI(14)
95.293
Overbought
MACD(12,26)
-0.004
Sell
ADX(14)
39.380
Neutral
Williams %R
-70.484
Sell
CCI(14)
-76.8615
Sell
ATR(14)
0.0027
High Volatility
Highs/Lows(14)
-0.0011
Sell
Ultimate Oscillator
37.747
Sell
ROC
-0.493
Sell
Bull/Bear Power(13)
-0.0027
Sell
Buy: 0
Sell: 9
Neutral: 1


Summary:Strong Sell","Jun 17, 2021 06:25PM GMT"
usd_jpy,110.22 -0.47    -0.43%,14:26:35,2021-06-17 18:27:10.596321,"Prev. Close: 110.69
Bid/Ask: 110.20 / 110.23
Day's Range: 110.17 - 110.83",Strong Sell,"Summary:Strong Sell
Moving Averages:SellBuy (4)Sell (8)
Technical Indicators:Strong SellBuy (0)Sell (8)","Name
S3
S2
S1
Pivot Points
R1
R2
R3
Classic
110.03
110.11
110.16
110.24
110.29
110.37
110.41
Fibonacci
110.11
110.16
110.19
110.24
110.29
110.32
110.37
Camarilla
110.18
110.19
110.20
110.24
110.23
110.24
110.25
Woodie's
110.03
110.11
110.16
110.24
110.29
110.37
110.41
DeMark's
-
-
110.14
110.23
110.27
-
-","Technical IndicatorsJun 17, 2021 06:25PM GMT
Name
Value
Action
RSI(14)
38.422
Sell
STOCH(9,6)
18.768
Oversold
STOCHRSI(14)
0.576
Oversold
MACD(12,26)
-0.010
Sell
ADX(14)
35.350
Sell
Williams %R
-94.117
Oversold
CCI(14)
-124.3100
Sell
ATR(14)
0.1321
High Volatility
Highs/Lows(14)
-0.2357
Sell
Ultimate Oscillator
36.769
Sell
ROC
-0.425
Sell
Bull/Bear Power(13)
-0.4110
Sell
Buy: 0
Sell: 8
Neutral: 0


Summary:Strong Sell","Jun 17, 2021 06:25PM GMT"
aud_usd,0.7558 -0.0053    -0.69%,14:26:55,2021-06-17 18:27:10.599295,"Prev. Close: 0.7610
Bid/Ask: 0.7557 / 0.7558
Day's Range: 0.7540 - 0.7646",Strong Sell,"Summary:Strong Sell
Moving Averages:SellBuy (2)Sell (10)
Technical Indicators:Strong SellBuy (1)Sell (9)","Name
S3
S2
S1
Pivot Points
R1
R2
R3
Classic
0.7531
0.7537
0.7548
0.7554
0.7565
0.7571
0.7582
Fibonacci
0.7537
0.7543
0.7548
0.7554
0.7560
0.7565
0.7571
Camarilla
0.7553
0.7555
0.7556
0.7554
0.7560
0.7561
0.7563
Woodie's
0.7533
0.7538
0.7550
0.7555
0.7567
0.7572
0.7584
DeMark's
-
-
0.7551
0.7555
0.7568
-
-","Technical IndicatorsJun 17, 2021 06:25PM GMT
Name
Value
Action
RSI(14)
28.768
Sell
STOCH(9,6)
23.345
Sell
STOCHRSI(14)
59.246
Buy
MACD(12,26)
-0.003
Sell
ADX(14)
42.795
Sell
Williams %R
-80.208
Oversold
CCI(14)
-77.8523
Sell
ATR(14)
0.0018
Less Volatility
Highs/Lows(14)
-0.0016
Sell
Ultimate Oscillator
30.643
Sell
ROC
-0.931
Sell
Bull/Bear Power(13)
-0.0024
Sell
Buy: 1
Sell: 9
Neutral: 0


Summary:Strong Sell","Jun 17, 2021 06:25PM GMT"
eur_gbp,0.8558 -0.0015    -0.18%,14:26:54,2021-06-17 18:27:10.602188,"Prev. Close: 0.8573
Bid/Ask: 0.8555 / 0.8560
Day's Range: 0.8542 - 0.8580",Strong Sell,"Summary:Strong Sell
Moving Averages:Strong SellBuy (0)Sell (12)
Technical Indicators:SellBuy (1)Sell (5)","Name
S3
S2
S1
Pivot Points
R1
R2
R3
Classic
0.8547
0.8552
0.8555
0.8560
0.8562
0.8568
0.8570
Fibonacci
0.8552
0.8555
0.8557
0.8560
0.8563
0.8565
0.8568
Camarilla
0.8555
0.8556
0.8557
0.8560
0.8558
0.8559
0.8560
Woodie's
0.8547
0.8552
0.8555
0.8560
0.8562
0.8568
0.8570
DeMark's
-
-
0.8554
0.8559
0.8561
-
-","Technical IndicatorsJun 17, 2021 06:25PM GMT
Name
Value
Action
RSI(14)
39.218
Sell
STOCH(9,6)
52.069
Neutral
STOCHRSI(14)
77.045
Overbought
MACD(12,26)
-0.001
Sell
ADX(14)
35.370
Sell
Williams %R
-53.731
Neutral
CCI(14)
-40.6966
Neutral
ATR(14)
0.0011
High Volatility
Highs/Lows(14)
0.0000
Neutral
Ultimate Oscillator
54.862
Buy
ROC
-0.192
Sell
Bull/Bear Power(13)
-0.0008
Sell
Buy: 1
Sell: 5
Neutral: 4


Summary:Sell","Jun 17, 2021 06:25PM GMT"
usd_cad,1.2346 +0.0070    +0.57%,14:26:52,2021-06-17 18:27:10.605065,"Prev. Close: 1.2276
Bid/Ask: 1.2344 / 1.2348
Day's Range: 1.2261 - 1.2378",Strong Buy,"Summary:Strong Buy
Moving Averages:BuyBuy (11)Sell (1)
Technical Indicators:Strong BuyBuy (9)Sell (1)","Name
S3
S2
S1
Pivot Points
R1
R2
R3
Classic
1.2321
1.2330
1.2342
1.2351
1.2363
1.2372
1.2384
Fibonacci
1.2330
1.2338
1.2343
1.2351
1.2359
1.2364
1.2372
Camarilla
1.2347
1.2349
1.2351
1.2351
1.2355
1.2357
1.2359
Woodie's
1.2321
1.2330
1.2342
1.2351
1.2363
1.2372
1.2384
DeMark's
-
-
1.2336
1.2348
1.2357
-
-","Technical IndicatorsJun 17, 2021 06:25PM GMT
Name
Value
Action
RSI(14)
69.036
Buy
STOCH(9,6)
66.155
Buy
STOCHRSI(14)
31.359
Sell
MACD(12,26)
0.003
Buy
ADX(14)
33.242
Neutral
Williams %R
-25.322
Buy
CCI(14)
95.8540
Buy
ATR(14)
0.0026
High Volatility
Highs/Lows(14)
0.0015
Buy
Ultimate Oscillator
68.794
Buy
ROC
0.640
Buy
Bull/Bear Power(13)
0.0040
Buy
Buy: 9
Sell: 1
Neutral: 1


Summary:Strong Buy","Jun 17, 2021 06:25PM GMT"
usd_chf,0.9170 +0.0084    +0.93%,14:26:42,2021-06-17 18:27:10.607927,"Prev. Close: 0.9085
Bid/Ask: 0.9168 / 0.9171
Day's Range: 0.9076 - 0.9188",Strong Buy,"Summary:Strong Buy
Moving Averages:BuyBuy (10)Sell (2)
Technical Indicators:Strong BuyBuy (9)Sell (0)","Name
S3
S2
S1
Pivot Points
R1
R2
R3
Classic
0.9150
0.9160
0.9166
0.9176
0.9181
0.9192
0.9197
Fibonacci
0.9160
0.9166
0.9170
0.9176
0.9182
0.9186
0.9192
Camarilla
0.9167
0.9169
0.9170
0.9176
0.9173
0.9174
0.9176
Woodie's
0.9148
0.9159
0.9164
0.9175
0.9179
0.9191
0.9195
DeMark's
-
-
0.9163
0.9175
0.9179
-
-","Technical IndicatorsJun 17, 2021 06:25PM GMT
Name
Value
Action
RSI(14)
74.736
Buy
STOCH(9,6)
76.673
Buy
STOCHRSI(14)
6.482
Oversold
MACD(12,26)
0.004
Buy
ADX(14)
32.108
Buy
Williams %R
-16.364
Overbought
CCI(14)
90.3309
Buy
ATR(14)
0.0018
High Volatility
Highs/Lows(14)
0.0017
Buy
Ultimate Oscillator
65.830
Buy
ROC
0.947
Buy
Bull/Bear Power(13)
0.0042
Buy
Buy: 9
Sell: 0
Neutral: 0


Summary:Strong Buy","Jun 17, 2021 06:25PM GMT"
nzd_chf,0.6427 +0.0023    +0.36%,14:26:55,2021-06-17 18:27:10.610781,"Prev. Close: 0.6404
Bid/Ask: 0.6425 / 0.6429
Day's Range: 0.6406 - 0.6453",Neutral,"Summary:Neutral
Moving Averages:BuyBuy (9)Sell (3)
Technical Indicators:SellBuy (1)Sell (5)","Name
S3
S2
S1
Pivot Points
R1
R2
R3
Classic
0.6420
0.6422
0.6425
0.6428
0.6431
0.6434
0.6437
Fibonacci
0.6422
0.6425
0.6426
0.6428
0.6430
0.6431
0.6434
Camarilla
0.6426
0.6427
0.6427
0.6428
0.6429
0.6429
0.6430
Woodie's
0.6420
0.6422
0.6425
0.6428
0.6431
0.6434
0.6437
DeMark's
-
-
0.6426
0.6429
0.6432
-
-","Technical IndicatorsJun 17, 2021 06:25PM GMT
Name
Value
Action
RSI(14)
51.167
Neutral
STOCH(9,6)
42.806
Sell
STOCHRSI(14)
45.926
Neutral
MACD(12,26)
0.000
Buy
ADX(14)
25.141
Sell
Williams %R
-54.839
Neutral
CCI(14)
-19.6490
Neutral
ATR(14)
0.0012
Less Volatility
Highs/Lows(14)
0.0000
Neutral
Ultimate Oscillator
48.154
Sell
ROC
-0.186
Sell
Bull/Bear Power(13)
-0.0005
Sell
Buy: 1
Sell: 5
Neutral: 5


Summary:Sell","Jun 17, 2021 06:25PM GMT"
usd_cny,6.4484 +0.0515    +0.80%,11:27:22,2021-06-17 18:27:10.613630,"Prev. Close: 6.3969
Bid/Ask: 6.4477 / 6.4490
Day's Range: 6.3972 - 6.4494",Strong Buy,"Summary:Strong Buy
Moving Averages:BuyBuy (12)Sell (0)
Technical Indicators:Strong BuyBuy (7)Sell (0)","Name
S3
S2
S1
Pivot Points
R1
R2
R3
Classic
6.4380
6.4399
6.4436
6.4455
6.4492
6.4511
6.4548
Fibonacci
6.4399
6.4420
6.4434
6.4455
6.4476
6.4490
6.4511
Camarilla
6.4458
6.4463
6.4468
6.4455
6.4479
6.4484
6.4489
Woodie's
6.4390
6.4404
6.4446
6.4460
6.4502
6.4516
6.4558
DeMark's
-
-
6.4446
6.4460
6.4502
-
-","Technical IndicatorsJun 17, 2021 03:34PM GMT
Name
Value
Action
RSI(14)
85.433
Overbought
STOCH(9,6)
77.649
Buy
STOCHRSI(14)
100.000
Overbought
MACD(12,26)
0.011
Buy
ADX(14)
61.337
Buy
Williams %R
-3.426
Overbought
CCI(14)
151.8010
Buy
ATR(14)
0.0041
Less Volatility
Highs/Lows(14)
0.0141
Buy
Ultimate Oscillator
82.973
Overbought
ROC
0.391
Buy
Bull/Bear Power(13)
0.0286
Buy
Buy: 7
Sell: 0
Neutral: 0


Summary:Strong Buy","Jun 17, 2021 03:34PM GMT"
usd_hkd,7.7648 +0.0018    +0.02%,14:26:39,2021-06-17 18:27:10.616522,"Prev. Close: 7.7630
Bid/Ask: 7.7647 / 7.7648
Day's Range: 7.7625 - 7.7656",Strong Buy,"Summary:Strong Buy
Moving Averages:BuyBuy (12)Sell (0)
Technical Indicators:Strong BuyBuy (7)Sell (3)","Name
S3
S2
S1
Pivot Points
R1
R2
R3
Classic
7.7636
7.7639
7.7643
7.7646
7.7650
7.7653
7.7657
Fibonacci
7.7639
7.7642
7.7643
7.7646
7.7649
7.7650
7.7653
Camarilla
7.7646
7.7646
7.7647
7.7646
7.7648
7.7649
7.7649
Woodie's
7.7636
7.7639
7.7643
7.7646
7.7650
7.7653
7.7657
DeMark's
-
-
7.7644
7.7646
7.7651
-
-","Technical IndicatorsJun 17, 2021 06:25PM GMT
Name
Value
Action
RSI(14)
57.948
Buy
STOCH(9,6)
32.898
Sell
STOCHRSI(14)
35.095
Sell
MACD(12,26)
0.000
Buy
ADX(14)
42.016
Buy
Williams %R
-36.838
Buy
CCI(14)
74.7187
Buy
ATR(14)
0.0009
Less Volatility
Highs/Lows(14)
0.0000
Neutral
Ultimate Oscillator
44.150
Sell
ROC
0.010
Buy
Bull/Bear Power(13)
0.0016
Buy
Buy: 7
Sell: 3
Neutral: 1


Summary:Strong Buy","Jun 17, 2021 06:25PM GMT"
eur_usd,1.1920 -0.0074    -0.62%,14:27:39,2021-06-17 18:28:10.172274,"Prev. Close: 1.1994
Bid/Ask: 1.1918 / 1.1922
Day's Range: 1.1892 - 1.2007",Strong Sell,"Summary:Strong Sell
Moving Averages:SellBuy (2)Sell (10)
Technical Indicators:Strong SellBuy (0)Sell (9)","Name
S3
S2
S1
Pivot Points
R1
R2
R3
Classic
1.1880
1.1888
1.1902
1.1910
1.1924
1.1932
1.1946
Fibonacci
1.1888
1.1896
1.1902
1.1910
1.1918
1.1924
1.1932
Camarilla
1.1910
1.1912
1.1914
1.1910
1.1918
1.1920
1.1922
Woodie's
1.1882
1.1889
1.1904
1.1911
1.1926
1.1933
1.1948
DeMark's
-
-
1.1906
1.1912
1.1928
-
-","Technical IndicatorsJun 17, 2021 06:27PM GMT
Name
Value
Action
RSI(14)
29.729
Sell
STOCH(9,6)
30.645
Sell
STOCHRSI(14)
100.000
Overbought
MACD(12,26)
-0.004
Sell
ADX(14)
30.965
Neutral
Williams %R
-75.546
Sell
CCI(14)
-84.8929
Sell
ATR(14)
0.0022
High Volatility
Highs/Lows(14)
-0.0011
Sell
Ultimate Oscillator
37.921
Sell
ROC
-0.675
Sell
Bull/Bear Power(13)
-0.0044
Sell
Buy: 0
Sell: 9
Neutral: 1


Summary:Strong Sell","Jun 17, 2021 06:27PM GMT"
gbp_usd,1.3930 -0.0057    -0.41%,14:27:34,2021-06-17 18:28:10.175966,"Prev. Close: 1.3987
Bid/Ask: 1.3929 / 1.3930
Day's Range: 1.3896 - 1.4010",Strong Sell,"Summary:Strong Sell
Moving Averages:SellBuy (2)Sell (10)
Technical Indicators:Strong SellBuy (0)Sell (9)","Name
S3
S2
S1
Pivot Points
R1
R2
R3
Classic
1.3876
1.3886
1.3905
1.3915
1.3934
1.3944
1.3963
Fibonacci
1.3886
1.3897
1.3904
1.3915
1.3926
1.3933
1.3944
Camarilla
1.3917
1.3920
1.3922
1.3915
1.3928
1.3930
1.3933
Woodie's
1.3882
1.3889
1.3911
1.3918
1.3940
1.3947
1.3969
DeMark's
-
-
1.3910
1.3918
1.3939
-
-","Technical IndicatorsJun 17, 2021 06:25PM GMT
Name
Value
Action
RSI(14)
36.826
Sell
STOCH(9,6)
30.817
Sell
STOCHRSI(14)
95.293
Overbought
MACD(12,26)
-0.004
Sell
ADX(14)
39.380
Neutral
Williams %R
-70.484
Sell
CCI(14)
-76.8615
Sell
ATR(14)
0.0027
High Volatility
Highs/Lows(14)
-0.0011
Sell
Ultimate Oscillator
37.747
Sell
ROC
-0.493
Sell
Bull/Bear Power(13)
-0.0027
Sell
Buy: 0
Sell: 9
Neutral: 1


Summary:Strong Sell","Jun 17, 2021 06:25PM GMT"
usd_jpy,110.22 -0.47    -0.43%,14:27:44,2021-06-17 18:28:10.178946,"Prev. Close: 110.69
Bid/Ask: 110.20 / 110.23
Day's Range: 110.17 - 110.83",Strong Sell,"Summary:Strong Sell
Moving Averages:SellBuy (4)Sell (8)
Technical Indicators:Strong SellBuy (0)Sell (8)","Name
S3
S2
S1
Pivot Points
R1
R2
R3
Classic
110.03
110.11
110.16
110.24
110.29
110.37
110.41
Fibonacci
110.11
110.16
110.19
110.24
110.29
110.32
110.37
Camarilla
110.18
110.19
110.20
110.24
110.23
110.24
110.25
Woodie's
110.03
110.11
110.16
110.24
110.29
110.37
110.41
DeMark's
-
-
110.14
110.23
110.27
-
-","Technical IndicatorsJun 17, 2021 06:27PM GMT
Name
Value
Action
RSI(14)
39.461
Sell
STOCH(9,6)
19.328
Oversold
STOCHRSI(14)
4.361
Oversold
MACD(12,26)
-0.010
Sell
ADX(14)
35.350
Sell
Williams %R
-90.756
Oversold
CCI(14)
-122.0891
Sell
ATR(14)
0.1321
High Volatility
Highs/Lows(14)
-0.2157
Sell
Ultimate Oscillator
38.165
Sell
ROC
-0.407
Sell
Bull/Bear Power(13)
-0.4150
Sell
Buy: 0
Sell: 8
Neutral: 0


Summary:Strong Sell","Jun 17, 2021 06:27PM GMT"
aud_usd,0.7557 -0.0053    -0.70%,14:27:42,2021-06-17 18:28:10.181784,"Prev. Close: 0.7610
Bid/Ask: 0.7556 / 0.7558
Day's Range: 0.7540 - 0.7646",Strong Sell,"Summary:Strong Sell
Moving Averages:Strong SellBuy (0)Sell (12)
Technical Indicators:Strong SellBuy (1)Sell (8)","Name
S3
S2
S1
Pivot Points
R1
R2
R3
Classic
0.7531
0.7537
0.7548
0.7554
0.7565
0.7571
0.7582
Fibonacci
0.7537
0.7543
0.7548
0.7554
0.7560
0.7565
0.7571
Camarilla
0.7553
0.7555
0.7556
0.7554
0.7560
0.7561
0.7563
Woodie's
0.7533
0.7538
0.7550
0.7555
0.7567
0.7572
0.7584
DeMark's
-
-
0.7551
0.7555
0.7568
-
-","Technical IndicatorsJun 17, 2021 06:27PM GMT
Name
Value
Action
RSI(14)
28.190
Sell
STOCH(9,6)
22.918
Sell
STOCHRSI(14)
56.025
Buy
MACD(12,26)
-0.003
Sell
ADX(14)
42.795
Sell
Williams %R
-81.771
Oversold
CCI(14)
-79.0846
Sell
ATR(14)
0.0018
Less Volatility
Highs/Lows(14)
-0.0017
Sell
Ultimate Oscillator
29.753
Oversold
ROC
-0.950
Sell
Bull/Bear Power(13)
-0.0024
Sell
Buy: 1
Sell: 8
Neutral: 0


Summary:Strong Sell","Jun 17, 2021 06:27PM GMT"
eur_gbp,0.8557 -0.0016    -0.19%,14:27:42,2021-06-17 18:28:10.184642,"Prev. Close: 0.8573
Bid/Ask: 0.8556 / 0.8558
Day's Range: 0.8542 - 0.8580",Strong Sell,"Summary:Strong Sell
Moving Averages:Strong SellBuy (0)Sell (12)
Technical Indicators:SellBuy (1)Sell (5)","Name
S3
S2
S1
Pivot Points
R1
R2
R3
Classic
0.8547
0.8552
0.8555
0.8560
0.8562
0.8568
0.8570
Fibonacci
0.8552
0.8555
0.8557
0.8560
0.8563
0.8565
0.8568
Camarilla
0.8555
0.8556
0.8557
0.8560
0.8558
0.8559
0.8560
Woodie's
0.8547
0.8552
0.8555
0.8560
0.8562
0.8568
0.8570
DeMark's
-
-
0.8554
0.8559
0.8561
-
-","Technical IndicatorsJun 17, 2021 06:27PM GMT
Name
Value
Action
RSI(14)
39.218
Sell
STOCH(9,6)
52.069
Neutral
STOCHRSI(14)
77.045
Overbought
MACD(12,26)
-0.001
Sell
ADX(14)
35.370
Sell
Williams %R
-53.731
Neutral
CCI(14)
-40.6966
Neutral
ATR(14)
0.0011
High Volatility
Highs/Lows(14)
0.0000
Neutral
Ultimate Oscillator
54.862
Buy
ROC
-0.192
Sell
Bull/Bear Power(13)
-0.0008
Sell
Buy: 1
Sell: 5
Neutral: 4


Summary:Sell","Jun 17, 2021 06:27PM GMT"
usd_cad,1.2346 +0.0070    +0.57%,14:27:42,2021-06-17 18:28:10.187486,"Prev. Close: 1.2276
Bid/Ask: 1.2344 / 1.2348
Day's Range: 1.2261 - 1.2378",Strong Buy,"Summary:Strong Buy
Moving Averages:BuyBuy (10)Sell (2)
Technical Indicators:Strong BuyBuy (9)Sell (0)","Name
S3
S2
S1
Pivot Points
R1
R2
R3
Classic
1.2321
1.2330
1.2342
1.2351
1.2363
1.2372
1.2384
Fibonacci
1.2330
1.2338
1.2343
1.2351
1.2359
1.2364
1.2372
Camarilla
1.2347
1.2349
1.2351
1.2351
1.2355
1.2357
1.2359
Woodie's
1.2321
1.2330
1.2342
1.2351
1.2363
1.2372
1.2384
DeMark's
-
-
1.2336
1.2348
1.2357
-
-","Technical IndicatorsJun 17, 2021 06:27PM GMT
Name
Value
Action
RSI(14)
67.884
Buy
STOCH(9,6)
65.650
Buy
STOCHRSI(14)
23.686
Oversold
MACD(12,26)
0.003
Buy
ADX(14)
33.242
Neutral
Williams %R
-27.468
Buy
CCI(14)
91.0820
Buy
ATR(14)
0.0026
High Volatility
Highs/Lows(14)
0.0013
Buy
Ultimate Oscillator
68.199
Buy
ROC
0.619
Buy
Bull/Bear Power(13)
0.0038
Buy
Buy: 9
Sell: 0
Neutral: 1


Summary:Strong Buy","Jun 17, 2021 06:27PM GMT"
usd_chf,0.9171 +0.0086    +0.95%,14:27:42,2021-06-17 18:28:10.190530,"Prev. Close: 0.9085
Bid/Ask: 0.9169 / 0.9173
Day's Range: 0.9076 - 0.9188",Strong Buy,"Summary:Strong Buy
Moving Averages:BuyBuy (12)Sell (0)
Technical Indicators:Strong BuyBuy (8)Sell (0)","Name
S3
S2
S1
Pivot Points
R1
R2
R3
Classic
0.9150
0.9160
0.9166
0.9176
0.9181
0.9192
0.9197
Fibonacci
0.9160
0.9166
0.9170
0.9176
0.9182
0.9186
0.9192
Camarilla
0.9167
0.9169
0.9170
0.9176
0.9173
0.9174
0.9176
Woodie's
0.9148
0.9159
0.9164
0.9175
0.9179
0.9191
0.9195
DeMark's
-
-
0.9163
0.9175
0.9179
-
-","Technical IndicatorsJun 17, 2021 06:27PM GMT
Name
Value
Action
RSI(14)
75.352
Overbought
STOCH(9,6)
76.981
Buy
STOCHRSI(14)
11.190
Oversold
MACD(12,26)
0.004
Buy
ADX(14)
32.108
Buy
Williams %R
-15.454
Overbought
CCI(14)
91.1738
Buy
ATR(14)
0.0018
High Volatility
Highs/Lows(14)
0.0018
Buy
Ultimate Oscillator
66.446
Buy
ROC
0.958
Buy
Bull/Bear Power(13)
0.0042
Buy
Buy: 8
Sell: 0
Neutral: 0


Summary:Strong Buy","Jun 17, 2021 06:27PM GMT"
nzd_chf,0.6426 +0.0022    +0.34%,14:27:42,2021-06-17 18:28:10.193367,"Prev. Close: 0.6404
Bid/Ask: 0.6425 / 0.6427
Day's Range: 0.6406 - 0.6453",Sell,"Summary:Sell
Moving Averages:NeutralBuy (6)Sell (6)
Technical Indicators:Strong SellBuy (1)Sell (7)","Name
S3
S2
S1
Pivot Points
R1
R2
R3
Classic
0.6420
0.6422
0.6425
0.6428
0.6431
0.6434
0.6437
Fibonacci
0.6422
0.6425
0.6426
0.6428
0.6430
0.6431
0.6434
Camarilla
0.6426
0.6427
0.6427
0.6428
0.6429
0.6429
0.6430
Woodie's
0.6420
0.6422
0.6425
0.6428
0.6431
0.6434
0.6437
DeMark's
-
-
0.6426
0.6429
0.6432
-
-","Technical IndicatorsJun 17, 2021 06:27PM GMT
Name
Value
Action
RSI(14)
50.463
Neutral
STOCH(9,6)
42.368
Sell
STOCHRSI(14)
43.227
Sell
MACD(12,26)
0.000
Buy
ADX(14)
25.141
Sell
Williams %R
-56.990
Sell
CCI(14)
-23.2420
Neutral
ATR(14)
0.0012
Less Volatility
Highs/Lows(14)
0.0000
Neutral
Ultimate Oscillator
47.441
Sell
ROC
-0.202
Sell
Bull/Bear Power(13)
-0.0005
Sell
Buy: 1
Sell: 7
Neutral: 3


Summary:Strong Sell","Jun 17, 2021 06:27PM GMT"
usd_cny,6.4484 +0.0515    +0.80%,11:27:22,2021-06-17 18:28:10.196216,"Prev. Close: 6.3969
Bid/Ask: 6.4477 / 6.4490
Day's Range: 6.3972 - 6.4494",Strong Buy,"Summary:Strong Buy
Moving Averages:BuyBuy (12)Sell (0)
Technical Indicators:Strong BuyBuy (7)Sell (0)","Name
S3
S2
S1
Pivot Points
R1
R2
R3
Classic
6.4380
6.4399
6.4436
6.4455
6.4492
6.4511
6.4548
Fibonacci
6.4399
6.4420
6.4434
6.4455
6.4476
6.4490
6.4511
Camarilla
6.4458
6.4463
6.4468
6.4455
6.4479
6.4484
6.4489
Woodie's
6.4390
6.4404
6.4446
6.4460
6.4502
6.4516
6.4558
DeMark's
-
-
6.4446
6.4460
6.4502
-
-","Technical IndicatorsJun 17, 2021 03:34PM GMT
Name
Value
Action
RSI(14)
85.433
Overbought
STOCH(9,6)
77.649
Buy
STOCHRSI(14)
100.000
Overbought
MACD(12,26)
0.011
Buy
ADX(14)
61.337
Buy
Williams %R
-3.426
Overbought
CCI(14)
151.8010
Buy
ATR(14)
0.0041
Less Volatility
Highs/Lows(14)
0.0141
Buy
Ultimate Oscillator
82.973
Overbought
ROC
0.391
Buy
Bull/Bear Power(13)
0.0286
Buy
Buy: 7
Sell: 0
Neutral: 0


Summary:Strong Buy","Jun 17, 2021 03:34PM GMT"
usd_hkd,7.7648 +0.0018    +0.02%,14:27:33,2021-06-17 18:28:10.199075,"Prev. Close: 7.7630
Bid/Ask: 7.7647 / 7.7648
Day's Range: 7.7625 - 7.7656",Strong Buy,"Summary:Strong Buy
Moving Averages:BuyBuy (12)Sell (0)
Technical Indicators:Strong BuyBuy (7)Sell (3)","Name
S3
S2
S1
Pivot Points
R1
R2
R3
Classic
7.7636
7.7639
7.7643
7.7646
7.7650
7.7653
7.7657
Fibonacci
7.7639
7.7642
7.7643
7.7646
7.7649
7.7650
7.7653
Camarilla
7.7646
7.7646
7.7647
7.7646
7.7648
7.7649
7.7649
Woodie's
7.7636
7.7639
7.7643
7.7646
7.7650
7.7653
7.7657
DeMark's
-
-
7.7644
7.7646
7.7651
-
-","Technical IndicatorsJun 17, 2021 06:27PM GMT
Name
Value
Action
RSI(14)
57.948
Buy
STOCH(9,6)
32.898
Sell
STOCHRSI(14)
35.095
Sell
MACD(12,26)
0.000
Buy
ADX(14)
42.016
Buy
Williams %R
-36.838
Buy
CCI(14)
74.7187
Buy
ATR(14)
0.0009
Less Volatility
Highs/Lows(14)
0.0000
Neutral
Ultimate Oscillator
44.150
Sell
ROC
0.010
Buy
Bull/Bear Power(13)
0.0016
Buy
Buy: 7
Sell: 3
Neutral: 1


Summary:Strong Buy","Jun 17, 2021 06:27PM GMT"
eur_usd,1.1919 -0.0075    -0.63%,,2021-06-17 18:29:10.279543,"Prev. Close: 1.1994
Bid/Ask: 1.1917 / 1.1921
Day's Range: 1.1892 - 1.2007",Strong Sell,"Summary:Strong Sell
Moving Averages:SellBuy (2)Sell (10)
Technical Indicators:Strong SellBuy (0)Sell (9)","Name
S3
S2
S1
Pivot Points
R1
R2
R3
Classic
1.1880
1.1888
1.1902
1.1910
1.1924
1.1932
1.1946
Fibonacci
1.1888
1.1896
1.1902
1.1910
1.1918
1.1924
1.1932
Camarilla
1.1910
1.1912
1.1914
1.1910
1.1918
1.1920
1.1922
Woodie's
1.1882
1.1889
1.1904
1.1911
1.1926
1.1933
1.1948
DeMark's
-
-
1.1906
1.1912
1.1928
-
-","Technical IndicatorsJun 17, 2021 06:27PM GMT
Name
Value
Action
RSI(14)
29.729
Sell
STOCH(9,6)
30.645
Sell
STOCHRSI(14)
100.000
Overbought
MACD(12,26)
-0.004
Sell
ADX(14)
30.965
Neutral
Williams %R
-75.546
Sell
CCI(14)
-84.8929
Sell
ATR(14)
0.0022
High Volatility
Highs/Lows(14)
-0.0011
Sell
Ultimate Oscillator
37.921
Sell
ROC
-0.675
Sell
Bull/Bear Power(13)
-0.0044
Sell
Buy: 0
Sell: 9
Neutral: 1


Summary:Strong Sell","Jun 17, 2021 06:27PM GMT"
gbp_usd,1.3931 -0.0056    -0.40%,14:28:46,2021-06-17 18:29:10.283189,"Prev. Close: 1.3987
Bid/Ask: 1.3930 / 1.3931
Day's Range: 1.3896 - 1.4010",Strong Sell,"Summary:Strong Sell
Moving Averages:SellBuy (2)Sell (10)
Technical Indicators:Strong SellBuy (1)Sell (9)","Name
S3
S2
S1
Pivot Points
R1
R2
R3
Classic
1.3876
1.3886
1.3905
1.3915
1.3934
1.3944
1.3963
Fibonacci
1.3886
1.3897
1.3904
1.3915
1.3926
1.3933
1.3944
Camarilla
1.3917
1.3920
1.3922
1.3915
1.3928
1.3930
1.3933
Woodie's
1.3882
1.3889
1.3911
1.3918
1.3940
1.3947
1.3969
DeMark's
-
-
1.3910
1.3918
1.3939
-
-","Technical IndicatorsJun 17, 2021 06:27PM GMT
Name
Value
Action
RSI(14)
36.826
Sell
STOCH(9,6)
30.817
Sell
STOCHRSI(14)
95.293
Overbought
MACD(12,26)
-0.004
Sell
ADX(14)
39.440
Buy
Williams %R
-70.484
Sell
CCI(14)
-76.4694
Sell
ATR(14)
0.0027
High Volatility
Highs/Lows(14)
-0.0011
Sell
Ultimate Oscillator
37.675
Sell
ROC
-0.493
Sell
Bull/Bear Power(13)
-0.0026
Sell
Buy: 1
Sell: 9
Neutral: 0


Summary:Strong Sell","Jun 17, 2021 06:27PM GMT"
usd_jpy,110.22 -0.47    -0.43%,14:28:36,2021-06-17 18:29:10.286129,"Prev. Close: 110.69
Bid/Ask: 110.20 / 110.23
Day's Range: 110.17 - 110.83",Strong Sell,"Summary:Strong Sell
Moving Averages:SellBuy (4)Sell (8)
Technical Indicators:Strong SellBuy (0)Sell (8)","Name
S3
S2
S1
Pivot Points
R1
R2
R3
Classic
110.03
110.11
110.16
110.24
110.29
110.37
110.41
Fibonacci
110.11
110.16
110.19
110.24
110.29
110.32
110.37
Camarilla
110.18
110.19
110.20
110.24
110.23
110.24
110.25
Woodie's
110.03
110.11
110.16
110.24
110.29
110.37
110.41
DeMark's
-
-
110.14
110.23
110.27
-
-","Technical IndicatorsJun 17, 2021 06:27PM GMT
Name
Value
Action
RSI(14)
39.461
Sell
STOCH(9,6)
19.328
Oversold
STOCHRSI(14)
4.361
Oversold
MACD(12,26)
-0.010
Sell
ADX(14)
35.350
Sell
Williams %R
-90.756
Oversold
CCI(14)
-122.0891
Sell
ATR(14)
0.1321
High Volatility
Highs/Lows(14)
-0.2157
Sell
Ultimate Oscillator
38.165
Sell
ROC
-0.407
Sell
Bull/Bear Power(13)
-0.4150
Sell
Buy: 0
Sell: 8
Neutral: 0


Summary:Strong Sell","Jun 17, 2021 06:27PM GMT"
aud_usd,0.7558 -0.0052    -0.68%,,2021-06-17 18:29:10.288998,"Prev. Close: 0.7610
Bid/Ask: 0.7557 / 0.7559
Day's Range: 0.7540 - 0.7646",Strong Sell,"Summary:Strong Sell
Moving Averages:Strong SellBuy (0)Sell (12)
Technical Indicators:Strong SellBuy (1)Sell (8)","Name
S3
S2
S1
Pivot Points
R1
R2
R3
Classic
0.7531
0.7537
0.7548
0.7554
0.7565
0.7571
0.7582
Fibonacci
0.7537
0.7543
0.7548
0.7554
0.7560
0.7565
0.7571
Camarilla
0.7553
0.7555
0.7556
0.7554
0.7560
0.7561
0.7563
Woodie's
0.7533
0.7538
0.7550
0.7555
0.7567
0.7572
0.7584
DeMark's
-
-
0.7551
0.7555
0.7568
-
-","Technical IndicatorsJun 17, 2021 06:27PM GMT
Name
Value
Action
RSI(14)
28.190
Sell
STOCH(9,6)
22.918
Sell
STOCHRSI(14)
56.025
Buy
MACD(12,26)
-0.003
Sell
ADX(14)
42.795
Sell
Williams %R
-81.771
Oversold
CCI(14)
-79.0846
Sell
ATR(14)
0.0018
Less Volatility
Highs/Lows(14)
-0.0017
Sell
Ultimate Oscillator
29.753
Oversold
ROC
-0.950
Sell
Bull/Bear Power(13)
-0.0024
Sell
Buy: 1
Sell: 8
Neutral: 0


Summary:Strong Sell","Jun 17, 2021 06:27PM GMT"
eur_gbp,0.8557 -0.0016    -0.19%,14:28:38,2021-06-17 18:29:10.291851,"Prev. Close: 0.8573
Bid/Ask: 0.8554 / 0.8559
Day's Range: 0.8542 - 0.8580",Strong Sell,"Summary:Strong Sell
Moving Averages:Strong SellBuy (0)Sell (12)
Technical Indicators:SellBuy (1)Sell (5)","Name
S3
S2
S1
Pivot Points
R1
R2
R3
Classic
0.8547
0.8552
0.8555
0.8560
0.8562
0.8568
0.8570
Fibonacci
0.8552
0.8555
0.8557
0.8560
0.8563
0.8565
0.8568
Camarilla
0.8555
0.8556
0.8557
0.8560
0.8558
0.8559
0.8560
Woodie's
0.8547
0.8552
0.8555
0.8560
0.8562
0.8568
0.8570
DeMark's
-
-
0.8554
0.8559
0.8561
-
-","Technical IndicatorsJun 17, 2021 06:27PM GMT
Name
Value
Action
RSI(14)
39.218
Sell
STOCH(9,6)
52.069
Neutral
STOCHRSI(14)
77.045
Overbought
MACD(12,26)
-0.001
Sell
ADX(14)
35.370
Sell
Williams %R
-53.731
Neutral
CCI(14)
-40.6966
Neutral
ATR(14)
0.0011
High Volatility
Highs/Lows(14)
0.0000
Neutral
Ultimate Oscillator
54.862
Buy
ROC
-0.192
Sell
Bull/Bear Power(13)
-0.0008
Sell
Buy: 1
Sell: 5
Neutral: 4


Summary:Sell","Jun 17, 2021 06:27PM GMT"
usd_cad,1.2345 +0.0069    +0.56%,,2021-06-17 18:29:10.294690,"Prev. Close: 1.2276
Bid/Ask: 1.2343 / 1.2347
Day's Range: 1.2261 - 1.2378",Strong Buy,"Summary:Strong Buy
Moving Averages:BuyBuy (10)Sell (2)
Technical Indicators:Strong BuyBuy (9)Sell (0)","Name
S3
S2
S1
Pivot Points
R1
R2
R3
Classic
1.2321
1.2330
1.2342
1.2351
1.2363
1.2372
1.2384
Fibonacci
1.2330
1.2338
1.2343
1.2351
1.2359
1.2364
1.2372
Camarilla
1.2347
1.2349
1.2351
1.2351
1.2355
1.2357
1.2359
Woodie's
1.2321
1.2330
1.2342
1.2351
1.2363
1.2372
1.2384
DeMark's
-
-
1.2336
1.2348
1.2357
-
-","Technical IndicatorsJun 17, 2021 06:27PM GMT
Name
Value
Action
RSI(14)
67.884
Buy
STOCH(9,6)
65.650
Buy
STOCHRSI(14)
23.686
Oversold
MACD(12,26)
0.003
Buy
ADX(14)
33.242
Neutral
Williams %R
-27.468
Buy
CCI(14)
91.0820
Buy
ATR(14)
0.0026
High Volatility
Highs/Lows(14)
0.0013
Buy
Ultimate Oscillator
68.199
Buy
ROC
0.619
Buy
Bull/Bear Power(13)
0.0038
Buy
Buy: 9
Sell: 0
Neutral: 1


Summary:Strong Buy","Jun 17, 2021 06:27PM GMT"
usd_chf,0.9170 +0.0085    +0.94%,14:28:36,2021-06-17 18:29:10.297503,"Prev. Close: 0.9085
Bid/Ask: 0.9168 / 0.9172
Day's Range: 0.9076 - 0.9188",Strong Buy,"Summary:Strong Buy
Moving Averages:BuyBuy (12)Sell (0)
Technical Indicators:Strong BuyBuy (8)Sell (0)","Name
S3
S2
S1
Pivot Points
R1
R2
R3
Classic
0.9150
0.9160
0.9166
0.9176
0.9181
0.9192
0.9197
Fibonacci
0.9160
0.9166
0.9170
0.9176
0.9182
0.9186
0.9192
Camarilla
0.9167
0.9169
0.9170
0.9176
0.9173
0.9174
0.9176
Woodie's
0.9148
0.9159
0.9164
0.9175
0.9179
0.9191
0.9195
DeMark's
-
-
0.9163
0.9175
0.9179
-
-","Technical IndicatorsJun 17, 2021 06:27PM GMT
Name
Value
Action
RSI(14)
75.352
Overbought
STOCH(9,6)
76.981
Buy
STOCHRSI(14)
11.190
Oversold
MACD(12,26)
0.004
Buy
ADX(14)
32.108
Buy
Williams %R
-15.454
Overbought
CCI(14)
91.1738
Buy
ATR(14)
0.0018
High Volatility
Highs/Lows(14)
0.0018
Buy
Ultimate Oscillator
66.446
Buy
ROC
0.958
Buy
Bull/Bear Power(13)
0.0042
Buy
Buy: 8
Sell: 0
Neutral: 0


Summary:Strong Buy","Jun 17, 2021 06:27PM GMT"
nzd_chf,0.6427 +0.0023    +0.36%,14:28:51,2021-06-17 18:29:10.300346,"Prev. Close: 0.6404
Bid/Ask: 0.6424 / 0.6430
Day's Range: 0.6406 - 0.6453",Sell,"Summary:Sell
Moving Averages:NeutralBuy (6)Sell (6)
Technical Indicators:Strong SellBuy (1)Sell (7)","Name
S3
S2
S1
Pivot Points
R1
R2
R3
Classic
0.6420
0.6422
0.6425
0.6428
0.6431
0.6434
0.6437
Fibonacci
0.6422
0.6425
0.6426
0.6428
0.6430
0.6431
0.6434
Camarilla
0.6426
0.6427
0.6427
0.6428
0.6429
0.6429
0.6430
Woodie's
0.6420
0.6422
0.6425
0.6428
0.6431
0.6434
0.6437
DeMark's
-
-
0.6426
0.6429
0.6432
-
-","Technical IndicatorsJun 17, 2021 06:27PM GMT
Name
Value
Action
RSI(14)
50.463
Neutral
STOCH(9,6)
42.368
Sell
STOCHRSI(14)
43.227
Sell
MACD(12,26)
0.000
Buy
ADX(14)
25.141
Sell
Williams %R
-56.990
Sell
CCI(14)
-23.2420
Neutral
ATR(14)
0.0012
Less Volatility
Highs/Lows(14)
0.0000
Neutral
Ultimate Oscillator
47.441
Sell
ROC
-0.202
Sell
Bull/Bear Power(13)
-0.0005
Sell
Buy: 1
Sell: 7
Neutral: 3


Summary:Strong Sell","Jun 17, 2021 06:27PM GMT"
usd_cny,6.4484 +0.0515    +0.80%,11:27:22,2021-06-17 18:29:10.303191,"Prev. Close: 6.3969
Bid/Ask: 6.4477 / 6.4490
Day's Range: 6.3972 - 6.4494",Strong Buy,"Summary:Strong Buy
Moving Averages:BuyBuy (12)Sell (0)
Technical Indicators:Strong BuyBuy (7)Sell (0)","Name
S3
S2
S1
Pivot Points
R1
R2
R3
Classic
6.4380
6.4399
6.4436
6.4455
6.4492
6.4511
6.4548
Fibonacci
6.4399
6.4420
6.4434
6.4455
6.4476
6.4490
6.4511
Camarilla
6.4458
6.4463
6.4468
6.4455
6.4479
6.4484
6.4489
Woodie's
6.4390
6.4404
6.4446
6.4460
6.4502
6.4516
6.4558
DeMark's
-
-
6.4446
6.4460
6.4502
-
-","Technical IndicatorsJun 17, 2021 03:34PM GMT
Name
Value
Action
RSI(14)
85.433
Overbought
STOCH(9,6)
77.649
Buy
STOCHRSI(14)
100.000
Overbought
MACD(12,26)
0.011
Buy
ADX(14)
61.337
Buy
Williams %R
-3.426
Overbought
CCI(14)
151.8010
Buy
ATR(14)
0.0041
Less Volatility
Highs/Lows(14)
0.0141
Buy
Ultimate Oscillator
82.973
Overbought
ROC
0.391
Buy
Bull/Bear Power(13)
0.0286
Buy
Buy: 7
Sell: 0
Neutral: 0


Summary:Strong Buy","Jun 17, 2021 03:34PM GMT"
usd_hkd,7.7648 +0.0018    +0.02%,14:28:39,2021-06-17 18:29:10.306009,"Prev. Close: 7.7630
Bid/Ask: 7.7647 / 7.7648
Day's Range: 7.7625 - 7.7656",Strong Buy,"Summary:Strong Buy
Moving Averages:BuyBuy (12)Sell (0)
Technical Indicators:Strong BuyBuy (7)Sell (3)","Name
S3
S2
S1
Pivot Points
R1
R2
R3
Classic
7.7636
7.7639
7.7643
7.7646
7.7650
7.7653
7.7657
Fibonacci
7.7639
7.7642
7.7643
7.7646
7.7649
7.7650
7.7653
Camarilla
7.7646
7.7646
7.7647
7.7646
7.7648
7.7649
7.7649
Woodie's
7.7636
7.7639
7.7643
7.7646
7.7650
7.7653
7.7657
DeMark's
-
-
7.7644
7.7646
7.7651
-
-","Technical IndicatorsJun 17, 2021 06:27PM GMT
Name
Value
Action
RSI(14)
57.948
Buy
STOCH(9,6)
32.898
Sell
STOCHRSI(14)
35.095
Sell
MACD(12,26)
0.000
Buy
ADX(14)
42.016
Buy
Williams %R
-36.838
Buy
CCI(14)
74.7187
Buy
ATR(14)
0.0009
Less Volatility
Highs/Lows(14)
0.0000
Neutral
Ultimate Oscillator
44.150
Sell
ROC
0.010
Buy
Bull/Bear Power(13)
0.0016
Buy
Buy: 7
Sell: 3
Neutral: 1


Summary:Strong Buy","Jun 17, 2021 06:27PM GMT"
eur_usd,1.1920 -0.0075    -0.62%,14:29:39,2021-06-17 18:30:10.170633,"Prev. Close: 1.1994
Bid/Ask: 1.1919 / 1.1920
Day's Range: 1.1892 - 1.2007",Strong Sell,"Summary:Strong Sell
Moving Averages:SellBuy (2)Sell (10)
Technical Indicators:Strong SellBuy (0)Sell (9)","Name
S3
S2
S1
Pivot Points
R1
R2
R3
Classic
1.1880
1.1888
1.1902
1.1910
1.1924
1.1932
1.1946
Fibonacci
1.1888
1.1896
1.1902
1.1910
1.1918
1.1924
1.1932
Camarilla
1.1910
1.1912
1.1914
1.1910
1.1918
1.1920
1.1922
Woodie's
1.1882
1.1889
1.1904
1.1911
1.1926
1.1933
1.1948
DeMark's
-
-
1.1906
1.1912
1.1928
-
-","Technical IndicatorsJun 17, 2021 06:29PM GMT
Name
Value
Action
RSI(14)
29.249
Sell
STOCH(9,6)
30.372
Sell
STOCHRSI(14)
100.000
Overbought
MACD(12,26)
-0.004
Sell
ADX(14)
30.965
Neutral
Williams %R
-76.419
Sell
CCI(14)
-85.7940
Sell
ATR(14)
0.0022
High Volatility
Highs/Lows(14)
-0.0012
Sell
Ultimate Oscillator
37.416
Sell
ROC
-0.683
Sell
Bull/Bear Power(13)
-0.0044
Sell
Buy: 0
Sell: 9
Neutral: 1


Summary:Strong Sell","Jun 17, 2021 06:29PM GMT"
gbp_usd,1.3931 -0.0056    -0.40%,14:29:28,2021-06-17 18:30:10.174293,"Prev. Close: 1.3987
Bid/Ask: 1.3930 / 1.3931
Day's Range: 1.3896 - 1.4010",Strong Sell,"Summary:Strong Sell
Moving Averages:SellBuy (2)Sell (10)
Technical Indicators:Strong SellBuy (1)Sell (9)","Name
S3
S2
S1
Pivot Points
R1
R2
R3
Classic
1.3876
1.3886
1.3905
1.3915
1.3934
1.3944
1.3963
Fibonacci
1.3886
1.3897
1.3904
1.3915
1.3926
1.3933
1.3944
Camarilla
1.3917
1.3920
1.3922
1.3915
1.3928
1.3930
1.3933
Woodie's
1.3882
1.3889
1.3911
1.3918
1.3940
1.3947
1.3969
DeMark's
-
-
1.3910
1.3918
1.3939
-
-","Technical IndicatorsJun 17, 2021 06:29PM GMT
Name
Value
Action
RSI(14)
37.147
Sell
STOCH(9,6)
31.025
Sell
STOCHRSI(14)
97.532
Overbought
MACD(12,26)
-0.003
Sell
ADX(14)
39.440
Buy
Williams %R
-69.604
Sell
CCI(14)
-75.6841
Sell
ATR(14)
0.0027
High Volatility
Highs/Lows(14)
-0.0010
Sell
Ultimate Oscillator
38.048
Sell
ROC
-0.486
Sell
Bull/Bear Power(13)
-0.0026
Sell
Buy: 1
Sell: 9
Neutral: 0


Summary:Strong Sell","Jun 17, 2021 06:29PM GMT"
usd_jpy,110.22 -0.47    -0.43%,14:29:37,2021-06-17 18:30:10.177414,"Prev. Close: 110.69
Bid/Ask: 110.20 / 110.23
Day's Range: 110.17 - 110.83",Strong Sell,"Summary:Strong Sell
Moving Averages:SellBuy (4)Sell (8)
Technical Indicators:Strong SellBuy (0)Sell (8)","Name
S3
S2
S1
Pivot Points
R1
R2
R3
Classic
110.03
110.11
110.16
110.24
110.29
110.37
110.41
Fibonacci
110.11
110.16
110.19
110.24
110.29
110.32
110.37
Camarilla
110.18
110.19
110.20
110.24
110.23
110.24
110.25
Woodie's
110.03
110.11
110.16
110.24
110.29
110.37
110.41
DeMark's
-
-
110.14
110.23
110.27
-
-","Technical IndicatorsJun 17, 2021 06:29PM GMT
Name
Value
Action
RSI(14)
38.825
Sell
STOCH(9,6)
19.048
Oversold
STOCHRSI(14)
2.044
Oversold
MACD(12,26)
-0.010
Sell
ADX(14)
35.350
Sell
Williams %R
-92.437
Oversold
CCI(14)
-123.2015
Sell
ATR(14)
0.1321
High Volatility
Highs/Lows(14)
-0.2257
Sell
Ultimate Oscillator
37.466
Sell
ROC
-0.416
Sell
Bull/Bear Power(13)
-0.4130
Sell
Buy: 0
Sell: 8
Neutral: 0


Summary:Strong Sell","Jun 17, 2021 06:29PM GMT"
aud_usd,0.7559 -0.0052    -0.68%,14:29:42,2021-06-17 18:30:10.180446,"Prev. Close: 0.7610
Bid/Ask: 0.7558 / 0.7559
Day's Range: 0.7540 - 0.7646",Strong Sell,"Summary:Strong Sell
Moving Averages:SellBuy (2)Sell (10)
Technical Indicators:Strong SellBuy (1)Sell (9)","Name
S3
S2
S1
Pivot Points
R1
R2
R3
Classic
0.7531
0.7537
0.7548
0.7554
0.7565
0.7571
0.7582
Fibonacci
0.7537
0.7543
0.7548
0.7554
0.7560
0.7565
0.7571
Camarilla
0.7553
0.7555
0.7556
0.7554
0.7560
0.7561
0.7563
Woodie's
0.7533
0.7538
0.7550
0.7555
0.7567
0.7572
0.7584
DeMark's
-
-
0.7551
0.7555
0.7568
-
-","Technical IndicatorsJun 17, 2021 06:29PM GMT
Name
Value
Action
RSI(14)
28.768
Sell
STOCH(9,6)
23.345
Sell
STOCHRSI(14)
59.246
Buy
MACD(12,26)
-0.003
Sell
ADX(14)
42.795
Sell
Williams %R
-80.208
Oversold
CCI(14)
-77.8523
Sell
ATR(14)
0.0018
Less Volatility
Highs/Lows(14)
-0.0016
Sell
Ultimate Oscillator
30.643
Sell
ROC
-0.931
Sell
Bull/Bear Power(13)
-0.0024
Sell
Buy: 1
Sell: 9
Neutral: 0


Summary:Strong Sell","Jun 17, 2021 06:29PM GMT"
eur_gbp,0.8557 -0.0016    -0.19%,14:29:43,2021-06-17 18:30:10.183418,"Prev. Close: 0.8573
Bid/Ask: 0.8555 / 0.8558
Day's Range: 0.8542 - 0.8580",Strong Sell,"Summary:Strong Sell
Moving Averages:Strong SellBuy (0)Sell (12)
Technical Indicators:SellBuy (1)Sell (5)","Name
S3
S2
S1
Pivot Points
R1
R2
R3
Classic
0.8547
0.8552
0.8555
0.8560
0.8562
0.8568
0.8570
Fibonacci
0.8552
0.8555
0.8557
0.8560
0.8563
0.8565
0.8568
Camarilla
0.8555
0.8556
0.8557
0.8560
0.8558
0.8559
0.8560
Woodie's
0.8547
0.8552
0.8555
0.8560
0.8562
0.8568
0.8570
DeMark's
-
-
0.8554
0.8559
0.8561
-
-","Technical IndicatorsJun 17, 2021 06:29PM GMT
Name
Value
Action
RSI(14)
39.218
Sell
STOCH(9,6)
52.069
Neutral
STOCHRSI(14)
77.045
Overbought
MACD(12,26)
-0.001
Sell
ADX(14)
35.370
Sell
Williams %R
-53.731
Neutral
CCI(14)
-40.6966
Neutral
ATR(14)
0.0011
High Volatility
Highs/Lows(14)
0.0000
Neutral
Ultimate Oscillator
54.862
Buy
ROC
-0.192
Sell
Bull/Bear Power(13)
-0.0008
Sell
Buy: 1
Sell: 5
Neutral: 4


Summary:Sell","Jun 17, 2021 06:29PM GMT"
usd_cad,1.2346 +0.0070    +0.57%,14:29:42,2021-06-17 18:30:10.186390,"Prev. Close: 1.2276
Bid/Ask: 1.2344 / 1.2348
Day's Range: 1.2261 - 1.2378",Strong Buy,"Summary:Strong Buy
Moving Averages:BuyBuy (10)Sell (2)
Technical Indicators:Strong BuyBuy (9)Sell (0)","Name
S3
S2
S1
Pivot Points
R1
R2
R3
Classic
1.2321
1.2330
1.2342
1.2351
1.2363
1.2372
1.2384
Fibonacci
1.2330
1.2338
1.2343
1.2351
1.2359
1.2364
1.2372
Camarilla
1.2347
1.2349
1.2351
1.2351
1.2355
1.2357
1.2359
Woodie's
1.2321
1.2330
1.2342
1.2351
1.2363
1.2372
1.2384
DeMark's
-
-
1.2336
1.2348
1.2357
-
-","Technical IndicatorsJun 17, 2021 06:29PM GMT
Name
Value
Action
RSI(14)
67.884
Buy
STOCH(9,6)
65.650
Buy
STOCHRSI(14)
23.686
Oversold
MACD(12,26)
0.003
Buy
ADX(14)
33.242
Neutral
Williams %R
-27.468
Buy
CCI(14)
91.0820
Buy
ATR(14)
0.0026
High Volatility
Highs/Lows(14)
0.0013
Buy
Ultimate Oscillator
68.199
Buy
ROC
0.619
Buy
Bull/Bear Power(13)
0.0038
Buy
Buy: 9
Sell: 0
Neutral: 1


Summary:Strong Buy","Jun 17, 2021 06:29PM GMT"
usd_chf,0.9170 +0.0085    +0.94%,14:29:42,2021-06-17 18:30:10.189298,"Prev. Close: 0.9085
Bid/Ask: 0.9168 / 0.9172
Day's Range: 0.9076 - 0.9188",Strong Buy,"Summary:Strong Buy
Moving Averages:BuyBuy (10)Sell (2)
Technical Indicators:Strong BuyBuy (9)Sell (0)","Name
S3
S2
S1
Pivot Points
R1
R2
R3
Classic
0.9150
0.9160
0.9166
0.9176
0.9181
0.9192
0.9197
Fibonacci
0.9160
0.9166
0.9170
0.9176
0.9182
0.9186
0.9192
Camarilla
0.9167
0.9169
0.9170
0.9176
0.9173
0.9174
0.9176
Woodie's
0.9148
0.9159
0.9164
0.9175
0.9179
0.9191
0.9195
DeMark's
-
-
0.9163
0.9175
0.9179
-
-","Technical IndicatorsJun 17, 2021 06:29PM GMT
Name
Value
Action
RSI(14)
74.736
Buy
STOCH(9,6)
76.673
Buy
STOCHRSI(14)
6.482
Oversold
MACD(12,26)
0.004
Buy
ADX(14)
32.108
Buy
Williams %R
-16.364
Overbought
CCI(14)
90.3309
Buy
ATR(14)
0.0018
High Volatility
Highs/Lows(14)
0.0017
Buy
Ultimate Oscillator
65.830
Buy
ROC
0.947
Buy
Bull/Bear Power(13)
0.0042
Buy
Buy: 9
Sell: 0
Neutral: 0


Summary:Strong Buy","Jun 17, 2021 06:29PM GMT"
nzd_chf,0.6427 +0.0023    +0.36%,14:29:42,2021-06-17 18:30:10.192183,"Prev. Close: 0.6404
Bid/Ask: 0.6424 / 0.6430
Day's Range: 0.6406 - 0.6453",Neutral,"Summary:Neutral
Moving Averages:BuyBuy (9)Sell (3)
Technical Indicators:SellBuy (1)Sell (5)","Name
S3
S2
S1
Pivot Points
R1
R2
R3
Classic
0.6420
0.6422
0.6425
0.6428
0.6431
0.6434
0.6437
Fibonacci
0.6422
0.6425
0.6426
0.6428
0.6430
0.6431
0.6434
Camarilla
0.6426
0.6427
0.6427
0.6428
0.6429
0.6429
0.6430
Woodie's
0.6420
0.6422
0.6425
0.6428
0.6431
0.6434
0.6437
DeMark's
-
-
0.6426
0.6429
0.6432
-
-","Technical IndicatorsJun 17, 2021 06:29PM GMT
Name
Value
Action
RSI(14)
51.167
Neutral
STOCH(9,6)
42.806
Sell
STOCHRSI(14)
45.926
Neutral
MACD(12,26)
0.000
Buy
ADX(14)
25.141
Sell
Williams %R
-54.839
Neutral
CCI(14)
-20.8498
Neutral
ATR(14)
0.0012
Less Volatility
Highs/Lows(14)
0.0000
Neutral
Ultimate Oscillator
48.393
Sell
ROC
-0.186
Sell
Bull/Bear Power(13)
-0.0005
Sell
Buy: 1
Sell: 5
Neutral: 5


Summary:Sell","Jun 17, 2021 06:29PM GMT"
usd_cny,6.4484 +0.0515    +0.80%,11:27:22,2021-06-17 18:30:10.195036,"Prev. Close: 6.3969
Bid/Ask: 6.4477 / 6.4490
Day's Range: 6.3972 - 6.4494",Strong Buy,"Summary:Strong Buy
Moving Averages:BuyBuy (12)Sell (0)
Technical Indicators:Strong BuyBuy (7)Sell (0)","Name
S3
S2
S1
Pivot Points
R1
R2
R3
Classic
6.4380
6.4399
6.4436
6.4455
6.4492
6.4511
6.4548
Fibonacci
6.4399
6.4420
6.4434
6.4455
6.4476
6.4490
6.4511
Camarilla
6.4458
6.4463
6.4468
6.4455
6.4479
6.4484
6.4489
Woodie's
6.4390
6.4404
6.4446
6.4460
6.4502
6.4516
6.4558
DeMark's
-
-
6.4446
6.4460
6.4502
-
-","Technical IndicatorsJun 17, 2021 03:34PM GMT
Name
Value
Action
RSI(14)
85.433
Overbought
STOCH(9,6)
77.649
Buy
STOCHRSI(14)
100.000
Overbought
MACD(12,26)
0.011
Buy
ADX(14)
61.337
Buy
Williams %R
-3.426
Overbought
CCI(14)
151.8010
Buy
ATR(14)
0.0041
Less Volatility
Highs/Lows(14)
0.0141
Buy
Ultimate Oscillator
82.973
Overbought
ROC
0.391
Buy
Bull/Bear Power(13)
0.0286
Buy
Buy: 7
Sell: 0
Neutral: 0


Summary:Strong Buy","Jun 17, 2021 03:34PM GMT"
usd_hkd,7.7648 +0.0018    +0.02%,14:29:33,2021-06-17 18:30:10.197830,"Prev. Close: 7.7630
Bid/Ask: 7.7647 / 7.7648
Day's Range: 7.7625 - 7.7656",Strong Buy,"Summary:Strong Buy
Moving Averages:BuyBuy (12)Sell (0)
Technical Indicators:Strong BuyBuy (7)Sell (3)","Name
S3
S2
S1
Pivot Points
R1
R2
R3
Classic
7.7636
7.7639
7.7643
7.7646
7.7650
7.7653
7.7657
Fibonacci
7.7639
7.7642
7.7643
7.7646
7.7649
7.7650
7.7653
Camarilla
7.7646
7.7646
7.7647
7.7646
7.7648
7.7649
7.7649
Woodie's
7.7636
7.7639
7.7643
7.7646
7.7650
7.7653
7.7657
DeMark's
-
-
7.7644
7.7646
7.7651
-
-","Technical IndicatorsJun 17, 2021 06:29PM GMT
Name
Value
Action
RSI(14)
57.948
Buy
STOCH(9,6)
32.898
Sell
STOCHRSI(14)
35.095
Sell
MACD(12,26)
0.000
Buy
ADX(14)
42.016
Buy
Williams %R
-36.838
Buy
CCI(14)
74.7187
Buy
ATR(14)
0.0009
Less Volatility
Highs/Lows(14)
0.0000
Neutral
Ultimate Oscillator
44.150
Sell
ROC
0.010
Buy
Bull/Bear Power(13)
0.0016
Buy
Buy: 7
Sell: 3
Neutral: 1


Summary:Strong Buy","Jun 17, 2021 06:29PM GMT"
eur_usd,1.1919 -0.0075    -0.63%,14:30:53,2021-06-17 18:31:10.527123,"Prev. Close: 1.1994
Bid/Ask: 1.1917 / 1.1921
Day's Range: 1.1892 - 1.2007",Strong Sell,"Summary:Strong Sell
Moving Averages:SellBuy (2)Sell (10)
Technical Indicators:Strong SellBuy (0)Sell (9)","Name
S3
S2
S1
Pivot Points
R1
R2
R3
Classic
1.1880
1.1888
1.1902
1.1910
1.1924
1.1932
1.1946
Fibonacci
1.1888
1.1896
1.1902
1.1910
1.1918
1.1924
1.1932
Camarilla
1.1910
1.1912
1.1914
1.1910
1.1918
1.1920
1.1922
Woodie's
1.1882
1.1889
1.1904
1.1911
1.1926
1.1933
1.1948
DeMark's
-
-
1.1906
1.1912
1.1928
-
-","Technical IndicatorsJun 17, 2021 06:29PM GMT
Name
Value
Action
RSI(14)
29.249
Sell
STOCH(9,6)
30.372
Sell
STOCHRSI(14)
100.000
Overbought
MACD(12,26)
-0.004
Sell
ADX(14)
30.965
Neutral
Williams %R
-76.419
Sell
CCI(14)
-85.7940
Sell
ATR(14)
0.0022
High Volatility
Highs/Lows(14)
-0.0012
Sell
Ultimate Oscillator
37.416
Sell
ROC
-0.683
Sell
Bull/Bear Power(13)
-0.0044
Sell
Buy: 0
Sell: 9
Neutral: 1


Summary:Strong Sell","Jun 17, 2021 06:29PM GMT"
gbp_usd,1.3930 -0.0057    -0.41%,14:30:42,2021-06-17 18:31:10.530652,"Prev. Close: 1.3987
Bid/Ask: 1.3928 / 1.3931
Day's Range: 1.3896 - 1.4010",Strong Sell,"Summary:Strong Sell
Moving Averages:SellBuy (2)Sell (10)
Technical Indicators:Strong SellBuy (1)Sell (9)","Name
S3
S2
S1
Pivot Points
R1
R2
R3
Classic
1.3876
1.3886
1.3905
1.3915
1.3934
1.3944
1.3963
Fibonacci
1.3886
1.3897
1.3904
1.3915
1.3926
1.3933
1.3944
Camarilla
1.3917
1.3920
1.3922
1.3915
1.3928
1.3930
1.3933
Woodie's
1.3882
1.3889
1.3911
1.3918
1.3940
1.3947
1.3969
DeMark's
-
-
1.3910
1.3918
1.3939
-
-","Technical IndicatorsJun 17, 2021 06:29PM GMT
Name
Value
Action
RSI(14)
37.147
Sell
STOCH(9,6)
31.025
Sell
STOCHRSI(14)
97.532
Overbought
MACD(12,26)
-0.003
Sell
ADX(14)
39.440
Buy
Williams %R
-69.604
Sell
CCI(14)
-75.6841
Sell
ATR(14)
0.0027
High Volatility
Highs/Lows(14)
-0.0010
Sell
Ultimate Oscillator
38.048
Sell
ROC
-0.486
Sell
Bull/Bear Power(13)
-0.0026
Sell
Buy: 1
Sell: 9
Neutral: 0


Summary:Strong Sell","Jun 17, 2021 06:29PM GMT"
usd_jpy,110.21 -0.48    -0.43%,14:30:34,2021-06-17 18:31:10.533502,"Prev. Close: 110.69
Bid/Ask: 110.20 / 110.22
Day's Range: 110.17 - 110.83",Strong Sell,"Summary:Strong Sell
Moving Averages:SellBuy (4)Sell (8)
Technical Indicators:Strong SellBuy (0)Sell (8)","Name
S3
S2
S1
Pivot Points
R1
R2
R3
Classic
110.03
110.11
110.16
110.24
110.29
110.37
110.41
Fibonacci
110.11
110.16
110.19
110.24
110.29
110.32
110.37
Camarilla
110.18
110.19
110.20
110.24
110.23
110.24
110.25
Woodie's
110.03
110.11
110.16
110.24
110.29
110.37
110.41
DeMark's
-
-
110.14
110.23
110.27
-
-","Technical IndicatorsJun 17, 2021 06:29PM GMT
Name
Value
Action
RSI(14)
38.825
Sell
STOCH(9,6)
19.048
Oversold
STOCHRSI(14)
2.044
Oversold
MACD(12,26)
-0.010
Sell
ADX(14)
35.350
Sell
Williams %R
-92.437
Oversold
CCI(14)
-123.2015
Sell
ATR(14)
0.1321
High Volatility
Highs/Lows(14)
-0.2257
Sell
Ultimate Oscillator
37.466
Sell
ROC
-0.416
Sell
Bull/Bear Power(13)
-0.4130
Sell
Buy: 0
Sell: 8
Neutral: 0


Summary:Strong Sell","Jun 17, 2021 06:29PM GMT"
aud_usd,0.7557 -0.0053    -0.70%,14:30:57,2021-06-17 18:31:10.536275,"Prev. Close: 0.7610
Bid/Ask: 0.7556 / 0.7558
Day's Range: 0.7540 - 0.7646",Strong Sell,"Summary:Strong Sell
Moving Averages:SellBuy (2)Sell (10)
Technical Indicators:Strong SellBuy (1)Sell (9)","Name
S3
S2
S1
Pivot Points
R1
R2
R3
Classic
0.7531
0.7537
0.7548
0.7554
0.7565
0.7571
0.7582
Fibonacci
0.7537
0.7543
0.7548
0.7554
0.7560
0.7565
0.7571
Camarilla
0.7553
0.7555
0.7556
0.7554
0.7560
0.7561
0.7563
Woodie's
0.7533
0.7538
0.7550
0.7555
0.7567
0.7572
0.7584
DeMark's
-
-
0.7551
0.7555
0.7568
-
-","Technical IndicatorsJun 17, 2021 06:29PM GMT
Name
Value
Action
RSI(14)
28.768
Sell
STOCH(9,6)
23.345
Sell
STOCHRSI(14)
59.246
Buy
MACD(12,26)
-0.003
Sell
ADX(14)
42.795
Sell
Williams %R
-80.208
Oversold
CCI(14)
-77.8523
Sell
ATR(14)
0.0018
Less Volatility
Highs/Lows(14)
-0.0016
Sell
Ultimate Oscillator
30.643
Sell
ROC
-0.931
Sell
Bull/Bear Power(13)
-0.0024
Sell
Buy: 1
Sell: 9
Neutral: 0


Summary:Strong Sell","Jun 17, 2021 06:29PM GMT"
eur_gbp,0.8557 -0.0016    -0.19%,14:30:53,2021-06-17 18:31:10.539041,"Prev. Close: 0.8573
Bid/Ask: 0.8556 / 0.8557
Day's Range: 0.8542 - 0.8580",Strong Sell,"Summary:Strong Sell
Moving Averages:Strong SellBuy (0)Sell (12)
Technical Indicators:SellBuy (1)Sell (5)","Name
S3
S2
S1
Pivot Points
R1
R2
R3
Classic
0.8547
0.8552
0.8555
0.8560
0.8562
0.8568
0.8570
Fibonacci
0.8552
0.8555
0.8557
0.8560
0.8563
0.8565
0.8568
Camarilla
0.8555
0.8556
0.8557
0.8560
0.8558
0.8559
0.8560
Woodie's
0.8547
0.8552
0.8555
0.8560
0.8562
0.8568
0.8570
DeMark's
-
-
0.8554
0.8559
0.8561
-
-","Technical IndicatorsJun 17, 2021 06:29PM GMT
Name
Value
Action
RSI(14)
39.218
Sell
STOCH(9,6)
52.069
Neutral
STOCHRSI(14)
77.045
Overbought
MACD(12,26)
-0.001
Sell
ADX(14)
35.370
Sell
Williams %R
-53.731
Neutral
CCI(14)
-40.6966
Neutral
ATR(14)
0.0011
High Volatility
Highs/Lows(14)
0.0000
Neutral
Ultimate Oscillator
54.862
Buy
ROC
-0.192
Sell
Bull/Bear Power(13)
-0.0008
Sell
Buy: 1
Sell: 5
Neutral: 4


Summary:Sell","Jun 17, 2021 06:29PM GMT"
usd_cad,1.2346 +0.0070    +0.57%,14:30:53,2021-06-17 18:31:10.541777,"Prev. Close: 1.2276
Bid/Ask: 1.2344 / 1.2348
Day's Range: 1.2261 - 1.2378",Strong Buy,"Summary:Strong Buy
Moving Averages:BuyBuy (10)Sell (2)
Technical Indicators:Strong BuyBuy (9)Sell (0)","Name
S3
S2
S1
Pivot Points
R1
R2
R3
Classic
1.2321
1.2330
1.2342
1.2351
1.2363
1.2372
1.2384
Fibonacci
1.2330
1.2338
1.2343
1.2351
1.2359
1.2364
1.2372
Camarilla
1.2347
1.2349
1.2351
1.2351
1.2355
1.2357
1.2359
Woodie's
1.2321
1.2330
1.2342
1.2351
1.2363
1.2372
1.2384
DeMark's
-
-
1.2336
1.2348
1.2357
-
-","Technical IndicatorsJun 17, 2021 06:29PM GMT
Name
Value
Action
RSI(14)
67.884
Buy
STOCH(9,6)
65.650
Buy
STOCHRSI(14)
23.686
Oversold
MACD(12,26)
0.003
Buy
ADX(14)
33.242
Neutral
Williams %R
-27.468
Buy
CCI(14)
91.0820
Buy
ATR(14)
0.0026
High Volatility
Highs/Lows(14)
0.0013
Buy
Ultimate Oscillator
68.199
Buy
ROC
0.619
Buy
Bull/Bear Power(13)
0.0038
Buy
Buy: 9
Sell: 0
Neutral: 1


Summary:Strong Buy","Jun 17, 2021 06:29PM GMT"
usd_chf,0.9171 +0.0086    +0.95%,14:30:37,2021-06-17 18:31:10.544533,"Prev. Close: 0.9085
Bid/Ask: 0.9169 / 0.9173
Day's Range: 0.9076 - 0.9188",Strong Buy,"Summary:Strong Buy
Moving Averages:BuyBuy (10)Sell (2)
Technical Indicators:Strong BuyBuy (9)Sell (0)","Name
S3
S2
S1
Pivot Points
R1
R2
R3
Classic
0.9150
0.9160
0.9166
0.9176
0.9181
0.9192
0.9197
Fibonacci
0.9160
0.9166
0.9170
0.9176
0.9182
0.9186
0.9192
Camarilla
0.9167
0.9169
0.9170
0.9176
0.9173
0.9174
0.9176
Woodie's
0.9148
0.9159
0.9164
0.9175
0.9179
0.9191
0.9195
DeMark's
-
-
0.9163
0.9175
0.9179
-
-","Technical IndicatorsJun 17, 2021 06:29PM GMT
Name
Value
Action
RSI(14)
74.736
Buy
STOCH(9,6)
76.673
Buy
STOCHRSI(14)
6.482
Oversold
MACD(12,26)
0.004
Buy
ADX(14)
32.108
Buy
Williams %R
-16.364
Overbought
CCI(14)
90.3309
Buy
ATR(14)
0.0018
High Volatility
Highs/Lows(14)
0.0017
Buy
Ultimate Oscillator
65.830
Buy
ROC
0.947
Buy
Bull/Bear Power(13)
0.0042
Buy
Buy: 9
Sell: 0
Neutral: 0


Summary:Strong Buy","Jun 17, 2021 06:29PM GMT"
nzd_chf,0.6427 +0.0023    +0.36%,14:30:51,2021-06-17 18:31:10.547284,"Prev. Close: 0.6404
Bid/Ask: 0.6425 / 0.6429
Day's Range: 0.6406 - 0.6453",Neutral,"Summary:Neutral
Moving Averages:BuyBuy (9)Sell (3)
Technical Indicators:SellBuy (1)Sell (5)","Name
S3
S2
S1
Pivot Points
R1
R2
R3
Classic
0.6420
0.6422
0.6425
0.6428
0.6431
0.6434
0.6437
Fibonacci
0.6422
0.6425
0.6426
0.6428
0.6430
0.6431
0.6434
Camarilla
0.6426
0.6427
0.6427
0.6428
0.6429
0.6429
0.6430
Woodie's
0.6420
0.6422
0.6425
0.6428
0.6431
0.6434
0.6437
DeMark's
-
-
0.6426
0.6429
0.6432
-
-","Technical IndicatorsJun 17, 2021 06:29PM GMT
Name
Value
Action
RSI(14)
51.167
Neutral
STOCH(9,6)
42.806
Sell
STOCHRSI(14)
45.926
Neutral
MACD(12,26)
0.000
Buy
ADX(14)
25.141
Sell
Williams %R
-54.839
Neutral
CCI(14)
-20.8498
Neutral
ATR(14)
0.0012
Less Volatility
Highs/Lows(14)
0.0000
Neutral
Ultimate Oscillator
48.393
Sell
ROC
-0.186
Sell
Bull/Bear Power(13)
-0.0005
Sell
Buy: 1
Sell: 5
Neutral: 5


Summary:Sell","Jun 17, 2021 06:29PM GMT"
usd_cny,6.4484 +0.0515    +0.80%,11:27:22,2021-06-17 18:31:10.550002,"Prev. Close: 6.3969
Bid/Ask: 6.4477 / 6.4490
Day's Range: 6.3972 - 6.4494",Strong Buy,"Summary:Strong Buy
Moving Averages:BuyBuy (12)Sell (0)
Technical Indicators:Strong BuyBuy (7)Sell (0)","Name
S3
S2
S1
Pivot Points
R1
R2
R3
Classic
6.4380
6.4399
6.4436
6.4455
6.4492
6.4511
6.4548
Fibonacci
6.4399
6.4420
6.4434
6.4455
6.4476
6.4490
6.4511
Camarilla
6.4458
6.4463
6.4468
6.4455
6.4479
6.4484
6.4489
Woodie's
6.4390
6.4404
6.4446
6.4460
6.4502
6.4516
6.4558
DeMark's
-
-
6.4446
6.4460
6.4502
-
-","Technical IndicatorsJun 17, 2021 03:34PM GMT
Name
Value
Action
RSI(14)
85.433
Overbought
STOCH(9,6)
77.649
Buy
STOCHRSI(14)
100.000
Overbought
MACD(12,26)
0.011
Buy
ADX(14)
61.337
Buy
Williams %R
-3.426
Overbought
CCI(14)
151.8010
Buy
ATR(14)
0.0041
Less Volatility
Highs/Lows(14)
0.0141
Buy
Ultimate Oscillator
82.973
Overbought
ROC
0.391
Buy
Bull/Bear Power(13)
0.0286
Buy
Buy: 7
Sell: 0
Neutral: 0


Summary:Strong Buy","Jun 17, 2021 03:34PM GMT"
usd_hkd,7.7648 +0.0018    +0.02%,14:30:39,2021-06-17 18:31:10.552789,"Prev. Close: 7.7630
Bid/Ask: 7.7647 / 7.7648
Day's Range: 7.7625 - 7.7656",Strong Buy,"Summary:Strong Buy
Moving Averages:BuyBuy (12)Sell (0)
Technical Indicators:Strong BuyBuy (7)Sell (3)","Name
S3
S2
S1
Pivot Points
R1
R2
R3
Classic
7.7636
7.7639
7.7643
7.7646
7.7650
7.7653
7.7657
Fibonacci
7.7639
7.7642
7.7643
7.7646
7.7649
7.7650
7.7653
Camarilla
7.7646
7.7646
7.7647
7.7646
7.7648
7.7649
7.7649
Woodie's
7.7636
7.7639
7.7643
7.7646
7.7650
7.7653
7.7657
DeMark's
-
-
7.7644
7.7646
7.7651
-
-","Technical IndicatorsJun 17, 2021 06:29PM GMT
Name
Value
Action
RSI(14)
57.948
Buy
STOCH(9,6)
32.898
Sell
STOCHRSI(14)
35.095
Sell
MACD(12,26)
0.000
Buy
ADX(14)
42.016
Buy
Williams %R
-36.838
Buy
CCI(14)
74.7187
Buy
ATR(14)
0.0009
Less Volatility
Highs/Lows(14)
0.0000
Neutral
Ultimate Oscillator
44.150
Sell
ROC
0.010
Buy
Bull/Bear Power(13)
0.0016
Buy
Buy: 7
Sell: 3
Neutral: 1


Summary:Strong Buy","Jun 17, 2021 06:29PM GMT"
eur_usd,1.1919 -0.0076    -0.63%,14:31:38,2021-06-17 18:32:10.368166,"Prev. Close: 1.1994
Bid/Ask: 1.1918 / 1.1919
Day's Range: 1.1892 - 1.2007",Strong Sell,"Summary:Strong Sell
Moving Averages:SellBuy (2)Sell (10)
Technical Indicators:Strong SellBuy (0)Sell (9)","Name
S3
S2
S1
Pivot Points
R1
R2
R3
Classic
1.1880
1.1888
1.1902
1.1910
1.1924
1.1932
1.1946
Fibonacci
1.1888
1.1896
1.1902
1.1910
1.1918
1.1924
1.1932
Camarilla
1.1910
1.1912
1.1914
1.1910
1.1918
1.1920
1.1922
Woodie's
1.1882
1.1889
1.1904
1.1911
1.1926
1.1933
1.1948
DeMark's
-
-
1.1906
1.1912
1.1928
-
-","Technical IndicatorsJun 17, 2021 06:31PM GMT
Name
Value
Action
RSI(14)
28.762
Sell
STOCH(9,6)
30.099
Sell
STOCHRSI(14)
100.000
Overbought
MACD(12,26)
-0.004
Sell
ADX(14)
30.965
Neutral
Williams %R
-77.293
Sell
CCI(14)
-86.6931
Sell
ATR(14)
0.0022
High Volatility
Highs/Lows(14)
-0.0013
Sell
Ultimate Oscillator
36.911
Sell
ROC
-0.692
Sell
Bull/Bear Power(13)
-0.0044
Sell
Buy: 0
Sell: 9
Neutral: 1


Summary:Strong Sell","Jun 17, 2021 06:31PM GMT"
gbp_usd,1.3930 -0.0057    -0.41%,14:31:31,2021-06-17 18:32:10.371768,"Prev. Close: 1.3987
Bid/Ask: 1.3928 / 1.3931
Day's Range: 1.3896 - 1.4010",Strong Sell,"Summary:Strong Sell
Moving Averages:SellBuy (2)Sell (10)
Technical Indicators:Strong SellBuy (1)Sell (9)","Name
S3
S2
S1
Pivot Points
R1
R2
R3
Classic
1.3876
1.3886
1.3905
1.3915
1.3934
1.3944
1.3963
Fibonacci
1.3886
1.3897
1.3904
1.3915
1.3926
1.3933
1.3944
Camarilla
1.3917
1.3920
1.3922
1.3915
1.3928
1.3930
1.3933
Woodie's
1.3882
1.3889
1.3911
1.3918
1.3940
1.3947
1.3969
DeMark's
-
-
1.3910
1.3918
1.3939
-
-","Technical IndicatorsJun 17, 2021 06:31PM GMT
Name
Value
Action
RSI(14)
36.826
Sell
STOCH(9,6)
30.817
Sell
STOCHRSI(14)
95.293
Overbought
MACD(12,26)
-0.004
Sell
ADX(14)
39.440
Buy
Williams %R
-70.484
Sell
CCI(14)
-76.4694
Sell
ATR(14)
0.0027
High Volatility
Highs/Lows(14)
-0.0011
Sell
Ultimate Oscillator
37.675
Sell
ROC
-0.493
Sell
Bull/Bear Power(13)
-0.0026
Sell
Buy: 1
Sell: 9
Neutral: 0


Summary:Strong Sell","Jun 17, 2021 06:31PM GMT"
usd_jpy,110.21 -0.48    -0.43%,14:31:41,2021-06-17 18:32:10.374849,"Prev. Close: 110.69
Bid/Ask: 110.20 / 110.22
Day's Range: 110.17 - 110.83",Strong Sell,"Summary:Strong Sell
Moving Averages:SellBuy (4)Sell (8)
Technical Indicators:Strong SellBuy (0)Sell (8)","Name
S3
S2
S1
Pivot Points
R1
R2
R3
Classic
110.03
110.11
110.16
110.24
110.29
110.37
110.41
Fibonacci
110.11
110.16
110.19
110.24
110.29
110.32
110.37
Camarilla
110.18
110.19
110.20
110.24
110.23
110.24
110.25
Woodie's
110.03
110.11
110.16
110.24
110.29
110.37
110.41
DeMark's
-
-
110.14
110.23
110.27
-
-","Technical IndicatorsJun 17, 2021 06:31PM GMT
Name
Value
Action
RSI(14)
38.825
Sell
STOCH(9,6)
19.048
Oversold
STOCHRSI(14)
2.044
Oversold
MACD(12,26)
-0.010
Sell
ADX(14)
35.350
Sell
Williams %R
-92.437
Oversold
CCI(14)
-123.2015
Sell
ATR(14)
0.1321
High Volatility
Highs/Lows(14)
-0.2257
Sell
Ultimate Oscillator
37.466
Sell
ROC
-0.416
Sell
Bull/Bear Power(13)
-0.4130
Sell
Buy: 0
Sell: 8
Neutral: 0


Summary:Strong Sell","Jun 17, 2021 06:31PM GMT"
aud_usd,0.7557 -0.0053    -0.70%,14:31:33,2021-06-17 18:32:10.377791,"Prev. Close: 0.7610
Bid/Ask: 0.7556 / 0.7558
Day's Range: 0.7540 - 0.7646",Strong Sell,"Summary:Strong Sell
Moving Averages:Strong SellBuy (0)Sell (12)
Technical Indicators:Strong SellBuy (1)Sell (8)","Name
S3
S2
S1
Pivot Points
R1
R2
R3
Classic
0.7531
0.7537
0.7548
0.7554
0.7565
0.7571
0.7582
Fibonacci
0.7537
0.7543
0.7548
0.7554
0.7560
0.7565
0.7571
Camarilla
0.7553
0.7555
0.7556
0.7554
0.7560
0.7561
0.7563
Woodie's
0.7533
0.7538
0.7550
0.7555
0.7567
0.7572
0.7584
DeMark's
-
-
0.7551
0.7555
0.7568
-
-","Technical IndicatorsJun 17, 2021 06:31PM GMT
Name
Value
Action
RSI(14)
28.190
Sell
STOCH(9,6)
22.918
Sell
STOCHRSI(14)
56.025
Buy
MACD(12,26)
-0.003
Sell
ADX(14)
42.795
Sell
Williams %R
-81.771
Oversold
CCI(14)
-79.0846
Sell
ATR(14)
0.0018
Less Volatility
Highs/Lows(14)
-0.0017
Sell
Ultimate Oscillator
29.753
Oversold
ROC
-0.950
Sell
Bull/Bear Power(13)
-0.0024
Sell
Buy: 1
Sell: 8
Neutral: 0


Summary:Strong Sell","Jun 17, 2021 06:31PM GMT"
eur_gbp,0.8556 -0.0017    -0.20%,14:31:33,2021-06-17 18:32:10.380690,"Prev. Close: 0.8573
Bid/Ask: 0.8554 / 0.8558
Day's Range: 0.8542 - 0.8580",Strong Sell,"Summary:Strong Sell
Moving Averages:Strong SellBuy (0)Sell (12)
Technical Indicators:Strong SellBuy (1)Sell (6)","Name
S3
S2
S1
Pivot Points
R1
R2
R3
Classic
0.8547
0.8552
0.8555
0.8560
0.8562
0.8568
0.8570
Fibonacci
0.8552
0.8555
0.8557
0.8560
0.8563
0.8565
0.8568
Camarilla
0.8555
0.8556
0.8557
0.8560
0.8558
0.8559
0.8560
Woodie's
0.8547
0.8552
0.8555
0.8560
0.8562
0.8568
0.8570
DeMark's
-
-
0.8554
0.8559
0.8561
-
-","Technical IndicatorsJun 17, 2021 06:31PM GMT
Name
Value
Action
RSI(14)
38.855
Sell
STOCH(9,6)
51.761
Neutral
STOCHRSI(14)
75.470
Overbought
MACD(12,26)
-0.001
Sell
ADX(14)
35.370
Sell
Williams %R
-55.224
Sell
CCI(14)
-42.9246
Neutral
ATR(14)
0.0011
High Volatility
Highs/Lows(14)
0.0000
Neutral
Ultimate Oscillator
54.393
Buy
ROC
-0.198
Sell
Bull/Bear Power(13)
-0.0008
Sell
Buy: 1
Sell: 6
Neutral: 3


Summary:Strong Sell","Jun 17, 2021 06:31PM GMT"
usd_cad,1.2344 +0.0068    +0.55%,14:31:36,2021-06-17 18:32:10.383534,"Prev. Close: 1.2276
Bid/Ask: 1.2342 / 1.2346
Day's Range: 1.2261 - 1.2378",Strong Buy,"Summary:Strong Buy
Moving Averages:BuyBuy (10)Sell (2)
Technical Indicators:Strong BuyBuy (9)Sell (1)","Name
S3
S2
S1
Pivot Points
R1
R2
R3
Classic
1.2321
1.2330
1.2342
1.2351
1.2363
1.2372
1.2384
Fibonacci
1.2330
1.2338
1.2343
1.2351
1.2359
1.2364
1.2372
Camarilla
1.2347
1.2349
1.2351
1.2351
1.2355
1.2357
1.2359
Woodie's
1.2321
1.2330
1.2342
1.2351
1.2363
1.2372
1.2384
DeMark's
-
-
1.2336
1.2348
1.2357
-
-","Technical IndicatorsJun 17, 2021 06:31PM GMT
Name
Value
Action
RSI(14)
68.111
Buy
STOCH(9,6)
65.751
Buy
STOCHRSI(14)
25.198
Sell
MACD(12,26)
0.003
Buy
ADX(14)
33.242
Neutral
Williams %R
-27.039
Buy
CCI(14)
91.5176
Buy
ATR(14)
0.0026
High Volatility
Highs/Lows(14)
0.0013
Buy
Ultimate Oscillator
68.392
Buy
ROC
0.623
Buy
Bull/Bear Power(13)
0.0038
Buy
Buy: 9
Sell: 1
Neutral: 1


Summary:Strong Buy","Jun 17, 2021 06:31PM GMT"
usd_chf,0.9171 +0.0086    +0.95%,14:31:42,2021-06-17 18:32:10.386309,"Prev. Close: 0.9085
Bid/Ask: 0.9169 / 0.9173
Day's Range: 0.9076 - 0.9188",Strong Buy,"Summary:Strong Buy
Moving Averages:BuyBuy (12)Sell (0)
Technical Indicators:Strong BuyBuy (8)Sell (0)","Name
S3
S2
S1
Pivot Points
R1
R2
R3
Classic
0.9150
0.9160
0.9166
0.9176
0.9181
0.9192
0.9197
Fibonacci
0.9160
0.9166
0.9170
0.9176
0.9182
0.9186
0.9192
Camarilla
0.9167
0.9169
0.9170
0.9176
0.9173
0.9174
0.9176
Woodie's
0.9148
0.9159
0.9164
0.9175
0.9179
0.9191
0.9195
DeMark's
-
-
0.9163
0.9175
0.9179
-
-","Technical IndicatorsJun 17, 2021 06:31PM GMT
Name
Value
Action
RSI(14)
75.352
Overbought
STOCH(9,6)
76.981
Buy
STOCHRSI(14)
11.190
Oversold
MACD(12,26)
0.004
Buy
ADX(14)
32.108
Buy
Williams %R
-15.454
Overbought
CCI(14)
91.1738
Buy
ATR(14)
0.0018
High Volatility
Highs/Lows(14)
0.0018
Buy
Ultimate Oscillator
66.446
Buy
ROC
0.958
Buy
Bull/Bear Power(13)
0.0042
Buy
Buy: 8
Sell: 0
Neutral: 0


Summary:Strong Buy","Jun 17, 2021 06:31PM GMT"
nzd_chf,0.6426 +0.0022    +0.34%,14:31:42,2021-06-17 18:32:10.389096,"Prev. Close: 0.6404
Bid/Ask: 0.6425 / 0.6427
Day's Range: 0.6406 - 0.6453",Neutral,"Summary:Neutral
Moving Averages:BuyBuy (9)Sell (3)
Technical Indicators:SellBuy (1)Sell (5)","Name
S3
S2
S1
Pivot Points
R1
R2
R3
Classic
0.6420
0.6422
0.6425
0.6428
0.6431
0.6434
0.6437
Fibonacci
0.6422
0.6425
0.6426
0.6428
0.6430
0.6431
0.6434
Camarilla
0.6426
0.6427
0.6427
0.6428
0.6429
0.6429
0.6430
Woodie's
0.6420
0.6422
0.6425
0.6428
0.6431
0.6434
0.6437
DeMark's
-
-
0.6426
0.6429
0.6432
-
-","Technical IndicatorsJun 17, 2021 06:31PM GMT
Name
Value
Action
RSI(14)
51.167
Neutral
STOCH(9,6)
42.806
Sell
STOCHRSI(14)
45.926
Neutral
MACD(12,26)
0.000
Buy
ADX(14)
25.141
Sell
Williams %R
-54.839
Neutral
CCI(14)
-20.8498
Neutral
ATR(14)
0.0012
Less Volatility
Highs/Lows(14)
0.0000
Neutral
Ultimate Oscillator
48.393
Sell
ROC
-0.186
Sell
Bull/Bear Power(13)
-0.0005
Sell
Buy: 1
Sell: 5
Neutral: 5


Summary:Sell","Jun 17, 2021 06:31PM GMT"
usd_cny,6.4484 +0.0515    +0.80%,11:27:22,2021-06-17 18:32:10.391893,"Prev. Close: 6.3969
Bid/Ask: 6.4477 / 6.4490
Day's Range: 6.3972 - 6.4494",Strong Buy,"Summary:Strong Buy
Moving Averages:BuyBuy (12)Sell (0)
Technical Indicators:Strong BuyBuy (7)Sell (0)","Name
S3
S2
S1
Pivot Points
R1
R2
R3
Classic
6.4380
6.4399
6.4436
6.4455
6.4492
6.4511
6.4548
Fibonacci
6.4399
6.4420
6.4434
6.4455
6.4476
6.4490
6.4511
Camarilla
6.4458
6.4463
6.4468
6.4455
6.4479
6.4484
6.4489
Woodie's
6.4390
6.4404
6.4446
6.4460
6.4502
6.4516
6.4558
DeMark's
-
-
6.4446
6.4460
6.4502
-
-","Technical IndicatorsJun 17, 2021 03:34PM GMT
Name
Value
Action
RSI(14)
85.433
Overbought
STOCH(9,6)
77.649
Buy
STOCHRSI(14)
100.000
Overbought
MACD(12,26)
0.011
Buy
ADX(14)
61.337
Buy
Williams %R
-3.426
Overbought
CCI(14)
151.8010
Buy
ATR(14)
0.0041
Less Volatility
Highs/Lows(14)
0.0141
Buy
Ultimate Oscillator
82.973
Overbought
ROC
0.391
Buy
Bull/Bear Power(13)
0.0286
Buy
Buy: 7
Sell: 0
Neutral: 0


Summary:Strong Buy","Jun 17, 2021 03:34PM GMT"
usd_hkd,7.7648 +0.0018    +0.02%,14:31:41,2021-06-17 18:32:10.394685,"Prev. Close: 7.7630
Bid/Ask: 7.7647 / 7.7648
Day's Range: 7.7625 - 7.7656",Strong Buy,"Summary:Strong Buy
Moving Averages:BuyBuy (12)Sell (0)
Technical Indicators:Strong BuyBuy (7)Sell (3)","Name
S3
S2
S1
Pivot Points
R1
R2
R3
Classic
7.7636
7.7639
7.7643
7.7646
7.7650
7.7653
7.7657
Fibonacci
7.7639
7.7642
7.7643
7.7646
7.7649
7.7650
7.7653
Camarilla
7.7646
7.7646
7.7647
7.7646
7.7648
7.7649
7.7649
Woodie's
7.7636
7.7639
7.7643
7.7646
7.7650
7.7653
7.7657
DeMark's
-
-
7.7644
7.7646
7.7651
-
-","Technical IndicatorsJun 17, 2021 06:31PM GMT
Name
Value
Action
RSI(14)
57.948
Buy
STOCH(9,6)
32.898
Sell
STOCHRSI(14)
35.095
Sell
MACD(12,26)
0.000
Buy
ADX(14)
42.016
Buy
Williams %R
-36.838
Buy
CCI(14)
74.7187
Buy
ATR(14)
0.0009
Less Volatility
Highs/Lows(14)
0.0000
Neutral
Ultimate Oscillator
44.150
Sell
ROC
0.010
Buy
Bull/Bear Power(13)
0.0016
Buy
Buy: 7
Sell: 3
Neutral: 1


Summary:Strong Buy","Jun 17, 2021 06:31PM GMT"
eur_usd,1.1919 -0.0075    -0.63%,14:32:54,2021-06-17 18:33:10.285571,"Prev. Close: 1.1994
Bid/Ask: 1.1917 / 1.1921
Day's Range: 1.1892 - 1.2007",Strong Sell,"Summary:Strong Sell
Moving Averages:SellBuy (2)Sell (10)
Technical Indicators:Strong SellBuy (0)Sell (9)","Name
S3
S2
S1
Pivot Points
R1
R2
R3
Classic
1.1880
1.1888
1.1902
1.1910
1.1924
1.1932
1.1946
Fibonacci
1.1888
1.1896
1.1902
1.1910
1.1918
1.1924
1.1932
Camarilla
1.1910
1.1912
1.1914
1.1910
1.1918
1.1920
1.1922
Woodie's
1.1882
1.1889
1.1904
1.1911
1.1926
1.1933
1.1948
DeMark's
-
-
1.1906
1.1912
1.1928
-
-","Technical IndicatorsJun 17, 2021 06:31PM GMT
Name
Value
Action
RSI(14)
28.762
Sell
STOCH(9,6)
30.099
Sell
STOCHRSI(14)
100.000
Overbought
MACD(12,26)
-0.004
Sell
ADX(14)
30.965
Neutral
Williams %R
-77.293
Sell
CCI(14)
-86.6931
Sell
ATR(14)
0.0022
High Volatility
Highs/Lows(14)
-0.0013
Sell
Ultimate Oscillator
36.911
Sell
ROC
-0.692
Sell
Bull/Bear Power(13)
-0.0044
Sell
Buy: 0
Sell: 9
Neutral: 1


Summary:Strong Sell","Jun 17, 2021 06:31PM GMT"
gbp_usd,1.3930 -0.0057    -0.41%,14:32:47,2021-06-17 18:33:10.289130,"Prev. Close: 1.3987
Bid/Ask: 1.3928 / 1.3932
Day's Range: 1.3896 - 1.4010",Strong Sell,"Summary:Strong Sell
Moving Averages:SellBuy (2)Sell (10)
Technical Indicators:Strong SellBuy (1)Sell (9)","Name
S3
S2
S1
Pivot Points
R1
R2
R3
Classic
1.3876
1.3886
1.3905
1.3915
1.3934
1.3944
1.3963
Fibonacci
1.3886
1.3897
1.3904
1.3915
1.3926
1.3933
1.3944
Camarilla
1.3917
1.3920
1.3922
1.3915
1.3928
1.3930
1.3933
Woodie's
1.3882
1.3889
1.3911
1.3918
1.3940
1.3947
1.3969
DeMark's
-
-
1.3910
1.3918
1.3939
-
-","Technical IndicatorsJun 17, 2021 06:31PM GMT
Name
Value
Action
RSI(14)
36.826
Sell
STOCH(9,6)
30.817
Sell
STOCHRSI(14)
95.293
Overbought
MACD(12,26)
-0.004
Sell
ADX(14)
39.440
Buy
Williams %R
-70.484
Sell
CCI(14)
-76.4694
Sell
ATR(14)
0.0027
High Volatility
Highs/Lows(14)
-0.0011
Sell
Ultimate Oscillator
37.675
Sell
ROC
-0.493
Sell
Bull/Bear Power(13)
-0.0026
Sell
Buy: 1
Sell: 9
Neutral: 0


Summary:Strong Sell","Jun 17, 2021 06:31PM GMT"
usd_jpy,110.22 -0.47    -0.43%,14:32:35,2021-06-17 18:33:10.291999,"Prev. Close: 110.69
Bid/Ask: 110.20 / 110.23
Day's Range: 110.17 - 110.83",Strong Sell,"Summary:Strong Sell
Moving Averages:SellBuy (4)Sell (8)
Technical Indicators:Strong SellBuy (0)Sell (8)","Name
S3
S2
S1
Pivot Points
R1
R2
R3
Classic
110.03
110.11
110.16
110.24
110.29
110.37
110.41
Fibonacci
110.11
110.16
110.19
110.24
110.29
110.32
110.37
Camarilla
110.18
110.19
110.20
110.24
110.23
110.24
110.25
Woodie's
110.03
110.11
110.16
110.24
110.29
110.37
110.41
DeMark's
-
-
110.14
110.23
110.27
-
-","Technical IndicatorsJun 17, 2021 06:31PM GMT
Name
Value
Action
RSI(14)
38.825
Sell
STOCH(9,6)
19.048
Oversold
STOCHRSI(14)
2.044
Oversold
MACD(12,26)
-0.010
Sell
ADX(14)
35.350
Sell
Williams %R
-92.437
Oversold
CCI(14)
-123.2015
Sell
ATR(14)
0.1321
High Volatility
Highs/Lows(14)
-0.2257
Sell
Ultimate Oscillator
37.466
Sell
ROC
-0.416
Sell
Bull/Bear Power(13)
-0.4130
Sell
Buy: 0
Sell: 8
Neutral: 0


Summary:Strong Sell","Jun 17, 2021 06:31PM GMT"
aud_usd,0.7558 -0.0052    -0.68%,14:32:52,2021-06-17 18:33:10.294772,"Prev. Close: 0.7610
Bid/Ask: 0.7557 / 0.7559
Day's Range: 0.7540 - 0.7646",Strong Sell,"Summary:Strong Sell
Moving Averages:Strong SellBuy (0)Sell (12)
Technical Indicators:Strong SellBuy (1)Sell (8)","Name
S3
S2
S1
Pivot Points
R1
R2
R3
Classic
0.7531
0.7537
0.7548
0.7554
0.7565
0.7571
0.7582
Fibonacci
0.7537
0.7543
0.7548
0.7554
0.7560
0.7565
0.7571
Camarilla
0.7553
0.7555
0.7556
0.7554
0.7560
0.7561
0.7563
Woodie's
0.7533
0.7538
0.7550
0.7555
0.7567
0.7572
0.7584
DeMark's
-
-
0.7551
0.7555
0.7568
-
-","Technical IndicatorsJun 17, 2021 06:31PM GMT
Name
Value
Action
RSI(14)
28.190
Sell
STOCH(9,6)
22.918
Sell
STOCHRSI(14)
56.025
Buy
MACD(12,26)
-0.003
Sell
ADX(14)
42.795
Sell
Williams %R
-81.771
Oversold
CCI(14)
-79.0846
Sell
ATR(14)
0.0018
Less Volatility
Highs/Lows(14)
-0.0017
Sell
Ultimate Oscillator
29.753
Oversold
ROC
-0.950
Sell
Bull/Bear Power(13)
-0.0024
Sell
Buy: 1
Sell: 8
Neutral: 0


Summary:Strong Sell","Jun 17, 2021 06:31PM GMT"
eur_gbp,0.8557 -0.0016    -0.19%,14:32:59,2021-06-17 18:33:10.297502,"Prev. Close: 0.8573
Bid/Ask: 0.8556 / 0.8557
Day's Range: 0.8542 - 0.8580",Strong Sell,"Summary:Strong Sell
Moving Averages:Strong SellBuy (0)Sell (12)
Technical Indicators:Strong SellBuy (1)Sell (6)","Name
S3
S2
S1
Pivot Points
R1
R2
R3
Classic
0.8547
0.8552
0.8555
0.8560
0.8562
0.8568
0.8570
Fibonacci
0.8552
0.8555
0.8557
0.8560
0.8563
0.8565
0.8568
Camarilla
0.8555
0.8556
0.8557
0.8560
0.8558
0.8559
0.8560
Woodie's
0.8547
0.8552
0.8555
0.8560
0.8562
0.8568
0.8570
DeMark's
-
-
0.8554
0.8559
0.8561
-
-","Technical IndicatorsJun 17, 2021 06:31PM GMT
Name
Value
Action
RSI(14)
38.855
Sell
STOCH(9,6)
51.761
Neutral
STOCHRSI(14)
75.470
Overbought
MACD(12,26)
-0.001
Sell
ADX(14)
35.370
Sell
Williams %R
-55.224
Sell
CCI(14)
-42.9246
Neutral
ATR(14)
0.0011
High Volatility
Highs/Lows(14)
0.0000
Neutral
Ultimate Oscillator
54.393
Buy
ROC
-0.198
Sell
Bull/Bear Power(13)
-0.0008
Sell
Buy: 1
Sell: 6
Neutral: 3


Summary:Strong Sell","Jun 17, 2021 06:31PM GMT"
usd_cad,1.2346 +0.0070    +0.57%,14:32:53,2021-06-17 18:33:10.300253,"Prev. Close: 1.2276
Bid/Ask: 1.2344 / 1.2348
Day's Range: 1.2261 - 1.2378",Strong Buy,"Summary:Strong Buy
Moving Averages:BuyBuy (10)Sell (2)
Technical Indicators:Strong BuyBuy (9)Sell (1)","Name
S3
S2
S1
Pivot Points
R1
R2
R3
Classic
1.2321
1.2330
1.2342
1.2351
1.2363
1.2372
1.2384
Fibonacci
1.2330
1.2338
1.2343
1.2351
1.2359
1.2364
1.2372
Camarilla
1.2347
1.2349
1.2351
1.2351
1.2355
1.2357
1.2359
Woodie's
1.2321
1.2330
1.2342
1.2351
1.2363
1.2372
1.2384
DeMark's
-
-
1.2336
1.2348
1.2357
-
-","Technical IndicatorsJun 17, 2021 06:31PM GMT
Name
Value
Action
RSI(14)
68.111
Buy
STOCH(9,6)
65.751
Buy
STOCHRSI(14)
25.198
Sell
MACD(12,26)
0.003
Buy
ADX(14)
33.242
Neutral
Williams %R
-27.039
Buy
CCI(14)
91.5176
Buy
ATR(14)
0.0026
High Volatility
Highs/Lows(14)
0.0013
Buy
Ultimate Oscillator
68.392
Buy
ROC
0.623
Buy
Bull/Bear Power(13)
0.0038
Buy
Buy: 9
Sell: 1
Neutral: 1


Summary:Strong Buy","Jun 17, 2021 06:31PM GMT"
usd_chf,0.9170 +0.0085    +0.94%,14:32:42,2021-06-17 18:33:10.302999,"Prev. Close: 0.9085
Bid/Ask: 0.9168 / 0.9172
Day's Range: 0.9076 - 0.9188",Strong Buy,"Summary:Strong Buy
Moving Averages:BuyBuy (12)Sell (0)
Technical Indicators:Strong BuyBuy (8)Sell (0)","Name
S3
S2
S1
Pivot Points
R1
R2
R3
Classic
0.9150
0.9160
0.9166
0.9176
0.9181
0.9192
0.9197
Fibonacci
0.9160
0.9166
0.9170
0.9176
0.9182
0.9186
0.9192
Camarilla
0.9167
0.9169
0.9170
0.9176
0.9173
0.9174
0.9176
Woodie's
0.9148
0.9159
0.9164
0.9175
0.9179
0.9191
0.9195
DeMark's
-
-
0.9163
0.9175
0.9179
-
-","Technical IndicatorsJun 17, 2021 06:31PM GMT
Name
Value
Action
RSI(14)
75.352
Overbought
STOCH(9,6)
76.981
Buy
STOCHRSI(14)
11.190
Oversold
MACD(12,26)
0.004
Buy
ADX(14)
32.108
Buy
Williams %R
-15.454
Overbought
CCI(14)
91.1738
Buy
ATR(14)
0.0018
High Volatility
Highs/Lows(14)
0.0018
Buy
Ultimate Oscillator
66.446
Buy
ROC
0.958
Buy
Bull/Bear Power(13)
0.0042
Buy
Buy: 8
Sell: 0
Neutral: 0


Summary:Strong Buy","Jun 17, 2021 06:31PM GMT"
nzd_chf,0.6427 +0.0023    +0.36%,14:32:47,2021-06-17 18:33:10.305723,"Prev. Close: 0.6404
Bid/Ask: 0.6424 / 0.6430
Day's Range: 0.6406 - 0.6453",Neutral,"Summary:Neutral
Moving Averages:BuyBuy (9)Sell (3)
Technical Indicators:SellBuy (1)Sell (5)","Name
S3
S2
S1
Pivot Points
R1
R2
R3
Classic
0.6420
0.6422
0.6425
0.6428
0.6431
0.6434
0.6437
Fibonacci
0.6422
0.6425
0.6426
0.6428
0.6430
0.6431
0.6434
Camarilla
0.6426
0.6427
0.6427
0.6428
0.6429
0.6429
0.6430
Woodie's
0.6420
0.6422
0.6425
0.6428
0.6431
0.6434
0.6437
DeMark's
-
-
0.6426
0.6429
0.6432
-
-","Technical IndicatorsJun 17, 2021 06:31PM GMT
Name
Value
Action
RSI(14)
51.167
Neutral
STOCH(9,6)
42.806
Sell
STOCHRSI(14)
45.926
Neutral
MACD(12,26)
0.000
Buy
ADX(14)
25.141
Sell
Williams %R
-54.839
Neutral
CCI(14)
-20.8498
Neutral
ATR(14)
0.0012
Less Volatility
Highs/Lows(14)
0.0000
Neutral
Ultimate Oscillator
48.393
Sell
ROC
-0.186
Sell
Bull/Bear Power(13)
-0.0005
Sell
Buy: 1
Sell: 5
Neutral: 5


Summary:Sell","Jun 17, 2021 06:31PM GMT"
usd_cny,6.4484 +0.0515    +0.80%,11:27:22,2021-06-17 18:33:10.308500,"Prev. Close: 6.3969
Bid/Ask: 6.4477 / 6.4490
Day's Range: 6.3972 - 6.4494",Strong Buy,"Summary:Strong Buy
Moving Averages:BuyBuy (12)Sell (0)
Technical Indicators:Strong BuyBuy (7)Sell (0)","Name
S3
S2
S1
Pivot Points
R1
R2
R3
Classic
6.4380
6.4399
6.4436
6.4455
6.4492
6.4511
6.4548
Fibonacci
6.4399
6.4420
6.4434
6.4455
6.4476
6.4490
6.4511
Camarilla
6.4458
6.4463
6.4468
6.4455
6.4479
6.4484
6.4489
Woodie's
6.4390
6.4404
6.4446
6.4460
6.4502
6.4516
6.4558
DeMark's
-
-
6.4446
6.4460
6.4502
-
-","Technical IndicatorsJun 17, 2021 03:34PM GMT
Name
Value
Action
RSI(14)
85.433
Overbought
STOCH(9,6)
77.649
Buy
STOCHRSI(14)
100.000
Overbought
MACD(12,26)
0.011
Buy
ADX(14)
61.337
Buy
Williams %R
-3.426
Overbought
CCI(14)
151.8010
Buy
ATR(14)
0.0041
Less Volatility
Highs/Lows(14)
0.0141
Buy
Ultimate Oscillator
82.973
Overbought
ROC
0.391
Buy
Bull/Bear Power(13)
0.0286
Buy
Buy: 7
Sell: 0
Neutral: 0


Summary:Strong Buy","Jun 17, 2021 03:34PM GMT"
usd_hkd,7.7648 +0.0018    +0.02%,14:32:44,2021-06-17 18:33:10.311280,"Prev. Close: 7.7630
Bid/Ask: 7.7647 / 7.7648
Day's Range: 7.7625 - 7.7656",Strong Buy,"Summary:Strong Buy
Moving Averages:BuyBuy (12)Sell (0)
Technical Indicators:Strong BuyBuy (7)Sell (3)","Name
S3
S2
S1
Pivot Points
R1
R2
R3
Classic
7.7636
7.7639
7.7643
7.7646
7.7650
7.7653
7.7657
Fibonacci
7.7639
7.7642
7.7643
7.7646
7.7649
7.7650
7.7653
Camarilla
7.7646
7.7646
7.7647
7.7646
7.7648
7.7649
7.7649
Woodie's
7.7636
7.7639
7.7643
7.7646
7.7650
7.7653
7.7657
DeMark's
-
-
7.7644
7.7646
7.7651
-
-","Technical IndicatorsJun 17, 2021 06:31PM GMT
Name
Value
Action
RSI(14)
57.948
Buy
STOCH(9,6)
32.898
Sell
STOCHRSI(14)
35.095
Sell
MACD(12,26)
0.000
Buy
ADX(14)
42.016
Buy
Williams %R
-36.838
Buy
CCI(14)
74.7187
Buy
ATR(14)
0.0009
Less Volatility
Highs/Lows(14)
0.0000
Neutral
Ultimate Oscillator
44.150
Sell
ROC
0.010
Buy
Bull/Bear Power(13)
0.0016
Buy
Buy: 7
Sell: 3
Neutral: 1


Summary:Strong Buy","Jun 17, 2021 06:31PM GMT"
eur_usd,1.1918 -0.0076    -0.63%,14:33:40,2021-06-17 18:34:10.365691,"Prev. Close: 1.1994
Bid/Ask: 1.1916 / 1.1920
Day's Range: 1.1892 - 1.2007",Strong Sell,"Summary:Strong Sell
Moving Averages:SellBuy (2)Sell (10)
Technical Indicators:Strong SellBuy (0)Sell (9)","Name
S3
S2
S1
Pivot Points
R1
R2
R3
Classic
1.1880
1.1888
1.1902
1.1910
1.1924
1.1932
1.1946
Fibonacci
1.1888
1.1896
1.1902
1.1910
1.1918
1.1924
1.1932
Camarilla
1.1910
1.1912
1.1914
1.1910
1.1918
1.1920
1.1922
Woodie's
1.1882
1.1889
1.1904
1.1911
1.1926
1.1933
1.1948
DeMark's
-
-
1.1906
1.1912
1.1928
-
-","Technical IndicatorsJun 17, 2021 06:33PM GMT
Name
Value
Action
RSI(14)
28.762
Sell
STOCH(9,6)
30.099
Sell
STOCHRSI(14)
100.000
Overbought
MACD(12,26)
-0.004
Sell
ADX(14)
30.965
Neutral
Williams %R
-77.293
Sell
CCI(14)
-86.6931
Sell
ATR(14)
0.0022
High Volatility
Highs/Lows(14)
-0.0013
Sell
Ultimate Oscillator
36.911
Sell
ROC
-0.692
Sell
Bull/Bear Power(13)
-0.0044
Sell
Buy: 0
Sell: 9
Neutral: 1


Summary:Strong Sell","Jun 17, 2021 06:33PM GMT"
gbp_usd,1.3930 -0.0057    -0.41%,14:33:34,2021-06-17 18:34:10.369239,"Prev. Close: 1.3987
Bid/Ask: 1.3928 / 1.3932
Day's Range: 1.3896 - 1.4010",Strong Sell,"Summary:Strong Sell
Moving Averages:SellBuy (2)Sell (10)
Technical Indicators:Strong SellBuy (1)Sell (9)","Name
S3
S2
S1
Pivot Points
R1
R2
R3
Classic
1.3876
1.3886
1.3905
1.3915
1.3934
1.3944
1.3963
Fibonacci
1.3886
1.3897
1.3904
1.3915
1.3926
1.3933
1.3944
Camarilla
1.3917
1.3920
1.3922
1.3915
1.3928
1.3930
1.3933
Woodie's
1.3882
1.3889
1.3911
1.3918
1.3940
1.3947
1.3969
DeMark's
-
-
1.3910
1.3918
1.3939
-
-","Technical IndicatorsJun 17, 2021 06:33PM GMT
Name
Value
Action
RSI(14)
36.987
Sell
STOCH(9,6)
30.921
Sell
STOCHRSI(14)
96.416
Overbought
MACD(12,26)
-0.003
Sell
ADX(14)
39.537
Buy
Williams %R
-70.044
Sell
CCI(14)
-75.2900
Sell
ATR(14)
0.0027
High Volatility
Highs/Lows(14)
-0.0011
Sell
Ultimate Oscillator
37.718
Sell
ROC
-0.489
Sell
Bull/Bear Power(13)
-0.0025
Sell
Buy: 1
Sell: 9
Neutral: 0


Summary:Strong Sell","Jun 17, 2021 06:33PM GMT"
usd_jpy,110.22 -0.47    -0.43%,14:33:37,2021-06-17 18:34:10.372192,"Prev. Close: 110.69
Bid/Ask: 110.20 / 110.23
Day's Range: 110.17 - 110.83",Strong Sell,"Summary:Strong Sell
Moving Averages:SellBuy (4)Sell (8)
Technical Indicators:Strong SellBuy (0)Sell (8)","Name
S3
S2
S1
Pivot Points
R1
R2
R3
Classic
110.03
110.11
110.16
110.24
110.29
110.37
110.41
Fibonacci
110.11
110.16
110.19
110.24
110.29
110.32
110.37
Camarilla
110.18
110.19
110.20
110.24
110.23
110.24
110.25
Woodie's
110.03
110.11
110.16
110.24
110.29
110.37
110.41
DeMark's
-
-
110.14
110.23
110.27
-
-","Technical IndicatorsJun 17, 2021 06:33PM GMT
Name
Value
Action
RSI(14)
39.145
Sell
STOCH(9,6)
19.188
Oversold
STOCHRSI(14)
3.210
Oversold
MACD(12,26)
-0.010
Sell
ADX(14)
35.350
Sell
Williams %R
-91.596
Oversold
CCI(14)
-122.6453
Sell
ATR(14)
0.1321
High Volatility
Highs/Lows(14)
-0.2207
Sell
Ultimate Oscillator
37.816
Sell
ROC
-0.411
Sell
Bull/Bear Power(13)
-0.4150
Sell
Buy: 0
Sell: 8
Neutral: 0


Summary:Strong Sell","Jun 17, 2021 06:33PM GMT"
aud_usd,0.7558 -0.0053    -0.69%,14:33:37,2021-06-17 18:34:10.375022,"Prev. Close: 0.7610
Bid/Ask: 0.7557 / 0.7558
Day's Range: 0.7540 - 0.7646",Strong Sell,"Summary:Strong Sell
Moving Averages:Strong SellBuy (0)Sell (12)
Technical Indicators:Strong SellBuy (1)Sell (8)","Name
S3
S2
S1
Pivot Points
R1
R2
R3
Classic
0.7531
0.7537
0.7548
0.7554
0.7565
0.7571
0.7582
Fibonacci
0.7537
0.7543
0.7548
0.7554
0.7560
0.7565
0.7571
Camarilla
0.7553
0.7555
0.7556
0.7554
0.7560
0.7561
0.7563
Woodie's
0.7533
0.7538
0.7550
0.7555
0.7567
0.7572
0.7584
DeMark's
-
-
0.7551
0.7555
0.7568
-
-","Technical IndicatorsJun 17, 2021 06:33PM GMT
Name
Value
Action
RSI(14)
28.190
Sell
STOCH(9,6)
22.918
Sell
STOCHRSI(14)
56.025
Buy
MACD(12,26)
-0.003
Sell
ADX(14)
42.795
Sell
Williams %R
-81.771
Oversold
CCI(14)
-79.0846
Sell
ATR(14)
0.0018
Less Volatility
Highs/Lows(14)
-0.0017
Sell
Ultimate Oscillator
29.753
Oversold
ROC
-0.950
Sell
Bull/Bear Power(13)
-0.0024
Sell
Buy: 1
Sell: 8
Neutral: 0


Summary:Strong Sell","Jun 17, 2021 06:33PM GMT"
eur_gbp,0.8556 -0.0018    -0.20%,14:33:40,2021-06-17 18:34:10.377789,"Prev. Close: 0.8573
Bid/Ask: 0.8553 / 0.8558
Day's Range: 0.8542 - 0.8580",Strong Sell,"Summary:Strong Sell
Moving Averages:Strong SellBuy (0)Sell (12)
Technical Indicators:Strong SellBuy (2)Sell (6)","Name
S3
S2
S1
Pivot Points
R1
R2
R3
Classic
0.8547
0.8552
0.8555
0.8560
0.8562
0.8568
0.8570
Fibonacci
0.8552
0.8555
0.8557
0.8560
0.8563
0.8565
0.8568
Camarilla
0.8555
0.8556
0.8557
0.8560
0.8558
0.8559
0.8560
Woodie's
0.8547
0.8552
0.8555
0.8560
0.8562
0.8568
0.8570
DeMark's
-
-
0.8554
0.8559
0.8561
-
-","Technical IndicatorsJun 17, 2021 06:33PM GMT
Name
Value
Action
RSI(14)
38.498
Sell
STOCH(9,6)
51.452
Neutral
STOCHRSI(14)
73.921
Buy
MACD(12,26)
-0.001
Sell
ADX(14)
35.370
Sell
Williams %R
-56.717
Sell
CCI(14)
-45.1414
Neutral
ATR(14)
0.0011
High Volatility
Highs/Lows(14)
0.0000
Neutral
Ultimate Oscillator
53.923
Buy
ROC
-0.204
Sell
Bull/Bear Power(13)
-0.0008
Sell
Buy: 2
Sell: 6
Neutral: 3


Summary:Strong Sell","Jun 17, 2021 06:33PM GMT"
usd_cad,1.2346 +0.0070    +0.57%,14:33:37,2021-06-17 18:34:10.380555,"Prev. Close: 1.2276
Bid/Ask: 1.2344 / 1.2348
Day's Range: 1.2261 - 1.2378",Strong Buy,"Summary:Strong Buy
Moving Averages:BuyBuy (11)Sell (1)
Technical Indicators:Strong BuyBuy (9)Sell (1)","Name
S3
S2
S1
Pivot Points
R1
R2
R3
Classic
1.2321
1.2330
1.2342
1.2351
1.2363
1.2372
1.2384
Fibonacci
1.2330
1.2338
1.2343
1.2351
1.2359
1.2364
1.2372
Camarilla
1.2347
1.2349
1.2351
1.2351
1.2355
1.2357
1.2359
Woodie's
1.2321
1.2330
1.2342
1.2351
1.2363
1.2372
1.2384
DeMark's
-
-
1.2336
1.2348
1.2357
-
-","Technical IndicatorsJun 17, 2021 06:33PM GMT
Name
Value
Action
RSI(14)
68.571
Buy
STOCH(9,6)
65.953
Buy
STOCHRSI(14)
28.262
Sell
MACD(12,26)
0.003
Buy
ADX(14)
33.242
Neutral
Williams %R
-26.181
Buy
CCI(14)
92.3887
Buy
ATR(14)
0.0026
High Volatility
Highs/Lows(14)
0.0014
Buy
Ultimate Oscillator
68.777
Buy
ROC
0.632
Buy
Bull/Bear Power(13)
0.0038
Buy
Buy: 9
Sell: 1
Neutral: 1


Summary:Strong Buy","Jun 17, 2021 06:33PM GMT"
usd_chf,0.9171 +0.0086    +0.95%,14:33:28,2021-06-17 18:34:10.383327,"Prev. Close: 0.9085
Bid/Ask: 0.9169 / 0.9173
Day's Range: 0.9076 - 0.9188",Strong Buy,"Summary:Strong Buy
Moving Averages:BuyBuy (10)Sell (2)
Technical Indicators:Strong BuyBuy (9)Sell (0)","Name
S3
S2
S1
Pivot Points
R1
R2
R3
Classic
0.9150
0.9160
0.9166
0.9176
0.9181
0.9192
0.9197
Fibonacci
0.9160
0.9166
0.9170
0.9176
0.9182
0.9186
0.9192
Camarilla
0.9167
0.9169
0.9170
0.9176
0.9173
0.9174
0.9176
Woodie's
0.9148
0.9159
0.9164
0.9175
0.9179
0.9191
0.9195
DeMark's
-
-
0.9163
0.9175
0.9179
-
-","Technical IndicatorsJun 17, 2021 06:33PM GMT
Name
Value
Action
RSI(14)
74.736
Buy
STOCH(9,6)
76.673
Buy
STOCHRSI(14)
6.482
Oversold
MACD(12,26)
0.004
Buy
ADX(14)
32.108
Buy
Williams %R
-16.364
Overbought
CCI(14)
90.3309
Buy
ATR(14)
0.0018
High Volatility
Highs/Lows(14)
0.0017
Buy
Ultimate Oscillator
65.830
Buy
ROC
0.947
Buy
Bull/Bear Power(13)
0.0042
Buy
Buy: 9
Sell: 0
Neutral: 0


Summary:Strong Buy","Jun 17, 2021 06:33PM GMT"
nzd_chf,0.6428 +0.0024    +0.37%,14:33:34,2021-06-17 18:34:10.386056,"Prev. Close: 0.6404
Bid/Ask: 0.6426 / 0.6429
Day's Range: 0.6406 - 0.6453",Neutral,"Summary:Neutral
Moving Averages:BuyBuy (9)Sell (3)
Technical Indicators:SellBuy (1)Sell (5)","Name
S3
S2
S1
Pivot Points
R1
R2
R3
Classic
0.6420
0.6422
0.6425
0.6428
0.6431
0.6434
0.6437
Fibonacci
0.6422
0.6425
0.6426
0.6428
0.6430
0.6431
0.6434
Camarilla
0.6426
0.6427
0.6427
0.6428
0.6429
0.6429
0.6430
Woodie's
0.6420
0.6422
0.6425
0.6428
0.6431
0.6434
0.6437
DeMark's
-
-
0.6426
0.6429
0.6432
-
-","Technical IndicatorsJun 17, 2021 06:33PM GMT
Name
Value
Action
RSI(14)
51.526
Neutral
STOCH(9,6)
43.026
Sell
STOCHRSI(14)
47.302
Neutral
MACD(12,26)
0.000
Buy
ADX(14)
25.141
Sell
Williams %R
-53.763
Neutral
CCI(14)
-19.6490
Neutral
ATR(14)
0.0012
Less Volatility
Highs/Lows(14)
0.0000
Neutral
Ultimate Oscillator
48.869
Sell
ROC
-0.179
Sell
Bull/Bear Power(13)
-0.0005
Sell
Buy: 1
Sell: 5
Neutral: 5


Summary:Sell","Jun 17, 2021 06:33PM GMT"
usd_cny,6.4484 +0.0515    +0.80%,11:27:22,2021-06-17 18:34:10.388831,"Prev. Close: 6.3969
Bid/Ask: 6.4477 / 6.4490
Day's Range: 6.3972 - 6.4494",Strong Buy,"Summary:Strong Buy
Moving Averages:BuyBuy (12)Sell (0)
Technical Indicators:Strong BuyBuy (7)Sell (0)","Name
S3
S2
S1
Pivot Points
R1
R2
R3
Classic
6.4380
6.4399
6.4436
6.4455
6.4492
6.4511
6.4548
Fibonacci
6.4399
6.4420
6.4434
6.4455
6.4476
6.4490
6.4511
Camarilla
6.4458
6.4463
6.4468
6.4455
6.4479
6.4484
6.4489
Woodie's
6.4390
6.4404
6.4446
6.4460
6.4502
6.4516
6.4558
DeMark's
-
-
6.4446
6.4460
6.4502
-
-","Technical IndicatorsJun 17, 2021 03:34PM GMT
Name
Value
Action
RSI(14)
85.433
Overbought
STOCH(9,6)
77.649
Buy
STOCHRSI(14)
100.000
Overbought
MACD(12,26)
0.011
Buy
ADX(14)
61.337
Buy
Williams %R
-3.426
Overbought
CCI(14)
151.8010
Buy
ATR(14)
0.0041
Less Volatility
Highs/Lows(14)
0.0141
Buy
Ultimate Oscillator
82.973
Overbought
ROC
0.391
Buy
Bull/Bear Power(13)
0.0286
Buy
Buy: 7
Sell: 0
Neutral: 0


Summary:Strong Buy","Jun 17, 2021 03:34PM GMT"
usd_hkd,7.7648 +0.0018    +0.02%,14:33:44,2021-06-17 18:34:10.391597,"Prev. Close: 7.7630
Bid/Ask: 7.7647 / 7.7648
Day's Range: 7.7625 - 7.7656",Strong Buy,"Summary:Strong Buy
Moving Averages:BuyBuy (12)Sell (0)
Technical Indicators:Strong BuyBuy (7)Sell (3)","Name
S3
S2
S1
Pivot Points
R1
R2
R3
Classic
7.7636
7.7639
7.7643
7.7646
7.7650
7.7653
7.7657
Fibonacci
7.7639
7.7642
7.7643
7.7646
7.7649
7.7650
7.7653
Camarilla
7.7646
7.7646
7.7647
7.7646
7.7648
7.7649
7.7649
Woodie's
7.7636
7.7639
7.7643
7.7646
7.7650
7.7653
7.7657
DeMark's
-
-
7.7644
7.7646
7.7651
-
-","Technical IndicatorsJun 17, 2021 06:33PM GMT
Name
Value
Action
RSI(14)
57.948
Buy
STOCH(9,6)
32.898
Sell
STOCHRSI(14)
35.095
Sell
MACD(12,26)
0.000
Buy
ADX(14)
42.016
Buy
Williams %R
-36.838
Buy
CCI(14)
74.7187
Buy
ATR(14)
0.0009
Less Volatility
Highs/Lows(14)
0.0000
Neutral
Ultimate Oscillator
44.150
Sell
ROC
0.010
Buy
Bull/Bear Power(13)
0.0016
Buy
Buy: 7
Sell: 3
Neutral: 1


Summary:Strong Buy","Jun 17, 2021 06:33PM GMT"
eur_usd,1.1919 -0.0076    -0.63%,14:34:47,2021-06-17 18:35:09.886120,"Prev. Close: 1.1994
Bid/Ask: 1.1918 / 1.1919
Day's Range: 1.1892 - 1.2007",Strong Sell,"Summary:Strong Sell
Moving Averages:SellBuy (2)Sell (10)
Technical Indicators:Strong SellBuy (0)Sell (9)","Name
S3
S2
S1
Pivot Points
R1
R2
R3
Classic
1.1880
1.1888
1.1902
1.1910
1.1924
1.1932
1.1946
Fibonacci
1.1888
1.1896
1.1902
1.1910
1.1918
1.1924
1.1932
Camarilla
1.1910
1.1912
1.1914
1.1910
1.1918
1.1920
1.1922
Woodie's
1.1882
1.1889
1.1904
1.1911
1.1926
1.1933
1.1948
DeMark's
-
-
1.1906
1.1912
1.1928
-
-","Technical IndicatorsJun 17, 2021 06:33PM GMT
Name
Value
Action
RSI(14)
28.762
Sell
STOCH(9,6)
30.099
Sell
STOCHRSI(14)
100.000
Overbought
MACD(12,26)
-0.004
Sell
ADX(14)
30.965
Neutral
Williams %R
-77.293
Sell
CCI(14)
-86.6931
Sell
ATR(14)
0.0022
High Volatility
Highs/Lows(14)
-0.0013
Sell
Ultimate Oscillator
36.911
Sell
ROC
-0.692
Sell
Bull/Bear Power(13)
-0.0044
Sell
Buy: 0
Sell: 9
Neutral: 1


Summary:Strong Sell","Jun 17, 2021 06:33PM GMT"
gbp_usd,1.3930 -0.0057    -0.41%,14:34:44,2021-06-17 18:35:09.889688,"Prev. Close: 1.3987
Bid/Ask: 1.3928 / 1.3931
Day's Range: 1.3896 - 1.4010",Strong Sell,"Summary:Strong Sell
Moving Averages:SellBuy (2)Sell (10)
Technical Indicators:Strong SellBuy (1)Sell (9)","Name
S3
S2
S1
Pivot Points
R1
R2
R3
Classic
1.3876
1.3886
1.3905
1.3915
1.3934
1.3944
1.3963
Fibonacci
1.3886
1.3897
1.3904
1.3915
1.3926
1.3933
1.3944
Camarilla
1.3917
1.3920
1.3922
1.3915
1.3928
1.3930
1.3933
Woodie's
1.3882
1.3889
1.3911
1.3918
1.3940
1.3947
1.3969
DeMark's
-
-
1.3910
1.3918
1.3939
-
-","Technical IndicatorsJun 17, 2021 06:33PM GMT
Name
Value
Action
RSI(14)
36.987
Sell
STOCH(9,6)
30.921
Sell
STOCHRSI(14)
96.416
Overbought
MACD(12,26)
-0.003
Sell
ADX(14)
39.537
Buy
Williams %R
-70.044
Sell
CCI(14)
-75.2900
Sell
ATR(14)
0.0027
High Volatility
Highs/Lows(14)
-0.0011
Sell
Ultimate Oscillator
37.718
Sell
ROC
-0.489
Sell
Bull/Bear Power(13)
-0.0025
Sell
Buy: 1
Sell: 9
Neutral: 0


Summary:Strong Sell","Jun 17, 2021 06:33PM GMT"
usd_jpy,110.24 -0.46    -0.41%,14:34:36,2021-06-17 18:35:09.892699,"Prev. Close: 110.69
Bid/Ask: 110.22 / 110.25
Day's Range: 110.17 - 110.83",Strong Sell,"Summary:Strong Sell
Moving Averages:SellBuy (4)Sell (8)
Technical Indicators:Strong SellBuy (0)Sell (8)","Name
S3
S2
S1
Pivot Points
R1
R2
R3
Classic
110.03
110.11
110.16
110.24
110.29
110.37
110.41
Fibonacci
110.11
110.16
110.19
110.24
110.29
110.32
110.37
Camarilla
110.18
110.19
110.20
110.24
110.23
110.24
110.25
Woodie's
110.03
110.11
110.16
110.24
110.29
110.37
110.41
DeMark's
-
-
110.14
110.23
110.27
-
-","Technical IndicatorsJun 17, 2021 06:33PM GMT
Name
Value
Action
RSI(14)
39.145
Sell
STOCH(9,6)
19.188
Oversold
STOCHRSI(14)
3.210
Oversold
MACD(12,26)
-0.010
Sell
ADX(14)
35.350
Sell
Williams %R
-91.596
Oversold
CCI(14)
-122.6453
Sell
ATR(14)
0.1321
High Volatility
Highs/Lows(14)
-0.2207
Sell
Ultimate Oscillator
37.816
Sell
ROC
-0.411
Sell
Bull/Bear Power(13)
-0.4150
Sell
Buy: 0
Sell: 8
Neutral: 0


Summary:Strong Sell","Jun 17, 2021 06:33PM GMT"
aud_usd,0.7558 -0.0053    -0.69%,14:34:52,2021-06-17 18:35:09.895631,"Prev. Close: 0.7610
Bid/Ask: 0.7557 / 0.7558
Day's Range: 0.7540 - 0.7646",Strong Sell,"Summary:Strong Sell
Moving Averages:Strong SellBuy (0)Sell (12)
Technical Indicators:Strong SellBuy (1)Sell (8)","Name
S3
S2
S1
Pivot Points
R1
R2
R3
Classic
0.7531
0.7537
0.7548
0.7554
0.7565
0.7571
0.7582
Fibonacci
0.7537
0.7543
0.7548
0.7554
0.7560
0.7565
0.7571
Camarilla
0.7553
0.7555
0.7556
0.7554
0.7560
0.7561
0.7563
Woodie's
0.7533
0.7538
0.7550
0.7555
0.7567
0.7572
0.7584
DeMark's
-
-
0.7551
0.7555
0.7568
-
-","Technical IndicatorsJun 17, 2021 06:33PM GMT
Name
Value
Action
RSI(14)
28.190
Sell
STOCH(9,6)
22.918
Sell
STOCHRSI(14)
56.025
Buy
MACD(12,26)
-0.003
Sell
ADX(14)
42.795
Sell
Williams %R
-81.771
Oversold
CCI(14)
-79.0846
Sell
ATR(14)
0.0018
Less Volatility
Highs/Lows(14)
-0.0017
Sell
Ultimate Oscillator
29.753
Oversold
ROC
-0.950
Sell
Bull/Bear Power(13)
-0.0024
Sell
Buy: 1
Sell: 8
Neutral: 0


Summary:Strong Sell","Jun 17, 2021 06:33PM GMT"
eur_gbp,0.8555 -0.0018    -0.21%,14:34:52,2021-06-17 18:35:09.898537,"Prev. Close: 0.8573
Bid/Ask: 0.8553 / 0.8557
Day's Range: 0.8542 - 0.8580",Strong Sell,"Summary:Strong Sell
Moving Averages:Strong SellBuy (0)Sell (12)
Technical Indicators:Strong SellBuy (2)Sell (6)","Name
S3
S2
S1
Pivot Points
R1
R2
R3
Classic
0.8547
0.8552
0.8555
0.8560
0.8562
0.8568
0.8570
Fibonacci
0.8552
0.8555
0.8557
0.8560
0.8563
0.8565
0.8568
Camarilla
0.8555
0.8556
0.8557
0.8560
0.8558
0.8559
0.8560
Woodie's
0.8547
0.8552
0.8555
0.8560
0.8562
0.8568
0.8570
DeMark's
-
-
0.8554
0.8559
0.8561
-
-","Technical IndicatorsJun 17, 2021 06:33PM GMT
Name
Value
Action
RSI(14)
38.498
Sell
STOCH(9,6)
51.452
Neutral
STOCHRSI(14)
73.921
Buy
MACD(12,26)
-0.001
Sell
ADX(14)
35.370
Sell
Williams %R
-56.717
Sell
CCI(14)
-45.1414
Neutral
ATR(14)
0.0011
High Volatility
Highs/Lows(14)
0.0000
Neutral
Ultimate Oscillator
53.923
Buy
ROC
-0.204
Sell
Bull/Bear Power(13)
-0.0008
Sell
Buy: 2
Sell: 6
Neutral: 3


Summary:Strong Sell","Jun 17, 2021 06:33PM GMT"
usd_cad,1.2344 +0.0068    +0.55%,14:34:52,2021-06-17 18:35:09.901408,"Prev. Close: 1.2276
Bid/Ask: 1.2342 / 1.2346
Day's Range: 1.2261 - 1.2378",Strong Buy,"Summary:Strong Buy
Moving Averages:BuyBuy (11)Sell (1)
Technical Indicators:Strong BuyBuy (9)Sell (1)","Name
S3
S2
S1
Pivot Points
R1
R2
R3
Classic
1.2321
1.2330
1.2342
1.2351
1.2363
1.2372
1.2384
Fibonacci
1.2330
1.2338
1.2343
1.2351
1.2359
1.2364
1.2372
Camarilla
1.2347
1.2349
1.2351
1.2351
1.2355
1.2357
1.2359
Woodie's
1.2321
1.2330
1.2342
1.2351
1.2363
1.2372
1.2384
DeMark's
-
-
1.2336
1.2348
1.2357
-
-","Technical IndicatorsJun 17, 2021 06:33PM GMT
Name
Value
Action
RSI(14)
68.571
Buy
STOCH(9,6)
65.953
Buy
STOCHRSI(14)
28.262
Sell
MACD(12,26)
0.003
Buy
ADX(14)
33.242
Neutral
Williams %R
-26.181
Buy
CCI(14)
92.3887
Buy
ATR(14)
0.0026
High Volatility
Highs/Lows(14)
0.0014
Buy
Ultimate Oscillator
68.777
Buy
ROC
0.632
Buy
Bull/Bear Power(13)
0.0038
Buy
Buy: 9
Sell: 1
Neutral: 1


Summary:Strong Buy","Jun 17, 2021 06:33PM GMT"
usd_chf,0.9171 +0.0086    +0.94%,14:34:43,2021-06-17 18:35:09.904306,"Prev. Close: 0.9085
Bid/Ask: 0.9170 / 0.9171
Day's Range: 0.9076 - 0.9188",Strong Buy,"Summary:Strong Buy
Moving Averages:BuyBuy (10)Sell (2)
Technical Indicators:Strong BuyBuy (9)Sell (0)","Name
S3
S2
S1
Pivot Points
R1
R2
R3
Classic
0.9150
0.9160
0.9166
0.9176
0.9181
0.9192
0.9197
Fibonacci
0.9160
0.9166
0.9170
0.9176
0.9182
0.9186
0.9192
Camarilla
0.9167
0.9169
0.9170
0.9176
0.9173
0.9174
0.9176
Woodie's
0.9148
0.9159
0.9164
0.9175
0.9179
0.9191
0.9195
DeMark's
-
-
0.9163
0.9175
0.9179
-
-","Technical IndicatorsJun 17, 2021 06:33PM GMT
Name
Value
Action
RSI(14)
74.736
Buy
STOCH(9,6)
76.673
Buy
STOCHRSI(14)
6.482
Oversold
MACD(12,26)
0.004
Buy
ADX(14)
32.108
Buy
Williams %R
-16.364
Overbought
CCI(14)
90.3309
Buy
ATR(14)
0.0018
High Volatility
Highs/Lows(14)
0.0017
Buy
Ultimate Oscillator
65.830
Buy
ROC
0.947
Buy
Bull/Bear Power(13)
0.0042
Buy
Buy: 9
Sell: 0
Neutral: 0


Summary:Strong Buy","Jun 17, 2021 06:33PM GMT"
nzd_chf,0.6428 +0.0024    +0.37%,14:34:54,2021-06-17 18:35:09.907143,"Prev. Close: 0.6404
Bid/Ask: 0.6425 / 0.6430
Day's Range: 0.6406 - 0.6453",Neutral,"Summary:Neutral
Moving Averages:BuyBuy (9)Sell (3)
Technical Indicators:SellBuy (1)Sell (5)","Name
S3
S2
S1
Pivot Points
R1
R2
R3
Classic
0.6420
0.6422
0.6425
0.6428
0.6431
0.6434
0.6437
Fibonacci
0.6422
0.6425
0.6426
0.6428
0.6430
0.6431
0.6434
Camarilla
0.6426
0.6427
0.6427
0.6428
0.6429
0.6429
0.6430
Woodie's
0.6420
0.6422
0.6425
0.6428
0.6431
0.6434
0.6437
DeMark's
-
-
0.6426
0.6429
0.6432
-
-","Technical IndicatorsJun 17, 2021 06:33PM GMT
Name
Value
Action
RSI(14)
51.526
Neutral
STOCH(9,6)
43.026
Sell
STOCHRSI(14)
47.302
Neutral
MACD(12,26)
0.000
Buy
ADX(14)
25.141
Sell
Williams %R
-53.763
Neutral
CCI(14)
-19.6490
Neutral
ATR(14)
0.0012
Less Volatility
Highs/Lows(14)
0.0000
Neutral
Ultimate Oscillator
48.869
Sell
ROC
-0.179
Sell
Bull/Bear Power(13)
-0.0005
Sell
Buy: 1
Sell: 5
Neutral: 5


Summary:Sell","Jun 17, 2021 06:33PM GMT"
usd_cny,6.4484 +0.0515    +0.80%,11:27:22,2021-06-17 18:35:09.909943,"Prev. Close: 6.3969
Bid/Ask: 6.4477 / 6.4490
Day's Range: 6.3972 - 6.4494",Strong Buy,"Summary:Strong Buy
Moving Averages:BuyBuy (12)Sell (0)
Technical Indicators:Strong BuyBuy (7)Sell (0)","Name
S3
S2
S1
Pivot Points
R1
R2
R3
Classic
6.4380
6.4399
6.4436
6.4455
6.4492
6.4511
6.4548
Fibonacci
6.4399
6.4420
6.4434
6.4455
6.4476
6.4490
6.4511
Camarilla
6.4458
6.4463
6.4468
6.4455
6.4479
6.4484
6.4489
Woodie's
6.4390
6.4404
6.4446
6.4460
6.4502
6.4516
6.4558
DeMark's
-
-
6.4446
6.4460
6.4502
-
-","Technical IndicatorsJun 17, 2021 03:34PM GMT
Name
Value
Action
RSI(14)
85.433
Overbought
STOCH(9,6)
77.649
Buy
STOCHRSI(14)
100.000
Overbought
MACD(12,26)
0.011
Buy
ADX(14)
61.337
Buy
Williams %R
-3.426
Overbought
CCI(14)
151.8010
Buy
ATR(14)
0.0041
Less Volatility
Highs/Lows(14)
0.0141
Buy
Ultimate Oscillator
82.973
Overbought
ROC
0.391
Buy
Bull/Bear Power(13)
0.0286
Buy
Buy: 7
Sell: 0
Neutral: 0


Summary:Strong Buy","Jun 17, 2021 03:34PM GMT"
usd_hkd,7.7648 +0.0018    +0.02%,14:34:45,2021-06-17 18:35:09.912765,"Prev. Close: 7.7630
Bid/Ask: 7.7647 / 7.7648
Day's Range: 7.7625 - 7.7656",Strong Buy,"Summary:Strong Buy
Moving Averages:BuyBuy (12)Sell (0)
Technical Indicators:Strong BuyBuy (7)Sell (3)","Name
S3
S2
S1
Pivot Points
R1
R2
R3
Classic
7.7636
7.7639
7.7643
7.7646
7.7650
7.7653
7.7657
Fibonacci
7.7639
7.7642
7.7643
7.7646
7.7649
7.7650
7.7653
Camarilla
7.7646
7.7646
7.7647
7.7646
7.7648
7.7649
7.7649
Woodie's
7.7636
7.7639
7.7643
7.7646
7.7650
7.7653
7.7657
DeMark's
-
-
7.7644
7.7646
7.7651
-
-","Technical IndicatorsJun 17, 2021 06:33PM GMT
Name
Value
Action
RSI(14)
57.948
Buy
STOCH(9,6)
32.898
Sell
STOCHRSI(14)
35.095
Sell
MACD(12,26)
0.000
Buy
ADX(14)
42.016
Buy
Williams %R
-36.838
Buy
CCI(14)
74.7187
Buy
ATR(14)
0.0009
Less Volatility
Highs/Lows(14)
0.0000
Neutral
Ultimate Oscillator
44.150
Sell
ROC
0.010
Buy
Bull/Bear Power(13)
0.0016
Buy
Buy: 7
Sell: 3
Neutral: 1


Summary:Strong Buy","Jun 17, 2021 06:33PM GMT"
eur_usd,1.1917 -0.0077    -0.64%,14:35:39,2021-06-17 18:36:10.279412,"Prev. Close: 1.1994
Bid/Ask: 1.1915 / 1.1919
Day's Range: 1.1892 - 1.2007",Strong Sell,"Summary:Strong Sell
Moving Averages:SellBuy (2)Sell (10)
Technical Indicators:Strong SellBuy (0)Sell (9)","Name
S3
S2
S1
Pivot Points
R1
R2
R3
Classic
1.1880
1.1888
1.1902
1.1910
1.1924
1.1932
1.1946
Fibonacci
1.1888
1.1896
1.1902
1.1910
1.1918
1.1924
1.1932
Camarilla
1.1910
1.1912
1.1914
1.1910
1.1918
1.1920
1.1922
Woodie's
1.1882
1.1889
1.1904
1.1911
1.1926
1.1933
1.1948
DeMark's
-
-
1.1906
1.1912
1.1928
-
-","Technical IndicatorsJun 17, 2021 06:35PM GMT
Name
Value
Action
RSI(14)
28.269
Sell
STOCH(9,6)
29.825
Sell
STOCHRSI(14)
100.000
Overbought
MACD(12,26)
-0.004
Sell
ADX(14)
30.965
Neutral
Williams %R
-78.166
Sell
CCI(14)
-87.5903
Sell
ATR(14)
0.0022
High Volatility
Highs/Lows(14)
-0.0014
Sell
Ultimate Oscillator
36.407
Sell
ROC
-0.700
Sell
Bull/Bear Power(13)
-0.0044
Sell
Buy: 0
Sell: 9
Neutral: 1


Summary:Strong Sell","Jun 17, 2021 06:35PM GMT"
gbp_usd,1.3930 -0.0057    -0.41%,14:35:29,2021-06-17 18:36:10.282957,"Prev. Close: 1.3987
Bid/Ask: 1.3927 / 1.3932
Day's Range: 1.3896 - 1.4010",Strong Sell,"Summary:Strong Sell
Moving Averages:SellBuy (2)Sell (10)
Technical Indicators:Strong SellBuy (1)Sell (9)","Name
S3
S2
S1
Pivot Points
R1
R2
R3
Classic
1.3876
1.3886
1.3905
1.3915
1.3934
1.3944
1.3963
Fibonacci
1.3886
1.3897
1.3904
1.3915
1.3926
1.3933
1.3944
Camarilla
1.3917
1.3920
1.3922
1.3915
1.3928
1.3930
1.3933
Woodie's
1.3882
1.3889
1.3911
1.3918
1.3940
1.3947
1.3969
DeMark's
-
-
1.3910
1.3918
1.3939
-
-","Technical IndicatorsJun 17, 2021 06:35PM GMT
Name
Value
Action
RSI(14)
36.826
Sell
STOCH(9,6)
30.817
Sell
STOCHRSI(14)
95.293
Overbought
MACD(12,26)
-0.003
Sell
ADX(14)
39.537
Buy
Williams %R
-70.484
Sell
CCI(14)
-75.6832
Sell
ATR(14)
0.0027
High Volatility
Highs/Lows(14)
-0.0011
Sell
Ultimate Oscillator
37.532
Sell
ROC
-0.493
Sell
Bull/Bear Power(13)
-0.0025
Sell
Buy: 1
Sell: 9
Neutral: 0


Summary:Strong Sell","Jun 17, 2021 06:35PM GMT"
usd_jpy,110.24 -0.46    -0.41%,14:35:42,2021-06-17 18:36:10.285849,"Prev. Close: 110.69
Bid/Ask: 110.22 / 110.25
Day's Range: 110.17 - 110.83",Strong Sell,"Summary:Strong Sell
Moving Averages:SellBuy (4)Sell (8)
Technical Indicators:Strong SellBuy (0)Sell (8)","Name
S3
S2
S1
Pivot Points
R1
R2
R3
Classic
110.03
110.11
110.16
110.24
110.29
110.37
110.41
Fibonacci
110.11
110.16
110.19
110.24
110.29
110.32
110.37
Camarilla
110.18
110.19
110.20
110.24
110.23
110.24
110.25
Woodie's
110.03
110.11
110.16
110.24
110.29
110.37
110.41
DeMark's
-
-
110.14
110.23
110.27
-
-","Technical IndicatorsJun 17, 2021 06:33PM GMT
Name
Value
Action
RSI(14)
39.145
Sell
STOCH(9,6)
19.188
Oversold
STOCHRSI(14)
3.210
Oversold
MACD(12,26)
-0.010
Sell
ADX(14)
35.350
Sell
Williams %R
-91.596
Oversold
CCI(14)
-122.6453
Sell
ATR(14)
0.1321
High Volatility
Highs/Lows(14)
-0.2207
Sell
Ultimate Oscillator
37.816
Sell
ROC
-0.411
Sell
Bull/Bear Power(13)
-0.4150
Sell
Buy: 0
Sell: 8
Neutral: 0


Summary:Strong Sell","Jun 17, 2021 06:33PM GMT"
aud_usd,0.7556 -0.0054    -0.71%,14:35:35,2021-06-17 18:36:10.288645,"Prev. Close: 0.7610
Bid/Ask: 0.7555 / 0.7557
Day's Range: 0.7540 - 0.7646",Strong Sell,"Summary:Strong Sell
Moving Averages:SellBuy (1)Sell (11)
Technical Indicators:Strong SellBuy (1)Sell (8)","Name
S3
S2
S1
Pivot Points
R1
R2
R3
Classic
0.7531
0.7537
0.7548
0.7554
0.7565
0.7571
0.7582
Fibonacci
0.7537
0.7543
0.7548
0.7554
0.7560
0.7565
0.7571
Camarilla
0.7553
0.7555
0.7556
0.7554
0.7560
0.7561
0.7563
Woodie's
0.7533
0.7538
0.7550
0.7555
0.7567
0.7572
0.7584
DeMark's
-
-
0.7551
0.7555
0.7568
-
-","Technical IndicatorsJun 17, 2021 06:35PM GMT
Name
Value
Action
RSI(14)
28.064
Sell
STOCH(9,6)
22.776
Sell
STOCHRSI(14)
55.323
Buy
MACD(12,26)
-0.003
Sell
ADX(14)
42.795
Sell
Williams %R
-82.292
Oversold
CCI(14)
-79.4946
Sell
ATR(14)
0.0018
Less Volatility
Highs/Lows(14)
-0.0018
Sell
Ultimate Oscillator
29.457
Oversold
ROC
-0.957
Sell
Bull/Bear Power(13)
-0.0024
Sell
Buy: 1
Sell: 8
Neutral: 0


Summary:Strong Sell","Jun 17, 2021 06:35PM GMT"
eur_gbp,0.8555 -0.0018    -0.21%,14:35:39,2021-06-17 18:36:10.291454,"Prev. Close: 0.8573
Bid/Ask: 0.8553 / 0.8557
Day's Range: 0.8542 - 0.8580",Strong Sell,"Summary:Strong Sell
Moving Averages:Strong SellBuy (0)Sell (12)
Technical Indicators:Strong SellBuy (2)Sell (6)","Name
S3
S2
S1
Pivot Points
R1
R2
R3
Classic
0.8547
0.8552
0.8555
0.8560
0.8562
0.8568
0.8570
Fibonacci
0.8552
0.8555
0.8557
0.8560
0.8563
0.8565
0.8568
Camarilla
0.8555
0.8556
0.8557
0.8560
0.8558
0.8559
0.8560
Woodie's
0.8547
0.8552
0.8555
0.8560
0.8562
0.8568
0.8570
DeMark's
-
-
0.8554
0.8559
0.8561
-
-","Technical IndicatorsJun 17, 2021 06:33PM GMT
Name
Value
Action
RSI(14)
38.498
Sell
STOCH(9,6)
51.452
Neutral
STOCHRSI(14)
73.921
Buy
MACD(12,26)
-0.001
Sell
ADX(14)
35.370
Sell
Williams %R
-56.717
Sell
CCI(14)
-45.1414
Neutral
ATR(14)
0.0011
High Volatility
Highs/Lows(14)
0.0000
Neutral
Ultimate Oscillator
53.923
Buy
ROC
-0.204
Sell
Bull/Bear Power(13)
-0.0008
Sell
Buy: 2
Sell: 6
Neutral: 3


Summary:Strong Sell","Jun 17, 2021 06:33PM GMT"
usd_cad,1.2346 +0.0069    +0.57%,14:35:40,2021-06-17 18:36:10.294212,"Prev. Close: 1.2276
Bid/Ask: 1.2345 / 1.2346
Day's Range: 1.2261 - 1.2378",Strong Buy,"Summary:Strong Buy
Moving Averages:BuyBuy (10)Sell (2)
Technical Indicators:Strong BuyBuy (9)Sell (0)","Name
S3
S2
S1
Pivot Points
R1
R2
R3
Classic
1.2321
1.2330
1.2342
1.2351
1.2363
1.2372
1.2384
Fibonacci
1.2330
1.2338
1.2343
1.2351
1.2359
1.2364
1.2372
Camarilla
1.2347
1.2349
1.2351
1.2351
1.2355
1.2357
1.2359
Woodie's
1.2321
1.2330
1.2342
1.2351
1.2363
1.2372
1.2384
DeMark's
-
-
1.2336
1.2348
1.2357
-
-","Technical IndicatorsJun 17, 2021 06:35PM GMT
Name
Value
Action
RSI(14)
67.884
Buy
STOCH(9,6)
65.650
Buy
STOCHRSI(14)
23.686
Oversold
MACD(12,26)
0.003
Buy
ADX(14)
33.242
Neutral
Williams %R
-27.468
Buy
CCI(14)
90.2082
Buy
ATR(14)
0.0026
High Volatility
Highs/Lows(14)
0.0013
Buy
Ultimate Oscillator
68.324
Buy
ROC
0.619
Buy
Bull/Bear Power(13)
0.0037
Buy
Buy: 9
Sell: 0
Neutral: 1


Summary:Strong Buy","Jun 17, 2021 06:35PM GMT"
usd_chf,0.9170 +0.0085    +0.94%,14:35:41,2021-06-17 18:36:10.296993,"Prev. Close: 0.9085
Bid/Ask: 0.9168 / 0.9172
Day's Range: 0.9076 - 0.9188",Strong Buy,"Summary:Strong Buy
Moving Averages:BuyBuy (10)Sell (2)
Technical Indicators:Strong BuyBuy (9)Sell (0)","Name
S3
S2
S1
Pivot Points
R1
R2
R3
Classic
0.9150
0.9160
0.9166
0.9176
0.9181
0.9192
0.9197
Fibonacci
0.9160
0.9166
0.9170
0.9176
0.9182
0.9186
0.9192
Camarilla
0.9167
0.9169
0.9170
0.9176
0.9173
0.9174
0.9176
Woodie's
0.9148
0.9159
0.9164
0.9175
0.9179
0.9191
0.9195
DeMark's
-
-
0.9163
0.9175
0.9179
-
-","Technical IndicatorsJun 17, 2021 06:33PM GMT
Name
Value
Action
RSI(14)
74.736
Buy
STOCH(9,6)
76.673
Buy
STOCHRSI(14)
6.482
Oversold
MACD(12,26)
0.004
Buy
ADX(14)
32.108
Buy
Williams %R
-16.364
Overbought
CCI(14)
90.3309
Buy
ATR(14)
0.0018
High Volatility
Highs/Lows(14)
0.0017
Buy
Ultimate Oscillator
65.830
Buy
ROC
0.947
Buy
Bull/Bear Power(13)
0.0042
Buy
Buy: 9
Sell: 0
Neutral: 0


Summary:Strong Buy","Jun 17, 2021 06:33PM GMT"
nzd_chf,0.6428 +0.0024    +0.37%,14:35:39,2021-06-17 18:36:10.299781,"Prev. Close: 0.6404
Bid/Ask: 0.6426 / 0.6430
Day's Range: 0.6406 - 0.6453",Neutral,"Summary:Neutral
Moving Averages:BuyBuy (9)Sell (3)
Technical Indicators:SellBuy (1)Sell (5)","Name
S3
S2
S1
Pivot Points
R1
R2
R3
Classic
0.6420
0.6422
0.6425
0.6428
0.6431
0.6434
0.6437
Fibonacci
0.6422
0.6425
0.6426
0.6428
0.6430
0.6431
0.6434
Camarilla
0.6426
0.6427
0.6427
0.6428
0.6429
0.6429
0.6430
Woodie's
0.6420
0.6422
0.6425
0.6428
0.6431
0.6434
0.6437
DeMark's
-
-
0.6426
0.6429
0.6432
-
-","Technical IndicatorsJun 17, 2021 06:35PM GMT
Name
Value
Action
RSI(14)
51.526
Neutral
STOCH(9,6)
43.026
Sell
STOCHRSI(14)
47.302
Neutral
MACD(12,26)
0.000
Buy
ADX(14)
25.141
Sell
Williams %R
-53.763
Neutral
CCI(14)
-19.6490
Neutral
ATR(14)
0.0012
Less Volatility
Highs/Lows(14)
0.0000
Neutral
Ultimate Oscillator
48.869
Sell
ROC
-0.179
Sell
Bull/Bear Power(13)
-0.0005
Sell
Buy: 1
Sell: 5
Neutral: 5


Summary:Sell","Jun 17, 2021 06:35PM GMT"
usd_cny,6.4484 +0.0515    +0.80%,11:27:22,2021-06-17 18:36:10.302559,"Prev. Close: 6.3969
Bid/Ask: 6.4477 / 6.4490
Day's Range: 6.3972 - 6.4494",Strong Buy,"Summary:Strong Buy
Moving Averages:BuyBuy (12)Sell (0)
Technical Indicators:Strong BuyBuy (7)Sell (0)","Name
S3
S2
S1
Pivot Points
R1
R2
R3
Classic
6.4380
6.4399
6.4436
6.4455
6.4492
6.4511
6.4548
Fibonacci
6.4399
6.4420
6.4434
6.4455
6.4476
6.4490
6.4511
Camarilla
6.4458
6.4463
6.4468
6.4455
6.4479
6.4484
6.4489
Woodie's
6.4390
6.4404
6.4446
6.4460
6.4502
6.4516
6.4558
DeMark's
-
-
6.4446
6.4460
6.4502
-
-","Technical IndicatorsJun 17, 2021 03:34PM GMT
Name
Value
Action
RSI(14)
85.433
Overbought
STOCH(9,6)
77.649
Buy
STOCHRSI(14)
100.000
Overbought
MACD(12,26)
0.011
Buy
ADX(14)
61.337
Buy
Williams %R
-3.426
Overbought
CCI(14)
151.8010
Buy
ATR(14)
0.0041
Less Volatility
Highs/Lows(14)
0.0141
Buy
Ultimate Oscillator
82.973
Overbought
ROC
0.391
Buy
Bull/Bear Power(13)
0.0286
Buy
Buy: 7
Sell: 0
Neutral: 0


Summary:Strong Buy","Jun 17, 2021 03:34PM GMT"
usd_hkd,7.7649 +0.0019    +0.02%,14:35:28,2021-06-17 18:36:10.305320,"Prev. Close: 7.7630
Bid/Ask: 7.7648 / 7.7649
Day's Range: 7.7625 - 7.7656",Strong Buy,"Summary:Strong Buy
Moving Averages:BuyBuy (12)Sell (0)
Technical Indicators:Strong BuyBuy (7)Sell (3)","Name
S3
S2
S1
Pivot Points
R1
R2
R3
Classic
7.7636
7.7639
7.7643
7.7646
7.7650
7.7653
7.7657
Fibonacci
7.7639
7.7642
7.7643
7.7646
7.7649
7.7650
7.7653
Camarilla
7.7646
7.7646
7.7647
7.7646
7.7648
7.7649
7.7649
Woodie's
7.7636
7.7639
7.7643
7.7646
7.7650
7.7653
7.7657
DeMark's
-
-
7.7644
7.7646
7.7651
-
-","Technical IndicatorsJun 17, 2021 06:35PM GMT
Name
Value
Action
RSI(14)
57.948
Buy
STOCH(9,6)
32.898
Sell
STOCHRSI(14)
35.095
Sell
MACD(12,26)
0.000
Buy
ADX(14)
42.016
Buy
Williams %R
-36.838
Buy
CCI(14)
74.7187
Buy
ATR(14)
0.0009
Less Volatility
Highs/Lows(14)
0.0000
Neutral
Ultimate Oscillator
44.150
Sell
ROC
0.010
Buy
Bull/Bear Power(13)
0.0016
Buy
Buy: 7
Sell: 3
Neutral: 1


Summary:Strong Buy","Jun 17, 2021 06:35PM GMT"
eur_usd,1.1917 -0.0077    -0.64%,14:36:47,2021-06-17 18:37:09.934719,"Prev. Close: 1.1994
Bid/Ask: 1.1915 / 1.1919
Day's Range: 1.1892 - 1.2007",Strong Sell,"Summary:Strong Sell
Moving Averages:SellBuy (2)Sell (10)
Technical Indicators:Strong SellBuy (0)Sell (9)","Name
S3
S2
S1
Pivot Points
R1
R2
R3
Classic
1.1880
1.1888
1.1902
1.1910
1.1924
1.1932
1.1946
Fibonacci
1.1888
1.1896
1.1902
1.1910
1.1918
1.1924
1.1932
Camarilla
1.1910
1.1912
1.1914
1.1910
1.1918
1.1920
1.1922
Woodie's
1.1882
1.1889
1.1904
1.1911
1.1926
1.1933
1.1948
DeMark's
-
-
1.1906
1.1912
1.1928
-
-","Technical IndicatorsJun 17, 2021 06:35PM GMT
Name
Value
Action
RSI(14)
28.269
Sell
STOCH(9,6)
29.825
Sell
STOCHRSI(14)
100.000
Overbought
MACD(12,26)
-0.004
Sell
ADX(14)
30.965
Neutral
Williams %R
-78.166
Sell
CCI(14)
-87.5903
Sell
ATR(14)
0.0022
High Volatility
Highs/Lows(14)
-0.0014
Sell
Ultimate Oscillator
36.407
Sell
ROC
-0.700
Sell
Bull/Bear Power(13)
-0.0044
Sell
Buy: 0
Sell: 9
Neutral: 1


Summary:Strong Sell","Jun 17, 2021 06:35PM GMT"
gbp_usd,1.3929 -0.0058    -0.41%,14:36:47,2021-06-17 18:37:09.938215,"Prev. Close: 1.3987
Bid/Ask: 1.3927 / 1.3931
Day's Range: 1.3896 - 1.4010",Strong Sell,"Summary:Strong Sell
Moving Averages:SellBuy (2)Sell (10)
Technical Indicators:Strong SellBuy (1)Sell (9)","Name
S3
S2
S1
Pivot Points
R1
R2
R3
Classic
1.3876
1.3886
1.3905
1.3915
1.3934
1.3944
1.3963
Fibonacci
1.3886
1.3897
1.3904
1.3915
1.3926
1.3933
1.3944
Camarilla
1.3917
1.3920
1.3922
1.3915
1.3928
1.3930
1.3933
Woodie's
1.3882
1.3889
1.3911
1.3918
1.3940
1.3947
1.3969
DeMark's
-
-
1.3910
1.3918
1.3939
-
-","Technical IndicatorsJun 17, 2021 06:35PM GMT
Name
Value
Action
RSI(14)
36.826
Sell
STOCH(9,6)
30.817
Sell
STOCHRSI(14)
95.293
Overbought
MACD(12,26)
-0.003
Sell
ADX(14)
39.537
Buy
Williams %R
-70.484
Sell
CCI(14)
-75.6832
Sell
ATR(14)
0.0027
High Volatility
Highs/Lows(14)
-0.0011
Sell
Ultimate Oscillator
37.532
Sell
ROC
-0.493
Sell
Bull/Bear Power(13)
-0.0025
Sell
Buy: 1
Sell: 9
Neutral: 0


Summary:Strong Sell","Jun 17, 2021 06:35PM GMT"
usd_jpy,110.23 -0.47    -0.42%,14:36:31,2021-06-17 18:37:09.941076,"Prev. Close: 110.69
Bid/Ask: 110.22 / 110.23
Day's Range: 110.17 - 110.83",Strong Sell,"Summary:Strong Sell
Moving Averages:SellBuy (4)Sell (8)
Technical Indicators:Strong SellBuy (0)Sell (8)","Name
S3
S2
S1
Pivot Points
R1
R2
R3
Classic
110.03
110.11
110.16
110.24
110.29
110.37
110.41
Fibonacci
110.11
110.16
110.19
110.24
110.29
110.32
110.37
Camarilla
110.18
110.19
110.20
110.24
110.23
110.24
110.25
Woodie's
110.03
110.11
110.16
110.24
110.29
110.37
110.41
DeMark's
-
-
110.14
110.23
110.27
-
-","Technical IndicatorsJun 17, 2021 06:35PM GMT
Name
Value
Action
RSI(14)
40.084
Sell
STOCH(9,6)
19.608
Oversold
STOCHRSI(14)
6.631
Oversold
MACD(12,26)
-0.010
Sell
ADX(14)
35.350
Sell
Williams %R
-89.075
Oversold
CCI(14)
-120.4152
Sell
ATR(14)
0.1325
High Volatility
Highs/Lows(14)
-0.2057
Sell
Ultimate Oscillator
38.733
Sell
ROC
-0.398
Sell
Bull/Bear Power(13)
-0.4140
Sell
Buy: 0
Sell: 8
Neutral: 0


Summary:Strong Sell","Jun 17, 2021 06:35PM GMT"
aud_usd,0.7556 -0.0054    -0.71%,14:36:47,2021-06-17 18:37:09.943861,"Prev. Close: 0.7610
Bid/Ask: 0.7555 / 0.7557
Day's Range: 0.7540 - 0.7646",Strong Sell,"Summary:Strong Sell
Moving Averages:SellBuy (1)Sell (11)
Technical Indicators:Strong SellBuy (1)Sell (8)","Name
S3
S2
S1
Pivot Points
R1
R2
R3
Classic
0.7531
0.7537
0.7548
0.7554
0.7565
0.7571
0.7582
Fibonacci
0.7537
0.7543
0.7548
0.7554
0.7560
0.7565
0.7571
Camarilla
0.7553
0.7555
0.7556
0.7554
0.7560
0.7561
0.7563
Woodie's
0.7533
0.7538
0.7550
0.7555
0.7567
0.7572
0.7584
DeMark's
-
-
0.7551
0.7555
0.7568
-
-","Technical IndicatorsJun 17, 2021 06:35PM GMT
Name
Value
Action
RSI(14)
28.064
Sell
STOCH(9,6)
22.776
Sell
STOCHRSI(14)
55.323
Buy
MACD(12,26)
-0.003
Sell
ADX(14)
42.795
Sell
Williams %R
-82.292
Oversold
CCI(14)
-79.4946
Sell
ATR(14)
0.0018
Less Volatility
Highs/Lows(14)
-0.0018
Sell
Ultimate Oscillator
29.457
Oversold
ROC
-0.957
Sell
Bull/Bear Power(13)
-0.0024
Sell
Buy: 1
Sell: 8
Neutral: 0


Summary:Strong Sell","Jun 17, 2021 06:35PM GMT"
eur_gbp,0.8556 -0.0018    -0.20%,14:36:52,2021-06-17 18:37:09.946641,"Prev. Close: 0.8573
Bid/Ask: 0.8553 / 0.8558
Day's Range: 0.8542 - 0.8580",Strong Sell,"Summary:Strong Sell
Moving Averages:Strong SellBuy (0)Sell (12)
Technical Indicators:Strong SellBuy (2)Sell (7)","Name
S3
S2
S1
Pivot Points
R1
R2
R3
Classic
0.8547
0.8552
0.8555
0.8560
0.8562
0.8568
0.8570
Fibonacci
0.8552
0.8555
0.8557
0.8560
0.8563
0.8565
0.8568
Camarilla
0.8555
0.8556
0.8557
0.8560
0.8558
0.8559
0.8560
Woodie's
0.8547
0.8552
0.8555
0.8560
0.8562
0.8568
0.8570
DeMark's
-
-
0.8554
0.8559
0.8561
-
-","Technical IndicatorsJun 17, 2021 06:35PM GMT
Name
Value
Action
RSI(14)
37.465
Sell
STOCH(9,6)
50.526
Neutral
STOCHRSI(14)
69.438
Buy
MACD(12,26)
-0.001
Sell
ADX(14)
35.370
Sell
Williams %R
-61.195
Sell
CCI(14)
-51.7263
Sell
ATR(14)
0.0011
High Volatility
Highs/Lows(14)
0.0000
Neutral
Ultimate Oscillator
52.515
Buy
ROC
-0.222
Sell
Bull/Bear Power(13)
-0.0008
Sell
Buy: 2
Sell: 7
Neutral: 2


Summary:Strong Sell","Jun 17, 2021 06:35PM GMT"
usd_cad,1.2345 +0.0069    +0.56%,14:36:46,2021-06-17 18:37:09.949390,"Prev. Close: 1.2276
Bid/Ask: 1.2343 / 1.2347
Day's Range: 1.2261 - 1.2378",Strong Buy,"Summary:Strong Buy
Moving Averages:BuyBuy (10)Sell (2)
Technical Indicators:Strong BuyBuy (9)Sell (0)","Name
S3
S2
S1
Pivot Points
R1
R2
R3
Classic
1.2321
1.2330
1.2342
1.2351
1.2363
1.2372
1.2384
Fibonacci
1.2330
1.2338
1.2343
1.2351
1.2359
1.2364
1.2372
Camarilla
1.2347
1.2349
1.2351
1.2351
1.2355
1.2357
1.2359
Woodie's
1.2321
1.2330
1.2342
1.2351
1.2363
1.2372
1.2384
DeMark's
-
-
1.2336
1.2348
1.2357
-
-","Technical IndicatorsJun 17, 2021 06:35PM GMT
Name
Value
Action
RSI(14)
67.884
Buy
STOCH(9,6)
65.650
Buy
STOCHRSI(14)
23.686
Oversold
MACD(12,26)
0.003
Buy
ADX(14)
33.242
Neutral
Williams %R
-27.468
Buy
CCI(14)
90.2082
Buy
ATR(14)
0.0026
High Volatility
Highs/Lows(14)
0.0013
Buy
Ultimate Oscillator
68.324
Buy
ROC
0.619
Buy
Bull/Bear Power(13)
0.0037
Buy
Buy: 9
Sell: 0
Neutral: 1


Summary:Strong Buy","Jun 17, 2021 06:35PM GMT"
usd_chf,0.9170 +0.0085    +0.94%,14:36:43,2021-06-17 18:37:09.952159,"Prev. Close: 0.9085
Bid/Ask: 0.9168 / 0.9172
Day's Range: 0.9076 - 0.9188",Strong Buy,"Summary:Strong Buy
Moving Averages:BuyBuy (12)Sell (0)
Technical Indicators:Strong BuyBuy (8)Sell (0)","Name
S3
S2
S1
Pivot Points
R1
R2
R3
Classic
0.9150
0.9160
0.9166
0.9176
0.9181
0.9192
0.9197
Fibonacci
0.9160
0.9166
0.9170
0.9176
0.9182
0.9186
0.9192
Camarilla
0.9167
0.9169
0.9170
0.9176
0.9173
0.9174
0.9176
Woodie's
0.9148
0.9159
0.9164
0.9175
0.9179
0.9191
0.9195
DeMark's
-
-
0.9163
0.9175
0.9179
-
-","Technical IndicatorsJun 17, 2021 06:35PM GMT
Name
Value
Action
RSI(14)
75.352
Overbought
STOCH(9,6)
76.981
Buy
STOCHRSI(14)
11.190
Oversold
MACD(12,26)
0.004
Buy
ADX(14)
32.108
Buy
Williams %R
-15.454
Overbought
CCI(14)
91.1738
Buy
ATR(14)
0.0018
High Volatility
Highs/Lows(14)
0.0018
Buy
Ultimate Oscillator
66.446
Buy
ROC
0.958
Buy
Bull/Bear Power(13)
0.0042
Buy
Buy: 8
Sell: 0
Neutral: 0


Summary:Strong Buy","Jun 17, 2021 06:35PM GMT"
nzd_chf,0.6428 +0.0024    +0.37%,14:36:51,2021-06-17 18:37:09.954928,"Prev. Close: 0.6404
Bid/Ask: 0.6425 / 0.6430
Day's Range: 0.6406 - 0.6453",Neutral,"Summary:Neutral
Moving Averages:BuyBuy (9)Sell (3)
Technical Indicators:SellBuy (1)Sell (5)","Name
S3
S2
S1
Pivot Points
R1
R2
R3
Classic
0.6420
0.6422
0.6425
0.6428
0.6431
0.6434
0.6437
Fibonacci
0.6422
0.6425
0.6426
0.6428
0.6430
0.6431
0.6434
Camarilla
0.6426
0.6427
0.6427
0.6428
0.6429
0.6429
0.6430
Woodie's
0.6420
0.6422
0.6425
0.6428
0.6431
0.6434
0.6437
DeMark's
-
-
0.6426
0.6429
0.6432
-
-","Technical IndicatorsJun 17, 2021 06:35PM GMT
Name
Value
Action
RSI(14)
51.526
Neutral
STOCH(9,6)
43.026
Sell
STOCHRSI(14)
47.302
Neutral
MACD(12,26)
0.000
Buy
ADX(14)
25.141
Sell
Williams %R
-53.763
Neutral
CCI(14)
-19.6490
Neutral
ATR(14)
0.0012
Less Volatility
Highs/Lows(14)
0.0000
Neutral
Ultimate Oscillator
48.869
Sell
ROC
-0.179
Sell
Bull/Bear Power(13)
-0.0005
Sell
Buy: 1
Sell: 5
Neutral: 5


Summary:Sell","Jun 17, 2021 06:35PM GMT"
usd_cny,6.4484 +0.0515    +0.80%,11:27:22,2021-06-17 18:37:09.957660,"Prev. Close: 6.3969
Bid/Ask: 6.4477 / 6.4490
Day's Range: 6.3972 - 6.4494",Strong Buy,"Summary:Strong Buy
Moving Averages:BuyBuy (12)Sell (0)
Technical Indicators:Strong BuyBuy (7)Sell (0)","Name
S3
S2
S1
Pivot Points
R1
R2
R3
Classic
6.4380
6.4399
6.4436
6.4455
6.4492
6.4511
6.4548
Fibonacci
6.4399
6.4420
6.4434
6.4455
6.4476
6.4490
6.4511
Camarilla
6.4458
6.4463
6.4468
6.4455
6.4479
6.4484
6.4489
Woodie's
6.4390
6.4404
6.4446
6.4460
6.4502
6.4516
6.4558
DeMark's
-
-
6.4446
6.4460
6.4502
-
-","Technical IndicatorsJun 17, 2021 03:34PM GMT
Name
Value
Action
RSI(14)
85.433
Overbought
STOCH(9,6)
77.649
Buy
STOCHRSI(14)
100.000
Overbought
MACD(12,26)
0.011
Buy
ADX(14)
61.337
Buy
Williams %R
-3.426
Overbought
CCI(14)
151.8010
Buy
ATR(14)
0.0041
Less Volatility
Highs/Lows(14)
0.0141
Buy
Ultimate Oscillator
82.973
Overbought
ROC
0.391
Buy
Bull/Bear Power(13)
0.0286
Buy
Buy: 7
Sell: 0
Neutral: 0


Summary:Strong Buy","Jun 17, 2021 03:34PM GMT"
usd_hkd,7.7648 +0.0018    +0.02%,14:36:46,2021-06-17 18:37:09.960409,"Prev. Close: 7.7630
Bid/Ask: 7.7647 / 7.7648
Day's Range: 7.7625 - 7.7656",Strong Buy,"Summary:Strong Buy
Moving Averages:BuyBuy (12)Sell (0)
Technical Indicators:Strong BuyBuy (7)Sell (3)","Name
S3
S2
S1
Pivot Points
R1
R2
R3
Classic
7.7636
7.7639
7.7643
7.7646
7.7650
7.7653
7.7657
Fibonacci
7.7639
7.7642
7.7643
7.7646
7.7649
7.7650
7.7653
Camarilla
7.7646
7.7646
7.7647
7.7646
7.7648
7.7649
7.7649
Woodie's
7.7636
7.7639
7.7643
7.7646
7.7650
7.7653
7.7657
DeMark's
-
-
7.7644
7.7646
7.7651
-
-","Technical IndicatorsJun 17, 2021 06:35PM GMT
Name
Value
Action
RSI(14)
57.948
Buy
STOCH(9,6)
32.898
Sell
STOCHRSI(14)
35.095
Sell
MACD(12,26)
0.000
Buy
ADX(14)
42.016
Buy
Williams %R
-36.838
Buy
CCI(14)
74.7187
Buy
ATR(14)
0.0009
Less Volatility
Highs/Lows(14)
0.0000
Neutral
Ultimate Oscillator
44.150
Sell
ROC
0.010
Buy
Bull/Bear Power(13)
0.0016
Buy
Buy: 7
Sell: 3
Neutral: 1


Summary:Strong Buy","Jun 17, 2021 06:35PM GMT"
eur_usd,1.1918 -0.0076    -0.64%,,2021-06-17 18:38:09.750395,"Prev. Close: 1.1994
Bid/Ask: 1.1917 / 1.1918
Day's Range: 1.1892 - 1.2007",Strong Sell,"Summary:Strong Sell
Moving Averages:SellBuy (2)Sell (10)
Technical Indicators:Strong SellBuy (0)Sell (9)","Name
S3
S2
S1
Pivot Points
R1
R2
R3
Classic
1.1880
1.1888
1.1902
1.1910
1.1924
1.1932
1.1946
Fibonacci
1.1888
1.1896
1.1902
1.1910
1.1918
1.1924
1.1932
Camarilla
1.1910
1.1912
1.1914
1.1910
1.1918
1.1920
1.1922
Woodie's
1.1882
1.1889
1.1904
1.1911
1.1926
1.1933
1.1948
DeMark's
-
-
1.1906
1.1912
1.1928
-
-","Technical IndicatorsJun 17, 2021 06:35PM GMT
Name
Value
Action
RSI(14)
28.269
Sell
STOCH(9,6)
29.825
Sell
STOCHRSI(14)
100.000
Overbought
MACD(12,26)
-0.004
Sell
ADX(14)
30.965
Neutral
Williams %R
-78.166
Sell
CCI(14)
-87.5903
Sell
ATR(14)
0.0022
High Volatility
Highs/Lows(14)
-0.0014
Sell
Ultimate Oscillator
36.407
Sell
ROC
-0.700
Sell
Bull/Bear Power(13)
-0.0044
Sell
Buy: 0
Sell: 9
Neutral: 1


Summary:Strong Sell","Jun 17, 2021 06:35PM GMT"
gbp_usd,1.3930 -0.0057    -0.41%,14:37:31,2021-06-17 18:38:09.753917,"Prev. Close: 1.3987
Bid/Ask: 1.3928 / 1.3932
Day's Range: 1.3896 - 1.4010",Strong Sell,"Summary:Strong Sell
Moving Averages:SellBuy (2)Sell (10)
Technical Indicators:Strong SellBuy (1)Sell (9)","Name
S3
S2
S1
Pivot Points
R1
R2
R3
Classic
1.3876
1.3886
1.3905
1.3915
1.3934
1.3944
1.3963
Fibonacci
1.3886
1.3897
1.3904
1.3915
1.3926
1.3933
1.3944
Camarilla
1.3917
1.3920
1.3922
1.3915
1.3928
1.3930
1.3933
Woodie's
1.3882
1.3889
1.3911
1.3918
1.3940
1.3947
1.3969
DeMark's
-
-
1.3910
1.3918
1.3939
-
-","Technical IndicatorsJun 17, 2021 06:37PM GMT
Name
Value
Action
RSI(14)
36.987
Sell
STOCH(9,6)
30.921
Sell
STOCHRSI(14)
96.416
Overbought
MACD(12,26)
-0.003
Sell
ADX(14)
39.537
Buy
Williams %R
-70.044
Sell
CCI(14)
-75.2900
Sell
ATR(14)
0.0027
High Volatility
Highs/Lows(14)
-0.0011
Sell
Ultimate Oscillator
37.718
Sell
ROC
-0.489
Sell
Bull/Bear Power(13)
-0.0025
Sell
Buy: 1
Sell: 9
Neutral: 0


Summary:Strong Sell","Jun 17, 2021 06:37PM GMT"
usd_jpy,110.24 -0.46    -0.41%,14:37:40,2021-06-17 18:38:09.756810,"Prev. Close: 110.69
Bid/Ask: 110.22 / 110.25
Day's Range: 110.17 - 110.83",Strong Sell,"Summary:Strong Sell
Moving Averages:SellBuy (4)Sell (8)
Technical Indicators:Strong SellBuy (0)Sell (8)","Name
S3
S2
S1
Pivot Points
R1
R2
R3
Classic
110.03
110.11
110.16
110.24
110.29
110.37
110.41
Fibonacci
110.11
110.16
110.19
110.24
110.29
110.32
110.37
Camarilla
110.18
110.19
110.20
110.24
110.23
110.24
110.25
Woodie's
110.03
110.11
110.16
110.24
110.29
110.37
110.41
DeMark's
-
-
110.14
110.23
110.27
-
-","Technical IndicatorsJun 17, 2021 06:37PM GMT
Name
Value
Action
RSI(14)
39.461
Sell
STOCH(9,6)
19.328
Oversold
STOCHRSI(14)
4.361
Oversold
MACD(12,26)
-0.010
Sell
ADX(14)
35.350
Sell
Williams %R
-90.756
Oversold
CCI(14)
-121.5322
Sell
ATR(14)
0.1325
High Volatility
Highs/Lows(14)
-0.2157
Sell
Ultimate Oscillator
38.038
Sell
ROC
-0.407
Sell
Bull/Bear Power(13)
-0.4100
Sell
Buy: 0
Sell: 8
Neutral: 0


Summary:Strong Sell","Jun 17, 2021 06:37PM GMT"
aud_usd,0.7556 -0.0054    -0.71%,,2021-06-17 18:38:09.759591,"Prev. Close: 0.7610
Bid/Ask: 0.7555 / 0.7557
Day's Range: 0.7540 - 0.7646",Strong Sell,"Summary:Strong Sell
Moving Averages:Strong SellBuy (0)Sell (12)
Technical Indicators:Strong SellBuy (0)Sell (8)","Name
S3
S2
S1
Pivot Points
R1
R2
R3
Classic
0.7531
0.7537
0.7548
0.7554
0.7565
0.7571
0.7582
Fibonacci
0.7537
0.7543
0.7548
0.7554
0.7560
0.7565
0.7571
Camarilla
0.7553
0.7555
0.7556
0.7554
0.7560
0.7561
0.7563
Woodie's
0.7533
0.7538
0.7550
0.7555
0.7567
0.7572
0.7584
DeMark's
-
-
0.7551
0.7555
0.7568
-
-","Technical IndicatorsJun 17, 2021 06:37PM GMT
Name
Value
Action
RSI(14)
27.939
Sell
STOCH(9,6)
22.633
Sell
STOCHRSI(14)
54.627
Neutral
MACD(12,26)
-0.003
Sell
ADX(14)
42.795
Sell
Williams %R
-82.813
Oversold
CCI(14)
-79.9042
Sell
ATR(14)
0.0018
Less Volatility
Highs/Lows(14)
-0.0018
Sell
Ultimate Oscillator
29.160
Oversold
ROC
-0.963
Sell
Bull/Bear Power(13)
-0.0024
Sell
Buy: 0
Sell: 8
Neutral: 1


Summary:Strong Sell","Jun 17, 2021 06:37PM GMT"
eur_gbp,0.8556 -0.0018    -0.20%,14:37:42,2021-06-17 18:38:09.762338,"Prev. Close: 0.8573
Bid/Ask: 0.8555 / 0.8556
Day's Range: 0.8542 - 0.8580",Strong Sell,"Summary:Strong Sell
Moving Averages:Strong SellBuy (0)Sell (12)
Technical Indicators:Strong SellBuy (2)Sell (6)","Name
S3
S2
S1
Pivot Points
R1
R2
R3
Classic
0.8547
0.8552
0.8555
0.8560
0.8562
0.8568
0.8570
Fibonacci
0.8552
0.8555
0.8557
0.8560
0.8563
0.8565
0.8568
Camarilla
0.8555
0.8556
0.8557
0.8560
0.8558
0.8559
0.8560
Woodie's
0.8547
0.8552
0.8555
0.8560
0.8562
0.8568
0.8570
DeMark's
-
-
0.8554
0.8559
0.8561
-
-","Technical IndicatorsJun 17, 2021 06:37PM GMT
Name
Value
Action
RSI(14)
38.147
Sell
STOCH(9,6)
51.143
Neutral
STOCHRSI(14)
72.397
Buy
MACD(12,26)
-0.001
Sell
ADX(14)
35.370
Sell
Williams %R
-58.209
Sell
CCI(14)
-47.3473
Neutral
ATR(14)
0.0011
High Volatility
Highs/Lows(14)
0.0000
Neutral
Ultimate Oscillator
53.454
Buy
ROC
-0.210
Sell
Bull/Bear Power(13)
-0.0008
Sell
Buy: 2
Sell: 6
Neutral: 3


Summary:Strong Sell","Jun 17, 2021 06:37PM GMT"
usd_cad,1.2347 +0.0070    +0.57%,,2021-06-17 18:38:09.765107,"Prev. Close: 1.2276
Bid/Ask: 1.2346 / 1.2347
Day's Range: 1.2261 - 1.2378",Strong Buy,"Summary:Strong Buy
Moving Averages:BuyBuy (10)Sell (2)
Technical Indicators:Strong BuyBuy (9)Sell (0)","Name
S3
S2
S1
Pivot Points
R1
R2
R3
Classic
1.2321
1.2330
1.2342
1.2351
1.2363
1.2372
1.2384
Fibonacci
1.2330
1.2338
1.2343
1.2351
1.2359
1.2364
1.2372
Camarilla
1.2347
1.2349
1.2351
1.2351
1.2355
1.2357
1.2359
Woodie's
1.2321
1.2330
1.2342
1.2351
1.2363
1.2372
1.2384
DeMark's
-
-
1.2336
1.2348
1.2357
-
-","Technical IndicatorsJun 17, 2021 06:35PM GMT
Name
Value
Action
RSI(14)
67.884
Buy
STOCH(9,6)
65.650
Buy
STOCHRSI(14)
23.686
Oversold
MACD(12,26)
0.003
Buy
ADX(14)
33.242
Neutral
Williams %R
-27.468
Buy
CCI(14)
90.2082
Buy
ATR(14)
0.0026
High Volatility
Highs/Lows(14)
0.0013
Buy
Ultimate Oscillator
68.324
Buy
ROC
0.619
Buy
Bull/Bear Power(13)
0.0037
Buy
Buy: 9
Sell: 0
Neutral: 1


Summary:Strong Buy","Jun 17, 2021 06:35PM GMT"
usd_chf,0.9170 +0.0084    +0.93%,14:37:42,2021-06-17 18:38:09.767864,"Prev. Close: 0.9085
Bid/Ask: 0.9169 / 0.9170
Day's Range: 0.9076 - 0.9188",Strong Buy,"Summary:Strong Buy
Moving Averages:BuyBuy (10)Sell (2)
Technical Indicators:Strong BuyBuy (9)Sell (0)","Name
S3
S2
S1
Pivot Points
R1
R2
R3
Classic
0.9150
0.9160
0.9166
0.9176
0.9181
0.9192
0.9197
Fibonacci
0.9160
0.9166
0.9170
0.9176
0.9182
0.9186
0.9192
Camarilla
0.9167
0.9169
0.9170
0.9176
0.9173
0.9174
0.9176
Woodie's
0.9148
0.9159
0.9164
0.9175
0.9179
0.9191
0.9195
DeMark's
-
-
0.9163
0.9175
0.9179
-
-","Technical IndicatorsJun 17, 2021 06:37PM GMT
Name
Value
Action
RSI(14)
74.129
Buy
STOCH(9,6)
76.364
Buy
STOCHRSI(14)
1.842
Oversold
MACD(12,26)
0.004
Buy
ADX(14)
32.108
Buy
Williams %R
-17.273
Overbought
CCI(14)
89.4863
Buy
ATR(14)
0.0018
High Volatility
Highs/Lows(14)
0.0016
Buy
Ultimate Oscillator
65.214
Buy
ROC
0.936
Buy
Bull/Bear Power(13)
0.0042
Buy
Buy: 9
Sell: 0
Neutral: 0


Summary:Strong Buy","Jun 17, 2021 06:37PM GMT"
nzd_chf,0.6426 +0.0022    +0.34%,14:37:42,2021-06-17 18:38:09.770616,"Prev. Close: 0.6404
Bid/Ask: 0.6423 / 0.6428
Day's Range: 0.6406 - 0.6453",Sell,"Summary:Sell
Moving Averages:NeutralBuy (6)Sell (6)
Technical Indicators:Strong SellBuy (1)Sell (7)","Name
S3
S2
S1
Pivot Points
R1
R2
R3
Classic
0.6420
0.6422
0.6425
0.6428
0.6431
0.6434
0.6437
Fibonacci
0.6422
0.6425
0.6426
0.6428
0.6430
0.6431
0.6434
Camarilla
0.6426
0.6427
0.6427
0.6428
0.6429
0.6429
0.6430
Woodie's
0.6420
0.6422
0.6425
0.6428
0.6431
0.6434
0.6437
DeMark's
-
-
0.6426
0.6429
0.6432
-
-","Technical IndicatorsJun 17, 2021 06:37PM GMT
Name
Value
Action
RSI(14)
50.463
Neutral
STOCH(9,6)
42.368
Sell
STOCHRSI(14)
43.227
Sell
MACD(12,26)
0.000
Buy
ADX(14)
25.141
Sell
Williams %R
-56.990
Sell
CCI(14)
-23.2420
Neutral
ATR(14)
0.0012
Less Volatility
Highs/Lows(14)
0.0000
Neutral
Ultimate Oscillator
47.441
Sell
ROC
-0.202
Sell
Bull/Bear Power(13)
-0.0005
Sell
Buy: 1
Sell: 7
Neutral: 3


Summary:Strong Sell","Jun 17, 2021 06:37PM GMT"
usd_cny,6.4484 +0.0515    +0.80%,11:27:22,2021-06-17 18:38:09.773350,"Prev. Close: 6.3969
Bid/Ask: 6.4477 / 6.4490
Day's Range: 6.3972 - 6.4494",Strong Buy,"Summary:Strong Buy
Moving Averages:BuyBuy (12)Sell (0)
Technical Indicators:Strong BuyBuy (7)Sell (0)","Name
S3
S2
S1
Pivot Points
R1
R2
R3
Classic
6.4380
6.4399
6.4436
6.4455
6.4492
6.4511
6.4548
Fibonacci
6.4399
6.4420
6.4434
6.4455
6.4476
6.4490
6.4511
Camarilla
6.4458
6.4463
6.4468
6.4455
6.4479
6.4484
6.4489
Woodie's
6.4390
6.4404
6.4446
6.4460
6.4502
6.4516
6.4558
DeMark's
-
-
6.4446
6.4460
6.4502
-
-","Technical IndicatorsJun 17, 2021 03:34PM GMT
Name
Value
Action
RSI(14)
85.433
Overbought
STOCH(9,6)
77.649
Buy
STOCHRSI(14)
100.000
Overbought
MACD(12,26)
0.011
Buy
ADX(14)
61.337
Buy
Williams %R
-3.426
Overbought
CCI(14)
151.8010
Buy
ATR(14)
0.0041
Less Volatility
Highs/Lows(14)
0.0141
Buy
Ultimate Oscillator
82.973
Overbought
ROC
0.391
Buy
Bull/Bear Power(13)
0.0286
Buy
Buy: 7
Sell: 0
Neutral: 0


Summary:Strong Buy","Jun 17, 2021 03:34PM GMT"
usd_hkd,7.7649 +0.0019    +0.02%,14:37:28,2021-06-17 18:38:09.776103,"Prev. Close: 7.7630
Bid/Ask: 7.7648 / 7.7649
Day's Range: 7.7625 - 7.7656",Strong Buy,"Summary:Strong Buy
Moving Averages:BuyBuy (12)Sell (0)
Technical Indicators:Strong BuyBuy (7)Sell (3)","Name
S3
S2
S1
Pivot Points
R1
R2
R3
Classic
7.7636
7.7639
7.7643
7.7646
7.7650
7.7653
7.7657
Fibonacci
7.7639
7.7642
7.7643
7.7646
7.7649
7.7650
7.7653
Camarilla
7.7646
7.7646
7.7647
7.7646
7.7648
7.7649
7.7649
Woodie's
7.7636
7.7639
7.7643
7.7646
7.7650
7.7653
7.7657
DeMark's
-
-
7.7644
7.7646
7.7651
-
-","Technical IndicatorsJun 17, 2021 06:37PM GMT
Name
Value
Action
RSI(14)
57.948
Buy
STOCH(9,6)
32.898
Sell
STOCHRSI(14)
35.095
Sell
MACD(12,26)
0.000
Buy
ADX(14)
42.016
Buy
Williams %R
-36.838
Buy
CCI(14)
74.7187
Buy
ATR(14)
0.0009
Less Volatility
Highs/Lows(14)
0.0000
Neutral
Ultimate Oscillator
44.150
Sell
ROC
0.010
Buy
Bull/Bear Power(13)
0.0016
Buy
Buy: 7
Sell: 3
Neutral: 1


Summary:Strong Buy","Jun 17, 2021 06:37PM GMT"
eur_usd,1.1918 -0.0076    -0.64%,14:38:30,2021-06-17 18:39:10.411340,"Prev. Close: 1.1994
Bid/Ask: 1.1917 / 1.1918
Day's Range: 1.1892 - 1.2007",Strong Sell,"Summary:Strong Sell
Moving Averages:SellBuy (2)Sell (10)
Technical Indicators:Strong SellBuy (0)Sell (9)","Name
S3
S2
S1
Pivot Points
R1
R2
R3
Classic
1.1880
1.1888
1.1902
1.1910
1.1924
1.1932
1.1946
Fibonacci
1.1888
1.1896
1.1902
1.1910
1.1918
1.1924
1.1932
Camarilla
1.1910
1.1912
1.1914
1.1910
1.1918
1.1920
1.1922
Woodie's
1.1882
1.1889
1.1904
1.1911
1.1926
1.1933
1.1948
DeMark's
-
-
1.1906
1.1912
1.1928
-
-","Technical IndicatorsJun 17, 2021 06:37PM GMT
Name
Value
Action
RSI(14)
28.517
Sell
STOCH(9,6)
29.962
Sell
STOCHRSI(14)
100.000
Overbought
MACD(12,26)
-0.004
Sell
ADX(14)
30.965
Neutral
Williams %R
-77.729
Sell
CCI(14)
-87.1414
Sell
ATR(14)
0.0022
High Volatility
Highs/Lows(14)
-0.0013
Sell
Ultimate Oscillator
36.659
Sell
ROC
-0.696
Sell
Bull/Bear Power(13)
-0.0044
Sell
Buy: 0
Sell: 9
Neutral: 1


Summary:Strong Sell","Jun 17, 2021 06:37PM GMT"
gbp_usd,1.3929 -0.0059    -0.42%,14:38:41,2021-06-17 18:39:10.414870,"Prev. Close: 1.3987
Bid/Ask: 1.3928 / 1.3929
Day's Range: 1.3896 - 1.4010",Strong Sell,"Summary:Strong Sell
Moving Averages:SellBuy (2)Sell (10)
Technical Indicators:Strong SellBuy (1)Sell (9)","Name
S3
S2
S1
Pivot Points
R1
R2
R3
Classic
1.3876
1.3886
1.3905
1.3915
1.3934
1.3944
1.3963
Fibonacci
1.3886
1.3897
1.3904
1.3915
1.3926
1.3933
1.3944
Camarilla
1.3917
1.3920
1.3922
1.3915
1.3928
1.3930
1.3933
Woodie's
1.3882
1.3889
1.3911
1.3918
1.3940
1.3947
1.3969
DeMark's
-
-
1.3910
1.3918
1.3939
-
-","Technical IndicatorsJun 17, 2021 06:37PM GMT
Name
Value
Action
RSI(14)
36.987
Sell
STOCH(9,6)
30.921
Sell
STOCHRSI(14)
96.416
Overbought
MACD(12,26)
-0.003
Sell
ADX(14)
39.537
Buy
Williams %R
-70.044
Sell
CCI(14)
-75.2900
Sell
ATR(14)
0.0027
High Volatility
Highs/Lows(14)
-0.0011
Sell
Ultimate Oscillator
37.718
Sell
ROC
-0.489
Sell
Bull/Bear Power(13)
-0.0025
Sell
Buy: 1
Sell: 9
Neutral: 0


Summary:Strong Sell","Jun 17, 2021 06:37PM GMT"
usd_jpy,110.23 -0.46    -0.42%,14:38:39,2021-06-17 18:39:10.417707,"Prev. Close: 110.69
Bid/Ask: 110.22 / 110.24
Day's Range: 110.17 - 110.83",Strong Sell,"Summary:Strong Sell
Moving Averages:SellBuy (4)Sell (8)
Technical Indicators:Strong SellBuy (0)Sell (8)","Name
S3
S2
S1
Pivot Points
R1
R2
R3
Classic
110.03
110.11
110.16
110.24
110.29
110.37
110.41
Fibonacci
110.11
110.16
110.19
110.24
110.29
110.32
110.37
Camarilla
110.18
110.19
110.20
110.24
110.23
110.24
110.25
Woodie's
110.03
110.11
110.16
110.24
110.29
110.37
110.41
DeMark's
-
-
110.14
110.23
110.27
-
-","Technical IndicatorsJun 17, 2021 06:37PM GMT
Name
Value
Action
RSI(14)
39.461
Sell
STOCH(9,6)
19.328
Oversold
STOCHRSI(14)
4.361
Oversold
MACD(12,26)
-0.010
Sell
ADX(14)
35.350
Sell
Williams %R
-90.756
Oversold
CCI(14)
-121.5322
Sell
ATR(14)
0.1325
High Volatility
Highs/Lows(14)
-0.2157
Sell
Ultimate Oscillator
38.038
Sell
ROC
-0.407
Sell
Bull/Bear Power(13)
-0.4100
Sell
Buy: 0
Sell: 8
Neutral: 0


Summary:Strong Sell","Jun 17, 2021 06:37PM GMT"
aud_usd,0.7555 -0.0056    -0.73%,14:38:54,2021-06-17 18:39:10.420482,"Prev. Close: 0.7610
Bid/Ask: 0.7554 / 0.7555
Day's Range: 0.7540 - 0.7646",Strong Sell,"Summary:Strong Sell
Moving Averages:Strong SellBuy (0)Sell (12)
Technical Indicators:Strong SellBuy (0)Sell (8)","Name
S3
S2
S1
Pivot Points
R1
R2
R3
Classic
0.7531
0.7537
0.7548
0.7554
0.7565
0.7571
0.7582
Fibonacci
0.7537
0.7543
0.7548
0.7554
0.7560
0.7565
0.7571
Camarilla
0.7553
0.7555
0.7556
0.7554
0.7560
0.7561
0.7563
Woodie's
0.7533
0.7538
0.7550
0.7555
0.7567
0.7572
0.7584
DeMark's
-
-
0.7551
0.7555
0.7568
-
-","Technical IndicatorsJun 17, 2021 06:37PM GMT
Name
Value
Action
RSI(14)
27.939
Sell
STOCH(9,6)
22.633
Sell
STOCHRSI(14)
54.627
Neutral
MACD(12,26)
-0.003
Sell
ADX(14)
42.795
Sell
Williams %R
-82.813
Oversold
CCI(14)
-79.9042
Sell
ATR(14)
0.0018
Less Volatility
Highs/Lows(14)
-0.0018
Sell
Ultimate Oscillator
29.160
Oversold
ROC
-0.963
Sell
Bull/Bear Power(13)
-0.0024
Sell
Buy: 0
Sell: 8
Neutral: 1


Summary:Strong Sell","Jun 17, 2021 06:37PM GMT"
eur_gbp,0.8557 -0.0016    -0.19%,14:38:52,2021-06-17 18:39:10.423248,"Prev. Close: 0.8573
Bid/Ask: 0.8554 / 0.8559
Day's Range: 0.8542 - 0.8580",Strong Sell,"Summary:Strong Sell
Moving Averages:Strong SellBuy (0)Sell (12)
Technical Indicators:Strong SellBuy (2)Sell (6)","Name
S3
S2
S1
Pivot Points
R1
R2
R3
Classic
0.8547
0.8552
0.8555
0.8560
0.8562
0.8568
0.8570
Fibonacci
0.8552
0.8555
0.8557
0.8560
0.8563
0.8565
0.8568
Camarilla
0.8555
0.8556
0.8557
0.8560
0.8558
0.8559
0.8560
Woodie's
0.8547
0.8552
0.8555
0.8560
0.8562
0.8568
0.8570
DeMark's
-
-
0.8554
0.8559
0.8561
-
-","Technical IndicatorsJun 17, 2021 06:37PM GMT
Name
Value
Action
RSI(14)
38.147
Sell
STOCH(9,6)
51.143
Neutral
STOCHRSI(14)
72.397
Buy
MACD(12,26)
-0.001
Sell
ADX(14)
35.370
Sell
Williams %R
-58.209
Sell
CCI(14)
-47.3473
Neutral
ATR(14)
0.0011
High Volatility
Highs/Lows(14)
0.0000
Neutral
Ultimate Oscillator
53.454
Buy
ROC
-0.210
Sell
Bull/Bear Power(13)
-0.0008
Sell
Buy: 2
Sell: 6
Neutral: 3


Summary:Strong Sell","Jun 17, 2021 06:37PM GMT"
usd_cad,1.2348 +0.0072    +0.58%,14:38:48,2021-06-17 18:39:10.425984,"Prev. Close: 1.2276
Bid/Ask: 1.2347 / 1.2348
Day's Range: 1.2261 - 1.2378",Strong Buy,"Summary:Strong Buy
Moving Averages:BuyBuy (10)Sell (2)
Technical Indicators:Strong BuyBuy (9)Sell (0)","Name
S3
S2
S1
Pivot Points
R1
R2
R3
Classic
1.2321
1.2330
1.2342
1.2351
1.2363
1.2372
1.2384
Fibonacci
1.2330
1.2338
1.2343
1.2351
1.2359
1.2364
1.2372
Camarilla
1.2347
1.2349
1.2351
1.2351
1.2355
1.2357
1.2359
Woodie's
1.2321
1.2330
1.2342
1.2351
1.2363
1.2372
1.2384
DeMark's
-
-
1.2336
1.2348
1.2357
-
-","Technical IndicatorsJun 17, 2021 06:37PM GMT
Name
Value
Action
RSI(14)
67.884
Buy
STOCH(9,6)
65.650
Buy
STOCHRSI(14)
23.686
Oversold
MACD(12,26)
0.003
Buy
ADX(14)
33.242
Neutral
Williams %R
-27.468
Buy
CCI(14)
90.2082
Buy
ATR(14)
0.0026
High Volatility
Highs/Lows(14)
0.0013
Buy
Ultimate Oscillator
68.324
Buy
ROC
0.619
Buy
Bull/Bear Power(13)
0.0037
Buy
Buy: 9
Sell: 0
Neutral: 1


Summary:Strong Buy","Jun 17, 2021 06:37PM GMT"
usd_chf,0.9170 +0.0084    +0.93%,14:38:43,2021-06-17 18:39:10.428752,"Prev. Close: 0.9085
Bid/Ask: 0.9169 / 0.9170
Day's Range: 0.9076 - 0.9188",Strong Buy,"Summary:Strong Buy
Moving Averages:BuyBuy (10)Sell (2)
Technical Indicators:Strong BuyBuy (9)Sell (0)","Name
S3
S2
S1
Pivot Points
R1
R2
R3
Classic
0.9150
0.9160
0.9166
0.9176
0.9181
0.9192
0.9197
Fibonacci
0.9160
0.9166
0.9170
0.9176
0.9182
0.9186
0.9192
Camarilla
0.9167
0.9169
0.9170
0.9176
0.9173
0.9174
0.9176
Woodie's
0.9148
0.9159
0.9164
0.9175
0.9179
0.9191
0.9195
DeMark's
-
-
0.9163
0.9175
0.9179
-
-","Technical IndicatorsJun 17, 2021 06:37PM GMT
Name
Value
Action
RSI(14)
74.129
Buy
STOCH(9,6)
76.364
Buy
STOCHRSI(14)
1.842
Oversold
MACD(12,26)
0.004
Buy
ADX(14)
32.108
Buy
Williams %R
-17.273
Overbought
CCI(14)
89.4863
Buy
ATR(14)
0.0018
High Volatility
Highs/Lows(14)
0.0016
Buy
Ultimate Oscillator
65.214
Buy
ROC
0.936
Buy
Bull/Bear Power(13)
0.0042
Buy
Buy: 9
Sell: 0
Neutral: 0


Summary:Strong Buy","Jun 17, 2021 06:37PM GMT"
nzd_chf,0.6427 +0.0022    +0.35%,14:38:53,2021-06-17 18:39:10.431514,"Prev. Close: 0.6404
Bid/Ask: 0.6423 / 0.6430
Day's Range: 0.6406 - 0.6453",Sell,"Summary:Sell
Moving Averages:NeutralBuy (6)Sell (6)
Technical Indicators:Strong SellBuy (1)Sell (7)","Name
S3
S2
S1
Pivot Points
R1
R2
R3
Classic
0.6420
0.6422
0.6425
0.6428
0.6431
0.6434
0.6437
Fibonacci
0.6422
0.6425
0.6426
0.6428
0.6430
0.6431
0.6434
Camarilla
0.6426
0.6427
0.6427
0.6428
0.6429
0.6429
0.6430
Woodie's
0.6420
0.6422
0.6425
0.6428
0.6431
0.6434
0.6437
DeMark's
-
-
0.6426
0.6429
0.6432
-
-","Technical IndicatorsJun 17, 2021 06:37PM GMT
Name
Value
Action
RSI(14)
50.463
Neutral
STOCH(9,6)
42.368
Sell
STOCHRSI(14)
43.227
Sell
MACD(12,26)
0.000
Buy
ADX(14)
25.141
Sell
Williams %R
-56.990
Sell
CCI(14)
-23.2420
Neutral
ATR(14)
0.0012
Less Volatility
Highs/Lows(14)
0.0000
Neutral
Ultimate Oscillator
47.441
Sell
ROC
-0.202
Sell
Bull/Bear Power(13)
-0.0005
Sell
Buy: 1
Sell: 7
Neutral: 3


Summary:Strong Sell","Jun 17, 2021 06:37PM GMT"
usd_cny,6.4484 +0.0515    +0.80%,11:27:22,2021-06-17 18:39:10.434251,"Prev. Close: 6.3969
Bid/Ask: 6.4477 / 6.4490
Day's Range: 6.3972 - 6.4494",Strong Buy,"Summary:Strong Buy
Moving Averages:BuyBuy (12)Sell (0)
Technical Indicators:Strong BuyBuy (7)Sell (0)","Name
S3
S2
S1
Pivot Points
R1
R2
R3
Classic
6.4380
6.4399
6.4436
6.4455
6.4492
6.4511
6.4548
Fibonacci
6.4399
6.4420
6.4434
6.4455
6.4476
6.4490
6.4511
Camarilla
6.4458
6.4463
6.4468
6.4455
6.4479
6.4484
6.4489
Woodie's
6.4390
6.4404
6.4446
6.4460
6.4502
6.4516
6.4558
DeMark's
-
-
6.4446
6.4460
6.4502
-
-","Technical IndicatorsJun 17, 2021 03:34PM GMT
Name
Value
Action
RSI(14)
85.433
Overbought
STOCH(9,6)
77.649
Buy
STOCHRSI(14)
100.000
Overbought
MACD(12,26)
0.011
Buy
ADX(14)
61.337
Buy
Williams %R
-3.426
Overbought
CCI(14)
151.8010
Buy
ATR(14)
0.0041
Less Volatility
Highs/Lows(14)
0.0141
Buy
Ultimate Oscillator
82.973
Overbought
ROC
0.391
Buy
Bull/Bear Power(13)
0.0286
Buy
Buy: 7
Sell: 0
Neutral: 0


Summary:Strong Buy","Jun 17, 2021 03:34PM GMT"
usd_hkd,7.7648 +0.0018    +0.02%,14:38:50,2021-06-17 18:39:10.437024,"Prev. Close: 7.7630
Bid/Ask: 7.7647 / 7.7648
Day's Range: 7.7625 - 7.7656",Strong Buy,"Summary:Strong Buy
Moving Averages:BuyBuy (12)Sell (0)
Technical Indicators:Strong BuyBuy (7)Sell (3)","Name
S3
S2
S1
Pivot Points
R1
R2
R3
Classic
7.7636
7.7639
7.7643
7.7646
7.7650
7.7653
7.7657
Fibonacci
7.7639
7.7642
7.7643
7.7646
7.7649
7.7650
7.7653
Camarilla
7.7646
7.7646
7.7647
7.7646
7.7648
7.7649
7.7649
Woodie's
7.7636
7.7639
7.7643
7.7646
7.7650
7.7653
7.7657
DeMark's
-
-
7.7644
7.7646
7.7651
-
-","Technical IndicatorsJun 17, 2021 06:37PM GMT
Name
Value
Action
RSI(14)
57.948
Buy
STOCH(9,6)
32.898
Sell
STOCHRSI(14)
35.095
Sell
MACD(12,26)
0.000
Buy
ADX(14)
42.016
Buy
Williams %R
-36.838
Buy
CCI(14)
74.7187
Buy
ATR(14)
0.0009
Less Volatility
Highs/Lows(14)
0.0000
Neutral
Ultimate Oscillator
44.150
Sell
ROC
0.010
Buy
Bull/Bear Power(13)
0.0016
Buy
Buy: 7
Sell: 3
Neutral: 1


Summary:Strong Buy","Jun 17, 2021 06:37PM GMT"
eur_usd,1.1917 -0.0077    -0.64%,14:39:39,2021-06-17 18:40:10.152430,"Prev. Close: 1.1994
Bid/Ask: 1.1915 / 1.1919
Day's Range: 1.1892 - 1.2007",Strong Sell,"Summary:Strong Sell
Moving Averages:SellBuy (2)Sell (10)
Technical Indicators:Strong SellBuy (0)Sell (9)","Name
S3
S2
S1
Pivot Points
R1
R2
R3
Classic
1.1880
1.1888
1.1902
1.1910
1.1924
1.1932
1.1946
Fibonacci
1.1888
1.1896
1.1902
1.1910
1.1918
1.1924
1.1932
Camarilla
1.1910
1.1912
1.1914
1.1910
1.1918
1.1920
1.1922
Woodie's
1.1882
1.1889
1.1904
1.1911
1.1926
1.1933
1.1948
DeMark's
-
-
1.1906
1.1912
1.1928
-
-","Technical IndicatorsJun 17, 2021 06:37PM GMT
Name
Value
Action
RSI(14)
28.517
Sell
STOCH(9,6)
29.962
Sell
STOCHRSI(14)
100.000
Overbought
MACD(12,26)
-0.004
Sell
ADX(14)
30.965
Neutral
Williams %R
-77.729
Sell
CCI(14)
-87.1414
Sell
ATR(14)
0.0022
High Volatility
Highs/Lows(14)
-0.0013
Sell
Ultimate Oscillator
36.659
Sell
ROC
-0.696
Sell
Bull/Bear Power(13)
-0.0044
Sell
Buy: 0
Sell: 9
Neutral: 1


Summary:Strong Sell","Jun 17, 2021 06:37PM GMT"
gbp_usd,1.3929 -0.0059    -0.42%,14:39:33,2021-06-17 18:40:10.155997,"Prev. Close: 1.3987
Bid/Ask: 1.3928 / 1.3929
Day's Range: 1.3896 - 1.4010",Strong Sell,"Summary:Strong Sell
Moving Averages:SellBuy (2)Sell (10)
Technical Indicators:Strong SellBuy (1)Sell (9)","Name
S3
S2
S1
Pivot Points
R1
R2
R3
Classic
1.3876
1.3886
1.3905
1.3915
1.3934
1.3944
1.3963
Fibonacci
1.3886
1.3897
1.3904
1.3915
1.3926
1.3933
1.3944
Camarilla
1.3917
1.3920
1.3922
1.3915
1.3928
1.3930
1.3933
Woodie's
1.3882
1.3889
1.3911
1.3918
1.3940
1.3947
1.3969
DeMark's
-
-
1.3910
1.3918
1.3939
-
-","Technical IndicatorsJun 17, 2021 06:39PM GMT
Name
Value
Action
RSI(14)
36.501
Sell
STOCH(9,6)
30.609
Sell
STOCHRSI(14)
93.027
Overbought
MACD(12,26)
-0.003
Sell
ADX(14)
39.537
Buy
Williams %R
-71.365
Sell
CCI(14)
-76.4694
Sell
ATR(14)
0.0027
High Volatility
Highs/Lows(14)
-0.0012
Sell
Ultimate Oscillator
37.160
Sell
ROC
-0.500
Sell
Bull/Bear Power(13)
-0.0025
Sell
Buy: 1
Sell: 9
Neutral: 0


Summary:Strong Sell","Jun 17, 2021 06:39PM GMT"
usd_jpy,110.23 -0.47    -0.42%,14:39:41,2021-06-17 18:40:10.158946,"Prev. Close: 110.69
Bid/Ask: 110.21 / 110.24
Day's Range: 110.17 - 110.83",Strong Sell,"Summary:Strong Sell
Moving Averages:SellBuy (4)Sell (8)
Technical Indicators:Strong SellBuy (0)Sell (8)","Name
S3
S2
S1
Pivot Points
R1
R2
R3
Classic
110.03
110.11
110.16
110.24
110.29
110.37
110.41
Fibonacci
110.11
110.16
110.19
110.24
110.29
110.32
110.37
Camarilla
110.18
110.19
110.20
110.24
110.23
110.24
110.25
Woodie's
110.03
110.11
110.16
110.24
110.29
110.37
110.41
DeMark's
-
-
110.14
110.23
110.27
-
-","Technical IndicatorsJun 17, 2021 06:39PM GMT
Name
Value
Action
RSI(14)
39.774
Sell
STOCH(9,6)
19.468
Oversold
STOCHRSI(14)
5.501
Oversold
MACD(12,26)
-0.010
Sell
ADX(14)
35.350
Sell
Williams %R
-89.915
Oversold
CCI(14)
-120.9737
Sell
ATR(14)
0.1325
High Volatility
Highs/Lows(14)
-0.2107
Sell
Ultimate Oscillator
38.386
Sell
ROC
-0.402
Sell
Bull/Bear Power(13)
-0.4120
Sell
Buy: 0
Sell: 8
Neutral: 0


Summary:Strong Sell","Jun 17, 2021 06:39PM GMT"
aud_usd,0.7556 -0.0054    -0.72%,14:39:30,2021-06-17 18:40:10.161767,"Prev. Close: 0.7610
Bid/Ask: 0.7555 / 0.7556
Day's Range: 0.7540 - 0.7646",Strong Sell,"Summary:Strong Sell
Moving Averages:Strong SellBuy (0)Sell (12)
Technical Indicators:Strong SellBuy (0)Sell (8)","Name
S3
S2
S1
Pivot Points
R1
R2
R3
Classic
0.7531
0.7537
0.7548
0.7554
0.7565
0.7571
0.7582
Fibonacci
0.7537
0.7543
0.7548
0.7554
0.7560
0.7565
0.7571
Camarilla
0.7553
0.7555
0.7556
0.7554
0.7560
0.7561
0.7563
Woodie's
0.7533
0.7538
0.7550
0.7555
0.7567
0.7572
0.7584
DeMark's
-
-
0.7551
0.7555
0.7568
-
-","Technical IndicatorsJun 17, 2021 06:39PM GMT
Name
Value
Action
RSI(14)
27.571
Sell
STOCH(9,6)
22.206
Sell
STOCHRSI(14)
52.577
Neutral
MACD(12,26)
-0.003
Sell
ADX(14)
42.866
Sell
Williams %R
-84.375
Oversold
CCI(14)
-81.5381
Sell
ATR(14)
0.0018
Less Volatility
Highs/Lows(14)
-0.0020
Sell
Ultimate Oscillator
28.483
Oversold
ROC
-0.983
Sell
Bull/Bear Power(13)
-0.0024
Sell
Buy: 0
Sell: 8
Neutral: 1


Summary:Strong Sell","Jun 17, 2021 06:39PM GMT"
eur_gbp,0.8556 -0.0017    -0.20%,14:39:41,2021-06-17 18:40:10.164566,"Prev. Close: 0.8573
Bid/Ask: 0.8555 / 0.8557
Day's Range: 0.8542 - 0.8580",Strong Sell,"Summary:Strong Sell
Moving Averages:Strong SellBuy (0)Sell (12)
Technical Indicators:Strong SellBuy (2)Sell (6)","Name
S3
S2
S1
Pivot Points
R1
R2
R3
Classic
0.8547
0.8552
0.8555
0.8560
0.8562
0.8568
0.8570
Fibonacci
0.8552
0.8555
0.8557
0.8560
0.8563
0.8565
0.8568
Camarilla
0.8555
0.8556
0.8557
0.8560
0.8558
0.8559
0.8560
Woodie's
0.8547
0.8552
0.8555
0.8560
0.8562
0.8568
0.8570
DeMark's
-
-
0.8554
0.8559
0.8561
-
-","Technical IndicatorsJun 17, 2021 06:39PM GMT
Name
Value
Action
RSI(14)
38.498
Sell
STOCH(9,6)
51.452
Neutral
STOCHRSI(14)
73.921
Buy
MACD(12,26)
-0.001
Sell
ADX(14)
35.370
Sell
Williams %R
-56.717
Sell
CCI(14)
-45.1414
Neutral
ATR(14)
0.0011
High Volatility
Highs/Lows(14)
0.0000
Neutral
Ultimate Oscillator
53.923
Buy
ROC
-0.204
Sell
Bull/Bear Power(13)
-0.0008
Sell
Buy: 2
Sell: 6
Neutral: 3


Summary:Strong Sell","Jun 17, 2021 06:39PM GMT"
usd_cad,1.2347 +0.0070    +0.57%,14:39:35,2021-06-17 18:40:10.167461,"Prev. Close: 1.2276
Bid/Ask: 1.2346 / 1.2347
Day's Range: 1.2261 - 1.2378",Strong Buy,"Summary:Strong Buy
Moving Averages:BuyBuy (11)Sell (1)
Technical Indicators:Strong BuyBuy (9)Sell (1)","Name
S3
S2
S1
Pivot Points
R1
R2
R3
Classic
1.2321
1.2330
1.2342
1.2351
1.2363
1.2372
1.2384
Fibonacci
1.2330
1.2338
1.2343
1.2351
1.2359
1.2364
1.2372
Camarilla
1.2347
1.2349
1.2351
1.2351
1.2355
1.2357
1.2359
Woodie's
1.2321
1.2330
1.2342
1.2351
1.2363
1.2372
1.2384
DeMark's
-
-
1.2336
1.2348
1.2357
-
-","Technical IndicatorsJun 17, 2021 06:39PM GMT
Name
Value
Action
RSI(14)
68.341
Buy
STOCH(9,6)
65.852
Buy
STOCHRSI(14)
26.730
Sell
MACD(12,26)
0.003
Buy
ADX(14)
33.242
Neutral
Williams %R
-26.610
Buy
CCI(14)
91.0820
Buy
ATR(14)
0.0026
High Volatility
Highs/Lows(14)
0.0014
Buy
Ultimate Oscillator
68.708
Buy
ROC
0.628
Buy
Bull/Bear Power(13)
0.0037
Buy
Buy: 9
Sell: 1
Neutral: 1


Summary:Strong Buy","Jun 17, 2021 06:39PM GMT"
usd_chf,0.9170 +0.0084    +0.93%,14:39:42,2021-06-17 18:40:10.170239,"Prev. Close: 0.9085
Bid/Ask: 0.9169 / 0.9170
Day's Range: 0.9076 - 0.9188",Strong Buy,"Summary:Strong Buy
Moving Averages:BuyBuy (10)Sell (2)
Technical Indicators:Strong BuyBuy (8)Sell (0)","Name
S3
S2
S1
Pivot Points
R1
R2
R3
Classic
0.9150
0.9160
0.9166
0.9176
0.9181
0.9192
0.9197
Fibonacci
0.9160
0.9166
0.9170
0.9176
0.9182
0.9186
0.9192
Camarilla
0.9167
0.9169
0.9170
0.9176
0.9173
0.9174
0.9176
Woodie's
0.9148
0.9159
0.9164
0.9175
0.9179
0.9191
0.9195
DeMark's
-
-
0.9163
0.9175
0.9179
-
-","Technical IndicatorsJun 17, 2021 06:39PM GMT
Name
Value
Action
RSI(14)
74.431
Buy
STOCH(9,6)
76.518
Buy
STOCHRSI(14)
4.150
Oversold
MACD(12,26)
0.004
Buy
ADX(14)
31.797
Neutral
Williams %R
-16.818
Overbought
CCI(14)
89.4863
Buy
ATR(14)
0.0018
High Volatility
Highs/Lows(14)
0.0017
Buy
Ultimate Oscillator
65.630
Buy
ROC
0.941
Buy
Bull/Bear Power(13)
0.0042
Buy
Buy: 8
Sell: 0
Neutral: 1


Summary:Strong Buy","Jun 17, 2021 06:39PM GMT"
nzd_chf,0.6426 +0.0022    +0.34%,14:39:42,2021-06-17 18:40:10.173023,"Prev. Close: 0.6404
Bid/Ask: 0.6422 / 0.6429
Day's Range: 0.6406 - 0.6453",Sell,"Summary:Sell
Moving Averages:NeutralBuy (6)Sell (6)
Technical Indicators:Strong SellBuy (1)Sell (7)","Name
S3
S2
S1
Pivot Points
R1
R2
R3
Classic
0.6420
0.6422
0.6425
0.6428
0.6431
0.6434
0.6437
Fibonacci
0.6422
0.6425
0.6426
0.6428
0.6430
0.6431
0.6434
Camarilla
0.6426
0.6427
0.6427
0.6428
0.6429
0.6429
0.6430
Woodie's
0.6420
0.6422
0.6425
0.6428
0.6431
0.6434
0.6437
DeMark's
-
-
0.6426
0.6429
0.6432
-
-","Technical IndicatorsJun 17, 2021 06:39PM GMT
Name
Value
Action
RSI(14)
50.463
Neutral
STOCH(9,6)
42.368
Sell
STOCHRSI(14)
43.227
Sell
MACD(12,26)
0.000
Buy
ADX(14)
25.141
Sell
Williams %R
-56.990
Sell
CCI(14)
-24.4334
Neutral
ATR(14)
0.0012
Less Volatility
Highs/Lows(14)
0.0000
Neutral
Ultimate Oscillator
47.682
Sell
ROC
-0.202
Sell
Bull/Bear Power(13)
-0.0006
Sell
Buy: 1
Sell: 7
Neutral: 3


Summary:Strong Sell","Jun 17, 2021 06:39PM GMT"
usd_cny,6.4484 +0.0515    +0.80%,11:27:22,2021-06-17 18:40:10.175813,"Prev. Close: 6.3969
Bid/Ask: 6.4477 / 6.4490
Day's Range: 6.3972 - 6.4494",Strong Buy,"Summary:Strong Buy
Moving Averages:BuyBuy (12)Sell (0)
Technical Indicators:Strong BuyBuy (7)Sell (0)","Name
S3
S2
S1
Pivot Points
R1
R2
R3
Classic
6.4380
6.4399
6.4436
6.4455
6.4492
6.4511
6.4548
Fibonacci
6.4399
6.4420
6.4434
6.4455
6.4476
6.4490
6.4511
Camarilla
6.4458
6.4463
6.4468
6.4455
6.4479
6.4484
6.4489
Woodie's
6.4390
6.4404
6.4446
6.4460
6.4502
6.4516
6.4558
DeMark's
-
-
6.4446
6.4460
6.4502
-
-","Technical IndicatorsJun 17, 2021 03:34PM GMT
Name
Value
Action
RSI(14)
85.433
Overbought
STOCH(9,6)
77.649
Buy
STOCHRSI(14)
100.000
Overbought
MACD(12,26)
0.011
Buy
ADX(14)
61.337
Buy
Williams %R
-3.426
Overbought
CCI(14)
151.8010
Buy
ATR(14)
0.0041
Less Volatility
Highs/Lows(14)
0.0141
Buy
Ultimate Oscillator
82.973
Overbought
ROC
0.391
Buy
Bull/Bear Power(13)
0.0286
Buy
Buy: 7
Sell: 0
Neutral: 0


Summary:Strong Buy","Jun 17, 2021 03:34PM GMT"
usd_hkd,7.7649 +0.0019    +0.02%,14:39:28,2021-06-17 18:40:10.178587,"Prev. Close: 7.7630
Bid/Ask: 7.7648 / 7.7649
Day's Range: 7.7625 - 7.7656",Strong Buy,"Summary:Strong Buy
Moving Averages:BuyBuy (12)Sell (0)
Technical Indicators:Strong BuyBuy (7)Sell (3)","Name
S3
S2
S1
Pivot Points
R1
R2
R3
Classic
7.7636
7.7639
7.7643
7.7646
7.7650
7.7653
7.7657
Fibonacci
7.7639
7.7642
7.7643
7.7646
7.7649
7.7650
7.7653
Camarilla
7.7646
7.7646
7.7647
7.7646
7.7648
7.7649
7.7649
Woodie's
7.7636
7.7639
7.7643
7.7646
7.7650
7.7653
7.7657
DeMark's
-
-
7.7644
7.7646
7.7651
-
-","Technical IndicatorsJun 17, 2021 06:39PM GMT
Name
Value
Action
RSI(14)
57.948
Buy
STOCH(9,6)
32.898
Sell
STOCHRSI(14)
35.095
Sell
MACD(12,26)
0.000
Buy
ADX(14)
42.016
Buy
Williams %R
-36.838
Buy
CCI(14)
74.7187
Buy
ATR(14)
0.0009
Less Volatility
Highs/Lows(14)
0.0000
Neutral
Ultimate Oscillator
44.150
Sell
ROC
0.010
Buy
Bull/Bear Power(13)
0.0016
Buy
Buy: 7
Sell: 3
Neutral: 1


Summary:Strong Buy","Jun 17, 2021 06:39PM GMT"
eur_usd,1.1919 -0.0075    -0.63%,14:40:50,2021-06-17 18:41:10.184601,"Prev. Close: 1.1994
Bid/Ask: 1.1917 / 1.1921
Day's Range: 1.1892 - 1.2007",Strong Sell,"Summary:Strong Sell
Moving Averages:SellBuy (2)Sell (10)
Technical Indicators:Strong SellBuy (0)Sell (9)","Name
S3
S2
S1
Pivot Points
R1
R2
R3
Classic
1.1880
1.1888
1.1902
1.1910
1.1924
1.1932
1.1946
Fibonacci
1.1888
1.1896
1.1902
1.1910
1.1918
1.1924
1.1932
Camarilla
1.1910
1.1912
1.1914
1.1910
1.1918
1.1920
1.1922
Woodie's
1.1882
1.1889
1.1904
1.1911
1.1926
1.1933
1.1948
DeMark's
-
-
1.1906
1.1912
1.1928
-
-","Technical IndicatorsJun 17, 2021 06:39PM GMT
Name
Value
Action
RSI(14)
28.269
Sell
STOCH(9,6)
29.825
Sell
STOCHRSI(14)
100.000
Overbought
MACD(12,26)
-0.004
Sell
ADX(14)
30.965
Neutral
Williams %R
-78.166
Sell
CCI(14)
-87.5903
Sell
ATR(14)
0.0022
High Volatility
Highs/Lows(14)
-0.0014
Sell
Ultimate Oscillator
36.407
Sell
ROC
-0.700
Sell
Bull/Bear Power(13)
-0.0044
Sell
Buy: 0
Sell: 9
Neutral: 1


Summary:Strong Sell","Jun 17, 2021 06:39PM GMT"
gbp_usd,1.3930 -0.0057    -0.41%,14:40:43,2021-06-17 18:41:10.188227,"Prev. Close: 1.3987
Bid/Ask: 1.3928 / 1.3932
Day's Range: 1.3896 - 1.4010",Strong Sell,"Summary:Strong Sell
Moving Averages:SellBuy (2)Sell (10)
Technical Indicators:Strong SellBuy (1)Sell (9)","Name
S3
S2
S1
Pivot Points
R1
R2
R3
Classic
1.3876
1.3886
1.3905
1.3915
1.3934
1.3944
1.3963
Fibonacci
1.3886
1.3897
1.3904
1.3915
1.3926
1.3933
1.3944
Camarilla
1.3917
1.3920
1.3922
1.3915
1.3928
1.3930
1.3933
Woodie's
1.3882
1.3889
1.3911
1.3918
1.3940
1.3947
1.3969
DeMark's
-
-
1.3910
1.3918
1.3939
-
-","Technical IndicatorsJun 17, 2021 06:39PM GMT
Name
Value
Action
RSI(14)
36.501
Sell
STOCH(9,6)
30.609
Sell
STOCHRSI(14)
93.027
Overbought
MACD(12,26)
-0.003
Sell
ADX(14)
39.537
Buy
Williams %R
-71.365
Sell
CCI(14)
-76.4694
Sell
ATR(14)
0.0027
High Volatility
Highs/Lows(14)
-0.0012
Sell
Ultimate Oscillator
37.160
Sell
ROC
-0.500
Sell
Bull/Bear Power(13)
-0.0025
Sell
Buy: 1
Sell: 9
Neutral: 0


Summary:Strong Sell","Jun 17, 2021 06:39PM GMT"
usd_jpy,110.21 -0.48    -0.43%,14:40:37,2021-06-17 18:41:10.191317,"Prev. Close: 110.69
Bid/Ask: 110.20 / 110.22
Day's Range: 110.17 - 110.83",Strong Sell,"Summary:Strong Sell
Moving Averages:SellBuy (4)Sell (8)
Technical Indicators:Strong SellBuy (0)Sell (8)","Name
S3
S2
S1
Pivot Points
R1
R2
R3
Classic
110.03
110.11
110.16
110.24
110.29
110.37
110.41
Fibonacci
110.11
110.16
110.19
110.24
110.29
110.32
110.37
Camarilla
110.18
110.19
110.20
110.24
110.23
110.24
110.25
Woodie's
110.03
110.11
110.16
110.24
110.29
110.37
110.41
DeMark's
-
-
110.14
110.23
110.27
-
-","Technical IndicatorsJun 17, 2021 06:39PM GMT
Name
Value
Action
RSI(14)
39.774
Sell
STOCH(9,6)
19.468
Oversold
STOCHRSI(14)
5.501
Oversold
MACD(12,26)
-0.010
Sell
ADX(14)
35.350
Sell
Williams %R
-89.915
Oversold
CCI(14)
-120.9737
Sell
ATR(14)
0.1325
High Volatility
Highs/Lows(14)
-0.2107
Sell
Ultimate Oscillator
38.386
Sell
ROC
-0.402
Sell
Bull/Bear Power(13)
-0.4120
Sell
Buy: 0
Sell: 8
Neutral: 0


Summary:Strong Sell","Jun 17, 2021 06:39PM GMT"
aud_usd,0.7557 -0.0053    -0.70%,14:40:49,2021-06-17 18:41:10.194273,"Prev. Close: 0.7610
Bid/Ask: 0.7554 / 0.7559
Day's Range: 0.7540 - 0.7646",Strong Sell,"Summary:Strong Sell
Moving Averages:Strong SellBuy (0)Sell (12)
Technical Indicators:Strong SellBuy (0)Sell (8)","Name
S3
S2
S1
Pivot Points
R1
R2
R3
Classic
0.7531
0.7537
0.7548
0.7554
0.7565
0.7571
0.7582
Fibonacci
0.7537
0.7543
0.7548
0.7554
0.7560
0.7565
0.7571
Camarilla
0.7553
0.7555
0.7556
0.7554
0.7560
0.7561
0.7563
Woodie's
0.7533
0.7538
0.7550
0.7555
0.7567
0.7572
0.7584
DeMark's
-
-
0.7551
0.7555
0.7568
-
-","Technical IndicatorsJun 17, 2021 06:39PM GMT
Name
Value
Action
RSI(14)
27.571
Sell
STOCH(9,6)
22.206
Sell
STOCHRSI(14)
52.577
Neutral
MACD(12,26)
-0.003
Sell
ADX(14)
42.866
Sell
Williams %R
-84.375
Oversold
CCI(14)
-81.5381
Sell
ATR(14)
0.0018
Less Volatility
Highs/Lows(14)
-0.0020
Sell
Ultimate Oscillator
28.483
Oversold
ROC
-0.983
Sell
Bull/Bear Power(13)
-0.0024
Sell
Buy: 0
Sell: 8
Neutral: 1


Summary:Strong Sell","Jun 17, 2021 06:39PM GMT"
eur_gbp,0.8557 -0.0016    -0.19%,14:40:31,2021-06-17 18:41:10.197234,"Prev. Close: 0.8573
Bid/Ask: 0.8554 / 0.8559
Day's Range: 0.8542 - 0.8580",Strong Sell,"Summary:Strong Sell
Moving Averages:Strong SellBuy (0)Sell (12)
Technical Indicators:Strong SellBuy (2)Sell (6)","Name
S3
S2
S1
Pivot Points
R1
R2
R3
Classic
0.8547
0.8552
0.8555
0.8560
0.8562
0.8568
0.8570
Fibonacci
0.8552
0.8555
0.8557
0.8560
0.8563
0.8565
0.8568
Camarilla
0.8555
0.8556
0.8557
0.8560
0.8558
0.8559
0.8560
Woodie's
0.8547
0.8552
0.8555
0.8560
0.8562
0.8568
0.8570
DeMark's
-
-
0.8554
0.8559
0.8561
-
-","Technical IndicatorsJun 17, 2021 06:39PM GMT
Name
Value
Action
RSI(14)
38.498
Sell
STOCH(9,6)
51.452
Neutral
STOCHRSI(14)
73.921
Buy
MACD(12,26)
-0.001
Sell
ADX(14)
35.370
Sell
Williams %R
-56.717
Sell
CCI(14)
-45.1414
Neutral
ATR(14)
0.0011
High Volatility
Highs/Lows(14)
0.0000
Neutral
Ultimate Oscillator
53.923
Buy
ROC
-0.204
Sell
Bull/Bear Power(13)
-0.0008
Sell
Buy: 2
Sell: 6
Neutral: 3


Summary:Strong Sell","Jun 17, 2021 06:39PM GMT"
usd_cad,1.2344 +0.0067    +0.55%,14:40:48,2021-06-17 18:41:10.200185,"Prev. Close: 1.2276
Bid/Ask: 1.2341 / 1.2346
Day's Range: 1.2261 - 1.2378",Strong Buy,"Summary:Strong Buy
Moving Averages:BuyBuy (11)Sell (1)
Technical Indicators:Strong BuyBuy (9)Sell (1)","Name
S3
S2
S1
Pivot Points
R1
R2
R3
Classic
1.2321
1.2330
1.2342
1.2351
1.2363
1.2372
1.2384
Fibonacci
1.2330
1.2338
1.2343
1.2351
1.2359
1.2364
1.2372
Camarilla
1.2347
1.2349
1.2351
1.2351
1.2355
1.2357
1.2359
Woodie's
1.2321
1.2330
1.2342
1.2351
1.2363
1.2372
1.2384
DeMark's
-
-
1.2336
1.2348
1.2357
-
-","Technical IndicatorsJun 17, 2021 06:39PM GMT
Name
Value
Action
RSI(14)
68.341
Buy
STOCH(9,6)
65.852
Buy
STOCHRSI(14)
26.730
Sell
MACD(12,26)
0.003
Buy
ADX(14)
33.242
Neutral
Williams %R
-26.610
Buy
CCI(14)
91.0820
Buy
ATR(14)
0.0026
High Volatility
Highs/Lows(14)
0.0014
Buy
Ultimate Oscillator
68.708
Buy
ROC
0.628
Buy
Bull/Bear Power(13)
0.0037
Buy
Buy: 9
Sell: 1
Neutral: 1


Summary:Strong Buy","Jun 17, 2021 06:39PM GMT"
usd_chf,0.9168 +0.0083    +0.91%,14:40:43,2021-06-17 18:41:10.203115,"Prev. Close: 0.9085
Bid/Ask: 0.9166 / 0.9170
Day's Range: 0.9076 - 0.9188",Strong Buy,"Summary:Strong Buy
Moving Averages:BuyBuy (10)Sell (2)
Technical Indicators:Strong BuyBuy (8)Sell (0)","Name
S3
S2
S1
Pivot Points
R1
R2
R3
Classic
0.9150
0.9160
0.9166
0.9176
0.9181
0.9192
0.9197
Fibonacci
0.9160
0.9166
0.9170
0.9176
0.9182
0.9186
0.9192
Camarilla
0.9167
0.9169
0.9170
0.9176
0.9173
0.9174
0.9176
Woodie's
0.9148
0.9159
0.9164
0.9175
0.9179
0.9191
0.9195
DeMark's
-
-
0.9163
0.9175
0.9179
-
-","Technical IndicatorsJun 17, 2021 06:39PM GMT
Name
Value
Action
RSI(14)
74.431
Buy
STOCH(9,6)
76.518
Buy
STOCHRSI(14)
4.150
Oversold
MACD(12,26)
0.004
Buy
ADX(14)
31.797
Neutral
Williams %R
-16.818
Overbought
CCI(14)
89.4863
Buy
ATR(14)
0.0018
High Volatility
Highs/Lows(14)
0.0017
Buy
Ultimate Oscillator
65.630
Buy
ROC
0.941
Buy
Bull/Bear Power(13)
0.0042
Buy
Buy: 8
Sell: 0
Neutral: 1


Summary:Strong Buy","Jun 17, 2021 06:39PM GMT"
nzd_chf,0.6426 +0.0022    +0.34%,14:40:52,2021-06-17 18:41:10.206030,"Prev. Close: 0.6404
Bid/Ask: 0.6424 / 0.6427
Day's Range: 0.6406 - 0.6453",Sell,"Summary:Sell
Moving Averages:NeutralBuy (6)Sell (6)
Technical Indicators:Strong SellBuy (1)Sell (7)","Name
S3
S2
S1
Pivot Points
R1
R2
R3
Classic
0.6420
0.6422
0.6425
0.6428
0.6431
0.6434
0.6437
Fibonacci
0.6422
0.6425
0.6426
0.6428
0.6430
0.6431
0.6434
Camarilla
0.6426
0.6427
0.6427
0.6428
0.6429
0.6429
0.6430
Woodie's
0.6420
0.6422
0.6425
0.6428
0.6431
0.6434
0.6437
DeMark's
-
-
0.6426
0.6429
0.6432
-
-","Technical IndicatorsJun 17, 2021 06:39PM GMT
Name
Value
Action
RSI(14)
50.463
Neutral
STOCH(9,6)
42.368
Sell
STOCHRSI(14)
43.227
Sell
MACD(12,26)
0.000
Buy
ADX(14)
25.141
Sell
Williams %R
-56.990
Sell
CCI(14)
-24.4334
Neutral
ATR(14)
0.0012
Less Volatility
Highs/Lows(14)
0.0000
Neutral
Ultimate Oscillator
47.682
Sell
ROC
-0.202
Sell
Bull/Bear Power(13)
-0.0006
Sell
Buy: 1
Sell: 7
Neutral: 3


Summary:Strong Sell","Jun 17, 2021 06:39PM GMT"
usd_cny,6.4484 +0.0515    +0.80%,11:27:22,2021-06-17 18:41:10.208962,"Prev. Close: 6.3969
Bid/Ask: 6.4477 / 6.4490
Day's Range: 6.3972 - 6.4494",Strong Buy,"Summary:Strong Buy
Moving Averages:BuyBuy (12)Sell (0)
Technical Indicators:Strong BuyBuy (7)Sell (0)","Name
S3
S2
S1
Pivot Points
R1
R2
R3
Classic
6.4380
6.4399
6.4436
6.4455
6.4492
6.4511
6.4548
Fibonacci
6.4399
6.4420
6.4434
6.4455
6.4476
6.4490
6.4511
Camarilla
6.4458
6.4463
6.4468
6.4455
6.4479
6.4484
6.4489
Woodie's
6.4390
6.4404
6.4446
6.4460
6.4502
6.4516
6.4558
DeMark's
-
-
6.4446
6.4460
6.4502
-
-","Technical IndicatorsJun 17, 2021 03:34PM GMT
Name
Value
Action
RSI(14)
85.433
Overbought
STOCH(9,6)
77.649
Buy
STOCHRSI(14)
100.000
Overbought
MACD(12,26)
0.011
Buy
ADX(14)
61.337
Buy
Williams %R
-3.426
Overbought
CCI(14)
151.8010
Buy
ATR(14)
0.0041
Less Volatility
Highs/Lows(14)
0.0141
Buy
Ultimate Oscillator
82.973
Overbought
ROC
0.391
Buy
Bull/Bear Power(13)
0.0286
Buy
Buy: 7
Sell: 0
Neutral: 0


Summary:Strong Buy","Jun 17, 2021 03:34PM GMT"
usd_hkd,7.7648 +0.0018    +0.02%,14:40:51,2021-06-17 18:41:10.211860,"Prev. Close: 7.7630
Bid/Ask: 7.7647 / 7.7648
Day's Range: 7.7625 - 7.7656",Strong Buy,"Summary:Strong Buy
Moving Averages:BuyBuy (12)Sell (0)
Technical Indicators:Strong BuyBuy (7)Sell (3)","Name
S3
S2
S1
Pivot Points
R1
R2
R3
Classic
7.7636
7.7639
7.7643
7.7646
7.7650
7.7653
7.7657
Fibonacci
7.7639
7.7642
7.7643
7.7646
7.7649
7.7650
7.7653
Camarilla
7.7646
7.7646
7.7647
7.7646
7.7648
7.7649
7.7649
Woodie's
7.7636
7.7639
7.7643
7.7646
7.7650
7.7653
7.7657
DeMark's
-
-
7.7644
7.7646
7.7651
-
-","Technical IndicatorsJun 17, 2021 06:39PM GMT
Name
Value
Action
RSI(14)
57.948
Buy
STOCH(9,6)
32.898
Sell
STOCHRSI(14)
35.095
Sell
MACD(12,26)
0.000
Buy
ADX(14)
42.016
Buy
Williams %R
-36.838
Buy
CCI(14)
74.7187
Buy
ATR(14)
0.0009
Less Volatility
Highs/Lows(14)
0.0000
Neutral
Ultimate Oscillator
44.150
Sell
ROC
0.010
Buy
Bull/Bear Power(13)
0.0016
Buy
Buy: 7
Sell: 3
Neutral: 1


Summary:Strong Buy","Jun 17, 2021 06:39PM GMT"
eur_usd,1.1921 -0.0073    -0.61%,14:41:37,2021-06-17 18:42:10.273502,"Prev. Close: 1.1994
Bid/Ask: 1.1920 / 1.1921
Day's Range: 1.1892 - 1.2007",Strong Sell,"Summary:Strong Sell
Moving Averages:SellBuy (2)Sell (10)
Technical Indicators:Strong SellBuy (0)Sell (9)","Name
S3
S2
S1
Pivot Points
R1
R2
R3
Classic
1.1880
1.1888
1.1902
1.1910
1.1924
1.1932
1.1946
Fibonacci
1.1888
1.1896
1.1902
1.1910
1.1918
1.1924
1.1932
Camarilla
1.1910
1.1912
1.1914
1.1910
1.1918
1.1920
1.1922
Woodie's
1.1882
1.1889
1.1904
1.1911
1.1926
1.1933
1.1948
DeMark's
-
-
1.1906
1.1912
1.1928
-
-","Technical IndicatorsJun 17, 2021 06:39PM GMT
Name
Value
Action
RSI(14)
28.269
Sell
STOCH(9,6)
29.825
Sell
STOCHRSI(14)
100.000
Overbought
MACD(12,26)
-0.004
Sell
ADX(14)
30.965
Neutral
Williams %R
-78.166
Sell
CCI(14)
-87.5903
Sell
ATR(14)
0.0022
High Volatility
Highs/Lows(14)
-0.0014
Sell
Ultimate Oscillator
36.407
Sell
ROC
-0.700
Sell
Bull/Bear Power(13)
-0.0044
Sell
Buy: 0
Sell: 9
Neutral: 1


Summary:Strong Sell","Jun 17, 2021 06:39PM GMT"
gbp_usd,1.3933 -0.0054    -0.39%,14:41:31,2021-06-17 18:42:10.277007,"Prev. Close: 1.3987
Bid/Ask: 1.3932 / 1.3933
Day's Range: 1.3896 - 1.4010",Strong Sell,"Summary:Strong Sell
Moving Averages:SellBuy (2)Sell (10)
Technical Indicators:Strong SellBuy (1)Sell (9)","Name
S3
S2
S1
Pivot Points
R1
R2
R3
Classic
1.3876
1.3886
1.3905
1.3915
1.3934
1.3944
1.3963
Fibonacci
1.3886
1.3897
1.3904
1.3915
1.3926
1.3933
1.3944
Camarilla
1.3917
1.3920
1.3922
1.3915
1.3928
1.3930
1.3933
Woodie's
1.3882
1.3889
1.3911
1.3918
1.3940
1.3947
1.3969
DeMark's
-
-
1.3910
1.3918
1.3939
-
-","Technical IndicatorsJun 17, 2021 06:41PM GMT
Name
Value
Action
RSI(14)
37.147
Sell
STOCH(9,6)
31.025
Sell
STOCHRSI(14)
97.532
Overbought
MACD(12,26)
-0.003
Sell
ADX(14)
39.537
Buy
Williams %R
-69.604
Sell
CCI(14)
-74.8965
Sell
ATR(14)
0.0027
High Volatility
Highs/Lows(14)
-0.0010
Sell
Ultimate Oscillator
37.903
Sell
ROC
-0.486
Sell
Bull/Bear Power(13)
-0.0025
Sell
Buy: 1
Sell: 9
Neutral: 0


Summary:Strong Sell","Jun 17, 2021 06:41PM GMT"
usd_jpy,110.21 -0.48    -0.44%,14:41:40,2021-06-17 18:42:10.279874,"Prev. Close: 110.69
Bid/Ask: 110.20 / 110.21
Day's Range: 110.17 - 110.83",Strong Sell,"Summary:Strong Sell
Moving Averages:SellBuy (4)Sell (8)
Technical Indicators:Strong SellBuy (0)Sell (8)","Name
S3
S2
S1
Pivot Points
R1
R2
R3
Classic
110.03
110.11
110.16
110.24
110.29
110.37
110.41
Fibonacci
110.11
110.16
110.19
110.24
110.29
110.32
110.37
Camarilla
110.18
110.19
110.20
110.24
110.23
110.24
110.25
Woodie's
110.03
110.11
110.16
110.24
110.29
110.37
110.41
DeMark's
-
-
110.14
110.23
110.27
-
-","Technical IndicatorsJun 17, 2021 06:41PM GMT
Name
Value
Action
RSI(14)
38.422
Sell
STOCH(9,6)
18.768
Oversold
STOCHRSI(14)
0.576
Oversold
MACD(12,26)
-0.010
Sell
ADX(14)
35.350
Sell
Williams %R
-94.117
Oversold
CCI(14)
-123.7562
Sell
ATR(14)
0.1325
High Volatility
Highs/Lows(14)
-0.2357
Sell
Ultimate Oscillator
36.647
Sell
ROC
-0.425
Sell
Bull/Bear Power(13)
-0.4060
Sell
Buy: 0
Sell: 8
Neutral: 0


Summary:Strong Sell","Jun 17, 2021 06:41PM GMT"
aud_usd,0.7557 -0.0053    -0.70%,14:41:36,2021-06-17 18:42:10.282665,"Prev. Close: 0.7610
Bid/Ask: 0.7554 / 0.7559
Day's Range: 0.7540 - 0.7646",Strong Sell,"Summary:Strong Sell
Moving Averages:SellBuy (1)Sell (11)
Technical Indicators:Strong SellBuy (1)Sell (8)","Name
S3
S2
S1
Pivot Points
R1
R2
R3
Classic
0.7531
0.7537
0.7548
0.7554
0.7565
0.7571
0.7582
Fibonacci
0.7537
0.7543
0.7548
0.7554
0.7560
0.7565
0.7571
Camarilla
0.7553
0.7555
0.7556
0.7554
0.7560
0.7561
0.7563
Woodie's
0.7533
0.7538
0.7550
0.7555
0.7567
0.7572
0.7584
DeMark's
-
-
0.7551
0.7555
0.7568
-
-","Technical IndicatorsJun 17, 2021 06:41PM GMT
Name
Value
Action
RSI(14)
28.064
Sell
STOCH(9,6)
22.776
Sell
STOCHRSI(14)
55.323
Buy
MACD(12,26)
-0.003
Sell
ADX(14)
42.866
Sell
Williams %R
-82.292
Oversold
CCI(14)
-79.9042
Sell
ATR(14)
0.0018
Less Volatility
Highs/Lows(14)
-0.0018
Sell
Ultimate Oscillator
29.664
Oversold
ROC
-0.957
Sell
Bull/Bear Power(13)
-0.0024
Sell
Buy: 1
Sell: 8
Neutral: 0


Summary:Strong Sell","Jun 17, 2021 06:41PM GMT"
eur_gbp,0.8556 -0.0017    -0.20%,14:41:42,2021-06-17 18:42:10.285415,"Prev. Close: 0.8573
Bid/Ask: 0.8554 / 0.8558
Day's Range: 0.8542 - 0.8580",Strong Sell,"Summary:Strong Sell
Moving Averages:Strong SellBuy (0)Sell (12)
Technical Indicators:SellBuy (1)Sell (5)","Name
S3
S2
S1
Pivot Points
R1
R2
R3
Classic
0.8547
0.8552
0.8555
0.8560
0.8562
0.8568
0.8570
Fibonacci
0.8552
0.8555
0.8557
0.8560
0.8563
0.8565
0.8568
Camarilla
0.8555
0.8556
0.8557
0.8560
0.8558
0.8559
0.8560
Woodie's
0.8547
0.8552
0.8555
0.8560
0.8562
0.8568
0.8570
DeMark's
-
-
0.8554
0.8559
0.8561
-
-","Technical IndicatorsJun 17, 2021 06:41PM GMT
Name
Value
Action
RSI(14)
39.218
Sell
STOCH(9,6)
52.069
Neutral
STOCHRSI(14)
77.045
Overbought
MACD(12,26)
-0.001
Sell
ADX(14)
35.370
Sell
Williams %R
-53.731
Neutral
CCI(14)
-40.6966
Neutral
ATR(14)
0.0011
High Volatility
Highs/Lows(14)
0.0000
Neutral
Ultimate Oscillator
54.862
Buy
ROC
-0.192
Sell
Bull/Bear Power(13)
-0.0008
Sell
Buy: 1
Sell: 5
Neutral: 4


Summary:Sell","Jun 17, 2021 06:41PM GMT"
usd_cad,1.2346 +0.0069    +0.57%,14:41:37,2021-06-17 18:42:10.288260,"Prev. Close: 1.2276
Bid/Ask: 1.2345 / 1.2346
Day's Range: 1.2261 - 1.2378",Strong Buy,"Summary:Strong Buy
Moving Averages:BuyBuy (10)Sell (2)
Technical Indicators:Strong BuyBuy (9)Sell (0)","Name
S3
S2
S1
Pivot Points
R1
R2
R3
Classic
1.2321
1.2330
1.2342
1.2351
1.2363
1.2372
1.2384
Fibonacci
1.2330
1.2338
1.2343
1.2351
1.2359
1.2364
1.2372
Camarilla
1.2347
1.2349
1.2351
1.2351
1.2355
1.2357
1.2359
Woodie's
1.2321
1.2330
1.2342
1.2351
1.2363
1.2372
1.2384
DeMark's
-
-
1.2336
1.2348
1.2357
-
-","Technical IndicatorsJun 17, 2021 06:41PM GMT
Name
Value
Action
RSI(14)
67.884
Buy
STOCH(9,6)
65.650
Buy
STOCHRSI(14)
23.686
Oversold
MACD(12,26)
0.003
Buy
ADX(14)
33.242
Neutral
Williams %R
-27.468
Buy
CCI(14)
90.2082
Buy
ATR(14)
0.0026
High Volatility
Highs/Lows(14)
0.0013
Buy
Ultimate Oscillator
68.324
Buy
ROC
0.619
Buy
Bull/Bear Power(13)
0.0037
Buy
Buy: 9
Sell: 0
Neutral: 1


Summary:Strong Buy","Jun 17, 2021 06:41PM GMT"
usd_chf,0.9168 +0.0083    +0.91%,14:41:40,2021-06-17 18:42:10.291018,"Prev. Close: 0.9085
Bid/Ask: 0.9166 / 0.9170
Day's Range: 0.9076 - 0.9188",Strong Buy,"Summary:Strong Buy
Moving Averages:BuyBuy (10)Sell (2)
Technical Indicators:Strong BuyBuy (8)Sell (0)","Name
S3
S2
S1
Pivot Points
R1
R2
R3
Classic
0.9150
0.9160
0.9166
0.9176
0.9181
0.9192
0.9197
Fibonacci
0.9160
0.9166
0.9170
0.9176
0.9182
0.9186
0.9192
Camarilla
0.9167
0.9169
0.9170
0.9176
0.9173
0.9174
0.9176
Woodie's
0.9148
0.9159
0.9164
0.9175
0.9179
0.9191
0.9195
DeMark's
-
-
0.9163
0.9175
0.9179
-
-","Technical IndicatorsJun 17, 2021 06:41PM GMT
Name
Value
Action
RSI(14)
73.533
Buy
STOCH(9,6)
76.055
Buy
STOCHRSI(14)
0.000
Oversold
MACD(12,26)
0.004
Buy
ADX(14)
31.354
Neutral
Williams %R
-18.182
Overbought
CCI(14)
87.3685
Buy
ATR(14)
0.0018
High Volatility
Highs/Lows(14)
0.0015
Buy
Ultimate Oscillator
64.929
Buy
ROC
0.925
Buy
Bull/Bear Power(13)
0.0041
Buy
Buy: 8
Sell: 0
Neutral: 1


Summary:Strong Buy","Jun 17, 2021 06:41PM GMT"
nzd_chf,0.6426 +0.0022    +0.34%,14:41:41,2021-06-17 18:42:10.293758,"Prev. Close: 0.6404
Bid/Ask: 0.6424 / 0.6427
Day's Range: 0.6406 - 0.6453",Sell,"Summary:Sell
Moving Averages:NeutralBuy (6)Sell (6)
Technical Indicators:Strong SellBuy (1)Sell (7)","Name
S3
S2
S1
Pivot Points
R1
R2
R3
Classic
0.6420
0.6422
0.6425
0.6428
0.6431
0.6434
0.6437
Fibonacci
0.6422
0.6425
0.6426
0.6428
0.6430
0.6431
0.6434
Camarilla
0.6426
0.6427
0.6427
0.6428
0.6429
0.6429
0.6430
Woodie's
0.6420
0.6422
0.6425
0.6428
0.6431
0.6434
0.6437
DeMark's
-
-
0.6426
0.6429
0.6432
-
-","Technical IndicatorsJun 17, 2021 06:39PM GMT
Name
Value
Action
RSI(14)
50.463
Neutral
STOCH(9,6)
42.368
Sell
STOCHRSI(14)
43.227
Sell
MACD(12,26)
0.000
Buy
ADX(14)
25.141
Sell
Williams %R
-56.990
Sell
CCI(14)
-24.4334
Neutral
ATR(14)
0.0012
Less Volatility
Highs/Lows(14)
0.0000
Neutral
Ultimate Oscillator
47.682
Sell
ROC
-0.202
Sell
Bull/Bear Power(13)
-0.0006
Sell
Buy: 1
Sell: 7
Neutral: 3


Summary:Strong Sell","Jun 17, 2021 06:39PM GMT"
usd_cny,6.4484 +0.0515    +0.80%,11:27:22,2021-06-17 18:42:10.296516,"Prev. Close: 6.3969
Bid/Ask: 6.4477 / 6.4490
Day's Range: 6.3972 - 6.4494",Strong Buy,"Summary:Strong Buy
Moving Averages:BuyBuy (12)Sell (0)
Technical Indicators:Strong BuyBuy (7)Sell (0)","Name
S3
S2
S1
Pivot Points
R1
R2
R3
Classic
6.4380
6.4399
6.4436
6.4455
6.4492
6.4511
6.4548
Fibonacci
6.4399
6.4420
6.4434
6.4455
6.4476
6.4490
6.4511
Camarilla
6.4458
6.4463
6.4468
6.4455
6.4479
6.4484
6.4489
Woodie's
6.4390
6.4404
6.4446
6.4460
6.4502
6.4516
6.4558
DeMark's
-
-
6.4446
6.4460
6.4502
-
-","Technical IndicatorsJun 17, 2021 03:34PM GMT
Name
Value
Action
RSI(14)
85.433
Overbought
STOCH(9,6)
77.649
Buy
STOCHRSI(14)
100.000
Overbought
MACD(12,26)
0.011
Buy
ADX(14)
61.337
Buy
Williams %R
-3.426
Overbought
CCI(14)
151.8010
Buy
ATR(14)
0.0041
Less Volatility
Highs/Lows(14)
0.0141
Buy
Ultimate Oscillator
82.973
Overbought
ROC
0.391
Buy
Bull/Bear Power(13)
0.0286
Buy
Buy: 7
Sell: 0
Neutral: 0


Summary:Strong Buy","Jun 17, 2021 03:34PM GMT"
usd_hkd,7.7649 +0.0019    +0.02%,14:41:28,2021-06-17 18:42:10.299271,"Prev. Close: 7.7630
Bid/Ask: 7.7648 / 7.7649
Day's Range: 7.7625 - 7.7656",Strong Buy,"Summary:Strong Buy
Moving Averages:BuyBuy (12)Sell (0)
Technical Indicators:Strong BuyBuy (7)Sell (3)","Name
S3
S2
S1
Pivot Points
R1
R2
R3
Classic
7.7636
7.7639
7.7643
7.7646
7.7650
7.7653
7.7657
Fibonacci
7.7639
7.7642
7.7643
7.7646
7.7649
7.7650
7.7653
Camarilla
7.7646
7.7646
7.7647
7.7646
7.7648
7.7649
7.7649
Woodie's
7.7636
7.7639
7.7643
7.7646
7.7650
7.7653
7.7657
DeMark's
-
-
7.7644
7.7646
7.7651
-
-","Technical IndicatorsJun 17, 2021 06:41PM GMT
Name
Value
Action
RSI(14)
57.948
Buy
STOCH(9,6)
32.898
Sell
STOCHRSI(14)
35.095
Sell
MACD(12,26)
0.000
Buy
ADX(14)
42.016
Buy
Williams %R
-36.838
Buy
CCI(14)
74.7187
Buy
ATR(14)
0.0009
Less Volatility
Highs/Lows(14)
0.0000
Neutral
Ultimate Oscillator
44.150
Sell
ROC
0.010
Buy
Bull/Bear Power(13)
0.0016
Buy
Buy: 7
Sell: 3
Neutral: 1


Summary:Strong Buy","Jun 17, 2021 06:41PM GMT"
eur_usd,1.1922 -0.0072    -0.60%,14:42:47,2021-06-17 18:43:10.065395,"Prev. Close: 1.1994
Bid/Ask: 1.1920 / 1.1924
Day's Range: 1.1892 - 1.2007",Strong Sell,"Summary:Strong Sell
Moving Averages:SellBuy (2)Sell (10)
Technical Indicators:Strong SellBuy (0)Sell (9)","Name
S3
S2
S1
Pivot Points
R1
R2
R3
Classic
1.1880
1.1888
1.1902
1.1910
1.1924
1.1932
1.1946
Fibonacci
1.1888
1.1896
1.1902
1.1910
1.1918
1.1924
1.1932
Camarilla
1.1910
1.1912
1.1914
1.1910
1.1918
1.1920
1.1922
Woodie's
1.1882
1.1889
1.1904
1.1911
1.1926
1.1933
1.1948
DeMark's
-
-
1.1906
1.1912
1.1928
-
-","Technical IndicatorsJun 17, 2021 06:41PM GMT
Name
Value
Action
RSI(14)
29.729
Sell
STOCH(9,6)
30.645
Sell
STOCHRSI(14)
100.000
Overbought
MACD(12,26)
-0.004
Sell
ADX(14)
30.965
Neutral
Williams %R
-75.546
Sell
CCI(14)
-84.8929
Sell
ATR(14)
0.0022
High Volatility
Highs/Lows(14)
-0.0011
Sell
Ultimate Oscillator
37.921
Sell
ROC
-0.675
Sell
Bull/Bear Power(13)
-0.0044
Sell
Buy: 0
Sell: 9
Neutral: 1


Summary:Strong Sell","Jun 17, 2021 06:41PM GMT"
gbp_usd,1.3935 -0.0052    -0.37%,14:42:47,2021-06-17 18:43:10.069000,"Prev. Close: 1.3987
Bid/Ask: 1.3933 / 1.3937
Day's Range: 1.3896 - 1.4010",Strong Sell,"Summary:Strong Sell
Moving Averages:SellBuy (2)Sell (10)
Technical Indicators:Strong SellBuy (1)Sell (9)","Name
S3
S2
S1
Pivot Points
R1
R2
R3
Classic
1.3876
1.3886
1.3905
1.3915
1.3934
1.3944
1.3963
Fibonacci
1.3886
1.3897
1.3904
1.3915
1.3926
1.3933
1.3944
Camarilla
1.3917
1.3920
1.3922
1.3915
1.3928
1.3930
1.3933
Woodie's
1.3882
1.3889
1.3911
1.3918
1.3940
1.3947
1.3969
DeMark's
-
-
1.3910
1.3918
1.3939
-
-","Technical IndicatorsJun 17, 2021 06:41PM GMT
Name
Value
Action
RSI(14)
37.147
Sell
STOCH(9,6)
31.025
Sell
STOCHRSI(14)
97.532
Overbought
MACD(12,26)
-0.003
Sell
ADX(14)
39.537
Buy
Williams %R
-69.604
Sell
CCI(14)
-74.8965
Sell
ATR(14)
0.0027
High Volatility
Highs/Lows(14)
-0.0010
Sell
Ultimate Oscillator
37.903
Sell
ROC
-0.486
Sell
Bull/Bear Power(13)
-0.0025
Sell
Buy: 1
Sell: 9
Neutral: 0


Summary:Strong Sell","Jun 17, 2021 06:41PM GMT"
usd_jpy,110.21 -0.48    -0.44%,14:42:35,2021-06-17 18:43:10.071974,"Prev. Close: 110.69
Bid/Ask: 110.20 / 110.21
Day's Range: 110.17 - 110.83",Strong Sell,"Summary:Strong Sell
Moving Averages:SellBuy (4)Sell (8)
Technical Indicators:Strong SellBuy (0)Sell (8)","Name
S3
S2
S1
Pivot Points
R1
R2
R3
Classic
110.03
110.11
110.16
110.24
110.29
110.37
110.41
Fibonacci
110.11
110.16
110.19
110.24
110.29
110.32
110.37
Camarilla
110.18
110.19
110.20
110.24
110.23
110.24
110.25
Woodie's
110.03
110.11
110.16
110.24
110.29
110.37
110.41
DeMark's
-
-
110.14
110.23
110.27
-
-","Technical IndicatorsJun 17, 2021 06:41PM GMT
Name
Value
Action
RSI(14)
38.422
Sell
STOCH(9,6)
18.768
Oversold
STOCHRSI(14)
0.576
Oversold
MACD(12,26)
-0.010
Sell
ADX(14)
35.350
Sell
Williams %R
-94.117
Oversold
CCI(14)
-123.7562
Sell
ATR(14)
0.1325
High Volatility
Highs/Lows(14)
-0.2357
Sell
Ultimate Oscillator
36.647
Sell
ROC
-0.425
Sell
Bull/Bear Power(13)
-0.4060
Sell
Buy: 0
Sell: 8
Neutral: 0


Summary:Strong Sell","Jun 17, 2021 06:41PM GMT"
aud_usd,0.7558 -0.0052    -0.68%,14:42:46,2021-06-17 18:43:10.074760,"Prev. Close: 0.7610
Bid/Ask: 0.7557 / 0.7559
Day's Range: 0.7540 - 0.7646",Strong Sell,"Summary:Strong Sell
Moving Averages:SellBuy (1)Sell (11)
Technical Indicators:Strong SellBuy (1)Sell (8)","Name
S3
S2
S1
Pivot Points
R1
R2
R3
Classic
0.7531
0.7537
0.7548
0.7554
0.7565
0.7571
0.7582
Fibonacci
0.7537
0.7543
0.7548
0.7554
0.7560
0.7565
0.7571
Camarilla
0.7553
0.7555
0.7556
0.7554
0.7560
0.7561
0.7563
Woodie's
0.7533
0.7538
0.7550
0.7555
0.7567
0.7572
0.7584
DeMark's
-
-
0.7551
0.7555
0.7568
-
-","Technical IndicatorsJun 17, 2021 06:41PM GMT
Name
Value
Action
RSI(14)
28.064
Sell
STOCH(9,6)
22.776
Sell
STOCHRSI(14)
55.323
Buy
MACD(12,26)
-0.003
Sell
ADX(14)
42.866
Sell
Williams %R
-82.292
Oversold
CCI(14)
-79.9042
Sell
ATR(14)
0.0018
Less Volatility
Highs/Lows(14)
-0.0018
Sell
Ultimate Oscillator
29.664
Oversold
ROC
-0.957
Sell
Bull/Bear Power(13)
-0.0024
Sell
Buy: 1
Sell: 8
Neutral: 0


Summary:Strong Sell","Jun 17, 2021 06:41PM GMT"
eur_gbp,0.8556 -0.0017    -0.20%,14:42:47,2021-06-17 18:43:10.077514,"Prev. Close: 0.8573
Bid/Ask: 0.8553 / 0.8559
Day's Range: 0.8542 - 0.8580",Strong Sell,"Summary:Strong Sell
Moving Averages:Strong SellBuy (0)Sell (12)
Technical Indicators:SellBuy (1)Sell (5)","Name
S3
S2
S1
Pivot Points
R1
R2
R3
Classic
0.8547
0.8552
0.8555
0.8560
0.8562
0.8568
0.8570
Fibonacci
0.8552
0.8555
0.8557
0.8560
0.8563
0.8565
0.8568
Camarilla
0.8555
0.8556
0.8557
0.8560
0.8558
0.8559
0.8560
Woodie's
0.8547
0.8552
0.8555
0.8560
0.8562
0.8568
0.8570
DeMark's
-
-
0.8554
0.8559
0.8561
-
-","Technical IndicatorsJun 17, 2021 06:41PM GMT
Name
Value
Action
RSI(14)
39.218
Sell
STOCH(9,6)
52.069
Neutral
STOCHRSI(14)
77.045
Overbought
MACD(12,26)
-0.001
Sell
ADX(14)
35.370
Sell
Williams %R
-53.731
Neutral
CCI(14)
-40.6966
Neutral
ATR(14)
0.0011
High Volatility
Highs/Lows(14)
0.0000
Neutral
Ultimate Oscillator
54.862
Buy
ROC
-0.192
Sell
Bull/Bear Power(13)
-0.0008
Sell
Buy: 1
Sell: 5
Neutral: 4


Summary:Sell","Jun 17, 2021 06:41PM GMT"
usd_cad,1.2345 +0.0069    +0.56%,14:42:48,2021-06-17 18:43:10.080287,"Prev. Close: 1.2276
Bid/Ask: 1.2344 / 1.2345
Day's Range: 1.2261 - 1.2378",Strong Buy,"Summary:Strong Buy
Moving Averages:BuyBuy (10)Sell (2)
Technical Indicators:Strong BuyBuy (9)Sell (0)","Name
S3
S2
S1
Pivot Points
R1
R2
R3
Classic
1.2321
1.2330
1.2342
1.2351
1.2363
1.2372
1.2384
Fibonacci
1.2330
1.2338
1.2343
1.2351
1.2359
1.2364
1.2372
Camarilla
1.2347
1.2349
1.2351
1.2351
1.2355
1.2357
1.2359
Woodie's
1.2321
1.2330
1.2342
1.2351
1.2363
1.2372
1.2384
DeMark's
-
-
1.2336
1.2348
1.2357
-
-","Technical IndicatorsJun 17, 2021 06:41PM GMT
Name
Value
Action
RSI(14)
67.884
Buy
STOCH(9,6)
65.650
Buy
STOCHRSI(14)
23.686
Oversold
MACD(12,26)
0.003
Buy
ADX(14)
33.242
Neutral
Williams %R
-27.468
Buy
CCI(14)
90.2082
Buy
ATR(14)
0.0026
High Volatility
Highs/Lows(14)
0.0013
Buy
Ultimate Oscillator
68.324
Buy
ROC
0.619
Buy
Bull/Bear Power(13)
0.0037
Buy
Buy: 9
Sell: 0
Neutral: 1


Summary:Strong Buy","Jun 17, 2021 06:41PM GMT"
usd_chf,0.9166 +0.0081    +0.89%,14:42:35,2021-06-17 18:43:10.083065,"Prev. Close: 0.9085
Bid/Ask: 0.9164 / 0.9168
Day's Range: 0.9076 - 0.9188",Strong Buy,"Summary:Strong Buy
Moving Averages:BuyBuy (10)Sell (2)
Technical Indicators:Strong BuyBuy (8)Sell (0)","Name
S3
S2
S1
Pivot Points
R1
R2
R3
Classic
0.9150
0.9160
0.9166
0.9176
0.9181
0.9192
0.9197
Fibonacci
0.9160
0.9166
0.9170
0.9176
0.9182
0.9186
0.9192
Camarilla
0.9167
0.9169
0.9170
0.9176
0.9173
0.9174
0.9176
Woodie's
0.9148
0.9159
0.9164
0.9175
0.9179
0.9191
0.9195
DeMark's
-
-
0.9163
0.9175
0.9179
-
-","Technical IndicatorsJun 17, 2021 06:41PM GMT
Name
Value
Action
RSI(14)
73.533
Buy
STOCH(9,6)
76.055
Buy
STOCHRSI(14)
0.000
Oversold
MACD(12,26)
0.004
Buy
ADX(14)
31.354
Neutral
Williams %R
-18.182
Overbought
CCI(14)
87.3685
Buy
ATR(14)
0.0018
High Volatility
Highs/Lows(14)
0.0015
Buy
Ultimate Oscillator
64.929
Buy
ROC
0.925
Buy
Bull/Bear Power(13)
0.0041
Buy
Buy: 8
Sell: 0
Neutral: 1


Summary:Strong Buy","Jun 17, 2021 06:41PM GMT"
nzd_chf,0.6425 +0.0021    +0.32%,14:42:49,2021-06-17 18:43:10.085806,"Prev. Close: 0.6404
Bid/Ask: 0.6423 / 0.6426
Day's Range: 0.6406 - 0.6453",Sell,"Summary:Sell
Moving Averages:NeutralBuy (6)Sell (6)
Technical Indicators:Strong SellBuy (1)Sell (7)","Name
S3
S2
S1
Pivot Points
R1
R2
R3
Classic
0.6420
0.6422
0.6425
0.6428
0.6431
0.6434
0.6437
Fibonacci
0.6422
0.6425
0.6426
0.6428
0.6430
0.6431
0.6434
Camarilla
0.6426
0.6427
0.6427
0.6428
0.6429
0.6429
0.6430
Woodie's
0.6420
0.6422
0.6425
0.6428
0.6431
0.6434
0.6437
DeMark's
-
-
0.6426
0.6429
0.6432
-
-","Technical IndicatorsJun 17, 2021 06:41PM GMT
Name
Value
Action
RSI(14)
50.463
Neutral
STOCH(9,6)
42.368
Sell
STOCHRSI(14)
43.227
Sell
MACD(12,26)
0.000
Buy
ADX(14)
25.141
Sell
Williams %R
-56.990
Sell
CCI(14)
-24.4334
Neutral
ATR(14)
0.0012
Less Volatility
Highs/Lows(14)
0.0000
Neutral
Ultimate Oscillator
47.682
Sell
ROC
-0.202
Sell
Bull/Bear Power(13)
-0.0006
Sell
Buy: 1
Sell: 7
Neutral: 3


Summary:Strong Sell","Jun 17, 2021 06:41PM GMT"
usd_cny,6.4484 +0.0515    +0.80%,11:27:22,2021-06-17 18:43:10.088569,"Prev. Close: 6.3969
Bid/Ask: 6.4477 / 6.4490
Day's Range: 6.3972 - 6.4494",Strong Buy,"Summary:Strong Buy
Moving Averages:BuyBuy (12)Sell (0)
Technical Indicators:Strong BuyBuy (7)Sell (0)","Name
S3
S2
S1
Pivot Points
R1
R2
R3
Classic
6.4380
6.4399
6.4436
6.4455
6.4492
6.4511
6.4548
Fibonacci
6.4399
6.4420
6.4434
6.4455
6.4476
6.4490
6.4511
Camarilla
6.4458
6.4463
6.4468
6.4455
6.4479
6.4484
6.4489
Woodie's
6.4390
6.4404
6.4446
6.4460
6.4502
6.4516
6.4558
DeMark's
-
-
6.4446
6.4460
6.4502
-
-","Technical IndicatorsJun 17, 2021 03:34PM GMT
Name
Value
Action
RSI(14)
85.433
Overbought
STOCH(9,6)
77.649
Buy
STOCHRSI(14)
100.000
Overbought
MACD(12,26)
0.011
Buy
ADX(14)
61.337
Buy
Williams %R
-3.426
Overbought
CCI(14)
151.8010
Buy
ATR(14)
0.0041
Less Volatility
Highs/Lows(14)
0.0141
Buy
Ultimate Oscillator
82.973
Overbought
ROC
0.391
Buy
Bull/Bear Power(13)
0.0286
Buy
Buy: 7
Sell: 0
Neutral: 0


Summary:Strong Buy","Jun 17, 2021 03:34PM GMT"
usd_hkd,7.7649 +0.0019    +0.02%,14:42:50,2021-06-17 18:43:10.091340,"Prev. Close: 7.7630
Bid/Ask: 7.7648 / 7.7649
Day's Range: 7.7625 - 7.7656",Strong Buy,"Summary:Strong Buy
Moving Averages:BuyBuy (12)Sell (0)
Technical Indicators:Strong BuyBuy (7)Sell (3)","Name
S3
S2
S1
Pivot Points
R1
R2
R3
Classic
7.7636
7.7639
7.7643
7.7646
7.7650
7.7653
7.7657
Fibonacci
7.7639
7.7642
7.7643
7.7646
7.7649
7.7650
7.7653
Camarilla
7.7646
7.7646
7.7647
7.7646
7.7648
7.7649
7.7649
Woodie's
7.7636
7.7639
7.7643
7.7646
7.7650
7.7653
7.7657
DeMark's
-
-
7.7644
7.7646
7.7651
-
-","Technical IndicatorsJun 17, 2021 06:41PM GMT
Name
Value
Action
RSI(14)
57.948
Buy
STOCH(9,6)
32.898
Sell
STOCHRSI(14)
35.095
Sell
MACD(12,26)
0.000
Buy
ADX(14)
42.016
Buy
Williams %R
-36.838
Buy
CCI(14)
74.7187
Buy
ATR(14)
0.0009
Less Volatility
Highs/Lows(14)
0.0000
Neutral
Ultimate Oscillator
44.150
Sell
ROC
0.010
Buy
Bull/Bear Power(13)
0.0016
Buy
Buy: 7
Sell: 3
Neutral: 1


Summary:Strong Buy","Jun 17, 2021 06:41PM GMT"
eur_usd,1.1920 -0.0074    -0.62%,14:43:38,2021-06-17 18:44:10.387732,"Prev. Close: 1.1994
Bid/Ask: 1.1918 / 1.1922
Day's Range: 1.1892 - 1.2007",Strong Sell,"Summary:Strong Sell
Moving Averages:SellBuy (2)Sell (10)
Technical Indicators:Strong SellBuy (0)Sell (9)","Name
S3
S2
S1
Pivot Points
R1
R2
R3
Classic
1.1880
1.1888
1.1902
1.1910
1.1924
1.1932
1.1946
Fibonacci
1.1888
1.1896
1.1902
1.1910
1.1918
1.1924
1.1932
Camarilla
1.1910
1.1912
1.1914
1.1910
1.1918
1.1920
1.1922
Woodie's
1.1882
1.1889
1.1904
1.1911
1.1926
1.1933
1.1948
DeMark's
-
-
1.1906
1.1912
1.1928
-
-","Technical IndicatorsJun 17, 2021 06:41PM GMT
Name
Value
Action
RSI(14)
29.729
Sell
STOCH(9,6)
30.645
Sell
STOCHRSI(14)
100.000
Overbought
MACD(12,26)
-0.004
Sell
ADX(14)
30.965
Neutral
Williams %R
-75.546
Sell
CCI(14)
-84.8929
Sell
ATR(14)
0.0022
High Volatility
Highs/Lows(14)
-0.0011
Sell
Ultimate Oscillator
37.921
Sell
ROC
-0.675
Sell
Bull/Bear Power(13)
-0.0044
Sell
Buy: 0
Sell: 9
Neutral: 1


Summary:Strong Sell","Jun 17, 2021 06:41PM GMT"
gbp_usd,1.3932 -0.0056    -0.40%,14:43:33,2021-06-17 18:44:10.391256,"Prev. Close: 1.3987
Bid/Ask: 1.3931 / 1.3932
Day's Range: 1.3896 - 1.4010",Strong Sell,"Summary:Strong Sell
Moving Averages:SellBuy (2)Sell (10)
Technical Indicators:Strong SellBuy (1)Sell (9)","Name
S3
S2
S1
Pivot Points
R1
R2
R3
Classic
1.3876
1.3886
1.3905
1.3915
1.3934
1.3944
1.3963
Fibonacci
1.3886
1.3897
1.3904
1.3915
1.3926
1.3933
1.3944
Camarilla
1.3917
1.3920
1.3922
1.3915
1.3928
1.3930
1.3933
Woodie's
1.3882
1.3889
1.3911
1.3918
1.3940
1.3947
1.3969
DeMark's
-
-
1.3910
1.3918
1.3939
-
-","Technical IndicatorsJun 17, 2021 06:43PM GMT
Name
Value
Action
RSI(14)
38.554
Sell
STOCH(9,6)
31.963
Sell
STOCHRSI(14)
100.000
Overbought
MACD(12,26)
-0.003
Sell
ADX(14)
39.758
Buy
Williams %R
-65.639
Sell
CCI(14)
-68.1432
Sell
ATR(14)
0.0027
High Volatility
Highs/Lows(14)
-0.0006
Sell
Ultimate Oscillator
38.982
Sell
ROC
-0.454
Sell
Bull/Bear Power(13)
-0.0021
Sell
Buy: 1
Sell: 9
Neutral: 0


Summary:Strong Sell","Jun 17, 2021 06:43PM GMT"
usd_jpy,110.22 -0.47    -0.43%,14:43:39,2021-06-17 18:44:10.394132,"Prev. Close: 110.69
Bid/Ask: 110.21 / 110.22
Day's Range: 110.17 - 110.83",Strong Sell,"Summary:Strong Sell
Moving Averages:SellBuy (4)Sell (8)
Technical Indicators:Strong SellBuy (0)Sell (8)","Name
S3
S2
S1
Pivot Points
R1
R2
R3
Classic
110.03
110.11
110.16
110.24
110.29
110.37
110.41
Fibonacci
110.11
110.16
110.19
110.24
110.29
110.32
110.37
Camarilla
110.18
110.19
110.20
110.24
110.23
110.24
110.25
Woodie's
110.03
110.11
110.16
110.24
110.29
110.37
110.41
DeMark's
-
-
110.14
110.23
110.27
-
-","Technical IndicatorsJun 17, 2021 06:43PM GMT
Name
Value
Action
RSI(14)
38.422
Sell
STOCH(9,6)
18.768
Oversold
STOCHRSI(14)
0.576
Oversold
MACD(12,26)
-0.010
Sell
ADX(14)
35.350
Sell
Williams %R
-94.117
Oversold
CCI(14)
-123.7562
Sell
ATR(14)
0.1325
High Volatility
Highs/Lows(14)
-0.2357
Sell
Ultimate Oscillator
36.647
Sell
ROC
-0.425
Sell
Bull/Bear Power(13)
-0.4060
Sell
Buy: 0
Sell: 8
Neutral: 0


Summary:Strong Sell","Jun 17, 2021 06:43PM GMT"
aud_usd,0.7557 -0.0053    -0.70%,14:43:43,2021-06-17 18:44:10.396969,"Prev. Close: 0.7610
Bid/Ask: 0.7556 / 0.7558
Day's Range: 0.7540 - 0.7646",Strong Sell,"Summary:Strong Sell
Moving Averages:SellBuy (2)Sell (10)
Technical Indicators:Strong SellBuy (1)Sell (10)","Name
S3
S2
S1
Pivot Points
R1
R2
R3
Classic
0.7531
0.7537
0.7548
0.7554
0.7565
0.7571
0.7582
Fibonacci
0.7537
0.7543
0.7548
0.7554
0.7560
0.7565
0.7571
Camarilla
0.7553
0.7555
0.7556
0.7554
0.7560
0.7561
0.7563
Woodie's
0.7533
0.7538
0.7550
0.7555
0.7567
0.7572
0.7584
DeMark's
-
-
0.7551
0.7555
0.7568
-
-","Technical IndicatorsJun 17, 2021 06:43PM GMT
Name
Value
Action
RSI(14)
29.087
Sell
STOCH(9,6)
23.488
Sell
STOCHRSI(14)
61.023
Buy
MACD(12,26)
-0.003
Sell
ADX(14)
42.866
Sell
Williams %R
-79.687
Sell
CCI(14)
-77.8523
Sell
ATR(14)
0.0018
Less Volatility
Highs/Lows(14)
-0.0015
Sell
Ultimate Oscillator
31.142
Sell
ROC
-0.924
Sell
Bull/Bear Power(13)
-0.0024
Sell
Buy: 1
Sell: 10
Neutral: 0


Summary:Strong Sell","Jun 17, 2021 06:43PM GMT"
eur_gbp,0.8555 -0.0018    -0.21%,14:43:40,2021-06-17 18:44:10.399783,"Prev. Close: 0.8573
Bid/Ask: 0.8553 / 0.8557
Day's Range: 0.8542 - 0.8580",Strong Sell,"Summary:Strong Sell
Moving Averages:Strong SellBuy (0)Sell (12)
Technical Indicators:Strong SellBuy (2)Sell (7)","Name
S3
S2
S1
Pivot Points
R1
R2
R3
Classic
0.8547
0.8552
0.8555
0.8560
0.8562
0.8568
0.8570
Fibonacci
0.8552
0.8555
0.8557
0.8560
0.8563
0.8565
0.8568
Camarilla
0.8555
0.8556
0.8557
0.8560
0.8558
0.8559
0.8560
Woodie's
0.8547
0.8552
0.8555
0.8560
0.8562
0.8568
0.8570
DeMark's
-
-
0.8554
0.8559
0.8561
-
-","Technical IndicatorsJun 17, 2021 06:43PM GMT
Name
Value
Action
RSI(14)
37.133
Sell
STOCH(9,6)
50.218
Neutral
STOCHRSI(14)
67.997
Buy
MACD(12,26)
-0.001
Sell
ADX(14)
35.421
Sell
Williams %R
-62.686
Sell
CCI(14)
-56.0571
Sell
ATR(14)
0.0011
High Volatility
Highs/Lows(14)
0.0000
Neutral
Ultimate Oscillator
52.267
Buy
ROC
-0.227
Sell
Bull/Bear Power(13)
-0.0008
Sell
Buy: 2
Sell: 7
Neutral: 2


Summary:Strong Sell","Jun 17, 2021 06:43PM GMT"
usd_cad,1.2346 +0.0069    +0.57%,14:43:42,2021-06-17 18:44:10.402568,"Prev. Close: 1.2276
Bid/Ask: 1.2345 / 1.2346
Day's Range: 1.2261 - 1.2378",Strong Buy,"Summary:Strong Buy
Moving Averages:BuyBuy (10)Sell (2)
Technical Indicators:Strong BuyBuy (9)Sell (0)","Name
S3
S2
S1
Pivot Points
R1
R2
R3
Classic
1.2321
1.2330
1.2342
1.2351
1.2363
1.2372
1.2384
Fibonacci
1.2330
1.2338
1.2343
1.2351
1.2359
1.2364
1.2372
Camarilla
1.2347
1.2349
1.2351
1.2351
1.2355
1.2357
1.2359
Woodie's
1.2321
1.2330
1.2342
1.2351
1.2363
1.2372
1.2384
DeMark's
-
-
1.2336
1.2348
1.2357
-
-","Technical IndicatorsJun 17, 2021 06:41PM GMT
Name
Value
Action
RSI(14)
67.884
Buy
STOCH(9,6)
65.650
Buy
STOCHRSI(14)
23.686
Oversold
MACD(12,26)
0.003
Buy
ADX(14)
33.242
Neutral
Williams %R
-27.468
Buy
CCI(14)
90.2082
Buy
ATR(14)
0.0026
High Volatility
Highs/Lows(14)
0.0013
Buy
Ultimate Oscillator
68.324
Buy
ROC
0.619
Buy
Bull/Bear Power(13)
0.0037
Buy
Buy: 9
Sell: 0
Neutral: 1


Summary:Strong Buy","Jun 17, 2021 06:41PM GMT"
usd_chf,0.9166 +0.0081    +0.89%,14:43:32,2021-06-17 18:44:10.405304,"Prev. Close: 0.9085
Bid/Ask: 0.9164 / 0.9168
Day's Range: 0.9076 - 0.9188",Strong Buy,"Summary:Strong Buy
Moving Averages:BuyBuy (10)Sell (2)
Technical Indicators:Strong BuyBuy (9)Sell (0)","Name
S3
S2
S1
Pivot Points
R1
R2
R3
Classic
0.9150
0.9160
0.9166
0.9176
0.9181
0.9192
0.9197
Fibonacci
0.9160
0.9166
0.9170
0.9176
0.9182
0.9186
0.9192
Camarilla
0.9167
0.9169
0.9170
0.9176
0.9173
0.9174
0.9176
Woodie's
0.9148
0.9159
0.9164
0.9175
0.9179
0.9191
0.9195
DeMark's
-
-
0.9163
0.9175
0.9179
-
-","Technical IndicatorsJun 17, 2021 06:43PM GMT
Name
Value
Action
RSI(14)
72.367
Buy
STOCH(9,6)
75.438
Buy
STOCHRSI(14)
0.000
Oversold
MACD(12,26)
0.004
Buy
ADX(14)
31.028
Neutral
Williams %R
-20.000
Buy
CCI(14)
83.9560
Buy
ATR(14)
0.0018
High Volatility
Highs/Lows(14)
0.0013
Buy
Ultimate Oscillator
64.158
Buy
ROC
0.903
Buy
Bull/Bear Power(13)
0.0039
Buy
Buy: 9
Sell: 0
Neutral: 1


Summary:Strong Buy","Jun 17, 2021 06:43PM GMT"
nzd_chf,0.6426 +0.0022    +0.34%,14:43:41,2021-06-17 18:44:10.408069,"Prev. Close: 0.6404
Bid/Ask: 0.6424 / 0.6427
Day's Range: 0.6406 - 0.6453",Sell,"Summary:Sell
Moving Averages:NeutralBuy (6)Sell (6)
Technical Indicators:Strong SellBuy (1)Sell (7)","Name
S3
S2
S1
Pivot Points
R1
R2
R3
Classic
0.6420
0.6422
0.6425
0.6428
0.6431
0.6434
0.6437
Fibonacci
0.6422
0.6425
0.6426
0.6428
0.6430
0.6431
0.6434
Camarilla
0.6426
0.6427
0.6427
0.6428
0.6429
0.6429
0.6430
Woodie's
0.6420
0.6422
0.6425
0.6428
0.6431
0.6434
0.6437
DeMark's
-
-
0.6426
0.6429
0.6432
-
-","Technical IndicatorsJun 17, 2021 06:43PM GMT
Name
Value
Action
RSI(14)
49.779
Neutral
STOCH(9,6)
41.929
Sell
STOCHRSI(14)
40.606
Sell
MACD(12,26)
0.000
Buy
ADX(14)
25.668
Sell
Williams %R
-59.141
Sell
CCI(14)
-27.9890
Neutral
ATR(14)
0.0012
Less Volatility
Highs/Lows(14)
0.0000
Neutral
Ultimate Oscillator
46.980
Sell
ROC
-0.217
Sell
Bull/Bear Power(13)
-0.0006
Sell
Buy: 1
Sell: 7
Neutral: 3


Summary:Strong Sell","Jun 17, 2021 06:43PM GMT"
usd_cny,6.4484 +0.0515    +0.80%,11:27:22,2021-06-17 18:44:10.410837,"Prev. Close: 6.3969
Bid/Ask: 6.4477 / 6.4490
Day's Range: 6.3972 - 6.4494",Strong Buy,"Summary:Strong Buy
Moving Averages:BuyBuy (12)Sell (0)
Technical Indicators:Strong BuyBuy (7)Sell (0)","Name
S3
S2
S1
Pivot Points
R1
R2
R3
Classic
6.4380
6.4399
6.4436
6.4455
6.4492
6.4511
6.4548
Fibonacci
6.4399
6.4420
6.4434
6.4455
6.4476
6.4490
6.4511
Camarilla
6.4458
6.4463
6.4468
6.4455
6.4479
6.4484
6.4489
Woodie's
6.4390
6.4404
6.4446
6.4460
6.4502
6.4516
6.4558
DeMark's
-
-
6.4446
6.4460
6.4502
-
-","Technical IndicatorsJun 17, 2021 03:34PM GMT
Name
Value
Action
RSI(14)
85.433
Overbought
STOCH(9,6)
77.649
Buy
STOCHRSI(14)
100.000
Overbought
MACD(12,26)
0.011
Buy
ADX(14)
61.337
Buy
Williams %R
-3.426
Overbought
CCI(14)
151.8010
Buy
ATR(14)
0.0041
Less Volatility
Highs/Lows(14)
0.0141
Buy
Ultimate Oscillator
82.973
Overbought
ROC
0.391
Buy
Bull/Bear Power(13)
0.0286
Buy
Buy: 7
Sell: 0
Neutral: 0


Summary:Strong Buy","Jun 17, 2021 03:34PM GMT"
usd_hkd,7.7649 +0.0019    +0.02%,14:43:28,2021-06-17 18:44:10.413576,"Prev. Close: 7.7630
Bid/Ask: 7.7648 / 7.7649
Day's Range: 7.7625 - 7.7656",Strong Buy,"Summary:Strong Buy
Moving Averages:BuyBuy (12)Sell (0)
Technical Indicators:Strong BuyBuy (7)Sell (3)","Name
S3
S2
S1
Pivot Points
R1
R2
R3
Classic
7.7636
7.7639
7.7643
7.7646
7.7650
7.7653
7.7657
Fibonacci
7.7639
7.7642
7.7643
7.7646
7.7649
7.7650
7.7653
Camarilla
7.7646
7.7646
7.7647
7.7646
7.7648
7.7649
7.7649
Woodie's
7.7636
7.7639
7.7643
7.7646
7.7650
7.7653
7.7657
DeMark's
-
-
7.7644
7.7646
7.7651
-
-","Technical IndicatorsJun 17, 2021 06:43PM GMT
Name
Value
Action
RSI(14)
57.948
Buy
STOCH(9,6)
32.898
Sell
STOCHRSI(14)
35.095
Sell
MACD(12,26)
0.000
Buy
ADX(14)
42.016
Buy
Williams %R
-36.838
Buy
CCI(14)
74.7187
Buy
ATR(14)
0.0009
Less Volatility
Highs/Lows(14)
0.0000
Neutral
Ultimate Oscillator
44.150
Sell
ROC
0.010
Buy
Bull/Bear Power(13)
0.0016
Buy
Buy: 7
Sell: 3
Neutral: 1


Summary:Strong Buy","Jun 17, 2021 06:43PM GMT"
eur_usd,1.1921 -0.0073    -0.61%,14:44:55,2021-06-17 18:45:10.059023,"Prev. Close: 1.1994
Bid/Ask: 1.1919 / 1.1923
Day's Range: 1.1892 - 1.2007",Strong Sell,"Summary:Strong Sell
Moving Averages:SellBuy (2)Sell (10)
Technical Indicators:Strong SellBuy (0)Sell (9)","Name
S3
S2
S1
Pivot Points
R1
R2
R3
Classic
1.1880
1.1888
1.1902
1.1910
1.1924
1.1932
1.1946
Fibonacci
1.1888
1.1896
1.1902
1.1910
1.1918
1.1924
1.1932
Camarilla
1.1910
1.1912
1.1914
1.1910
1.1918
1.1920
1.1922
Woodie's
1.1882
1.1889
1.1904
1.1911
1.1926
1.1933
1.1948
DeMark's
-
-
1.1906
1.1912
1.1928
-
-","Technical IndicatorsJun 17, 2021 06:43PM GMT
Name
Value
Action
RSI(14)
30.202
Sell
STOCH(9,6)
30.918
Sell
STOCHRSI(14)
100.000
Overbought
MACD(12,26)
-0.004
Sell
ADX(14)
31.450
Neutral
Williams %R
-74.672
Sell
CCI(14)
-82.1794
Sell
ATR(14)
0.0023
High Volatility
Highs/Lows(14)
-0.0010
Sell
Ultimate Oscillator
38.037
Sell
ROC
-0.667
Sell
Bull/Bear Power(13)
-0.0043
Sell
Buy: 0
Sell: 9
Neutral: 1


Summary:Strong Sell","Jun 17, 2021 06:43PM GMT"
gbp_usd,1.3933 -0.0054    -0.39%,14:44:40,2021-06-17 18:45:10.062652,"Prev. Close: 1.3987
Bid/Ask: 1.3930 / 1.3935
Day's Range: 1.3896 - 1.4010",Strong Sell,"Summary:Strong Sell
Moving Averages:SellBuy (2)Sell (10)
Technical Indicators:Strong SellBuy (1)Sell (9)","Name
S3
S2
S1
Pivot Points
R1
R2
R3
Classic
1.3876
1.3886
1.3905
1.3915
1.3934
1.3944
1.3963
Fibonacci
1.3886
1.3897
1.3904
1.3915
1.3926
1.3933
1.3944
Camarilla
1.3917
1.3920
1.3922
1.3915
1.3928
1.3930
1.3933
Woodie's
1.3882
1.3889
1.3911
1.3918
1.3940
1.3947
1.3969
DeMark's
-
-
1.3910
1.3918
1.3939
-
-","Technical IndicatorsJun 17, 2021 06:43PM GMT
Name
Value
Action
RSI(14)
38.554
Sell
STOCH(9,6)
31.963
Sell
STOCHRSI(14)
100.000
Overbought
MACD(12,26)
-0.003
Sell
ADX(14)
39.758
Buy
Williams %R
-65.639
Sell
CCI(14)
-68.1432
Sell
ATR(14)
0.0027
High Volatility
Highs/Lows(14)
-0.0006
Sell
Ultimate Oscillator
38.982
Sell
ROC
-0.454
Sell
Bull/Bear Power(13)
-0.0021
Sell
Buy: 1
Sell: 9
Neutral: 0


Summary:Strong Sell","Jun 17, 2021 06:43PM GMT"
usd_jpy,110.22 -0.47    -0.43%,14:44:33,2021-06-17 18:45:10.065787,"Prev. Close: 110.69
Bid/Ask: 110.21 / 110.22
Day's Range: 110.17 - 110.83",Strong Sell,"Summary:Strong Sell
Moving Averages:SellBuy (4)Sell (8)
Technical Indicators:Strong SellBuy (0)Sell (8)","Name
S3
S2
S1
Pivot Points
R1
R2
R3
Classic
110.03
110.11
110.16
110.24
110.29
110.37
110.41
Fibonacci
110.11
110.16
110.19
110.24
110.29
110.32
110.37
Camarilla
110.18
110.19
110.20
110.24
110.23
110.24
110.25
Woodie's
110.03
110.11
110.16
110.24
110.29
110.37
110.41
DeMark's
-
-
110.14
110.23
110.27
-
-","Technical IndicatorsJun 17, 2021 06:43PM GMT
Name
Value
Action
RSI(14)
38.422
Sell
STOCH(9,6)
18.768
Oversold
STOCHRSI(14)
0.576
Oversold
MACD(12,26)
-0.010
Sell
ADX(14)
35.350
Sell
Williams %R
-94.117
Oversold
CCI(14)
-123.7562
Sell
ATR(14)
0.1325
High Volatility
Highs/Lows(14)
-0.2357
Sell
Ultimate Oscillator
36.647
Sell
ROC
-0.425
Sell
Bull/Bear Power(13)
-0.4060
Sell
Buy: 0
Sell: 8
Neutral: 0


Summary:Strong Sell","Jun 17, 2021 06:43PM GMT"
aud_usd,0.7558 -0.0053    -0.69%,14:44:49,2021-06-17 18:45:10.068784,"Prev. Close: 0.7610
Bid/Ask: 0.7557 / 0.7558
Day's Range: 0.7540 - 0.7646",Strong Sell,"Summary:Strong Sell
Moving Averages:SellBuy (2)Sell (10)
Technical Indicators:Strong SellBuy (1)Sell (10)","Name
S3
S2
S1
Pivot Points
R1
R2
R3
Classic
0.7531
0.7537
0.7548
0.7554
0.7565
0.7571
0.7582
Fibonacci
0.7537
0.7543
0.7548
0.7554
0.7560
0.7565
0.7571
Camarilla
0.7553
0.7555
0.7556
0.7554
0.7560
0.7561
0.7563
Woodie's
0.7533
0.7538
0.7550
0.7555
0.7567
0.7572
0.7584
DeMark's
-
-
0.7551
0.7555
0.7568
-
-","Technical IndicatorsJun 17, 2021 06:43PM GMT
Name
Value
Action
RSI(14)
29.087
Sell
STOCH(9,6)
23.488
Sell
STOCHRSI(14)
61.023
Buy
MACD(12,26)
-0.003
Sell
ADX(14)
42.866
Sell
Williams %R
-79.687
Sell
CCI(14)
-77.8523
Sell
ATR(14)
0.0018
Less Volatility
Highs/Lows(14)
-0.0015
Sell
Ultimate Oscillator
31.142
Sell
ROC
-0.924
Sell
Bull/Bear Power(13)
-0.0024
Sell
Buy: 1
Sell: 10
Neutral: 0


Summary:Strong Sell","Jun 17, 2021 06:43PM GMT"
eur_gbp,0.8556 -0.0017    -0.20%,14:44:36,2021-06-17 18:45:10.071685,"Prev. Close: 0.8573
Bid/Ask: 0.8553 / 0.8559
Day's Range: 0.8542 - 0.8580",Strong Sell,"Summary:Strong Sell
Moving Averages:Strong SellBuy (0)Sell (12)
Technical Indicators:Strong SellBuy (2)Sell (7)","Name
S3
S2
S1
Pivot Points
R1
R2
R3
Classic
0.8547
0.8552
0.8555
0.8560
0.8562
0.8568
0.8570
Fibonacci
0.8552
0.8555
0.8557
0.8560
0.8563
0.8565
0.8568
Camarilla
0.8555
0.8556
0.8557
0.8560
0.8558
0.8559
0.8560
Woodie's
0.8547
0.8552
0.8555
0.8560
0.8562
0.8568
0.8570
DeMark's
-
-
0.8554
0.8559
0.8561
-
-","Technical IndicatorsJun 17, 2021 06:43PM GMT
Name
Value
Action
RSI(14)
37.133
Sell
STOCH(9,6)
50.218
Neutral
STOCHRSI(14)
67.997
Buy
MACD(12,26)
-0.001
Sell
ADX(14)
35.421
Sell
Williams %R
-62.686
Sell
CCI(14)
-56.0571
Sell
ATR(14)
0.0011
High Volatility
Highs/Lows(14)
0.0000
Neutral
Ultimate Oscillator
52.267
Buy
ROC
-0.227
Sell
Bull/Bear Power(13)
-0.0008
Sell
Buy: 2
Sell: 7
Neutral: 2


Summary:Strong Sell","Jun 17, 2021 06:43PM GMT"
usd_cad,1.2345 +0.0069    +0.56%,14:44:48,2021-06-17 18:45:10.074515,"Prev. Close: 1.2276
Bid/Ask: 1.2344 / 1.2345
Day's Range: 1.2261 - 1.2378",Strong Buy,"Summary:Strong Buy
Moving Averages:BuyBuy (10)Sell (2)
Technical Indicators:Strong BuyBuy (9)Sell (0)","Name
S3
S2
S1
Pivot Points
R1
R2
R3
Classic
1.2321
1.2330
1.2342
1.2351
1.2363
1.2372
1.2384
Fibonacci
1.2330
1.2338
1.2343
1.2351
1.2359
1.2364
1.2372
Camarilla
1.2347
1.2349
1.2351
1.2351
1.2355
1.2357
1.2359
Woodie's
1.2321
1.2330
1.2342
1.2351
1.2363
1.2372
1.2384
DeMark's
-
-
1.2336
1.2348
1.2357
-
-","Technical IndicatorsJun 17, 2021 06:43PM GMT
Name
Value
Action
RSI(14)
67.659
Buy
STOCH(9,6)
65.549
Buy
STOCHRSI(14)
22.187
Oversold
MACD(12,26)
0.003
Buy
ADX(14)
33.242
Neutral
Williams %R
-27.897
Buy
CCI(14)
88.8946
Buy
ATR(14)
0.0026
High Volatility
Highs/Lows(14)
0.0012
Buy
Ultimate Oscillator
68.257
Buy
ROC
0.615
Buy
Bull/Bear Power(13)
0.0036
Buy
Buy: 9
Sell: 0
Neutral: 1


Summary:Strong Buy","Jun 17, 2021 06:43PM GMT"
usd_chf,0.9167 +0.0081    +0.90%,14:44:45,2021-06-17 18:45:10.077299,"Prev. Close: 0.9085
Bid/Ask: 0.9166 / 0.9167
Day's Range: 0.9076 - 0.9188",Strong Buy,"Summary:Strong Buy
Moving Averages:BuyBuy (10)Sell (2)
Technical Indicators:Strong BuyBuy (9)Sell (0)","Name
S3
S2
S1
Pivot Points
R1
R2
R3
Classic
0.9150
0.9160
0.9166
0.9176
0.9181
0.9192
0.9197
Fibonacci
0.9160
0.9166
0.9170
0.9176
0.9182
0.9186
0.9192
Camarilla
0.9167
0.9169
0.9170
0.9176
0.9173
0.9174
0.9176
Woodie's
0.9148
0.9159
0.9164
0.9175
0.9179
0.9191
0.9195
DeMark's
-
-
0.9163
0.9175
0.9179
-
-","Technical IndicatorsJun 17, 2021 06:43PM GMT
Name
Value
Action
RSI(14)
72.367
Buy
STOCH(9,6)
75.438
Buy
STOCHRSI(14)
0.000
Oversold
MACD(12,26)
0.004
Buy
ADX(14)
31.028
Neutral
Williams %R
-20.000
Buy
CCI(14)
83.9560
Buy
ATR(14)
0.0018
High Volatility
Highs/Lows(14)
0.0013
Buy
Ultimate Oscillator
64.158
Buy
ROC
0.903
Buy
Bull/Bear Power(13)
0.0039
Buy
Buy: 9
Sell: 0
Neutral: 1


Summary:Strong Buy","Jun 17, 2021 06:43PM GMT"
nzd_chf,0.6425 +0.0021    +0.32%,14:44:55,2021-06-17 18:45:10.080070,"Prev. Close: 0.6404
Bid/Ask: 0.6422 / 0.6427
Day's Range: 0.6406 - 0.6453",Sell,"Summary:Sell
Moving Averages:NeutralBuy (6)Sell (6)
Technical Indicators:Strong SellBuy (1)Sell (7)","Name
S3
S2
S1
Pivot Points
R1
R2
R3
Classic
0.6420
0.6422
0.6425
0.6428
0.6431
0.6434
0.6437
Fibonacci
0.6422
0.6425
0.6426
0.6428
0.6430
0.6431
0.6434
Camarilla
0.6426
0.6427
0.6427
0.6428
0.6429
0.6429
0.6430
Woodie's
0.6420
0.6422
0.6425
0.6428
0.6431
0.6434
0.6437
DeMark's
-
-
0.6426
0.6429
0.6432
-
-","Technical IndicatorsJun 17, 2021 06:43PM GMT
Name
Value
Action
RSI(14)
49.779
Neutral
STOCH(9,6)
41.929
Sell
STOCHRSI(14)
40.606
Sell
MACD(12,26)
0.000
Buy
ADX(14)
25.668
Sell
Williams %R
-59.141
Sell
CCI(14)
-27.9890
Neutral
ATR(14)
0.0012
Less Volatility
Highs/Lows(14)
0.0000
Neutral
Ultimate Oscillator
46.980
Sell
ROC
-0.217
Sell
Bull/Bear Power(13)
-0.0006
Sell
Buy: 1
Sell: 7
Neutral: 3


Summary:Strong Sell","Jun 17, 2021 06:43PM GMT"
usd_cny,6.4484 +0.0515    +0.80%,11:27:22,2021-06-17 18:45:10.082840,"Prev. Close: 6.3969
Bid/Ask: 6.4477 / 6.4490
Day's Range: 6.3972 - 6.4494",Strong Buy,"Summary:Strong Buy
Moving Averages:BuyBuy (12)Sell (0)
Technical Indicators:Strong BuyBuy (7)Sell (0)","Name
S3
S2
S1
Pivot Points
R1
R2
R3
Classic
6.4380
6.4399
6.4436
6.4455
6.4492
6.4511
6.4548
Fibonacci
6.4399
6.4420
6.4434
6.4455
6.4476
6.4490
6.4511
Camarilla
6.4458
6.4463
6.4468
6.4455
6.4479
6.4484
6.4489
Woodie's
6.4390
6.4404
6.4446
6.4460
6.4502
6.4516
6.4558
DeMark's
-
-
6.4446
6.4460
6.4502
-
-","Technical IndicatorsJun 17, 2021 03:34PM GMT
Name
Value
Action
RSI(14)
85.433
Overbought
STOCH(9,6)
77.649
Buy
STOCHRSI(14)
100.000
Overbought
MACD(12,26)
0.011
Buy
ADX(14)
61.337
Buy
Williams %R
-3.426
Overbought
CCI(14)
151.8010
Buy
ATR(14)
0.0041
Less Volatility
Highs/Lows(14)
0.0141
Buy
Ultimate Oscillator
82.973
Overbought
ROC
0.391
Buy
Bull/Bear Power(13)
0.0286
Buy
Buy: 7
Sell: 0
Neutral: 0


Summary:Strong Buy","Jun 17, 2021 03:34PM GMT"
usd_hkd,7.7648 +0.0018    +0.02%,14:44:54,2021-06-17 18:45:10.085581,"Prev. Close: 7.7630
Bid/Ask: 7.7647 / 7.7648
Day's Range: 7.7625 - 7.7656",Strong Buy,"Summary:Strong Buy
Moving Averages:BuyBuy (12)Sell (0)
Technical Indicators:Strong BuyBuy (7)Sell (3)","Name
S3
S2
S1
Pivot Points
R1
R2
R3
Classic
7.7636
7.7639
7.7643
7.7646
7.7650
7.7653
7.7657
Fibonacci
7.7639
7.7642
7.7643
7.7646
7.7649
7.7650
7.7653
Camarilla
7.7646
7.7646
7.7647
7.7646
7.7648
7.7649
7.7649
Woodie's
7.7636
7.7639
7.7643
7.7646
7.7650
7.7653
7.7657
DeMark's
-
-
7.7644
7.7646
7.7651
-
-","Technical IndicatorsJun 17, 2021 06:43PM GMT
Name
Value
Action
RSI(14)
57.948
Buy
STOCH(9,6)
32.898
Sell
STOCHRSI(14)
35.095
Sell
MACD(12,26)
0.000
Buy
ADX(14)
42.016
Buy
Williams %R
-36.838
Buy
CCI(14)
74.7187
Buy
ATR(14)
0.0009
Less Volatility
Highs/Lows(14)
0.0000
Neutral
Ultimate Oscillator
44.150
Sell
ROC
0.010
Buy
Bull/Bear Power(13)
0.0016
Buy
Buy: 7
Sell: 3
Neutral: 1


Summary:Strong Buy","Jun 17, 2021 06:43PM GMT"
eur_usd,1.1921 -0.0073    -0.61%,14:45:41,2021-06-17 18:46:10.239699,"Prev. Close: 1.1994
Bid/Ask: 1.1919 / 1.1923
Day's Range: 1.1892 - 1.2007",Strong Sell,"Summary:Strong Sell
Moving Averages:SellBuy (2)Sell (10)
Technical Indicators:Strong SellBuy (0)Sell (9)","Name
S3
S2
S1
Pivot Points
R1
R2
R3
Classic
1.1880
1.1888
1.1902
1.1910
1.1924
1.1932
1.1946
Fibonacci
1.1888
1.1896
1.1902
1.1910
1.1918
1.1924
1.1932
Camarilla
1.1910
1.1912
1.1914
1.1910
1.1918
1.1920
1.1922
Woodie's
1.1882
1.1889
1.1904
1.1911
1.1926
1.1933
1.1948
DeMark's
-
-
1.1906
1.1912
1.1928
-
-","Technical IndicatorsJun 17, 2021 06:43PM GMT
Name
Value
Action
RSI(14)
30.202
Sell
STOCH(9,6)
30.918
Sell
STOCHRSI(14)
100.000
Overbought
MACD(12,26)
-0.004
Sell
ADX(14)
31.450
Neutral
Williams %R
-74.672
Sell
CCI(14)
-82.1794
Sell
ATR(14)
0.0023
High Volatility
Highs/Lows(14)
-0.0010
Sell
Ultimate Oscillator
38.037
Sell
ROC
-0.667
Sell
Bull/Bear Power(13)
-0.0043
Sell
Buy: 0
Sell: 9
Neutral: 1


Summary:Strong Sell","Jun 17, 2021 06:43PM GMT"
gbp_usd,1.3931 -0.0056    -0.40%,14:45:28,2021-06-17 18:46:10.243279,"Prev. Close: 1.3987
Bid/Ask: 1.3929 / 1.3933
Day's Range: 1.3896 - 1.4010",Strong Sell,"Summary:Strong Sell
Moving Averages:SellBuy (2)Sell (10)
Technical Indicators:Strong SellBuy (1)Sell (9)","Name
S3
S2
S1
Pivot Points
R1
R2
R3
Classic
1.3876
1.3886
1.3905
1.3915
1.3934
1.3944
1.3963
Fibonacci
1.3886
1.3897
1.3904
1.3915
1.3926
1.3933
1.3944
Camarilla
1.3917
1.3920
1.3922
1.3915
1.3928
1.3930
1.3933
Woodie's
1.3882
1.3889
1.3911
1.3918
1.3940
1.3947
1.3969
DeMark's
-
-
1.3910
1.3918
1.3939
-
-","Technical IndicatorsJun 17, 2021 06:45PM GMT
Name
Value
Action
RSI(14)
37.307
Sell
STOCH(9,6)
31.130
Sell
STOCHRSI(14)
98.647
Overbought
MACD(12,26)
-0.003
Sell
ADX(14)
39.758
Buy
Williams %R
-69.163
Sell
CCI(14)
-71.3337
Sell
ATR(14)
0.0027
High Volatility
Highs/Lows(14)
-0.0010
Sell
Ultimate Oscillator
37.519
Sell
ROC
-0.482
Sell
Bull/Bear Power(13)
-0.0021
Sell
Buy: 1
Sell: 9
Neutral: 0


Summary:Strong Sell","Jun 17, 2021 06:45PM GMT"
usd_jpy,110.22 -0.47    -0.43%,14:45:43,2021-06-17 18:46:10.246229,"Prev. Close: 110.69
Bid/Ask: 110.21 / 110.22
Day's Range: 110.17 - 110.83",Strong Sell,"Summary:Strong Sell
Moving Averages:SellBuy (4)Sell (8)
Technical Indicators:Strong SellBuy (0)Sell (8)","Name
S3
S2
S1
Pivot Points
R1
R2
R3
Classic
110.03
110.11
110.16
110.24
110.29
110.37
110.41
Fibonacci
110.11
110.16
110.19
110.24
110.29
110.32
110.37
Camarilla
110.18
110.19
110.20
110.24
110.23
110.24
110.25
Woodie's
110.03
110.11
110.16
110.24
110.29
110.37
110.41
DeMark's
-
-
110.14
110.23
110.27
-
-","Technical IndicatorsJun 17, 2021 06:45PM GMT
Name
Value
Action
RSI(14)
38.825
Sell
STOCH(9,6)
19.048
Oversold
STOCHRSI(14)
2.044
Oversold
MACD(12,26)
-0.010
Sell
ADX(14)
35.350
Sell
Williams %R
-92.437
Oversold
CCI(14)
-122.6461
Sell
ATR(14)
0.1325
High Volatility
Highs/Lows(14)
-0.2257
Sell
Ultimate Oscillator
37.342
Sell
ROC
-0.416
Sell
Bull/Bear Power(13)
-0.4080
Sell
Buy: 0
Sell: 8
Neutral: 0


Summary:Strong Sell","Jun 17, 2021 06:45PM GMT"
aud_usd,0.7558 -0.0053    -0.69%,14:45:42,2021-06-17 18:46:10.249016,"Prev. Close: 0.7610
Bid/Ask: 0.7557 / 0.7558
Day's Range: 0.7540 - 0.7646",Strong Sell,"Summary:Strong Sell
Moving Averages:Strong SellBuy (0)Sell (12)
Technical Indicators:Strong SellBuy (1)Sell (8)","Name
S3
S2
S1
Pivot Points
R1
R2
R3
Classic
0.7531
0.7537
0.7548
0.7554
0.7565
0.7571
0.7582
Fibonacci
0.7537
0.7543
0.7548
0.7554
0.7560
0.7565
0.7571
Camarilla
0.7553
0.7555
0.7556
0.7554
0.7560
0.7561
0.7563
Woodie's
0.7533
0.7538
0.7550
0.7555
0.7567
0.7572
0.7584
DeMark's
-
-
0.7551
0.7555
0.7568
-
-","Technical IndicatorsJun 17, 2021 06:45PM GMT
Name
Value
Action
RSI(14)
28.190
Sell
STOCH(9,6)
22.918
Sell
STOCHRSI(14)
56.025
Buy
MACD(12,26)
-0.003
Sell
ADX(14)
42.866
Sell
Williams %R
-81.771
Oversold
CCI(14)
-79.4946
Sell
ATR(14)
0.0018
Less Volatility
Highs/Lows(14)
-0.0017
Sell
Ultimate Oscillator
29.960
Oversold
ROC
-0.950
Sell
Bull/Bear Power(13)
-0.0024
Sell
Buy: 1
Sell: 8
Neutral: 0


Summary:Strong Sell","Jun 17, 2021 06:45PM GMT"
eur_gbp,0.8557 -0.0016    -0.19%,14:45:40,2021-06-17 18:46:10.251790,"Prev. Close: 0.8573
Bid/Ask: 0.8554 / 0.8559
Day's Range: 0.8542 - 0.8580",Strong Sell,"Summary:Strong Sell
Moving Averages:Strong SellBuy (0)Sell (12)
Technical Indicators:Strong SellBuy (1)Sell (6)","Name
S3
S2
S1
Pivot Points
R1
R2
R3
Classic
0.8547
0.8552
0.8555
0.8560
0.8562
0.8568
0.8570
Fibonacci
0.8552
0.8555
0.8557
0.8560
0.8563
0.8565
0.8568
Camarilla
0.8555
0.8556
0.8557
0.8560
0.8558
0.8559
0.8560
Woodie's
0.8547
0.8552
0.8555
0.8560
0.8562
0.8568
0.8570
DeMark's
-
-
0.8554
0.8559
0.8561
-
-","Technical IndicatorsJun 17, 2021 06:45PM GMT
Name
Value
Action
RSI(14)
38.855
Sell
STOCH(9,6)
51.761
Neutral
STOCHRSI(14)
75.470
Overbought
MACD(12,26)
-0.001
Sell
ADX(14)
35.421
Sell
Williams %R
-55.224
Sell
CCI(14)
-45.1388
Neutral
ATR(14)
0.0011
High Volatility
Highs/Lows(14)
0.0000
Neutral
Ultimate Oscillator
54.602
Buy
ROC
-0.198
Sell
Bull/Bear Power(13)
-0.0008
Sell
Buy: 1
Sell: 6
Neutral: 3


Summary:Strong Sell","Jun 17, 2021 06:45PM GMT"
usd_cad,1.2344 +0.0067    +0.55%,14:45:42,2021-06-17 18:46:10.254558,"Prev. Close: 1.2276
Bid/Ask: 1.2343 / 1.2344
Day's Range: 1.2261 - 1.2378",Strong Buy,"Summary:Strong Buy
Moving Averages:BuyBuy (10)Sell (2)
Technical Indicators:Strong BuyBuy (9)Sell (0)","Name
S3
S2
S1
Pivot Points
R1
R2
R3
Classic
1.2321
1.2330
1.2342
1.2351
1.2363
1.2372
1.2384
Fibonacci
1.2330
1.2338
1.2343
1.2351
1.2359
1.2364
1.2372
Camarilla
1.2347
1.2349
1.2351
1.2351
1.2355
1.2357
1.2359
Woodie's
1.2321
1.2330
1.2342
1.2351
1.2363
1.2372
1.2384
DeMark's
-
-
1.2336
1.2348
1.2357
-
-","Technical IndicatorsJun 17, 2021 06:45PM GMT
Name
Value
Action
RSI(14)
66.771
Buy
STOCH(9,6)
65.145
Buy
STOCHRSI(14)
16.273
Oversold
MACD(12,26)
0.003
Buy
ADX(14)
33.242
Neutral
Williams %R
-29.614
Buy
CCI(14)
87.1361
Buy
ATR(14)
0.0026
High Volatility
Highs/Lows(14)
0.0010
Buy
Ultimate Oscillator
67.494
Buy
ROC
0.599
Buy
Bull/Bear Power(13)
0.0036
Buy
Buy: 9
Sell: 0
Neutral: 1


Summary:Strong Buy","Jun 17, 2021 06:45PM GMT"
usd_chf,0.9167 +0.0081    +0.90%,14:45:30,2021-06-17 18:46:10.257308,"Prev. Close: 0.9085
Bid/Ask: 0.9166 / 0.9167
Day's Range: 0.9076 - 0.9188",Strong Buy,"Summary:Strong Buy
Moving Averages:BuyBuy (10)Sell (2)
Technical Indicators:Strong BuyBuy (9)Sell (0)","Name
S3
S2
S1
Pivot Points
R1
R2
R3
Classic
0.9150
0.9160
0.9166
0.9176
0.9181
0.9192
0.9197
Fibonacci
0.9160
0.9166
0.9170
0.9176
0.9182
0.9186
0.9192
Camarilla
0.9167
0.9169
0.9170
0.9176
0.9173
0.9174
0.9176
Woodie's
0.9148
0.9159
0.9164
0.9175
0.9179
0.9191
0.9195
DeMark's
-
-
0.9163
0.9175
0.9179
-
-","Technical IndicatorsJun 17, 2021 06:45PM GMT
Name
Value
Action
RSI(14)
72.367
Buy
STOCH(9,6)
75.438
Buy
STOCHRSI(14)
0.000
Oversold
MACD(12,26)
0.004
Buy
ADX(14)
31.028
Neutral
Williams %R
-20.000
Buy
CCI(14)
83.9560
Buy
ATR(14)
0.0018
High Volatility
Highs/Lows(14)
0.0013
Buy
Ultimate Oscillator
64.158
Buy
ROC
0.903
Buy
Bull/Bear Power(13)
0.0039
Buy
Buy: 9
Sell: 0
Neutral: 1


Summary:Strong Buy","Jun 17, 2021 06:45PM GMT"
nzd_chf,0.6425 +0.0021    +0.33%,14:45:45,2021-06-17 18:46:10.260063,"Prev. Close: 0.6404
Bid/Ask: 0.6423 / 0.6427
Day's Range: 0.6406 - 0.6453",Sell,"Summary:Sell
Moving Averages:NeutralBuy (6)Sell (6)
Technical Indicators:Strong SellBuy (1)Sell (7)","Name
S3
S2
S1
Pivot Points
R1
R2
R3
Classic
0.6420
0.6422
0.6425
0.6428
0.6431
0.6434
0.6437
Fibonacci
0.6422
0.6425
0.6426
0.6428
0.6430
0.6431
0.6434
Camarilla
0.6426
0.6427
0.6427
0.6428
0.6429
0.6429
0.6430
Woodie's
0.6420
0.6422
0.6425
0.6428
0.6431
0.6434
0.6437
DeMark's
-
-
0.6426
0.6429
0.6432
-
-","Technical IndicatorsJun 17, 2021 06:45PM GMT
Name
Value
Action
RSI(14)
49.779
Neutral
STOCH(9,6)
41.929
Sell
STOCHRSI(14)
40.606
Sell
MACD(12,26)
0.000
Buy
ADX(14)
26.054
Sell
Williams %R
-59.141
Sell
CCI(14)
-29.1667
Neutral
ATR(14)
0.0012
Less Volatility
Highs/Lows(14)
0.0000
Neutral
Ultimate Oscillator
47.221
Sell
ROC
-0.217
Sell
Bull/Bear Power(13)
-0.0006
Sell
Buy: 1
Sell: 7
Neutral: 3


Summary:Strong Sell","Jun 17, 2021 06:45PM GMT"
usd_cny,6.4484 +0.0515    +0.80%,11:27:22,2021-06-17 18:46:10.262823,"Prev. Close: 6.3969
Bid/Ask: 6.4477 / 6.4490
Day's Range: 6.3972 - 6.4494",Strong Buy,"Summary:Strong Buy
Moving Averages:BuyBuy (12)Sell (0)
Technical Indicators:Strong BuyBuy (7)Sell (0)","Name
S3
S2
S1
Pivot Points
R1
R2
R3
Classic
6.4380
6.4399
6.4436
6.4455
6.4492
6.4511
6.4548
Fibonacci
6.4399
6.4420
6.4434
6.4455
6.4476
6.4490
6.4511
Camarilla
6.4458
6.4463
6.4468
6.4455
6.4479
6.4484
6.4489
Woodie's
6.4390
6.4404
6.4446
6.4460
6.4502
6.4516
6.4558
DeMark's
-
-
6.4446
6.4460
6.4502
-
-","Technical IndicatorsJun 17, 2021 03:34PM GMT
Name
Value
Action
RSI(14)
85.433
Overbought
STOCH(9,6)
77.649
Buy
STOCHRSI(14)
100.000
Overbought
MACD(12,26)
0.011
Buy
ADX(14)
61.337
Buy
Williams %R
-3.426
Overbought
CCI(14)
151.8010
Buy
ATR(14)
0.0041
Less Volatility
Highs/Lows(14)
0.0141
Buy
Ultimate Oscillator
82.973
Overbought
ROC
0.391
Buy
Bull/Bear Power(13)
0.0286
Buy
Buy: 7
Sell: 0
Neutral: 0


Summary:Strong Buy","Jun 17, 2021 03:34PM GMT"
usd_hkd,7.7649 +0.0019    +0.02%,14:45:28,2021-06-17 18:46:10.265557,"Prev. Close: 7.7630
Bid/Ask: 7.7648 / 7.7649
Day's Range: 7.7625 - 7.7656",Strong Buy,"Summary:Strong Buy
Moving Averages:BuyBuy (12)Sell (0)
Technical Indicators:Strong BuyBuy (7)Sell (3)","Name
S3
S2
S1
Pivot Points
R1
R2
R3
Classic
7.7636
7.7639
7.7643
7.7646
7.7650
7.7653
7.7657
Fibonacci
7.7639
7.7642
7.7643
7.7646
7.7649
7.7650
7.7653
Camarilla
7.7646
7.7646
7.7647
7.7646
7.7648
7.7649
7.7649
Woodie's
7.7636
7.7639
7.7643
7.7646
7.7650
7.7653
7.7657
DeMark's
-
-
7.7644
7.7646
7.7651
-
-","Technical IndicatorsJun 17, 2021 06:45PM GMT
Name
Value
Action
RSI(14)
57.948
Buy
STOCH(9,6)
32.898
Sell
STOCHRSI(14)
35.095
Sell
MACD(12,26)
0.000
Buy
ADX(14)
42.016
Buy
Williams %R
-36.838
Buy
CCI(14)
74.7187
Buy
ATR(14)
0.0009
Less Volatility
Highs/Lows(14)
0.0000
Neutral
Ultimate Oscillator
44.150
Sell
ROC
0.010
Buy
Bull/Bear Power(13)
0.0016
Buy
Buy: 7
Sell: 3
Neutral: 1


Summary:Strong Buy","Jun 17, 2021 06:45PM GMT"
eur_usd,1.1920 -0.0075    -0.62%,14:46:49,2021-06-17 18:47:10.125248,"Prev. Close: 1.1994
Bid/Ask: 1.1919 / 1.1920
Day's Range: 1.1892 - 1.2007",Strong Sell,"Summary:Strong Sell
Moving Averages:SellBuy (2)Sell (10)
Technical Indicators:Strong SellBuy (0)Sell (9)","Name
S3
S2
S1
Pivot Points
R1
R2
R3
Classic
1.1880
1.1888
1.1902
1.1910
1.1924
1.1932
1.1946
Fibonacci
1.1888
1.1896
1.1902
1.1910
1.1918
1.1924
1.1932
Camarilla
1.1910
1.1912
1.1914
1.1910
1.1918
1.1920
1.1922
Woodie's
1.1882
1.1889
1.1904
1.1911
1.1926
1.1933
1.1948
DeMark's
-
-
1.1906
1.1912
1.1928
-
-","Technical IndicatorsJun 17, 2021 06:45PM GMT
Name
Value
Action
RSI(14)
30.202
Sell
STOCH(9,6)
30.918
Sell
STOCHRSI(14)
100.000
Overbought
MACD(12,26)
-0.004
Sell
ADX(14)
31.450
Neutral
Williams %R
-74.672
Sell
CCI(14)
-82.1794
Sell
ATR(14)
0.0023
High Volatility
Highs/Lows(14)
-0.0010
Sell
Ultimate Oscillator
38.037
Sell
ROC
-0.667
Sell
Bull/Bear Power(13)
-0.0043
Sell
Buy: 0
Sell: 9
Neutral: 1


Summary:Strong Sell","Jun 17, 2021 06:45PM GMT"
gbp_usd,1.3933 -0.0054    -0.39%,14:46:47,2021-06-17 18:47:10.128902,"Prev. Close: 1.3987
Bid/Ask: 1.3932 / 1.3933
Day's Range: 1.3896 - 1.4010",Strong Sell,"Summary:Strong Sell
Moving Averages:SellBuy (2)Sell (10)
Technical Indicators:Strong SellBuy (1)Sell (9)","Name
S3
S2
S1
Pivot Points
R1
R2
R3
Classic
1.3876
1.3886
1.3905
1.3915
1.3934
1.3944
1.3963
Fibonacci
1.3886
1.3897
1.3904
1.3915
1.3926
1.3933
1.3944
Camarilla
1.3917
1.3920
1.3922
1.3915
1.3928
1.3930
1.3933
Woodie's
1.3882
1.3889
1.3911
1.3918
1.3940
1.3947
1.3969
DeMark's
-
-
1.3910
1.3918
1.3939
-
-","Technical IndicatorsJun 17, 2021 06:45PM GMT
Name
Value
Action
RSI(14)
37.307
Sell
STOCH(9,6)
31.130
Sell
STOCHRSI(14)
98.647
Overbought
MACD(12,26)
-0.003
Sell
ADX(14)
39.758
Buy
Williams %R
-69.163
Sell
CCI(14)
-71.3337
Sell
ATR(14)
0.0027
High Volatility
Highs/Lows(14)
-0.0010
Sell
Ultimate Oscillator
37.519
Sell
ROC
-0.482
Sell
Bull/Bear Power(13)
-0.0021
Sell
Buy: 1
Sell: 9
Neutral: 0


Summary:Strong Sell","Jun 17, 2021 06:45PM GMT"
usd_jpy,110.22 -0.47    -0.43%,14:46:32,2021-06-17 18:47:10.131841,"Prev. Close: 110.69
Bid/Ask: 110.20 / 110.23
Day's Range: 110.17 - 110.83",Strong Sell,"Summary:Strong Sell
Moving Averages:SellBuy (4)Sell (8)
Technical Indicators:Strong SellBuy (0)Sell (8)","Name
S3
S2
S1
Pivot Points
R1
R2
R3
Classic
110.03
110.11
110.16
110.24
110.29
110.37
110.41
Fibonacci
110.11
110.16
110.19
110.24
110.29
110.32
110.37
Camarilla
110.18
110.19
110.20
110.24
110.23
110.24
110.25
Woodie's
110.03
110.11
110.16
110.24
110.29
110.37
110.41
DeMark's
-
-
110.14
110.23
110.27
-
-","Technical IndicatorsJun 17, 2021 06:45PM GMT
Name
Value
Action
RSI(14)
38.825
Sell
STOCH(9,6)
19.048
Oversold
STOCHRSI(14)
2.044
Oversold
MACD(12,26)
-0.010
Sell
ADX(14)
35.350
Sell
Williams %R
-92.437
Oversold
CCI(14)
-122.6461
Sell
ATR(14)
0.1325
High Volatility
Highs/Lows(14)
-0.2257
Sell
Ultimate Oscillator
37.342
Sell
ROC
-0.416
Sell
Bull/Bear Power(13)
-0.4080
Sell
Buy: 0
Sell: 8
Neutral: 0


Summary:Strong Sell","Jun 17, 2021 06:45PM GMT"
aud_usd,0.7557 -0.0053    -0.70%,14:46:51,2021-06-17 18:47:10.134631,"Prev. Close: 0.7610
Bid/Ask: 0.7556 / 0.7558
Day's Range: 0.7540 - 0.7646",Strong Sell,"Summary:Strong Sell
Moving Averages:Strong SellBuy (0)Sell (12)
Technical Indicators:Strong SellBuy (1)Sell (8)","Name
S3
S2
S1
Pivot Points
R1
R2
R3
Classic
0.7531
0.7537
0.7548
0.7554
0.7565
0.7571
0.7582
Fibonacci
0.7537
0.7543
0.7548
0.7554
0.7560
0.7565
0.7571
Camarilla
0.7553
0.7555
0.7556
0.7554
0.7560
0.7561
0.7563
Woodie's
0.7533
0.7538
0.7550
0.7555
0.7567
0.7572
0.7584
DeMark's
-
-
0.7551
0.7555
0.7568
-
-","Technical IndicatorsJun 17, 2021 06:45PM GMT
Name
Value
Action
RSI(14)
28.190
Sell
STOCH(9,6)
22.918
Sell
STOCHRSI(14)
56.025
Buy
MACD(12,26)
-0.003
Sell
ADX(14)
42.866
Sell
Williams %R
-81.771
Oversold
CCI(14)
-79.4946
Sell
ATR(14)
0.0018
Less Volatility
Highs/Lows(14)
-0.0017
Sell
Ultimate Oscillator
29.960
Oversold
ROC
-0.950
Sell
Bull/Bear Power(13)
-0.0024
Sell
Buy: 1
Sell: 8
Neutral: 0


Summary:Strong Sell","Jun 17, 2021 06:45PM GMT"
eur_gbp,0.8556 -0.0018    -0.20%,14:46:56,2021-06-17 18:47:10.137365,"Prev. Close: 0.8573
Bid/Ask: 0.8554 / 0.8557
Day's Range: 0.8542 - 0.8580",Strong Sell,"Summary:Strong Sell
Moving Averages:Strong SellBuy (0)Sell (12)
Technical Indicators:Strong SellBuy (1)Sell (6)","Name
S3
S2
S1
Pivot Points
R1
R2
R3
Classic
0.8547
0.8552
0.8555
0.8560
0.8562
0.8568
0.8570
Fibonacci
0.8552
0.8555
0.8557
0.8560
0.8563
0.8565
0.8568
Camarilla
0.8555
0.8556
0.8557
0.8560
0.8558
0.8559
0.8560
Woodie's
0.8547
0.8552
0.8555
0.8560
0.8562
0.8568
0.8570
DeMark's
-
-
0.8554
0.8559
0.8561
-
-","Technical IndicatorsJun 17, 2021 06:45PM GMT
Name
Value
Action
RSI(14)
38.855
Sell
STOCH(9,6)
51.761
Neutral
STOCHRSI(14)
75.470
Overbought
MACD(12,26)
-0.001
Sell
ADX(14)
35.421
Sell
Williams %R
-55.224
Sell
CCI(14)
-45.1388
Neutral
ATR(14)
0.0011
High Volatility
Highs/Lows(14)
0.0000
Neutral
Ultimate Oscillator
54.602
Buy
ROC
-0.198
Sell
Bull/Bear Power(13)
-0.0008
Sell
Buy: 1
Sell: 6
Neutral: 3


Summary:Strong Sell","Jun 17, 2021 06:45PM GMT"
usd_cad,1.2343 +0.0067    +0.55%,14:46:52,2021-06-17 18:47:10.140128,"Prev. Close: 1.2276
Bid/Ask: 1.2341 / 1.2345
Day's Range: 1.2261 - 1.2378",Strong Buy,"Summary:Strong Buy
Moving Averages:BuyBuy (10)Sell (2)
Technical Indicators:Strong BuyBuy (9)Sell (0)","Name
S3
S2
S1
Pivot Points
R1
R2
R3
Classic
1.2321
1.2330
1.2342
1.2351
1.2363
1.2372
1.2384
Fibonacci
1.2330
1.2338
1.2343
1.2351
1.2359
1.2364
1.2372
Camarilla
1.2347
1.2349
1.2351
1.2351
1.2355
1.2357
1.2359
Woodie's
1.2321
1.2330
1.2342
1.2351
1.2363
1.2372
1.2384
DeMark's
-
-
1.2336
1.2348
1.2357
-
-","Technical IndicatorsJun 17, 2021 06:45PM GMT
Name
Value
Action
RSI(14)
66.771
Buy
STOCH(9,6)
65.145
Buy
STOCHRSI(14)
16.273
Oversold
MACD(12,26)
0.003
Buy
ADX(14)
33.242
Neutral
Williams %R
-29.614
Buy
CCI(14)
87.1361
Buy
ATR(14)
0.0026
High Volatility
Highs/Lows(14)
0.0010
Buy
Ultimate Oscillator
67.494
Buy
ROC
0.599
Buy
Bull/Bear Power(13)
0.0036
Buy
Buy: 9
Sell: 0
Neutral: 1


Summary:Strong Buy","Jun 17, 2021 06:45PM GMT"
usd_chf,0.9167 +0.0081    +0.90%,14:46:47,2021-06-17 18:47:10.142878,"Prev. Close: 0.9085
Bid/Ask: 0.9166 / 0.9167
Day's Range: 0.9076 - 0.9188",Strong Buy,"Summary:Strong Buy
Moving Averages:BuyBuy (10)Sell (2)
Technical Indicators:Strong BuyBuy (9)Sell (0)","Name
S3
S2
S1
Pivot Points
R1
R2
R3
Classic
0.9150
0.9160
0.9166
0.9176
0.9181
0.9192
0.9197
Fibonacci
0.9160
0.9166
0.9170
0.9176
0.9182
0.9186
0.9192
Camarilla
0.9167
0.9169
0.9170
0.9176
0.9173
0.9174
0.9176
Woodie's
0.9148
0.9159
0.9164
0.9175
0.9179
0.9191
0.9195
DeMark's
-
-
0.9163
0.9175
0.9179
-
-","Technical IndicatorsJun 17, 2021 06:45PM GMT
Name
Value
Action
RSI(14)
72.367
Buy
STOCH(9,6)
75.438
Buy
STOCHRSI(14)
0.000
Oversold
MACD(12,26)
0.004
Buy
ADX(14)
31.028
Neutral
Williams %R
-20.000
Buy
CCI(14)
83.9560
Buy
ATR(14)
0.0018
High Volatility
Highs/Lows(14)
0.0013
Buy
Ultimate Oscillator
64.158
Buy
ROC
0.903
Buy
Bull/Bear Power(13)
0.0039
Buy
Buy: 9
Sell: 0
Neutral: 1


Summary:Strong Buy","Jun 17, 2021 06:45PM GMT"
nzd_chf,0.6425 +0.0021    +0.33%,14:46:51,2021-06-17 18:47:10.145611,"Prev. Close: 0.6404
Bid/Ask: 0.6423 / 0.6427
Day's Range: 0.6406 - 0.6453",Sell,"Summary:Sell
Moving Averages:NeutralBuy (6)Sell (6)
Technical Indicators:Strong SellBuy (1)Sell (7)","Name
S3
S2
S1
Pivot Points
R1
R2
R3
Classic
0.6420
0.6422
0.6425
0.6428
0.6431
0.6434
0.6437
Fibonacci
0.6422
0.6425
0.6426
0.6428
0.6430
0.6431
0.6434
Camarilla
0.6426
0.6427
0.6427
0.6428
0.6429
0.6429
0.6430
Woodie's
0.6420
0.6422
0.6425
0.6428
0.6431
0.6434
0.6437
DeMark's
-
-
0.6426
0.6429
0.6432
-
-","Technical IndicatorsJun 17, 2021 06:45PM GMT
Name
Value
Action
RSI(14)
49.779
Neutral
STOCH(9,6)
41.929
Sell
STOCHRSI(14)
40.606
Sell
MACD(12,26)
0.000
Buy
ADX(14)
26.054
Sell
Williams %R
-59.141
Sell
CCI(14)
-29.1667
Neutral
ATR(14)
0.0012
Less Volatility
Highs/Lows(14)
0.0000
Neutral
Ultimate Oscillator
47.221
Sell
ROC
-0.217
Sell
Bull/Bear Power(13)
-0.0006
Sell
Buy: 1
Sell: 7
Neutral: 3


Summary:Strong Sell","Jun 17, 2021 06:45PM GMT"
usd_cny,6.4484 +0.0515    +0.80%,11:27:22,2021-06-17 18:47:10.148375,"Prev. Close: 6.3969
Bid/Ask: 6.4477 / 6.4490
Day's Range: 6.3972 - 6.4494",Strong Buy,"Summary:Strong Buy
Moving Averages:BuyBuy (12)Sell (0)
Technical Indicators:Strong BuyBuy (7)Sell (0)","Name
S3
S2
S1
Pivot Points
R1
R2
R3
Classic
6.4380
6.4399
6.4436
6.4455
6.4492
6.4511
6.4548
Fibonacci
6.4399
6.4420
6.4434
6.4455
6.4476
6.4490
6.4511
Camarilla
6.4458
6.4463
6.4468
6.4455
6.4479
6.4484
6.4489
Woodie's
6.4390
6.4404
6.4446
6.4460
6.4502
6.4516
6.4558
DeMark's
-
-
6.4446
6.4460
6.4502
-
-","Technical IndicatorsJun 17, 2021 03:34PM GMT
Name
Value
Action
RSI(14)
85.433
Overbought
STOCH(9,6)
77.649
Buy
STOCHRSI(14)
100.000
Overbought
MACD(12,26)
0.011
Buy
ADX(14)
61.337
Buy
Williams %R
-3.426
Overbought
CCI(14)
151.8010
Buy
ATR(14)
0.0041
Less Volatility
Highs/Lows(14)
0.0141
Buy
Ultimate Oscillator
82.973
Overbought
ROC
0.391
Buy
Bull/Bear Power(13)
0.0286
Buy
Buy: 7
Sell: 0
Neutral: 0


Summary:Strong Buy","Jun 17, 2021 03:34PM GMT"
usd_hkd,7.7649 +0.0019    +0.02%,14:46:43,2021-06-17 18:47:10.151128,"Prev. Close: 7.7630
Bid/Ask: 7.7648 / 7.7649
Day's Range: 7.7625 - 7.7656",Strong Buy,"Summary:Strong Buy
Moving Averages:BuyBuy (12)Sell (0)
Technical Indicators:Strong BuyBuy (7)Sell (3)","Name
S3
S2
S1
Pivot Points
R1
R2
R3
Classic
7.7636
7.7639
7.7643
7.7646
7.7650
7.7653
7.7657
Fibonacci
7.7639
7.7642
7.7643
7.7646
7.7649
7.7650
7.7653
Camarilla
7.7646
7.7646
7.7647
7.7646
7.7648
7.7649
7.7649
Woodie's
7.7636
7.7639
7.7643
7.7646
7.7650
7.7653
7.7657
DeMark's
-
-
7.7644
7.7646
7.7651
-
-","Technical IndicatorsJun 17, 2021 06:45PM GMT
Name
Value
Action
RSI(14)
57.948
Buy
STOCH(9,6)
32.898
Sell
STOCHRSI(14)
35.095
Sell
MACD(12,26)
0.000
Buy
ADX(14)
42.016
Buy
Williams %R
-36.838
Buy
CCI(14)
74.7187
Buy
ATR(14)
0.0009
Less Volatility
Highs/Lows(14)
0.0000
Neutral
Ultimate Oscillator
44.150
Sell
ROC
0.010
Buy
Bull/Bear Power(13)
0.0016
Buy
Buy: 7
Sell: 3
Neutral: 1


Summary:Strong Buy","Jun 17, 2021 06:45PM GMT"
eur_usd,1.1918 -0.0076    -0.63%,14:47:40,2021-06-17 18:48:10.411688,"Prev. Close: 1.1994
Bid/Ask: 1.1916 / 1.1920
Day's Range: 1.1892 - 1.2007",Strong Sell,"Summary:Strong Sell
Moving Averages:SellBuy (2)Sell (10)
Technical Indicators:Strong SellBuy (0)Sell (9)","Name
S3
S2
S1
Pivot Points
R1
R2
R3
Classic
1.1880
1.1888
1.1902
1.1910
1.1924
1.1932
1.1946
Fibonacci
1.1888
1.1896
1.1902
1.1910
1.1918
1.1924
1.1932
Camarilla
1.1910
1.1912
1.1914
1.1910
1.1918
1.1920
1.1922
Woodie's
1.1882
1.1889
1.1904
1.1911
1.1926
1.1933
1.1948
DeMark's
-
-
1.1906
1.1912
1.1928
-
-","Technical IndicatorsJun 17, 2021 06:45PM GMT
Name
Value
Action
RSI(14)
30.202
Sell
STOCH(9,6)
30.918
Sell
STOCHRSI(14)
100.000
Overbought
MACD(12,26)
-0.004
Sell
ADX(14)
31.450
Neutral
Williams %R
-74.672
Sell
CCI(14)
-82.1794
Sell
ATR(14)
0.0023
High Volatility
Highs/Lows(14)
-0.0010
Sell
Ultimate Oscillator
38.037
Sell
ROC
-0.667
Sell
Bull/Bear Power(13)
-0.0043
Sell
Buy: 0
Sell: 9
Neutral: 1


Summary:Strong Sell","Jun 17, 2021 06:45PM GMT"
gbp_usd,1.3931 -0.0056    -0.40%,14:47:34,2021-06-17 18:48:10.415286,"Prev. Close: 1.3987
Bid/Ask: 1.3929 / 1.3933
Day's Range: 1.3896 - 1.4010",Strong Sell,"Summary:Strong Sell
Moving Averages:SellBuy (2)Sell (10)
Technical Indicators:Strong SellBuy (1)Sell (9)","Name
S3
S2
S1
Pivot Points
R1
R2
R3
Classic
1.3876
1.3886
1.3905
1.3915
1.3934
1.3944
1.3963
Fibonacci
1.3886
1.3897
1.3904
1.3915
1.3926
1.3933
1.3944
Camarilla
1.3917
1.3920
1.3922
1.3915
1.3928
1.3930
1.3933
Woodie's
1.3882
1.3889
1.3911
1.3918
1.3940
1.3947
1.3969
DeMark's
-
-
1.3910
1.3918
1.3939
-
-","Technical IndicatorsJun 17, 2021 06:47PM GMT
Name
Value
Action
RSI(14)
37.465
Sell
STOCH(9,6)
31.234
Sell
STOCHRSI(14)
99.749
Overbought
MACD(12,26)
-0.003
Sell
ADX(14)
39.758
Buy
Williams %R
-68.723
Sell
CCI(14)
-70.9365
Sell
ATR(14)
0.0027
High Volatility
Highs/Lows(14)
-0.0009
Sell
Ultimate Oscillator
37.702
Sell
ROC
-0.479
Sell
Bull/Bear Power(13)
-0.0021
Sell
Buy: 1
Sell: 9
Neutral: 0


Summary:Strong Sell","Jun 17, 2021 06:47PM GMT"
usd_jpy,110.22 -0.47    -0.43%,14:47:45,2021-06-17 18:48:10.418299,"Prev. Close: 110.69
Bid/Ask: 110.20 / 110.23
Day's Range: 110.17 - 110.83",Strong Sell,"Summary:Strong Sell
Moving Averages:SellBuy (4)Sell (8)
Technical Indicators:Strong SellBuy (0)Sell (8)","Name
S3
S2
S1
Pivot Points
R1
R2
R3
Classic
110.03
110.11
110.16
110.24
110.29
110.37
110.41
Fibonacci
110.11
110.16
110.19
110.24
110.29
110.32
110.37
Camarilla
110.18
110.19
110.20
110.24
110.23
110.24
110.25
Woodie's
110.03
110.11
110.16
110.24
110.29
110.37
110.41
DeMark's
-
-
110.14
110.23
110.27
-
-","Technical IndicatorsJun 17, 2021 06:47PM GMT
Name
Value
Action
RSI(14)
38.825
Sell
STOCH(9,6)
19.048
Oversold
STOCHRSI(14)
2.044
Oversold
MACD(12,26)
-0.010
Sell
ADX(14)
35.350
Sell
Williams %R
-92.437
Oversold
CCI(14)
-122.6461
Sell
ATR(14)
0.1325
High Volatility
Highs/Lows(14)
-0.2257
Sell
Ultimate Oscillator
37.342
Sell
ROC
-0.416
Sell
Bull/Bear Power(13)
-0.4080
Sell
Buy: 0
Sell: 8
Neutral: 0


Summary:Strong Sell","Jun 17, 2021 06:47PM GMT"
aud_usd,0.7556 -0.0054    -0.72%,14:47:36,2021-06-17 18:48:10.421202,"Prev. Close: 0.7610
Bid/Ask: 0.7555 / 0.7556
Day's Range: 0.7540 - 0.7646",Strong Sell,"Summary:Strong Sell
Moving Averages:Strong SellBuy (0)Sell (12)
Technical Indicators:Strong SellBuy (0)Sell (8)","Name
S3
S2
S1
Pivot Points
R1
R2
R3
Classic
0.7531
0.7537
0.7548
0.7554
0.7565
0.7571
0.7582
Fibonacci
0.7537
0.7543
0.7548
0.7554
0.7560
0.7565
0.7571
Camarilla
0.7553
0.7555
0.7556
0.7554
0.7560
0.7561
0.7563
Woodie's
0.7533
0.7538
0.7550
0.7555
0.7567
0.7572
0.7584
DeMark's
-
-
0.7551
0.7555
0.7568
-
-","Technical IndicatorsJun 17, 2021 06:47PM GMT
Name
Value
Action
RSI(14)
27.939
Sell
STOCH(9,6)
22.633
Sell
STOCHRSI(14)
54.627
Neutral
MACD(12,26)
-0.003
Sell
ADX(14)
42.866
Sell
Williams %R
-82.813
Oversold
CCI(14)
-80.3134
Sell
ATR(14)
0.0018
Less Volatility
Highs/Lows(14)
-0.0018
Sell
Ultimate Oscillator
29.369
Oversold
ROC
-0.963
Sell
Bull/Bear Power(13)
-0.0024
Sell
Buy: 0
Sell: 8
Neutral: 1


Summary:Strong Sell","Jun 17, 2021 06:47PM GMT"
eur_gbp,0.8556 -0.0018    -0.20%,14:47:37,2021-06-17 18:48:10.424062,"Prev. Close: 0.8573
Bid/Ask: 0.8554 / 0.8557
Day's Range: 0.8542 - 0.8580",Strong Sell,"Summary:Strong Sell
Moving Averages:Strong SellBuy (0)Sell (12)
Technical Indicators:Strong SellBuy (2)Sell (6)","Name
S3
S2
S1
Pivot Points
R1
R2
R3
Classic
0.8547
0.8552
0.8555
0.8560
0.8562
0.8568
0.8570
Fibonacci
0.8552
0.8555
0.8557
0.8560
0.8563
0.8565
0.8568
Camarilla
0.8555
0.8556
0.8557
0.8560
0.8558
0.8559
0.8560
Woodie's
0.8547
0.8552
0.8555
0.8560
0.8562
0.8568
0.8570
DeMark's
-
-
0.8554
0.8559
0.8561
-
-","Technical IndicatorsJun 17, 2021 06:47PM GMT
Name
Value
Action
RSI(14)
38.147
Sell
STOCH(9,6)
51.143
Neutral
STOCHRSI(14)
72.397
Buy
MACD(12,26)
-0.001
Sell
ADX(14)
35.421
Sell
Williams %R
-58.209
Sell
CCI(14)
-49.5396
Neutral
ATR(14)
0.0011
High Volatility
Highs/Lows(14)
0.0000
Neutral
Ultimate Oscillator
53.668
Buy
ROC
-0.210
Sell
Bull/Bear Power(13)
-0.0008
Sell
Buy: 2
Sell: 6
Neutral: 3


Summary:Strong Sell","Jun 17, 2021 06:47PM GMT"
usd_cad,1.2346 +0.0069    +0.57%,14:47:42,2021-06-17 18:48:10.426896,"Prev. Close: 1.2276
Bid/Ask: 1.2345 / 1.2346
Day's Range: 1.2261 - 1.2378",Strong Buy,"Summary:Strong Buy
Moving Averages:BuyBuy (10)Sell (2)
Technical Indicators:Strong BuyBuy (9)Sell (0)","Name
S3
S2
S1
Pivot Points
R1
R2
R3
Classic
1.2321
1.2330
1.2342
1.2351
1.2363
1.2372
1.2384
Fibonacci
1.2330
1.2338
1.2343
1.2351
1.2359
1.2364
1.2372
Camarilla
1.2347
1.2349
1.2351
1.2351
1.2355
1.2357
1.2359
Woodie's
1.2321
1.2330
1.2342
1.2351
1.2363
1.2372
1.2384
DeMark's
-
-
1.2336
1.2348
1.2357
-
-","Technical IndicatorsJun 17, 2021 06:47PM GMT
Name
Value
Action
RSI(14)
66.990
Buy
STOCH(9,6)
65.246
Buy
STOCHRSI(14)
17.731
Oversold
MACD(12,26)
0.003
Buy
ADX(14)
33.242
Neutral
Williams %R
-29.185
Buy
CCI(14)
86.6948
Buy
ATR(14)
0.0026
High Volatility
Highs/Lows(14)
0.0011
Buy
Ultimate Oscillator
67.810
Buy
ROC
0.603
Buy
Bull/Bear Power(13)
0.0034
Buy
Buy: 9
Sell: 0
Neutral: 1


Summary:Strong Buy","Jun 17, 2021 06:47PM GMT"
usd_chf,0.9167 +0.0081    +0.90%,14:47:32,2021-06-17 18:48:10.429692,"Prev. Close: 0.9085
Bid/Ask: 0.9166 / 0.9167
Day's Range: 0.9076 - 0.9188",Strong Buy,"Summary:Strong Buy
Moving Averages:BuyBuy (10)Sell (2)
Technical Indicators:Strong BuyBuy (8)Sell (0)","Name
S3
S2
S1
Pivot Points
R1
R2
R3
Classic
0.9150
0.9160
0.9166
0.9176
0.9181
0.9192
0.9197
Fibonacci
0.9160
0.9166
0.9170
0.9176
0.9182
0.9186
0.9192
Camarilla
0.9167
0.9169
0.9170
0.9176
0.9173
0.9174
0.9176
Woodie's
0.9148
0.9159
0.9164
0.9175
0.9179
0.9191
0.9195
DeMark's
-
-
0.9163
0.9175
0.9179
-
-","Technical IndicatorsJun 17, 2021 06:47PM GMT
Name
Value
Action
RSI(14)
72.655
Buy
STOCH(9,6)
75.592
Buy
STOCHRSI(14)
0.000
Oversold
MACD(12,26)
0.004
Buy
ADX(14)
31.028
Neutral
Williams %R
-19.545
Overbought
CCI(14)
84.3841
Buy
ATR(14)
0.0018
High Volatility
Highs/Lows(14)
0.0014
Buy
Ultimate Oscillator
64.459
Buy
ROC
0.908
Buy
Bull/Bear Power(13)
0.0039
Buy
Buy: 8
Sell: 0
Neutral: 1


Summary:Strong Buy","Jun 17, 2021 06:47PM GMT"
nzd_chf,0.6425 +0.0021    +0.33%,14:47:42,2021-06-17 18:48:10.432494,"Prev. Close: 0.6404
Bid/Ask: 0.6423 / 0.6427
Day's Range: 0.6406 - 0.6453",Sell,"Summary:Sell
Moving Averages:NeutralBuy (6)Sell (6)
Technical Indicators:Strong SellBuy (1)Sell (7)","Name
S3
S2
S1
Pivot Points
R1
R2
R3
Classic
0.6420
0.6422
0.6425
0.6428
0.6431
0.6434
0.6437
Fibonacci
0.6422
0.6425
0.6426
0.6428
0.6430
0.6431
0.6434
Camarilla
0.6426
0.6427
0.6427
0.6428
0.6429
0.6429
0.6430
Woodie's
0.6420
0.6422
0.6425
0.6428
0.6431
0.6434
0.6437
DeMark's
-
-
0.6426
0.6429
0.6432
-
-","Technical IndicatorsJun 17, 2021 06:47PM GMT
Name
Value
Action
RSI(14)
49.779
Neutral
STOCH(9,6)
41.929
Sell
STOCHRSI(14)
40.606
Sell
MACD(12,26)
0.000
Buy
ADX(14)
26.054
Sell
Williams %R
-59.141
Sell
CCI(14)
-29.1667
Neutral
ATR(14)
0.0012
Less Volatility
Highs/Lows(14)
0.0000
Neutral
Ultimate Oscillator
47.221
Sell
ROC
-0.217
Sell
Bull/Bear Power(13)
-0.0006
Sell
Buy: 1
Sell: 7
Neutral: 3


Summary:Strong Sell","Jun 17, 2021 06:47PM GMT"
usd_cny,6.4484 +0.0515    +0.80%,11:27:22,2021-06-17 18:48:10.435302,"Prev. Close: 6.3969
Bid/Ask: 6.4477 / 6.4490
Day's Range: 6.3972 - 6.4494",Strong Buy,"Summary:Strong Buy
Moving Averages:BuyBuy (12)Sell (0)
Technical Indicators:Strong BuyBuy (7)Sell (0)","Name
S3
S2
S1
Pivot Points
R1
R2
R3
Classic
6.4380
6.4399
6.4436
6.4455
6.4492
6.4511
6.4548
Fibonacci
6.4399
6.4420
6.4434
6.4455
6.4476
6.4490
6.4511
Camarilla
6.4458
6.4463
6.4468
6.4455
6.4479
6.4484
6.4489
Woodie's
6.4390
6.4404
6.4446
6.4460
6.4502
6.4516
6.4558
DeMark's
-
-
6.4446
6.4460
6.4502
-
-","Technical IndicatorsJun 17, 2021 03:34PM GMT
Name
Value
Action
RSI(14)
85.433
Overbought
STOCH(9,6)
77.649
Buy
STOCHRSI(14)
100.000
Overbought
MACD(12,26)
0.011
Buy
ADX(14)
61.337
Buy
Williams %R
-3.426
Overbought
CCI(14)
151.8010
Buy
ATR(14)
0.0041
Less Volatility
Highs/Lows(14)
0.0141
Buy
Ultimate Oscillator
82.973
Overbought
ROC
0.391
Buy
Bull/Bear Power(13)
0.0286
Buy
Buy: 7
Sell: 0
Neutral: 0


Summary:Strong Buy","Jun 17, 2021 03:34PM GMT"
usd_hkd,7.7648 +0.0018    +0.02%,14:47:30,2021-06-17 18:48:10.438082,"Prev. Close: 7.7630
Bid/Ask: 7.7647 / 7.7648
Day's Range: 7.7625 - 7.7656",Strong Buy,"Summary:Strong Buy
Moving Averages:BuyBuy (12)Sell (0)
Technical Indicators:Strong BuyBuy (7)Sell (3)","Name
S3
S2
S1
Pivot Points
R1
R2
R3
Classic
7.7636
7.7639
7.7643
7.7646
7.7650
7.7653
7.7657
Fibonacci
7.7639
7.7642
7.7643
7.7646
7.7649
7.7650
7.7653
Camarilla
7.7646
7.7646
7.7647
7.7646
7.7648
7.7649
7.7649
Woodie's
7.7636
7.7639
7.7643
7.7646
7.7650
7.7653
7.7657
DeMark's
-
-
7.7644
7.7646
7.7651
-
-","Technical IndicatorsJun 17, 2021 06:47PM GMT
Name
Value
Action
RSI(14)
57.948
Buy
STOCH(9,6)
32.898
Sell
STOCHRSI(14)
35.095
Sell
MACD(12,26)
0.000
Buy
ADX(14)
42.016
Buy
Williams %R
-36.838
Buy
CCI(14)
74.7187
Buy
ATR(14)
0.0009
Less Volatility
Highs/Lows(14)
0.0000
Neutral
Ultimate Oscillator
44.150
Sell
ROC
0.010
Buy
Bull/Bear Power(13)
0.0016
Buy
Buy: 7
Sell: 3
Neutral: 1


Summary:Strong Buy","Jun 17, 2021 06:47PM GMT"
eur_usd,1.1918 -0.0076    -0.64%,14:48:55,2021-06-17 18:49:10.109083,"Prev. Close: 1.1994
Bid/Ask: 1.1917 / 1.1918
Day's Range: 1.1892 - 1.2007",Strong Sell,"Summary:Strong Sell
Moving Averages:SellBuy (2)Sell (10)
Technical Indicators:Strong SellBuy (0)Sell (9)","Name
S3
S2
S1
Pivot Points
R1
R2
R3
Classic
1.1880
1.1888
1.1902
1.1910
1.1924
1.1932
1.1946
Fibonacci
1.1888
1.1896
1.1902
1.1910
1.1918
1.1924
1.1932
Camarilla
1.1910
1.1912
1.1914
1.1910
1.1918
1.1920
1.1922
Woodie's
1.1882
1.1889
1.1904
1.1911
1.1926
1.1933
1.1948
DeMark's
-
-
1.1906
1.1912
1.1928
-
-","Technical IndicatorsJun 17, 2021 06:47PM GMT
Name
Value
Action
RSI(14)
29.729
Sell
STOCH(9,6)
30.645
Sell
STOCHRSI(14)
100.000
Overbought
MACD(12,26)
-0.004
Sell
ADX(14)
31.450
Neutral
Williams %R
-75.546
Sell
CCI(14)
-83.0862
Sell
ATR(14)
0.0023
High Volatility
Highs/Lows(14)
-0.0011
Sell
Ultimate Oscillator
37.538
Sell
ROC
-0.675
Sell
Bull/Bear Power(13)
-0.0043
Sell
Buy: 0
Sell: 9
Neutral: 1


Summary:Strong Sell","Jun 17, 2021 06:47PM GMT"
gbp_usd,1.3930 -0.0057    -0.41%,14:48:40,2021-06-17 18:49:10.112670,"Prev. Close: 1.3987
Bid/Ask: 1.3929 / 1.3930
Day's Range: 1.3896 - 1.4010",Strong Sell,"Summary:Strong Sell
Moving Averages:SellBuy (2)Sell (10)
Technical Indicators:Strong SellBuy (1)Sell (9)","Name
S3
S2
S1
Pivot Points
R1
R2
R3
Classic
1.3876
1.3886
1.3905
1.3915
1.3934
1.3944
1.3963
Fibonacci
1.3886
1.3897
1.3904
1.3915
1.3926
1.3933
1.3944
Camarilla
1.3917
1.3920
1.3922
1.3915
1.3928
1.3930
1.3933
Woodie's
1.3882
1.3889
1.3911
1.3918
1.3940
1.3947
1.3969
DeMark's
-
-
1.3910
1.3918
1.3939
-
-","Technical IndicatorsJun 17, 2021 06:47PM GMT
Name
Value
Action
RSI(14)
37.465
Sell
STOCH(9,6)
31.234
Sell
STOCHRSI(14)
99.749
Overbought
MACD(12,26)
-0.003
Sell
ADX(14)
39.758
Buy
Williams %R
-68.723
Sell
CCI(14)
-70.9365
Sell
ATR(14)
0.0027
High Volatility
Highs/Lows(14)
-0.0009
Sell
Ultimate Oscillator
37.702
Sell
ROC
-0.479
Sell
Bull/Bear Power(13)
-0.0021
Sell
Buy: 1
Sell: 9
Neutral: 0


Summary:Strong Sell","Jun 17, 2021 06:47PM GMT"
usd_jpy,110.22 -0.47    -0.43%,14:48:31,2021-06-17 18:49:10.115637,"Prev. Close: 110.69
Bid/Ask: 110.20 / 110.23
Day's Range: 110.17 - 110.83",Strong Sell,"Summary:Strong Sell
Moving Averages:SellBuy (4)Sell (8)
Technical Indicators:Strong SellBuy (0)Sell (8)","Name
S3
S2
S1
Pivot Points
R1
R2
R3
Classic
110.03
110.11
110.16
110.24
110.29
110.37
110.41
Fibonacci
110.11
110.16
110.19
110.24
110.29
110.32
110.37
Camarilla
110.18
110.19
110.20
110.24
110.23
110.24
110.25
Woodie's
110.03
110.11
110.16
110.24
110.29
110.37
110.41
DeMark's
-
-
110.14
110.23
110.27
-
-","Technical IndicatorsJun 17, 2021 06:48PM GMT
Name
Value
Action
RSI(14)
39.461
Sell
STOCH(9,6)
19.328
Oversold
STOCHRSI(14)
4.361
Oversold
MACD(12,26)
-0.010
Sell
ADX(14)
35.350
Sell
Williams %R
-90.756
Oversold
CCI(14)
-121.5322
Sell
ATR(14)
0.1325
High Volatility
Highs/Lows(14)
-0.2157
Sell
Ultimate Oscillator
38.038
Sell
ROC
-0.407
Sell
Bull/Bear Power(13)
-0.4100
Sell
Buy: 0
Sell: 8
Neutral: 0


Summary:Strong Sell","Jun 17, 2021 06:48PM GMT"
aud_usd,0.7555 -0.0056    -0.73%,14:48:47,2021-06-17 18:49:10.118493,"Prev. Close: 0.7610
Bid/Ask: 0.7554 / 0.7555
Day's Range: 0.7540 - 0.7646",Strong Sell,"Summary:Strong Sell
Moving Averages:Strong SellBuy (0)Sell (12)
Technical Indicators:Strong SellBuy (0)Sell (8)","Name
S3
S2
S1
Pivot Points
R1
R2
R3
Classic
0.7531
0.7537
0.7548
0.7554
0.7565
0.7571
0.7582
Fibonacci
0.7537
0.7543
0.7548
0.7554
0.7560
0.7565
0.7571
Camarilla
0.7553
0.7555
0.7556
0.7554
0.7560
0.7561
0.7563
Woodie's
0.7533
0.7538
0.7550
0.7555
0.7567
0.7572
0.7584
DeMark's
-
-
0.7551
0.7555
0.7568
-
-","Technical IndicatorsJun 17, 2021 06:47PM GMT
Name
Value
Action
RSI(14)
27.939
Sell
STOCH(9,6)
22.633
Sell
STOCHRSI(14)
54.627
Neutral
MACD(12,26)
-0.003
Sell
ADX(14)
42.866
Sell
Williams %R
-82.813
Oversold
CCI(14)
-80.3134
Sell
ATR(14)
0.0018
Less Volatility
Highs/Lows(14)
-0.0018
Sell
Ultimate Oscillator
29.369
Oversold
ROC
-0.963
Sell
Bull/Bear Power(13)
-0.0024
Sell
Buy: 0
Sell: 8
Neutral: 1


Summary:Strong Sell","Jun 17, 2021 06:47PM GMT"
eur_gbp,0.8556 -0.0017    -0.20%,14:48:51,2021-06-17 18:49:10.121280,"Prev. Close: 0.8573
Bid/Ask: 0.8554 / 0.8558
Day's Range: 0.8542 - 0.8580",Strong Sell,"Summary:Strong Sell
Moving Averages:Strong SellBuy (0)Sell (12)
Technical Indicators:Strong SellBuy (2)Sell (6)","Name
S3
S2
S1
Pivot Points
R1
R2
R3
Classic
0.8547
0.8552
0.8555
0.8560
0.8562
0.8568
0.8570
Fibonacci
0.8552
0.8555
0.8557
0.8560
0.8563
0.8565
0.8568
Camarilla
0.8555
0.8556
0.8557
0.8560
0.8558
0.8559
0.8560
Woodie's
0.8547
0.8552
0.8555
0.8560
0.8562
0.8568
0.8570
DeMark's
-
-
0.8554
0.8559
0.8561
-
-","Technical IndicatorsJun 17, 2021 06:48PM GMT
Name
Value
Action
RSI(14)
38.147
Sell
STOCH(9,6)
51.143
Neutral
STOCHRSI(14)
72.397
Buy
MACD(12,26)
-0.001
Sell
ADX(14)
35.421
Sell
Williams %R
-58.209
Sell
CCI(14)
-49.5396
Neutral
ATR(14)
0.0011
High Volatility
Highs/Lows(14)
0.0000
Neutral
Ultimate Oscillator
53.668
Buy
ROC
-0.210
Sell
Bull/Bear Power(13)
-0.0008
Sell
Buy: 2
Sell: 6
Neutral: 3


Summary:Strong Sell","Jun 17, 2021 06:48PM GMT"
usd_cad,1.2348 +0.0072    +0.59%,14:48:50,2021-06-17 18:49:10.124076,"Prev. Close: 1.2276
Bid/Ask: 1.2346 / 1.2350
Day's Range: 1.2261 - 1.2378",Strong Buy,"Summary:Strong Buy
Moving Averages:BuyBuy (11)Sell (1)
Technical Indicators:Strong BuyBuy (9)Sell (1)","Name
S3
S2
S1
Pivot Points
R1
R2
R3
Classic
1.2321
1.2330
1.2342
1.2351
1.2363
1.2372
1.2384
Fibonacci
1.2330
1.2338
1.2343
1.2351
1.2359
1.2364
1.2372
Camarilla
1.2347
1.2349
1.2351
1.2351
1.2355
1.2357
1.2359
Woodie's
1.2321
1.2330
1.2342
1.2351
1.2363
1.2372
1.2384
DeMark's
-
-
1.2336
1.2348
1.2357
-
-","Technical IndicatorsJun 17, 2021 06:48PM GMT
Name
Value
Action
RSI(14)
68.341
Buy
STOCH(9,6)
65.852
Buy
STOCHRSI(14)
26.730
Sell
MACD(12,26)
0.003
Buy
ADX(14)
33.242
Neutral
Williams %R
-26.610
Buy
CCI(14)
89.3326
Buy
ATR(14)
0.0026
High Volatility
Highs/Lows(14)
0.0014
Buy
Ultimate Oscillator
68.951
Buy
ROC
0.628
Buy
Bull/Bear Power(13)
0.0034
Buy
Buy: 9
Sell: 1
Neutral: 1


Summary:Strong Buy","Jun 17, 2021 06:48PM GMT"
usd_chf,0.9168 +0.0083    +0.91%,14:48:43,2021-06-17 18:49:10.126858,"Prev. Close: 0.9085
Bid/Ask: 0.9166 / 0.9170
Day's Range: 0.9076 - 0.9188",Strong Buy,"Summary:Strong Buy
Moving Averages:BuyBuy (10)Sell (2)
Technical Indicators:Strong BuyBuy (8)Sell (0)","Name
S3
S2
S1
Pivot Points
R1
R2
R3
Classic
0.9150
0.9160
0.9166
0.9176
0.9181
0.9192
0.9197
Fibonacci
0.9160
0.9166
0.9170
0.9176
0.9182
0.9186
0.9192
Camarilla
0.9167
0.9169
0.9170
0.9176
0.9173
0.9174
0.9176
Woodie's
0.9148
0.9159
0.9164
0.9175
0.9179
0.9191
0.9195
DeMark's
-
-
0.9163
0.9175
0.9179
-
-","Technical IndicatorsJun 17, 2021 06:48PM GMT
Name
Value
Action
RSI(14)
73.238
Buy
STOCH(9,6)
75.901
Buy
STOCHRSI(14)
0.000
Oversold
MACD(12,26)
0.004
Buy
ADX(14)
31.028
Neutral
Williams %R
-18.636
Overbought
CCI(14)
85.2389
Buy
ATR(14)
0.0018
High Volatility
Highs/Lows(14)
0.0015
Buy
Ultimate Oscillator
65.059
Buy
ROC
0.919
Buy
Bull/Bear Power(13)
0.0039
Buy
Buy: 8
Sell: 0
Neutral: 1


Summary:Strong Buy","Jun 17, 2021 06:48PM GMT"
nzd_chf,0.6425 +0.0021    +0.33%,14:48:37,2021-06-17 18:49:10.129610,"Prev. Close: 0.6404
Bid/Ask: 0.6422 / 0.6428
Day's Range: 0.6406 - 0.6453",Sell,"Summary:Sell
Moving Averages:NeutralBuy (6)Sell (6)
Technical Indicators:Strong SellBuy (1)Sell (7)","Name
S3
S2
S1
Pivot Points
R1
R2
R3
Classic
0.6420
0.6422
0.6425
0.6428
0.6431
0.6434
0.6437
Fibonacci
0.6422
0.6425
0.6426
0.6428
0.6430
0.6431
0.6434
Camarilla
0.6426
0.6427
0.6427
0.6428
0.6429
0.6429
0.6430
Woodie's
0.6420
0.6422
0.6425
0.6428
0.6431
0.6434
0.6437
DeMark's
-
-
0.6426
0.6429
0.6432
-
-","Technical IndicatorsJun 17, 2021 06:47PM GMT
Name
Value
Action
RSI(14)
49.779
Neutral
STOCH(9,6)
41.929
Sell
STOCHRSI(14)
40.606
Sell
MACD(12,26)
0.000
Buy
ADX(14)
26.054
Sell
Williams %R
-59.141
Sell
CCI(14)
-29.1667
Neutral
ATR(14)
0.0012
Less Volatility
Highs/Lows(14)
0.0000
Neutral
Ultimate Oscillator
47.221
Sell
ROC
-0.217
Sell
Bull/Bear Power(13)
-0.0006
Sell
Buy: 1
Sell: 7
Neutral: 3


Summary:Strong Sell","Jun 17, 2021 06:47PM GMT"
usd_cny,6.4484 +0.0515    +0.80%,11:27:22,2021-06-17 18:49:10.132382,"Prev. Close: 6.3969
Bid/Ask: 6.4477 / 6.4490
Day's Range: 6.3972 - 6.4494",Strong Buy,"Summary:Strong Buy
Moving Averages:BuyBuy (12)Sell (0)
Technical Indicators:Strong BuyBuy (7)Sell (0)","Name
S3
S2
S1
Pivot Points
R1
R2
R3
Classic
6.4380
6.4399
6.4436
6.4455
6.4492
6.4511
6.4548
Fibonacci
6.4399
6.4420
6.4434
6.4455
6.4476
6.4490
6.4511
Camarilla
6.4458
6.4463
6.4468
6.4455
6.4479
6.4484
6.4489
Woodie's
6.4390
6.4404
6.4446
6.4460
6.4502
6.4516
6.4558
DeMark's
-
-
6.4446
6.4460
6.4502
-
-","Technical IndicatorsJun 17, 2021 03:34PM GMT
Name
Value
Action
RSI(14)
85.433
Overbought
STOCH(9,6)
77.649
Buy
STOCHRSI(14)
100.000
Overbought
MACD(12,26)
0.011
Buy
ADX(14)
61.337
Buy
Williams %R
-3.426
Overbought
CCI(14)
151.8010
Buy
ATR(14)
0.0041
Less Volatility
Highs/Lows(14)
0.0141
Buy
Ultimate Oscillator
82.973
Overbought
ROC
0.391
Buy
Bull/Bear Power(13)
0.0286
Buy
Buy: 7
Sell: 0
Neutral: 0


Summary:Strong Buy","Jun 17, 2021 03:34PM GMT"
usd_hkd,7.7648 +0.0018    +0.02%,14:48:32,2021-06-17 18:49:10.135164,"Prev. Close: 7.7630
Bid/Ask: 7.7647 / 7.7648
Day's Range: 7.7625 - 7.7656",Strong Buy,"Summary:Strong Buy
Moving Averages:BuyBuy (12)Sell (0)
Technical Indicators:Strong BuyBuy (7)Sell (3)","Name
S3
S2
S1
Pivot Points
R1
R2
R3
Classic
7.7636
7.7639
7.7643
7.7646
7.7650
7.7653
7.7657
Fibonacci
7.7639
7.7642
7.7643
7.7646
7.7649
7.7650
7.7653
Camarilla
7.7646
7.7646
7.7647
7.7646
7.7648
7.7649
7.7649
Woodie's
7.7636
7.7639
7.7643
7.7646
7.7650
7.7653
7.7657
DeMark's
-
-
7.7644
7.7646
7.7651
-
-","Technical IndicatorsJun 17, 2021 06:47PM GMT
Name
Value
Action
RSI(14)
57.948
Buy
STOCH(9,6)
32.898
Sell
STOCHRSI(14)
35.095
Sell
MACD(12,26)
0.000
Buy
ADX(14)
42.016
Buy
Williams %R
-36.838
Buy
CCI(14)
74.7187
Buy
ATR(14)
0.0009
Less Volatility
Highs/Lows(14)
0.0000
Neutral
Ultimate Oscillator
44.150
Sell
ROC
0.010
Buy
Bull/Bear Power(13)
0.0016
Buy
Buy: 7
Sell: 3
Neutral: 1


Summary:Strong Buy","Jun 17, 2021 06:47PM GMT"
eur_usd,1.1918 -0.0076    -0.63%,14:49:35,2021-06-17 18:50:10.001383,"Prev. Close: 1.1994
Bid/Ask: 1.1916 / 1.1920
Day's Range: 1.1892 - 1.2007",Strong Sell,"Summary:Strong Sell
Moving Averages:SellBuy (2)Sell (10)
Technical Indicators:Strong SellBuy (0)Sell (9)","Name
S3
S2
S1
Pivot Points
R1
R2
R3
Classic
1.1880
1.1888
1.1902
1.1910
1.1924
1.1932
1.1946
Fibonacci
1.1888
1.1896
1.1902
1.1910
1.1918
1.1924
1.1932
Camarilla
1.1910
1.1912
1.1914
1.1910
1.1918
1.1920
1.1922
Woodie's
1.1882
1.1889
1.1904
1.1911
1.1926
1.1933
1.1948
DeMark's
-
-
1.1906
1.1912
1.1928
-
-","Technical IndicatorsJun 17, 2021 06:49PM GMT
Name
Value
Action
RSI(14)
29.006
Sell
STOCH(9,6)
30.235
Sell
STOCHRSI(14)
100.000
Overbought
MACD(12,26)
-0.004
Sell
ADX(14)
31.450
Neutral
Williams %R
-76.857
Sell
CCI(14)
-84.4433
Sell
ATR(14)
0.0023
High Volatility
Highs/Lows(14)
-0.0012
Sell
Ultimate Oscillator
36.789
Sell
ROC
-0.687
Sell
Bull/Bear Power(13)
-0.0043
Sell
Buy: 0
Sell: 9
Neutral: 1


Summary:Strong Sell","Jun 17, 2021 06:49PM GMT"
gbp_usd,1.3929 -0.0059    -0.42%,14:49:34,2021-06-17 18:50:10.004882,"Prev. Close: 1.3987
Bid/Ask: 1.3928 / 1.3929
Day's Range: 1.3896 - 1.4010",Strong Sell,"Summary:Strong Sell
Moving Averages:SellBuy (2)Sell (10)
Technical Indicators:Strong SellBuy (1)Sell (9)","Name
S3
S2
S1
Pivot Points
R1
R2
R3
Classic
1.3876
1.3886
1.3905
1.3915
1.3934
1.3944
1.3963
Fibonacci
1.3886
1.3897
1.3904
1.3915
1.3926
1.3933
1.3944
Camarilla
1.3917
1.3920
1.3922
1.3915
1.3928
1.3930
1.3933
Woodie's
1.3882
1.3889
1.3911
1.3918
1.3940
1.3947
1.3969
DeMark's
-
-
1.3910
1.3918
1.3939
-
-","Technical IndicatorsJun 17, 2021 06:47PM GMT
Name
Value
Action
RSI(14)
37.465
Sell
STOCH(9,6)
31.234
Sell
STOCHRSI(14)
99.749
Overbought
MACD(12,26)
-0.003
Sell
ADX(14)
39.758
Buy
Williams %R
-68.723
Sell
CCI(14)
-70.9365
Sell
ATR(14)
0.0027
High Volatility
Highs/Lows(14)
-0.0009
Sell
Ultimate Oscillator
37.702
Sell
ROC
-0.479
Sell
Bull/Bear Power(13)
-0.0021
Sell
Buy: 1
Sell: 9
Neutral: 0


Summary:Strong Sell","Jun 17, 2021 06:47PM GMT"
usd_jpy,110.23 -0.46    -0.42%,14:49:39,2021-06-17 18:50:10.007760,"Prev. Close: 110.69
Bid/Ask: 110.22 / 110.24
Day's Range: 110.17 - 110.83",Strong Sell,"Summary:Strong Sell
Moving Averages:SellBuy (4)Sell (8)
Technical Indicators:Strong SellBuy (0)Sell (8)","Name
S3
S2
S1
Pivot Points
R1
R2
R3
Classic
110.03
110.11
110.16
110.24
110.29
110.37
110.41
Fibonacci
110.11
110.16
110.19
110.24
110.29
110.32
110.37
Camarilla
110.18
110.19
110.20
110.24
110.23
110.24
110.25
Woodie's
110.03
110.11
110.16
110.24
110.29
110.37
110.41
DeMark's
-
-
110.14
110.23
110.27
-
-","Technical IndicatorsJun 17, 2021 06:49PM GMT
Name
Value
Action
RSI(14)
39.774
Sell
STOCH(9,6)
19.468
Oversold
STOCHRSI(14)
5.501
Oversold
MACD(12,26)
-0.010
Sell
ADX(14)
35.350
Sell
Williams %R
-89.915
Oversold
CCI(14)
-120.9737
Sell
ATR(14)
0.1325
High Volatility
Highs/Lows(14)
-0.2107
Sell
Ultimate Oscillator
38.386
Sell
ROC
-0.402
Sell
Bull/Bear Power(13)
-0.4120
Sell
Buy: 0
Sell: 8
Neutral: 0


Summary:Strong Sell","Jun 17, 2021 06:49PM GMT"
aud_usd,0.7555 -0.0055    -0.72%,14:49:39,2021-06-17 18:50:10.010544,"Prev. Close: 0.7610
Bid/Ask: 0.7554 / 0.7556
Day's Range: 0.7540 - 0.7646",Strong Sell,"Summary:Strong Sell
Moving Averages:Strong SellBuy (0)Sell (12)
Technical Indicators:Strong SellBuy (0)Sell (8)","Name
S3
S2
S1
Pivot Points
R1
R2
R3
Classic
0.7531
0.7537
0.7548
0.7554
0.7565
0.7571
0.7582
Fibonacci
0.7537
0.7543
0.7548
0.7554
0.7560
0.7565
0.7571
Camarilla
0.7553
0.7555
0.7556
0.7554
0.7560
0.7561
0.7563
Woodie's
0.7533
0.7538
0.7550
0.7555
0.7567
0.7572
0.7584
DeMark's
-
-
0.7551
0.7555
0.7568
-
-","Technical IndicatorsJun 17, 2021 06:48PM GMT
Name
Value
Action
RSI(14)
27.693
Sell
STOCH(9,6)
22.348
Sell
STOCHRSI(14)
53.256
Neutral
MACD(12,26)
-0.003
Sell
ADX(14)
42.866
Sell
Williams %R
-83.854
Oversold
CCI(14)
-81.1301
Sell
ATR(14)
0.0018
Less Volatility
Highs/Lows(14)
-0.0019
Sell
Ultimate Oscillator
28.778
Oversold
ROC
-0.976
Sell
Bull/Bear Power(13)
-0.0024
Sell
Buy: 0
Sell: 8
Neutral: 1


Summary:Strong Sell","Jun 17, 2021 06:48PM GMT"
eur_gbp,0.8557 -0.0016    -0.19%,14:49:31,2021-06-17 18:50:10.013297,"Prev. Close: 0.8573
Bid/Ask: 0.8554 / 0.8559
Day's Range: 0.8542 - 0.8580",Strong Sell,"Summary:Strong Sell
Moving Averages:Strong SellBuy (0)Sell (12)
Technical Indicators:Strong SellBuy (2)Sell (6)","Name
S3
S2
S1
Pivot Points
R1
R2
R3
Classic
0.8547
0.8552
0.8555
0.8560
0.8562
0.8568
0.8570
Fibonacci
0.8552
0.8555
0.8557
0.8560
0.8563
0.8565
0.8568
Camarilla
0.8555
0.8556
0.8557
0.8560
0.8558
0.8559
0.8560
Woodie's
0.8547
0.8552
0.8555
0.8560
0.8562
0.8568
0.8570
DeMark's
-
-
0.8554
0.8559
0.8561
-
-","Technical IndicatorsJun 17, 2021 06:48PM GMT
Name
Value
Action
RSI(14)
38.147
Sell
STOCH(9,6)
51.143
Neutral
STOCHRSI(14)
72.397
Buy
MACD(12,26)
-0.001
Sell
ADX(14)
35.421
Sell
Williams %R
-58.209
Sell
CCI(14)
-49.5396
Neutral
ATR(14)
0.0011
High Volatility
Highs/Lows(14)
0.0000
Neutral
Ultimate Oscillator
53.668
Buy
ROC
-0.210
Sell
Bull/Bear Power(13)
-0.0008
Sell
Buy: 2
Sell: 6
Neutral: 3


Summary:Strong Sell","Jun 17, 2021 06:48PM GMT"
usd_cad,1.2349 +0.0073    +0.59%,14:49:42,2021-06-17 18:50:10.016063,"Prev. Close: 1.2276
Bid/Ask: 1.2348 / 1.2349
Day's Range: 1.2261 - 1.2378",Strong Buy,"Summary:Strong Buy
Moving Averages:BuyBuy (11)Sell (1)
Technical Indicators:Strong BuyBuy (9)Sell (1)","Name
S3
S2
S1
Pivot Points
R1
R2
R3
Classic
1.2321
1.2330
1.2342
1.2351
1.2363
1.2372
1.2384
Fibonacci
1.2330
1.2338
1.2343
1.2351
1.2359
1.2364
1.2372
Camarilla
1.2347
1.2349
1.2351
1.2351
1.2355
1.2357
1.2359
Woodie's
1.2321
1.2330
1.2342
1.2351
1.2363
1.2372
1.2384
DeMark's
-
-
1.2336
1.2348
1.2357
-
-","Technical IndicatorsJun 17, 2021 06:48PM GMT
Name
Value
Action
RSI(14)
68.341
Buy
STOCH(9,6)
65.852
Buy
STOCHRSI(14)
26.730
Sell
MACD(12,26)
0.003
Buy
ADX(14)
33.242
Neutral
Williams %R
-26.610
Buy
CCI(14)
89.3326
Buy
ATR(14)
0.0026
High Volatility
Highs/Lows(14)
0.0014
Buy
Ultimate Oscillator
68.951
Buy
ROC
0.628
Buy
Bull/Bear Power(13)
0.0034
Buy
Buy: 9
Sell: 1
Neutral: 1


Summary:Strong Buy","Jun 17, 2021 06:48PM GMT"
usd_chf,0.9168 +0.0083    +0.91%,14:49:33,2021-06-17 18:50:10.018841,"Prev. Close: 0.9085
Bid/Ask: 0.9167 / 0.9168
Day's Range: 0.9076 - 0.9188",Strong Buy,"Summary:Strong Buy
Moving Averages:BuyBuy (10)Sell (2)
Technical Indicators:Strong BuyBuy (8)Sell (0)","Name
S3
S2
S1
Pivot Points
R1
R2
R3
Classic
0.9150
0.9160
0.9166
0.9176
0.9181
0.9192
0.9197
Fibonacci
0.9160
0.9166
0.9170
0.9176
0.9182
0.9186
0.9192
Camarilla
0.9167
0.9169
0.9170
0.9176
0.9173
0.9174
0.9176
Woodie's
0.9148
0.9159
0.9164
0.9175
0.9179
0.9191
0.9195
DeMark's
-
-
0.9163
0.9175
0.9179
-
-","Technical IndicatorsJun 17, 2021 06:48PM GMT
Name
Value
Action
RSI(14)
73.238
Buy
STOCH(9,6)
75.901
Buy
STOCHRSI(14)
0.000
Oversold
MACD(12,26)
0.004
Buy
ADX(14)
31.028
Neutral
Williams %R
-18.636
Overbought
CCI(14)
85.2389
Buy
ATR(14)
0.0018
High Volatility
Highs/Lows(14)
0.0015
Buy
Ultimate Oscillator
65.059
Buy
ROC
0.919
Buy
Bull/Bear Power(13)
0.0039
Buy
Buy: 8
Sell: 0
Neutral: 1


Summary:Strong Buy","Jun 17, 2021 06:48PM GMT"
nzd_chf,0.6424 +0.0020    +0.31%,14:49:42,2021-06-17 18:50:10.021580,"Prev. Close: 0.6404
Bid/Ask: 0.6423 / 0.6425
Day's Range: 0.6406 - 0.6453",Sell,"Summary:Sell
Moving Averages:NeutralBuy (6)Sell (6)
Technical Indicators:Strong SellBuy (1)Sell (7)","Name
S3
S2
S1
Pivot Points
R1
R2
R3
Classic
0.6420
0.6422
0.6425
0.6428
0.6431
0.6434
0.6437
Fibonacci
0.6422
0.6425
0.6426
0.6428
0.6430
0.6431
0.6434
Camarilla
0.6426
0.6427
0.6427
0.6428
0.6429
0.6429
0.6430
Woodie's
0.6420
0.6422
0.6425
0.6428
0.6431
0.6434
0.6437
DeMark's
-
-
0.6426
0.6429
0.6432
-
-","Technical IndicatorsJun 17, 2021 06:49PM GMT
Name
Value
Action
RSI(14)
49.443
Neutral
STOCH(9,6)
41.710
Sell
STOCHRSI(14)
39.318
Sell
MACD(12,26)
0.000
Buy
ADX(14)
26.054
Sell
Williams %R
-60.216
Sell
CCI(14)
-30.3426
Neutral
ATR(14)
0.0012
Less Volatility
Highs/Lows(14)
0.0000
Neutral
Ultimate Oscillator
46.753
Sell
ROC
-0.225
Sell
Bull/Bear Power(13)
-0.0006
Sell
Buy: 1
Sell: 7
Neutral: 3


Summary:Strong Sell","Jun 17, 2021 06:49PM GMT"
usd_cny,6.4484 +0.0515    +0.80%,11:27:22,2021-06-17 18:50:10.024363,"Prev. Close: 6.3969
Bid/Ask: 6.4477 / 6.4490
Day's Range: 6.3972 - 6.4494",Strong Buy,"Summary:Strong Buy
Moving Averages:BuyBuy (12)Sell (0)
Technical Indicators:Strong BuyBuy (7)Sell (0)","Name
S3
S2
S1
Pivot Points
R1
R2
R3
Classic
6.4380
6.4399
6.4436
6.4455
6.4492
6.4511
6.4548
Fibonacci
6.4399
6.4420
6.4434
6.4455
6.4476
6.4490
6.4511
Camarilla
6.4458
6.4463
6.4468
6.4455
6.4479
6.4484
6.4489
Woodie's
6.4390
6.4404
6.4446
6.4460
6.4502
6.4516
6.4558
DeMark's
-
-
6.4446
6.4460
6.4502
-
-","Technical IndicatorsJun 17, 2021 03:34PM GMT
Name
Value
Action
RSI(14)
85.433
Overbought
STOCH(9,6)
77.649
Buy
STOCHRSI(14)
100.000
Overbought
MACD(12,26)
0.011
Buy
ADX(14)
61.337
Buy
Williams %R
-3.426
Overbought
CCI(14)
151.8010
Buy
ATR(14)
0.0041
Less Volatility
Highs/Lows(14)
0.0141
Buy
Ultimate Oscillator
82.973
Overbought
ROC
0.391
Buy
Bull/Bear Power(13)
0.0286
Buy
Buy: 7
Sell: 0
Neutral: 0


Summary:Strong Buy","Jun 17, 2021 03:34PM GMT"
usd_hkd,7.7649 +0.0019    +0.02%,14:49:39,2021-06-17 18:50:10.027118,"Prev. Close: 7.7630
Bid/Ask: 7.7648 / 7.7649
Day's Range: 7.7625 - 7.7656",Strong Buy,"Summary:Strong Buy
Moving Averages:BuyBuy (12)Sell (0)
Technical Indicators:Strong BuyBuy (7)Sell (3)","Name
S3
S2
S1
Pivot Points
R1
R2
R3
Classic
7.7636
7.7639
7.7643
7.7646
7.7650
7.7653
7.7657
Fibonacci
7.7639
7.7642
7.7643
7.7646
7.7649
7.7650
7.7653
Camarilla
7.7646
7.7646
7.7647
7.7646
7.7648
7.7649
7.7649
Woodie's
7.7636
7.7639
7.7643
7.7646
7.7650
7.7653
7.7657
DeMark's
-
-
7.7644
7.7646
7.7651
-
-","Technical IndicatorsJun 17, 2021 06:49PM GMT
Name
Value
Action
RSI(14)
57.948
Buy
STOCH(9,6)
32.898
Sell
STOCHRSI(14)
35.095
Sell
MACD(12,26)
0.000
Buy
ADX(14)
42.016
Buy
Williams %R
-36.838
Buy
CCI(14)
74.7187
Buy
ATR(14)
0.0009
Less Volatility
Highs/Lows(14)
0.0000
Neutral
Ultimate Oscillator
44.150
Sell
ROC
0.010
Buy
Bull/Bear Power(13)
0.0016
Buy
Buy: 7
Sell: 3
Neutral: 1


Summary:Strong Buy","Jun 17, 2021 06:49PM GMT"
eur_usd,1.1919 -0.0075    -0.63%,14:50:48,2021-06-17 18:51:09.924159,"Prev. Close: 1.1994
Bid/Ask: 1.1917 / 1.1921
Day's Range: 1.1892 - 1.2007",Strong Sell,"Summary:Strong Sell
Moving Averages:SellBuy (2)Sell (10)
Technical Indicators:Strong SellBuy (0)Sell (9)","Name
S3
S2
S1
Pivot Points
R1
R2
R3
Classic
1.1880
1.1888
1.1902
1.1910
1.1924
1.1932
1.1946
Fibonacci
1.1888
1.1896
1.1902
1.1910
1.1918
1.1924
1.1932
Camarilla
1.1910
1.1912
1.1914
1.1910
1.1918
1.1920
1.1922
Woodie's
1.1882
1.1889
1.1904
1.1911
1.1926
1.1933
1.1948
DeMark's
-
-
1.1906
1.1912
1.1928
-
-","Technical IndicatorsJun 17, 2021 06:49PM GMT
Name
Value
Action
RSI(14)
29.006
Sell
STOCH(9,6)
30.235
Sell
STOCHRSI(14)
100.000
Overbought
MACD(12,26)
-0.004
Sell
ADX(14)
31.450
Neutral
Williams %R
-76.857
Sell
CCI(14)
-84.4433
Sell
ATR(14)
0.0023
High Volatility
Highs/Lows(14)
-0.0012
Sell
Ultimate Oscillator
36.789
Sell
ROC
-0.687
Sell
Bull/Bear Power(13)
-0.0043
Sell
Buy: 0
Sell: 9
Neutral: 1


Summary:Strong Sell","Jun 17, 2021 06:49PM GMT"
gbp_usd,1.3929 -0.0059    -0.42%,14:50:43,2021-06-17 18:51:09.927721,"Prev. Close: 1.3987
Bid/Ask: 1.3928 / 1.3929
Day's Range: 1.3896 - 1.4010",Strong Sell,"Summary:Strong Sell
Moving Averages:SellBuy (2)Sell (10)
Technical Indicators:Strong SellBuy (1)Sell (9)","Name
S3
S2
S1
Pivot Points
R1
R2
R3
Classic
1.3876
1.3886
1.3905
1.3915
1.3934
1.3944
1.3963
Fibonacci
1.3886
1.3897
1.3904
1.3915
1.3926
1.3933
1.3944
Camarilla
1.3917
1.3920
1.3922
1.3915
1.3928
1.3930
1.3933
Woodie's
1.3882
1.3889
1.3911
1.3918
1.3940
1.3947
1.3969
DeMark's
-
-
1.3910
1.3918
1.3939
-
-","Technical IndicatorsJun 17, 2021 06:49PM GMT
Name
Value
Action
RSI(14)
36.664
Sell
STOCH(9,6)
30.713
Sell
STOCHRSI(14)
94.164
Overbought
MACD(12,26)
-0.004
Sell
ADX(14)
39.758
Buy
Williams %R
-70.925
Sell
CCI(14)
-72.9206
Sell
ATR(14)
0.0027
High Volatility
Highs/Lows(14)
-0.0012
Sell
Ultimate Oscillator
36.787
Sell
ROC
-0.496
Sell
Bull/Bear Power(13)
-0.0021
Sell
Buy: 1
Sell: 9
Neutral: 0


Summary:Strong Sell","Jun 17, 2021 06:49PM GMT"
usd_jpy,110.23 -0.46    -0.42%,14:50:33,2021-06-17 18:51:09.930677,"Prev. Close: 110.69
Bid/Ask: 110.22 / 110.24
Day's Range: 110.17 - 110.83",Strong Sell,"Summary:Strong Sell
Moving Averages:SellBuy (4)Sell (8)
Technical Indicators:Strong SellBuy (0)Sell (8)","Name
S3
S2
S1
Pivot Points
R1
R2
R3
Classic
110.03
110.11
110.16
110.24
110.29
110.37
110.41
Fibonacci
110.11
110.16
110.19
110.24
110.29
110.32
110.37
Camarilla
110.18
110.19
110.20
110.24
110.23
110.24
110.25
Woodie's
110.03
110.11
110.16
110.24
110.29
110.37
110.41
DeMark's
-
-
110.14
110.23
110.27
-
-","Technical IndicatorsJun 17, 2021 06:49PM GMT
Name
Value
Action
RSI(14)
39.774
Sell
STOCH(9,6)
19.468
Oversold
STOCHRSI(14)
5.501
Oversold
MACD(12,26)
-0.010
Sell
ADX(14)
35.350
Sell
Williams %R
-89.915
Oversold
CCI(14)
-120.9737
Sell
ATR(14)
0.1325
High Volatility
Highs/Lows(14)
-0.2107
Sell
Ultimate Oscillator
38.386
Sell
ROC
-0.402
Sell
Bull/Bear Power(13)
-0.4120
Sell
Buy: 0
Sell: 8
Neutral: 0


Summary:Strong Sell","Jun 17, 2021 06:49PM GMT"
aud_usd,0.7555 -0.0056    -0.73%,14:50:49,2021-06-17 18:51:09.933492,"Prev. Close: 0.7610
Bid/Ask: 0.7554 / 0.7555
Day's Range: 0.7540 - 0.7646",Strong Sell,"Summary:Strong Sell
Moving Averages:Strong SellBuy (0)Sell (12)
Technical Indicators:Strong SellBuy (0)Sell (8)","Name
S3
S2
S1
Pivot Points
R1
R2
R3
Classic
0.7531
0.7537
0.7548
0.7554
0.7565
0.7571
0.7582
Fibonacci
0.7537
0.7543
0.7548
0.7554
0.7560
0.7565
0.7571
Camarilla
0.7553
0.7555
0.7556
0.7554
0.7560
0.7561
0.7563
Woodie's
0.7533
0.7538
0.7550
0.7555
0.7567
0.7572
0.7584
DeMark's
-
-
0.7551
0.7555
0.7568
-
-","Technical IndicatorsJun 17, 2021 06:49PM GMT
Name
Value
Action
RSI(14)
27.693
Sell
STOCH(9,6)
22.348
Sell
STOCHRSI(14)
53.256
Neutral
MACD(12,26)
-0.003
Sell
ADX(14)
42.927
Sell
Williams %R
-83.854
Oversold
CCI(14)
-81.5381
Sell
ATR(14)
0.0019
High Volatility
Highs/Lows(14)
-0.0019
Sell
Ultimate Oscillator
28.988
Oversold
ROC
-0.976
Sell
Bull/Bear Power(13)
-0.0025
Sell
Buy: 0
Sell: 8
Neutral: 1


Summary:Strong Sell","Jun 17, 2021 06:49PM GMT"
eur_gbp,0.8558 -0.0015    -0.18%,14:50:51,2021-06-17 18:51:09.936288,"Prev. Close: 0.8573
Bid/Ask: 0.8556 / 0.8559
Day's Range: 0.8542 - 0.8580",Strong Sell,"Summary:Strong Sell
Moving Averages:Strong SellBuy (0)Sell (12)
Technical Indicators:SellBuy (1)Sell (5)","Name
S3
S2
S1
Pivot Points
R1
R2
R3
Classic
0.8547
0.8552
0.8555
0.8560
0.8562
0.8568
0.8570
Fibonacci
0.8552
0.8555
0.8557
0.8560
0.8563
0.8565
0.8568
Camarilla
0.8555
0.8556
0.8557
0.8560
0.8558
0.8559
0.8560
Woodie's
0.8547
0.8552
0.8555
0.8560
0.8562
0.8568
0.8570
DeMark's
-
-
0.8554
0.8559
0.8561
-
-","Technical IndicatorsJun 17, 2021 06:50PM GMT
Name
Value
Action
RSI(14)
39.218
Sell
STOCH(9,6)
52.069
Neutral
STOCHRSI(14)
77.045
Overbought
MACD(12,26)
-0.001
Sell
ADX(14)
35.421
Sell
Williams %R
-53.731
Neutral
CCI(14)
-42.9219
Neutral
ATR(14)
0.0011
High Volatility
Highs/Lows(14)
0.0000
Neutral
Ultimate Oscillator
55.069
Buy
ROC
-0.192
Sell
Bull/Bear Power(13)
-0.0008
Sell
Buy: 1
Sell: 5
Neutral: 4


Summary:Sell","Jun 17, 2021 06:50PM GMT"
usd_cad,1.2349 +0.0073    +0.59%,14:50:50,2021-06-17 18:51:09.939087,"Prev. Close: 1.2276
Bid/Ask: 1.2348 / 1.2349
Day's Range: 1.2261 - 1.2378",Strong Buy,"Summary:Strong Buy
Moving Averages:BuyBuy (11)Sell (1)
Technical Indicators:Strong BuyBuy (9)Sell (1)","Name
S3
S2
S1
Pivot Points
R1
R2
R3
Classic
1.2321
1.2330
1.2342
1.2351
1.2363
1.2372
1.2384
Fibonacci
1.2330
1.2338
1.2343
1.2351
1.2359
1.2364
1.2372
Camarilla
1.2347
1.2349
1.2351
1.2351
1.2355
1.2357
1.2359
Woodie's
1.2321
1.2330
1.2342
1.2351
1.2363
1.2372
1.2384
DeMark's
-
-
1.2336
1.2348
1.2357
-
-","Technical IndicatorsJun 17, 2021 06:49PM GMT
Name
Value
Action
RSI(14)
69.036
Buy
STOCH(9,6)
66.155
Buy
STOCHRSI(14)
31.359
Sell
MACD(12,26)
0.003
Buy
ADX(14)
33.242
Neutral
Williams %R
-25.322
Buy
CCI(14)
90.6448
Buy
ATR(14)
0.0026
High Volatility
Highs/Lows(14)
0.0015
Buy
Ultimate Oscillator
69.521
Buy
ROC
0.640
Buy
Bull/Bear Power(13)
0.0034
Buy
Buy: 9
Sell: 1
Neutral: 1


Summary:Strong Buy","Jun 17, 2021 06:49PM GMT"
usd_chf,0.9167 +0.0082    +0.90%,14:50:42,2021-06-17 18:51:09.941854,"Prev. Close: 0.9085
Bid/Ask: 0.9165 / 0.9169
Day's Range: 0.9076 - 0.9188",Strong Buy,"Summary:Strong Buy
Moving Averages:BuyBuy (10)Sell (2)
Technical Indicators:Strong BuyBuy (8)Sell (0)","Name
S3
S2
S1
Pivot Points
R1
R2
R3
Classic
0.9150
0.9160
0.9166
0.9176
0.9181
0.9192
0.9197
Fibonacci
0.9160
0.9166
0.9170
0.9176
0.9182
0.9186
0.9192
Camarilla
0.9167
0.9169
0.9170
0.9176
0.9173
0.9174
0.9176
Woodie's
0.9148
0.9159
0.9164
0.9175
0.9179
0.9191
0.9195
DeMark's
-
-
0.9163
0.9175
0.9179
-
-","Technical IndicatorsJun 17, 2021 06:49PM GMT
Name
Value
Action
RSI(14)
73.238
Buy
STOCH(9,6)
75.901
Buy
STOCHRSI(14)
0.000
Oversold
MACD(12,26)
0.004
Buy
ADX(14)
31.028
Neutral
Williams %R
-18.636
Overbought
CCI(14)
85.2389
Buy
ATR(14)
0.0018
High Volatility
Highs/Lows(14)
0.0015
Buy
Ultimate Oscillator
65.059
Buy
ROC
0.919
Buy
Bull/Bear Power(13)
0.0039
Buy
Buy: 8
Sell: 0
Neutral: 1


Summary:Strong Buy","Jun 17, 2021 06:49PM GMT"
nzd_chf,0.6425 +0.0021    +0.33%,14:50:53,2021-06-17 18:51:09.944635,"Prev. Close: 0.6404
Bid/Ask: 0.6423 / 0.6427
Day's Range: 0.6406 - 0.6453",Sell,"Summary:Sell
Moving Averages:NeutralBuy (6)Sell (6)
Technical Indicators:Strong SellBuy (1)Sell (7)","Name
S3
S2
S1
Pivot Points
R1
R2
R3
Classic
0.6420
0.6422
0.6425
0.6428
0.6431
0.6434
0.6437
Fibonacci
0.6422
0.6425
0.6426
0.6428
0.6430
0.6431
0.6434
Camarilla
0.6426
0.6427
0.6427
0.6428
0.6429
0.6429
0.6430
Woodie's
0.6420
0.6422
0.6425
0.6428
0.6431
0.6434
0.6437
DeMark's
-
-
0.6426
0.6429
0.6432
-
-","Technical IndicatorsJun 17, 2021 06:49PM GMT
Name
Value
Action
RSI(14)
49.443
Neutral
STOCH(9,6)
41.710
Sell
STOCHRSI(14)
39.318
Sell
MACD(12,26)
0.000
Buy
ADX(14)
26.054
Sell
Williams %R
-60.216
Sell
CCI(14)
-30.3426
Neutral
ATR(14)
0.0012
Less Volatility
Highs/Lows(14)
0.0000
Neutral
Ultimate Oscillator
46.753
Sell
ROC
-0.225
Sell
Bull/Bear Power(13)
-0.0006
Sell
Buy: 1
Sell: 7
Neutral: 3


Summary:Strong Sell","Jun 17, 2021 06:49PM GMT"
usd_cny,6.4484 +0.0515    +0.80%,11:27:22,2021-06-17 18:51:09.947421,"Prev. Close: 6.3969
Bid/Ask: 6.4477 / 6.4490
Day's Range: 6.3972 - 6.4494",Strong Buy,"Summary:Strong Buy
Moving Averages:BuyBuy (12)Sell (0)
Technical Indicators:Strong BuyBuy (7)Sell (0)","Name
S3
S2
S1
Pivot Points
R1
R2
R3
Classic
6.4380
6.4399
6.4436
6.4455
6.4492
6.4511
6.4548
Fibonacci
6.4399
6.4420
6.4434
6.4455
6.4476
6.4490
6.4511
Camarilla
6.4458
6.4463
6.4468
6.4455
6.4479
6.4484
6.4489
Woodie's
6.4390
6.4404
6.4446
6.4460
6.4502
6.4516
6.4558
DeMark's
-
-
6.4446
6.4460
6.4502
-
-","Technical IndicatorsJun 17, 2021 03:34PM GMT
Name
Value
Action
RSI(14)
85.433
Overbought
STOCH(9,6)
77.649
Buy
STOCHRSI(14)
100.000
Overbought
MACD(12,26)
0.011
Buy
ADX(14)
61.337
Buy
Williams %R
-3.426
Overbought
CCI(14)
151.8010
Buy
ATR(14)
0.0041
Less Volatility
Highs/Lows(14)
0.0141
Buy
Ultimate Oscillator
82.973
Overbought
ROC
0.391
Buy
Bull/Bear Power(13)
0.0286
Buy
Buy: 7
Sell: 0
Neutral: 0


Summary:Strong Buy","Jun 17, 2021 03:34PM GMT"
usd_hkd,7.7648 +0.0018    +0.02%,14:50:39,2021-06-17 18:51:09.950181,"Prev. Close: 7.7630
Bid/Ask: 7.7647 / 7.7648
Day's Range: 7.7625 - 7.7656",Strong Buy,"Summary:Strong Buy
Moving Averages:BuyBuy (12)Sell (0)
Technical Indicators:Strong BuyBuy (7)Sell (3)","Name
S3
S2
S1
Pivot Points
R1
R2
R3
Classic
7.7636
7.7639
7.7643
7.7646
7.7650
7.7653
7.7657
Fibonacci
7.7639
7.7642
7.7643
7.7646
7.7649
7.7650
7.7653
Camarilla
7.7646
7.7646
7.7647
7.7646
7.7648
7.7649
7.7649
Woodie's
7.7636
7.7639
7.7643
7.7646
7.7650
7.7653
7.7657
DeMark's
-
-
7.7644
7.7646
7.7651
-
-","Technical IndicatorsJun 17, 2021 06:49PM GMT
Name
Value
Action
RSI(14)
57.948
Buy
STOCH(9,6)
32.898
Sell
STOCHRSI(14)
35.095
Sell
MACD(12,26)
0.000
Buy
ADX(14)
42.016
Buy
Williams %R
-36.838
Buy
CCI(14)
74.7187
Buy
ATR(14)
0.0009
Less Volatility
Highs/Lows(14)
0.0000
Neutral
Ultimate Oscillator
44.150
Sell
ROC
0.010
Buy
Bull/Bear Power(13)
0.0016
Buy
Buy: 7
Sell: 3
Neutral: 1


Summary:Strong Buy","Jun 17, 2021 06:49PM GMT"
eur_usd,1.1918 -0.0076    -0.63%,14:51:36,2021-06-17 18:52:09.979777,"Prev. Close: 1.1994
Bid/Ask: 1.1916 / 1.1920
Day's Range: 1.1892 - 1.2007",Strong Sell,"Summary:Strong Sell
Moving Averages:SellBuy (2)Sell (10)
Technical Indicators:Strong SellBuy (0)Sell (9)","Name
S3
S2
S1
Pivot Points
R1
R2
R3
Classic
1.1880
1.1888
1.1902
1.1910
1.1924
1.1932
1.1946
Fibonacci
1.1888
1.1896
1.1902
1.1910
1.1918
1.1924
1.1932
Camarilla
1.1910
1.1912
1.1914
1.1910
1.1918
1.1920
1.1922
Woodie's
1.1882
1.1889
1.1904
1.1911
1.1926
1.1933
1.1948
DeMark's
-
-
1.1906
1.1912
1.1928
-
-","Technical IndicatorsJun 17, 2021 06:51PM GMT
Name
Value
Action
RSI(14)
29.006
Sell
STOCH(9,6)
30.235
Sell
STOCHRSI(14)
100.000
Overbought
MACD(12,26)
-0.004
Sell
ADX(14)
31.450
Neutral
Williams %R
-76.857
Sell
CCI(14)
-84.4433
Sell
ATR(14)
0.0023
High Volatility
Highs/Lows(14)
-0.0012
Sell
Ultimate Oscillator
36.789
Sell
ROC
-0.687
Sell
Bull/Bear Power(13)
-0.0043
Sell
Buy: 0
Sell: 9
Neutral: 1


Summary:Strong Sell","Jun 17, 2021 06:51PM GMT"
gbp_usd,1.3927 -0.0060    -0.43%,14:51:34,2021-06-17 18:52:09.983294,"Prev. Close: 1.3987
Bid/Ask: 1.3926 / 1.3928
Day's Range: 1.3896 - 1.4010",Strong Sell,"Summary:Strong Sell
Moving Averages:SellBuy (2)Sell (10)
Technical Indicators:Strong SellBuy (1)Sell (9)","Name
S3
S2
S1
Pivot Points
R1
R2
R3
Classic
1.3876
1.3886
1.3905
1.3915
1.3934
1.3944
1.3963
Fibonacci
1.3886
1.3897
1.3904
1.3915
1.3926
1.3933
1.3944
Camarilla
1.3917
1.3920
1.3922
1.3915
1.3928
1.3930
1.3933
Woodie's
1.3882
1.3889
1.3911
1.3918
1.3940
1.3947
1.3969
DeMark's
-
-
1.3910
1.3918
1.3939
-
-","Technical IndicatorsJun 17, 2021 06:50PM GMT
Name
Value
Action
RSI(14)
36.501
Sell
STOCH(9,6)
30.609
Sell
STOCHRSI(14)
93.027
Overbought
MACD(12,26)
-0.003
Sell
ADX(14)
39.758
Buy
Williams %R
-71.365
Sell
CCI(14)
-73.3159
Sell
ATR(14)
0.0027
High Volatility
Highs/Lows(14)
-0.0012
Sell
Ultimate Oscillator
36.604
Sell
ROC
-0.500
Sell
Bull/Bear Power(13)
-0.0021
Sell
Buy: 1
Sell: 9
Neutral: 0


Summary:Strong Sell","Jun 17, 2021 06:50PM GMT"
usd_jpy,110.24 -0.46    -0.41%,14:51:42,2021-06-17 18:52:09.986175,"Prev. Close: 110.69
Bid/Ask: 110.22 / 110.25
Day's Range: 110.17 - 110.83",Strong Sell,"Summary:Strong Sell
Moving Averages:SellBuy (4)Sell (8)
Technical Indicators:Strong SellBuy (0)Sell (8)","Name
S3
S2
S1
Pivot Points
R1
R2
R3
Classic
110.03
110.11
110.16
110.24
110.29
110.37
110.41
Fibonacci
110.11
110.16
110.19
110.24
110.29
110.32
110.37
Camarilla
110.18
110.19
110.20
110.24
110.23
110.24
110.25
Woodie's
110.03
110.11
110.16
110.24
110.29
110.37
110.41
DeMark's
-
-
110.14
110.23
110.27
-
-","Technical IndicatorsJun 17, 2021 06:51PM GMT
Name
Value
Action
RSI(14)
40.084
Sell
STOCH(9,6)
19.608
Oversold
STOCHRSI(14)
6.631
Oversold
MACD(12,26)
-0.010
Sell
ADX(14)
35.350
Sell
Williams %R
-89.075
Oversold
CCI(14)
-120.4152
Sell
ATR(14)
0.1325
High Volatility
Highs/Lows(14)
-0.2057
Sell
Ultimate Oscillator
38.733
Sell
ROC
-0.398
Sell
Bull/Bear Power(13)
-0.4140
Sell
Buy: 0
Sell: 8
Neutral: 0


Summary:Strong Sell","Jun 17, 2021 06:51PM GMT"
aud_usd,0.7555 -0.0056    -0.73%,14:51:30,2021-06-17 18:52:09.988983,"Prev. Close: 0.7610
Bid/Ask: 0.7554 / 0.7555
Day's Range: 0.7540 - 0.7646",Strong Sell,"Summary:Strong Sell
Moving Averages:Strong SellBuy (0)Sell (12)
Technical Indicators:Strong SellBuy (0)Sell (8)","Name
S3
S2
S1
Pivot Points
R1
R2
R3
Classic
0.7531
0.7537
0.7548
0.7554
0.7565
0.7571
0.7582
Fibonacci
0.7537
0.7543
0.7548
0.7554
0.7560
0.7565
0.7571
Camarilla
0.7553
0.7555
0.7556
0.7554
0.7560
0.7561
0.7563
Woodie's
0.7533
0.7538
0.7550
0.7555
0.7567
0.7572
0.7584
DeMark's
-
-
0.7551
0.7555
0.7568
-
-","Technical IndicatorsJun 17, 2021 06:49PM GMT
Name
Value
Action
RSI(14)
27.693
Sell
STOCH(9,6)
22.348
Sell
STOCHRSI(14)
53.256
Neutral
MACD(12,26)
-0.003
Sell
ADX(14)
42.927
Sell
Williams %R
-83.854
Oversold
CCI(14)
-81.5381
Sell
ATR(14)
0.0019
High Volatility
Highs/Lows(14)
-0.0019
Sell
Ultimate Oscillator
28.988
Oversold
ROC
-0.976
Sell
Bull/Bear Power(13)
-0.0025
Sell
Buy: 0
Sell: 8
Neutral: 1


Summary:Strong Sell","Jun 17, 2021 06:49PM GMT"
eur_gbp,0.8558 -0.0015    -0.18%,14:51:42,2021-06-17 18:52:09.991769,"Prev. Close: 0.8573
Bid/Ask: 0.8555 / 0.8560
Day's Range: 0.8542 - 0.8580",Strong Sell,"Summary:Strong Sell
Moving Averages:Strong SellBuy (0)Sell (12)
Technical Indicators:SellBuy (1)Sell (5)","Name
S3
S2
S1
Pivot Points
R1
R2
R3
Classic
0.8547
0.8552
0.8555
0.8560
0.8562
0.8568
0.8570
Fibonacci
0.8552
0.8555
0.8557
0.8560
0.8563
0.8565
0.8568
Camarilla
0.8555
0.8556
0.8557
0.8560
0.8558
0.8559
0.8560
Woodie's
0.8547
0.8552
0.8555
0.8560
0.8562
0.8568
0.8570
DeMark's
-
-
0.8554
0.8559
0.8561
-
-","Technical IndicatorsJun 17, 2021 06:50PM GMT
Name
Value
Action
RSI(14)
39.218
Sell
STOCH(9,6)
52.069
Neutral
STOCHRSI(14)
77.045
Overbought
MACD(12,26)
-0.001
Sell
ADX(14)
35.421
Sell
Williams %R
-53.731
Neutral
CCI(14)
-42.9219
Neutral
ATR(14)
0.0011
High Volatility
Highs/Lows(14)
0.0000
Neutral
Ultimate Oscillator
55.069
Buy
ROC
-0.192
Sell
Bull/Bear Power(13)
-0.0008
Sell
Buy: 1
Sell: 5
Neutral: 4


Summary:Sell","Jun 17, 2021 06:50PM GMT"
usd_cad,1.2347 +0.0071    +0.58%,14:51:36,2021-06-17 18:52:09.994529,"Prev. Close: 1.2276
Bid/Ask: 1.2345 / 1.2349
Day's Range: 1.2261 - 1.2378",Strong Buy,"Summary:Strong Buy
Moving Averages:BuyBuy (11)Sell (1)
Technical Indicators:Strong BuyBuy (9)Sell (1)","Name
S3
S2
S1
Pivot Points
R1
R2
R3
Classic
1.2321
1.2330
1.2342
1.2351
1.2363
1.2372
1.2384
Fibonacci
1.2330
1.2338
1.2343
1.2351
1.2359
1.2364
1.2372
Camarilla
1.2347
1.2349
1.2351
1.2351
1.2355
1.2357
1.2359
Woodie's
1.2321
1.2330
1.2342
1.2351
1.2363
1.2372
1.2384
DeMark's
-
-
1.2336
1.2348
1.2357
-
-","Technical IndicatorsJun 17, 2021 06:49PM GMT
Name
Value
Action
RSI(14)
69.036
Buy
STOCH(9,6)
66.155
Buy
STOCHRSI(14)
31.359
Sell
MACD(12,26)
0.003
Buy
ADX(14)
33.242
Neutral
Williams %R
-25.322
Buy
CCI(14)
90.6448
Buy
ATR(14)
0.0026
High Volatility
Highs/Lows(14)
0.0015
Buy
Ultimate Oscillator
69.521
Buy
ROC
0.640
Buy
Bull/Bear Power(13)
0.0034
Buy
Buy: 9
Sell: 1
Neutral: 1


Summary:Strong Buy","Jun 17, 2021 06:49PM GMT"
usd_chf,0.9168 +0.0083    +0.91%,14:51:35,2021-06-17 18:52:09.997261,"Prev. Close: 0.9085
Bid/Ask: 0.9166 / 0.9170
Day's Range: 0.9076 - 0.9188",Strong Buy,"Summary:Strong Buy
Moving Averages:BuyBuy (10)Sell (2)
Technical Indicators:Strong BuyBuy (8)Sell (0)","Name
S3
S2
S1
Pivot Points
R1
R2
R3
Classic
0.9150
0.9160
0.9166
0.9176
0.9181
0.9192
0.9197
Fibonacci
0.9160
0.9166
0.9170
0.9176
0.9182
0.9186
0.9192
Camarilla
0.9167
0.9169
0.9170
0.9176
0.9173
0.9174
0.9176
Woodie's
0.9148
0.9159
0.9164
0.9175
0.9179
0.9191
0.9195
DeMark's
-
-
0.9163
0.9175
0.9179
-
-","Technical IndicatorsJun 17, 2021 06:51PM GMT
Name
Value
Action
RSI(14)
73.533
Buy
STOCH(9,6)
76.055
Buy
STOCHRSI(14)
0.000
Oversold
MACD(12,26)
0.004
Buy
ADX(14)
31.028
Neutral
Williams %R
-18.182
Overbought
CCI(14)
85.6657
Buy
ATR(14)
0.0018
High Volatility
Highs/Lows(14)
0.0015
Buy
Ultimate Oscillator
65.360
Buy
ROC
0.925
Buy
Bull/Bear Power(13)
0.0039
Buy
Buy: 8
Sell: 0
Neutral: 1


Summary:Strong Buy","Jun 17, 2021 06:51PM GMT"
nzd_chf,0.6425 +0.0021    +0.33%,14:51:43,2021-06-17 18:52:10.000031,"Prev. Close: 0.6404
Bid/Ask: 0.6422 / 0.6428
Day's Range: 0.6406 - 0.6453",Sell,"Summary:Sell
Moving Averages:NeutralBuy (6)Sell (6)
Technical Indicators:Strong SellBuy (1)Sell (7)","Name
S3
S2
S1
Pivot Points
R1
R2
R3
Classic
0.6420
0.6422
0.6425
0.6428
0.6431
0.6434
0.6437
Fibonacci
0.6422
0.6425
0.6426
0.6428
0.6430
0.6431
0.6434
Camarilla
0.6426
0.6427
0.6427
0.6428
0.6429
0.6429
0.6430
Woodie's
0.6420
0.6422
0.6425
0.6428
0.6431
0.6434
0.6437
DeMark's
-
-
0.6426
0.6429
0.6432
-
-","Technical IndicatorsJun 17, 2021 06:51PM GMT
Name
Value
Action
RSI(14)
49.443
Neutral
STOCH(9,6)
41.710
Sell
STOCHRSI(14)
39.318
Sell
MACD(12,26)
0.000
Buy
ADX(14)
26.349
Sell
Williams %R
-60.216
Sell
CCI(14)
-31.5155
Neutral
ATR(14)
0.0012
Less Volatility
Highs/Lows(14)
0.0000
Neutral
Ultimate Oscillator
46.994
Sell
ROC
-0.225
Sell
Bull/Bear Power(13)
-0.0007
Sell
Buy: 1
Sell: 7
Neutral: 3


Summary:Strong Sell","Jun 17, 2021 06:51PM GMT"
usd_cny,6.4484 +0.0515    +0.80%,11:27:22,2021-06-17 18:52:10.002786,"Prev. Close: 6.3969
Bid/Ask: 6.4477 / 6.4490
Day's Range: 6.3972 - 6.4494",Strong Buy,"Summary:Strong Buy
Moving Averages:BuyBuy (12)Sell (0)
Technical Indicators:Strong BuyBuy (7)Sell (0)","Name
S3
S2
S1
Pivot Points
R1
R2
R3
Classic
6.4380
6.4399
6.4436
6.4455
6.4492
6.4511
6.4548
Fibonacci
6.4399
6.4420
6.4434
6.4455
6.4476
6.4490
6.4511
Camarilla
6.4458
6.4463
6.4468
6.4455
6.4479
6.4484
6.4489
Woodie's
6.4390
6.4404
6.4446
6.4460
6.4502
6.4516
6.4558
DeMark's
-
-
6.4446
6.4460
6.4502
-
-","Technical IndicatorsJun 17, 2021 03:34PM GMT
Name
Value
Action
RSI(14)
85.433
Overbought
STOCH(9,6)
77.649
Buy
STOCHRSI(14)
100.000
Overbought
MACD(12,26)
0.011
Buy
ADX(14)
61.337
Buy
Williams %R
-3.426
Overbought
CCI(14)
151.8010
Buy
ATR(14)
0.0041
Less Volatility
Highs/Lows(14)
0.0141
Buy
Ultimate Oscillator
82.973
Overbought
ROC
0.391
Buy
Bull/Bear Power(13)
0.0286
Buy
Buy: 7
Sell: 0
Neutral: 0


Summary:Strong Buy","Jun 17, 2021 03:34PM GMT"
usd_hkd,7.7648 +0.0018    +0.02%,14:51:42,2021-06-17 18:52:10.005534,"Prev. Close: 7.7630
Bid/Ask: 7.7647 / 7.7648
Day's Range: 7.7625 - 7.7656",Strong Buy,"Summary:Strong Buy
Moving Averages:BuyBuy (12)Sell (0)
Technical Indicators:Strong BuyBuy (7)Sell (3)","Name
S3
S2
S1
Pivot Points
R1
R2
R3
Classic
7.7636
7.7639
7.7643
7.7646
7.7650
7.7653
7.7657
Fibonacci
7.7639
7.7642
7.7643
7.7646
7.7649
7.7650
7.7653
Camarilla
7.7646
7.7646
7.7647
7.7646
7.7648
7.7649
7.7649
Woodie's
7.7636
7.7639
7.7643
7.7646
7.7650
7.7653
7.7657
DeMark's
-
-
7.7644
7.7646
7.7651
-
-","Technical IndicatorsJun 17, 2021 06:51PM GMT
Name
Value
Action
RSI(14)
57.948
Buy
STOCH(9,6)
32.898
Sell
STOCHRSI(14)
35.095
Sell
MACD(12,26)
0.000
Buy
ADX(14)
42.016
Buy
Williams %R
-36.838
Buy
CCI(14)
74.7187
Buy
ATR(14)
0.0009
Less Volatility
Highs/Lows(14)
0.0000
Neutral
Ultimate Oscillator
44.150
Sell
ROC
0.010
Buy
Bull/Bear Power(13)
0.0016
Buy
Buy: 7
Sell: 3
Neutral: 1


Summary:Strong Buy","Jun 17, 2021 06:51PM GMT"
eur_usd,1.1917 -0.0077    -0.64%,14:52:53,2021-06-17 18:53:10.375536,"Prev. Close: 1.1994
Bid/Ask: 1.1915 / 1.1919
Day's Range: 1.1892 - 1.2007",Strong Sell,"Summary:Strong Sell
Moving Averages:SellBuy (2)Sell (10)
Technical Indicators:Strong SellBuy (0)Sell (9)","Name
S3
S2
S1
Pivot Points
R1
R2
R3
Classic
1.1880
1.1888
1.1902
1.1910
1.1924
1.1932
1.1946
Fibonacci
1.1888
1.1896
1.1902
1.1910
1.1918
1.1924
1.1932
Camarilla
1.1910
1.1912
1.1914
1.1910
1.1918
1.1920
1.1922
Woodie's
1.1882
1.1889
1.1904
1.1911
1.1926
1.1933
1.1948
DeMark's
-
-
1.1906
1.1912
1.1928
-
-","Technical IndicatorsJun 17, 2021 06:51PM GMT
Name
Value
Action
RSI(14)
29.006
Sell
STOCH(9,6)
30.235
Sell
STOCHRSI(14)
100.000
Overbought
MACD(12,26)
-0.004
Sell
ADX(14)
31.450
Neutral
Williams %R
-76.857
Sell
CCI(14)
-84.4433
Sell
ATR(14)
0.0023
High Volatility
Highs/Lows(14)
-0.0012
Sell
Ultimate Oscillator
36.789
Sell
ROC
-0.687
Sell
Bull/Bear Power(13)
-0.0043
Sell
Buy: 0
Sell: 9
Neutral: 1


Summary:Strong Sell","Jun 17, 2021 06:51PM GMT"
gbp_usd,1.3928 -0.0060    -0.43%,14:52:40,2021-06-17 18:53:10.379158,"Prev. Close: 1.3987
Bid/Ask: 1.3927 / 1.3928
Day's Range: 1.3896 - 1.4010",Strong Sell,"Summary:Strong Sell
Moving Averages:SellBuy (2)Sell (10)
Technical Indicators:Strong SellBuy (1)Sell (9)","Name
S3
S2
S1
Pivot Points
R1
R2
R3
Classic
1.3876
1.3886
1.3905
1.3915
1.3934
1.3944
1.3963
Fibonacci
1.3886
1.3897
1.3904
1.3915
1.3926
1.3933
1.3944
Camarilla
1.3917
1.3920
1.3922
1.3915
1.3928
1.3930
1.3933
Woodie's
1.3882
1.3889
1.3911
1.3918
1.3940
1.3947
1.3969
DeMark's
-
-
1.3910
1.3918
1.3939
-
-","Technical IndicatorsJun 17, 2021 06:52PM GMT
Name
Value
Action
RSI(14)
36.173
Sell
STOCH(9,6)
30.401
Sell
STOCHRSI(14)
90.740
Overbought
MACD(12,26)
-0.003
Sell
ADX(14)
39.758
Buy
Williams %R
-72.247
Sell
CCI(14)
-74.1065
Sell
ATR(14)
0.0027
High Volatility
Highs/Lows(14)
-0.0013
Sell
Ultimate Oscillator
36.238
Sell
ROC
-0.507
Sell
Bull/Bear Power(13)
-0.0021
Sell
Buy: 1
Sell: 9
Neutral: 0


Summary:Strong Sell","Jun 17, 2021 06:52PM GMT"
usd_jpy,110.24 -0.46    -0.41%,14:52:36,2021-06-17 18:53:10.382022,"Prev. Close: 110.69
Bid/Ask: 110.22 / 110.25
Day's Range: 110.17 - 110.83",Strong Sell,"Summary:Strong Sell
Moving Averages:SellBuy (4)Sell (8)
Technical Indicators:Strong SellBuy (0)Sell (8)","Name
S3
S2
S1
Pivot Points
R1
R2
R3
Classic
110.03
110.11
110.16
110.24
110.29
110.37
110.41
Fibonacci
110.11
110.16
110.19
110.24
110.29
110.32
110.37
Camarilla
110.18
110.19
110.20
110.24
110.23
110.24
110.25
Woodie's
110.03
110.11
110.16
110.24
110.29
110.37
110.41
DeMark's
-
-
110.14
110.23
110.27
-
-","Technical IndicatorsJun 17, 2021 06:51PM GMT
Name
Value
Action
RSI(14)
40.084
Sell
STOCH(9,6)
19.608
Oversold
STOCHRSI(14)
6.631
Oversold
MACD(12,26)
-0.010
Sell
ADX(14)
35.350
Sell
Williams %R
-89.075
Oversold
CCI(14)
-120.4152
Sell
ATR(14)
0.1325
High Volatility
Highs/Lows(14)
-0.2057
Sell
Ultimate Oscillator
38.733
Sell
ROC
-0.398
Sell
Bull/Bear Power(13)
-0.4140
Sell
Buy: 0
Sell: 8
Neutral: 0


Summary:Strong Sell","Jun 17, 2021 06:51PM GMT"
aud_usd,0.7554 -0.0056    -0.74%,14:52:53,2021-06-17 18:53:10.384840,"Prev. Close: 0.7610
Bid/Ask: 0.7553 / 0.7554
Day's Range: 0.7540 - 0.7646",Strong Sell,"Summary:Strong Sell
Moving Averages:Strong SellBuy (0)Sell (12)
Technical Indicators:Strong SellBuy (0)Sell (8)","Name
S3
S2
S1
Pivot Points
R1
R2
R3
Classic
0.7531
0.7537
0.7548
0.7554
0.7565
0.7571
0.7582
Fibonacci
0.7537
0.7543
0.7548
0.7554
0.7560
0.7565
0.7571
Camarilla
0.7553
0.7555
0.7556
0.7554
0.7560
0.7561
0.7563
Woodie's
0.7533
0.7538
0.7550
0.7555
0.7567
0.7572
0.7584
DeMark's
-
-
0.7551
0.7555
0.7568
-
-","Technical IndicatorsJun 17, 2021 06:51PM GMT
Name
Value
Action
RSI(14)
27.451
Sell
STOCH(9,6)
22.063
Sell
STOCHRSI(14)
51.908
Neutral
MACD(12,26)
-0.003
Sell
ADX(14)
42.927
Sell
Williams %R
-84.896
Oversold
CCI(14)
-82.3530
Sell
ATR(14)
0.0019
High Volatility
Highs/Lows(14)
-0.0020
Sell
Ultimate Oscillator
28.399
Oversold
ROC
-0.990
Sell
Bull/Bear Power(13)
-0.0025
Sell
Buy: 0
Sell: 8
Neutral: 1


Summary:Strong Sell","Jun 17, 2021 06:51PM GMT"
eur_gbp,0.8558 -0.0015    -0.18%,14:52:36,2021-06-17 18:53:10.387626,"Prev. Close: 0.8573
Bid/Ask: 0.8555 / 0.8560
Day's Range: 0.8542 - 0.8580",Strong Sell,"Summary:Strong Sell
Moving Averages:Strong SellBuy (0)Sell (12)
Technical Indicators:SellBuy (1)Sell (5)","Name
S3
S2
S1
Pivot Points
R1
R2
R3
Classic
0.8547
0.8552
0.8555
0.8560
0.8562
0.8568
0.8570
Fibonacci
0.8552
0.8555
0.8557
0.8560
0.8563
0.8565
0.8568
Camarilla
0.8555
0.8556
0.8557
0.8560
0.8558
0.8559
0.8560
Woodie's
0.8547
0.8552
0.8555
0.8560
0.8562
0.8568
0.8570
DeMark's
-
-
0.8554
0.8559
0.8561
-
-","Technical IndicatorsJun 17, 2021 06:52PM GMT
Name
Value
Action
RSI(14)
39.218
Sell
STOCH(9,6)
52.069
Neutral
STOCHRSI(14)
77.045
Overbought
MACD(12,26)
-0.001
Sell
ADX(14)
35.421
Sell
Williams %R
-53.731
Neutral
CCI(14)
-42.9219
Neutral
ATR(14)
0.0011
High Volatility
Highs/Lows(14)
0.0000
Neutral
Ultimate Oscillator
55.069
Buy
ROC
-0.192
Sell
Bull/Bear Power(13)
-0.0008
Sell
Buy: 1
Sell: 5
Neutral: 4


Summary:Sell","Jun 17, 2021 06:52PM GMT"
usd_cad,1.2346 +0.0070    +0.57%,14:52:53,2021-06-17 18:53:10.390371,"Prev. Close: 1.2276
Bid/Ask: 1.2344 / 1.2348
Day's Range: 1.2261 - 1.2378",Strong Buy,"Summary:Strong Buy
Moving Averages:BuyBuy (11)Sell (1)
Technical Indicators:Strong BuyBuy (9)Sell (1)","Name
S3
S2
S1
Pivot Points
R1
R2
R3
Classic
1.2321
1.2330
1.2342
1.2351
1.2363
1.2372
1.2384
Fibonacci
1.2330
1.2338
1.2343
1.2351
1.2359
1.2364
1.2372
Camarilla
1.2347
1.2349
1.2351
1.2351
1.2355
1.2357
1.2359
Woodie's
1.2321
1.2330
1.2342
1.2351
1.2363
1.2372
1.2384
DeMark's
-
-
1.2336
1.2348
1.2357
-
-","Technical IndicatorsJun 17, 2021 06:51PM GMT
Name
Value
Action
RSI(14)
68.571
Buy
STOCH(9,6)
65.953
Buy
STOCHRSI(14)
28.262
Sell
MACD(12,26)
0.003
Buy
ADX(14)
33.242
Neutral
Williams %R
-26.181
Buy
CCI(14)
89.7701
Buy
ATR(14)
0.0026
High Volatility
Highs/Lows(14)
0.0014
Buy
Ultimate Oscillator
69.140
Buy
ROC
0.632
Buy
Bull/Bear Power(13)
0.0034
Buy
Buy: 9
Sell: 1
Neutral: 1


Summary:Strong Buy","Jun 17, 2021 06:51PM GMT"
usd_chf,0.9169 +0.0084    +0.92%,14:52:40,2021-06-17 18:53:10.393146,"Prev. Close: 0.9085
Bid/Ask: 0.9167 / 0.9171
Day's Range: 0.9076 - 0.9188",Strong Buy,"Summary:Strong Buy
Moving Averages:BuyBuy (10)Sell (2)
Technical Indicators:Strong BuyBuy (8)Sell (0)","Name
S3
S2
S1
Pivot Points
R1
R2
R3
Classic
0.9150
0.9160
0.9166
0.9176
0.9181
0.9192
0.9197
Fibonacci
0.9160
0.9166
0.9170
0.9176
0.9182
0.9186
0.9192
Camarilla
0.9167
0.9169
0.9170
0.9176
0.9173
0.9174
0.9176
Woodie's
0.9148
0.9159
0.9164
0.9175
0.9179
0.9191
0.9195
DeMark's
-
-
0.9163
0.9175
0.9179
-
-","Technical IndicatorsJun 17, 2021 06:51PM GMT
Name
Value
Action
RSI(14)
73.533
Buy
STOCH(9,6)
76.055
Buy
STOCHRSI(14)
0.000
Oversold
MACD(12,26)
0.004
Buy
ADX(14)
31.028
Neutral
Williams %R
-18.182
Overbought
CCI(14)
85.6657
Buy
ATR(14)
0.0018
High Volatility
Highs/Lows(14)
0.0015
Buy
Ultimate Oscillator
65.360
Buy
ROC
0.925
Buy
Bull/Bear Power(13)
0.0039
Buy
Buy: 8
Sell: 0
Neutral: 1


Summary:Strong Buy","Jun 17, 2021 06:51PM GMT"
nzd_chf,0.6425 +0.0021    +0.32%,14:52:53,2021-06-17 18:53:10.395909,"Prev. Close: 0.6404
Bid/Ask: 0.6423 / 0.6426
Day's Range: 0.6406 - 0.6453",Sell,"Summary:Sell
Moving Averages:NeutralBuy (6)Sell (6)
Technical Indicators:Strong SellBuy (1)Sell (7)","Name
S3
S2
S1
Pivot Points
R1
R2
R3
Classic
0.6420
0.6422
0.6425
0.6428
0.6431
0.6434
0.6437
Fibonacci
0.6422
0.6425
0.6426
0.6428
0.6430
0.6431
0.6434
Camarilla
0.6426
0.6427
0.6427
0.6428
0.6429
0.6429
0.6430
Woodie's
0.6420
0.6422
0.6425
0.6428
0.6431
0.6434
0.6437
DeMark's
-
-
0.6426
0.6429
0.6432
-
-","Technical IndicatorsJun 17, 2021 06:51PM GMT
Name
Value
Action
RSI(14)
49.443
Neutral
STOCH(9,6)
41.710
Sell
STOCHRSI(14)
39.318
Sell
MACD(12,26)
0.000
Buy
ADX(14)
26.349
Sell
Williams %R
-60.216
Sell
CCI(14)
-31.5155
Neutral
ATR(14)
0.0012
Less Volatility
Highs/Lows(14)
0.0000
Neutral
Ultimate Oscillator
46.994
Sell
ROC
-0.225
Sell
Bull/Bear Power(13)
-0.0007
Sell
Buy: 1
Sell: 7
Neutral: 3


Summary:Strong Sell","Jun 17, 2021 06:51PM GMT"
usd_cny,6.4484 +0.0515    +0.80%,11:27:22,2021-06-17 18:53:10.398668,"Prev. Close: 6.3969
Bid/Ask: 6.4477 / 6.4490
Day's Range: 6.3972 - 6.4494",Strong Buy,"Summary:Strong Buy
Moving Averages:BuyBuy (12)Sell (0)
Technical Indicators:Strong BuyBuy (7)Sell (0)","Name
S3
S2
S1
Pivot Points
R1
R2
R3
Classic
6.4380
6.4399
6.4436
6.4455
6.4492
6.4511
6.4548
Fibonacci
6.4399
6.4420
6.4434
6.4455
6.4476
6.4490
6.4511
Camarilla
6.4458
6.4463
6.4468
6.4455
6.4479
6.4484
6.4489
Woodie's
6.4390
6.4404
6.4446
6.4460
6.4502
6.4516
6.4558
DeMark's
-
-
6.4446
6.4460
6.4502
-
-","Technical IndicatorsJun 17, 2021 03:34PM GMT
Name
Value
Action
RSI(14)
85.433
Overbought
STOCH(9,6)
77.649
Buy
STOCHRSI(14)
100.000
Overbought
MACD(12,26)
0.011
Buy
ADX(14)
61.337
Buy
Williams %R
-3.426
Overbought
CCI(14)
151.8010
Buy
ATR(14)
0.0041
Less Volatility
Highs/Lows(14)
0.0141
Buy
Ultimate Oscillator
82.973
Overbought
ROC
0.391
Buy
Bull/Bear Power(13)
0.0286
Buy
Buy: 7
Sell: 0
Neutral: 0


Summary:Strong Buy","Jun 17, 2021 03:34PM GMT"
usd_hkd,7.7648 +0.0018    +0.02%,14:52:54,2021-06-17 18:53:10.401400,"Prev. Close: 7.7630
Bid/Ask: 7.7646 / 7.7649
Day's Range: 7.7625 - 7.7656",Strong Buy,"Summary:Strong Buy
Moving Averages:BuyBuy (12)Sell (0)
Technical Indicators:Strong BuyBuy (7)Sell (3)","Name
S3
S2
S1
Pivot Points
R1
R2
R3
Classic
7.7636
7.7639
7.7643
7.7646
7.7650
7.7653
7.7657
Fibonacci
7.7639
7.7642
7.7643
7.7646
7.7649
7.7650
7.7653
Camarilla
7.7646
7.7646
7.7647
7.7646
7.7648
7.7649
7.7649
Woodie's
7.7636
7.7639
7.7643
7.7646
7.7650
7.7653
7.7657
DeMark's
-
-
7.7644
7.7646
7.7651
-
-","Technical IndicatorsJun 17, 2021 06:51PM GMT
Name
Value
Action
RSI(14)
57.948
Buy
STOCH(9,6)
32.898
Sell
STOCHRSI(14)
35.095
Sell
MACD(12,26)
0.000
Buy
ADX(14)
42.016
Buy
Williams %R
-36.838
Buy
CCI(14)
74.7187
Buy
ATR(14)
0.0009
Less Volatility
Highs/Lows(14)
0.0000
Neutral
Ultimate Oscillator
44.150
Sell
ROC
0.010
Buy
Bull/Bear Power(13)
0.0016
Buy
Buy: 7
Sell: 3
Neutral: 1


Summary:Strong Buy","Jun 17, 2021 06:51PM GMT"
eur_usd,1.1917 -0.0077    -0.64%,14:53:40,2021-06-17 18:54:09.858136,"Prev. Close: 1.1994
Bid/Ask: 1.1915 / 1.1919
Day's Range: 1.1892 - 1.2007",Strong Sell,"Summary:Strong Sell
Moving Averages:SellBuy (2)Sell (10)
Technical Indicators:Strong SellBuy (0)Sell (9)","Name
S3
S2
S1
Pivot Points
R1
R2
R3
Classic
1.1880
1.1888
1.1902
1.1910
1.1924
1.1932
1.1946
Fibonacci
1.1888
1.1896
1.1902
1.1910
1.1918
1.1924
1.1932
Camarilla
1.1910
1.1912
1.1914
1.1910
1.1918
1.1920
1.1922
Woodie's
1.1882
1.1889
1.1904
1.1911
1.1926
1.1933
1.1948
DeMark's
-
-
1.1906
1.1912
1.1928
-
-","Technical IndicatorsJun 17, 2021 06:53PM GMT
Name
Value
Action
RSI(14)
28.269
Sell
STOCH(9,6)
29.825
Sell
STOCHRSI(14)
100.000
Overbought
MACD(12,26)
-0.004
Sell
ADX(14)
31.450
Neutral
Williams %R
-78.166
Sell
CCI(14)
-85.7950
Sell
ATR(14)
0.0023
High Volatility
Highs/Lows(14)
-0.0014
Sell
Ultimate Oscillator
36.041
Sell
ROC
-0.700
Sell
Bull/Bear Power(13)
-0.0043
Sell
Buy: 0
Sell: 9
Neutral: 1


Summary:Strong Sell","Jun 17, 2021 06:53PM GMT"
gbp_usd,1.3928 -0.0060    -0.43%,14:53:33,2021-06-17 18:54:09.861721,"Prev. Close: 1.3987
Bid/Ask: 1.3925 / 1.3930
Day's Range: 1.3896 - 1.4010",Strong Sell,"Summary:Strong Sell
Moving Averages:SellBuy (2)Sell (10)
Technical Indicators:Strong SellBuy (1)Sell (9)","Name
S3
S2
S1
Pivot Points
R1
R2
R3
Classic
1.3876
1.3886
1.3905
1.3915
1.3934
1.3944
1.3963
Fibonacci
1.3886
1.3897
1.3904
1.3915
1.3926
1.3933
1.3944
Camarilla
1.3917
1.3920
1.3922
1.3915
1.3928
1.3930
1.3933
Woodie's
1.3882
1.3889
1.3911
1.3918
1.3940
1.3947
1.3969
DeMark's
-
-
1.3910
1.3918
1.3939
-
-","Technical IndicatorsJun 17, 2021 06:52PM GMT
Name
Value
Action
RSI(14)
36.173
Sell
STOCH(9,6)
30.401
Sell
STOCHRSI(14)
90.740
Overbought
MACD(12,26)
-0.003
Sell
ADX(14)
39.758
Buy
Williams %R
-72.247
Sell
CCI(14)
-74.1065
Sell
ATR(14)
0.0027
High Volatility
Highs/Lows(14)
-0.0013
Sell
Ultimate Oscillator
36.238
Sell
ROC
-0.507
Sell
Bull/Bear Power(13)
-0.0021
Sell
Buy: 1
Sell: 9
Neutral: 0


Summary:Strong Sell","Jun 17, 2021 06:52PM GMT"
usd_jpy,110.24 -0.46    -0.41%,14:53:40,2021-06-17 18:54:09.864734,"Prev. Close: 110.69
Bid/Ask: 110.22 / 110.25
Day's Range: 110.17 - 110.83",Strong Sell,"Summary:Strong Sell
Moving Averages:SellBuy (4)Sell (8)
Technical Indicators:Strong SellBuy (0)Sell (8)","Name
S3
S2
S1
Pivot Points
R1
R2
R3
Classic
110.03
110.11
110.16
110.24
110.29
110.37
110.41
Fibonacci
110.11
110.16
110.19
110.24
110.29
110.32
110.37
Camarilla
110.18
110.19
110.20
110.24
110.23
110.24
110.25
Woodie's
110.03
110.11
110.16
110.24
110.29
110.37
110.41
DeMark's
-
-
110.14
110.23
110.27
-
-","Technical IndicatorsJun 17, 2021 06:53PM GMT
Name
Value
Action
RSI(14)
40.694
Sell
STOCH(9,6)
19.888
Oversold
STOCHRSI(14)
8.853
Oversold
MACD(12,26)
-0.010
Sell
ADX(14)
35.350
Sell
Williams %R
-87.394
Oversold
CCI(14)
-118.1720
Sell
ATR(14)
0.1332
High Volatility
Highs/Lows(14)
-0.1957
Sell
Ultimate Oscillator
39.167
Sell
ROC
-0.389
Sell
Bull/Bear Power(13)
-0.4060
Sell
Buy: 0
Sell: 8
Neutral: 0


Summary:Strong Sell","Jun 17, 2021 06:53PM GMT"
aud_usd,0.7554 -0.0056    -0.74%,14:53:42,2021-06-17 18:54:09.867596,"Prev. Close: 0.7610
Bid/Ask: 0.7553 / 0.7554
Day's Range: 0.7540 - 0.7646",Strong Sell,"Summary:Strong Sell
Moving Averages:Strong SellBuy (0)Sell (12)
Technical Indicators:Strong SellBuy (0)Sell (8)","Name
S3
S2
S1
Pivot Points
R1
R2
R3
Classic
0.7531
0.7537
0.7548
0.7554
0.7565
0.7571
0.7582
Fibonacci
0.7537
0.7543
0.7548
0.7554
0.7560
0.7565
0.7571
Camarilla
0.7553
0.7555
0.7556
0.7554
0.7560
0.7561
0.7563
Woodie's
0.7533
0.7538
0.7550
0.7555
0.7567
0.7572
0.7584
DeMark's
-
-
0.7551
0.7555
0.7568
-
-","Technical IndicatorsJun 17, 2021 06:51PM GMT
Name
Value
Action
RSI(14)
27.451
Sell
STOCH(9,6)
22.063
Sell
STOCHRSI(14)
51.908
Neutral
MACD(12,26)
-0.003
Sell
ADX(14)
42.927
Sell
Williams %R
-84.896
Oversold
CCI(14)
-82.3530
Sell
ATR(14)
0.0019
High Volatility
Highs/Lows(14)
-0.0020
Sell
Ultimate Oscillator
28.399
Oversold
ROC
-0.990
Sell
Bull/Bear Power(13)
-0.0025
Sell
Buy: 0
Sell: 8
Neutral: 1


Summary:Strong Sell","Jun 17, 2021 06:51PM GMT"
eur_gbp,0.8556 -0.0017    -0.20%,14:53:37,2021-06-17 18:54:09.870363,"Prev. Close: 0.8573
Bid/Ask: 0.8555 / 0.8557
Day's Range: 0.8542 - 0.8580",Strong Sell,"Summary:Strong Sell
Moving Averages:Strong SellBuy (0)Sell (12)
Technical Indicators:Strong SellBuy (1)Sell (6)","Name
S3
S2
S1
Pivot Points
R1
R2
R3
Classic
0.8547
0.8552
0.8555
0.8560
0.8562
0.8568
0.8570
Fibonacci
0.8552
0.8555
0.8557
0.8560
0.8563
0.8565
0.8568
Camarilla
0.8555
0.8556
0.8557
0.8560
0.8558
0.8559
0.8560
Woodie's
0.8547
0.8552
0.8555
0.8560
0.8562
0.8568
0.8570
DeMark's
-
-
0.8554
0.8559
0.8561
-
-","Technical IndicatorsJun 17, 2021 06:53PM GMT
Name
Value
Action
RSI(14)
38.855
Sell
STOCH(9,6)
51.761
Neutral
STOCHRSI(14)
75.470
Overbought
MACD(12,26)
-0.001
Sell
ADX(14)
35.421
Sell
Williams %R
-55.224
Sell
CCI(14)
-45.1388
Neutral
ATR(14)
0.0011
High Volatility
Highs/Lows(14)
0.0000
Neutral
Ultimate Oscillator
54.602
Buy
ROC
-0.198
Sell
Bull/Bear Power(13)
-0.0008
Sell
Buy: 1
Sell: 6
Neutral: 3


Summary:Strong Sell","Jun 17, 2021 06:53PM GMT"
usd_cad,1.2349 +0.0073    +0.59%,14:53:41,2021-06-17 18:54:09.873124,"Prev. Close: 1.2276
Bid/Ask: 1.2347 / 1.2351
Day's Range: 1.2261 - 1.2378",Strong Buy,"Summary:Strong Buy
Moving Averages:BuyBuy (12)Sell (0)
Technical Indicators:Strong BuyBuy (9)Sell (1)","Name
S3
S2
S1
Pivot Points
R1
R2
R3
Classic
1.2321
1.2330
1.2342
1.2351
1.2363
1.2372
1.2384
Fibonacci
1.2330
1.2338
1.2343
1.2351
1.2359
1.2364
1.2372
Camarilla
1.2347
1.2349
1.2351
1.2351
1.2355
1.2357
1.2359
Woodie's
1.2321
1.2330
1.2342
1.2351
1.2363
1.2372
1.2384
DeMark's
-
-
1.2336
1.2348
1.2357
-
-","Technical IndicatorsJun 17, 2021 06:53PM GMT
Name
Value
Action
RSI(14)
69.271
Buy
STOCH(9,6)
66.256
Buy
STOCHRSI(14)
32.925
Sell
MACD(12,26)
0.003
Buy
ADX(14)
33.242
Neutral
Williams %R
-24.893
Buy
CCI(14)
91.0820
Buy
ATR(14)
0.0026
High Volatility
Highs/Lows(14)
0.0016
Buy
Ultimate Oscillator
69.711
Buy
ROC
0.644
Buy
Bull/Bear Power(13)
0.0034
Buy
Buy: 9
Sell: 1
Neutral: 1


Summary:Strong Buy","Jun 17, 2021 06:53PM GMT"
usd_chf,0.9169 +0.0083    +0.92%,14:53:33,2021-06-17 18:54:09.875884,"Prev. Close: 0.9085
Bid/Ask: 0.9168 / 0.9169
Day's Range: 0.9076 - 0.9188",Strong Buy,"Summary:Strong Buy
Moving Averages:BuyBuy (10)Sell (2)
Technical Indicators:Strong BuyBuy (8)Sell (0)","Name
S3
S2
S1
Pivot Points
R1
R2
R3
Classic
0.9150
0.9160
0.9166
0.9176
0.9181
0.9192
0.9197
Fibonacci
0.9160
0.9166
0.9170
0.9176
0.9182
0.9186
0.9192
Camarilla
0.9167
0.9169
0.9170
0.9176
0.9173
0.9174
0.9176
Woodie's
0.9148
0.9159
0.9164
0.9175
0.9179
0.9191
0.9195
DeMark's
-
-
0.9163
0.9175
0.9179
-
-","Technical IndicatorsJun 17, 2021 06:53PM GMT
Name
Value
Action
RSI(14)
73.533
Buy
STOCH(9,6)
76.055
Buy
STOCHRSI(14)
0.000
Oversold
MACD(12,26)
0.004
Buy
ADX(14)
31.028
Neutral
Williams %R
-18.182
Overbought
CCI(14)
85.6657
Buy
ATR(14)
0.0018
High Volatility
Highs/Lows(14)
0.0015
Buy
Ultimate Oscillator
65.360
Buy
ROC
0.925
Buy
Bull/Bear Power(13)
0.0039
Buy
Buy: 8
Sell: 0
Neutral: 1


Summary:Strong Buy","Jun 17, 2021 06:53PM GMT"
nzd_chf,0.6426 +0.0022    +0.34%,14:53:42,2021-06-17 18:54:09.878661,"Prev. Close: 0.6404
Bid/Ask: 0.6424 / 0.6427
Day's Range: 0.6406 - 0.6453",Sell,"Summary:Sell
Moving Averages:NeutralBuy (6)Sell (6)
Technical Indicators:Strong SellBuy (1)Sell (7)","Name
S3
S2
S1
Pivot Points
R1
R2
R3
Classic
0.6420
0.6422
0.6425
0.6428
0.6431
0.6434
0.6437
Fibonacci
0.6422
0.6425
0.6426
0.6428
0.6430
0.6431
0.6434
Camarilla
0.6426
0.6427
0.6427
0.6428
0.6429
0.6429
0.6430
Woodie's
0.6420
0.6422
0.6425
0.6428
0.6431
0.6434
0.6437
DeMark's
-
-
0.6426
0.6429
0.6432
-
-","Technical IndicatorsJun 17, 2021 06:53PM GMT
Name
Value
Action
RSI(14)
49.779
Neutral
STOCH(9,6)
41.929
Sell
STOCHRSI(14)
40.606
Sell
MACD(12,26)
0.000
Buy
ADX(14)
26.349
Sell
Williams %R
-59.141
Sell
CCI(14)
-30.3426
Neutral
ATR(14)
0.0012
Less Volatility
Highs/Lows(14)
0.0000
Neutral
Ultimate Oscillator
47.460
Sell
ROC
-0.217
Sell
Bull/Bear Power(13)
-0.0007
Sell
Buy: 1
Sell: 7
Neutral: 3


Summary:Strong Sell","Jun 17, 2021 06:53PM GMT"
usd_cny,6.4484 +0.0515    +0.80%,11:27:22,2021-06-17 18:54:09.881397,"Prev. Close: 6.3969
Bid/Ask: 6.4477 / 6.4490
Day's Range: 6.3972 - 6.4494",Strong Buy,"Summary:Strong Buy
Moving Averages:BuyBuy (12)Sell (0)
Technical Indicators:Strong BuyBuy (7)Sell (0)","Name
S3
S2
S1
Pivot Points
R1
R2
R3
Classic
6.4380
6.4399
6.4436
6.4455
6.4492
6.4511
6.4548
Fibonacci
6.4399
6.4420
6.4434
6.4455
6.4476
6.4490
6.4511
Camarilla
6.4458
6.4463
6.4468
6.4455
6.4479
6.4484
6.4489
Woodie's
6.4390
6.4404
6.4446
6.4460
6.4502
6.4516
6.4558
DeMark's
-
-
6.4446
6.4460
6.4502
-
-","Technical IndicatorsJun 17, 2021 03:34PM GMT
Name
Value
Action
RSI(14)
85.433
Overbought
STOCH(9,6)
77.649
Buy
STOCHRSI(14)
100.000
Overbought
MACD(12,26)
0.011
Buy
ADX(14)
61.337
Buy
Williams %R
-3.426
Overbought
CCI(14)
151.8010
Buy
ATR(14)
0.0041
Less Volatility
Highs/Lows(14)
0.0141
Buy
Ultimate Oscillator
82.973
Overbought
ROC
0.391
Buy
Bull/Bear Power(13)
0.0286
Buy
Buy: 7
Sell: 0
Neutral: 0


Summary:Strong Buy","Jun 17, 2021 03:34PM GMT"
usd_hkd,7.7649 +0.0019    +0.02%,14:53:28,2021-06-17 18:54:09.884157,"Prev. Close: 7.7630
Bid/Ask: 7.7648 / 7.7649
Day's Range: 7.7625 - 7.7656",Strong Buy,"Summary:Strong Buy
Moving Averages:BuyBuy (12)Sell (0)
Technical Indicators:Strong BuyBuy (7)Sell (3)","Name
S3
S2
S1
Pivot Points
R1
R2
R3
Classic
7.7636
7.7639
7.7643
7.7646
7.7650
7.7653
7.7657
Fibonacci
7.7639
7.7642
7.7643
7.7646
7.7649
7.7650
7.7653
Camarilla
7.7646
7.7646
7.7647
7.7646
7.7648
7.7649
7.7649
Woodie's
7.7636
7.7639
7.7643
7.7646
7.7650
7.7653
7.7657
DeMark's
-
-
7.7644
7.7646
7.7651
-
-","Technical IndicatorsJun 17, 2021 06:53PM GMT
Name
Value
Action
RSI(14)
57.257
Buy
STOCH(9,6)
32.020
Sell
STOCHRSI(14)
31.953
Sell
MACD(12,26)
0.000
Buy
ADX(14)
42.016
Buy
Williams %R
-42.108
Buy
CCI(14)
67.4412
Buy
ATR(14)
0.0009
Less Volatility
Highs/Lows(14)
0.0000
Neutral
Ultimate Oscillator
42.871
Sell
ROC
0.009
Buy
Bull/Bear Power(13)
0.0016
Buy
Buy: 7
Sell: 3
Neutral: 1


Summary:Strong Buy","Jun 17, 2021 06:53PM GMT"
eur_usd,1.1918 -0.0076    -0.64%,14:54:48,2021-06-17 18:55:09.967647,"Prev. Close: 1.1994
Bid/Ask: 1.1917 / 1.1918
Day's Range: 1.1892 - 1.2007",Strong Sell,"Summary:Strong Sell
Moving Averages:SellBuy (2)Sell (10)
Technical Indicators:Strong SellBuy (0)Sell (9)","Name
S3
S2
S1
Pivot Points
R1
R2
R3
Classic
1.1880
1.1888
1.1902
1.1910
1.1924
1.1932
1.1946
Fibonacci
1.1888
1.1896
1.1902
1.1910
1.1918
1.1924
1.1932
Camarilla
1.1910
1.1912
1.1914
1.1910
1.1918
1.1920
1.1922
Woodie's
1.1882
1.1889
1.1904
1.1911
1.1926
1.1933
1.1948
DeMark's
-
-
1.1906
1.1912
1.1928
-
-","Technical IndicatorsJun 17, 2021 06:53PM GMT
Name
Value
Action
RSI(14)
28.269
Sell
STOCH(9,6)
29.825
Sell
STOCHRSI(14)
100.000
Overbought
MACD(12,26)
-0.004
Sell
ADX(14)
31.450
Neutral
Williams %R
-78.166
Sell
CCI(14)
-85.7950
Sell
ATR(14)
0.0023
High Volatility
Highs/Lows(14)
-0.0014
Sell
Ultimate Oscillator
36.041
Sell
ROC
-0.700
Sell
Bull/Bear Power(13)
-0.0043
Sell
Buy: 0
Sell: 9
Neutral: 1


Summary:Strong Sell","Jun 17, 2021 06:53PM GMT"
gbp_usd,1.3928 -0.0059    -0.42%,14:54:42,2021-06-17 18:55:09.971169,"Prev. Close: 1.3987
Bid/Ask: 1.3927 / 1.3929
Day's Range: 1.3896 - 1.4010",Strong Sell,"Summary:Strong Sell
Moving Averages:SellBuy (2)Sell (10)
Technical Indicators:Strong SellBuy (1)Sell (9)","Name
S3
S2
S1
Pivot Points
R1
R2
R3
Classic
1.3876
1.3886
1.3905
1.3915
1.3934
1.3944
1.3963
Fibonacci
1.3886
1.3897
1.3904
1.3915
1.3926
1.3933
1.3944
Camarilla
1.3917
1.3920
1.3922
1.3915
1.3928
1.3930
1.3933
Woodie's
1.3882
1.3889
1.3911
1.3918
1.3940
1.3947
1.3969
DeMark's
-
-
1.3910
1.3918
1.3939
-
-","Technical IndicatorsJun 17, 2021 06:53PM GMT
Name
Value
Action
RSI(14)
36.007
Sell
STOCH(9,6)
30.296
Sell
STOCHRSI(14)
89.582
Overbought
MACD(12,26)
-0.003
Sell
ADX(14)
39.758
Buy
Williams %R
-72.688
Sell
CCI(14)
-74.5017
Sell
ATR(14)
0.0027
High Volatility
Highs/Lows(14)
-0.0014
Sell
Ultimate Oscillator
36.055
Sell
ROC
-0.511
Sell
Bull/Bear Power(13)
-0.0021
Sell
Buy: 1
Sell: 9
Neutral: 0


Summary:Strong Sell","Jun 17, 2021 06:53PM GMT"
usd_jpy,110.24 -0.46    -0.41%,14:54:35,2021-06-17 18:55:09.973986,"Prev. Close: 110.69
Bid/Ask: 110.22 / 110.25
Day's Range: 110.17 - 110.83",Strong Sell,"Summary:Strong Sell
Moving Averages:SellBuy (4)Sell (8)
Technical Indicators:Strong SellBuy (0)Sell (8)","Name
S3
S2
S1
Pivot Points
R1
R2
R3
Classic
110.03
110.11
110.16
110.24
110.29
110.37
110.41
Fibonacci
110.11
110.16
110.19
110.24
110.29
110.32
110.37
Camarilla
110.18
110.19
110.20
110.24
110.23
110.24
110.25
Woodie's
110.03
110.11
110.16
110.24
110.29
110.37
110.41
DeMark's
-
-
110.14
110.23
110.27
-
-","Technical IndicatorsJun 17, 2021 06:53PM GMT
Name
Value
Action
RSI(14)
40.694
Sell
STOCH(9,6)
19.888
Oversold
STOCHRSI(14)
8.853
Oversold
MACD(12,26)
-0.010
Sell
ADX(14)
35.350
Sell
Williams %R
-87.394
Oversold
CCI(14)
-118.1720
Sell
ATR(14)
0.1332
High Volatility
Highs/Lows(14)
-0.1957
Sell
Ultimate Oscillator
39.167
Sell
ROC
-0.389
Sell
Bull/Bear Power(13)
-0.4060
Sell
Buy: 0
Sell: 8
Neutral: 0


Summary:Strong Sell","Jun 17, 2021 06:53PM GMT"
aud_usd,0.7555 -0.0056    -0.73%,14:54:52,2021-06-17 18:55:09.976776,"Prev. Close: 0.7610
Bid/Ask: 0.7554 / 0.7555
Day's Range: 0.7540 - 0.7646",Strong Sell,"Summary:Strong Sell
Moving Averages:Strong SellBuy (0)Sell (12)
Technical Indicators:Strong SellBuy (0)Sell (8)","Name
S3
S2
S1
Pivot Points
R1
R2
R3
Classic
0.7531
0.7537
0.7548
0.7554
0.7565
0.7571
0.7582
Fibonacci
0.7537
0.7543
0.7548
0.7554
0.7560
0.7565
0.7571
Camarilla
0.7553
0.7555
0.7556
0.7554
0.7560
0.7561
0.7563
Woodie's
0.7533
0.7538
0.7550
0.7555
0.7567
0.7572
0.7584
DeMark's
-
-
0.7551
0.7555
0.7568
-
-","Technical IndicatorsJun 17, 2021 06:53PM GMT
Name
Value
Action
RSI(14)
27.331
Sell
STOCH(9,6)
21.921
Sell
STOCHRSI(14)
51.240
Neutral
MACD(12,26)
-0.003
Sell
ADX(14)
43.027
Sell
Williams %R
-85.417
Oversold
CCI(14)
-83.5723
Sell
ATR(14)
0.0019
High Volatility
Highs/Lows(14)
-0.0021
Sell
Ultimate Oscillator
28.525
Oversold
ROC
-0.996
Sell
Bull/Bear Power(13)
-0.0026
Sell
Buy: 0
Sell: 8
Neutral: 1


Summary:Strong Sell","Jun 17, 2021 06:53PM GMT"
eur_gbp,0.8557 -0.0016    -0.19%,14:54:51,2021-06-17 18:55:09.979528,"Prev. Close: 0.8573
Bid/Ask: 0.8555 / 0.8558
Day's Range: 0.8542 - 0.8580",Strong Sell,"Summary:Strong Sell
Moving Averages:Strong SellBuy (0)Sell (12)
Technical Indicators:Strong SellBuy (1)Sell (6)","Name
S3
S2
S1
Pivot Points
R1
R2
R3
Classic
0.8547
0.8552
0.8555
0.8560
0.8562
0.8568
0.8570
Fibonacci
0.8552
0.8555
0.8557
0.8560
0.8563
0.8565
0.8568
Camarilla
0.8555
0.8556
0.8557
0.8560
0.8558
0.8559
0.8560
Woodie's
0.8547
0.8552
0.8555
0.8560
0.8562
0.8568
0.8570
DeMark's
-
-
0.8554
0.8559
0.8561
-
-","Technical IndicatorsJun 17, 2021 06:53PM GMT
Name
Value
Action
RSI(14)
38.855
Sell
STOCH(9,6)
51.761
Neutral
STOCHRSI(14)
75.470
Overbought
MACD(12,26)
-0.001
Sell
ADX(14)
35.421
Sell
Williams %R
-55.224
Sell
CCI(14)
-45.1388
Neutral
ATR(14)
0.0011
High Volatility
Highs/Lows(14)
0.0000
Neutral
Ultimate Oscillator
54.602
Buy
ROC
-0.198
Sell
Bull/Bear Power(13)
-0.0008
Sell
Buy: 1
Sell: 6
Neutral: 3


Summary:Strong Sell","Jun 17, 2021 06:53PM GMT"
usd_cad,1.2349 +0.0073    +0.59%,14:54:50,2021-06-17 18:55:09.982252,"Prev. Close: 1.2276
Bid/Ask: 1.2348 / 1.2349
Day's Range: 1.2261 - 1.2378",Strong Buy,"Summary:Strong Buy
Moving Averages:BuyBuy (12)Sell (0)
Technical Indicators:Strong BuyBuy (9)Sell (1)","Name
S3
S2
S1
Pivot Points
R1
R2
R3
Classic
1.2321
1.2330
1.2342
1.2351
1.2363
1.2372
1.2384
Fibonacci
1.2330
1.2338
1.2343
1.2351
1.2359
1.2364
1.2372
Camarilla
1.2347
1.2349
1.2351
1.2351
1.2355
1.2357
1.2359
Woodie's
1.2321
1.2330
1.2342
1.2351
1.2363
1.2372
1.2384
DeMark's
-
-
1.2336
1.2348
1.2357
-
-","Technical IndicatorsJun 17, 2021 06:53PM GMT
Name
Value
Action
RSI(14)
69.271
Buy
STOCH(9,6)
66.256
Buy
STOCHRSI(14)
32.925
Sell
MACD(12,26)
0.003
Buy
ADX(14)
33.242
Neutral
Williams %R
-24.893
Buy
CCI(14)
91.0820
Buy
ATR(14)
0.0026
High Volatility
Highs/Lows(14)
0.0016
Buy
Ultimate Oscillator
69.711
Buy
ROC
0.644
Buy
Bull/Bear Power(13)
0.0034
Buy
Buy: 9
Sell: 1
Neutral: 1


Summary:Strong Buy","Jun 17, 2021 06:53PM GMT"
usd_chf,0.9169 +0.0084    +0.92%,14:54:47,2021-06-17 18:55:09.984988,"Prev. Close: 0.9085
Bid/Ask: 0.9167 / 0.9171
Day's Range: 0.9076 - 0.9188",Strong Buy,"Summary:Strong Buy
Moving Averages:BuyBuy (10)Sell (2)
Technical Indicators:Strong BuyBuy (8)Sell (0)","Name
S3
S2
S1
Pivot Points
R1
R2
R3
Classic
0.9150
0.9160
0.9166
0.9176
0.9181
0.9192
0.9197
Fibonacci
0.9160
0.9166
0.9170
0.9176
0.9182
0.9186
0.9192
Camarilla
0.9167
0.9169
0.9170
0.9176
0.9173
0.9174
0.9176
Woodie's
0.9148
0.9159
0.9164
0.9175
0.9179
0.9191
0.9195
DeMark's
-
-
0.9163
0.9175
0.9179
-
-","Technical IndicatorsJun 17, 2021 06:53PM GMT
Name
Value
Action
RSI(14)
73.533
Buy
STOCH(9,6)
76.055
Buy
STOCHRSI(14)
0.000
Oversold
MACD(12,26)
0.004
Buy
ADX(14)
31.028
Neutral
Williams %R
-18.182
Overbought
CCI(14)
85.6657
Buy
ATR(14)
0.0018
High Volatility
Highs/Lows(14)
0.0015
Buy
Ultimate Oscillator
65.360
Buy
ROC
0.925
Buy
Bull/Bear Power(13)
0.0039
Buy
Buy: 8
Sell: 0
Neutral: 1


Summary:Strong Buy","Jun 17, 2021 06:53PM GMT"
nzd_chf,0.6425 +0.0021    +0.33%,14:54:51,2021-06-17 18:55:09.987736,"Prev. Close: 0.6404
Bid/Ask: 0.6423 / 0.6427
Day's Range: 0.6406 - 0.6453",Sell,"Summary:Sell
Moving Averages:NeutralBuy (6)Sell (6)
Technical Indicators:Strong SellBuy (1)Sell (7)","Name
S3
S2
S1
Pivot Points
R1
R2
R3
Classic
0.6420
0.6422
0.6425
0.6428
0.6431
0.6434
0.6437
Fibonacci
0.6422
0.6425
0.6426
0.6428
0.6430
0.6431
0.6434
Camarilla
0.6426
0.6427
0.6427
0.6428
0.6429
0.6429
0.6430
Woodie's
0.6420
0.6422
0.6425
0.6428
0.6431
0.6434
0.6437
DeMark's
-
-
0.6426
0.6429
0.6432
-
-","Technical IndicatorsJun 17, 2021 06:53PM GMT
Name
Value
Action
RSI(14)
49.779
Neutral
STOCH(9,6)
41.929
Sell
STOCHRSI(14)
40.606
Sell
MACD(12,26)
0.000
Buy
ADX(14)
26.349
Sell
Williams %R
-59.141
Sell
CCI(14)
-30.3426
Neutral
ATR(14)
0.0012
Less Volatility
Highs/Lows(14)
0.0000
Neutral
Ultimate Oscillator
47.460
Sell
ROC
-0.217
Sell
Bull/Bear Power(13)
-0.0007
Sell
Buy: 1
Sell: 7
Neutral: 3


Summary:Strong Sell","Jun 17, 2021 06:53PM GMT"
usd_cny,6.4484 +0.0515    +0.80%,11:27:22,2021-06-17 18:55:09.990487,"Prev. Close: 6.3969
Bid/Ask: 6.4477 / 6.4490
Day's Range: 6.3972 - 6.4494",Strong Buy,"Summary:Strong Buy
Moving Averages:BuyBuy (12)Sell (0)
Technical Indicators:Strong BuyBuy (7)Sell (0)","Name
S3
S2
S1
Pivot Points
R1
R2
R3
Classic
6.4380
6.4399
6.4436
6.4455
6.4492
6.4511
6.4548
Fibonacci
6.4399
6.4420
6.4434
6.4455
6.4476
6.4490
6.4511
Camarilla
6.4458
6.4463
6.4468
6.4455
6.4479
6.4484
6.4489
Woodie's
6.4390
6.4404
6.4446
6.4460
6.4502
6.4516
6.4558
DeMark's
-
-
6.4446
6.4460
6.4502
-
-","Technical IndicatorsJun 17, 2021 03:34PM GMT
Name
Value
Action
RSI(14)
85.433
Overbought
STOCH(9,6)
77.649
Buy
STOCHRSI(14)
100.000
Overbought
MACD(12,26)
0.011
Buy
ADX(14)
61.337
Buy
Williams %R
-3.426
Overbought
CCI(14)
151.8010
Buy
ATR(14)
0.0041
Less Volatility
Highs/Lows(14)
0.0141
Buy
Ultimate Oscillator
82.973
Overbought
ROC
0.391
Buy
Bull/Bear Power(13)
0.0286
Buy
Buy: 7
Sell: 0
Neutral: 0


Summary:Strong Buy","Jun 17, 2021 03:34PM GMT"
usd_hkd,7.7648 +0.0018    +0.02%,14:54:55,2021-06-17 18:55:09.993210,"Prev. Close: 7.7630
Bid/Ask: 7.7647 / 7.7648
Day's Range: 7.7625 - 7.7656",Strong Buy,"Summary:Strong Buy
Moving Averages:BuyBuy (12)Sell (0)
Technical Indicators:Strong BuyBuy (7)Sell (3)","Name
S3
S2
S1
Pivot Points
R1
R2
R3
Classic
7.7636
7.7639
7.7643
7.7646
7.7650
7.7653
7.7657
Fibonacci
7.7639
7.7642
7.7643
7.7646
7.7649
7.7650
7.7653
Camarilla
7.7646
7.7646
7.7647
7.7646
7.7648
7.7649
7.7649
Woodie's
7.7636
7.7639
7.7643
7.7646
7.7650
7.7653
7.7657
DeMark's
-
-
7.7644
7.7646
7.7651
-
-","Technical IndicatorsJun 17, 2021 06:53PM GMT
Name
Value
Action
RSI(14)
57.257
Buy
STOCH(9,6)
32.020
Sell
STOCHRSI(14)
31.953
Sell
MACD(12,26)
0.000
Buy
ADX(14)
42.016
Buy
Williams %R
-42.108
Buy
CCI(14)
67.4412
Buy
ATR(14)
0.0009
Less Volatility
Highs/Lows(14)
0.0000
Neutral
Ultimate Oscillator
42.871
Sell
ROC
0.009
Buy
Bull/Bear Power(13)
0.0016
Buy
Buy: 7
Sell: 3
Neutral: 1


Summary:Strong Buy","Jun 17, 2021 06:53PM GMT"
eur_usd,1.1917 -0.0077    -0.64%,14:55:37,2021-06-17 18:56:10.419090,"Prev. Close: 1.1994
Bid/Ask: 1.1915 / 1.1919
Day's Range: 1.1892 - 1.2007",Strong Sell,"Summary:Strong Sell
Moving Averages:SellBuy (2)Sell (10)
Technical Indicators:Strong SellBuy (0)Sell (9)","Name
S3
S2
S1
Pivot Points
R1
R2
R3
Classic
1.1880
1.1888
1.1902
1.1910
1.1924
1.1932
1.1946
Fibonacci
1.1888
1.1896
1.1902
1.1910
1.1918
1.1924
1.1932
Camarilla
1.1910
1.1912
1.1914
1.1910
1.1918
1.1920
1.1922
Woodie's
1.1882
1.1889
1.1904
1.1911
1.1926
1.1933
1.1948
DeMark's
-
-
1.1906
1.1912
1.1928
-
-","Technical IndicatorsJun 17, 2021 06:55PM GMT
Name
Value
Action
RSI(14)
28.517
Sell
STOCH(9,6)
29.962
Sell
STOCHRSI(14)
100.000
Overbought
MACD(12,26)
-0.004
Sell
ADX(14)
31.450
Neutral
Williams %R
-77.729
Sell
CCI(14)
-85.3442
Sell
ATR(14)
0.0023
High Volatility
Highs/Lows(14)
-0.0013
Sell
Ultimate Oscillator
36.290
Sell
ROC
-0.696
Sell
Bull/Bear Power(13)
-0.0043
Sell
Buy: 0
Sell: 9
Neutral: 1


Summary:Strong Sell","Jun 17, 2021 06:55PM GMT"
gbp_usd,1.3928 -0.0059    -0.42%,14:55:32,2021-06-17 18:56:10.422678,"Prev. Close: 1.3987
Bid/Ask: 1.3927 / 1.3929
Day's Range: 1.3896 - 1.4010",Strong Sell,"Summary:Strong Sell
Moving Averages:SellBuy (2)Sell (10)
Technical Indicators:Strong SellBuy (1)Sell (9)","Name
S3
S2
S1
Pivot Points
R1
R2
R3
Classic
1.3876
1.3886
1.3905
1.3915
1.3934
1.3944
1.3963
Fibonacci
1.3886
1.3897
1.3904
1.3915
1.3926
1.3933
1.3944
Camarilla
1.3917
1.3920
1.3922
1.3915
1.3928
1.3930
1.3933
Woodie's
1.3882
1.3889
1.3911
1.3918
1.3940
1.3947
1.3969
DeMark's
-
-
1.3910
1.3918
1.3939
-
-","Technical IndicatorsJun 17, 2021 06:53PM GMT
Name
Value
Action
RSI(14)
36.007
Sell
STOCH(9,6)
30.296
Sell
STOCHRSI(14)
89.582
Overbought
MACD(12,26)
-0.003
Sell
ADX(14)
39.758
Buy
Williams %R
-72.688
Sell
CCI(14)
-74.5017
Sell
ATR(14)
0.0027
High Volatility
Highs/Lows(14)
-0.0014
Sell
Ultimate Oscillator
36.055
Sell
ROC
-0.511
Sell
Bull/Bear Power(13)
-0.0021
Sell
Buy: 1
Sell: 9
Neutral: 0


Summary:Strong Sell","Jun 17, 2021 06:53PM GMT"
usd_jpy,110.24 -0.46    -0.41%,14:55:38,2021-06-17 18:56:10.425725,"Prev. Close: 110.69
Bid/Ask: 110.23 / 110.24
Day's Range: 110.17 - 110.83",Strong Sell,"Summary:Strong Sell
Moving Averages:SellBuy (4)Sell (8)
Technical Indicators:Strong SellBuy (0)Sell (8)","Name
S3
S2
S1
Pivot Points
R1
R2
R3
Classic
110.03
110.11
110.16
110.24
110.29
110.37
110.41
Fibonacci
110.11
110.16
110.19
110.24
110.29
110.32
110.37
Camarilla
110.18
110.19
110.20
110.24
110.23
110.24
110.25
Woodie's
110.03
110.11
110.16
110.24
110.29
110.37
110.41
DeMark's
-
-
110.14
110.23
110.27
-
-","Technical IndicatorsJun 17, 2021 06:55PM GMT
Name
Value
Action
RSI(14)
40.084
Sell
STOCH(9,6)
19.608
Oversold
STOCHRSI(14)
6.631
Oversold
MACD(12,26)
-0.010
Sell
ADX(14)
35.350
Sell
Williams %R
-89.075
Oversold
CCI(14)
-119.2951
Sell
ATR(14)
0.1332
High Volatility
Highs/Lows(14)
-0.2057
Sell
Ultimate Oscillator
38.477
Sell
ROC
-0.398
Sell
Bull/Bear Power(13)
-0.4040
Sell
Buy: 0
Sell: 8
Neutral: 0


Summary:Strong Sell","Jun 17, 2021 06:55PM GMT"
aud_usd,0.7555 -0.0056    -0.73%,14:55:40,2021-06-17 18:56:10.428687,"Prev. Close: 0.7610
Bid/Ask: 0.7554 / 0.7555
Day's Range: 0.7540 - 0.7646",Strong Sell,"Summary:Strong Sell
Moving Averages:Strong SellBuy (0)Sell (12)
Technical Indicators:Strong SellBuy (0)Sell (8)","Name
S3
S2
S1
Pivot Points
R1
R2
R3
Classic
0.7531
0.7537
0.7548
0.7554
0.7565
0.7571
0.7582
Fibonacci
0.7537
0.7543
0.7548
0.7554
0.7560
0.7565
0.7571
Camarilla
0.7553
0.7555
0.7556
0.7554
0.7560
0.7561
0.7563
Woodie's
0.7533
0.7538
0.7550
0.7555
0.7567
0.7572
0.7584
DeMark's
-
-
0.7551
0.7555
0.7568
-
-","Technical IndicatorsJun 17, 2021 06:55PM GMT
Name
Value
Action
RSI(14)
27.571
Sell
STOCH(9,6)
22.206
Sell
STOCHRSI(14)
52.577
Neutral
MACD(12,26)
-0.003
Sell
ADX(14)
43.027
Sell
Williams %R
-84.375
Oversold
CCI(14)
-82.7598
Sell
ATR(14)
0.0019
High Volatility
Highs/Lows(14)
-0.0020
Sell
Ultimate Oscillator
29.110
Oversold
ROC
-0.983
Sell
Bull/Bear Power(13)
-0.0026
Sell
Buy: 0
Sell: 8
Neutral: 1


Summary:Strong Sell","Jun 17, 2021 06:55PM GMT"
eur_gbp,0.8556 -0.0017    -0.20%,14:55:41,2021-06-17 18:56:10.431565,"Prev. Close: 0.8573
Bid/Ask: 0.8554 / 0.8558
Day's Range: 0.8542 - 0.8580",Strong Sell,"Summary:Strong Sell
Moving Averages:Strong SellBuy (0)Sell (12)
Technical Indicators:Strong SellBuy (1)Sell (6)","Name
S3
S2
S1
Pivot Points
R1
R2
R3
Classic
0.8547
0.8552
0.8555
0.8560
0.8562
0.8568
0.8570
Fibonacci
0.8552
0.8555
0.8557
0.8560
0.8563
0.8565
0.8568
Camarilla
0.8555
0.8556
0.8557
0.8560
0.8558
0.8559
0.8560
Woodie's
0.8547
0.8552
0.8555
0.8560
0.8562
0.8568
0.8570
DeMark's
-
-
0.8554
0.8559
0.8561
-
-","Technical IndicatorsJun 17, 2021 06:55PM GMT
Name
Value
Action
RSI(14)
38.855
Sell
STOCH(9,6)
51.761
Neutral
STOCHRSI(14)
75.470
Overbought
MACD(12,26)
-0.001
Sell
ADX(14)
35.421
Sell
Williams %R
-55.224
Sell
CCI(14)
-45.1388
Neutral
ATR(14)
0.0011
High Volatility
Highs/Lows(14)
0.0000
Neutral
Ultimate Oscillator
54.602
Buy
ROC
-0.198
Sell
Bull/Bear Power(13)
-0.0008
Sell
Buy: 1
Sell: 6
Neutral: 3


Summary:Strong Sell","Jun 17, 2021 06:55PM GMT"
usd_cad,1.2347 +0.0071    +0.58%,14:55:34,2021-06-17 18:56:10.434377,"Prev. Close: 1.2276
Bid/Ask: 1.2345 / 1.2349
Day's Range: 1.2261 - 1.2378",Strong Buy,"Summary:Strong Buy
Moving Averages:BuyBuy (11)Sell (1)
Technical Indicators:Strong BuyBuy (9)Sell (1)","Name
S3
S2
S1
Pivot Points
R1
R2
R3
Classic
1.2321
1.2330
1.2342
1.2351
1.2363
1.2372
1.2384
Fibonacci
1.2330
1.2338
1.2343
1.2351
1.2359
1.2364
1.2372
Camarilla
1.2347
1.2349
1.2351
1.2351
1.2355
1.2357
1.2359
Woodie's
1.2321
1.2330
1.2342
1.2351
1.2363
1.2372
1.2384
DeMark's
-
-
1.2336
1.2348
1.2357
-
-","Technical IndicatorsJun 17, 2021 06:55PM GMT
Name
Value
Action
RSI(14)
68.571
Buy
STOCH(9,6)
65.953
Buy
STOCHRSI(14)
28.262
Sell
MACD(12,26)
0.003
Buy
ADX(14)
33.242
Neutral
Williams %R
-26.181
Buy
CCI(14)
89.7701
Buy
ATR(14)
0.0026
High Volatility
Highs/Lows(14)
0.0014
Buy
Ultimate Oscillator
69.140
Buy
ROC
0.632
Buy
Bull/Bear Power(13)
0.0034
Buy
Buy: 9
Sell: 1
Neutral: 1


Summary:Strong Buy","Jun 17, 2021 06:55PM GMT"
usd_chf,0.9169 +0.0084    +0.92%,14:55:31,2021-06-17 18:56:10.437189,"Prev. Close: 0.9085
Bid/Ask: 0.9167 / 0.9171
Day's Range: 0.9076 - 0.9188",Strong Buy,"Summary:Strong Buy
Moving Averages:BuyBuy (10)Sell (2)
Technical Indicators:Strong BuyBuy (8)Sell (0)","Name
S3
S2
S1
Pivot Points
R1
R2
R3
Classic
0.9150
0.9160
0.9166
0.9176
0.9181
0.9192
0.9197
Fibonacci
0.9160
0.9166
0.9170
0.9176
0.9182
0.9186
0.9192
Camarilla
0.9167
0.9169
0.9170
0.9176
0.9173
0.9174
0.9176
Woodie's
0.9148
0.9159
0.9164
0.9175
0.9179
0.9191
0.9195
DeMark's
-
-
0.9163
0.9175
0.9179
-
-","Technical IndicatorsJun 17, 2021 06:55PM GMT
Name
Value
Action
RSI(14)
73.829
Buy
STOCH(9,6)
76.210
Buy
STOCHRSI(14)
0.000
Oversold
MACD(12,26)
0.004
Buy
ADX(14)
31.028
Neutral
Williams %R
-17.728
Overbought
CCI(14)
86.0915
Buy
ATR(14)
0.0018
High Volatility
Highs/Lows(14)
0.0016
Buy
Ultimate Oscillator
65.660
Buy
ROC
0.930
Buy
Bull/Bear Power(13)
0.0039
Buy
Buy: 8
Sell: 0
Neutral: 1


Summary:Strong Buy","Jun 17, 2021 06:55PM GMT"
nzd_chf,0.6425 +0.0021    +0.33%,14:55:40,2021-06-17 18:56:10.439994,"Prev. Close: 0.6404
Bid/Ask: 0.6423 / 0.6427
Day's Range: 0.6406 - 0.6453",Sell,"Summary:Sell
Moving Averages:NeutralBuy (6)Sell (6)
Technical Indicators:Strong SellBuy (1)Sell (7)","Name
S3
S2
S1
Pivot Points
R1
R2
R3
Classic
0.6420
0.6422
0.6425
0.6428
0.6431
0.6434
0.6437
Fibonacci
0.6422
0.6425
0.6426
0.6428
0.6430
0.6431
0.6434
Camarilla
0.6426
0.6427
0.6427
0.6428
0.6429
0.6429
0.6430
Woodie's
0.6420
0.6422
0.6425
0.6428
0.6431
0.6434
0.6437
DeMark's
-
-
0.6426
0.6429
0.6432
-
-","Technical IndicatorsJun 17, 2021 06:55PM GMT
Name
Value
Action
RSI(14)
49.779
Neutral
STOCH(9,6)
41.929
Sell
STOCHRSI(14)
40.606
Sell
MACD(12,26)
0.000
Buy
ADX(14)
26.349
Sell
Williams %R
-59.141
Sell
CCI(14)
-30.3426
Neutral
ATR(14)
0.0012
Less Volatility
Highs/Lows(14)
0.0000
Neutral
Ultimate Oscillator
47.460
Sell
ROC
-0.217
Sell
Bull/Bear Power(13)
-0.0007
Sell
Buy: 1
Sell: 7
Neutral: 3


Summary:Strong Sell","Jun 17, 2021 06:55PM GMT"
usd_cny,6.4484 +0.0515    +0.80%,11:27:22,2021-06-17 18:56:10.442784,"Prev. Close: 6.3969
Bid/Ask: 6.4477 / 6.4490
Day's Range: 6.3972 - 6.4494",Strong Buy,"Summary:Strong Buy
Moving Averages:BuyBuy (12)Sell (0)
Technical Indicators:Strong BuyBuy (7)Sell (0)","Name
S3
S2
S1
Pivot Points
R1
R2
R3
Classic
6.4380
6.4399
6.4436
6.4455
6.4492
6.4511
6.4548
Fibonacci
6.4399
6.4420
6.4434
6.4455
6.4476
6.4490
6.4511
Camarilla
6.4458
6.4463
6.4468
6.4455
6.4479
6.4484
6.4489
Woodie's
6.4390
6.4404
6.4446
6.4460
6.4502
6.4516
6.4558
DeMark's
-
-
6.4446
6.4460
6.4502
-
-","Technical IndicatorsJun 17, 2021 03:34PM GMT
Name
Value
Action
RSI(14)
85.433
Overbought
STOCH(9,6)
77.649
Buy
STOCHRSI(14)
100.000
Overbought
MACD(12,26)
0.011
Buy
ADX(14)
61.337
Buy
Williams %R
-3.426
Overbought
CCI(14)
151.8010
Buy
ATR(14)
0.0041
Less Volatility
Highs/Lows(14)
0.0141
Buy
Ultimate Oscillator
82.973
Overbought
ROC
0.391
Buy
Bull/Bear Power(13)
0.0286
Buy
Buy: 7
Sell: 0
Neutral: 0


Summary:Strong Buy","Jun 17, 2021 03:34PM GMT"
usd_hkd,7.7648 +0.0018    +0.02%,14:55:33,2021-06-17 18:56:10.445530,"Prev. Close: 7.7630
Bid/Ask: 7.7647 / 7.7648
Day's Range: 7.7625 - 7.7656",Strong Buy,"Summary:Strong Buy
Moving Averages:BuyBuy (12)Sell (0)
Technical Indicators:Strong BuyBuy (7)Sell (3)","Name
S3
S2
S1
Pivot Points
R1
R2
R3
Classic
7.7636
7.7639
7.7643
7.7646
7.7650
7.7653
7.7657
Fibonacci
7.7639
7.7642
7.7643
7.7646
7.7649
7.7650
7.7653
Camarilla
7.7646
7.7646
7.7647
7.7646
7.7648
7.7649
7.7649
Woodie's
7.7636
7.7639
7.7643
7.7646
7.7650
7.7653
7.7657
DeMark's
-
-
7.7644
7.7646
7.7651
-
-","Technical IndicatorsJun 17, 2021 06:55PM GMT
Name
Value
Action
RSI(14)
57.948
Buy
STOCH(9,6)
32.898
Sell
STOCHRSI(14)
35.095
Sell
MACD(12,26)
0.000
Buy
ADX(14)
42.016
Buy
Williams %R
-36.838
Buy
CCI(14)
74.7187
Buy
ATR(14)
0.0009
Less Volatility
Highs/Lows(14)
0.0000
Neutral
Ultimate Oscillator
44.150
Sell
ROC
0.010
Buy
Bull/Bear Power(13)
0.0016
Buy
Buy: 7
Sell: 3
Neutral: 1


Summary:Strong Buy","Jun 17, 2021 06:55PM GMT"
eur_usd,1.1917 -0.0077    -0.64%,14:56:53,2021-06-17 18:57:09.785272,"Prev. Close: 1.1994
Bid/Ask: 1.1915 / 1.1919
Day's Range: 1.1892 - 1.2007",Strong Sell,"Summary:Strong Sell
Moving Averages:SellBuy (2)Sell (10)
Technical Indicators:Strong SellBuy (0)Sell (9)","Name
S3
S2
S1
Pivot Points
R1
R2
R3
Classic
1.1880
1.1888
1.1902
1.1910
1.1924
1.1932
1.1946
Fibonacci
1.1888
1.1896
1.1902
1.1910
1.1918
1.1924
1.1932
Camarilla
1.1910
1.1912
1.1914
1.1910
1.1918
1.1920
1.1922
Woodie's
1.1882
1.1889
1.1904
1.1911
1.1926
1.1933
1.1948
DeMark's
-
-
1.1906
1.1912
1.1928
-
-","Technical IndicatorsJun 17, 2021 06:55PM GMT
Name
Value
Action
RSI(14)
28.517
Sell
STOCH(9,6)
29.962
Sell
STOCHRSI(14)
100.000
Overbought
MACD(12,26)
-0.004
Sell
ADX(14)
31.450
Neutral
Williams %R
-77.729
Sell
CCI(14)
-85.3442
Sell
ATR(14)
0.0023
High Volatility
Highs/Lows(14)
-0.0013
Sell
Ultimate Oscillator
36.290
Sell
ROC
-0.696
Sell
Bull/Bear Power(13)
-0.0043
Sell
Buy: 0
Sell: 9
Neutral: 1


Summary:Strong Sell","Jun 17, 2021 06:55PM GMT"
gbp_usd,1.3928 -0.0059    -0.42%,14:56:47,2021-06-17 18:57:09.788812,"Prev. Close: 1.3987
Bid/Ask: 1.3926 / 1.3930
Day's Range: 1.3896 - 1.4010",Strong Sell,"Summary:Strong Sell
Moving Averages:SellBuy (2)Sell (10)
Technical Indicators:Strong SellBuy (1)Sell (9)","Name
S3
S2
S1
Pivot Points
R1
R2
R3
Classic
1.3876
1.3886
1.3905
1.3915
1.3934
1.3944
1.3963
Fibonacci
1.3886
1.3897
1.3904
1.3915
1.3926
1.3933
1.3944
Camarilla
1.3917
1.3920
1.3922
1.3915
1.3928
1.3930
1.3933
Woodie's
1.3882
1.3889
1.3911
1.3918
1.3940
1.3947
1.3969
DeMark's
-
-
1.3910
1.3918
1.3939
-
-","Technical IndicatorsJun 17, 2021 06:55PM GMT
Name
Value
Action
RSI(14)
36.501
Sell
STOCH(9,6)
30.609
Sell
STOCHRSI(14)
93.027
Overbought
MACD(12,26)
-0.003
Sell
ADX(14)
39.758
Buy
Williams %R
-71.365
Sell
CCI(14)
-73.3159
Sell
ATR(14)
0.0027
High Volatility
Highs/Lows(14)
-0.0012
Sell
Ultimate Oscillator
36.604
Sell
ROC
-0.500
Sell
Bull/Bear Power(13)
-0.0021
Sell
Buy: 1
Sell: 9
Neutral: 0


Summary:Strong Sell","Jun 17, 2021 06:55PM GMT"
usd_jpy,110.24 -0.46    -0.41%,14:56:35,2021-06-17 18:57:09.791689,"Prev. Close: 110.69
Bid/Ask: 110.23 / 110.24
Day's Range: 110.17 - 110.83",Strong Sell,"Summary:Strong Sell
Moving Averages:SellBuy (4)Sell (8)
Technical Indicators:Strong SellBuy (0)Sell (8)","Name
S3
S2
S1
Pivot Points
R1
R2
R3
Classic
110.03
110.11
110.16
110.24
110.29
110.37
110.41
Fibonacci
110.11
110.16
110.19
110.24
110.29
110.32
110.37
Camarilla
110.18
110.19
110.20
110.24
110.23
110.24
110.25
Woodie's
110.03
110.11
110.16
110.24
110.29
110.37
110.41
DeMark's
-
-
110.14
110.23
110.27
-
-","Technical IndicatorsJun 17, 2021 06:55PM GMT
Name
Value
Action
RSI(14)
40.084
Sell
STOCH(9,6)
19.608
Oversold
STOCHRSI(14)
6.631
Oversold
MACD(12,26)
-0.010
Sell
ADX(14)
35.350
Sell
Williams %R
-89.075
Oversold
CCI(14)
-119.2951
Sell
ATR(14)
0.1332
High Volatility
Highs/Lows(14)
-0.2057
Sell
Ultimate Oscillator
38.477
Sell
ROC
-0.398
Sell
Bull/Bear Power(13)
-0.4040
Sell
Buy: 0
Sell: 8
Neutral: 0


Summary:Strong Sell","Jun 17, 2021 06:55PM GMT"
aud_usd,0.7556 -0.0054    -0.72%,14:56:51,2021-06-17 18:57:09.794482,"Prev. Close: 0.7610
Bid/Ask: 0.7555 / 0.7556
Day's Range: 0.7540 - 0.7646",Strong Sell,"Summary:Strong Sell
Moving Averages:Strong SellBuy (0)Sell (12)
Technical Indicators:Strong SellBuy (0)Sell (8)","Name
S3
S2
S1
Pivot Points
R1
R2
R3
Classic
0.7531
0.7537
0.7548
0.7554
0.7565
0.7571
0.7582
Fibonacci
0.7537
0.7543
0.7548
0.7554
0.7560
0.7565
0.7571
Camarilla
0.7553
0.7555
0.7556
0.7554
0.7560
0.7561
0.7563
Woodie's
0.7533
0.7538
0.7550
0.7555
0.7567
0.7572
0.7584
DeMark's
-
-
0.7551
0.7555
0.7568
-
-","Technical IndicatorsJun 17, 2021 06:55PM GMT
Name
Value
Action
RSI(14)
27.571
Sell
STOCH(9,6)
22.206
Sell
STOCHRSI(14)
52.577
Neutral
MACD(12,26)
-0.003
Sell
ADX(14)
43.027
Sell
Williams %R
-84.375
Oversold
CCI(14)
-82.7598
Sell
ATR(14)
0.0019
High Volatility
Highs/Lows(14)
-0.0020
Sell
Ultimate Oscillator
29.110
Oversold
ROC
-0.983
Sell
Bull/Bear Power(13)
-0.0026
Sell
Buy: 0
Sell: 8
Neutral: 1


Summary:Strong Sell","Jun 17, 2021 06:55PM GMT"
eur_gbp,0.8556 -0.0018    -0.20%,14:56:51,2021-06-17 18:57:09.797249,"Prev. Close: 0.8573
Bid/Ask: 0.8553 / 0.8558
Day's Range: 0.8542 - 0.8580",Strong Sell,"Summary:Strong Sell
Moving Averages:Strong SellBuy (0)Sell (12)
Technical Indicators:Strong SellBuy (1)Sell (6)","Name
S3
S2
S1
Pivot Points
R1
R2
R3
Classic
0.8547
0.8552
0.8555
0.8560
0.8562
0.8568
0.8570
Fibonacci
0.8552
0.8555
0.8557
0.8560
0.8563
0.8565
0.8568
Camarilla
0.8555
0.8556
0.8557
0.8560
0.8558
0.8559
0.8560
Woodie's
0.8547
0.8552
0.8555
0.8560
0.8562
0.8568
0.8570
DeMark's
-
-
0.8554
0.8559
0.8561
-
-","Technical IndicatorsJun 17, 2021 06:55PM GMT
Name
Value
Action
RSI(14)
38.855
Sell
STOCH(9,6)
51.761
Neutral
STOCHRSI(14)
75.470
Overbought
MACD(12,26)
-0.001
Sell
ADX(14)
35.421
Sell
Williams %R
-55.224
Sell
CCI(14)
-45.1388
Neutral
ATR(14)
0.0011
High Volatility
Highs/Lows(14)
0.0000
Neutral
Ultimate Oscillator
54.602
Buy
ROC
-0.198
Sell
Bull/Bear Power(13)
-0.0008
Sell
Buy: 1
Sell: 6
Neutral: 3


Summary:Strong Sell","Jun 17, 2021 06:55PM GMT"
usd_cad,1.2348 +0.0072    +0.58%,14:56:52,2021-06-17 18:57:09.800094,"Prev. Close: 1.2276
Bid/Ask: 1.2347 / 1.2348
Day's Range: 1.2261 - 1.2378",Strong Buy,"Summary:Strong Buy
Moving Averages:BuyBuy (11)Sell (1)
Technical Indicators:Strong BuyBuy (9)Sell (1)","Name
S3
S2
S1
Pivot Points
R1
R2
R3
Classic
1.2321
1.2330
1.2342
1.2351
1.2363
1.2372
1.2384
Fibonacci
1.2330
1.2338
1.2343
1.2351
1.2359
1.2364
1.2372
Camarilla
1.2347
1.2349
1.2351
1.2351
1.2355
1.2357
1.2359
Woodie's
1.2321
1.2330
1.2342
1.2351
1.2363
1.2372
1.2384
DeMark's
-
-
1.2336
1.2348
1.2357
-
-","Technical IndicatorsJun 17, 2021 06:55PM GMT
Name
Value
Action
RSI(14)
68.571
Buy
STOCH(9,6)
65.953
Buy
STOCHRSI(14)
28.262
Sell
MACD(12,26)
0.003
Buy
ADX(14)
33.242
Neutral
Williams %R
-26.181
Buy
CCI(14)
89.7701
Buy
ATR(14)
0.0026
High Volatility
Highs/Lows(14)
0.0014
Buy
Ultimate Oscillator
69.140
Buy
ROC
0.632
Buy
Bull/Bear Power(13)
0.0034
Buy
Buy: 9
Sell: 1
Neutral: 1


Summary:Strong Buy","Jun 17, 2021 06:55PM GMT"
usd_chf,0.9169 +0.0084    +0.92%,14:56:44,2021-06-17 18:57:09.802856,"Prev. Close: 0.9085
Bid/Ask: 0.9167 / 0.9171
Day's Range: 0.9076 - 0.9188",Strong Buy,"Summary:Strong Buy
Moving Averages:BuyBuy (10)Sell (2)
Technical Indicators:Strong BuyBuy (8)Sell (0)","Name
S3
S2
S1
Pivot Points
R1
R2
R3
Classic
0.9150
0.9160
0.9166
0.9176
0.9181
0.9192
0.9197
Fibonacci
0.9160
0.9166
0.9170
0.9176
0.9182
0.9186
0.9192
Camarilla
0.9167
0.9169
0.9170
0.9176
0.9173
0.9174
0.9176
Woodie's
0.9148
0.9159
0.9164
0.9175
0.9179
0.9191
0.9195
DeMark's
-
-
0.9163
0.9175
0.9179
-
-","Technical IndicatorsJun 17, 2021 06:55PM GMT
Name
Value
Action
RSI(14)
73.829
Buy
STOCH(9,6)
76.210
Buy
STOCHRSI(14)
0.000
Oversold
MACD(12,26)
0.004
Buy
ADX(14)
31.028
Neutral
Williams %R
-17.728
Overbought
CCI(14)
86.0915
Buy
ATR(14)
0.0018
High Volatility
Highs/Lows(14)
0.0016
Buy
Ultimate Oscillator
65.660
Buy
ROC
0.930
Buy
Bull/Bear Power(13)
0.0039
Buy
Buy: 8
Sell: 0
Neutral: 1


Summary:Strong Buy","Jun 17, 2021 06:55PM GMT"
nzd_chf,0.6426 +0.0022    +0.34%,14:56:51,2021-06-17 18:57:09.805598,"Prev. Close: 0.6404
Bid/Ask: 0.6424 / 0.6428
Day's Range: 0.6406 - 0.6453",Sell,"Summary:Sell
Moving Averages:NeutralBuy (6)Sell (6)
Technical Indicators:Strong SellBuy (1)Sell (7)","Name
S3
S2
S1
Pivot Points
R1
R2
R3
Classic
0.6420
0.6422
0.6425
0.6428
0.6431
0.6434
0.6437
Fibonacci
0.6422
0.6425
0.6426
0.6428
0.6430
0.6431
0.6434
Camarilla
0.6426
0.6427
0.6427
0.6428
0.6429
0.6429
0.6430
Woodie's
0.6420
0.6422
0.6425
0.6428
0.6431
0.6434
0.6437
DeMark's
-
-
0.6426
0.6429
0.6432
-
-","Technical IndicatorsJun 17, 2021 06:55PM GMT
Name
Value
Action
RSI(14)
49.779
Neutral
STOCH(9,6)
41.929
Sell
STOCHRSI(14)
40.606
Sell
MACD(12,26)
0.000
Buy
ADX(14)
26.349
Sell
Williams %R
-59.141
Sell
CCI(14)
-30.3426
Neutral
ATR(14)
0.0012
Less Volatility
Highs/Lows(14)
0.0000
Neutral
Ultimate Oscillator
47.460
Sell
ROC
-0.217
Sell
Bull/Bear Power(13)
-0.0007
Sell
Buy: 1
Sell: 7
Neutral: 3


Summary:Strong Sell","Jun 17, 2021 06:55PM GMT"
usd_cny,6.4484 +0.0515    +0.80%,11:27:22,2021-06-17 18:57:09.808350,"Prev. Close: 6.3969
Bid/Ask: 6.4477 / 6.4490
Day's Range: 6.3972 - 6.4494",Strong Buy,"Summary:Strong Buy
Moving Averages:BuyBuy (12)Sell (0)
Technical Indicators:Strong BuyBuy (7)Sell (0)","Name
S3
S2
S1
Pivot Points
R1
R2
R3
Classic
6.4380
6.4399
6.4436
6.4455
6.4492
6.4511
6.4548
Fibonacci
6.4399
6.4420
6.4434
6.4455
6.4476
6.4490
6.4511
Camarilla
6.4458
6.4463
6.4468
6.4455
6.4479
6.4484
6.4489
Woodie's
6.4390
6.4404
6.4446
6.4460
6.4502
6.4516
6.4558
DeMark's
-
-
6.4446
6.4460
6.4502
-
-","Technical IndicatorsJun 17, 2021 03:34PM GMT
Name
Value
Action
RSI(14)
85.433
Overbought
STOCH(9,6)
77.649
Buy
STOCHRSI(14)
100.000
Overbought
MACD(12,26)
0.011
Buy
ADX(14)
61.337
Buy
Williams %R
-3.426
Overbought
CCI(14)
151.8010
Buy
ATR(14)
0.0041
Less Volatility
Highs/Lows(14)
0.0141
Buy
Ultimate Oscillator
82.973
Overbought
ROC
0.391
Buy
Bull/Bear Power(13)
0.0286
Buy
Buy: 7
Sell: 0
Neutral: 0


Summary:Strong Buy","Jun 17, 2021 03:34PM GMT"
usd_hkd,7.7648 +0.0018    +0.02%,14:56:56,2021-06-17 18:57:09.811097,"Prev. Close: 7.7630
Bid/Ask: 7.7647 / 7.7648
Day's Range: 7.7625 - 7.7656",Strong Buy,"Summary:Strong Buy
Moving Averages:BuyBuy (12)Sell (0)
Technical Indicators:Strong BuyBuy (7)Sell (3)","Name
S3
S2
S1
Pivot Points
R1
R2
R3
Classic
7.7636
7.7639
7.7643
7.7646
7.7650
7.7653
7.7657
Fibonacci
7.7639
7.7642
7.7643
7.7646
7.7649
7.7650
7.7653
Camarilla
7.7646
7.7646
7.7647
7.7646
7.7648
7.7649
7.7649
Woodie's
7.7636
7.7639
7.7643
7.7646
7.7650
7.7653
7.7657
DeMark's
-
-
7.7644
7.7646
7.7651
-
-","Technical IndicatorsJun 17, 2021 06:55PM GMT
Name
Value
Action
RSI(14)
57.948
Buy
STOCH(9,6)
32.898
Sell
STOCHRSI(14)
35.095
Sell
MACD(12,26)
0.000
Buy
ADX(14)
42.016
Buy
Williams %R
-36.838
Buy
CCI(14)
74.7187
Buy
ATR(14)
0.0009
Less Volatility
Highs/Lows(14)
0.0000
Neutral
Ultimate Oscillator
44.150
Sell
ROC
0.010
Buy
Bull/Bear Power(13)
0.0016
Buy
Buy: 7
Sell: 3
Neutral: 1


Summary:Strong Buy","Jun 17, 2021 06:55PM GMT"
eur_usd,1.1916 -0.0078    -0.65%,14:57:41,2021-06-17 18:58:10.014364,"Prev. Close: 1.1994
Bid/Ask: 1.1914 / 1.1918
Day's Range: 1.1892 - 1.2007",Strong Sell,"Summary:Strong Sell
Moving Averages:SellBuy (2)Sell (10)
Technical Indicators:Strong SellBuy (0)Sell (9)","Name
S3
S2
S1
Pivot Points
R1
R2
R3
Classic
1.1880
1.1888
1.1902
1.1910
1.1924
1.1932
1.1946
Fibonacci
1.1888
1.1896
1.1902
1.1910
1.1918
1.1924
1.1932
Camarilla
1.1910
1.1912
1.1914
1.1910
1.1918
1.1920
1.1922
Woodie's
1.1882
1.1889
1.1904
1.1911
1.1926
1.1933
1.1948
DeMark's
-
-
1.1906
1.1912
1.1928
-
-","Technical IndicatorsJun 17, 2021 06:57PM GMT
Name
Value
Action
RSI(14)
28.269
Sell
STOCH(9,6)
29.825
Sell
STOCHRSI(14)
100.000
Overbought
MACD(12,26)
-0.004
Sell
ADX(14)
31.450
Neutral
Williams %R
-78.166
Sell
CCI(14)
-85.7950
Sell
ATR(14)
0.0023
High Volatility
Highs/Lows(14)
-0.0014
Sell
Ultimate Oscillator
36.041
Sell
ROC
-0.700
Sell
Bull/Bear Power(13)
-0.0043
Sell
Buy: 0
Sell: 9
Neutral: 1


Summary:Strong Sell","Jun 17, 2021 06:57PM GMT"
gbp_usd,1.3928 -0.0060    -0.43%,14:57:33,2021-06-17 18:58:10.017922,"Prev. Close: 1.3987
Bid/Ask: 1.3927 / 1.3928
Day's Range: 1.3896 - 1.4010",Strong Sell,"Summary:Strong Sell
Moving Averages:SellBuy (2)Sell (10)
Technical Indicators:Strong SellBuy (1)Sell (9)","Name
S3
S2
S1
Pivot Points
R1
R2
R3
Classic
1.3876
1.3886
1.3905
1.3915
1.3934
1.3944
1.3963
Fibonacci
1.3886
1.3897
1.3904
1.3915
1.3926
1.3933
1.3944
Camarilla
1.3917
1.3920
1.3922
1.3915
1.3928
1.3930
1.3933
Woodie's
1.3882
1.3889
1.3911
1.3918
1.3940
1.3947
1.3969
DeMark's
-
-
1.3910
1.3918
1.3939
-
-","Technical IndicatorsJun 17, 2021 06:57PM GMT
Name
Value
Action
RSI(14)
36.173
Sell
STOCH(9,6)
30.401
Sell
STOCHRSI(14)
90.740
Overbought
MACD(12,26)
-0.003
Sell
ADX(14)
39.758
Buy
Williams %R
-72.247
Sell
CCI(14)
-74.1065
Sell
ATR(14)
0.0027
High Volatility
Highs/Lows(14)
-0.0013
Sell
Ultimate Oscillator
36.238
Sell
ROC
-0.507
Sell
Bull/Bear Power(13)
-0.0021
Sell
Buy: 1
Sell: 9
Neutral: 0


Summary:Strong Sell","Jun 17, 2021 06:57PM GMT"
usd_jpy,110.23 -0.46    -0.42%,14:57:40,2021-06-17 18:58:10.020947,"Prev. Close: 110.69
Bid/Ask: 110.22 / 110.24
Day's Range: 110.17 - 110.83",Strong Sell,"Summary:Strong Sell
Moving Averages:SellBuy (4)Sell (8)
Technical Indicators:Strong SellBuy (0)Sell (8)","Name
S3
S2
S1
Pivot Points
R1
R2
R3
Classic
110.03
110.11
110.16
110.24
110.29
110.37
110.41
Fibonacci
110.11
110.16
110.19
110.24
110.29
110.32
110.37
Camarilla
110.18
110.19
110.20
110.24
110.23
110.24
110.25
Woodie's
110.03
110.11
110.16
110.24
110.29
110.37
110.41
DeMark's
-
-
110.14
110.23
110.27
-
-","Technical IndicatorsJun 17, 2021 06:57PM GMT
Name
Value
Action
RSI(14)
40.084
Sell
STOCH(9,6)
19.608
Oversold
STOCHRSI(14)
6.631
Oversold
MACD(12,26)
-0.010
Sell
ADX(14)
35.350
Sell
Williams %R
-89.075
Oversold
CCI(14)
-119.2951
Sell
ATR(14)
0.1332
High Volatility
Highs/Lows(14)
-0.2057
Sell
Ultimate Oscillator
38.477
Sell
ROC
-0.398
Sell
Bull/Bear Power(13)
-0.4040
Sell
Buy: 0
Sell: 8
Neutral: 0


Summary:Strong Sell","Jun 17, 2021 06:57PM GMT"
aud_usd,0.7556 -0.0054    -0.72%,14:57:42,2021-06-17 18:58:10.023883,"Prev. Close: 0.7610
Bid/Ask: 0.7555 / 0.7556
Day's Range: 0.7540 - 0.7646",Strong Sell,"Summary:Strong Sell
Moving Averages:Strong SellBuy (0)Sell (12)
Technical Indicators:Strong SellBuy (0)Sell (8)","Name
S3
S2
S1
Pivot Points
R1
R2
R3
Classic
0.7531
0.7537
0.7548
0.7554
0.7565
0.7571
0.7582
Fibonacci
0.7537
0.7543
0.7548
0.7554
0.7560
0.7565
0.7571
Camarilla
0.7553
0.7555
0.7556
0.7554
0.7560
0.7561
0.7563
Woodie's
0.7533
0.7538
0.7550
0.7555
0.7567
0.7572
0.7584
DeMark's
-
-
0.7551
0.7555
0.7568
-
-","Technical IndicatorsJun 17, 2021 06:57PM GMT
Name
Value
Action
RSI(14)
27.816
Sell
STOCH(9,6)
22.491
Sell
STOCHRSI(14)
53.942
Neutral
MACD(12,26)
-0.003
Sell
ADX(14)
43.027
Sell
Williams %R
-83.333
Oversold
CCI(14)
-81.9457
Sell
ATR(14)
0.0019
High Volatility
Highs/Lows(14)
-0.0019
Sell
Ultimate Oscillator
29.695
Oversold
ROC
-0.970
Sell
Bull/Bear Power(13)
-0.0026
Sell
Buy: 0
Sell: 8
Neutral: 1


Summary:Strong Sell","Jun 17, 2021 06:57PM GMT"
eur_gbp,0.8556 -0.0017    -0.20%,14:57:41,2021-06-17 18:58:10.026709,"Prev. Close: 0.8573
Bid/Ask: 0.8554 / 0.8558
Day's Range: 0.8542 - 0.8580",Strong Sell,"Summary:Strong Sell
Moving Averages:Strong SellBuy (0)Sell (12)
Technical Indicators:Strong SellBuy (1)Sell (6)","Name
S3
S2
S1
Pivot Points
R1
R2
R3
Classic
0.8547
0.8552
0.8555
0.8560
0.8562
0.8568
0.8570
Fibonacci
0.8552
0.8555
0.8557
0.8560
0.8563
0.8565
0.8568
Camarilla
0.8555
0.8556
0.8557
0.8560
0.8558
0.8559
0.8560
Woodie's
0.8547
0.8552
0.8555
0.8560
0.8562
0.8568
0.8570
DeMark's
-
-
0.8554
0.8559
0.8561
-
-","Technical IndicatorsJun 17, 2021 06:55PM GMT
Name
Value
Action
RSI(14)
38.855
Sell
STOCH(9,6)
51.761
Neutral
STOCHRSI(14)
75.470
Overbought
MACD(12,26)
-0.001
Sell
ADX(14)
35.421
Sell
Williams %R
-55.224
Sell
CCI(14)
-45.1388
Neutral
ATR(14)
0.0011
High Volatility
Highs/Lows(14)
0.0000
Neutral
Ultimate Oscillator
54.602
Buy
ROC
-0.198
Sell
Bull/Bear Power(13)
-0.0008
Sell
Buy: 1
Sell: 6
Neutral: 3


Summary:Strong Sell","Jun 17, 2021 06:55PM GMT"
usd_cad,1.2346 +0.0070    +0.57%,14:57:39,2021-06-17 18:58:10.029467,"Prev. Close: 1.2276
Bid/Ask: 1.2344 / 1.2348
Day's Range: 1.2261 - 1.2378",Strong Buy,"Summary:Strong Buy
Moving Averages:BuyBuy (12)Sell (0)
Technical Indicators:Strong BuyBuy (9)Sell (1)","Name
S3
S2
S1
Pivot Points
R1
R2
R3
Classic
1.2321
1.2330
1.2342
1.2351
1.2363
1.2372
1.2384
Fibonacci
1.2330
1.2338
1.2343
1.2351
1.2359
1.2364
1.2372
Camarilla
1.2347
1.2349
1.2351
1.2351
1.2355
1.2357
1.2359
Woodie's
1.2321
1.2330
1.2342
1.2351
1.2363
1.2372
1.2384
DeMark's
-
-
1.2336
1.2348
1.2357
-
-","Technical IndicatorsJun 17, 2021 06:57PM GMT
Name
Value
Action
RSI(14)
69.271
Buy
STOCH(9,6)
66.256
Buy
STOCHRSI(14)
32.925
Sell
MACD(12,26)
0.003
Buy
ADX(14)
33.242
Neutral
Williams %R
-24.893
Buy
CCI(14)
91.0820
Buy
ATR(14)
0.0026
High Volatility
Highs/Lows(14)
0.0016
Buy
Ultimate Oscillator
69.711
Buy
ROC
0.644
Buy
Bull/Bear Power(13)
0.0034
Buy
Buy: 9
Sell: 1
Neutral: 1


Summary:Strong Buy","Jun 17, 2021 06:57PM GMT"
usd_chf,0.9170 +0.0085    +0.94%,14:57:35,2021-06-17 18:58:10.032226,"Prev. Close: 0.9085
Bid/Ask: 0.9168 / 0.9172
Day's Range: 0.9076 - 0.9188",Strong Buy,"Summary:Strong Buy
Moving Averages:BuyBuy (10)Sell (2)
Technical Indicators:Strong BuyBuy (8)Sell (0)","Name
S3
S2
S1
Pivot Points
R1
R2
R3
Classic
0.9150
0.9160
0.9166
0.9176
0.9181
0.9192
0.9197
Fibonacci
0.9160
0.9166
0.9170
0.9176
0.9182
0.9186
0.9192
Camarilla
0.9167
0.9169
0.9170
0.9176
0.9173
0.9174
0.9176
Woodie's
0.9148
0.9159
0.9164
0.9175
0.9179
0.9191
0.9195
DeMark's
-
-
0.9163
0.9175
0.9179
-
-","Technical IndicatorsJun 17, 2021 06:55PM GMT
Name
Value
Action
RSI(14)
73.829
Buy
STOCH(9,6)
76.210
Buy
STOCHRSI(14)
0.000
Oversold
MACD(12,26)
0.004
Buy
ADX(14)
31.028
Neutral
Williams %R
-17.728
Overbought
CCI(14)
86.0915
Buy
ATR(14)
0.0018
High Volatility
Highs/Lows(14)
0.0016
Buy
Ultimate Oscillator
65.660
Buy
ROC
0.930
Buy
Bull/Bear Power(13)
0.0039
Buy
Buy: 8
Sell: 0
Neutral: 1


Summary:Strong Buy","Jun 17, 2021 06:55PM GMT"
nzd_chf,0.6427 +0.0022    +0.35%,14:57:41,2021-06-17 18:58:10.034983,"Prev. Close: 0.6404
Bid/Ask: 0.6423 / 0.6430
Day's Range: 0.6406 - 0.6453",Sell,"Summary:Sell
Moving Averages:NeutralBuy (6)Sell (6)
Technical Indicators:Strong SellBuy (1)Sell (7)","Name
S3
S2
S1
Pivot Points
R1
R2
R3
Classic
0.6420
0.6422
0.6425
0.6428
0.6431
0.6434
0.6437
Fibonacci
0.6422
0.6425
0.6426
0.6428
0.6430
0.6431
0.6434
Camarilla
0.6426
0.6427
0.6427
0.6428
0.6429
0.6429
0.6430
Woodie's
0.6420
0.6422
0.6425
0.6428
0.6431
0.6434
0.6437
DeMark's
-
-
0.6426
0.6429
0.6432
-
-","Technical IndicatorsJun 17, 2021 06:57PM GMT
Name
Value
Action
RSI(14)
50.463
Neutral
STOCH(9,6)
42.368
Sell
STOCHRSI(14)
43.227
Sell
MACD(12,26)
0.000
Buy
ADX(14)
26.349
Sell
Williams %R
-56.990
Sell
CCI(14)
-27.9876
Neutral
ATR(14)
0.0012
Less Volatility
Highs/Lows(14)
0.0000
Neutral
Ultimate Oscillator
48.391
Sell
ROC
-0.202
Sell
Bull/Bear Power(13)
-0.0007
Sell
Buy: 1
Sell: 7
Neutral: 3


Summary:Strong Sell","Jun 17, 2021 06:57PM GMT"
usd_cny,6.4484 +0.0515    +0.80%,11:27:22,2021-06-17 18:58:10.037733,"Prev. Close: 6.3969
Bid/Ask: 6.4477 / 6.4490
Day's Range: 6.3972 - 6.4494",Strong Buy,"Summary:Strong Buy
Moving Averages:BuyBuy (12)Sell (0)
Technical Indicators:Strong BuyBuy (7)Sell (0)","Name
S3
S2
S1
Pivot Points
R1
R2
R3
Classic
6.4380
6.4399
6.4436
6.4455
6.4492
6.4511
6.4548
Fibonacci
6.4399
6.4420
6.4434
6.4455
6.4476
6.4490
6.4511
Camarilla
6.4458
6.4463
6.4468
6.4455
6.4479
6.4484
6.4489
Woodie's
6.4390
6.4404
6.4446
6.4460
6.4502
6.4516
6.4558
DeMark's
-
-
6.4446
6.4460
6.4502
-
-","Technical IndicatorsJun 17, 2021 03:34PM GMT
Name
Value
Action
RSI(14)
85.433
Overbought
STOCH(9,6)
77.649
Buy
STOCHRSI(14)
100.000
Overbought
MACD(12,26)
0.011
Buy
ADX(14)
61.337
Buy
Williams %R
-3.426
Overbought
CCI(14)
151.8010
Buy
ATR(14)
0.0041
Less Volatility
Highs/Lows(14)
0.0141
Buy
Ultimate Oscillator
82.973
Overbought
ROC
0.391
Buy
Bull/Bear Power(13)
0.0286
Buy
Buy: 7
Sell: 0
Neutral: 0


Summary:Strong Buy","Jun 17, 2021 03:34PM GMT"
usd_hkd,7.7648 +0.0018    +0.02%,14:57:30,2021-06-17 18:58:10.040484,"Prev. Close: 7.7630
Bid/Ask: 7.7647 / 7.7648
Day's Range: 7.7625 - 7.7656",Strong Buy,"Summary:Strong Buy
Moving Averages:BuyBuy (12)Sell (0)
Technical Indicators:Strong BuyBuy (7)Sell (3)","Name
S3
S2
S1
Pivot Points
R1
R2
R3
Classic
7.7636
7.7639
7.7643
7.7646
7.7650
7.7653
7.7657
Fibonacci
7.7639
7.7642
7.7643
7.7646
7.7649
7.7650
7.7653
Camarilla
7.7646
7.7646
7.7647
7.7646
7.7648
7.7649
7.7649
Woodie's
7.7636
7.7639
7.7643
7.7646
7.7650
7.7653
7.7657
DeMark's
-
-
7.7644
7.7646
7.7651
-
-","Technical IndicatorsJun 17, 2021 06:57PM GMT
Name
Value
Action
RSI(14)
57.948
Buy
STOCH(9,6)
32.898
Sell
STOCHRSI(14)
35.095
Sell
MACD(12,26)
0.000
Buy
ADX(14)
42.016
Buy
Williams %R
-36.838
Buy
CCI(14)
74.7187
Buy
ATR(14)
0.0009
Less Volatility
Highs/Lows(14)
0.0000
Neutral
Ultimate Oscillator
44.150
Sell
ROC
0.010
Buy
Bull/Bear Power(13)
0.0016
Buy
Buy: 7
Sell: 3
Neutral: 1


Summary:Strong Buy","Jun 17, 2021 06:57PM GMT"
eur_usd,1.1913 -0.0081    -0.68%,14:58:51,2021-06-17 18:59:10.494310,"Prev. Close: 1.1994
Bid/Ask: 1.1911 / 1.1915
Day's Range: 1.1892 - 1.2007",Strong Sell,"Summary:Strong Sell
Moving Averages:SellBuy (2)Sell (10)
Technical Indicators:Strong SellBuy (0)Sell (9)","Name
S3
S2
S1
Pivot Points
R1
R2
R3
Classic
1.1880
1.1888
1.1902
1.1910
1.1924
1.1932
1.1946
Fibonacci
1.1888
1.1896
1.1902
1.1910
1.1918
1.1924
1.1932
Camarilla
1.1910
1.1912
1.1914
1.1910
1.1918
1.1920
1.1922
Woodie's
1.1882
1.1889
1.1904
1.1911
1.1926
1.1933
1.1948
DeMark's
-
-
1.1906
1.1912
1.1928
-
-","Technical IndicatorsJun 17, 2021 06:57PM GMT
Name
Value
Action
RSI(14)
28.269
Sell
STOCH(9,6)
29.825
Sell
STOCHRSI(14)
100.000
Overbought
MACD(12,26)
-0.004
Sell
ADX(14)
31.450
Neutral
Williams %R
-78.166
Sell
CCI(14)
-85.7950
Sell
ATR(14)
0.0023
High Volatility
Highs/Lows(14)
-0.0014
Sell
Ultimate Oscillator
36.041
Sell
ROC
-0.700
Sell
Bull/Bear Power(13)
-0.0043
Sell
Buy: 0
Sell: 9
Neutral: 1


Summary:Strong Sell","Jun 17, 2021 06:57PM GMT"
gbp_usd,1.3925 -0.0062    -0.44%,14:58:47,2021-06-17 18:59:10.497811,"Prev. Close: 1.3987
Bid/Ask: 1.3923 / 1.3927
Day's Range: 1.3896 - 1.4010",Strong Sell,"Summary:Strong Sell
Moving Averages:SellBuy (2)Sell (10)
Technical Indicators:Strong SellBuy (1)Sell (9)","Name
S3
S2
S1
Pivot Points
R1
R2
R3
Classic
1.3876
1.3886
1.3905
1.3915
1.3934
1.3944
1.3963
Fibonacci
1.3886
1.3897
1.3904
1.3915
1.3926
1.3933
1.3944
Camarilla
1.3917
1.3920
1.3922
1.3915
1.3928
1.3930
1.3933
Woodie's
1.3882
1.3889
1.3911
1.3918
1.3940
1.3947
1.3969
DeMark's
-
-
1.3910
1.3918
1.3939
-
-","Technical IndicatorsJun 17, 2021 06:57PM GMT
Name
Value
Action
RSI(14)
36.173
Sell
STOCH(9,6)
30.401
Sell
STOCHRSI(14)
90.740
Overbought
MACD(12,26)
-0.003
Sell
ADX(14)
39.758
Buy
Williams %R
-72.247
Sell
CCI(14)
-74.1065
Sell
ATR(14)
0.0027
High Volatility
Highs/Lows(14)
-0.0013
Sell
Ultimate Oscillator
36.238
Sell
ROC
-0.507
Sell
Bull/Bear Power(13)
-0.0021
Sell
Buy: 1
Sell: 9
Neutral: 0


Summary:Strong Sell","Jun 17, 2021 06:57PM GMT"
usd_jpy,110.23 -0.46    -0.42%,14:58:34,2021-06-17 18:59:10.500695,"Prev. Close: 110.69
Bid/Ask: 110.22 / 110.24
Day's Range: 110.17 - 110.83",Strong Sell,"Summary:Strong Sell
Moving Averages:SellBuy (4)Sell (8)
Technical Indicators:Strong SellBuy (0)Sell (8)","Name
S3
S2
S1
Pivot Points
R1
R2
R3
Classic
110.03
110.11
110.16
110.24
110.29
110.37
110.41
Fibonacci
110.11
110.16
110.19
110.24
110.29
110.32
110.37
Camarilla
110.18
110.19
110.20
110.24
110.23
110.24
110.25
Woodie's
110.03
110.11
110.16
110.24
110.29
110.37
110.41
DeMark's
-
-
110.14
110.23
110.27
-
-","Technical IndicatorsJun 17, 2021 06:57PM GMT
Name
Value
Action
RSI(14)
40.084
Sell
STOCH(9,6)
19.608
Oversold
STOCHRSI(14)
6.631
Oversold
MACD(12,26)
-0.010
Sell
ADX(14)
35.350
Sell
Williams %R
-89.075
Oversold
CCI(14)
-119.2951
Sell
ATR(14)
0.1332
High Volatility
Highs/Lows(14)
-0.2057
Sell
Ultimate Oscillator
38.477
Sell
ROC
-0.398
Sell
Bull/Bear Power(13)
-0.4040
Sell
Buy: 0
Sell: 8
Neutral: 0


Summary:Strong Sell","Jun 17, 2021 06:57PM GMT"
aud_usd,0.7553 -0.0057    -0.76%,14:58:47,2021-06-17 18:59:10.503486,"Prev. Close: 0.7610
Bid/Ask: 0.7550 / 0.7555
Day's Range: 0.7540 - 0.7646",Strong Sell,"Summary:Strong Sell
Moving Averages:Strong SellBuy (0)Sell (12)
Technical Indicators:Strong SellBuy (0)Sell (8)","Name
S3
S2
S1
Pivot Points
R1
R2
R3
Classic
0.7531
0.7537
0.7548
0.7554
0.7565
0.7571
0.7582
Fibonacci
0.7537
0.7543
0.7548
0.7554
0.7560
0.7565
0.7571
Camarilla
0.7553
0.7555
0.7556
0.7554
0.7560
0.7561
0.7563
Woodie's
0.7533
0.7538
0.7550
0.7555
0.7567
0.7572
0.7584
DeMark's
-
-
0.7551
0.7555
0.7568
-
-","Technical IndicatorsJun 17, 2021 06:57PM GMT
Name
Value
Action
RSI(14)
27.816
Sell
STOCH(9,6)
22.491
Sell
STOCHRSI(14)
53.942
Neutral
MACD(12,26)
-0.003
Sell
ADX(14)
43.027
Sell
Williams %R
-83.333
Oversold
CCI(14)
-81.9457
Sell
ATR(14)
0.0019
High Volatility
Highs/Lows(14)
-0.0019
Sell
Ultimate Oscillator
29.695
Oversold
ROC
-0.970
Sell
Bull/Bear Power(13)
-0.0026
Sell
Buy: 0
Sell: 8
Neutral: 1


Summary:Strong Sell","Jun 17, 2021 06:57PM GMT"
eur_gbp,0.8555 -0.0018    -0.21%,14:58:51,2021-06-17 18:59:10.506233,"Prev. Close: 0.8573
Bid/Ask: 0.8553 / 0.8557
Day's Range: 0.8542 - 0.8580",Strong Sell,"Summary:Strong Sell
Moving Averages:Strong SellBuy (0)Sell (12)
Technical Indicators:Strong SellBuy (2)Sell (6)","Name
S3
S2
S1
Pivot Points
R1
R2
R3
Classic
0.8547
0.8552
0.8555
0.8560
0.8562
0.8568
0.8570
Fibonacci
0.8552
0.8555
0.8557
0.8560
0.8563
0.8565
0.8568
Camarilla
0.8555
0.8556
0.8557
0.8560
0.8558
0.8559
0.8560
Woodie's
0.8547
0.8552
0.8555
0.8560
0.8562
0.8568
0.8570
DeMark's
-
-
0.8554
0.8559
0.8561
-
-","Technical IndicatorsJun 17, 2021 06:57PM GMT
Name
Value
Action
RSI(14)
38.498
Sell
STOCH(9,6)
51.452
Neutral
STOCHRSI(14)
73.921
Buy
MACD(12,26)
-0.001
Sell
ADX(14)
35.421
Sell
Williams %R
-56.717
Sell
CCI(14)
-47.3447
Neutral
ATR(14)
0.0011
High Volatility
Highs/Lows(14)
0.0000
Neutral
Ultimate Oscillator
54.135
Buy
ROC
-0.204
Sell
Bull/Bear Power(13)
-0.0008
Sell
Buy: 2
Sell: 6
Neutral: 3


Summary:Strong Sell","Jun 17, 2021 06:57PM GMT"
usd_cad,1.2350 +0.0074    +0.60%,14:58:50,2021-06-17 18:59:10.509008,"Prev. Close: 1.2276
Bid/Ask: 1.2348 / 1.2352
Day's Range: 1.2261 - 1.2378",Strong Buy,"Summary:Strong Buy
Moving Averages:BuyBuy (12)Sell (0)
Technical Indicators:Strong BuyBuy (9)Sell (1)","Name
S3
S2
S1
Pivot Points
R1
R2
R3
Classic
1.2321
1.2330
1.2342
1.2351
1.2363
1.2372
1.2384
Fibonacci
1.2330
1.2338
1.2343
1.2351
1.2359
1.2364
1.2372
Camarilla
1.2347
1.2349
1.2351
1.2351
1.2355
1.2357
1.2359
Woodie's
1.2321
1.2330
1.2342
1.2351
1.2363
1.2372
1.2384
DeMark's
-
-
1.2336
1.2348
1.2357
-
-","Technical IndicatorsJun 17, 2021 06:57PM GMT
Name
Value
Action
RSI(14)
69.271
Buy
STOCH(9,6)
66.256
Buy
STOCHRSI(14)
32.925
Sell
MACD(12,26)
0.003
Buy
ADX(14)
33.242
Neutral
Williams %R
-24.893
Buy
CCI(14)
91.0820
Buy
ATR(14)
0.0026
High Volatility
Highs/Lows(14)
0.0016
Buy
Ultimate Oscillator
69.711
Buy
ROC
0.644
Buy
Bull/Bear Power(13)
0.0034
Buy
Buy: 9
Sell: 1
Neutral: 1


Summary:Strong Buy","Jun 17, 2021 06:57PM GMT"
usd_chf,0.9172 +0.0087    +0.96%,14:58:43,2021-06-17 18:59:10.511779,"Prev. Close: 0.9085
Bid/Ask: 0.9170 / 0.9174
Day's Range: 0.9076 - 0.9188",Strong Buy,"Summary:Strong Buy
Moving Averages:BuyBuy (10)Sell (2)
Technical Indicators:Strong BuyBuy (8)Sell (0)","Name
S3
S2
S1
Pivot Points
R1
R2
R3
Classic
0.9150
0.9160
0.9166
0.9176
0.9181
0.9192
0.9197
Fibonacci
0.9160
0.9166
0.9170
0.9176
0.9182
0.9186
0.9192
Camarilla
0.9167
0.9169
0.9170
0.9176
0.9173
0.9174
0.9176
Woodie's
0.9148
0.9159
0.9164
0.9175
0.9179
0.9191
0.9195
DeMark's
-
-
0.9163
0.9175
0.9179
-
-","Technical IndicatorsJun 17, 2021 06:57PM GMT
Name
Value
Action
RSI(14)
74.736
Buy
STOCH(9,6)
76.673
Buy
STOCHRSI(14)
6.482
Oversold
MACD(12,26)
0.004
Buy
ADX(14)
31.028
Neutral
Williams %R
-16.364
Overbought
CCI(14)
87.3679
Buy
ATR(14)
0.0018
High Volatility
Highs/Lows(14)
0.0017
Buy
Ultimate Oscillator
66.561
Buy
ROC
0.947
Buy
Bull/Bear Power(13)
0.0039
Buy
Buy: 8
Sell: 0
Neutral: 1


Summary:Strong Buy","Jun 17, 2021 06:57PM GMT"
nzd_chf,0.6428 +0.0024    +0.37%,14:58:51,2021-06-17 18:59:10.514542,"Prev. Close: 0.6404
Bid/Ask: 0.6426 / 0.6430
Day's Range: 0.6406 - 0.6453",Sell,"Summary:Sell
Moving Averages:NeutralBuy (6)Sell (6)
Technical Indicators:Strong SellBuy (1)Sell (7)","Name
S3
S2
S1
Pivot Points
R1
R2
R3
Classic
0.6420
0.6422
0.6425
0.6428
0.6431
0.6434
0.6437
Fibonacci
0.6422
0.6425
0.6426
0.6428
0.6430
0.6431
0.6434
Camarilla
0.6426
0.6427
0.6427
0.6428
0.6429
0.6429
0.6430
Woodie's
0.6420
0.6422
0.6425
0.6428
0.6431
0.6434
0.6437
DeMark's
-
-
0.6426
0.6429
0.6432
-
-","Technical IndicatorsJun 17, 2021 06:57PM GMT
Name
Value
Action
RSI(14)
50.463
Neutral
STOCH(9,6)
42.368
Sell
STOCHRSI(14)
43.227
Sell
MACD(12,26)
0.000
Buy
ADX(14)
26.349
Sell
Williams %R
-56.990
Sell
CCI(14)
-27.9876
Neutral
ATR(14)
0.0012
Less Volatility
Highs/Lows(14)
0.0000
Neutral
Ultimate Oscillator
48.391
Sell
ROC
-0.202
Sell
Bull/Bear Power(13)
-0.0007
Sell
Buy: 1
Sell: 7
Neutral: 3


Summary:Strong Sell","Jun 17, 2021 06:57PM GMT"
usd_cny,6.4484 +0.0515    +0.80%,11:27:22,2021-06-17 18:59:10.517302,"Prev. Close: 6.3969
Bid/Ask: 6.4477 / 6.4490
Day's Range: 6.3972 - 6.4494",Strong Buy,"Summary:Strong Buy
Moving Averages:BuyBuy (12)Sell (0)
Technical Indicators:Strong BuyBuy (7)Sell (0)","Name
S3
S2
S1
Pivot Points
R1
R2
R3
Classic
6.4380
6.4399
6.4436
6.4455
6.4492
6.4511
6.4548
Fibonacci
6.4399
6.4420
6.4434
6.4455
6.4476
6.4490
6.4511
Camarilla
6.4458
6.4463
6.4468
6.4455
6.4479
6.4484
6.4489
Woodie's
6.4390
6.4404
6.4446
6.4460
6.4502
6.4516
6.4558
DeMark's
-
-
6.4446
6.4460
6.4502
-
-","Technical IndicatorsJun 17, 2021 03:34PM GMT
Name
Value
Action
RSI(14)
85.433
Overbought
STOCH(9,6)
77.649
Buy
STOCHRSI(14)
100.000
Overbought
MACD(12,26)
0.011
Buy
ADX(14)
61.337
Buy
Williams %R
-3.426
Overbought
CCI(14)
151.8010
Buy
ATR(14)
0.0041
Less Volatility
Highs/Lows(14)
0.0141
Buy
Ultimate Oscillator
82.973
Overbought
ROC
0.391
Buy
Bull/Bear Power(13)
0.0286
Buy
Buy: 7
Sell: 0
Neutral: 0


Summary:Strong Buy","Jun 17, 2021 03:34PM GMT"
usd_hkd,7.7648 +0.0018    +0.02%,14:58:41,2021-06-17 18:59:10.520088,"Prev. Close: 7.7630
Bid/Ask: 7.7647 / 7.7648
Day's Range: 7.7625 - 7.7656",Strong Buy,"Summary:Strong Buy
Moving Averages:BuyBuy (12)Sell (0)
Technical Indicators:Strong BuyBuy (7)Sell (3)","Name
S3
S2
S1
Pivot Points
R1
R2
R3
Classic
7.7636
7.7639
7.7643
7.7646
7.7650
7.7653
7.7657
Fibonacci
7.7639
7.7642
7.7643
7.7646
7.7649
7.7650
7.7653
Camarilla
7.7646
7.7646
7.7647
7.7646
7.7648
7.7649
7.7649
Woodie's
7.7636
7.7639
7.7643
7.7646
7.7650
7.7653
7.7657
DeMark's
-
-
7.7644
7.7646
7.7651
-
-","Technical IndicatorsJun 17, 2021 06:57PM GMT
Name
Value
Action
RSI(14)
57.948
Buy
STOCH(9,6)
32.898
Sell
STOCHRSI(14)
35.095
Sell
MACD(12,26)
0.000
Buy
ADX(14)
42.016
Buy
Williams %R
-36.838
Buy
CCI(14)
74.7187
Buy
ATR(14)
0.0009
Less Volatility
Highs/Lows(14)
0.0000
Neutral
Ultimate Oscillator
44.150
Sell
ROC
0.010
Buy
Bull/Bear Power(13)
0.0016
Buy
Buy: 7
Sell: 3
Neutral: 1


Summary:Strong Buy","Jun 17, 2021 06:57PM GMT"
eur_usd,1.1912 -0.0082    -0.68%,14:59:41,2021-06-17 19:00:09.891506,"Prev. Close: 1.1994
Bid/Ask: 1.1910 / 1.1914
Day's Range: 1.1892 - 1.2007",Strong Sell,"Summary:Strong Sell
Moving Averages:Strong SellBuy (0)Sell (12)
Technical Indicators:Strong SellBuy (0)Sell (8)","Name
S3
S2
S1
Pivot Points
R1
R2
R3
Classic
1.1880
1.1888
1.1902
1.1910
1.1924
1.1932
1.1946
Fibonacci
1.1888
1.1896
1.1902
1.1910
1.1918
1.1924
1.1932
Camarilla
1.1910
1.1912
1.1914
1.1910
1.1918
1.1920
1.1922
Woodie's
1.1882
1.1889
1.1904
1.1911
1.1926
1.1933
1.1948
DeMark's
-
-
1.1906
1.1912
1.1928
-
-","Technical IndicatorsJun 17, 2021 06:59PM GMT
Name
Value
Action
RSI(14)
27.108
Sell
STOCH(9,6)
28.596
Sell
STOCHRSI(14)
94.715
Overbought
MACD(12,26)
-0.004
Sell
ADX(14)
30.966
Neutral
Williams %R
-82.097
Oversold
CCI(14)
-91.6049
Sell
ATR(14)
0.0023
High Volatility
Highs/Lows(14)
-0.0018
Sell
Ultimate Oscillator
34.450
Sell
ROC
-0.737
Sell
Bull/Bear Power(13)
-0.0025
Sell
Buy: 0
Sell: 8
Neutral: 1


Summary:Strong Sell","Jun 17, 2021 06:59PM GMT"
gbp_usd,1.3925 -0.0063    -0.45%,14:59:32,2021-06-17 19:00:09.895099,"Prev. Close: 1.3987
Bid/Ask: 1.3924 / 1.3925
Day's Range: 1.3896 - 1.4010",Strong Sell,"Summary:Strong Sell
Moving Averages:SellBuy (2)Sell (10)
Technical Indicators:Strong SellBuy (1)Sell (9)","Name
S3
S2
S1
Pivot Points
R1
R2
R3
Classic
1.3876
1.3886
1.3905
1.3915
1.3934
1.3944
1.3963
Fibonacci
1.3886
1.3897
1.3904
1.3915
1.3926
1.3933
1.3944
Camarilla
1.3917
1.3920
1.3922
1.3915
1.3928
1.3930
1.3933
Woodie's
1.3882
1.3889
1.3911
1.3918
1.3940
1.3947
1.3969
DeMark's
-
-
1.3910
1.3918
1.3939
-
-","Technical IndicatorsJun 17, 2021 06:59PM GMT
Name
Value
Action
RSI(14)
35.674
Sell
STOCH(9,6)
30.088
Sell
STOCHRSI(14)
87.260
Overbought
MACD(12,26)
-0.003
Sell
ADX(14)
39.758
Buy
Williams %R
-73.568
Sell
CCI(14)
-75.2891
Sell
ATR(14)
0.0027
High Volatility
Highs/Lows(14)
-0.0015
Sell
Ultimate Oscillator
35.689
Sell
ROC
-0.518
Sell
Bull/Bear Power(13)
-0.0021
Sell
Buy: 1
Sell: 9
Neutral: 0


Summary:Strong Sell","Jun 17, 2021 06:59PM GMT"
usd_jpy,110.25 -0.45    -0.40%,14:59:40,2021-06-17 19:00:09.897982,"Prev. Close: 110.69
Bid/Ask: 110.24 / 110.25
Day's Range: 110.17 - 110.83",Strong Sell,"Summary:Strong Sell
Moving Averages:SellBuy (4)Sell (8)
Technical Indicators:Strong SellBuy (0)Sell (8)","Name
S3
S2
S1
Pivot Points
R1
R2
R3
Classic
110.03
110.11
110.16
110.24
110.29
110.37
110.41
Fibonacci
110.11
110.16
110.19
110.24
110.29
110.32
110.37
Camarilla
110.18
110.19
110.20
110.24
110.23
110.24
110.25
Woodie's
110.03
110.11
110.16
110.24
110.29
110.37
110.41
DeMark's
-
-
110.14
110.23
110.27
-
-","Technical IndicatorsJun 17, 2021 06:59PM GMT
Name
Value
Action
RSI(14)
40.995
Sell
STOCH(9,6)
20.028
Sell
STOCHRSI(14)
9.950
Oversold
MACD(12,26)
0.000
Neutral
ADX(14)
35.350
Sell
Williams %R
-86.554
Oversold
CCI(14)
-117.0466
Sell
ATR(14)
0.1336
High Volatility
Highs/Lows(14)
-0.1907
Sell
Ultimate Oscillator
39.381
Sell
ROC
-0.384
Sell
Bull/Bear Power(13)
-0.4030
Sell
Buy: 0
Sell: 8
Neutral: 1


Summary:Strong Sell","Jun 17, 2021 06:59PM GMT"
aud_usd,0.7552 -0.0058    -0.76%,14:59:40,2021-06-17 19:00:09.900785,"Prev. Close: 0.7610
Bid/Ask: 0.7551 / 0.7553
Day's Range: 0.7540 - 0.7646",Strong Sell,"Summary:Strong Sell
Moving Averages:Strong SellBuy (0)Sell (12)
Technical Indicators:Strong SellBuy (0)Sell (8)","Name
S3
S2
S1
Pivot Points
R1
R2
R3
Classic
0.7531
0.7537
0.7548
0.7554
0.7565
0.7571
0.7582
Fibonacci
0.7537
0.7543
0.7548
0.7554
0.7560
0.7565
0.7571
Camarilla
0.7553
0.7555
0.7556
0.7554
0.7560
0.7561
0.7563
Woodie's
0.7533
0.7538
0.7550
0.7555
0.7567
0.7572
0.7584
DeMark's
-
-
0.7551
0.7555
0.7568
-
-","Technical IndicatorsJun 17, 2021 06:59PM GMT
Name
Value
Action
RSI(14)
27.213
Sell
STOCH(9,6)
21.778
Sell
STOCHRSI(14)
50.582
Neutral
MACD(12,26)
-0.003
Sell
ADX(14)
43.069
Sell
Williams %R
-85.938
Oversold
CCI(14)
-84.3833
Sell
ATR(14)
0.0019
High Volatility
Highs/Lows(14)
-0.0021
Sell
Ultimate Oscillator
28.441
Oversold
ROC
-1.003
Sell
Bull/Bear Power(13)
-0.0027
Sell
Buy: 0
Sell: 8
Neutral: 1


Summary:Strong Sell","Jun 17, 2021 06:59PM GMT"
eur_gbp,0.8555 -0.0019    -0.22%,14:59:41,2021-06-17 19:00:09.903560,"Prev. Close: 0.8573
Bid/Ask: 0.8552 / 0.8557
Day's Range: 0.8542 - 0.8580",Strong Sell,"Summary:Strong Sell
Moving Averages:Strong SellBuy (0)Sell (12)
Technical Indicators:Strong SellBuy (2)Sell (6)","Name
S3
S2
S1
Pivot Points
R1
R2
R3
Classic
0.8547
0.8552
0.8555
0.8560
0.8562
0.8568
0.8570
Fibonacci
0.8552
0.8555
0.8557
0.8560
0.8563
0.8565
0.8568
Camarilla
0.8555
0.8556
0.8557
0.8560
0.8558
0.8559
0.8560
Woodie's
0.8547
0.8552
0.8555
0.8560
0.8562
0.8568
0.8570
DeMark's
-
-
0.8554
0.8559
0.8561
-
-","Technical IndicatorsJun 17, 2021 06:57PM GMT
Name
Value
Action
RSI(14)
38.498
Sell
STOCH(9,6)
51.452
Neutral
STOCHRSI(14)
73.921
Buy
MACD(12,26)
-0.001
Sell
ADX(14)
35.421
Sell
Williams %R
-56.717
Sell
CCI(14)
-47.3447
Neutral
ATR(14)
0.0011
High Volatility
Highs/Lows(14)
0.0000
Neutral
Ultimate Oscillator
54.135
Buy
ROC
-0.204
Sell
Bull/Bear Power(13)
-0.0008
Sell
Buy: 2
Sell: 6
Neutral: 3


Summary:Strong Sell","Jun 17, 2021 06:57PM GMT"
usd_cad,1.2352 +0.0076    +0.62%,14:59:39,2021-06-17 19:00:09.906307,"Prev. Close: 1.2276
Bid/Ask: 1.2350 / 1.2354
Day's Range: 1.2261 - 1.2378",Strong Buy,"Summary:Strong Buy
Moving Averages:BuyBuy (12)Sell (0)
Technical Indicators:Strong BuyBuy (8)Sell (1)","Name
S3
S2
S1
Pivot Points
R1
R2
R3
Classic
1.2321
1.2330
1.2342
1.2351
1.2363
1.2372
1.2384
Fibonacci
1.2330
1.2338
1.2343
1.2351
1.2359
1.2364
1.2372
Camarilla
1.2347
1.2349
1.2351
1.2351
1.2355
1.2357
1.2359
Woodie's
1.2321
1.2330
1.2342
1.2351
1.2363
1.2372
1.2384
DeMark's
-
-
1.2336
1.2348
1.2357
-
-","Technical IndicatorsJun 17, 2021 06:59PM GMT
Name
Value
Action
RSI(14)
70.963
Buy
STOCH(9,6)
66.963
Buy
STOCHRSI(14)
44.195
Sell
MACD(12,26)
0.003
Buy
ADX(14)
33.242
Neutral
Williams %R
-21.888
Buy
CCI(14)
94.1255
Buy
ATR(14)
0.0026
High Volatility
Highs/Lows(14)
0.0019
Buy
Ultimate Oscillator
71.041
Overbought
ROC
0.672
Buy
Bull/Bear Power(13)
0.0034
Buy
Buy: 8
Sell: 1
Neutral: 1


Summary:Strong Buy","Jun 17, 2021 06:59PM GMT"
usd_chf,0.9173 +0.0088    +0.97%,14:59:32,2021-06-17 19:00:09.909075,"Prev. Close: 0.9085
Bid/Ask: 0.9171 / 0.9175
Day's Range: 0.9076 - 0.9188",Strong Buy,"Summary:Strong Buy
Moving Averages:BuyBuy (10)Sell (2)
Technical Indicators:Strong BuyBuy (8)Sell (0)","Name
S3
S2
S1
Pivot Points
R1
R2
R3
Classic
0.9150
0.9160
0.9166
0.9176
0.9181
0.9192
0.9197
Fibonacci
0.9160
0.9166
0.9170
0.9176
0.9182
0.9186
0.9192
Camarilla
0.9167
0.9169
0.9170
0.9176
0.9173
0.9174
0.9176
Woodie's
0.9148
0.9159
0.9164
0.9175
0.9179
0.9191
0.9195
DeMark's
-
-
0.9163
0.9175
0.9179
-
-","Technical IndicatorsJun 17, 2021 06:57PM GMT
Name
Value
Action
RSI(14)
74.736
Buy
STOCH(9,6)
76.673
Buy
STOCHRSI(14)
6.482
Oversold
MACD(12,26)
0.004
Buy
ADX(14)
31.028
Neutral
Williams %R
-16.364
Overbought
CCI(14)
87.3679
Buy
ATR(14)
0.0018
High Volatility
Highs/Lows(14)
0.0017
Buy
Ultimate Oscillator
66.561
Buy
ROC
0.947
Buy
Bull/Bear Power(13)
0.0039
Buy
Buy: 8
Sell: 0
Neutral: 1


Summary:Strong Buy","Jun 17, 2021 06:57PM GMT"
nzd_chf,0.6427 +0.0022    +0.35%,14:59:40,2021-06-17 19:00:09.911857,"Prev. Close: 0.6404
Bid/Ask: 0.6423 / 0.6430
Day's Range: 0.6406 - 0.6453",Neutral,"Summary:Neutral
Moving Averages:BuyBuy (9)Sell (3)
Technical Indicators:Strong SellBuy (1)Sell (7)","Name
S3
S2
S1
Pivot Points
R1
R2
R3
Classic
0.6420
0.6422
0.6425
0.6428
0.6431
0.6434
0.6437
Fibonacci
0.6422
0.6425
0.6426
0.6428
0.6430
0.6431
0.6434
Camarilla
0.6426
0.6427
0.6427
0.6428
0.6429
0.6429
0.6430
Woodie's
0.6420
0.6422
0.6425
0.6428
0.6431
0.6434
0.6437
DeMark's
-
-
0.6426
0.6429
0.6432
-
-","Technical IndicatorsJun 17, 2021 06:59PM GMT
Name
Value
Action
RSI(14)
50.813
Neutral
STOCH(9,6)
42.587
Sell
STOCHRSI(14)
44.569
Sell
MACD(12,26)
0.000
Buy
ADX(14)
26.349
Sell
Williams %R
-55.914
Sell
CCI(14)
-26.8055
Neutral
ATR(14)
0.0012
Less Volatility
Highs/Lows(14)
0.0000
Neutral
Ultimate Oscillator
48.857
Sell
ROC
-0.194
Sell
Bull/Bear Power(13)
-0.0007
Sell
Buy: 1
Sell: 7
Neutral: 3


Summary:Strong Sell","Jun 17, 2021 06:59PM GMT"
usd_cny,6.4484 +0.0515    +0.80%,11:27:22,2021-06-17 19:00:09.914630,"Prev. Close: 6.3969
Bid/Ask: 6.4477 / 6.4490
Day's Range: 6.3972 - 6.4494",Strong Buy,"Summary:Strong Buy
Moving Averages:BuyBuy (12)Sell (0)
Technical Indicators:Strong BuyBuy (7)Sell (0)","Name
S3
S2
S1
Pivot Points
R1
R2
R3
Classic
6.4380
6.4399
6.4436
6.4455
6.4492
6.4511
6.4548
Fibonacci
6.4399
6.4420
6.4434
6.4455
6.4476
6.4490
6.4511
Camarilla
6.4458
6.4463
6.4468
6.4455
6.4479
6.4484
6.4489
Woodie's
6.4390
6.4404
6.4446
6.4460
6.4502
6.4516
6.4558
DeMark's
-
-
6.4446
6.4460
6.4502
-
-","Technical IndicatorsJun 17, 2021 03:34PM GMT
Name
Value
Action
RSI(14)
85.433
Overbought
STOCH(9,6)
77.649
Buy
STOCHRSI(14)
100.000
Overbought
MACD(12,26)
0.011
Buy
ADX(14)
61.337
Buy
Williams %R
-3.426
Overbought
CCI(14)
151.8010
Buy
ATR(14)
0.0041
Less Volatility
Highs/Lows(14)
0.0141
Buy
Ultimate Oscillator
82.973
Overbought
ROC
0.391
Buy
Bull/Bear Power(13)
0.0286
Buy
Buy: 7
Sell: 0
Neutral: 0


Summary:Strong Buy","Jun 17, 2021 03:34PM GMT"
usd_hkd,7.7648 +0.0018    +0.02%,14:59:33,2021-06-17 19:00:09.917382,"Prev. Close: 7.7630
Bid/Ask: 7.7646 / 7.7649
Day's Range: 7.7625 - 7.7656",Strong Buy,"Summary:Strong Buy
Moving Averages:BuyBuy (12)Sell (0)
Technical Indicators:Strong BuyBuy (7)Sell (3)","Name
S3
S2
S1
Pivot Points
R1
R2
R3
Classic
7.7636
7.7639
7.7643
7.7646
7.7650
7.7653
7.7657
Fibonacci
7.7639
7.7642
7.7643
7.7646
7.7649
7.7650
7.7653
Camarilla
7.7646
7.7646
7.7647
7.7646
7.7648
7.7649
7.7649
Woodie's
7.7636
7.7639
7.7643
7.7646
7.7650
7.7653
7.7657
DeMark's
-
-
7.7644
7.7646
7.7651
-
-","Technical IndicatorsJun 17, 2021 06:57PM GMT
Name
Value
Action
RSI(14)
57.948
Buy
STOCH(9,6)
32.898
Sell
STOCHRSI(14)
35.095
Sell
MACD(12,26)
0.000
Buy
ADX(14)
42.016
Buy
Williams %R
-36.838
Buy
CCI(14)
74.7187
Buy
ATR(14)
0.0009
Less Volatility
Highs/Lows(14)
0.0000
Neutral
Ultimate Oscillator
44.150
Sell
ROC
0.010
Buy
Bull/Bear Power(13)
0.0016
Buy
Buy: 7
Sell: 3
Neutral: 1


Summary:Strong Buy","Jun 17, 2021 06:57PM GMT"
eur_usd,1.1914 -0.0080    -0.67%,15:00:50,2021-06-17 19:01:09.857045,"Prev. Close: 1.1994
Bid/Ask: 1.1913 / 1.1914
Day's Range: 1.1892 - 1.2007",Strong Sell,"Summary:Strong Sell
Moving Averages:SellBuy (1)Sell (11)
Technical Indicators:Strong SellBuy (0)Sell (9)","Name
S3
S2
S1
Pivot Points
R1
R2
R3
Classic
1.1895
1.1903
1.1907
1.1915
1.1919
1.1927
1.1931
Fibonacci
1.1903
1.1908
1.1910
1.1915
1.1920
1.1922
1.1927
Camarilla
1.1908
1.1909
1.1910
1.1915
1.1912
1.1913
1.1914
Woodie's
1.1893
1.1902
1.1905
1.1914
1.1917
1.1926
1.1929
DeMark's
-
-
1.1905
1.1914
1.1917
-
-","Technical IndicatorsJun 17, 2021 07:00PM GMT
Name
Value
Action
RSI(14)
28.393
Sell
STOCH(9,6)
28.870
Sell
STOCHRSI(14)
100.000
Overbought
MACD(12,26)
-0.004
Sell
ADX(14)
36.696
Sell
Williams %R
-80.357
Oversold
CCI(14)
-99.2496
Sell
ATR(14)
0.0022
High Volatility
Highs/Lows(14)
-0.0011
Sell
Ultimate Oscillator
36.903
Sell
ROC
-0.733
Sell
Bull/Bear Power(13)
-0.0034
Sell
Buy: 0
Sell: 9
Neutral: 0


Summary:Strong Sell","Jun 17, 2021 07:00PM GMT"
gbp_usd,1.3926 -0.0061    -0.44%,15:00:41,2021-06-17 19:01:09.860621,"Prev. Close: 1.3987
Bid/Ask: 1.3924 / 1.3928
Day's Range: 1.3896 - 1.4010",Strong Sell,"Summary:Strong Sell
Moving Averages:SellBuy (2)Sell (10)
Technical Indicators:Strong SellBuy (1)Sell (9)","Name
S3
S2
S1
Pivot Points
R1
R2
R3
Classic
1.3876
1.3886
1.3905
1.3915
1.3934
1.3944
1.3963
Fibonacci
1.3886
1.3897
1.3904
1.3915
1.3926
1.3933
1.3944
Camarilla
1.3917
1.3920
1.3922
1.3915
1.3928
1.3930
1.3933
Woodie's
1.3882
1.3889
1.3911
1.3918
1.3940
1.3947
1.3969
DeMark's
-
-
1.3910
1.3918
1.3939
-
-","Technical IndicatorsJun 17, 2021 06:59PM GMT
Name
Value
Action
RSI(14)
35.674
Sell
STOCH(9,6)
30.088
Sell
STOCHRSI(14)
87.260
Overbought
MACD(12,26)
-0.003
Sell
ADX(14)
39.758
Buy
Williams %R
-73.568
Sell
CCI(14)
-75.2891
Sell
ATR(14)
0.0027
High Volatility
Highs/Lows(14)
-0.0015
Sell
Ultimate Oscillator
35.689
Sell
ROC
-0.518
Sell
Bull/Bear Power(13)
-0.0021
Sell
Buy: 1
Sell: 9
Neutral: 0


Summary:Strong Sell","Jun 17, 2021 06:59PM GMT"
usd_jpy,110.25 -0.45    -0.40%,15:00:34,2021-06-17 19:01:09.863536,"Prev. Close: 110.69
Bid/Ask: 110.24 / 110.25
Day's Range: 110.17 - 110.83",Strong Sell,"Summary:Strong Sell
Moving Averages:SellBuy (4)Sell (8)
Technical Indicators:Strong SellBuy (0)Sell (8)","Name
S3
S2
S1
Pivot Points
R1
R2
R3
Classic
110.03
110.11
110.16
110.24
110.29
110.37
110.41
Fibonacci
110.11
110.16
110.19
110.24
110.29
110.32
110.37
Camarilla
110.18
110.19
110.20
110.24
110.23
110.24
110.25
Woodie's
110.03
110.11
110.16
110.24
110.29
110.37
110.41
DeMark's
-
-
110.14
110.23
110.27
-
-","Technical IndicatorsJun 17, 2021 06:59PM GMT
Name
Value
Action
RSI(14)
40.995
Sell
STOCH(9,6)
20.028
Sell
STOCHRSI(14)
9.950
Oversold
MACD(12,26)
0.000
Neutral
ADX(14)
35.350
Sell
Williams %R
-86.554
Oversold
CCI(14)
-117.0466
Sell
ATR(14)
0.1336
High Volatility
Highs/Lows(14)
-0.1907
Sell
Ultimate Oscillator
39.381
Sell
ROC
-0.384
Sell
Bull/Bear Power(13)
-0.4030
Sell
Buy: 0
Sell: 8
Neutral: 1


Summary:Strong Sell","Jun 17, 2021 06:59PM GMT"
aud_usd,0.7553 -0.0057    -0.76%,15:00:51,2021-06-17 19:01:09.866297,"Prev. Close: 0.7610
Bid/Ask: 0.7552 / 0.7553
Day's Range: 0.7540 - 0.7646",Strong Sell,"Summary:Strong Sell
Moving Averages:Strong SellBuy (0)Sell (12)
Technical Indicators:Strong SellBuy (0)Sell (8)","Name
S3
S2
S1
Pivot Points
R1
R2
R3
Classic
0.7531
0.7537
0.7548
0.7554
0.7565
0.7571
0.7582
Fibonacci
0.7537
0.7543
0.7548
0.7554
0.7560
0.7565
0.7571
Camarilla
0.7553
0.7555
0.7556
0.7554
0.7560
0.7561
0.7563
Woodie's
0.7533
0.7538
0.7550
0.7555
0.7567
0.7572
0.7584
DeMark's
-
-
0.7551
0.7555
0.7568
-
-","Technical IndicatorsJun 17, 2021 06:59PM GMT
Name
Value
Action
RSI(14)
27.213
Sell
STOCH(9,6)
21.778
Sell
STOCHRSI(14)
50.582
Neutral
MACD(12,26)
-0.003
Sell
ADX(14)
43.069
Sell
Williams %R
-85.938
Oversold
CCI(14)
-84.3833
Sell
ATR(14)
0.0019
High Volatility
Highs/Lows(14)
-0.0021
Sell
Ultimate Oscillator
28.441
Oversold
ROC
-1.003
Sell
Bull/Bear Power(13)
-0.0027
Sell
Buy: 0
Sell: 8
Neutral: 1


Summary:Strong Sell","Jun 17, 2021 06:59PM GMT"
eur_gbp,0.8555 -0.0019    -0.22%,15:00:46,2021-06-17 19:01:09.869071,"Prev. Close: 0.8573
Bid/Ask: 0.8552 / 0.8557
Day's Range: 0.8542 - 0.8580",Strong Sell,"Summary:Strong Sell
Moving Averages:Strong SellBuy (0)Sell (12)
Technical Indicators:Strong SellBuy (2)Sell (7)","Name
S3
S2
S1
Pivot Points
R1
R2
R3
Classic
0.8547
0.8552
0.8555
0.8560
0.8562
0.8568
0.8570
Fibonacci
0.8552
0.8555
0.8557
0.8560
0.8563
0.8565
0.8568
Camarilla
0.8555
0.8556
0.8557
0.8560
0.8558
0.8559
0.8560
Woodie's
0.8547
0.8552
0.8555
0.8560
0.8562
0.8568
0.8570
DeMark's
-
-
0.8554
0.8559
0.8561
-
-","Technical IndicatorsJun 17, 2021 06:59PM GMT
Name
Value
Action
RSI(14)
37.465
Sell
STOCH(9,6)
50.526
Neutral
STOCHRSI(14)
69.438
Buy
MACD(12,26)
-0.001
Sell
ADX(14)
35.461
Sell
Williams %R
-61.195
Sell
CCI(14)
-56.0597
Sell
ATR(14)
0.0011
High Volatility
Highs/Lows(14)
0.0000
Neutral
Ultimate Oscillator
52.951
Buy
ROC
-0.222
Sell
Bull/Bear Power(13)
-0.0009
Sell
Buy: 2
Sell: 7
Neutral: 2


Summary:Strong Sell","Jun 17, 2021 06:59PM GMT"
usd_cad,1.2352 +0.0076    +0.61%,15:00:51,2021-06-17 19:01:09.871829,"Prev. Close: 1.2276
Bid/Ask: 1.2351 / 1.2352
Day's Range: 1.2261 - 1.2378",Strong Buy,"Summary:Strong Buy
Moving Averages:BuyBuy (12)Sell (0)
Technical Indicators:Strong BuyBuy (8)Sell (1)","Name
S3
S2
S1
Pivot Points
R1
R2
R3
Classic
1.2321
1.2330
1.2342
1.2351
1.2363
1.2372
1.2384
Fibonacci
1.2330
1.2338
1.2343
1.2351
1.2359
1.2364
1.2372
Camarilla
1.2347
1.2349
1.2351
1.2351
1.2355
1.2357
1.2359
Woodie's
1.2321
1.2330
1.2342
1.2351
1.2363
1.2372
1.2384
DeMark's
-
-
1.2336
1.2348
1.2357
-
-","Technical IndicatorsJun 17, 2021 06:59PM GMT
Name
Value
Action
RSI(14)
70.963
Buy
STOCH(9,6)
66.963
Buy
STOCHRSI(14)
44.195
Sell
MACD(12,26)
0.003
Buy
ADX(14)
33.242
Neutral
Williams %R
-21.888
Buy
CCI(14)
94.1255
Buy
ATR(14)
0.0026
High Volatility
Highs/Lows(14)
0.0019
Buy
Ultimate Oscillator
71.041
Overbought
ROC
0.672
Buy
Bull/Bear Power(13)
0.0034
Buy
Buy: 8
Sell: 1
Neutral: 1


Summary:Strong Buy","Jun 17, 2021 06:59PM GMT"
usd_chf,0.9173 +0.0088    +0.96%,15:00:43,2021-06-17 19:01:09.874589,"Prev. Close: 0.9085
Bid/Ask: 0.9172 / 0.9173
Day's Range: 0.9076 - 0.9188",Strong Buy,"Summary:Strong Buy
Moving Averages:BuyBuy (12)Sell (0)
Technical Indicators:Strong BuyBuy (7)Sell (0)","Name
S3
S2
S1
Pivot Points
R1
R2
R3
Classic
0.9150
0.9160
0.9166
0.9176
0.9181
0.9192
0.9197
Fibonacci
0.9160
0.9166
0.9170
0.9176
0.9182
0.9186
0.9192
Camarilla
0.9167
0.9169
0.9170
0.9176
0.9173
0.9174
0.9176
Woodie's
0.9148
0.9159
0.9164
0.9175
0.9179
0.9191
0.9195
DeMark's
-
-
0.9163
0.9175
0.9179
-
-","Technical IndicatorsJun 17, 2021 06:59PM GMT
Name
Value
Action
RSI(14)
75.963
Overbought
STOCH(9,6)
77.598
Buy
STOCHRSI(14)
15.860
Oversold
MACD(12,26)
0.004
Buy
ADX(14)
31.028
Neutral
Williams %R
-13.636
Overbought
CCI(14)
89.9088
Buy
ATR(14)
0.0018
High Volatility
Highs/Lows(14)
0.0020
Buy
Ultimate Oscillator
68.363
Buy
ROC
0.980
Buy
Bull/Bear Power(13)
0.0039
Buy
Buy: 7
Sell: 0
Neutral: 1


Summary:Strong Buy","Jun 17, 2021 06:59PM GMT"
nzd_chf,0.6427 +0.0022    +0.35%,15:00:51,2021-06-17 19:01:09.877335,"Prev. Close: 0.6404
Bid/Ask: 0.6423 / 0.6430
Day's Range: 0.6406 - 0.6453",Sell,"Summary:Sell
Moving Averages:SellBuy (5)Sell (7)
Technical Indicators:SellBuy (2)Sell (5)","Name
S3
S2
S1
Pivot Points
R1
R2
R3
Classic
0.6419
0.6421
0.6425
0.6427
0.6430
0.6433
0.6436
Fibonacci
0.6421
0.6423
0.6425
0.6427
0.6429
0.6431
0.6433
Camarilla
0.6425
0.6425
0.6426
0.6427
0.6427
0.6428
0.6428
Woodie's
0.6419
0.6421
0.6425
0.6427
0.6430
0.6433
0.6436
DeMark's
-
-
0.6422
0.6426
0.6428
-
-","Technical IndicatorsJun 17, 2021 07:00PM GMT
Name
Value
Action
RSI(14)
49.701
Neutral
STOCH(9,6)
50.315
Neutral
STOCHRSI(14)
40.307
Sell
MACD(12,26)
0.000
Buy
ADX(14)
28.500
Sell
Williams %R
-59.141
Sell
CCI(14)
-29.6961
Neutral
ATR(14)
0.0012
Less Volatility
Highs/Lows(14)
0.0000
Neutral
Ultimate Oscillator
52.912
Buy
ROC
-0.202
Sell
Bull/Bear Power(13)
-0.0009
Sell
Buy: 2
Sell: 5
Neutral: 4


Summary:Sell","Jun 17, 2021 07:00PM GMT"
usd_cny,6.4484 +0.0515    +0.80%,11:27:22,2021-06-17 19:01:09.880080,"Prev. Close: 6.3969
Bid/Ask: 6.4477 / 6.4490
Day's Range: 6.3972 - 6.4494",Strong Buy,"Summary:Strong Buy
Moving Averages:BuyBuy (12)Sell (0)
Technical Indicators:Strong BuyBuy (7)Sell (0)","Name
S3
S2
S1
Pivot Points
R1
R2
R3
Classic
6.4380
6.4399
6.4436
6.4455
6.4492
6.4511
6.4548
Fibonacci
6.4399
6.4420
6.4434
6.4455
6.4476
6.4490
6.4511
Camarilla
6.4458
6.4463
6.4468
6.4455
6.4479
6.4484
6.4489
Woodie's
6.4390
6.4404
6.4446
6.4460
6.4502
6.4516
6.4558
DeMark's
-
-
6.4446
6.4460
6.4502
-
-","Technical IndicatorsJun 17, 2021 03:34PM GMT
Name
Value
Action
RSI(14)
85.433
Overbought
STOCH(9,6)
77.649
Buy
STOCHRSI(14)
100.000
Overbought
MACD(12,26)
0.011
Buy
ADX(14)
61.337
Buy
Williams %R
-3.426
Overbought
CCI(14)
151.8010
Buy
ATR(14)
0.0041
Less Volatility
Highs/Lows(14)
0.0141
Buy
Ultimate Oscillator
82.973
Overbought
ROC
0.391
Buy
Bull/Bear Power(13)
0.0286
Buy
Buy: 7
Sell: 0
Neutral: 0


Summary:Strong Buy","Jun 17, 2021 03:34PM GMT"
usd_hkd,7.7649 +0.0019    +0.02%,15:00:56,2021-06-17 19:01:09.882819,"Prev. Close: 7.7630
Bid/Ask: 7.7647 / 7.7650
Day's Range: 7.7625 - 7.7656",Strong Buy,"Summary:Strong Buy
Moving Averages:BuyBuy (12)Sell (0)
Technical Indicators:Strong BuyBuy (7)Sell (3)","Name
S3
S2
S1
Pivot Points
R1
R2
R3
Classic
7.7646
7.7646
7.7647
7.7648
7.7649
7.7650
7.7651
Fibonacci
7.7646
7.7647
7.7647
7.7648
7.7649
7.7649
7.7650
Camarilla
7.7648
7.7648
7.7648
7.7648
7.7649
7.7649
7.7649
Woodie's
7.7646
7.7646
7.7647
7.7648
7.7649
7.7650
7.7651
DeMark's
-
-
7.7648
7.7648
7.7650
-
-","Technical IndicatorsJun 17, 2021 07:01PM GMT
Name
Value
Action
RSI(14)
58.665
Buy
STOCH(9,6)
43.421
Sell
STOCHRSI(14)
38.355
Sell
MACD(12,26)
0.001
Buy
ADX(14)
45.619
Buy
Williams %R
-31.593
Buy
CCI(14)
79.7411
Buy
ATR(14)
0.0009
Less Volatility
Highs/Lows(14)
0.0000
Neutral
Ultimate Oscillator
46.866
Sell
ROC
0.003
Buy
Bull/Bear Power(13)
0.0017
Buy
Buy: 7
Sell: 3
Neutral: 1


Summary:Strong Buy","Jun 17, 2021 07:01PM GMT"
eur_usd,1.1914 -0.0080    -0.67%,15:01:39,2021-06-17 19:02:10.250370,"Prev. Close: 1.1994
Bid/Ask: 1.1912 / 1.1916
Day's Range: 1.1892 - 1.2007",Strong Sell,"Summary:Strong Sell
Moving Averages:SellBuy (1)Sell (11)
Technical Indicators:Strong SellBuy (0)Sell (9)","Name
S3
S2
S1
Pivot Points
R1
R2
R3
Classic
1.1895
1.1903
1.1907
1.1915
1.1919
1.1927
1.1931
Fibonacci
1.1903
1.1908
1.1910
1.1915
1.1920
1.1922
1.1927
Camarilla
1.1908
1.1909
1.1910
1.1915
1.1912
1.1913
1.1914
Woodie's
1.1893
1.1902
1.1905
1.1914
1.1917
1.1926
1.1929
DeMark's
-
-
1.1905
1.1914
1.1917
-
-","Technical IndicatorsJun 17, 2021 07:00PM GMT
Name
Value
Action
RSI(14)
28.393
Sell
STOCH(9,6)
28.870
Sell
STOCHRSI(14)
100.000
Overbought
MACD(12,26)
-0.004
Sell
ADX(14)
36.696
Sell
Williams %R
-80.357
Oversold
CCI(14)
-99.2496
Sell
ATR(14)
0.0022
High Volatility
Highs/Lows(14)
-0.0011
Sell
Ultimate Oscillator
36.903
Sell
ROC
-0.733
Sell
Bull/Bear Power(13)
-0.0034
Sell
Buy: 0
Sell: 9
Neutral: 0


Summary:Strong Sell","Jun 17, 2021 07:00PM GMT"
gbp_usd,1.3926 -0.0061    -0.44%,15:01:26,2021-06-17 19:02:10.253924,"Prev. Close: 1.3987
Bid/Ask: 1.3924 / 1.3928
Day's Range: 1.3896 - 1.4010",Strong Sell,"Summary:Strong Sell
Moving Averages:SellBuy (2)Sell (10)
Technical Indicators:Strong SellBuy (0)Sell (10)","Name
S3
S2
S1
Pivot Points
R1
R2
R3
Classic
1.3906
1.3915
1.3918
1.3927
1.3931
1.3939
1.3943
Fibonacci
1.3915
1.3920
1.3922
1.3927
1.3932
1.3934
1.3939
Camarilla
1.3920
1.3921
1.3922
1.3927
1.3925
1.3926
1.3927
Woodie's
1.3904
1.3914
1.3916
1.3926
1.3929
1.3938
1.3941
DeMark's
-
-
1.3917
1.3926
1.3930
-
-","Technical IndicatorsJun 17, 2021 07:01PM GMT
Name
Value
Action
RSI(14)
35.958
Sell
STOCH(9,6)
30.111
Sell
STOCHRSI(14)
100.000
Overbought
MACD(12,26)
-0.003
Sell
ADX(14)
37.932
Sell
Williams %R
-72.602
Sell
CCI(14)
-77.6674
Sell
ATR(14)
0.0026
High Volatility
Highs/Lows(14)
-0.0010
Sell
Ultimate Oscillator
38.104
Sell
ROC
-0.561
Sell
Bull/Bear Power(13)
-0.0028
Sell
Buy: 0
Sell: 10
Neutral: 0


Summary:Strong Sell","Jun 17, 2021 07:01PM GMT"
usd_jpy,110.25 -0.45    -0.40%,15:01:43,2021-06-17 19:02:10.256851,"Prev. Close: 110.69
Bid/Ask: 110.24 / 110.25
Day's Range: 110.17 - 110.83",Strong Sell,"Summary:Strong Sell
Moving Averages:SellBuy (4)Sell (8)
Technical Indicators:Strong SellBuy (0)Sell (8)","Name
S3
S2
S1
Pivot Points
R1
R2
R3
Classic
110.15
110.17
110.21
110.23
110.27
110.29
110.32
Fibonacci
110.17
110.19
110.21
110.23
110.25
110.27
110.29
Camarilla
110.24
110.24
110.25
110.23
110.26
110.27
110.27
Woodie's
110.17
110.18
110.23
110.24
110.29
110.30
110.34
DeMark's
-
-
110.23
110.24
110.29
-
-","Technical IndicatorsJun 17, 2021 07:01PM GMT
Name
Value
Action
RSI(14)
41.292
Sell
STOCH(9,6)
15.027
Oversold
STOCHRSI(14)
11.032
Oversold
MACD(12,26)
-0.020
Sell
ADX(14)
35.849
Sell
Williams %R
-85.714
Oversold
CCI(14)
-89.5948
Sell
ATR(14)
0.1279
Less Volatility
Highs/Lows(14)
-0.1604
Sell
Ultimate Oscillator
43.663
Sell
ROC
-0.352
Sell
Bull/Bear Power(13)
-0.2960
Sell
Buy: 0
Sell: 8
Neutral: 0


Summary:Strong Sell","Jun 17, 2021 07:01PM GMT"
aud_usd,0.7552 -0.0059    -0.77%,15:01:40,2021-06-17 19:02:10.259621,"Prev. Close: 0.7610
Bid/Ask: 0.7549 / 0.7554
Day's Range: 0.7540 - 0.7646",Strong Sell,"Summary:Strong Sell
Moving Averages:SellBuy (1)Sell (11)
Technical Indicators:Strong SellBuy (1)Sell (9)","Name
S3
S2
S1
Pivot Points
R1
R2
R3
Classic
0.7540
0.7546
0.7549
0.7555
0.7558
0.7564
0.7568
Fibonacci
0.7546
0.7549
0.7551
0.7555
0.7559
0.7561
0.7564
Camarilla
0.7549
0.7550
0.7551
0.7555
0.7552
0.7553
0.7554
Woodie's
0.7538
0.7545
0.7547
0.7554
0.7556
0.7563
0.7566
DeMark's
-
-
0.7547
0.7554
0.7556
-
-","Technical IndicatorsJun 17, 2021 07:01PM GMT
Name
Value
Action
RSI(14)
27.860
Sell
STOCH(9,6)
21.470
Sell
STOCHRSI(14)
67.645
Buy
MACD(12,26)
-0.003
Sell
ADX(14)
45.554
Sell
Williams %R
-85.246
Oversold
CCI(14)
-86.7124
Sell
ATR(14)
0.0018
Less Volatility
Highs/Lows(14)
-0.0016
Sell
Ultimate Oscillator
30.792
Sell
ROC
-1.016
Sell
Bull/Bear Power(13)
-0.0034
Sell
Buy: 1
Sell: 9
Neutral: 0


Summary:Strong Sell","Jun 17, 2021 07:01PM GMT"
eur_gbp,0.8556 -0.0018    -0.20%,15:01:31,2021-06-17 19:02:10.262356,"Prev. Close: 0.8573
Bid/Ask: 0.8553 / 0.8558
Day's Range: 0.8542 - 0.8580",Strong Sell,"Summary:Strong Sell
Moving Averages:Strong SellBuy (0)Sell (12)
Technical Indicators:Strong SellBuy (1)Sell (8)","Name
S3
S2
S1
Pivot Points
R1
R2
R3
Classic
0.8548
0.8551
0.8552
0.8555
0.8556
0.8559
0.8561
Fibonacci
0.8551
0.8552
0.8553
0.8555
0.8557
0.8558
0.8559
Camarilla
0.8553
0.8554
0.8554
0.8555
0.8555
0.8555
0.8556
Woodie's
0.8548
0.8551
0.8552
0.8555
0.8556
0.8559
0.8561
DeMark's
-
-
0.8552
0.8555
0.8556
-
-","Technical IndicatorsJun 17, 2021 07:01PM GMT
Name
Value
Action
RSI(14)
38.646
Sell
STOCH(9,6)
50.102
Neutral
STOCHRSI(14)
74.563
Buy
MACD(12,26)
-0.001
Sell
ADX(14)
33.790
Sell
Williams %R
-56.250
Sell
CCI(14)
-50.9141
Sell
ATR(14)
0.0011
High Volatility
Highs/Lows(14)
0.0000
Neutral
Ultimate Oscillator
48.680
Sell
ROC
-0.169
Sell
Bull/Bear Power(13)
-0.0010
Sell
Buy: 1
Sell: 8
Neutral: 2


Summary:Strong Sell","Jun 17, 2021 07:01PM GMT"
usd_cad,1.2353 +0.0077    +0.63%,15:01:44,2021-06-17 19:02:10.265083,"Prev. Close: 1.2276
Bid/Ask: 1.2351 / 1.2355
Day's Range: 1.2261 - 1.2378",Strong Buy,"Summary:Strong Buy
Moving Averages:Strong BuyBuy (11)Sell (1)
Technical Indicators:Strong BuyBuy (10)Sell (1)","Name
S3
S2
S1
Pivot Points
R1
R2
R3
Classic
1.2329
1.2334
1.2343
1.2349
1.2358
1.2364
1.2373
Fibonacci
1.2334
1.2340
1.2343
1.2349
1.2355
1.2358
1.2364
Camarilla
1.2348
1.2349
1.2351
1.2349
1.2353
1.2355
1.2356
Woodie's
1.2331
1.2335
1.2345
1.2350
1.2360
1.2365
1.2375
DeMark's
-
-
1.2345
1.2350
1.2360
-
-","Technical IndicatorsJun 17, 2021 07:01PM GMT
Name
Value
Action
RSI(14)
70.697
Buy
STOCH(9,6)
68.721
Buy
STOCHRSI(14)
34.802
Sell
MACD(12,26)
0.003
Buy
ADX(14)
36.372
Buy
Williams %R
-22.908
Buy
CCI(14)
98.6414
Buy
ATR(14)
0.0026
High Volatility
Highs/Lows(14)
0.0013
Buy
Ultimate Oscillator
69.445
Buy
ROC
0.685
Buy
Bull/Bear Power(13)
0.0041
Buy
Buy: 10
Sell: 1
Neutral: 0


Summary:Strong Buy","Jun 17, 2021 07:01PM GMT"
usd_chf,0.9173 +0.0088    +0.96%,15:01:39,2021-06-17 19:02:10.267820,"Prev. Close: 0.9085
Bid/Ask: 0.9172 / 0.9173
Day's Range: 0.9076 - 0.9188",Strong Buy,"Summary:Strong Buy
Moving Averages:Strong BuyBuy (11)Sell (1)
Technical Indicators:Strong BuyBuy (8)Sell (0)","Name
S3
S2
S1
Pivot Points
R1
R2
R3
Classic
0.9159
0.9162
0.9168
0.9171
0.9177
0.9180
0.9185
Fibonacci
0.9162
0.9166
0.9168
0.9171
0.9174
0.9176
0.9180
Camarilla
0.9171
0.9172
0.9173
0.9171
0.9174
0.9175
0.9176
Woodie's
0.9161
0.9163
0.9170
0.9172
0.9179
0.9181
0.9187
DeMark's
-
-
0.9169
0.9172
0.9178
-
-","Technical IndicatorsJun 17, 2021 07:01PM GMT
Name
Value
Action
RSI(14)
75.073
Overbought
STOCH(9,6)
77.360
Buy
STOCHRSI(14)
0.000
Oversold
MACD(12,26)
0.004
Buy
ADX(14)
37.228
Buy
Williams %R
-15.459
Overbought
CCI(14)
95.3627
Buy
ATR(14)
0.0018
High Volatility
Highs/Lows(14)
0.0013
Buy
Ultimate Oscillator
68.947
Buy
ROC
0.985
Buy
Bull/Bear Power(13)
0.0045
Buy
Buy: 8
Sell: 0
Neutral: 0


Summary:Strong Buy","Jun 17, 2021 07:01PM GMT"
nzd_chf,0.6427 +0.0022    +0.35%,15:01:39,2021-06-17 19:02:10.270547,"Prev. Close: 0.6404
Bid/Ask: 0.6423 / 0.6430
Day's Range: 0.6406 - 0.6453",Neutral,"Summary:Neutral
Moving Averages:NeutralBuy (6)Sell (6)
Technical Indicators:SellBuy (2)Sell (5)","Name
S3
S2
S1
Pivot Points
R1
R2
R3
Classic
0.6419
0.6421
0.6425
0.6427
0.6430
0.6433
0.6436
Fibonacci
0.6421
0.6423
0.6425
0.6427
0.6429
0.6431
0.6433
Camarilla
0.6425
0.6425
0.6426
0.6427
0.6427
0.6428
0.6428
Woodie's
0.6419
0.6421
0.6425
0.6427
0.6430
0.6433
0.6436
DeMark's
-
-
0.6422
0.6426
0.6428
-
-","Technical IndicatorsJun 17, 2021 07:01PM GMT
Name
Value
Action
RSI(14)
50.066
Neutral
STOCH(9,6)
50.655
Neutral
STOCHRSI(14)
41.706
Sell
MACD(12,26)
0.000
Buy
ADX(14)
28.500
Sell
Williams %R
-58.065
Sell
CCI(14)
-28.4204
Neutral
ATR(14)
0.0012
Less Volatility
Highs/Lows(14)
0.0000
Neutral
Ultimate Oscillator
53.441
Buy
ROC
-0.194
Sell
Bull/Bear Power(13)
-0.0009
Sell
Buy: 2
Sell: 5
Neutral: 4


Summary:Sell","Jun 17, 2021 07:01PM GMT"
usd_cny,6.4484 +0.0515    +0.80%,11:27:22,2021-06-17 19:02:10.273261,"Prev. Close: 6.3969
Bid/Ask: 6.4477 / 6.4490
Day's Range: 6.3972 - 6.4494",Strong Buy,"Summary:Strong Buy
Moving Averages:BuyBuy (12)Sell (0)
Technical Indicators:Strong BuyBuy (7)Sell (0)","Name
S3
S2
S1
Pivot Points
R1
R2
R3
Classic
6.4380
6.4399
6.4436
6.4455
6.4492
6.4511
6.4548
Fibonacci
6.4399
6.4420
6.4434
6.4455
6.4476
6.4490
6.4511
Camarilla
6.4458
6.4463
6.4468
6.4455
6.4479
6.4484
6.4489
Woodie's
6.4390
6.4404
6.4446
6.4460
6.4502
6.4516
6.4558
DeMark's
-
-
6.4446
6.4460
6.4502
-
-","Technical IndicatorsJun 17, 2021 03:34PM GMT
Name
Value
Action
RSI(14)
85.433
Overbought
STOCH(9,6)
77.649
Buy
STOCHRSI(14)
100.000
Overbought
MACD(12,26)
0.011
Buy
ADX(14)
61.337
Buy
Williams %R
-3.426
Overbought
CCI(14)
151.8010
Buy
ATR(14)
0.0041
Less Volatility
Highs/Lows(14)
0.0141
Buy
Ultimate Oscillator
82.973
Overbought
ROC
0.391
Buy
Bull/Bear Power(13)
0.0286
Buy
Buy: 7
Sell: 0
Neutral: 0


Summary:Strong Buy","Jun 17, 2021 03:34PM GMT"
usd_hkd,7.7649 +0.0019    +0.02%,15:01:43,2021-06-17 19:02:10.275991,"Prev. Close: 7.7630
Bid/Ask: 7.7647 / 7.7650
Day's Range: 7.7625 - 7.7656",Strong Buy,"Summary:Strong Buy
Moving Averages:BuyBuy (12)Sell (0)
Technical Indicators:Strong BuyBuy (7)Sell (3)","Name
S3
S2
S1
Pivot Points
R1
R2
R3
Classic
7.7646
7.7646
7.7647
7.7648
7.7649
7.7650
7.7651
Fibonacci
7.7646
7.7647
7.7647
7.7648
7.7649
7.7649
7.7650
Camarilla
7.7648
7.7648
7.7648
7.7648
7.7649
7.7649
7.7649
Woodie's
7.7646
7.7646
7.7647
7.7648
7.7649
7.7650
7.7651
DeMark's
-
-
7.7648
7.7648
7.7650
-
-","Technical IndicatorsJun 17, 2021 07:01PM GMT
Name
Value
Action
RSI(14)
58.665
Buy
STOCH(9,6)
43.421
Sell
STOCHRSI(14)
38.355
Sell
MACD(12,26)
0.001
Buy
ADX(14)
45.619
Buy
Williams %R
-31.593
Buy
CCI(14)
79.7411
Buy
ATR(14)
0.0009
Less Volatility
Highs/Lows(14)
0.0000
Neutral
Ultimate Oscillator
46.866
Sell
ROC
0.003
Buy
Bull/Bear Power(13)
0.0017
Buy
Buy: 7
Sell: 3
Neutral: 1


Summary:Strong Buy","Jun 17, 2021 07:01PM GMT"
eur_usd,1.1914 -0.0080    -0.67%,15:02:53,2021-06-17 19:03:10.019441,"Prev. Close: 1.1994
Bid/Ask: 1.1913 / 1.1914
Day's Range: 1.1892 - 1.2007",Strong Sell,"Summary:Strong Sell
Moving Averages:SellBuy (1)Sell (11)
Technical Indicators:Strong SellBuy (0)Sell (9)","Name
S3
S2
S1
Pivot Points
R1
R2
R3
Classic
1.1895
1.1903
1.1907
1.1915
1.1919
1.1927
1.1931
Fibonacci
1.1903
1.1908
1.1910
1.1915
1.1920
1.1922
1.1927
Camarilla
1.1908
1.1909
1.1910
1.1915
1.1912
1.1913
1.1914
Woodie's
1.1893
1.1902
1.1905
1.1914
1.1917
1.1926
1.1929
DeMark's
-
-
1.1905
1.1914
1.1917
-
-","Technical IndicatorsJun 17, 2021 07:02PM GMT
Name
Value
Action
RSI(14)
28.393
Sell
STOCH(9,6)
28.870
Sell
STOCHRSI(14)
100.000
Overbought
MACD(12,26)
-0.004
Sell
ADX(14)
36.696
Sell
Williams %R
-80.357
Oversold
CCI(14)
-98.7164
Sell
ATR(14)
0.0022
High Volatility
Highs/Lows(14)
-0.0011
Sell
Ultimate Oscillator
36.803
Sell
ROC
-0.733
Sell
Bull/Bear Power(13)
-0.0033
Sell
Buy: 0
Sell: 9
Neutral: 0


Summary:Strong Sell","Jun 17, 2021 07:02PM GMT"
gbp_usd,1.3928 -0.0060    -0.43%,15:02:48,2021-06-17 19:03:10.022956,"Prev. Close: 1.3987
Bid/Ask: 1.3927 / 1.3928
Day's Range: 1.3896 - 1.4010",Strong Sell,"Summary:Strong Sell
Moving Averages:SellBuy (2)Sell (10)
Technical Indicators:Strong SellBuy (0)Sell (10)","Name
S3
S2
S1
Pivot Points
R1
R2
R3
Classic
1.3906
1.3915
1.3918
1.3927
1.3931
1.3939
1.3943
Fibonacci
1.3915
1.3920
1.3922
1.3927
1.3932
1.3934
1.3939
Camarilla
1.3920
1.3921
1.3922
1.3927
1.3925
1.3926
1.3927
Woodie's
1.3904
1.3914
1.3916
1.3926
1.3929
1.3938
1.3941
DeMark's
-
-
1.3917
1.3926
1.3930
-
-","Technical IndicatorsJun 17, 2021 07:01PM GMT
Name
Value
Action
RSI(14)
35.958
Sell
STOCH(9,6)
30.111
Sell
STOCHRSI(14)
100.000
Overbought
MACD(12,26)
-0.003
Sell
ADX(14)
37.932
Sell
Williams %R
-72.602
Sell
CCI(14)
-77.6674
Sell
ATR(14)
0.0026
High Volatility
Highs/Lows(14)
-0.0010
Sell
Ultimate Oscillator
38.104
Sell
ROC
-0.561
Sell
Bull/Bear Power(13)
-0.0028
Sell
Buy: 0
Sell: 10
Neutral: 0


Summary:Strong Sell","Jun 17, 2021 07:01PM GMT"
usd_jpy,110.25 -0.45    -0.40%,15:02:36,2021-06-17 19:03:10.025892,"Prev. Close: 110.69
Bid/Ask: 110.24 / 110.25
Day's Range: 110.17 - 110.83",Strong Sell,"Summary:Strong Sell
Moving Averages:SellBuy (4)Sell (8)
Technical Indicators:Strong SellBuy (0)Sell (8)","Name
S3
S2
S1
Pivot Points
R1
R2
R3
Classic
110.15
110.17
110.21
110.23
110.27
110.29
110.32
Fibonacci
110.17
110.19
110.21
110.23
110.25
110.27
110.29
Camarilla
110.24
110.24
110.25
110.23
110.26
110.27
110.27
Woodie's
110.17
110.18
110.23
110.24
110.29
110.30
110.34
DeMark's
-
-
110.23
110.24
110.29
-
-","Technical IndicatorsJun 17, 2021 07:01PM GMT
Name
Value
Action
RSI(14)
41.292
Sell
STOCH(9,6)
15.027
Oversold
STOCHRSI(14)
11.032
Oversold
MACD(12,26)
-0.020
Sell
ADX(14)
35.849
Sell
Williams %R
-85.714
Oversold
CCI(14)
-89.5948
Sell
ATR(14)
0.1279
Less Volatility
Highs/Lows(14)
-0.1604
Sell
Ultimate Oscillator
43.663
Sell
ROC
-0.352
Sell
Bull/Bear Power(13)
-0.2960
Sell
Buy: 0
Sell: 8
Neutral: 0


Summary:Strong Sell","Jun 17, 2021 07:01PM GMT"
aud_usd,0.7553 -0.0057    -0.76%,15:02:54,2021-06-17 19:03:10.028745,"Prev. Close: 0.7610
Bid/Ask: 0.7552 / 0.7553
Day's Range: 0.7540 - 0.7646",Strong Sell,"Summary:Strong Sell
Moving Averages:SellBuy (1)Sell (11)
Technical Indicators:Strong SellBuy (1)Sell (9)","Name
S3
S2
S1
Pivot Points
R1
R2
R3
Classic
0.7540
0.7546
0.7549
0.7555
0.7558
0.7564
0.7568
Fibonacci
0.7546
0.7549
0.7551
0.7555
0.7559
0.7561
0.7564
Camarilla
0.7549
0.7550
0.7551
0.7555
0.7552
0.7553
0.7554
Woodie's
0.7538
0.7545
0.7547
0.7554
0.7556
0.7563
0.7566
DeMark's
-
-
0.7547
0.7554
0.7556
-
-","Technical IndicatorsJun 17, 2021 07:01PM GMT
Name
Value
Action
RSI(14)
27.860
Sell
STOCH(9,6)
21.470
Sell
STOCHRSI(14)
67.645
Buy
MACD(12,26)
-0.003
Sell
ADX(14)
45.554
Sell
Williams %R
-85.246
Oversold
CCI(14)
-86.7124
Sell
ATR(14)
0.0018
Less Volatility
Highs/Lows(14)
-0.0016
Sell
Ultimate Oscillator
30.792
Sell
ROC
-1.016
Sell
Bull/Bear Power(13)
-0.0034
Sell
Buy: 1
Sell: 9
Neutral: 0


Summary:Strong Sell","Jun 17, 2021 07:01PM GMT"
eur_gbp,0.8555 -0.0019    -0.22%,15:02:51,2021-06-17 19:03:10.031558,"Prev. Close: 0.8573
Bid/Ask: 0.8552 / 0.8557
Day's Range: 0.8542 - 0.8580",Strong Sell,"Summary:Strong Sell
Moving Averages:Strong SellBuy (0)Sell (12)
Technical Indicators:Strong SellBuy (1)Sell (8)","Name
S3
S2
S1
Pivot Points
R1
R2
R3
Classic
0.8548
0.8551
0.8552
0.8555
0.8556
0.8559
0.8561
Fibonacci
0.8551
0.8552
0.8553
0.8555
0.8557
0.8558
0.8559
Camarilla
0.8553
0.8554
0.8554
0.8555
0.8555
0.8555
0.8556
Woodie's
0.8548
0.8551
0.8552
0.8555
0.8556
0.8559
0.8561
DeMark's
-
-
0.8552
0.8555
0.8556
-
-","Technical IndicatorsJun 17, 2021 07:01PM GMT
Name
Value
Action
RSI(14)
38.646
Sell
STOCH(9,6)
50.102
Neutral
STOCHRSI(14)
74.563
Buy
MACD(12,26)
-0.001
Sell
ADX(14)
33.790
Sell
Williams %R
-56.250
Sell
CCI(14)
-50.9141
Sell
ATR(14)
0.0011
High Volatility
Highs/Lows(14)
0.0000
Neutral
Ultimate Oscillator
48.680
Sell
ROC
-0.169
Sell
Bull/Bear Power(13)
-0.0010
Sell
Buy: 1
Sell: 8
Neutral: 2


Summary:Strong Sell","Jun 17, 2021 07:01PM GMT"
usd_cad,1.2352 +0.0076    +0.62%,15:02:53,2021-06-17 19:03:10.034322,"Prev. Close: 1.2276
Bid/Ask: 1.2350 / 1.2354
Day's Range: 1.2261 - 1.2378",Strong Buy,"Summary:Strong Buy
Moving Averages:Strong BuyBuy (11)Sell (1)
Technical Indicators:Strong BuyBuy (10)Sell (1)","Name
S3
S2
S1
Pivot Points
R1
R2
R3
Classic
1.2329
1.2334
1.2343
1.2349
1.2358
1.2364
1.2373
Fibonacci
1.2334
1.2340
1.2343
1.2349
1.2355
1.2358
1.2364
Camarilla
1.2348
1.2349
1.2351
1.2349
1.2353
1.2355
1.2356
Woodie's
1.2331
1.2335
1.2345
1.2350
1.2360
1.2365
1.2375
DeMark's
-
-
1.2345
1.2350
1.2360
-
-","Technical IndicatorsJun 17, 2021 07:01PM GMT
Name
Value
Action
RSI(14)
70.697
Buy
STOCH(9,6)
68.721
Buy
STOCHRSI(14)
34.802
Sell
MACD(12,26)
0.003
Buy
ADX(14)
36.372
Buy
Williams %R
-22.908
Buy
CCI(14)
98.6414
Buy
ATR(14)
0.0026
High Volatility
Highs/Lows(14)
0.0013
Buy
Ultimate Oscillator
69.445
Buy
ROC
0.685
Buy
Bull/Bear Power(13)
0.0041
Buy
Buy: 10
Sell: 1
Neutral: 0


Summary:Strong Buy","Jun 17, 2021 07:01PM GMT"
usd_chf,0.9173 +0.0088    +0.96%,15:02:50,2021-06-17 19:03:10.037101,"Prev. Close: 0.9085
Bid/Ask: 0.9172 / 0.9173
Day's Range: 0.9076 - 0.9188",Strong Buy,"Summary:Strong Buy
Moving Averages:Strong BuyBuy (11)Sell (1)
Technical Indicators:Strong BuyBuy (8)Sell (0)","Name
S3
S2
S1
Pivot Points
R1
R2
R3
Classic
0.9159
0.9162
0.9168
0.9171
0.9177
0.9180
0.9185
Fibonacci
0.9162
0.9166
0.9168
0.9171
0.9174
0.9176
0.9180
Camarilla
0.9171
0.9172
0.9173
0.9171
0.9174
0.9175
0.9176
Woodie's
0.9161
0.9163
0.9170
0.9172
0.9179
0.9181
0.9187
DeMark's
-
-
0.9169
0.9172
0.9178
-
-","Technical IndicatorsJun 17, 2021 07:01PM GMT
Name
Value
Action
RSI(14)
75.073
Overbought
STOCH(9,6)
77.360
Buy
STOCHRSI(14)
0.000
Oversold
MACD(12,26)
0.004
Buy
ADX(14)
37.228
Buy
Williams %R
-15.459
Overbought
CCI(14)
95.3627
Buy
ATR(14)
0.0018
High Volatility
Highs/Lows(14)
0.0013
Buy
Ultimate Oscillator
68.947
Buy
ROC
0.985
Buy
Bull/Bear Power(13)
0.0045
Buy
Buy: 8
Sell: 0
Neutral: 0


Summary:Strong Buy","Jun 17, 2021 07:01PM GMT"
nzd_chf,0.6427 +0.0022    +0.35%,15:02:51,2021-06-17 19:03:10.039855,"Prev. Close: 0.6404
Bid/Ask: 0.6423 / 0.6430
Day's Range: 0.6406 - 0.6453",Neutral,"Summary:Neutral
Moving Averages:NeutralBuy (6)Sell (6)
Technical Indicators:SellBuy (2)Sell (5)","Name
S3
S2
S1
Pivot Points
R1
R2
R3
Classic
0.6419
0.6421
0.6425
0.6427
0.6430
0.6433
0.6436
Fibonacci
0.6421
0.6423
0.6425
0.6427
0.6429
0.6431
0.6433
Camarilla
0.6425
0.6425
0.6426
0.6427
0.6427
0.6428
0.6428
Woodie's
0.6419
0.6421
0.6425
0.6427
0.6430
0.6433
0.6436
DeMark's
-
-
0.6422
0.6426
0.6428
-
-","Technical IndicatorsJun 17, 2021 07:01PM GMT
Name
Value
Action
RSI(14)
50.066
Neutral
STOCH(9,6)
50.655
Neutral
STOCHRSI(14)
41.706
Sell
MACD(12,26)
0.000
Buy
ADX(14)
28.500
Sell
Williams %R
-58.065
Sell
CCI(14)
-28.4204
Neutral
ATR(14)
0.0012
Less Volatility
Highs/Lows(14)
0.0000
Neutral
Ultimate Oscillator
53.441
Buy
ROC
-0.194
Sell
Bull/Bear Power(13)
-0.0009
Sell
Buy: 2
Sell: 5
Neutral: 4


Summary:Sell","Jun 17, 2021 07:01PM GMT"
usd_cny,6.4484 +0.0515    +0.80%,11:27:22,2021-06-17 19:03:10.042603,"Prev. Close: 6.3969
Bid/Ask: 6.4477 / 6.4490
Day's Range: 6.3972 - 6.4494",Strong Buy,"Summary:Strong Buy
Moving Averages:BuyBuy (12)Sell (0)
Technical Indicators:Strong BuyBuy (7)Sell (0)","Name
S3
S2
S1
Pivot Points
R1
R2
R3
Classic
6.4380
6.4399
6.4436
6.4455
6.4492
6.4511
6.4548
Fibonacci
6.4399
6.4420
6.4434
6.4455
6.4476
6.4490
6.4511
Camarilla
6.4458
6.4463
6.4468
6.4455
6.4479
6.4484
6.4489
Woodie's
6.4390
6.4404
6.4446
6.4460
6.4502
6.4516
6.4558
DeMark's
-
-
6.4446
6.4460
6.4502
-
-","Technical IndicatorsJun 17, 2021 03:34PM GMT
Name
Value
Action
RSI(14)
85.433
Overbought
STOCH(9,6)
77.649
Buy
STOCHRSI(14)
100.000
Overbought
MACD(12,26)
0.011
Buy
ADX(14)
61.337
Buy
Williams %R
-3.426
Overbought
CCI(14)
151.8010
Buy
ATR(14)
0.0041
Less Volatility
Highs/Lows(14)
0.0141
Buy
Ultimate Oscillator
82.973
Overbought
ROC
0.391
Buy
Bull/Bear Power(13)
0.0286
Buy
Buy: 7
Sell: 0
Neutral: 0


Summary:Strong Buy","Jun 17, 2021 03:34PM GMT"
usd_hkd,7.7649 +0.0019    +0.02%,15:02:29,2021-06-17 19:03:10.045319,"Prev. Close: 7.7630
Bid/Ask: 7.7647 / 7.7650
Day's Range: 7.7625 - 7.7656",Strong Buy,"Summary:Strong Buy
Moving Averages:BuyBuy (12)Sell (0)
Technical Indicators:Strong BuyBuy (7)Sell (3)","Name
S3
S2
S1
Pivot Points
R1
R2
R3
Classic
7.7646
7.7646
7.7647
7.7648
7.7649
7.7650
7.7651
Fibonacci
7.7646
7.7647
7.7647
7.7648
7.7649
7.7649
7.7650
Camarilla
7.7648
7.7648
7.7648
7.7648
7.7649
7.7649
7.7649
Woodie's
7.7646
7.7646
7.7647
7.7648
7.7649
7.7650
7.7651
DeMark's
-
-
7.7648
7.7648
7.7650
-
-","Technical IndicatorsJun 17, 2021 07:01PM GMT
Name
Value
Action
RSI(14)
58.665
Buy
STOCH(9,6)
43.421
Sell
STOCHRSI(14)
38.355
Sell
MACD(12,26)
0.001
Buy
ADX(14)
45.619
Buy
Williams %R
-31.593
Buy
CCI(14)
79.7411
Buy
ATR(14)
0.0009
Less Volatility
Highs/Lows(14)
0.0000
Neutral
Ultimate Oscillator
46.866
Sell
ROC
0.003
Buy
Bull/Bear Power(13)
0.0017
Buy
Buy: 7
Sell: 3
Neutral: 1


Summary:Strong Buy","Jun 17, 2021 07:01PM GMT"
eur_usd,1.1914 -0.0080    -0.67%,15:03:40,2021-06-17 19:04:10.029224,"Prev. Close: 1.1994
Bid/Ask: 1.1913 / 1.1914
Day's Range: 1.1892 - 1.2007",Strong Sell,"Summary:Strong Sell
Moving Averages:SellBuy (1)Sell (11)
Technical Indicators:Strong SellBuy (0)Sell (9)","Name
S3
S2
S1
Pivot Points
R1
R2
R3
Classic
1.1895
1.1903
1.1907
1.1915
1.1919
1.1927
1.1931
Fibonacci
1.1903
1.1908
1.1910
1.1915
1.1920
1.1922
1.1927
Camarilla
1.1908
1.1909
1.1910
1.1915
1.1912
1.1913
1.1914
Woodie's
1.1893
1.1902
1.1905
1.1914
1.1917
1.1926
1.1929
DeMark's
-
-
1.1905
1.1914
1.1917
-
-","Technical IndicatorsJun 17, 2021 07:03PM GMT
Name
Value
Action
RSI(14)
27.881
Sell
STOCH(9,6)
28.587
Sell
STOCHRSI(14)
100.000
Overbought
MACD(12,26)
-0.004
Sell
ADX(14)
36.696
Sell
Williams %R
-81.250
Oversold
CCI(14)
-99.7834
Sell
ATR(14)
0.0022
High Volatility
Highs/Lows(14)
-0.0012
Sell
Ultimate Oscillator
36.275
Sell
ROC
-0.742
Sell
Bull/Bear Power(13)
-0.0033
Sell
Buy: 0
Sell: 9
Neutral: 0


Summary:Strong Sell","Jun 17, 2021 07:03PM GMT"
gbp_usd,1.3928 -0.0059    -0.42%,15:03:33,2021-06-17 19:04:10.032725,"Prev. Close: 1.3987
Bid/Ask: 1.3926 / 1.3930
Day's Range: 1.3896 - 1.4010",Strong Sell,"Summary:Strong Sell
Moving Averages:SellBuy (2)Sell (10)
Technical Indicators:Strong SellBuy (0)Sell (10)","Name
S3
S2
S1
Pivot Points
R1
R2
R3
Classic
1.3906
1.3915
1.3918
1.3927
1.3931
1.3939
1.3943
Fibonacci
1.3915
1.3920
1.3922
1.3927
1.3932
1.3934
1.3939
Camarilla
1.3920
1.3921
1.3922
1.3927
1.3925
1.3926
1.3927
Woodie's
1.3904
1.3914
1.3916
1.3926
1.3929
1.3938
1.3941
DeMark's
-
-
1.3917
1.3926
1.3930
-
-","Technical IndicatorsJun 17, 2021 07:03PM GMT
Name
Value
Action
RSI(14)
36.483
Sell
STOCH(9,6)
30.487
Sell
STOCHRSI(14)
100.000
Overbought
MACD(12,26)
-0.003
Sell
ADX(14)
37.932
Sell
Williams %R
-71.233
Sell
CCI(14)
-74.9931
Sell
ATR(14)
0.0026
High Volatility
Highs/Lows(14)
-0.0008
Sell
Ultimate Oscillator
38.483
Sell
ROC
-0.550
Sell
Bull/Bear Power(13)
-0.0027
Sell
Buy: 0
Sell: 10
Neutral: 0


Summary:Strong Sell","Jun 17, 2021 07:03PM GMT"
usd_jpy,110.25 -0.45    -0.40%,15:03:41,2021-06-17 19:04:10.035629,"Prev. Close: 110.69
Bid/Ask: 110.24 / 110.25
Day's Range: 110.17 - 110.83",Strong Sell,"Summary:Strong Sell
Moving Averages:SellBuy (4)Sell (8)
Technical Indicators:Strong SellBuy (0)Sell (8)","Name
S3
S2
S1
Pivot Points
R1
R2
R3
Classic
110.15
110.17
110.21
110.23
110.27
110.29
110.32
Fibonacci
110.17
110.19
110.21
110.23
110.25
110.27
110.29
Camarilla
110.24
110.24
110.25
110.23
110.26
110.27
110.27
Woodie's
110.17
110.18
110.23
110.24
110.29
110.30
110.34
DeMark's
-
-
110.23
110.24
110.29
-
-","Technical IndicatorsJun 17, 2021 07:01PM GMT
Name
Value
Action
RSI(14)
41.292
Sell
STOCH(9,6)
15.027
Oversold
STOCHRSI(14)
11.032
Oversold
MACD(12,26)
-0.020
Sell
ADX(14)
35.849
Sell
Williams %R
-85.714
Oversold
CCI(14)
-89.5948
Sell
ATR(14)
0.1279
Less Volatility
Highs/Lows(14)
-0.1604
Sell
Ultimate Oscillator
43.663
Sell
ROC
-0.352
Sell
Bull/Bear Power(13)
-0.2960
Sell
Buy: 0
Sell: 8
Neutral: 0


Summary:Strong Sell","Jun 17, 2021 07:01PM GMT"
aud_usd,0.7553 -0.0057    -0.76%,15:03:44,2021-06-17 19:04:10.038425,"Prev. Close: 0.7610
Bid/Ask: 0.7552 / 0.7553
Day's Range: 0.7540 - 0.7646",Strong Sell,"Summary:Strong Sell
Moving Averages:Strong SellBuy (0)Sell (12)
Technical Indicators:Strong SellBuy (1)Sell (8)","Name
S3
S2
S1
Pivot Points
R1
R2
R3
Classic
0.7540
0.7546
0.7549
0.7555
0.7558
0.7564
0.7568
Fibonacci
0.7546
0.7549
0.7551
0.7555
0.7559
0.7561
0.7564
Camarilla
0.7549
0.7550
0.7551
0.7555
0.7552
0.7553
0.7554
Woodie's
0.7538
0.7545
0.7547
0.7554
0.7556
0.7563
0.7566
DeMark's
-
-
0.7547
0.7554
0.7556
-
-","Technical IndicatorsJun 17, 2021 07:03PM GMT
Name
Value
Action
RSI(14)
26.864
Sell
STOCH(9,6)
20.994
Sell
STOCHRSI(14)
60.718
Buy
MACD(12,26)
-0.003
Sell
ADX(14)
45.554
Sell
Williams %R
-86.885
Oversold
CCI(14)
-89.4478
Sell
ATR(14)
0.0018
Less Volatility
Highs/Lows(14)
-0.0017
Sell
Ultimate Oscillator
29.822
Oversold
ROC
-1.035
Sell
Bull/Bear Power(13)
-0.0035
Sell
Buy: 1
Sell: 8
Neutral: 0


Summary:Strong Sell","Jun 17, 2021 07:03PM GMT"
eur_gbp,0.8553 -0.0020    -0.23%,15:03:41,2021-06-17 19:04:10.041208,"Prev. Close: 0.8573
Bid/Ask: 0.8551 / 0.8555
Day's Range: 0.8542 - 0.8580",Strong Sell,"Summary:Strong Sell
Moving Averages:Strong SellBuy (0)Sell (12)
Technical Indicators:Strong SellBuy (1)Sell (8)","Name
S3
S2
S1
Pivot Points
R1
R2
R3
Classic
0.8548
0.8551
0.8552
0.8555
0.8556
0.8559
0.8561
Fibonacci
0.8551
0.8552
0.8553
0.8555
0.8557
0.8558
0.8559
Camarilla
0.8553
0.8554
0.8554
0.8555
0.8555
0.8555
0.8556
Woodie's
0.8548
0.8551
0.8552
0.8555
0.8556
0.8559
0.8561
DeMark's
-
-
0.8552
0.8555
0.8556
-
-","Technical IndicatorsJun 17, 2021 07:03PM GMT
Name
Value
Action
RSI(14)
37.465
Sell
STOCH(9,6)
49.485
Neutral
STOCHRSI(14)
69.438
Buy
MACD(12,26)
-0.001
Sell
ADX(14)
33.790
Sell
Williams %R
-59.376
Sell
CCI(14)
-56.2102
Sell
ATR(14)
0.0011
High Volatility
Highs/Lows(14)
0.0000
Neutral
Ultimate Oscillator
47.543
Sell
ROC
-0.181
Sell
Bull/Bear Power(13)
-0.0010
Sell
Buy: 1
Sell: 8
Neutral: 2


Summary:Strong Sell","Jun 17, 2021 07:03PM GMT"
usd_cad,1.2352 +0.0076    +0.61%,15:03:39,2021-06-17 19:04:10.043976,"Prev. Close: 1.2276
Bid/Ask: 1.2351 / 1.2352
Day's Range: 1.2261 - 1.2378",Strong Buy,"Summary:Strong Buy
Moving Averages:Strong BuyBuy (11)Sell (1)
Technical Indicators:Strong BuyBuy (10)Sell (1)","Name
S3
S2
S1
Pivot Points
R1
R2
R3
Classic
1.2329
1.2334
1.2343
1.2349
1.2358
1.2364
1.2373
Fibonacci
1.2334
1.2340
1.2343
1.2349
1.2355
1.2358
1.2364
Camarilla
1.2348
1.2349
1.2351
1.2349
1.2353
1.2355
1.2356
Woodie's
1.2331
1.2335
1.2345
1.2350
1.2360
1.2365
1.2375
DeMark's
-
-
1.2345
1.2350
1.2360
-
-","Technical IndicatorsJun 17, 2021 07:03PM GMT
Name
Value
Action
RSI(14)
69.398
Buy
STOCH(9,6)
68.216
Buy
STOCHRSI(14)
25.004
Sell
MACD(12,26)
0.003
Buy
ADX(14)
36.372
Buy
Williams %R
-25.111
Buy
CCI(14)
96.6223
Buy
ATR(14)
0.0026
High Volatility
Highs/Lows(14)
0.0010
Buy
Ultimate Oscillator
68.286
Buy
ROC
0.664
Buy
Bull/Bear Power(13)
0.0042
Buy
Buy: 10
Sell: 1
Neutral: 0


Summary:Strong Buy","Jun 17, 2021 07:03PM GMT"
usd_chf,0.9173 +0.0088    +0.96%,15:03:35,2021-06-17 19:04:10.046720,"Prev. Close: 0.9085
Bid/Ask: 0.9172 / 0.9173
Day's Range: 0.9076 - 0.9188",Strong Buy,"Summary:Strong Buy
Moving Averages:Strong BuyBuy (11)Sell (1)
Technical Indicators:Strong BuyBuy (7)Sell (0)","Name
S3
S2
S1
Pivot Points
R1
R2
R3
Classic
0.9159
0.9162
0.9168
0.9171
0.9177
0.9180
0.9185
Fibonacci
0.9162
0.9166
0.9168
0.9171
0.9174
0.9176
0.9180
Camarilla
0.9171
0.9172
0.9173
0.9171
0.9174
0.9175
0.9176
Woodie's
0.9161
0.9163
0.9170
0.9172
0.9179
0.9181
0.9187
DeMark's
-
-
0.9169
0.9172
0.9178
-
-","Technical IndicatorsJun 17, 2021 07:03PM GMT
Name
Value
Action
RSI(14)
76.166
Overbought
STOCH(9,6)
77.977
Buy
STOCHRSI(14)
4.431
Oversold
MACD(12,26)
0.004
Buy
ADX(14)
37.228
Buy
Williams %R
-13.527
Overbought
CCI(14)
98.4739
Buy
ATR(14)
0.0018
High Volatility
Highs/Lows(14)
0.0015
Buy
Ultimate Oscillator
70.002
Overbought
ROC
1.007
Buy
Bull/Bear Power(13)
0.0046
Buy
Buy: 7
Sell: 0
Neutral: 0


Summary:Strong Buy","Jun 17, 2021 07:03PM GMT"
nzd_chf,0.6427 +0.0023    +0.36%,15:03:41,2021-06-17 19:04:10.049439,"Prev. Close: 0.6404
Bid/Ask: 0.6425 / 0.6429
Day's Range: 0.6406 - 0.6453",Neutral,"Summary:Neutral
Moving Averages:NeutralBuy (6)Sell (6)
Technical Indicators:SellBuy (2)Sell (5)","Name
S3
S2
S1
Pivot Points
R1
R2
R3
Classic
0.6419
0.6421
0.6425
0.6427
0.6430
0.6433
0.6436
Fibonacci
0.6421
0.6423
0.6425
0.6427
0.6429
0.6431
0.6433
Camarilla
0.6425
0.6425
0.6426
0.6427
0.6427
0.6428
0.6428
Woodie's
0.6419
0.6421
0.6425
0.6427
0.6430
0.6433
0.6436
DeMark's
-
-
0.6422
0.6426
0.6428
-
-","Technical IndicatorsJun 17, 2021 07:01PM GMT
Name
Value
Action
RSI(14)
50.066
Neutral
STOCH(9,6)
50.655
Neutral
STOCHRSI(14)
41.706
Sell
MACD(12,26)
0.000
Buy
ADX(14)
28.500
Sell
Williams %R
-58.065
Sell
CCI(14)
-28.4204
Neutral
ATR(14)
0.0012
Less Volatility
Highs/Lows(14)
0.0000
Neutral
Ultimate Oscillator
53.441
Buy
ROC
-0.194
Sell
Bull/Bear Power(13)
-0.0009
Sell
Buy: 2
Sell: 5
Neutral: 4


Summary:Sell","Jun 17, 2021 07:01PM GMT"
usd_cny,6.4484 +0.0515    +0.80%,11:27:22,2021-06-17 19:04:10.052179,"Prev. Close: 6.3969
Bid/Ask: 6.4477 / 6.4490
Day's Range: 6.3972 - 6.4494",Strong Buy,"Summary:Strong Buy
Moving Averages:BuyBuy (12)Sell (0)
Technical Indicators:Strong BuyBuy (7)Sell (0)","Name
S3
S2
S1
Pivot Points
R1
R2
R3
Classic
6.4380
6.4399
6.4436
6.4455
6.4492
6.4511
6.4548
Fibonacci
6.4399
6.4420
6.4434
6.4455
6.4476
6.4490
6.4511
Camarilla
6.4458
6.4463
6.4468
6.4455
6.4479
6.4484
6.4489
Woodie's
6.4390
6.4404
6.4446
6.4460
6.4502
6.4516
6.4558
DeMark's
-
-
6.4446
6.4460
6.4502
-
-","Technical IndicatorsJun 17, 2021 03:34PM GMT
Name
Value
Action
RSI(14)
85.433
Overbought
STOCH(9,6)
77.649
Buy
STOCHRSI(14)
100.000
Overbought
MACD(12,26)
0.011
Buy
ADX(14)
61.337
Buy
Williams %R
-3.426
Overbought
CCI(14)
151.8010
Buy
ATR(14)
0.0041
Less Volatility
Highs/Lows(14)
0.0141
Buy
Ultimate Oscillator
82.973
Overbought
ROC
0.391
Buy
Bull/Bear Power(13)
0.0286
Buy
Buy: 7
Sell: 0
Neutral: 0


Summary:Strong Buy","Jun 17, 2021 03:34PM GMT"
usd_hkd,7.7649 +0.0019    +0.02%,15:03:32,2021-06-17 19:04:10.054922,"Prev. Close: 7.7630
Bid/Ask: 7.7647 / 7.7650
Day's Range: 7.7625 - 7.7656",Strong Buy,"Summary:Strong Buy
Moving Averages:BuyBuy (12)Sell (0)
Technical Indicators:Strong BuyBuy (7)Sell (3)","Name
S3
S2
S1
Pivot Points
R1
R2
R3
Classic
7.7646
7.7646
7.7647
7.7648
7.7649
7.7650
7.7651
Fibonacci
7.7646
7.7647
7.7647
7.7648
7.7649
7.7649
7.7650
Camarilla
7.7648
7.7648
7.7648
7.7648
7.7649
7.7649
7.7649
Woodie's
7.7646
7.7646
7.7647
7.7648
7.7649
7.7650
7.7651
DeMark's
-
-
7.7648
7.7648
7.7650
-
-","Technical IndicatorsJun 17, 2021 07:03PM GMT
Name
Value
Action
RSI(14)
58.665
Buy
STOCH(9,6)
43.421
Sell
STOCHRSI(14)
38.355
Sell
MACD(12,26)
0.001
Buy
ADX(14)
45.619
Buy
Williams %R
-31.593
Buy
CCI(14)
79.7411
Buy
ATR(14)
0.0009
Less Volatility
Highs/Lows(14)
0.0000
Neutral
Ultimate Oscillator
46.866
Sell
ROC
0.003
Buy
Bull/Bear Power(13)
0.0017
Buy
Buy: 7
Sell: 3
Neutral: 1


Summary:Strong Buy","Jun 17, 2021 07:03PM GMT"
eur_usd,1.1913 -0.0081    -0.68%,15:04:28,2021-06-17 19:05:10.047456,"Prev. Close: 1.1994
Bid/Ask: 1.1911 / 1.1915
Day's Range: 1.1892 - 1.2007",Strong Sell,"Summary:Strong Sell
Moving Averages:SellBuy (1)Sell (11)
Technical Indicators:Strong SellBuy (0)Sell (9)","Name
S3
S2
S1
Pivot Points
R1
R2
R3
Classic
1.1895
1.1903
1.1907
1.1915
1.1919
1.1927
1.1931
Fibonacci
1.1903
1.1908
1.1910
1.1915
1.1920
1.1922
1.1927
Camarilla
1.1908
1.1909
1.1910
1.1915
1.1912
1.1913
1.1914
Woodie's
1.1893
1.1902
1.1905
1.1914
1.1917
1.1926
1.1929
DeMark's
-
-
1.1905
1.1914
1.1917
-
-","Technical IndicatorsJun 17, 2021 07:03PM GMT
Name
Value
Action
RSI(14)
27.881
Sell
STOCH(9,6)
28.587
Sell
STOCHRSI(14)
100.000
Overbought
MACD(12,26)
-0.004
Sell
ADX(14)
36.696
Sell
Williams %R
-81.250
Oversold
CCI(14)
-99.7834
Sell
ATR(14)
0.0022
High Volatility
Highs/Lows(14)
-0.0012
Sell
Ultimate Oscillator
36.275
Sell
ROC
-0.742
Sell
Bull/Bear Power(13)
-0.0033
Sell
Buy: 0
Sell: 9
Neutral: 0


Summary:Strong Sell","Jun 17, 2021 07:03PM GMT"
gbp_usd,1.3928 -0.0059    -0.42%,15:04:40,2021-06-17 19:05:10.051000,"Prev. Close: 1.3987
Bid/Ask: 1.3926 / 1.3930
Day's Range: 1.3896 - 1.4010",Strong Sell,"Summary:Strong Sell
Moving Averages:SellBuy (2)Sell (10)
Technical Indicators:Strong SellBuy (0)Sell (10)","Name
S3
S2
S1
Pivot Points
R1
R2
R3
Classic
1.3906
1.3915
1.3918
1.3927
1.3931
1.3939
1.3943
Fibonacci
1.3915
1.3920
1.3922
1.3927
1.3932
1.3934
1.3939
Camarilla
1.3920
1.3921
1.3922
1.3927
1.3925
1.3926
1.3927
Woodie's
1.3904
1.3914
1.3916
1.3926
1.3929
1.3938
1.3941
DeMark's
-
-
1.3917
1.3926
1.3930
-
-","Technical IndicatorsJun 17, 2021 07:03PM GMT
Name
Value
Action
RSI(14)
36.483
Sell
STOCH(9,6)
30.487
Sell
STOCHRSI(14)
100.000
Overbought
MACD(12,26)
-0.003
Sell
ADX(14)
37.932
Sell
Williams %R
-71.233
Sell
CCI(14)
-74.9931
Sell
ATR(14)
0.0026
High Volatility
Highs/Lows(14)
-0.0008
Sell
Ultimate Oscillator
38.483
Sell
ROC
-0.550
Sell
Bull/Bear Power(13)
-0.0027
Sell
Buy: 0
Sell: 10
Neutral: 0


Summary:Strong Sell","Jun 17, 2021 07:03PM GMT"
usd_jpy,110.25 -0.45    -0.40%,15:04:38,2021-06-17 19:05:10.054077,"Prev. Close: 110.69
Bid/Ask: 110.24 / 110.25
Day's Range: 110.17 - 110.83",Strong Sell,"Summary:Strong Sell
Moving Averages:SellBuy (4)Sell (8)
Technical Indicators:Strong SellBuy (0)Sell (8)","Name
S3
S2
S1
Pivot Points
R1
R2
R3
Classic
110.15
110.17
110.21
110.23
110.27
110.29
110.32
Fibonacci
110.17
110.19
110.21
110.23
110.25
110.27
110.29
Camarilla
110.24
110.24
110.25
110.23
110.26
110.27
110.27
Woodie's
110.17
110.18
110.23
110.24
110.29
110.30
110.34
DeMark's
-
-
110.23
110.24
110.29
-
-","Technical IndicatorsJun 17, 2021 07:03PM GMT
Name
Value
Action
RSI(14)
41.292
Sell
STOCH(9,6)
15.027
Oversold
STOCHRSI(14)
11.032
Oversold
MACD(12,26)
-0.020
Sell
ADX(14)
35.849
Sell
Williams %R
-85.714
Oversold
CCI(14)
-89.5948
Sell
ATR(14)
0.1279
Less Volatility
Highs/Lows(14)
-0.1604
Sell
Ultimate Oscillator
43.663
Sell
ROC
-0.352
Sell
Bull/Bear Power(13)
-0.2960
Sell
Buy: 0
Sell: 8
Neutral: 0


Summary:Strong Sell","Jun 17, 2021 07:03PM GMT"
aud_usd,0.7555 -0.0056    -0.73%,15:04:47,2021-06-17 19:05:10.056983,"Prev. Close: 0.7610
Bid/Ask: 0.7552 / 0.7557
Day's Range: 0.7540 - 0.7646",Strong Sell,"Summary:Strong Sell
Moving Averages:Strong SellBuy (0)Sell (12)
Technical Indicators:Strong SellBuy (1)Sell (8)","Name
S3
S2
S1
Pivot Points
R1
R2
R3
Classic
0.7540
0.7546
0.7549
0.7555
0.7558
0.7564
0.7568
Fibonacci
0.7546
0.7549
0.7551
0.7555
0.7559
0.7561
0.7564
Camarilla
0.7549
0.7550
0.7551
0.7555
0.7552
0.7553
0.7554
Woodie's
0.7538
0.7545
0.7547
0.7554
0.7556
0.7563
0.7566
DeMark's
-
-
0.7547
0.7554
0.7556
-
-","Technical IndicatorsJun 17, 2021 07:03PM GMT
Name
Value
Action
RSI(14)
26.864
Sell
STOCH(9,6)
20.994
Sell
STOCHRSI(14)
60.718
Buy
MACD(12,26)
-0.003
Sell
ADX(14)
45.554
Sell
Williams %R
-86.885
Oversold
CCI(14)
-89.4478
Sell
ATR(14)
0.0018
Less Volatility
Highs/Lows(14)
-0.0017
Sell
Ultimate Oscillator
29.822
Oversold
ROC
-1.035
Sell
Bull/Bear Power(13)
-0.0035
Sell
Buy: 1
Sell: 8
Neutral: 0


Summary:Strong Sell","Jun 17, 2021 07:03PM GMT"
eur_gbp,0.8553 -0.0020    -0.23%,15:04:55,2021-06-17 19:05:10.059765,"Prev. Close: 0.8573
Bid/Ask: 0.8551 / 0.8555
Day's Range: 0.8542 - 0.8580",Strong Sell,"Summary:Strong Sell
Moving Averages:Strong SellBuy (0)Sell (12)
Technical Indicators:Strong SellBuy (1)Sell (8)","Name
S3
S2
S1
Pivot Points
R1
R2
R3
Classic
0.8548
0.8551
0.8552
0.8555
0.8556
0.8559
0.8561
Fibonacci
0.8551
0.8552
0.8553
0.8555
0.8557
0.8558
0.8559
Camarilla
0.8553
0.8554
0.8554
0.8555
0.8555
0.8555
0.8556
Woodie's
0.8548
0.8551
0.8552
0.8555
0.8556
0.8559
0.8561
DeMark's
-
-
0.8552
0.8555
0.8556
-
-","Technical IndicatorsJun 17, 2021 07:03PM GMT
Name
Value
Action
RSI(14)
37.465
Sell
STOCH(9,6)
49.485
Neutral
STOCHRSI(14)
69.438
Buy
MACD(12,26)
-0.001
Sell
ADX(14)
33.790
Sell
Williams %R
-59.376
Sell
CCI(14)
-56.2102
Sell
ATR(14)
0.0011
High Volatility
Highs/Lows(14)
0.0000
Neutral
Ultimate Oscillator
47.543
Sell
ROC
-0.181
Sell
Bull/Bear Power(13)
-0.0010
Sell
Buy: 1
Sell: 8
Neutral: 2


Summary:Strong Sell","Jun 17, 2021 07:03PM GMT"
usd_cad,1.2350 +0.0073    +0.60%,15:04:53,2021-06-17 19:05:10.062495,"Prev. Close: 1.2276
Bid/Ask: 1.2349 / 1.2350
Day's Range: 1.2261 - 1.2378",Strong Buy,"Summary:Strong Buy
Moving Averages:Strong BuyBuy (11)Sell (1)
Technical Indicators:Strong BuyBuy (10)Sell (1)","Name
S3
S2
S1
Pivot Points
R1
R2
R3
Classic
1.2329
1.2334
1.2343
1.2349
1.2358
1.2364
1.2373
Fibonacci
1.2334
1.2340
1.2343
1.2349
1.2355
1.2358
1.2364
Camarilla
1.2348
1.2349
1.2351
1.2349
1.2353
1.2355
1.2356
Woodie's
1.2331
1.2335
1.2345
1.2350
1.2360
1.2365
1.2375
DeMark's
-
-
1.2345
1.2350
1.2360
-
-","Technical IndicatorsJun 17, 2021 07:03PM GMT
Name
Value
Action
RSI(14)
69.398
Buy
STOCH(9,6)
68.216
Buy
STOCHRSI(14)
25.004
Sell
MACD(12,26)
0.003
Buy
ADX(14)
36.372
Buy
Williams %R
-25.111
Buy
CCI(14)
96.6223
Buy
ATR(14)
0.0026
High Volatility
Highs/Lows(14)
0.0010
Buy
Ultimate Oscillator
68.286
Buy
ROC
0.664
Buy
Bull/Bear Power(13)
0.0042
Buy
Buy: 10
Sell: 1
Neutral: 0


Summary:Strong Buy","Jun 17, 2021 07:03PM GMT"
usd_chf,0.9173 +0.0088    +0.97%,15:04:51,2021-06-17 19:05:10.065200,"Prev. Close: 0.9085
Bid/Ask: 0.9171 / 0.9175
Day's Range: 0.9076 - 0.9188",Strong Buy,"Summary:Strong Buy
Moving Averages:Strong BuyBuy (11)Sell (1)
Technical Indicators:Strong BuyBuy (7)Sell (0)","Name
S3
S2
S1
Pivot Points
R1
R2
R3
Classic
0.9159
0.9162
0.9168
0.9171
0.9177
0.9180
0.9185
Fibonacci
0.9162
0.9166
0.9168
0.9171
0.9174
0.9176
0.9180
Camarilla
0.9171
0.9172
0.9173
0.9171
0.9174
0.9175
0.9176
Woodie's
0.9161
0.9163
0.9170
0.9172
0.9179
0.9181
0.9187
DeMark's
-
-
0.9169
0.9172
0.9178
-
-","Technical IndicatorsJun 17, 2021 07:03PM GMT
Name
Value
Action
RSI(14)
76.166
Overbought
STOCH(9,6)
77.977
Buy
STOCHRSI(14)
4.431
Oversold
MACD(12,26)
0.004
Buy
ADX(14)
37.228
Buy
Williams %R
-13.527
Overbought
CCI(14)
98.4739
Buy
ATR(14)
0.0018
High Volatility
Highs/Lows(14)
0.0015
Buy
Ultimate Oscillator
70.002
Overbought
ROC
1.007
Buy
Bull/Bear Power(13)
0.0046
Buy
Buy: 7
Sell: 0
Neutral: 0


Summary:Strong Buy","Jun 17, 2021 07:03PM GMT"
nzd_chf,0.6427 +0.0023    +0.36%,15:04:54,2021-06-17 19:05:10.067925,"Prev. Close: 0.6404
Bid/Ask: 0.6426 / 0.6428
Day's Range: 0.6406 - 0.6453",Neutral,"Summary:Neutral
Moving Averages:NeutralBuy (6)Sell (6)
Technical Indicators:SellBuy (2)Sell (5)","Name
S3
S2
S1
Pivot Points
R1
R2
R3
Classic
0.6419
0.6421
0.6425
0.6427
0.6430
0.6433
0.6436
Fibonacci
0.6421
0.6423
0.6425
0.6427
0.6429
0.6431
0.6433
Camarilla
0.6425
0.6425
0.6426
0.6427
0.6427
0.6428
0.6428
Woodie's
0.6419
0.6421
0.6425
0.6427
0.6430
0.6433
0.6436
DeMark's
-
-
0.6422
0.6426
0.6428
-
-","Technical IndicatorsJun 17, 2021 07:03PM GMT
Name
Value
Action
RSI(14)
50.437
Neutral
STOCH(9,6)
50.995
Neutral
STOCHRSI(14)
43.128
Sell
MACD(12,26)
0.000
Buy
ADX(14)
28.500
Sell
Williams %R
-56.990
Sell
CCI(14)
-27.1410
Neutral
ATR(14)
0.0012
Less Volatility
Highs/Lows(14)
0.0000
Neutral
Ultimate Oscillator
53.969
Buy
ROC
-0.186
Sell
Bull/Bear Power(13)
-0.0009
Sell
Buy: 2
Sell: 5
Neutral: 4


Summary:Sell","Jun 17, 2021 07:03PM GMT"
usd_cny,6.4484 +0.0515    +0.80%,11:27:22,2021-06-17 19:05:10.070641,"Prev. Close: 6.3969
Bid/Ask: 6.4477 / 6.4490
Day's Range: 6.3972 - 6.4494",Strong Buy,"Summary:Strong Buy
Moving Averages:BuyBuy (12)Sell (0)
Technical Indicators:Strong BuyBuy (7)Sell (0)","Name
S3
S2
S1
Pivot Points
R1
R2
R3
Classic
6.4380
6.4399
6.4436
6.4455
6.4492
6.4511
6.4548
Fibonacci
6.4399
6.4420
6.4434
6.4455
6.4476
6.4490
6.4511
Camarilla
6.4458
6.4463
6.4468
6.4455
6.4479
6.4484
6.4489
Woodie's
6.4390
6.4404
6.4446
6.4460
6.4502
6.4516
6.4558
DeMark's
-
-
6.4446
6.4460
6.4502
-
-","Technical IndicatorsJun 17, 2021 03:34PM GMT
Name
Value
Action
RSI(14)
85.433
Overbought
STOCH(9,6)
77.649
Buy
STOCHRSI(14)
100.000
Overbought
MACD(12,26)
0.011
Buy
ADX(14)
61.337
Buy
Williams %R
-3.426
Overbought
CCI(14)
151.8010
Buy
ATR(14)
0.0041
Less Volatility
Highs/Lows(14)
0.0141
Buy
Ultimate Oscillator
82.973
Overbought
ROC
0.391
Buy
Bull/Bear Power(13)
0.0286
Buy
Buy: 7
Sell: 0
Neutral: 0


Summary:Strong Buy","Jun 17, 2021 03:34PM GMT"
usd_hkd,7.7649 +0.0019    +0.02%,15:04:32,2021-06-17 19:05:10.073353,"Prev. Close: 7.7630
Bid/Ask: 7.7647 / 7.7650
Day's Range: 7.7625 - 7.7656",Strong Buy,"Summary:Strong Buy
Moving Averages:BuyBuy (12)Sell (0)
Technical Indicators:Strong BuyBuy (7)Sell (3)","Name
S3
S2
S1
Pivot Points
R1
R2
R3
Classic
7.7646
7.7646
7.7647
7.7648
7.7649
7.7650
7.7651
Fibonacci
7.7646
7.7647
7.7647
7.7648
7.7649
7.7649
7.7650
Camarilla
7.7648
7.7648
7.7648
7.7648
7.7649
7.7649
7.7649
Woodie's
7.7646
7.7646
7.7647
7.7648
7.7649
7.7650
7.7651
DeMark's
-
-
7.7648
7.7648
7.7650
-
-","Technical IndicatorsJun 17, 2021 07:03PM GMT
Name
Value
Action
RSI(14)
58.665
Buy
STOCH(9,6)
43.421
Sell
STOCHRSI(14)
38.355
Sell
MACD(12,26)
0.001
Buy
ADX(14)
45.619
Buy
Williams %R
-31.593
Buy
CCI(14)
79.7411
Buy
ATR(14)
0.0009
Less Volatility
Highs/Lows(14)
0.0000
Neutral
Ultimate Oscillator
46.866
Sell
ROC
0.003
Buy
Bull/Bear Power(13)
0.0017
Buy
Buy: 7
Sell: 3
Neutral: 1


Summary:Strong Buy","Jun 17, 2021 07:03PM GMT"
eur_usd,1.1913 -0.0081    -0.68%,15:05:36,2021-06-17 19:06:09.918821,"Prev. Close: 1.1994
Bid/Ask: 1.1911 / 1.1915
Day's Range: 1.1892 - 1.2007",Strong Sell,"Summary:Strong Sell
Moving Averages:SellBuy (1)Sell (11)
Technical Indicators:Strong SellBuy (0)Sell (9)","Name
S3
S2
S1
Pivot Points
R1
R2
R3
Classic
1.1895
1.1903
1.1907
1.1915
1.1919
1.1927
1.1931
Fibonacci
1.1903
1.1908
1.1910
1.1915
1.1920
1.1922
1.1927
Camarilla
1.1908
1.1909
1.1910
1.1915
1.1912
1.1913
1.1914
Woodie's
1.1893
1.1902
1.1905
1.1914
1.1917
1.1926
1.1929
DeMark's
-
-
1.1905
1.1914
1.1917
-
-","Technical IndicatorsJun 17, 2021 07:03PM GMT
Name
Value
Action
RSI(14)
27.881
Sell
STOCH(9,6)
28.587
Sell
STOCHRSI(14)
100.000
Overbought
MACD(12,26)
-0.004
Sell
ADX(14)
36.696
Sell
Williams %R
-81.250
Oversold
CCI(14)
-99.7834
Sell
ATR(14)
0.0022
High Volatility
Highs/Lows(14)
-0.0012
Sell
Ultimate Oscillator
36.275
Sell
ROC
-0.742
Sell
Bull/Bear Power(13)
-0.0033
Sell
Buy: 0
Sell: 9
Neutral: 0


Summary:Strong Sell","Jun 17, 2021 07:03PM GMT"
gbp_usd,1.3928 -0.0059    -0.42%,15:05:31,2021-06-17 19:06:09.922351,"Prev. Close: 1.3987
Bid/Ask: 1.3926 / 1.3930
Day's Range: 1.3896 - 1.4010",Strong Sell,"Summary:Strong Sell
Moving Averages:SellBuy (2)Sell (10)
Technical Indicators:Strong SellBuy (0)Sell (10)","Name
S3
S2
S1
Pivot Points
R1
R2
R3
Classic
1.3906
1.3915
1.3918
1.3927
1.3931
1.3939
1.3943
Fibonacci
1.3915
1.3920
1.3922
1.3927
1.3932
1.3934
1.3939
Camarilla
1.3920
1.3921
1.3922
1.3927
1.3925
1.3926
1.3927
Woodie's
1.3904
1.3914
1.3916
1.3926
1.3929
1.3938
1.3941
DeMark's
-
-
1.3917
1.3926
1.3930
-
-","Technical IndicatorsJun 17, 2021 07:05PM GMT
Name
Value
Action
RSI(14)
36.829
Sell
STOCH(9,6)
30.737
Sell
STOCHRSI(14)
100.000
Overbought
MACD(12,26)
-0.003
Sell
ADX(14)
37.932
Sell
Williams %R
-70.320
Sell
CCI(14)
-73.6486
Sell
ATR(14)
0.0026
High Volatility
Highs/Lows(14)
-0.0007
Sell
Ultimate Oscillator
38.820
Sell
ROC
-0.543
Sell
Bull/Bear Power(13)
-0.0026
Sell
Buy: 0
Sell: 10
Neutral: 0


Summary:Strong Sell","Jun 17, 2021 07:05PM GMT"
usd_jpy,110.25 -0.45    -0.40%,15:05:44,2021-06-17 19:06:09.925302,"Prev. Close: 110.69
Bid/Ask: 110.24 / 110.25
Day's Range: 110.17 - 110.83",Strong Sell,"Summary:Strong Sell
Moving Averages:SellBuy (4)Sell (8)
Technical Indicators:Strong SellBuy (0)Sell (8)","Name
S3
S2
S1
Pivot Points
R1
R2
R3
Classic
110.15
110.17
110.21
110.23
110.27
110.29
110.32
Fibonacci
110.17
110.19
110.21
110.23
110.25
110.27
110.29
Camarilla
110.24
110.24
110.25
110.23
110.26
110.27
110.27
Woodie's
110.17
110.18
110.23
110.24
110.29
110.30
110.34
DeMark's
-
-
110.23
110.24
110.29
-
-","Technical IndicatorsJun 17, 2021 07:03PM GMT
Name
Value
Action
RSI(14)
41.292
Sell
STOCH(9,6)
15.027
Oversold
STOCHRSI(14)
11.032
Oversold
MACD(12,26)
-0.020
Sell
ADX(14)
35.849
Sell
Williams %R
-85.714
Oversold
CCI(14)
-89.5948
Sell
ATR(14)
0.1279
Less Volatility
Highs/Lows(14)
-0.1604
Sell
Ultimate Oscillator
43.663
Sell
ROC
-0.352
Sell
Bull/Bear Power(13)
-0.2960
Sell
Buy: 0
Sell: 8
Neutral: 0


Summary:Strong Sell","Jun 17, 2021 07:03PM GMT"
aud_usd,0.7555 -0.0056    -0.73%,15:05:40,2021-06-17 19:06:09.928151,"Prev. Close: 0.7610
Bid/Ask: 0.7552 / 0.7557
Day's Range: 0.7540 - 0.7646",Strong Sell,"Summary:Strong Sell
Moving Averages:SellBuy (1)Sell (11)
Technical Indicators:Strong SellBuy (1)Sell (9)","Name
S3
S2
S1
Pivot Points
R1
R2
R3
Classic
0.7540
0.7546
0.7549
0.7555
0.7558
0.7564
0.7568
Fibonacci
0.7546
0.7549
0.7551
0.7555
0.7559
0.7561
0.7564
Camarilla
0.7549
0.7550
0.7551
0.7555
0.7552
0.7553
0.7554
Woodie's
0.7538
0.7545
0.7547
0.7554
0.7556
0.7563
0.7566
DeMark's
-
-
0.7547
0.7554
0.7556
-
-","Technical IndicatorsJun 17, 2021 07:05PM GMT
Name
Value
Action
RSI(14)
28.510
Sell
STOCH(9,6)
21.788
Sell
STOCHRSI(14)
72.166
Buy
MACD(12,26)
-0.003
Sell
ADX(14)
45.554
Sell
Williams %R
-84.153
Oversold
CCI(14)
-86.2540
Sell
ATR(14)
0.0018
Less Volatility
Highs/Lows(14)
-0.0015
Sell
Ultimate Oscillator
31.229
Sell
ROC
-1.003
Sell
Bull/Bear Power(13)
-0.0034
Sell
Buy: 1
Sell: 9
Neutral: 0


Summary:Strong Sell","Jun 17, 2021 07:05PM GMT"
eur_gbp,0.8554 -0.0019    -0.23%,15:05:41,2021-06-17 19:06:09.930979,"Prev. Close: 0.8573
Bid/Ask: 0.8551 / 0.8556
Day's Range: 0.8542 - 0.8580",Strong Sell,"Summary:Strong Sell
Moving Averages:Strong SellBuy (0)Sell (12)
Technical Indicators:Strong SellBuy (1)Sell (8)","Name
S3
S2
S1
Pivot Points
R1
R2
R3
Classic
0.8548
0.8551
0.8552
0.8555
0.8556
0.8559
0.8561
Fibonacci
0.8551
0.8552
0.8553
0.8555
0.8557
0.8558
0.8559
Camarilla
0.8553
0.8554
0.8554
0.8555
0.8555
0.8555
0.8556
Woodie's
0.8548
0.8551
0.8552
0.8555
0.8556
0.8559
0.8561
DeMark's
-
-
0.8552
0.8555
0.8556
-
-","Technical IndicatorsJun 17, 2021 07:05PM GMT
Name
Value
Action
RSI(14)
36.413
Sell
STOCH(9,6)
48.559
Neutral
STOCHRSI(14)
64.873
Buy
MACD(12,26)
-0.001
Sell
ADX(14)
34.369
Sell
Williams %R
-64.062
Sell
CCI(14)
-71.7178
Sell
ATR(14)
0.0011
High Volatility
Highs/Lows(14)
0.0000
Neutral
Ultimate Oscillator
46.777
Sell
ROC
-0.198
Sell
Bull/Bear Power(13)
-0.0011
Sell
Buy: 1
Sell: 8
Neutral: 2


Summary:Strong Sell","Jun 17, 2021 07:05PM GMT"
usd_cad,1.2349 +0.0073    +0.59%,15:05:38,2021-06-17 19:06:09.933751,"Prev. Close: 1.2276
Bid/Ask: 1.2348 / 1.2349
Day's Range: 1.2261 - 1.2378",Strong Buy,"Summary:Strong Buy
Moving Averages:BuyBuy (10)Sell (2)
Technical Indicators:Strong BuyBuy (10)Sell (0)","Name
S3
S2
S1
Pivot Points
R1
R2
R3
Classic
1.2329
1.2334
1.2343
1.2349
1.2358
1.2364
1.2373
Fibonacci
1.2334
1.2340
1.2343
1.2349
1.2355
1.2358
1.2364
Camarilla
1.2348
1.2349
1.2351
1.2349
1.2353
1.2355
1.2356
Woodie's
1.2331
1.2335
1.2345
1.2350
1.2360
1.2365
1.2375
DeMark's
-
-
1.2345
1.2350
1.2360
-
-","Technical IndicatorsJun 17, 2021 07:05PM GMT
Name
Value
Action
RSI(14)
67.902
Buy
STOCH(9,6)
67.610
Buy
STOCHRSI(14)
13.720
Oversold
MACD(12,26)
0.003
Buy
ADX(14)
36.372
Buy
Williams %R
-27.754
Buy
CCI(14)
90.5059
Buy
ATR(14)
0.0026
High Volatility
Highs/Lows(14)
0.0007
Buy
Ultimate Oscillator
67.478
Buy
ROC
0.640
Buy
Bull/Bear Power(13)
0.0039
Buy
Buy: 10
Sell: 0
Neutral: 0


Summary:Strong Buy","Jun 17, 2021 07:05PM GMT"
usd_chf,0.9174 +0.0089    +0.98%,15:05:39,2021-06-17 19:06:09.936498,"Prev. Close: 0.9085
Bid/Ask: 0.9172 / 0.9176
Day's Range: 0.9076 - 0.9188",Strong Buy,"Summary:Strong Buy
Moving Averages:Strong BuyBuy (11)Sell (1)
Technical Indicators:Strong BuyBuy (7)Sell (0)","Name
S3
S2
S1
Pivot Points
R1
R2
R3
Classic
0.9159
0.9162
0.9168
0.9171
0.9177
0.9180
0.9185
Fibonacci
0.9162
0.9166
0.9168
0.9171
0.9174
0.9176
0.9180
Camarilla
0.9171
0.9172
0.9173
0.9171
0.9174
0.9175
0.9176
Woodie's
0.9161
0.9163
0.9170
0.9172
0.9179
0.9181
0.9187
DeMark's
-
-
0.9169
0.9172
0.9178
-
-","Technical IndicatorsJun 17, 2021 07:05PM GMT
Name
Value
Action
RSI(14)
76.372
Overbought
STOCH(9,6)
78.286
Buy
STOCHRSI(14)
6.253
Oversold
MACD(12,26)
0.004
Buy
ADX(14)
37.864
Buy
Williams %R
-12.560
Overbought
CCI(14)
100.5356
Buy
ATR(14)
0.0018
High Volatility
Highs/Lows(14)
0.0016
Buy
Ultimate Oscillator
70.192
Overbought
ROC
1.018
Buy
Bull/Bear Power(13)
0.0047
Buy
Buy: 7
Sell: 0
Neutral: 0


Summary:Strong Buy","Jun 17, 2021 07:05PM GMT"
nzd_chf,0.6428 +0.0024    +0.37%,15:05:41,2021-06-17 19:06:09.939236,"Prev. Close: 0.6404
Bid/Ask: 0.6424 / 0.6431
Day's Range: 0.6406 - 0.6453",Neutral,"Summary:Neutral
Moving Averages:BuyBuy (9)Sell (3)
Technical Indicators:SellBuy (2)Sell (3)","Name
S3
S2
S1
Pivot Points
R1
R2
R3
Classic
0.6419
0.6421
0.6425
0.6427
0.6430
0.6433
0.6436
Fibonacci
0.6421
0.6423
0.6425
0.6427
0.6429
0.6431
0.6433
Camarilla
0.6425
0.6425
0.6426
0.6427
0.6427
0.6428
0.6428
Woodie's
0.6419
0.6421
0.6425
0.6427
0.6430
0.6433
0.6436
DeMark's
-
-
0.6422
0.6426
0.6428
-
-","Technical IndicatorsJun 17, 2021 07:05PM GMT
Name
Value
Action
RSI(14)
51.888
Neutral
STOCH(9,6)
52.356
Neutral
STOCHRSI(14)
48.689
Neutral
MACD(12,26)
0.000
Buy
ADX(14)
28.500
Sell
Williams %R
-52.689
Neutral
CCI(14)
-18.0862
Neutral
ATR(14)
0.0012
Less Volatility
Highs/Lows(14)
0.0000
Neutral
Ultimate Oscillator
55.144
Buy
ROC
-0.155
Sell
Bull/Bear Power(13)
-0.0007
Sell
Buy: 2
Sell: 3
Neutral: 6


Summary:Sell","Jun 17, 2021 07:05PM GMT"
usd_cny,6.4484 +0.0515    +0.80%,11:27:22,2021-06-17 19:06:09.941953,"Prev. Close: 6.3969
Bid/Ask: 6.4477 / 6.4490
Day's Range: 6.3972 - 6.4494",Strong Buy,"Summary:Strong Buy
Moving Averages:BuyBuy (12)Sell (0)
Technical Indicators:Strong BuyBuy (7)Sell (0)","Name
S3
S2
S1
Pivot Points
R1
R2
R3
Classic
6.4380
6.4399
6.4436
6.4455
6.4492
6.4511
6.4548
Fibonacci
6.4399
6.4420
6.4434
6.4455
6.4476
6.4490
6.4511
Camarilla
6.4458
6.4463
6.4468
6.4455
6.4479
6.4484
6.4489
Woodie's
6.4390
6.4404
6.4446
6.4460
6.4502
6.4516
6.4558
DeMark's
-
-
6.4446
6.4460
6.4502
-
-","Technical IndicatorsJun 17, 2021 03:34PM GMT
Name
Value
Action
RSI(14)
85.433
Overbought
STOCH(9,6)
77.649
Buy
STOCHRSI(14)
100.000
Overbought
MACD(12,26)
0.011
Buy
ADX(14)
61.337
Buy
Williams %R
-3.426
Overbought
CCI(14)
151.8010
Buy
ATR(14)
0.0041
Less Volatility
Highs/Lows(14)
0.0141
Buy
Ultimate Oscillator
82.973
Overbought
ROC
0.391
Buy
Bull/Bear Power(13)
0.0286
Buy
Buy: 7
Sell: 0
Neutral: 0


Summary:Strong Buy","Jun 17, 2021 03:34PM GMT"
usd_hkd,7.7649 +0.0019    +0.02%,15:05:32,2021-06-17 19:06:09.944686,"Prev. Close: 7.7630
Bid/Ask: 7.7647 / 7.7650
Day's Range: 7.7625 - 7.7656",Strong Buy,"Summary:Strong Buy
Moving Averages:BuyBuy (12)Sell (0)
Technical Indicators:Strong BuyBuy (7)Sell (3)","Name
S3
S2
S1
Pivot Points
R1
R2
R3
Classic
7.7646
7.7646
7.7647
7.7648
7.7649
7.7650
7.7651
Fibonacci
7.7646
7.7647
7.7647
7.7648
7.7649
7.7649
7.7650
Camarilla
7.7648
7.7648
7.7648
7.7648
7.7649
7.7649
7.7649
Woodie's
7.7646
7.7646
7.7647
7.7648
7.7649
7.7650
7.7651
DeMark's
-
-
7.7648
7.7648
7.7650
-
-","Technical IndicatorsJun 17, 2021 07:05PM GMT
Name
Value
Action
RSI(14)
58.665
Buy
STOCH(9,6)
43.421
Sell
STOCHRSI(14)
38.355
Sell
MACD(12,26)
0.001
Buy
ADX(14)
45.619
Buy
Williams %R
-31.593
Buy
CCI(14)
79.7411
Buy
ATR(14)
0.0009
Less Volatility
Highs/Lows(14)
0.0000
Neutral
Ultimate Oscillator
46.866
Sell
ROC
0.003
Buy
Bull/Bear Power(13)
0.0017
Buy
Buy: 7
Sell: 3
Neutral: 1


Summary:Strong Buy","Jun 17, 2021 07:05PM GMT"
eur_usd,1.1911 -0.0083    -0.69%,15:06:49,2021-06-17 19:07:09.788386,"Prev. Close: 1.1994
Bid/Ask: 1.1909 / 1.1913
Day's Range: 1.1892 - 1.2007",Strong Sell,"Summary:Strong Sell
Moving Averages:SellBuy (1)Sell (11)
Technical Indicators:Strong SellBuy (0)Sell (9)","Name
S3
S2
S1
Pivot Points
R1
R2
R3
Classic
1.1895
1.1903
1.1907
1.1915
1.1919
1.1927
1.1931
Fibonacci
1.1903
1.1908
1.1910
1.1915
1.1920
1.1922
1.1927
Camarilla
1.1908
1.1909
1.1910
1.1915
1.1912
1.1913
1.1914
Woodie's
1.1893
1.1902
1.1905
1.1914
1.1917
1.1926
1.1929
DeMark's
-
-
1.1905
1.1914
1.1917
-
-","Technical IndicatorsJun 17, 2021 07:05PM GMT
Name
Value
Action
RSI(14)
27.881
Sell
STOCH(9,6)
28.587
Sell
STOCHRSI(14)
100.000
Overbought
MACD(12,26)
-0.004
Sell
ADX(14)
36.696
Sell
Williams %R
-81.250
Oversold
CCI(14)
-99.7834
Sell
ATR(14)
0.0022
High Volatility
Highs/Lows(14)
-0.0012
Sell
Ultimate Oscillator
36.275
Sell
ROC
-0.742
Sell
Bull/Bear Power(13)
-0.0033
Sell
Buy: 0
Sell: 9
Neutral: 0


Summary:Strong Sell","Jun 17, 2021 07:05PM GMT"
gbp_usd,1.3925 -0.0062    -0.44%,15:06:42,2021-06-17 19:07:09.791935,"Prev. Close: 1.3987
Bid/Ask: 1.3924 / 1.3926
Day's Range: 1.3896 - 1.4010",Strong Sell,"Summary:Strong Sell
Moving Averages:SellBuy (2)Sell (10)
Technical Indicators:Strong SellBuy (0)Sell (10)","Name
S3
S2
S1
Pivot Points
R1
R2
R3
Classic
1.3906
1.3915
1.3918
1.3927
1.3931
1.3939
1.3943
Fibonacci
1.3915
1.3920
1.3922
1.3927
1.3932
1.3934
1.3939
Camarilla
1.3920
1.3921
1.3922
1.3927
1.3925
1.3926
1.3927
Woodie's
1.3904
1.3914
1.3916
1.3926
1.3929
1.3938
1.3941
DeMark's
-
-
1.3917
1.3926
1.3930
-
-","Technical IndicatorsJun 17, 2021 07:05PM GMT
Name
Value
Action
RSI(14)
36.829
Sell
STOCH(9,6)
30.737
Sell
STOCHRSI(14)
100.000
Overbought
MACD(12,26)
-0.003
Sell
ADX(14)
37.932
Sell
Williams %R
-70.320
Sell
CCI(14)
-73.6486
Sell
ATR(14)
0.0026
High Volatility
Highs/Lows(14)
-0.0007
Sell
Ultimate Oscillator
38.820
Sell
ROC
-0.543
Sell
Bull/Bear Power(13)
-0.0026
Sell
Buy: 0
Sell: 10
Neutral: 0


Summary:Strong Sell","Jun 17, 2021 07:05PM GMT"
usd_jpy,110.26 -0.43    -0.39%,15:06:38,2021-06-17 19:07:09.794902,"Prev. Close: 110.69
Bid/Ask: 110.25 / 110.27
Day's Range: 110.17 - 110.83",Strong Sell,"Summary:Strong Sell
Moving Averages:SellBuy (4)Sell (8)
Technical Indicators:Strong SellBuy (0)Sell (8)","Name
S3
S2
S1
Pivot Points
R1
R2
R3
Classic
110.15
110.17
110.21
110.23
110.27
110.29
110.32
Fibonacci
110.17
110.19
110.21
110.23
110.25
110.27
110.29
Camarilla
110.24
110.24
110.25
110.23
110.26
110.27
110.27
Woodie's
110.17
110.18
110.23
110.24
110.29
110.30
110.34
DeMark's
-
-
110.23
110.24
110.29
-
-","Technical IndicatorsJun 17, 2021 07:05PM GMT
Name
Value
Action
RSI(14)
41.292
Sell
STOCH(9,6)
15.027
Oversold
STOCHRSI(14)
11.032
Oversold
MACD(12,26)
-0.020
Sell
ADX(14)
35.849
Sell
Williams %R
-85.714
Oversold
CCI(14)
-89.5948
Sell
ATR(14)
0.1279
Less Volatility
Highs/Lows(14)
-0.1604
Sell
Ultimate Oscillator
43.663
Sell
ROC
-0.352
Sell
Bull/Bear Power(13)
-0.2960
Sell
Buy: 0
Sell: 8
Neutral: 0


Summary:Strong Sell","Jun 17, 2021 07:05PM GMT"
aud_usd,0.7553 -0.0057    -0.76%,15:06:45,2021-06-17 19:07:09.797685,"Prev. Close: 0.7610
Bid/Ask: 0.7552 / 0.7553
Day's Range: 0.7540 - 0.7646",Strong Sell,"Summary:Strong Sell
Moving Averages:SellBuy (1)Sell (11)
Technical Indicators:Strong SellBuy (1)Sell (9)","Name
S3
S2
S1
Pivot Points
R1
R2
R3
Classic
0.7540
0.7546
0.7549
0.7555
0.7558
0.7564
0.7568
Fibonacci
0.7546
0.7549
0.7551
0.7555
0.7559
0.7561
0.7564
Camarilla
0.7549
0.7550
0.7551
0.7555
0.7552
0.7553
0.7554
Woodie's
0.7538
0.7545
0.7547
0.7554
0.7556
0.7563
0.7566
DeMark's
-
-
0.7547
0.7554
0.7556
-
-","Technical IndicatorsJun 17, 2021 07:05PM GMT
Name
Value
Action
RSI(14)
28.510
Sell
STOCH(9,6)
21.788
Sell
STOCHRSI(14)
72.166
Buy
MACD(12,26)
-0.003
Sell
ADX(14)
45.554
Sell
Williams %R
-84.153
Oversold
CCI(14)
-86.2540
Sell
ATR(14)
0.0018
Less Volatility
Highs/Lows(14)
-0.0015
Sell
Ultimate Oscillator
31.229
Sell
ROC
-1.003
Sell
Bull/Bear Power(13)
-0.0034
Sell
Buy: 1
Sell: 9
Neutral: 0


Summary:Strong Sell","Jun 17, 2021 07:05PM GMT"
eur_gbp,0.8553 -0.0021    -0.24%,15:06:31,2021-06-17 19:07:09.800473,"Prev. Close: 0.8573
Bid/Ask: 0.8551 / 0.8554
Day's Range: 0.8542 - 0.8580",Strong Sell,"Summary:Strong Sell
Moving Averages:Strong SellBuy (0)Sell (12)
Technical Indicators:Strong SellBuy (1)Sell (8)","Name
S3
S2
S1
Pivot Points
R1
R2
R3
Classic
0.8548
0.8551
0.8552
0.8555
0.8556
0.8559
0.8561
Fibonacci
0.8551
0.8552
0.8553
0.8555
0.8557
0.8558
0.8559
Camarilla
0.8553
0.8554
0.8554
0.8555
0.8555
0.8555
0.8556
Woodie's
0.8548
0.8551
0.8552
0.8555
0.8556
0.8559
0.8561
DeMark's
-
-
0.8552
0.8555
0.8556
-
-","Technical IndicatorsJun 17, 2021 07:05PM GMT
Name
Value
Action
RSI(14)
36.413
Sell
STOCH(9,6)
48.559
Neutral
STOCHRSI(14)
64.873
Buy
MACD(12,26)
-0.001
Sell
ADX(14)
34.369
Sell
Williams %R
-64.062
Sell
CCI(14)
-71.7178
Sell
ATR(14)
0.0011
High Volatility
Highs/Lows(14)
0.0000
Neutral
Ultimate Oscillator
46.777
Sell
ROC
-0.198
Sell
Bull/Bear Power(13)
-0.0011
Sell
Buy: 1
Sell: 8
Neutral: 2


Summary:Strong Sell","Jun 17, 2021 07:05PM GMT"
usd_cad,1.2351 +0.0075    +0.61%,15:06:45,2021-06-17 19:07:09.803234,"Prev. Close: 1.2276
Bid/Ask: 1.2349 / 1.2353
Day's Range: 1.2261 - 1.2378",Strong Buy,"Summary:Strong Buy
Moving Averages:BuyBuy (10)Sell (2)
Technical Indicators:Strong BuyBuy (10)Sell (0)","Name
S3
S2
S1
Pivot Points
R1
R2
R3
Classic
1.2329
1.2334
1.2343
1.2349
1.2358
1.2364
1.2373
Fibonacci
1.2334
1.2340
1.2343
1.2349
1.2355
1.2358
1.2364
Camarilla
1.2348
1.2349
1.2351
1.2349
1.2353
1.2355
1.2356
Woodie's
1.2331
1.2335
1.2345
1.2350
1.2360
1.2365
1.2375
DeMark's
-
-
1.2345
1.2350
1.2360
-
-","Technical IndicatorsJun 17, 2021 07:05PM GMT
Name
Value
Action
RSI(14)
67.902
Buy
STOCH(9,6)
67.610
Buy
STOCHRSI(14)
13.720
Oversold
MACD(12,26)
0.003
Buy
ADX(14)
36.372
Buy
Williams %R
-27.754
Buy
CCI(14)
90.5059
Buy
ATR(14)
0.0026
High Volatility
Highs/Lows(14)
0.0007
Buy
Ultimate Oscillator
67.478
Buy
ROC
0.640
Buy
Bull/Bear Power(13)
0.0039
Buy
Buy: 10
Sell: 0
Neutral: 0


Summary:Strong Buy","Jun 17, 2021 07:05PM GMT"
usd_chf,0.9176 +0.0091    +1.00%,15:06:50,2021-06-17 19:07:09.805959,"Prev. Close: 0.9085
Bid/Ask: 0.9174 / 0.9178
Day's Range: 0.9076 - 0.9188",Strong Buy,"Summary:Strong Buy
Moving Averages:Strong BuyBuy (11)Sell (1)
Technical Indicators:Strong BuyBuy (7)Sell (0)","Name
S3
S2
S1
Pivot Points
R1
R2
R3
Classic
0.9159
0.9162
0.9168
0.9171
0.9177
0.9180
0.9185
Fibonacci
0.9162
0.9166
0.9168
0.9171
0.9174
0.9176
0.9180
Camarilla
0.9171
0.9172
0.9173
0.9171
0.9174
0.9175
0.9176
Woodie's
0.9161
0.9163
0.9170
0.9172
0.9179
0.9181
0.9187
DeMark's
-
-
0.9169
0.9172
0.9178
-
-","Technical IndicatorsJun 17, 2021 07:05PM GMT
Name
Value
Action
RSI(14)
76.372
Overbought
STOCH(9,6)
78.286
Buy
STOCHRSI(14)
6.253
Oversold
MACD(12,26)
0.004
Buy
ADX(14)
37.864
Buy
Williams %R
-12.560
Overbought
CCI(14)
100.5356
Buy
ATR(14)
0.0018
High Volatility
Highs/Lows(14)
0.0016
Buy
Ultimate Oscillator
70.192
Overbought
ROC
1.018
Buy
Bull/Bear Power(13)
0.0047
Buy
Buy: 7
Sell: 0
Neutral: 0


Summary:Strong Buy","Jun 17, 2021 07:05PM GMT"
nzd_chf,0.6428 +0.0024    +0.37%,15:06:51,2021-06-17 19:07:09.808693,"Prev. Close: 0.6404
Bid/Ask: 0.6425 / 0.6431
Day's Range: 0.6406 - 0.6453",Neutral,"Summary:Neutral
Moving Averages:BuyBuy (9)Sell (3)
Technical Indicators:SellBuy (2)Sell (3)","Name
S3
S2
S1
Pivot Points
R1
R2
R3
Classic
0.6419
0.6421
0.6425
0.6427
0.6430
0.6433
0.6436
Fibonacci
0.6421
0.6423
0.6425
0.6427
0.6429
0.6431
0.6433
Camarilla
0.6425
0.6425
0.6426
0.6427
0.6427
0.6428
0.6428
Woodie's
0.6419
0.6421
0.6425
0.6427
0.6430
0.6433
0.6436
DeMark's
-
-
0.6422
0.6426
0.6428
-
-","Technical IndicatorsJun 17, 2021 07:05PM GMT
Name
Value
Action
RSI(14)
51.888
Neutral
STOCH(9,6)
52.356
Neutral
STOCHRSI(14)
48.689
Neutral
MACD(12,26)
0.000
Buy
ADX(14)
28.500
Sell
Williams %R
-52.689
Neutral
CCI(14)
-18.0862
Neutral
ATR(14)
0.0012
Less Volatility
Highs/Lows(14)
0.0000
Neutral
Ultimate Oscillator
55.144
Buy
ROC
-0.155
Sell
Bull/Bear Power(13)
-0.0007
Sell
Buy: 2
Sell: 3
Neutral: 6


Summary:Sell","Jun 17, 2021 07:05PM GMT"
usd_cny,6.4484 +0.0515    +0.80%,11:27:22,2021-06-17 19:07:09.811418,"Prev. Close: 6.3969
Bid/Ask: 6.4477 / 6.4490
Day's Range: 6.3972 - 6.4494",Strong Buy,"Summary:Strong Buy
Moving Averages:BuyBuy (12)Sell (0)
Technical Indicators:Strong BuyBuy (7)Sell (0)","Name
S3
S2
S1
Pivot Points
R1
R2
R3
Classic
6.4380
6.4399
6.4436
6.4455
6.4492
6.4511
6.4548
Fibonacci
6.4399
6.4420
6.4434
6.4455
6.4476
6.4490
6.4511
Camarilla
6.4458
6.4463
6.4468
6.4455
6.4479
6.4484
6.4489
Woodie's
6.4390
6.4404
6.4446
6.4460
6.4502
6.4516
6.4558
DeMark's
-
-
6.4446
6.4460
6.4502
-
-","Technical IndicatorsJun 17, 2021 03:34PM GMT
Name
Value
Action
RSI(14)
85.433
Overbought
STOCH(9,6)
77.649
Buy
STOCHRSI(14)
100.000
Overbought
MACD(12,26)
0.011
Buy
ADX(14)
61.337
Buy
Williams %R
-3.426
Overbought
CCI(14)
151.8010
Buy
ATR(14)
0.0041
Less Volatility
Highs/Lows(14)
0.0141
Buy
Ultimate Oscillator
82.973
Overbought
ROC
0.391
Buy
Bull/Bear Power(13)
0.0286
Buy
Buy: 7
Sell: 0
Neutral: 0


Summary:Strong Buy","Jun 17, 2021 03:34PM GMT"
usd_hkd,7.7649 +0.0019    +0.02%,15:06:33,2021-06-17 19:07:09.814128,"Prev. Close: 7.7630
Bid/Ask: 7.7647 / 7.7650
Day's Range: 7.7625 - 7.7656",Strong Buy,"Summary:Strong Buy
Moving Averages:BuyBuy (12)Sell (0)
Technical Indicators:Strong BuyBuy (7)Sell (3)","Name
S3
S2
S1
Pivot Points
R1
R2
R3
Classic
7.7646
7.7646
7.7647
7.7648
7.7649
7.7650
7.7651
Fibonacci
7.7646
7.7647
7.7647
7.7648
7.7649
7.7649
7.7650
Camarilla
7.7648
7.7648
7.7648
7.7648
7.7649
7.7649
7.7649
Woodie's
7.7646
7.7646
7.7647
7.7648
7.7649
7.7650
7.7651
DeMark's
-
-
7.7648
7.7648
7.7650
-
-","Technical IndicatorsJun 17, 2021 07:07PM GMT
Name
Value
Action
RSI(14)
58.665
Buy
STOCH(9,6)
43.421
Sell
STOCHRSI(14)
38.355
Sell
MACD(12,26)
0.001
Buy
ADX(14)
45.619
Buy
Williams %R
-31.593
Buy
CCI(14)
79.7411
Buy
ATR(14)
0.0009
Less Volatility
Highs/Lows(14)
0.0000
Neutral
Ultimate Oscillator
46.866
Sell
ROC
0.003
Buy
Bull/Bear Power(13)
0.0017
Buy
Buy: 7
Sell: 3
Neutral: 1


Summary:Strong Buy","Jun 17, 2021 07:07PM GMT"
eur_usd,1.1910 -0.0084    -0.70%,15:07:36,2021-06-17 19:08:10.116579,"Prev. Close: 1.1994
Bid/Ask: 1.1908 / 1.1912
Day's Range: 1.1892 - 1.2007",Strong Sell,"Summary:Strong Sell
Moving Averages:SellBuy (1)Sell (11)
Technical Indicators:Strong SellBuy (0)Sell (9)","Name
S3
S2
S1
Pivot Points
R1
R2
R3
Classic
1.1895
1.1903
1.1907
1.1915
1.1919
1.1927
1.1931
Fibonacci
1.1903
1.1908
1.1910
1.1915
1.1920
1.1922
1.1927
Camarilla
1.1908
1.1909
1.1910
1.1915
1.1912
1.1913
1.1914
Woodie's
1.1893
1.1902
1.1905
1.1914
1.1917
1.1926
1.1929
DeMark's
-
-
1.1905
1.1914
1.1917
-
-","Technical IndicatorsJun 17, 2021 07:05PM GMT
Name
Value
Action
RSI(14)
27.881
Sell
STOCH(9,6)
28.587
Sell
STOCHRSI(14)
100.000
Overbought
MACD(12,26)
-0.004
Sell
ADX(14)
36.696
Sell
Williams %R
-81.250
Oversold
CCI(14)
-99.7834
Sell
ATR(14)
0.0022
High Volatility
Highs/Lows(14)
-0.0012
Sell
Ultimate Oscillator
36.275
Sell
ROC
-0.742
Sell
Bull/Bear Power(13)
-0.0033
Sell
Buy: 0
Sell: 9
Neutral: 0


Summary:Strong Sell","Jun 17, 2021 07:05PM GMT"
gbp_usd,1.3926 -0.0062    -0.44%,15:07:27,2021-06-17 19:08:10.120112,"Prev. Close: 1.3987
Bid/Ask: 1.3925 / 1.3926
Day's Range: 1.3896 - 1.4010",Strong Sell,"Summary:Strong Sell
Moving Averages:SellBuy (2)Sell (10)
Technical Indicators:Strong SellBuy (0)Sell (10)","Name
S3
S2
S1
Pivot Points
R1
R2
R3
Classic
1.3906
1.3915
1.3918
1.3927
1.3931
1.3939
1.3943
Fibonacci
1.3915
1.3920
1.3922
1.3927
1.3932
1.3934
1.3939
Camarilla
1.3920
1.3921
1.3922
1.3927
1.3925
1.3926
1.3927
Woodie's
1.3904
1.3914
1.3916
1.3926
1.3929
1.3938
1.3941
DeMark's
-
-
1.3917
1.3926
1.3930
-
-","Technical IndicatorsJun 17, 2021 07:07PM GMT
Name
Value
Action
RSI(14)
35.603
Sell
STOCH(9,6)
29.860
Sell
STOCHRSI(14)
100.000
Overbought
MACD(12,26)
-0.003
Sell
ADX(14)
37.932
Sell
Williams %R
-73.516
Sell
CCI(14)
-77.6674
Sell
ATR(14)
0.0026
High Volatility
Highs/Lows(14)
-0.0011
Sell
Ultimate Oscillator
37.344
Sell
ROC
-0.568
Sell
Bull/Bear Power(13)
-0.0027
Sell
Buy: 0
Sell: 10
Neutral: 0


Summary:Strong Sell","Jun 17, 2021 07:07PM GMT"
usd_jpy,110.26 -0.43    -0.39%,15:07:38,2021-06-17 19:08:10.122987,"Prev. Close: 110.69
Bid/Ask: 110.25 / 110.27
Day's Range: 110.17 - 110.83",Strong Sell,"Summary:Strong Sell
Moving Averages:SellBuy (4)Sell (8)
Technical Indicators:Strong SellBuy (0)Sell (8)","Name
S3
S2
S1
Pivot Points
R1
R2
R3
Classic
110.15
110.17
110.21
110.23
110.27
110.29
110.32
Fibonacci
110.17
110.19
110.21
110.23
110.25
110.27
110.29
Camarilla
110.24
110.24
110.25
110.23
110.26
110.27
110.27
Woodie's
110.17
110.18
110.23
110.24
110.29
110.30
110.34
DeMark's
-
-
110.23
110.24
110.29
-
-","Technical IndicatorsJun 17, 2021 07:05PM GMT
Name
Value
Action
RSI(14)
41.292
Sell
STOCH(9,6)
15.027
Oversold
STOCHRSI(14)
11.032
Oversold
MACD(12,26)
-0.020
Sell
ADX(14)
35.849
Sell
Williams %R
-85.714
Oversold
CCI(14)
-89.5948
Sell
ATR(14)
0.1279
Less Volatility
Highs/Lows(14)
-0.1604
Sell
Ultimate Oscillator
43.663
Sell
ROC
-0.352
Sell
Bull/Bear Power(13)
-0.2960
Sell
Buy: 0
Sell: 8
Neutral: 0


Summary:Strong Sell","Jun 17, 2021 07:05PM GMT"
aud_usd,0.7553 -0.0057    -0.76%,15:07:34,2021-06-17 19:08:10.125728,"Prev. Close: 0.7610
Bid/Ask: 0.7552 / 0.7553
Day's Range: 0.7540 - 0.7646",Strong Sell,"Summary:Strong Sell
Moving Averages:SellBuy (1)Sell (11)
Technical Indicators:Strong SellBuy (1)Sell (9)","Name
S3
S2
S1
Pivot Points
R1
R2
R3
Classic
0.7540
0.7546
0.7549
0.7555
0.7558
0.7564
0.7568
Fibonacci
0.7546
0.7549
0.7551
0.7555
0.7559
0.7561
0.7564
Camarilla
0.7549
0.7550
0.7551
0.7555
0.7552
0.7553
0.7554
Woodie's
0.7538
0.7545
0.7547
0.7554
0.7556
0.7563
0.7566
DeMark's
-
-
0.7547
0.7554
0.7556
-
-","Technical IndicatorsJun 17, 2021 07:07PM GMT
Name
Value
Action
RSI(14)
27.860
Sell
STOCH(9,6)
21.470
Sell
STOCHRSI(14)
67.645
Buy
MACD(12,26)
-0.003
Sell
ADX(14)
45.554
Sell
Williams %R
-85.246
Oversold
CCI(14)
-87.1692
Sell
ATR(14)
0.0018
Less Volatility
Highs/Lows(14)
-0.0016
Sell
Ultimate Oscillator
30.587
Sell
ROC
-1.016
Sell
Bull/Bear Power(13)
-0.0034
Sell
Buy: 1
Sell: 9
Neutral: 0


Summary:Strong Sell","Jun 17, 2021 07:07PM GMT"
eur_gbp,0.8552 -0.0021    -0.24%,15:07:31,2021-06-17 19:08:10.128466,"Prev. Close: 0.8573
Bid/Ask: 0.8549 / 0.8555
Day's Range: 0.8542 - 0.8580",Strong Sell,"Summary:Strong Sell
Moving Averages:Strong SellBuy (0)Sell (12)
Technical Indicators:Strong SellBuy (1)Sell (8)","Name
S3
S2
S1
Pivot Points
R1
R2
R3
Classic
0.8548
0.8551
0.8552
0.8555
0.8556
0.8559
0.8561
Fibonacci
0.8551
0.8552
0.8553
0.8555
0.8557
0.8558
0.8559
Camarilla
0.8553
0.8554
0.8554
0.8555
0.8555
0.8555
0.8556
Woodie's
0.8548
0.8551
0.8552
0.8555
0.8556
0.8559
0.8561
DeMark's
-
-
0.8552
0.8555
0.8556
-
-","Technical IndicatorsJun 17, 2021 07:07PM GMT
Name
Value
Action
RSI(14)
36.413
Sell
STOCH(9,6)
48.559
Neutral
STOCHRSI(14)
64.873
Buy
MACD(12,26)
-0.001
Sell
ADX(14)
34.713
Sell
Williams %R
-64.062
Sell
CCI(14)
-74.2502
Sell
ATR(14)
0.0011
High Volatility
Highs/Lows(14)
0.0000
Neutral
Ultimate Oscillator
47.082
Sell
ROC
-0.198
Sell
Bull/Bear Power(13)
-0.0012
Sell
Buy: 1
Sell: 8
Neutral: 2


Summary:Strong Sell","Jun 17, 2021 07:07PM GMT"
usd_cad,1.2348 +0.0072    +0.59%,15:07:39,2021-06-17 19:08:10.131198,"Prev. Close: 1.2276
Bid/Ask: 1.2346 / 1.2350
Day's Range: 1.2261 - 1.2378",Strong Buy,"Summary:Strong Buy
Moving Averages:Strong BuyBuy (11)Sell (1)
Technical Indicators:Strong BuyBuy (10)Sell (1)","Name
S3
S2
S1
Pivot Points
R1
R2
R3
Classic
1.2329
1.2334
1.2343
1.2349
1.2358
1.2364
1.2373
Fibonacci
1.2334
1.2340
1.2343
1.2349
1.2355
1.2358
1.2364
Camarilla
1.2348
1.2349
1.2351
1.2349
1.2353
1.2355
1.2356
Woodie's
1.2331
1.2335
1.2345
1.2350
1.2360
1.2365
1.2375
DeMark's
-
-
1.2345
1.2350
1.2360
-
-","Technical IndicatorsJun 17, 2021 07:07PM GMT
Name
Value
Action
RSI(14)
70.171
Buy
STOCH(9,6)
68.519
Buy
STOCHRSI(14)
30.834
Sell
MACD(12,26)
0.003
Buy
ADX(14)
36.372
Buy
Williams %R
-23.789
Buy
CCI(14)
95.1009
Buy
ATR(14)
0.0026
High Volatility
Highs/Lows(14)
0.0012
Buy
Ultimate Oscillator
69.289
Buy
ROC
0.677
Buy
Bull/Bear Power(13)
0.0039
Buy
Buy: 10
Sell: 1
Neutral: 0


Summary:Strong Buy","Jun 17, 2021 07:07PM GMT"
usd_chf,0.9176 +0.0091    +1.00%,15:07:38,2021-06-17 19:08:10.133909,"Prev. Close: 0.9085
Bid/Ask: 0.9174 / 0.9178
Day's Range: 0.9076 - 0.9188",Strong Buy,"Summary:Strong Buy
Moving Averages:Strong BuyBuy (11)Sell (1)
Technical Indicators:Strong BuyBuy (8)Sell (0)","Name
S3
S2
S1
Pivot Points
R1
R2
R3
Classic
0.9159
0.9162
0.9168
0.9171
0.9177
0.9180
0.9185
Fibonacci
0.9162
0.9166
0.9168
0.9171
0.9174
0.9176
0.9180
Camarilla
0.9171
0.9172
0.9173
0.9171
0.9174
0.9175
0.9176
Woodie's
0.9161
0.9163
0.9170
0.9172
0.9179
0.9181
0.9187
DeMark's
-
-
0.9169
0.9172
0.9178
-
-","Technical IndicatorsJun 17, 2021 07:07PM GMT
Name
Value
Action
RSI(14)
76.575
Overbought
STOCH(9,6)
78.595
Buy
STOCHRSI(14)
8.049
Oversold
MACD(12,26)
0.004
Buy
ADX(14)
38.358
Buy
Williams %R
-11.594
Overbought
CCI(14)
103.6080
Buy
ATR(14)
0.0018
High Volatility
Highs/Lows(14)
0.0017
Buy
Ultimate Oscillator
69.941
Buy
ROC
1.029
Buy
Bull/Bear Power(13)
0.0049
Buy
Buy: 8
Sell: 0
Neutral: 0


Summary:Strong Buy","Jun 17, 2021 07:07PM GMT"
nzd_chf,0.6429 +0.0024    +0.38%,15:07:38,2021-06-17 19:08:10.136647,"Prev. Close: 0.6404
Bid/Ask: 0.6428 / 0.6429
Day's Range: 0.6406 - 0.6453",Neutral,"Summary:Neutral
Moving Averages:BuyBuy (9)Sell (3)
Technical Indicators:SellBuy (2)Sell (3)","Name
S3
S2
S1
Pivot Points
R1
R2
R3
Classic
0.6419
0.6421
0.6425
0.6427
0.6430
0.6433
0.6436
Fibonacci
0.6421
0.6423
0.6425
0.6427
0.6429
0.6431
0.6433
Camarilla
0.6425
0.6425
0.6426
0.6427
0.6427
0.6428
0.6428
Woodie's
0.6419
0.6421
0.6425
0.6427
0.6430
0.6433
0.6436
DeMark's
-
-
0.6422
0.6426
0.6428
-
-","Technical IndicatorsJun 17, 2021 07:07PM GMT
Name
Value
Action
RSI(14)
52.580
Neutral
STOCH(9,6)
53.036
Neutral
STOCHRSI(14)
51.342
Neutral
MACD(12,26)
0.000
Buy
ADX(14)
28.500
Sell
Williams %R
-50.538
Neutral
CCI(14)
-12.8286
Neutral
ATR(14)
0.0012
Less Volatility
Highs/Lows(14)
0.0000
Neutral
Ultimate Oscillator
55.562
Buy
ROC
-0.140
Sell
Bull/Bear Power(13)
-0.0006
Sell
Buy: 2
Sell: 3
Neutral: 6


Summary:Sell","Jun 17, 2021 07:07PM GMT"
usd_cny,6.4484 +0.0515    +0.80%,11:27:22,2021-06-17 19:08:10.139386,"Prev. Close: 6.3969
Bid/Ask: 6.4477 / 6.4490
Day's Range: 6.3972 - 6.4494",Strong Buy,"Summary:Strong Buy
Moving Averages:BuyBuy (12)Sell (0)
Technical Indicators:Strong BuyBuy (7)Sell (0)","Name
S3
S2
S1
Pivot Points
R1
R2
R3
Classic
6.4380
6.4399
6.4436
6.4455
6.4492
6.4511
6.4548
Fibonacci
6.4399
6.4420
6.4434
6.4455
6.4476
6.4490
6.4511
Camarilla
6.4458
6.4463
6.4468
6.4455
6.4479
6.4484
6.4489
Woodie's
6.4390
6.4404
6.4446
6.4460
6.4502
6.4516
6.4558
DeMark's
-
-
6.4446
6.4460
6.4502
-
-","Technical IndicatorsJun 17, 2021 03:34PM GMT
Name
Value
Action
RSI(14)
85.433
Overbought
STOCH(9,6)
77.649
Buy
STOCHRSI(14)
100.000
Overbought
MACD(12,26)
0.011
Buy
ADX(14)
61.337
Buy
Williams %R
-3.426
Overbought
CCI(14)
151.8010
Buy
ATR(14)
0.0041
Less Volatility
Highs/Lows(14)
0.0141
Buy
Ultimate Oscillator
82.973
Overbought
ROC
0.391
Buy
Bull/Bear Power(13)
0.0286
Buy
Buy: 7
Sell: 0
Neutral: 0


Summary:Strong Buy","Jun 17, 2021 03:34PM GMT"
usd_hkd,7.7649 +0.0019    +0.02%,15:07:35,2021-06-17 19:08:10.142087,"Prev. Close: 7.7630
Bid/Ask: 7.7647 / 7.7650
Day's Range: 7.7625 - 7.7656",Strong Buy,"Summary:Strong Buy
Moving Averages:BuyBuy (12)Sell (0)
Technical Indicators:Strong BuyBuy (7)Sell (3)","Name
S3
S2
S1
Pivot Points
R1
R2
R3
Classic
7.7646
7.7646
7.7647
7.7648
7.7649
7.7650
7.7651
Fibonacci
7.7646
7.7647
7.7647
7.7648
7.7649
7.7649
7.7650
Camarilla
7.7648
7.7648
7.7648
7.7648
7.7649
7.7649
7.7649
Woodie's
7.7646
7.7646
7.7647
7.7648
7.7649
7.7650
7.7651
DeMark's
-
-
7.7648
7.7648
7.7650
-
-","Technical IndicatorsJun 17, 2021 07:07PM GMT
Name
Value
Action
RSI(14)
58.665
Buy
STOCH(9,6)
43.421
Sell
STOCHRSI(14)
38.355
Sell
MACD(12,26)
0.001
Buy
ADX(14)
45.619
Buy
Williams %R
-31.593
Buy
CCI(14)
79.7411
Buy
ATR(14)
0.0009
Less Volatility
Highs/Lows(14)
0.0000
Neutral
Ultimate Oscillator
46.866
Sell
ROC
0.003
Buy
Bull/Bear Power(13)
0.0017
Buy
Buy: 7
Sell: 3
Neutral: 1


Summary:Strong Buy","Jun 17, 2021 07:07PM GMT"
eur_usd,1.1909 -0.0086    -0.71%,15:08:50,2021-06-17 19:09:10.046876,"Prev. Close: 1.1994
Bid/Ask: 1.1908 / 1.1909
Day's Range: 1.1892 - 1.2007",Strong Sell,"Summary:Strong Sell
Moving Averages:SellBuy (1)Sell (11)
Technical Indicators:Strong SellBuy (0)Sell (9)","Name
S3
S2
S1
Pivot Points
R1
R2
R3
Classic
1.1895
1.1903
1.1907
1.1915
1.1919
1.1927
1.1931
Fibonacci
1.1903
1.1908
1.1910
1.1915
1.1920
1.1922
1.1927
Camarilla
1.1908
1.1909
1.1910
1.1915
1.1912
1.1913
1.1914
Woodie's
1.1893
1.1902
1.1905
1.1914
1.1917
1.1926
1.1929
DeMark's
-
-
1.1905
1.1914
1.1917
-
-","Technical IndicatorsJun 17, 2021 07:07PM GMT
Name
Value
Action
RSI(14)
26.641
Sell
STOCH(9,6)
27.740
Sell
STOCHRSI(14)
90.980
Overbought
MACD(12,26)
-0.004
Sell
ADX(14)
37.261
Sell
Williams %R
-83.929
Oversold
CCI(14)
-105.0776
Sell
ATR(14)
0.0022
High Volatility
Highs/Lows(14)
-0.0015
Sell
Ultimate Oscillator
35.031
Sell
ROC
-0.767
Sell
Bull/Bear Power(13)
-0.0036
Sell
Buy: 0
Sell: 9
Neutral: 0


Summary:Strong Sell","Jun 17, 2021 07:07PM GMT"
gbp_usd,1.3927 -0.0060    -0.43%,15:08:45,2021-06-17 19:09:10.050626,"Prev. Close: 1.3987
Bid/Ask: 1.3926 / 1.3927
Day's Range: 1.3896 - 1.4010",Strong Sell,"Summary:Strong Sell
Moving Averages:SellBuy (2)Sell (10)
Technical Indicators:Strong SellBuy (0)Sell (10)","Name
S3
S2
S1
Pivot Points
R1
R2
R3
Classic
1.3906
1.3915
1.3918
1.3927
1.3931
1.3939
1.3943
Fibonacci
1.3915
1.3920
1.3922
1.3927
1.3932
1.3934
1.3939
Camarilla
1.3920
1.3921
1.3922
1.3927
1.3925
1.3926
1.3927
Woodie's
1.3904
1.3914
1.3916
1.3926
1.3929
1.3938
1.3941
DeMark's
-
-
1.3917
1.3926
1.3930
-
-","Technical IndicatorsJun 17, 2021 07:07PM GMT
Name
Value
Action
RSI(14)
35.603
Sell
STOCH(9,6)
29.860
Sell
STOCHRSI(14)
100.000
Overbought
MACD(12,26)
-0.003
Sell
ADX(14)
37.932
Sell
Williams %R
-73.516
Sell
CCI(14)
-77.6674
Sell
ATR(14)
0.0026
High Volatility
Highs/Lows(14)
-0.0011
Sell
Ultimate Oscillator
37.344
Sell
ROC
-0.568
Sell
Bull/Bear Power(13)
-0.0027
Sell
Buy: 0
Sell: 10
Neutral: 0


Summary:Strong Sell","Jun 17, 2021 07:07PM GMT"
usd_jpy,110.27 -0.42    -0.38%,15:08:29,2021-06-17 19:09:10.053489,"Prev. Close: 110.69
Bid/Ask: 110.26 / 110.27
Day's Range: 110.17 - 110.83",Strong Sell,"Summary:Strong Sell
Moving Averages:SellBuy (5)Sell (7)
Technical Indicators:Strong SellBuy (1)Sell (7)","Name
S3
S2
S1
Pivot Points
R1
R2
R3
Classic
110.15
110.17
110.21
110.23
110.27
110.29
110.32
Fibonacci
110.17
110.19
110.21
110.23
110.25
110.27
110.29
Camarilla
110.24
110.24
110.25
110.23
110.26
110.27
110.27
Woodie's
110.17
110.18
110.23
110.24
110.29
110.30
110.34
DeMark's
-
-
110.23
110.24
110.29
-
-","Technical IndicatorsJun 17, 2021 07:07PM GMT
Name
Value
Action
RSI(14)
41.609
Sell
STOCH(9,6)
15.169
Oversold
STOCHRSI(14)
12.187
Oversold
MACD(12,26)
-0.020
Sell
ADX(14)
36.026
Buy
Williams %R
-84.873
Oversold
CCI(14)
-88.4994
Sell
ATR(14)
0.1282
Less Volatility
Highs/Lows(14)
-0.1554
Sell
Ultimate Oscillator
43.900
Sell
ROC
-0.348
Sell
Bull/Bear Power(13)
-0.2930
Sell
Buy: 1
Sell: 7
Neutral: 0


Summary:Strong Sell","Jun 17, 2021 07:07PM GMT"
aud_usd,0.7552 -0.0058    -0.76%,15:08:48,2021-06-17 19:09:10.056308,"Prev. Close: 0.7610
Bid/Ask: 0.7551 / 0.7553
Day's Range: 0.7540 - 0.7646",Strong Sell,"Summary:Strong Sell
Moving Averages:SellBuy (1)Sell (11)
Technical Indicators:Strong SellBuy (1)Sell (9)","Name
S3
S2
S1
Pivot Points
R1
R2
R3
Classic
0.7540
0.7546
0.7549
0.7555
0.7558
0.7564
0.7568
Fibonacci
0.7546
0.7549
0.7551
0.7555
0.7559
0.7561
0.7564
Camarilla
0.7549
0.7550
0.7551
0.7555
0.7552
0.7553
0.7554
Woodie's
0.7538
0.7545
0.7547
0.7554
0.7556
0.7563
0.7566
DeMark's
-
-
0.7547
0.7554
0.7556
-
-","Technical IndicatorsJun 17, 2021 07:07PM GMT
Name
Value
Action
RSI(14)
27.860
Sell
STOCH(9,6)
21.470
Sell
STOCHRSI(14)
67.645
Buy
MACD(12,26)
-0.003
Sell
ADX(14)
45.554
Sell
Williams %R
-85.246
Oversold
CCI(14)
-87.1692
Sell
ATR(14)
0.0018
Less Volatility
Highs/Lows(14)
-0.0016
Sell
Ultimate Oscillator
30.587
Sell
ROC
-1.016
Sell
Bull/Bear Power(13)
-0.0034
Sell
Buy: 1
Sell: 9
Neutral: 0


Summary:Strong Sell","Jun 17, 2021 07:07PM GMT"
eur_gbp,0.8552 -0.0021    -0.24%,15:08:31,2021-06-17 19:09:10.059093,"Prev. Close: 0.8573
Bid/Ask: 0.8550 / 0.8554
Day's Range: 0.8542 - 0.8580",Strong Sell,"Summary:Strong Sell
Moving Averages:Strong SellBuy (0)Sell (12)
Technical Indicators:Strong SellBuy (1)Sell (8)","Name
S3
S2
S1
Pivot Points
R1
R2
R3
Classic
0.8548
0.8551
0.8552
0.8555
0.8556
0.8559
0.8561
Fibonacci
0.8551
0.8552
0.8553
0.8555
0.8557
0.8558
0.8559
Camarilla
0.8553
0.8554
0.8554
0.8555
0.8555
0.8555
0.8556
Woodie's
0.8548
0.8551
0.8552
0.8555
0.8556
0.8559
0.8561
DeMark's
-
-
0.8552
0.8555
0.8556
-
-","Technical IndicatorsJun 17, 2021 07:07PM GMT
Name
Value
Action
RSI(14)
36.413
Sell
STOCH(9,6)
48.559
Neutral
STOCHRSI(14)
64.873
Buy
MACD(12,26)
-0.001
Sell
ADX(14)
34.713
Sell
Williams %R
-64.062
Sell
CCI(14)
-74.2502
Sell
ATR(14)
0.0011
High Volatility
Highs/Lows(14)
0.0000
Neutral
Ultimate Oscillator
47.082
Sell
ROC
-0.198
Sell
Bull/Bear Power(13)
-0.0012
Sell
Buy: 1
Sell: 8
Neutral: 2


Summary:Strong Sell","Jun 17, 2021 07:07PM GMT"
usd_cad,1.2352 +0.0076    +0.61%,15:08:43,2021-06-17 19:09:10.061839,"Prev. Close: 1.2276
Bid/Ask: 1.2351 / 1.2352
Day's Range: 1.2261 - 1.2378",Strong Buy,"Summary:Strong Buy
Moving Averages:Strong BuyBuy (11)Sell (1)
Technical Indicators:Strong BuyBuy (10)Sell (1)","Name
S3
S2
S1
Pivot Points
R1
R2
R3
Classic
1.2329
1.2334
1.2343
1.2349
1.2358
1.2364
1.2373
Fibonacci
1.2334
1.2340
1.2343
1.2349
1.2355
1.2358
1.2364
Camarilla
1.2348
1.2349
1.2351
1.2349
1.2353
1.2355
1.2356
Woodie's
1.2331
1.2335
1.2345
1.2350
1.2360
1.2365
1.2375
DeMark's
-
-
1.2345
1.2350
1.2360
-
-","Technical IndicatorsJun 17, 2021 07:07PM GMT
Name
Value
Action
RSI(14)
70.171
Buy
STOCH(9,6)
68.519
Buy
STOCHRSI(14)
30.834
Sell
MACD(12,26)
0.003
Buy
ADX(14)
36.372
Buy
Williams %R
-23.789
Buy
CCI(14)
95.1009
Buy
ATR(14)
0.0026
High Volatility
Highs/Lows(14)
0.0012
Buy
Ultimate Oscillator
69.289
Buy
ROC
0.677
Buy
Bull/Bear Power(13)
0.0039
Buy
Buy: 10
Sell: 1
Neutral: 0


Summary:Strong Buy","Jun 17, 2021 07:07PM GMT"
usd_chf,0.9178 +0.0093    +1.02%,15:08:52,2021-06-17 19:09:10.064594,"Prev. Close: 0.9085
Bid/Ask: 0.9176 / 0.9180
Day's Range: 0.9076 - 0.9188",Strong Buy,"Summary:Strong Buy
Moving Averages:Strong BuyBuy (11)Sell (1)
Technical Indicators:Strong BuyBuy (8)Sell (0)","Name
S3
S2
S1
Pivot Points
R1
R2
R3
Classic
0.9159
0.9162
0.9168
0.9171
0.9177
0.9180
0.9185
Fibonacci
0.9162
0.9166
0.9168
0.9171
0.9174
0.9176
0.9180
Camarilla
0.9171
0.9172
0.9173
0.9171
0.9174
0.9175
0.9176
Woodie's
0.9161
0.9163
0.9170
0.9172
0.9179
0.9181
0.9187
DeMark's
-
-
0.9169
0.9172
0.9178
-
-","Technical IndicatorsJun 17, 2021 07:07PM GMT
Name
Value
Action
RSI(14)
76.575
Overbought
STOCH(9,6)
78.595
Buy
STOCHRSI(14)
8.049
Oversold
MACD(12,26)
0.004
Buy
ADX(14)
38.358
Buy
Williams %R
-11.594
Overbought
CCI(14)
103.6080
Buy
ATR(14)
0.0018
High Volatility
Highs/Lows(14)
0.0017
Buy
Ultimate Oscillator
69.941
Buy
ROC
1.029
Buy
Bull/Bear Power(13)
0.0049
Buy
Buy: 8
Sell: 0
Neutral: 0


Summary:Strong Buy","Jun 17, 2021 07:07PM GMT"
nzd_chf,0.6429 +0.0025    +0.39%,15:08:52,2021-06-17 19:09:10.067361,"Prev. Close: 0.6404
Bid/Ask: 0.6426 / 0.6432
Day's Range: 0.6406 - 0.6453",Neutral,"Summary:Neutral
Moving Averages:BuyBuy (9)Sell (3)
Technical Indicators:SellBuy (2)Sell (3)","Name
S3
S2
S1
Pivot Points
R1
R2
R3
Classic
0.6419
0.6421
0.6425
0.6427
0.6430
0.6433
0.6436
Fibonacci
0.6421
0.6423
0.6425
0.6427
0.6429
0.6431
0.6433
Camarilla
0.6425
0.6425
0.6426
0.6427
0.6427
0.6428
0.6428
Woodie's
0.6419
0.6421
0.6425
0.6427
0.6430
0.6433
0.6436
DeMark's
-
-
0.6422
0.6426
0.6428
-
-","Technical IndicatorsJun 17, 2021 07:07PM GMT
Name
Value
Action
RSI(14)
52.580
Neutral
STOCH(9,6)
53.036
Neutral
STOCHRSI(14)
51.342
Neutral
MACD(12,26)
0.000
Buy
ADX(14)
28.500
Sell
Williams %R
-50.538
Neutral
CCI(14)
-12.8286
Neutral
ATR(14)
0.0012
Less Volatility
Highs/Lows(14)
0.0000
Neutral
Ultimate Oscillator
55.562
Buy
ROC
-0.140
Sell
Bull/Bear Power(13)
-0.0006
Sell
Buy: 2
Sell: 3
Neutral: 6


Summary:Sell","Jun 17, 2021 07:07PM GMT"
usd_cny,6.4484 +0.0515    +0.80%,11:27:22,2021-06-17 19:09:10.070074,"Prev. Close: 6.3969
Bid/Ask: 6.4477 / 6.4490
Day's Range: 6.3972 - 6.4494",Strong Buy,"Summary:Strong Buy
Moving Averages:BuyBuy (12)Sell (0)
Technical Indicators:Strong BuyBuy (7)Sell (0)","Name
S3
S2
S1
Pivot Points
R1
R2
R3
Classic
6.4380
6.4399
6.4436
6.4455
6.4492
6.4511
6.4548
Fibonacci
6.4399
6.4420
6.4434
6.4455
6.4476
6.4490
6.4511
Camarilla
6.4458
6.4463
6.4468
6.4455
6.4479
6.4484
6.4489
Woodie's
6.4390
6.4404
6.4446
6.4460
6.4502
6.4516
6.4558
DeMark's
-
-
6.4446
6.4460
6.4502
-
-","Technical IndicatorsJun 17, 2021 03:34PM GMT
Name
Value
Action
RSI(14)
85.433
Overbought
STOCH(9,6)
77.649
Buy
STOCHRSI(14)
100.000
Overbought
MACD(12,26)
0.011
Buy
ADX(14)
61.337
Buy
Williams %R
-3.426
Overbought
CCI(14)
151.8010
Buy
ATR(14)
0.0041
Less Volatility
Highs/Lows(14)
0.0141
Buy
Ultimate Oscillator
82.973
Overbought
ROC
0.391
Buy
Bull/Bear Power(13)
0.0286
Buy
Buy: 7
Sell: 0
Neutral: 0


Summary:Strong Buy","Jun 17, 2021 03:34PM GMT"
usd_hkd,7.7649 +0.0019    +0.02%,15:08:36,2021-06-17 19:09:10.072820,"Prev. Close: 7.7630
Bid/Ask: 7.7647 / 7.7650
Day's Range: 7.7625 - 7.7656",Strong Buy,"Summary:Strong Buy
Moving Averages:BuyBuy (12)Sell (0)
Technical Indicators:Strong BuyBuy (7)Sell (3)","Name
S3
S2
S1
Pivot Points
R1
R2
R3
Classic
7.7646
7.7646
7.7647
7.7648
7.7649
7.7650
7.7651
Fibonacci
7.7646
7.7647
7.7647
7.7648
7.7649
7.7649
7.7650
Camarilla
7.7648
7.7648
7.7648
7.7648
7.7649
7.7649
7.7649
Woodie's
7.7646
7.7646
7.7647
7.7648
7.7649
7.7650
7.7651
DeMark's
-
-
7.7648
7.7648
7.7650
-
-","Technical IndicatorsJun 17, 2021 07:07PM GMT
Name
Value
Action
RSI(14)
58.665
Buy
STOCH(9,6)
43.421
Sell
STOCHRSI(14)
38.355
Sell
MACD(12,26)
0.001
Buy
ADX(14)
45.619
Buy
Williams %R
-31.593
Buy
CCI(14)
79.7411
Buy
ATR(14)
0.0009
Less Volatility
Highs/Lows(14)
0.0000
Neutral
Ultimate Oscillator
46.866
Sell
ROC
0.003
Buy
Bull/Bear Power(13)
0.0017
Buy
Buy: 7
Sell: 3
Neutral: 1


Summary:Strong Buy","Jun 17, 2021 07:07PM GMT"
eur_usd,1.1908 -0.0086    -0.72%,15:09:41,2021-06-17 19:10:09.938622,"Prev. Close: 1.1994
Bid/Ask: 1.1906 / 1.1910
Day's Range: 1.1892 - 1.2007",Strong Sell,"Summary:Strong Sell
Moving Averages:Strong SellBuy (0)Sell (12)
Technical Indicators:Strong SellBuy (0)Sell (9)","Name
S3
S2
S1
Pivot Points
R1
R2
R3
Classic
1.1895
1.1903
1.1907
1.1915
1.1919
1.1927
1.1931
Fibonacci
1.1903
1.1908
1.1910
1.1915
1.1920
1.1922
1.1927
Camarilla
1.1908
1.1909
1.1910
1.1915
1.1912
1.1913
1.1914
Woodie's
1.1893
1.1902
1.1905
1.1914
1.1917
1.1926
1.1929
DeMark's
-
-
1.1905
1.1914
1.1917
-
-","Technical IndicatorsJun 17, 2021 07:09PM GMT
Name
Value
Action
RSI(14)
26.450
Sell
STOCH(9,6)
27.457
Sell
STOCHRSI(14)
89.453
Overbought
MACD(12,26)
-0.004
Sell
ADX(14)
37.691
Sell
Williams %R
-84.822
Oversold
CCI(14)
-107.6989
Sell
ATR(14)
0.0022
High Volatility
Highs/Lows(14)
-0.0016
Sell
Ultimate Oscillator
35.013
Sell
ROC
-0.775
Sell
Bull/Bear Power(13)
-0.0037
Sell
Buy: 0
Sell: 9
Neutral: 0


Summary:Strong Sell","Jun 17, 2021 07:09PM GMT"
gbp_usd,1.3925 -0.0062    -0.44%,15:09:30,2021-06-17 19:10:09.942134,"Prev. Close: 1.3987
Bid/Ask: 1.3923 / 1.3927
Day's Range: 1.3896 - 1.4010",Strong Sell,"Summary:Strong Sell
Moving Averages:SellBuy (2)Sell (10)
Technical Indicators:Strong SellBuy (0)Sell (10)","Name
S3
S2
S1
Pivot Points
R1
R2
R3
Classic
1.3906
1.3915
1.3918
1.3927
1.3931
1.3939
1.3943
Fibonacci
1.3915
1.3920
1.3922
1.3927
1.3932
1.3934
1.3939
Camarilla
1.3920
1.3921
1.3922
1.3927
1.3925
1.3926
1.3927
Woodie's
1.3904
1.3914
1.3916
1.3926
1.3929
1.3938
1.3941
DeMark's
-
-
1.3917
1.3926
1.3930
-
-","Technical IndicatorsJun 17, 2021 07:09PM GMT
Name
Value
Action
RSI(14)
35.958
Sell
STOCH(9,6)
30.111
Sell
STOCHRSI(14)
100.000
Overbought
MACD(12,26)
-0.003
Sell
ADX(14)
37.932
Sell
Williams %R
-72.602
Sell
CCI(14)
-76.7775
Sell
ATR(14)
0.0026
High Volatility
Highs/Lows(14)
-0.0010
Sell
Ultimate Oscillator
37.766
Sell
ROC
-0.561
Sell
Bull/Bear Power(13)
-0.0027
Sell
Buy: 0
Sell: 10
Neutral: 0


Summary:Strong Sell","Jun 17, 2021 07:09PM GMT"
usd_jpy,110.28 -0.41    -0.37%,15:09:39,2021-06-17 19:10:09.945048,"Prev. Close: 110.69
Bid/Ask: 110.26 / 110.29
Day's Range: 110.17 - 110.83",Strong Sell,"Summary:Strong Sell
Moving Averages:SellBuy (4)Sell (8)
Technical Indicators:Strong SellBuy (1)Sell (7)","Name
S3
S2
S1
Pivot Points
R1
R2
R3
Classic
110.15
110.17
110.21
110.23
110.27
110.29
110.32
Fibonacci
110.17
110.19
110.21
110.23
110.25
110.27
110.29
Camarilla
110.24
110.24
110.25
110.23
110.26
110.27
110.27
Woodie's
110.17
110.18
110.23
110.24
110.29
110.30
110.34
DeMark's
-
-
110.23
110.24
110.29
-
-","Technical IndicatorsJun 17, 2021 07:09PM GMT
Name
Value
Action
RSI(14)
42.233
Sell
STOCH(9,6)
15.454
Oversold
STOCHRSI(14)
14.460
Oversold
MACD(12,26)
-0.020
Sell
ADX(14)
36.026
Buy
Williams %R
-83.194
Oversold
CCI(14)
-86.3034
Sell
ATR(14)
0.1289
High Volatility
Highs/Lows(14)
-0.1454
Sell
Ultimate Oscillator
44.365
Sell
ROC
-0.339
Sell
Bull/Bear Power(13)
-0.2850
Sell
Buy: 1
Sell: 7
Neutral: 0


Summary:Strong Sell","Jun 17, 2021 07:09PM GMT"
aud_usd,0.7552 -0.0059    -0.77%,15:09:39,2021-06-17 19:10:09.947837,"Prev. Close: 0.7610
Bid/Ask: 0.7551 / 0.7552
Day's Range: 0.7540 - 0.7646",Strong Sell,"Summary:Strong Sell
Moving Averages:Strong SellBuy (0)Sell (12)
Technical Indicators:Strong SellBuy (1)Sell (8)","Name
S3
S2
S1
Pivot Points
R1
R2
R3
Classic
0.7540
0.7546
0.7549
0.7555
0.7558
0.7564
0.7568
Fibonacci
0.7546
0.7549
0.7551
0.7555
0.7559
0.7561
0.7564
Camarilla
0.7549
0.7550
0.7551
0.7555
0.7552
0.7553
0.7554
Woodie's
0.7538
0.7545
0.7547
0.7554
0.7556
0.7563
0.7566
DeMark's
-
-
0.7547
0.7554
0.7556
-
-","Technical IndicatorsJun 17, 2021 07:09PM GMT
Name
Value
Action
RSI(14)
26.864
Sell
STOCH(9,6)
20.994
Sell
STOCHRSI(14)
60.718
Buy
MACD(12,26)
-0.003
Sell
ADX(14)
45.554
Sell
Williams %R
-86.885
Oversold
CCI(14)
-88.5376
Sell
ATR(14)
0.0018
Less Volatility
Highs/Lows(14)
-0.0017
Sell
Ultimate Oscillator
29.624
Oversold
ROC
-1.035
Sell
Bull/Bear Power(13)
-0.0034
Sell
Buy: 1
Sell: 8
Neutral: 0


Summary:Strong Sell","Jun 17, 2021 07:09PM GMT"
eur_gbp,0.8551 -0.0022    -0.26%,15:09:41,2021-06-17 19:10:09.950604,"Prev. Close: 0.8573
Bid/Ask: 0.8549 / 0.8553
Day's Range: 0.8542 - 0.8580",Strong Sell,"Summary:Strong Sell
Moving Averages:Strong SellBuy (0)Sell (12)
Technical Indicators:Strong SellBuy (1)Sell (8)","Name
S3
S2
S1
Pivot Points
R1
R2
R3
Classic
0.8548
0.8551
0.8552
0.8555
0.8556
0.8559
0.8561
Fibonacci
0.8551
0.8552
0.8553
0.8555
0.8557
0.8558
0.8559
Camarilla
0.8553
0.8554
0.8554
0.8555
0.8555
0.8555
0.8556
Woodie's
0.8548
0.8551
0.8552
0.8555
0.8556
0.8559
0.8561
DeMark's
-
-
0.8552
0.8555
0.8556
-
-","Technical IndicatorsJun 17, 2021 07:09PM GMT
Name
Value
Action
RSI(14)
36.075
Sell
STOCH(9,6)
48.250
Neutral
STOCHRSI(14)
63.406
Buy
MACD(12,26)
-0.001
Sell
ADX(14)
35.225
Sell
Williams %R
-65.625
Sell
CCI(14)
-84.2329
Sell
ATR(14)
0.0011
High Volatility
Highs/Lows(14)
0.0000
Neutral
Ultimate Oscillator
47.428
Sell
ROC
-0.204
Sell
Bull/Bear Power(13)
-0.0014
Sell
Buy: 1
Sell: 8
Neutral: 2


Summary:Strong Sell","Jun 17, 2021 07:09PM GMT"
usd_cad,1.2351 +0.0075    +0.61%,15:09:42,2021-06-17 19:10:09.953335,"Prev. Close: 1.2276
Bid/Ask: 1.2349 / 1.2353
Day's Range: 1.2261 - 1.2378",Strong Buy,"Summary:Strong Buy
Moving Averages:Strong BuyBuy (11)Sell (1)
Technical Indicators:Strong BuyBuy (10)Sell (1)","Name
S3
S2
S1
Pivot Points
R1
R2
R3
Classic
1.2329
1.2334
1.2343
1.2349
1.2358
1.2364
1.2373
Fibonacci
1.2334
1.2340
1.2343
1.2349
1.2355
1.2358
1.2364
Camarilla
1.2348
1.2349
1.2351
1.2349
1.2353
1.2355
1.2356
Woodie's
1.2331
1.2335
1.2345
1.2350
1.2360
1.2365
1.2375
DeMark's
-
-
1.2345
1.2350
1.2360
-
-","Technical IndicatorsJun 17, 2021 07:07PM GMT
Name
Value
Action
RSI(14)
70.171
Buy
STOCH(9,6)
68.519
Buy
STOCHRSI(14)
30.834
Sell
MACD(12,26)
0.003
Buy
ADX(14)
36.372
Buy
Williams %R
-23.789
Buy
CCI(14)
95.1009
Buy
ATR(14)
0.0026
High Volatility
Highs/Lows(14)
0.0012
Buy
Ultimate Oscillator
69.289
Buy
ROC
0.677
Buy
Bull/Bear Power(13)
0.0039
Buy
Buy: 10
Sell: 1
Neutral: 0


Summary:Strong Buy","Jun 17, 2021 07:07PM GMT"
usd_chf,0.9178 +0.0092    +1.02%,15:09:39,2021-06-17 19:10:09.956105,"Prev. Close: 0.9085
Bid/Ask: 0.9177 / 0.9178
Day's Range: 0.9076 - 0.9188",Strong Buy,"Summary:Strong Buy
Moving Averages:Strong BuyBuy (11)Sell (1)
Technical Indicators:Strong BuyBuy (8)Sell (0)","Name
S3
S2
S1
Pivot Points
R1
R2
R3
Classic
0.9159
0.9162
0.9168
0.9171
0.9177
0.9180
0.9185
Fibonacci
0.9162
0.9166
0.9168
0.9171
0.9174
0.9176
0.9180
Camarilla
0.9171
0.9172
0.9173
0.9171
0.9174
0.9175
0.9176
Woodie's
0.9161
0.9163
0.9170
0.9172
0.9179
0.9181
0.9187
DeMark's
-
-
0.9169
0.9172
0.9178
-
-","Technical IndicatorsJun 17, 2021 07:09PM GMT
Name
Value
Action
RSI(14)
76.675
Overbought
STOCH(9,6)
78.749
Buy
STOCHRSI(14)
8.933
Oversold
MACD(12,26)
0.004
Buy
ADX(14)
38.480
Buy
Williams %R
-11.111
Overbought
CCI(14)
105.1362
Buy
ATR(14)
0.0018
High Volatility
Highs/Lows(14)
0.0017
Buy
Ultimate Oscillator
69.818
Buy
ROC
1.035
Buy
Bull/Bear Power(13)
0.0050
Buy
Buy: 8
Sell: 0
Neutral: 0


Summary:Strong Buy","Jun 17, 2021 07:09PM GMT"
nzd_chf,0.6429 +0.0025    +0.39%,15:09:39,2021-06-17 19:10:09.958863,"Prev. Close: 0.6404
Bid/Ask: 0.6427 / 0.6431
Day's Range: 0.6406 - 0.6453",Neutral,"Summary:Neutral
Moving Averages:BuyBuy (9)Sell (3)
Technical Indicators:SellBuy (2)Sell (3)","Name
S3
S2
S1
Pivot Points
R1
R2
R3
Classic
0.6419
0.6421
0.6425
0.6427
0.6430
0.6433
0.6436
Fibonacci
0.6421
0.6423
0.6425
0.6427
0.6429
0.6431
0.6433
Camarilla
0.6425
0.6425
0.6426
0.6427
0.6427
0.6428
0.6428
Woodie's
0.6419
0.6421
0.6425
0.6427
0.6430
0.6433
0.6436
DeMark's
-
-
0.6422
0.6426
0.6428
-
-","Technical IndicatorsJun 17, 2021 07:09PM GMT
Name
Value
Action
RSI(14)
52.580
Neutral
STOCH(9,6)
53.036
Neutral
STOCHRSI(14)
51.342
Neutral
MACD(12,26)
0.000
Buy
ADX(14)
28.500
Sell
Williams %R
-50.538
Neutral
CCI(14)
-11.5047
Neutral
ATR(14)
0.0012
Less Volatility
Highs/Lows(14)
0.0000
Neutral
Ultimate Oscillator
55.259
Buy
ROC
-0.140
Sell
Bull/Bear Power(13)
-0.0006
Sell
Buy: 2
Sell: 3
Neutral: 6


Summary:Sell","Jun 17, 2021 07:09PM GMT"
usd_cny,6.4484 +0.0515    +0.80%,11:27:22,2021-06-17 19:10:09.961591,"Prev. Close: 6.3969
Bid/Ask: 6.4477 / 6.4490
Day's Range: 6.3972 - 6.4494",Strong Buy,"Summary:Strong Buy
Moving Averages:BuyBuy (12)Sell (0)
Technical Indicators:Strong BuyBuy (7)Sell (0)","Name
S3
S2
S1
Pivot Points
R1
R2
R3
Classic
6.4380
6.4399
6.4436
6.4455
6.4492
6.4511
6.4548
Fibonacci
6.4399
6.4420
6.4434
6.4455
6.4476
6.4490
6.4511
Camarilla
6.4458
6.4463
6.4468
6.4455
6.4479
6.4484
6.4489
Woodie's
6.4390
6.4404
6.4446
6.4460
6.4502
6.4516
6.4558
DeMark's
-
-
6.4446
6.4460
6.4502
-
-","Technical IndicatorsJun 17, 2021 03:34PM GMT
Name
Value
Action
RSI(14)
85.433
Overbought
STOCH(9,6)
77.649
Buy
STOCHRSI(14)
100.000
Overbought
MACD(12,26)
0.011
Buy
ADX(14)
61.337
Buy
Williams %R
-3.426
Overbought
CCI(14)
151.8010
Buy
ATR(14)
0.0041
Less Volatility
Highs/Lows(14)
0.0141
Buy
Ultimate Oscillator
82.973
Overbought
ROC
0.391
Buy
Bull/Bear Power(13)
0.0286
Buy
Buy: 7
Sell: 0
Neutral: 0


Summary:Strong Buy","Jun 17, 2021 03:34PM GMT"
usd_hkd,7.7649 +0.0019    +0.02%,15:09:39,2021-06-17 19:10:09.964335,"Prev. Close: 7.7630
Bid/Ask: 7.7647 / 7.7650
Day's Range: 7.7625 - 7.7656",Strong Buy,"Summary:Strong Buy
Moving Averages:BuyBuy (12)Sell (0)
Technical Indicators:Strong BuyBuy (7)Sell (3)","Name
S3
S2
S1
Pivot Points
R1
R2
R3
Classic
7.7646
7.7646
7.7647
7.7648
7.7649
7.7650
7.7651
Fibonacci
7.7646
7.7647
7.7647
7.7648
7.7649
7.7649
7.7650
Camarilla
7.7648
7.7648
7.7648
7.7648
7.7649
7.7649
7.7649
Woodie's
7.7646
7.7646
7.7647
7.7648
7.7649
7.7650
7.7651
DeMark's
-
-
7.7648
7.7648
7.7650
-
-","Technical IndicatorsJun 17, 2021 07:09PM GMT
Name
Value
Action
RSI(14)
58.665
Buy
STOCH(9,6)
43.421
Sell
STOCHRSI(14)
38.355
Sell
MACD(12,26)
0.001
Buy
ADX(14)
45.619
Buy
Williams %R
-31.593
Buy
CCI(14)
79.7411
Buy
ATR(14)
0.0009
Less Volatility
Highs/Lows(14)
0.0000
Neutral
Ultimate Oscillator
46.866
Sell
ROC
0.003
Buy
Bull/Bear Power(13)
0.0017
Buy
Buy: 7
Sell: 3
Neutral: 1


Summary:Strong Buy","Jun 17, 2021 07:09PM GMT"
eur_usd,1.1908 -0.0086    -0.72%,15:09:41,2021-06-17 19:10:20.024497,"Prev. Close: 1.1994
Bid/Ask: 1.1906 / 1.1910
Day's Range: 1.1892 - 1.2007",Strong Sell,"Summary:Strong Sell
Moving Averages:Strong SellBuy (0)Sell (12)
Technical Indicators:Strong SellBuy (0)Sell (9)","Name
S3
S2
S1
Pivot Points
R1
R2
R3
Classic
1.1895
1.1903
1.1907
1.1915
1.1919
1.1927
1.1931
Fibonacci
1.1903
1.1908
1.1910
1.1915
1.1920
1.1922
1.1927
Camarilla
1.1908
1.1909
1.1910
1.1915
1.1912
1.1913
1.1914
Woodie's
1.1893
1.1902
1.1905
1.1914
1.1917
1.1926
1.1929
DeMark's
-
-
1.1905
1.1914
1.1917
-
-","Technical IndicatorsJun 17, 2021 07:09PM GMT
Name
Value
Action
RSI(14)
26.450
Sell
STOCH(9,6)
27.457
Sell
STOCHRSI(14)
89.453
Overbought
MACD(12,26)
-0.004
Sell
ADX(14)
37.691
Sell
Williams %R
-84.822
Oversold
CCI(14)
-107.6989
Sell
ATR(14)
0.0022
High Volatility
Highs/Lows(14)
-0.0016
Sell
Ultimate Oscillator
35.013
Sell
ROC
-0.775
Sell
Bull/Bear Power(13)
-0.0037
Sell
Buy: 0
Sell: 9
Neutral: 0


Summary:Strong Sell","Jun 17, 2021 07:09PM GMT"
gbp_usd,1.3925 -0.0062    -0.44%,,2021-06-17 19:10:20.028130,"Prev. Close: 1.3987
Bid/Ask: 1.3923 / 1.3927
Day's Range: 1.3896 - 1.4010",Strong Sell,"Summary:Strong Sell
Moving Averages:SellBuy (2)Sell (10)
Technical Indicators:Strong SellBuy (0)Sell (10)","Name
S3
S2
S1
Pivot Points
R1
R2
R3
Classic
1.3906
1.3915
1.3918
1.3927
1.3931
1.3939
1.3943
Fibonacci
1.3915
1.3920
1.3922
1.3927
1.3932
1.3934
1.3939
Camarilla
1.3920
1.3921
1.3922
1.3927
1.3925
1.3926
1.3927
Woodie's
1.3904
1.3914
1.3916
1.3926
1.3929
1.3938
1.3941
DeMark's
-
-
1.3917
1.3926
1.3930
-
-","Technical IndicatorsJun 17, 2021 07:09PM GMT
Name
Value
Action
RSI(14)
35.958
Sell
STOCH(9,6)
30.111
Sell
STOCHRSI(14)
100.000
Overbought
MACD(12,26)
-0.003
Sell
ADX(14)
37.932
Sell
Williams %R
-72.602
Sell
CCI(14)
-76.7775
Sell
ATR(14)
0.0026
High Volatility
Highs/Lows(14)
-0.0010
Sell
Ultimate Oscillator
37.766
Sell
ROC
-0.561
Sell
Bull/Bear Power(13)
-0.0027
Sell
Buy: 0
Sell: 10
Neutral: 0


Summary:Strong Sell","Jun 17, 2021 07:09PM GMT"
usd_jpy,110.28 -0.41    -0.37%,15:09:39,2021-06-17 19:10:20.031082,"Prev. Close: 110.69
Bid/Ask: 110.26 / 110.29
Day's Range: 110.17 - 110.83",Strong Sell,"Summary:Strong Sell
Moving Averages:SellBuy (4)Sell (8)
Technical Indicators:Strong SellBuy (1)Sell (7)","Name
S3
S2
S1
Pivot Points
R1
R2
R3
Classic
110.15
110.17
110.21
110.23
110.27
110.29
110.32
Fibonacci
110.17
110.19
110.21
110.23
110.25
110.27
110.29
Camarilla
110.24
110.24
110.25
110.23
110.26
110.27
110.27
Woodie's
110.17
110.18
110.23
110.24
110.29
110.30
110.34
DeMark's
-
-
110.23
110.24
110.29
-
-","Technical IndicatorsJun 17, 2021 07:09PM GMT
Name
Value
Action
RSI(14)
42.233
Sell
STOCH(9,6)
15.454
Oversold
STOCHRSI(14)
14.460
Oversold
MACD(12,26)
-0.020
Sell
ADX(14)
36.026
Buy
Williams %R
-83.194
Oversold
CCI(14)
-86.3034
Sell
ATR(14)
0.1289
High Volatility
Highs/Lows(14)
-0.1454
Sell
Ultimate Oscillator
44.365
Sell
ROC
-0.339
Sell
Bull/Bear Power(13)
-0.2850
Sell
Buy: 1
Sell: 7
Neutral: 0


Summary:Strong Sell","Jun 17, 2021 07:09PM GMT"
aud_usd,0.7552 -0.0059    -0.77%,15:10:06,2021-06-17 19:10:20.033848,"Prev. Close: 0.7610
Bid/Ask: 0.7551 / 0.7552
Day's Range: 0.7540 - 0.7646",Strong Sell,"Summary:Strong Sell
Moving Averages:Strong SellBuy (0)Sell (12)
Technical Indicators:Strong SellBuy (1)Sell (8)","Name
S3
S2
S1
Pivot Points
R1
R2
R3
Classic
0.7540
0.7546
0.7549
0.7555
0.7558
0.7564
0.7568
Fibonacci
0.7546
0.7549
0.7551
0.7555
0.7559
0.7561
0.7564
Camarilla
0.7549
0.7550
0.7551
0.7555
0.7552
0.7553
0.7554
Woodie's
0.7538
0.7545
0.7547
0.7554
0.7556
0.7563
0.7566
DeMark's
-
-
0.7547
0.7554
0.7556
-
-","Technical IndicatorsJun 17, 2021 07:09PM GMT
Name
Value
Action
RSI(14)
26.864
Sell
STOCH(9,6)
20.994
Sell
STOCHRSI(14)
60.718
Buy
MACD(12,26)
-0.003
Sell
ADX(14)
45.554
Sell
Williams %R
-86.885
Oversold
CCI(14)
-88.5376
Sell
ATR(14)
0.0018
Less Volatility
Highs/Lows(14)
-0.0017
Sell
Ultimate Oscillator
29.624
Oversold
ROC
-1.035
Sell
Bull/Bear Power(13)
-0.0034
Sell
Buy: 1
Sell: 8
Neutral: 0


Summary:Strong Sell","Jun 17, 2021 07:09PM GMT"
eur_gbp,0.8551 -0.0022    -0.26%,15:09:41,2021-06-17 19:10:20.036601,"Prev. Close: 0.8573
Bid/Ask: 0.8549 / 0.8553
Day's Range: 0.8542 - 0.8580",Strong Sell,"Summary:Strong Sell
Moving Averages:Strong SellBuy (0)Sell (12)
Technical Indicators:Strong SellBuy (1)Sell (8)","Name
S3
S2
S1
Pivot Points
R1
R2
R3
Classic
0.8548
0.8551
0.8552
0.8555
0.8556
0.8559
0.8561
Fibonacci
0.8551
0.8552
0.8553
0.8555
0.8557
0.8558
0.8559
Camarilla
0.8553
0.8554
0.8554
0.8555
0.8555
0.8555
0.8556
Woodie's
0.8548
0.8551
0.8552
0.8555
0.8556
0.8559
0.8561
DeMark's
-
-
0.8552
0.8555
0.8556
-
-","Technical IndicatorsJun 17, 2021 07:09PM GMT
Name
Value
Action
RSI(14)
36.075
Sell
STOCH(9,6)
48.250
Neutral
STOCHRSI(14)
63.406
Buy
MACD(12,26)
-0.001
Sell
ADX(14)
35.225
Sell
Williams %R
-65.625
Sell
CCI(14)
-84.2329
Sell
ATR(14)
0.0011
High Volatility
Highs/Lows(14)
0.0000
Neutral
Ultimate Oscillator
47.428
Sell
ROC
-0.204
Sell
Bull/Bear Power(13)
-0.0014
Sell
Buy: 1
Sell: 8
Neutral: 2


Summary:Strong Sell","Jun 17, 2021 07:09PM GMT"
usd_cad,1.2352 +0.0076    +0.61%,15:10:00,2021-06-17 19:10:20.039350,"Prev. Close: 1.2276
Bid/Ask: 1.2351 / 1.2352
Day's Range: 1.2261 - 1.2378",Strong Buy,"Summary:Strong Buy
Moving Averages:BuyBuy (10)Sell (2)
Technical Indicators:Strong BuyBuy (10)Sell (0)","Name
S3
S2
S1
Pivot Points
R1
R2
R3
Classic
1.2329
1.2334
1.2343
1.2349
1.2358
1.2364
1.2373
Fibonacci
1.2334
1.2340
1.2343
1.2349
1.2355
1.2358
1.2364
Camarilla
1.2348
1.2349
1.2351
1.2349
1.2353
1.2355
1.2356
Woodie's
1.2331
1.2335
1.2345
1.2350
1.2360
1.2365
1.2375
DeMark's
-
-
1.2345
1.2350
1.2360
-
-","Technical IndicatorsJun 17, 2021 07:09PM GMT
Name
Value
Action
RSI(14)
68.892
Buy
STOCH(9,6)
68.014
Buy
STOCHRSI(14)
21.187
Oversold
MACD(12,26)
0.003
Buy
ADX(14)
36.372
Buy
Williams %R
-25.992
Buy
CCI(14)
92.5546
Buy
ATR(14)
0.0026
High Volatility
Highs/Lows(14)
0.0009
Buy
Ultimate Oscillator
68.283
Buy
ROC
0.656
Buy
Bull/Bear Power(13)
0.0039
Buy
Buy: 10
Sell: 0
Neutral: 0


Summary:Strong Buy","Jun 17, 2021 07:09PM GMT"
usd_chf,0.9178 +0.0092    +1.02%,15:09:39,2021-06-17 19:10:20.042067,"Prev. Close: 0.9085
Bid/Ask: 0.9177 / 0.9178
Day's Range: 0.9076 - 0.9188",Strong Buy,"Summary:Strong Buy
Moving Averages:Strong BuyBuy (11)Sell (1)
Technical Indicators:Strong BuyBuy (8)Sell (0)","Name
S3
S2
S1
Pivot Points
R1
R2
R3
Classic
0.9159
0.9162
0.9168
0.9171
0.9177
0.9180
0.9185
Fibonacci
0.9162
0.9166
0.9168
0.9171
0.9174
0.9176
0.9180
Camarilla
0.9171
0.9172
0.9173
0.9171
0.9174
0.9175
0.9176
Woodie's
0.9161
0.9163
0.9170
0.9172
0.9179
0.9181
0.9187
DeMark's
-
-
0.9169
0.9172
0.9178
-
-","Technical IndicatorsJun 17, 2021 07:09PM GMT
Name
Value
Action
RSI(14)
76.675
Overbought
STOCH(9,6)
78.749
Buy
STOCHRSI(14)
8.933
Oversold
MACD(12,26)
0.004
Buy
ADX(14)
38.480
Buy
Williams %R
-11.111
Overbought
CCI(14)
105.1362
Buy
ATR(14)
0.0018
High Volatility
Highs/Lows(14)
0.0017
Buy
Ultimate Oscillator
69.818
Buy
ROC
1.035
Buy
Bull/Bear Power(13)
0.0050
Buy
Buy: 8
Sell: 0
Neutral: 0


Summary:Strong Buy","Jun 17, 2021 07:09PM GMT"
nzd_chf,0.6429 +0.0025    +0.39%,15:09:39,2021-06-17 19:10:20.044797,"Prev. Close: 0.6404
Bid/Ask: 0.6427 / 0.6431
Day's Range: 0.6406 - 0.6453",Neutral,"Summary:Neutral
Moving Averages:BuyBuy (9)Sell (3)
Technical Indicators:SellBuy (2)Sell (3)","Name
S3
S2
S1
Pivot Points
R1
R2
R3
Classic
0.6419
0.6421
0.6425
0.6427
0.6430
0.6433
0.6436
Fibonacci
0.6421
0.6423
0.6425
0.6427
0.6429
0.6431
0.6433
Camarilla
0.6425
0.6425
0.6426
0.6427
0.6427
0.6428
0.6428
Woodie's
0.6419
0.6421
0.6425
0.6427
0.6430
0.6433
0.6436
DeMark's
-
-
0.6422
0.6426
0.6428
-
-","Technical IndicatorsJun 17, 2021 07:09PM GMT
Name
Value
Action
RSI(14)
52.580
Neutral
STOCH(9,6)
53.036
Neutral
STOCHRSI(14)
51.342
Neutral
MACD(12,26)
0.000
Buy
ADX(14)
28.500
Sell
Williams %R
-50.538
Neutral
CCI(14)
-11.5047
Neutral
ATR(14)
0.0012
Less Volatility
Highs/Lows(14)
0.0000
Neutral
Ultimate Oscillator
55.259
Buy
ROC
-0.140
Sell
Bull/Bear Power(13)
-0.0006
Sell
Buy: 2
Sell: 3
Neutral: 6


Summary:Sell","Jun 17, 2021 07:09PM GMT"
usd_cny,6.4484 +0.0515    +0.80%,11:27:22,2021-06-17 19:10:20.047533,"Prev. Close: 6.3969
Bid/Ask: 6.4477 / 6.4490
Day's Range: 6.3972 - 6.4494",Strong Buy,"Summary:Strong Buy
Moving Averages:BuyBuy (12)Sell (0)
Technical Indicators:Strong BuyBuy (7)Sell (0)","Name
S3
S2
S1
Pivot Points
R1
R2
R3
Classic
6.4380
6.4399
6.4436
6.4455
6.4492
6.4511
6.4548
Fibonacci
6.4399
6.4420
6.4434
6.4455
6.4476
6.4490
6.4511
Camarilla
6.4458
6.4463
6.4468
6.4455
6.4479
6.4484
6.4489
Woodie's
6.4390
6.4404
6.4446
6.4460
6.4502
6.4516
6.4558
DeMark's
-
-
6.4446
6.4460
6.4502
-
-","Technical IndicatorsJun 17, 2021 03:34PM GMT
Name
Value
Action
RSI(14)
85.433
Overbought
STOCH(9,6)
77.649
Buy
STOCHRSI(14)
100.000
Overbought
MACD(12,26)
0.011
Buy
ADX(14)
61.337
Buy
Williams %R
-3.426
Overbought
CCI(14)
151.8010
Buy
ATR(14)
0.0041
Less Volatility
Highs/Lows(14)
0.0141
Buy
Ultimate Oscillator
82.973
Overbought
ROC
0.391
Buy
Bull/Bear Power(13)
0.0286
Buy
Buy: 7
Sell: 0
Neutral: 0


Summary:Strong Buy","Jun 17, 2021 03:34PM GMT"
usd_hkd,7.7649 +0.0019    +0.02%,15:09:39,2021-06-17 19:10:20.050242,"Prev. Close: 7.7630
Bid/Ask: 7.7647 / 7.7650
Day's Range: 7.7625 - 7.7656",Strong Buy,"Summary:Strong Buy
Moving Averages:BuyBuy (12)Sell (0)
Technical Indicators:Strong BuyBuy (7)Sell (3)","Name
S3
S2
S1
Pivot Points
R1
R2
R3
Classic
7.7646
7.7646
7.7647
7.7648
7.7649
7.7650
7.7651
Fibonacci
7.7646
7.7647
7.7647
7.7648
7.7649
7.7649
7.7650
Camarilla
7.7648
7.7648
7.7648
7.7648
7.7649
7.7649
7.7649
Woodie's
7.7646
7.7646
7.7647
7.7648
7.7649
7.7650
7.7651
DeMark's
-
-
7.7648
7.7648
7.7650
-
-","Technical IndicatorsJun 17, 2021 07:09PM GMT
Name
Value
Action
RSI(14)
58.665
Buy
STOCH(9,6)
43.421
Sell
STOCHRSI(14)
38.355
Sell
MACD(12,26)
0.001
Buy
ADX(14)
45.619
Buy
Williams %R
-31.593
Buy
CCI(14)
79.7411
Buy
ATR(14)
0.0009
Less Volatility
Highs/Lows(14)
0.0000
Neutral
Ultimate Oscillator
46.866
Sell
ROC
0.003
Buy
Bull/Bear Power(13)
0.0017
Buy
Buy: 7
Sell: 3
Neutral: 1


Summary:Strong Buy","Jun 17, 2021 07:09PM GMT"
eur_usd,1.1907 -0.0087    -0.73%,15:10:49,2021-06-17 19:11:10.420998,"Prev. Close: 1.1994
Bid/Ask: 1.1905 / 1.1909
Day's Range: 1.1892 - 1.2007",Strong Sell,"Summary:Strong Sell
Moving Averages:Strong SellBuy (0)Sell (12)
Technical Indicators:Strong SellBuy (0)Sell (9)","Name
S3
S2
S1
Pivot Points
R1
R2
R3
Classic
1.1895
1.1903
1.1907
1.1915
1.1919
1.1927
1.1931
Fibonacci
1.1903
1.1908
1.1910
1.1915
1.1920
1.1922
1.1927
Camarilla
1.1908
1.1909
1.1910
1.1915
1.1912
1.1913
1.1914
Woodie's
1.1893
1.1902
1.1905
1.1914
1.1917
1.1926
1.1929
DeMark's
-
-
1.1905
1.1914
1.1917
-
-","Technical IndicatorsJun 17, 2021 07:09PM GMT
Name
Value
Action
RSI(14)
26.450
Sell
STOCH(9,6)
27.457
Sell
STOCHRSI(14)
89.453
Overbought
MACD(12,26)
-0.004
Sell
ADX(14)
37.691
Sell
Williams %R
-84.822
Oversold
CCI(14)
-107.6989
Sell
ATR(14)
0.0022
High Volatility
Highs/Lows(14)
-0.0016
Sell
Ultimate Oscillator
35.013
Sell
ROC
-0.775
Sell
Bull/Bear Power(13)
-0.0037
Sell
Buy: 0
Sell: 9
Neutral: 0


Summary:Strong Sell","Jun 17, 2021 07:09PM GMT"
gbp_usd,1.3924 -0.0063    -0.45%,15:10:47,2021-06-17 19:11:10.424679,"Prev. Close: 1.3987
Bid/Ask: 1.3922 / 1.3926
Day's Range: 1.3896 - 1.4010",Strong Sell,"Summary:Strong Sell
Moving Averages:SellBuy (2)Sell (10)
Technical Indicators:Strong SellBuy (0)Sell (10)","Name
S3
S2
S1
Pivot Points
R1
R2
R3
Classic
1.3906
1.3915
1.3918
1.3927
1.3931
1.3939
1.3943
Fibonacci
1.3915
1.3920
1.3922
1.3927
1.3932
1.3934
1.3939
Camarilla
1.3920
1.3921
1.3922
1.3927
1.3925
1.3926
1.3927
Woodie's
1.3904
1.3914
1.3916
1.3926
1.3929
1.3938
1.3941
DeMark's
-
-
1.3917
1.3926
1.3930
-
-","Technical IndicatorsJun 17, 2021 07:09PM GMT
Name
Value
Action
RSI(14)
35.958
Sell
STOCH(9,6)
30.111
Sell
STOCHRSI(14)
100.000
Overbought
MACD(12,26)
-0.003
Sell
ADX(14)
37.932
Sell
Williams %R
-72.602
Sell
CCI(14)
-76.7775
Sell
ATR(14)
0.0026
High Volatility
Highs/Lows(14)
-0.0010
Sell
Ultimate Oscillator
37.766
Sell
ROC
-0.561
Sell
Bull/Bear Power(13)
-0.0027
Sell
Buy: 0
Sell: 10
Neutral: 0


Summary:Strong Sell","Jun 17, 2021 07:09PM GMT"
usd_jpy,110.27 -0.42    -0.38%,15:10:29,2021-06-17 19:11:10.427679,"Prev. Close: 110.69
Bid/Ask: 110.26 / 110.28
Day's Range: 110.17 - 110.83",Strong Sell,"Summary:Strong Sell
Moving Averages:SellBuy (4)Sell (8)
Technical Indicators:Strong SellBuy (1)Sell (7)","Name
S3
S2
S1
Pivot Points
R1
R2
R3
Classic
110.15
110.17
110.21
110.23
110.27
110.29
110.32
Fibonacci
110.17
110.19
110.21
110.23
110.25
110.27
110.29
Camarilla
110.24
110.24
110.25
110.23
110.26
110.27
110.27
Woodie's
110.17
110.18
110.23
110.24
110.29
110.30
110.34
DeMark's
-
-
110.23
110.24
110.29
-
-","Technical IndicatorsJun 17, 2021 07:10PM GMT
Name
Value
Action
RSI(14)
42.233
Sell
STOCH(9,6)
15.454
Oversold
STOCHRSI(14)
14.460
Oversold
MACD(12,26)
-0.010
Sell
ADX(14)
36.026
Buy
Williams %R
-83.194
Oversold
CCI(14)
-85.7518
Sell
ATR(14)
0.1293
High Volatility
Highs/Lows(14)
-0.1454
Sell
Ultimate Oscillator
44.184
Sell
ROC
-0.339
Sell
Bull/Bear Power(13)
-0.2800
Sell
Buy: 1
Sell: 7
Neutral: 0


Summary:Strong Sell","Jun 17, 2021 07:10PM GMT"
aud_usd,0.7551 -0.0060    -0.78%,15:10:48,2021-06-17 19:11:10.430565,"Prev. Close: 0.7610
Bid/Ask: 0.7550 / 0.7551
Day's Range: 0.7540 - 0.7646",Strong Sell,"Summary:Strong Sell
Moving Averages:Strong SellBuy (0)Sell (12)
Technical Indicators:Strong SellBuy (1)Sell (8)","Name
S3
S2
S1
Pivot Points
R1
R2
R3
Classic
0.7540
0.7546
0.7549
0.7555
0.7558
0.7564
0.7568
Fibonacci
0.7546
0.7549
0.7551
0.7555
0.7559
0.7561
0.7564
Camarilla
0.7549
0.7550
0.7551
0.7555
0.7552
0.7553
0.7554
Woodie's
0.7538
0.7545
0.7547
0.7554
0.7556
0.7563
0.7566
DeMark's
-
-
0.7547
0.7554
0.7556
-
-","Technical IndicatorsJun 17, 2021 07:10PM GMT
Name
Value
Action
RSI(14)
26.741
Sell
STOCH(9,6)
20.835
Sell
STOCHRSI(14)
59.862
Buy
MACD(12,26)
-0.003
Sell
ADX(14)
45.743
Sell
Williams %R
-87.432
Oversold
CCI(14)
-89.4478
Sell
ATR(14)
0.0018
Less Volatility
Highs/Lows(14)
-0.0017
Sell
Ultimate Oscillator
29.527
Oversold
ROC
-1.042
Sell
Bull/Bear Power(13)
-0.0034
Sell
Buy: 1
Sell: 8
Neutral: 0


Summary:Strong Sell","Jun 17, 2021 07:10PM GMT"
eur_gbp,0.8552 -0.0021    -0.24%,15:10:32,2021-06-17 19:11:10.433387,"Prev. Close: 0.8573
Bid/Ask: 0.8550 / 0.8554
Day's Range: 0.8542 - 0.8580",Strong Sell,"Summary:Strong Sell
Moving Averages:Strong SellBuy (0)Sell (12)
Technical Indicators:Strong SellBuy (1)Sell (8)","Name
S3
S2
S1
Pivot Points
R1
R2
R3
Classic
0.8548
0.8551
0.8552
0.8555
0.8556
0.8559
0.8561
Fibonacci
0.8551
0.8552
0.8553
0.8555
0.8557
0.8558
0.8559
Camarilla
0.8553
0.8554
0.8554
0.8555
0.8555
0.8555
0.8556
Woodie's
0.8548
0.8551
0.8552
0.8555
0.8556
0.8559
0.8561
DeMark's
-
-
0.8552
0.8555
0.8556
-
-","Technical IndicatorsJun 17, 2021 07:09PM GMT
Name
Value
Action
RSI(14)
36.075
Sell
STOCH(9,6)
48.250
Neutral
STOCHRSI(14)
63.406
Buy
MACD(12,26)
-0.001
Sell
ADX(14)
35.225
Sell
Williams %R
-65.625
Sell
CCI(14)
-84.2329
Sell
ATR(14)
0.0011
High Volatility
Highs/Lows(14)
0.0000
Neutral
Ultimate Oscillator
47.428
Sell
ROC
-0.204
Sell
Bull/Bear Power(13)
-0.0014
Sell
Buy: 1
Sell: 8
Neutral: 2


Summary:Strong Sell","Jun 17, 2021 07:09PM GMT"
usd_cad,1.2349 +0.0073    +0.59%,15:10:51,2021-06-17 19:11:10.436209,"Prev. Close: 1.2276
Bid/Ask: 1.2347 / 1.2351
Day's Range: 1.2261 - 1.2378",Strong Buy,"Summary:Strong Buy
Moving Averages:Strong BuyBuy (11)Sell (1)
Technical Indicators:Strong BuyBuy (10)Sell (1)","Name
S3
S2
S1
Pivot Points
R1
R2
R3
Classic
1.2329
1.2334
1.2343
1.2349
1.2358
1.2364
1.2373
Fibonacci
1.2334
1.2340
1.2343
1.2349
1.2355
1.2358
1.2364
Camarilla
1.2348
1.2349
1.2351
1.2349
1.2353
1.2355
1.2356
Woodie's
1.2331
1.2335
1.2345
1.2350
1.2360
1.2365
1.2375
DeMark's
-
-
1.2345
1.2350
1.2360
-
-","Technical IndicatorsJun 17, 2021 07:10PM GMT
Name
Value
Action
RSI(14)
70.697
Buy
STOCH(9,6)
68.721
Buy
STOCHRSI(14)
34.802
Sell
MACD(12,26)
0.003
Buy
ADX(14)
36.372
Buy
Williams %R
-22.908
Buy
CCI(14)
96.1154
Buy
ATR(14)
0.0026
High Volatility
Highs/Lows(14)
0.0013
Buy
Ultimate Oscillator
69.691
Buy
ROC
0.685
Buy
Bull/Bear Power(13)
0.0039
Buy
Buy: 10
Sell: 1
Neutral: 0


Summary:Strong Buy","Jun 17, 2021 07:10PM GMT"
usd_chf,0.9178 +0.0092    +1.02%,15:10:58,2021-06-17 19:11:10.438987,"Prev. Close: 0.9085
Bid/Ask: 0.9177 / 0.9178
Day's Range: 0.9076 - 0.9188",Strong Buy,"Summary:Strong Buy
Moving Averages:BuyBuy (12)Sell (0)
Technical Indicators:Strong BuyBuy (7)Sell (0)","Name
S3
S2
S1
Pivot Points
R1
R2
R3
Classic
0.9159
0.9162
0.9168
0.9171
0.9177
0.9180
0.9185
Fibonacci
0.9162
0.9166
0.9168
0.9171
0.9174
0.9176
0.9180
Camarilla
0.9171
0.9172
0.9173
0.9171
0.9174
0.9175
0.9176
Woodie's
0.9161
0.9163
0.9170
0.9172
0.9179
0.9181
0.9187
DeMark's
-
-
0.9169
0.9172
0.9178
-
-","Technical IndicatorsJun 17, 2021 07:10PM GMT
Name
Value
Action
RSI(14)
77.164
Overbought
STOCH(9,6)
79.521
Buy
STOCHRSI(14)
13.258
Oversold
MACD(12,26)
0.004
Buy
ADX(14)
38.566
Buy
Williams %R
-8.695
Overbought
CCI(14)
108.6805
Buy
ATR(14)
0.0018
High Volatility
Highs/Lows(14)
0.0020
Buy
Ultimate Oscillator
70.926
Overbought
ROC
1.062
Buy
Bull/Bear Power(13)
0.0031
Buy
Buy: 7
Sell: 0
Neutral: 0


Summary:Strong Buy","Jun 17, 2021 07:10PM GMT"
nzd_chf,0.6429 +0.0025    +0.39%,15:10:50,2021-06-17 19:11:10.441742,"Prev. Close: 0.6404
Bid/Ask: 0.6428 / 0.6430
Day's Range: 0.6406 - 0.6453",Neutral,"Summary:Neutral
Moving Averages:BuyBuy (9)Sell (3)
Technical Indicators:SellBuy (2)Sell (3)","Name
S3
S2
S1
Pivot Points
R1
R2
R3
Classic
0.6419
0.6421
0.6425
0.6427
0.6430
0.6433
0.6436
Fibonacci
0.6421
0.6423
0.6425
0.6427
0.6429
0.6431
0.6433
Camarilla
0.6425
0.6425
0.6426
0.6427
0.6427
0.6428
0.6428
Woodie's
0.6419
0.6421
0.6425
0.6427
0.6430
0.6433
0.6436
DeMark's
-
-
0.6422
0.6426
0.6428
-
-","Technical IndicatorsJun 17, 2021 07:09PM GMT
Name
Value
Action
RSI(14)
52.580
Neutral
STOCH(9,6)
53.036
Neutral
STOCHRSI(14)
51.342
Neutral
MACD(12,26)
0.000
Buy
ADX(14)
28.500
Sell
Williams %R
-50.538
Neutral
CCI(14)
-11.5047
Neutral
ATR(14)
0.0012
Less Volatility
Highs/Lows(14)
0.0000
Neutral
Ultimate Oscillator
55.259
Buy
ROC
-0.140
Sell
Bull/Bear Power(13)
-0.0006
Sell
Buy: 2
Sell: 3
Neutral: 6


Summary:Sell","Jun 17, 2021 07:09PM GMT"
usd_cny,6.4484 +0.0515    +0.80%,11:27:22,2021-06-17 19:11:10.444538,"Prev. Close: 6.3969
Bid/Ask: 6.4477 / 6.4490
Day's Range: 6.3972 - 6.4494",Strong Buy,"Summary:Strong Buy
Moving Averages:BuyBuy (12)Sell (0)
Technical Indicators:Strong BuyBuy (7)Sell (0)","Name
S3
S2
S1
Pivot Points
R1
R2
R3
Classic
6.4380
6.4399
6.4436
6.4455
6.4492
6.4511
6.4548
Fibonacci
6.4399
6.4420
6.4434
6.4455
6.4476
6.4490
6.4511
Camarilla
6.4458
6.4463
6.4468
6.4455
6.4479
6.4484
6.4489
Woodie's
6.4390
6.4404
6.4446
6.4460
6.4502
6.4516
6.4558
DeMark's
-
-
6.4446
6.4460
6.4502
-
-","Technical IndicatorsJun 17, 2021 03:34PM GMT
Name
Value
Action
RSI(14)
85.433
Overbought
STOCH(9,6)
77.649
Buy
STOCHRSI(14)
100.000
Overbought
MACD(12,26)
0.011
Buy
ADX(14)
61.337
Buy
Williams %R
-3.426
Overbought
CCI(14)
151.8010
Buy
ATR(14)
0.0041
Less Volatility
Highs/Lows(14)
0.0141
Buy
Ultimate Oscillator
82.973
Overbought
ROC
0.391
Buy
Bull/Bear Power(13)
0.0286
Buy
Buy: 7
Sell: 0
Neutral: 0


Summary:Strong Buy","Jun 17, 2021 03:34PM GMT"
usd_hkd,7.7649 +0.0019    +0.02%,15:10:39,2021-06-17 19:11:10.447328,"Prev. Close: 7.7630
Bid/Ask: 7.7647 / 7.7650
Day's Range: 7.7625 - 7.7656",Strong Buy,"Summary:Strong Buy
Moving Averages:BuyBuy (12)Sell (0)
Technical Indicators:Strong BuyBuy (7)Sell (3)","Name
S3
S2
S1
Pivot Points
R1
R2
R3
Classic
7.7646
7.7646
7.7647
7.7648
7.7649
7.7650
7.7651
Fibonacci
7.7646
7.7647
7.7647
7.7648
7.7649
7.7649
7.7650
Camarilla
7.7648
7.7648
7.7648
7.7648
7.7649
7.7649
7.7649
Woodie's
7.7646
7.7646
7.7647
7.7648
7.7649
7.7650
7.7651
DeMark's
-
-
7.7648
7.7648
7.7650
-
-","Technical IndicatorsJun 17, 2021 07:10PM GMT
Name
Value
Action
RSI(14)
58.665
Buy
STOCH(9,6)
43.421
Sell
STOCHRSI(14)
38.355
Sell
MACD(12,26)
0.001
Buy
ADX(14)
45.619
Buy
Williams %R
-31.593
Buy
CCI(14)
79.7411
Buy
ATR(14)
0.0009
Less Volatility
Highs/Lows(14)
0.0000
Neutral
Ultimate Oscillator
46.866
Sell
ROC
0.003
Buy
Bull/Bear Power(13)
0.0017
Buy
Buy: 7
Sell: 3
Neutral: 1


Summary:Strong Buy","Jun 17, 2021 07:10PM GMT"
eur_usd,1.1907 -0.0087    -0.73%,15:11:33,2021-06-17 19:12:18.262315,"Prev. Close: 1.1994
Bid/Ask: 1.1905 / 1.1909
Day's Range: 1.1892 - 1.2007",Strong Sell,"Summary:Strong Sell
Moving Averages:Strong SellBuy (0)Sell (12)
Technical Indicators:Strong SellBuy (0)Sell (9)","Name
S3
S2
S1
Pivot Points
R1
R2
R3
Classic
1.1895
1.1903
1.1907
1.1915
1.1919
1.1927
1.1931
Fibonacci
1.1903
1.1908
1.1910
1.1915
1.1920
1.1922
1.1927
Camarilla
1.1908
1.1909
1.1910
1.1915
1.1912
1.1913
1.1914
Woodie's
1.1893
1.1902
1.1905
1.1914
1.1917
1.1926
1.1929
DeMark's
-
-
1.1905
1.1914
1.1917
-
-","Technical IndicatorsJun 17, 2021 07:11PM GMT
Name
Value
Action
RSI(14)
26.078
Sell
STOCH(9,6)
26.892
Sell
STOCHRSI(14)
86.478
Overbought
MACD(12,26)
-0.004
Sell
ADX(14)
37.926
Sell
Williams %R
-86.607
Oversold
CCI(14)
-111.3400
Sell
ATR(14)
0.0023
High Volatility
Highs/Lows(14)
-0.0017
Sell
Ultimate Oscillator
34.481
Sell
ROC
-0.792
Sell
Bull/Bear Power(13)
-0.0038
Sell
Buy: 0
Sell: 9
Neutral: 0


Summary:Strong Sell","Jun 17, 2021 07:11PM GMT"
gbp_usd,1.3924 -0.0063    -0.45%,15:11:28,2021-06-17 19:12:18.265817,"Prev. Close: 1.3987
Bid/Ask: 1.3922 / 1.3926
Day's Range: 1.3896 - 1.4010",Strong Sell,"Summary:Strong Sell
Moving Averages:SellBuy (2)Sell (10)
Technical Indicators:Strong SellBuy (0)Sell (10)","Name
S3
S2
S1
Pivot Points
R1
R2
R3
Classic
1.3906
1.3915
1.3918
1.3927
1.3931
1.3939
1.3943
Fibonacci
1.3915
1.3920
1.3922
1.3927
1.3932
1.3934
1.3939
Camarilla
1.3920
1.3921
1.3922
1.3927
1.3925
1.3926
1.3927
Woodie's
1.3904
1.3914
1.3916
1.3926
1.3929
1.3938
1.3941
DeMark's
-
-
1.3917
1.3926
1.3930
-
-","Technical IndicatorsJun 17, 2021 07:11PM GMT
Name
Value
Action
RSI(14)
35.423
Sell
STOCH(9,6)
29.735
Sell
STOCHRSI(14)
100.000
Overbought
MACD(12,26)
-0.003
Sell
ADX(14)
37.932
Sell
Williams %R
-73.973
Sell
CCI(14)
-78.5555
Sell
ATR(14)
0.0026
High Volatility
Highs/Lows(14)
-0.0011
Sell
Ultimate Oscillator
37.133
Sell
ROC
-0.571
Sell
Bull/Bear Power(13)
-0.0027
Sell
Buy: 0
Sell: 10
Neutral: 0


Summary:Strong Sell","Jun 17, 2021 07:11PM GMT"
usd_jpy,110.28 -0.41    -0.37%,15:11:38,2021-06-17 19:12:18.268769,"Prev. Close: 110.69
Bid/Ask: 110.26 / 110.29
Day's Range: 110.17 - 110.83",Strong Sell,"Summary:Strong Sell
Moving Averages:SellBuy (4)Sell (8)
Technical Indicators:Strong SellBuy (1)Sell (7)","Name
S3
S2
S1
Pivot Points
R1
R2
R3
Classic
110.15
110.17
110.21
110.23
110.27
110.29
110.32
Fibonacci
110.17
110.19
110.21
110.23
110.25
110.27
110.29
Camarilla
110.24
110.24
110.25
110.23
110.26
110.27
110.27
Woodie's
110.17
110.18
110.23
110.24
110.29
110.30
110.34
DeMark's
-
-
110.23
110.24
110.29
-
-","Technical IndicatorsJun 17, 2021 07:10PM GMT
Name
Value
Action
RSI(14)
42.233
Sell
STOCH(9,6)
15.454
Oversold
STOCHRSI(14)
14.460
Oversold
MACD(12,26)
-0.010
Sell
ADX(14)
36.026
Buy
Williams %R
-83.194
Oversold
CCI(14)
-85.7518
Sell
ATR(14)
0.1293
High Volatility
Highs/Lows(14)
-0.1454
Sell
Ultimate Oscillator
44.184
Sell
ROC
-0.339
Sell
Bull/Bear Power(13)
-0.2800
Sell
Buy: 1
Sell: 7
Neutral: 0


Summary:Strong Sell","Jun 17, 2021 07:10PM GMT"
aud_usd,0.7551 -0.0059    -0.78%,15:11:42,2021-06-17 19:12:18.271628,"Prev. Close: 0.7610
Bid/Ask: 0.7550 / 0.7552
Day's Range: 0.7540 - 0.7646",Strong Sell,"Summary:Strong Sell
Moving Averages:Strong SellBuy (0)Sell (12)
Technical Indicators:Strong SellBuy (1)Sell (8)","Name
S3
S2
S1
Pivot Points
R1
R2
R3
Classic
0.7540
0.7546
0.7549
0.7555
0.7558
0.7564
0.7568
Fibonacci
0.7546
0.7549
0.7551
0.7555
0.7559
0.7561
0.7564
Camarilla
0.7549
0.7550
0.7551
0.7555
0.7552
0.7553
0.7554
Woodie's
0.7538
0.7545
0.7547
0.7554
0.7556
0.7563
0.7566
DeMark's
-
-
0.7547
0.7554
0.7556
-
-","Technical IndicatorsJun 17, 2021 07:10PM GMT
Name
Value
Action
RSI(14)
26.741
Sell
STOCH(9,6)
20.835
Sell
STOCHRSI(14)
59.862
Buy
MACD(12,26)
-0.003
Sell
ADX(14)
45.743
Sell
Williams %R
-87.432
Oversold
CCI(14)
-89.4478
Sell
ATR(14)
0.0018
Less Volatility
Highs/Lows(14)
-0.0017
Sell
Ultimate Oscillator
29.527
Oversold
ROC
-1.042
Sell
Bull/Bear Power(13)
-0.0034
Sell
Buy: 1
Sell: 8
Neutral: 0


Summary:Strong Sell","Jun 17, 2021 07:10PM GMT"
eur_gbp,0.8551 -0.0022    -0.26%,15:11:41,2021-06-17 19:12:18.274394,"Prev. Close: 0.8573
Bid/Ask: 0.8549 / 0.8553
Day's Range: 0.8542 - 0.8580",Strong Sell,"Summary:Strong Sell
Moving Averages:Strong SellBuy (0)Sell (12)
Technical Indicators:Strong SellBuy (1)Sell (9)","Name
S3
S2
S1
Pivot Points
R1
R2
R3
Classic
0.8548
0.8551
0.8552
0.8555
0.8556
0.8559
0.8561
Fibonacci
0.8551
0.8552
0.8553
0.8555
0.8557
0.8558
0.8559
Camarilla
0.8553
0.8554
0.8554
0.8555
0.8555
0.8555
0.8556
Woodie's
0.8548
0.8551
0.8552
0.8555
0.8556
0.8559
0.8561
DeMark's
-
-
0.8552
0.8555
0.8556
-
-","Technical IndicatorsJun 17, 2021 07:11PM GMT
Name
Value
Action
RSI(14)
35.099
Sell
STOCH(9,6)
47.324
Neutral
STOCHRSI(14)
59.171
Buy
MACD(12,26)
-0.001
Sell
ADX(14)
35.225
Sell
Williams %R
-70.313
Sell
CCI(14)
-91.5689
Sell
ATR(14)
0.0011
High Volatility
Highs/Lows(14)
-0.0000
Sell
Ultimate Oscillator
45.801
Sell
ROC
-0.222
Sell
Bull/Bear Power(13)
-0.0014
Sell
Buy: 1
Sell: 9
Neutral: 1


Summary:Strong Sell","Jun 17, 2021 07:11PM GMT"
usd_cad,1.2353 +0.0076    +0.62%,15:11:42,2021-06-17 19:12:18.277153,"Prev. Close: 1.2276
Bid/Ask: 1.2352 / 1.2353
Day's Range: 1.2261 - 1.2378",Strong Buy,"Summary:Strong Buy
Moving Averages:Strong BuyBuy (11)Sell (1)
Technical Indicators:Strong BuyBuy (10)Sell (1)","Name
S3
S2
S1
Pivot Points
R1
R2
R3
Classic
1.2329
1.2334
1.2343
1.2349
1.2358
1.2364
1.2373
Fibonacci
1.2334
1.2340
1.2343
1.2349
1.2355
1.2358
1.2364
Camarilla
1.2348
1.2349
1.2351
1.2349
1.2353
1.2355
1.2356
Woodie's
1.2331
1.2335
1.2345
1.2350
1.2360
1.2365
1.2375
DeMark's
-
-
1.2345
1.2350
1.2360
-
-","Technical IndicatorsJun 17, 2021 07:10PM GMT
Name
Value
Action
RSI(14)
70.697
Buy
STOCH(9,6)
68.721
Buy
STOCHRSI(14)
34.802
Sell
MACD(12,26)
0.003
Buy
ADX(14)
36.372
Buy
Williams %R
-22.908
Buy
CCI(14)
96.1154
Buy
ATR(14)
0.0026
High Volatility
Highs/Lows(14)
0.0013
Buy
Ultimate Oscillator
69.691
Buy
ROC
0.685
Buy
Bull/Bear Power(13)
0.0039
Buy
Buy: 10
Sell: 1
Neutral: 0


Summary:Strong Buy","Jun 17, 2021 07:10PM GMT"
usd_chf,0.9177 +0.0092    +1.01%,15:11:38,2021-06-17 19:12:18.279912,"Prev. Close: 0.9085
Bid/Ask: 0.9175 / 0.9179
Day's Range: 0.9076 - 0.9188",Strong Buy,"Summary:Strong Buy
Moving Averages:BuyBuy (12)Sell (0)
Technical Indicators:Strong BuyBuy (7)Sell (0)","Name
S3
S2
S1
Pivot Points
R1
R2
R3
Classic
0.9159
0.9162
0.9168
0.9171
0.9177
0.9180
0.9185
Fibonacci
0.9162
0.9166
0.9168
0.9171
0.9174
0.9176
0.9180
Camarilla
0.9171
0.9172
0.9173
0.9171
0.9174
0.9175
0.9176
Woodie's
0.9161
0.9163
0.9170
0.9172
0.9179
0.9181
0.9187
DeMark's
-
-
0.9169
0.9172
0.9178
-
-","Technical IndicatorsJun 17, 2021 07:12PM GMT
Name
Value
Action
RSI(14)
76.873
Overbought
STOCH(9,6)
79.058
Buy
STOCHRSI(14)
10.685
Oversold
MACD(12,26)
0.004
Buy
ADX(14)
38.566
Buy
Williams %R
-10.145
Overbought
CCI(14)
107.1652
Buy
ATR(14)
0.0018
High Volatility
Highs/Lows(14)
0.0018
Buy
Ultimate Oscillator
70.004
Overbought
ROC
1.046
Buy
Bull/Bear Power(13)
0.0051
Buy
Buy: 7
Sell: 0
Neutral: 0


Summary:Strong Buy","Jun 17, 2021 07:12PM GMT"
nzd_chf,0.6429 +0.0024    +0.38%,15:11:38,2021-06-17 19:12:18.282650,"Prev. Close: 0.6404
Bid/Ask: 0.6428 / 0.6429
Day's Range: 0.6406 - 0.6453",Neutral,"Summary:Neutral
Moving Averages:BuyBuy (9)Sell (3)
Technical Indicators:SellBuy (2)Sell (3)","Name
S3
S2
S1
Pivot Points
R1
R2
R3
Classic
0.6419
0.6421
0.6425
0.6427
0.6430
0.6433
0.6436
Fibonacci
0.6421
0.6423
0.6425
0.6427
0.6429
0.6431
0.6433
Camarilla
0.6425
0.6425
0.6426
0.6427
0.6427
0.6428
0.6428
Woodie's
0.6419
0.6421
0.6425
0.6427
0.6430
0.6433
0.6436
DeMark's
-
-
0.6422
0.6426
0.6428
-
-","Technical IndicatorsJun 17, 2021 07:11PM GMT
Name
Value
Action
RSI(14)
52.580
Neutral
STOCH(9,6)
53.036
Neutral
STOCHRSI(14)
51.342
Neutral
MACD(12,26)
0.000
Buy
ADX(14)
27.552
Sell
Williams %R
-50.538
Neutral
CCI(14)
-10.1770
Neutral
ATR(14)
0.0012
Less Volatility
Highs/Lows(14)
0.0000
Neutral
Ultimate Oscillator
54.959
Buy
ROC
-0.140
Sell
Bull/Bear Power(13)
-0.0005
Sell
Buy: 2
Sell: 3
Neutral: 6


Summary:Sell","Jun 17, 2021 07:11PM GMT"
usd_cny,6.4484 +0.0515    +0.80%,11:27:22,2021-06-17 19:12:18.285361,"Prev. Close: 6.3969
Bid/Ask: 6.4477 / 6.4490
Day's Range: 6.3972 - 6.4494",Strong Buy,"Summary:Strong Buy
Moving Averages:BuyBuy (12)Sell (0)
Technical Indicators:Strong BuyBuy (7)Sell (0)","Name
S3
S2
S1
Pivot Points
R1
R2
R3
Classic
6.4380
6.4399
6.4436
6.4455
6.4492
6.4511
6.4548
Fibonacci
6.4399
6.4420
6.4434
6.4455
6.4476
6.4490
6.4511
Camarilla
6.4458
6.4463
6.4468
6.4455
6.4479
6.4484
6.4489
Woodie's
6.4390
6.4404
6.4446
6.4460
6.4502
6.4516
6.4558
DeMark's
-
-
6.4446
6.4460
6.4502
-
-","Technical IndicatorsJun 17, 2021 03:34PM GMT
Name
Value
Action
RSI(14)
85.433
Overbought
STOCH(9,6)
77.649
Buy
STOCHRSI(14)
100.000
Overbought
MACD(12,26)
0.011
Buy
ADX(14)
61.337
Buy
Williams %R
-3.426
Overbought
CCI(14)
151.8010
Buy
ATR(14)
0.0041
Less Volatility
Highs/Lows(14)
0.0141
Buy
Ultimate Oscillator
82.973
Overbought
ROC
0.391
Buy
Bull/Bear Power(13)
0.0286
Buy
Buy: 7
Sell: 0
Neutral: 0


Summary:Strong Buy","Jun 17, 2021 03:34PM GMT"
usd_hkd,7.7649 +0.0019    +0.02%,15:11:42,2021-06-17 19:12:18.288108,"Prev. Close: 7.7630
Bid/Ask: 7.7647 / 7.7650
Day's Range: 7.7625 - 7.7656",Strong Buy,"Summary:Strong Buy
Moving Averages:BuyBuy (12)Sell (0)
Technical Indicators:Strong BuyBuy (7)Sell (3)","Name
S3
S2
S1
Pivot Points
R1
R2
R3
Classic
7.7646
7.7646
7.7647
7.7648
7.7649
7.7650
7.7651
Fibonacci
7.7646
7.7647
7.7647
7.7648
7.7649
7.7649
7.7650
Camarilla
7.7648
7.7648
7.7648
7.7648
7.7649
7.7649
7.7649
Woodie's
7.7646
7.7646
7.7647
7.7648
7.7649
7.7650
7.7651
DeMark's
-
-
7.7648
7.7648
7.7650
-
-","Technical IndicatorsJun 17, 2021 07:12PM GMT
Name
Value
Action
RSI(14)
58.665
Buy
STOCH(9,6)
43.421
Sell
STOCHRSI(14)
38.355
Sell
MACD(12,26)
0.001
Buy
ADX(14)
45.619
Buy
Williams %R
-31.593
Buy
CCI(14)
79.7411
Buy
ATR(14)
0.0009
Less Volatility
Highs/Lows(14)
0.0000
Neutral
Ultimate Oscillator
46.866
Sell
ROC
0.003
Buy
Bull/Bear Power(13)
0.0017
Buy
Buy: 7
Sell: 3
Neutral: 1


Summary:Strong Buy","Jun 17, 2021 07:12PM GMT"
eur_usd,1.1909 -0.0086    -0.71%,15:12:51,2021-06-17 19:13:18.042328,"Prev. Close: 1.1994
Bid/Ask: 1.1908 / 1.1909
Day's Range: 1.1892 - 1.2007",Strong Sell,"Summary:Strong Sell
Moving Averages:Strong SellBuy (0)Sell (12)
Technical Indicators:Strong SellBuy (0)Sell (9)","Name
S3
S2
S1
Pivot Points
R1
R2
R3
Classic
1.1895
1.1903
1.1907
1.1915
1.1919
1.1927
1.1931
Fibonacci
1.1903
1.1908
1.1910
1.1915
1.1920
1.1922
1.1927
Camarilla
1.1908
1.1909
1.1910
1.1915
1.1912
1.1913
1.1914
Woodie's
1.1893
1.1902
1.1905
1.1914
1.1917
1.1926
1.1929
DeMark's
-
-
1.1905
1.1914
1.1917
-
-","Technical IndicatorsJun 17, 2021 07:11PM GMT
Name
Value
Action
RSI(14)
26.078
Sell
STOCH(9,6)
26.892
Sell
STOCHRSI(14)
86.478
Overbought
MACD(12,26)
-0.004
Sell
ADX(14)
37.926
Sell
Williams %R
-86.607
Oversold
CCI(14)
-111.3400
Sell
ATR(14)
0.0023
High Volatility
Highs/Lows(14)
-0.0017
Sell
Ultimate Oscillator
34.481
Sell
ROC
-0.792
Sell
Bull/Bear Power(13)
-0.0038
Sell
Buy: 0
Sell: 9
Neutral: 0


Summary:Strong Sell","Jun 17, 2021 07:11PM GMT"
gbp_usd,1.3927 -0.0060    -0.43%,15:12:42,2021-06-17 19:13:18.045843,"Prev. Close: 1.3987
Bid/Ask: 1.3926 / 1.3927
Day's Range: 1.3896 - 1.4010",Strong Sell,"Summary:Strong Sell
Moving Averages:SellBuy (2)Sell (10)
Technical Indicators:Strong SellBuy (0)Sell (10)","Name
S3
S2
S1
Pivot Points
R1
R2
R3
Classic
1.3906
1.3915
1.3918
1.3927
1.3931
1.3939
1.3943
Fibonacci
1.3915
1.3920
1.3922
1.3927
1.3932
1.3934
1.3939
Camarilla
1.3920
1.3921
1.3922
1.3927
1.3925
1.3926
1.3927
Woodie's
1.3904
1.3914
1.3916
1.3926
1.3929
1.3938
1.3941
DeMark's
-
-
1.3917
1.3926
1.3930
-
-","Technical IndicatorsJun 17, 2021 07:11PM GMT
Name
Value
Action
RSI(14)
35.423
Sell
STOCH(9,6)
29.735
Sell
STOCHRSI(14)
100.000
Overbought
MACD(12,26)
-0.003
Sell
ADX(14)
37.932
Sell
Williams %R
-73.973
Sell
CCI(14)
-78.5555
Sell
ATR(14)
0.0026
High Volatility
Highs/Lows(14)
-0.0011
Sell
Ultimate Oscillator
37.133
Sell
ROC
-0.571
Sell
Bull/Bear Power(13)
-0.0027
Sell
Buy: 0
Sell: 10
Neutral: 0


Summary:Strong Sell","Jun 17, 2021 07:11PM GMT"
usd_jpy,110.28 -0.41    -0.37%,15:12:36,2021-06-17 19:13:18.048733,"Prev. Close: 110.69
Bid/Ask: 110.26 / 110.29
Day's Range: 110.17 - 110.83",Strong Sell,"Summary:Strong Sell
Moving Averages:SellBuy (5)Sell (7)
Technical Indicators:Strong SellBuy (1)Sell (7)","Name
S3
S2
S1
Pivot Points
R1
R2
R3
Classic
110.15
110.17
110.21
110.23
110.27
110.29
110.32
Fibonacci
110.17
110.19
110.21
110.23
110.25
110.27
110.29
Camarilla
110.24
110.24
110.25
110.23
110.26
110.27
110.27
Woodie's
110.17
110.18
110.23
110.24
110.29
110.30
110.34
DeMark's
-
-
110.23
110.24
110.29
-
-","Technical IndicatorsJun 17, 2021 07:12PM GMT
Name
Value
Action
RSI(14)
42.540
Sell
STOCH(9,6)
15.597
Oversold
STOCHRSI(14)
15.579
Oversold
MACD(12,26)
-0.010
Sell
ADX(14)
36.026
Buy
Williams %R
-82.352
Oversold
CCI(14)
-84.0934
Sell
ATR(14)
0.1300
High Volatility
Highs/Lows(14)
-0.1404
Sell
Ultimate Oscillator
44.234
Sell
ROC
-0.334
Sell
Bull/Bear Power(13)
-0.2720
Sell
Buy: 1
Sell: 7
Neutral: 0


Summary:Strong Sell","Jun 17, 2021 07:12PM GMT"
aud_usd,0.7552 -0.0058    -0.76%,15:12:51,2021-06-17 19:13:18.051536,"Prev. Close: 0.7610
Bid/Ask: 0.7551 / 0.7553
Day's Range: 0.7540 - 0.7646",Strong Sell,"Summary:Strong Sell
Moving Averages:Strong SellBuy (0)Sell (12)
Technical Indicators:Strong SellBuy (1)Sell (8)","Name
S3
S2
S1
Pivot Points
R1
R2
R3
Classic
0.7540
0.7546
0.7549
0.7555
0.7558
0.7564
0.7568
Fibonacci
0.7546
0.7549
0.7551
0.7555
0.7559
0.7561
0.7564
Camarilla
0.7549
0.7550
0.7551
0.7555
0.7552
0.7553
0.7554
Woodie's
0.7538
0.7545
0.7547
0.7554
0.7556
0.7563
0.7566
DeMark's
-
-
0.7547
0.7554
0.7556
-
-","Technical IndicatorsJun 17, 2021 07:12PM GMT
Name
Value
Action
RSI(14)
26.741
Sell
STOCH(9,6)
20.835
Sell
STOCHRSI(14)
59.862
Buy
MACD(12,26)
-0.003
Sell
ADX(14)
45.872
Sell
Williams %R
-87.432
Oversold
CCI(14)
-89.9022
Sell
ATR(14)
0.0018
Less Volatility
Highs/Lows(14)
-0.0017
Sell
Ultimate Oscillator
29.749
Oversold
ROC
-1.042
Sell
Bull/Bear Power(13)
-0.0035
Sell
Buy: 1
Sell: 8
Neutral: 0


Summary:Strong Sell","Jun 17, 2021 07:12PM GMT"
eur_gbp,0.8551 -0.0022    -0.26%,15:12:56,2021-06-17 19:13:18.054292,"Prev. Close: 0.8573
Bid/Ask: 0.8550 / 0.8552
Day's Range: 0.8542 - 0.8580",Strong Sell,"Summary:Strong Sell
Moving Averages:Strong SellBuy (0)Sell (12)
Technical Indicators:Strong SellBuy (1)Sell (9)","Name
S3
S2
S1
Pivot Points
R1
R2
R3
Classic
0.8548
0.8551
0.8552
0.8555
0.8556
0.8559
0.8561
Fibonacci
0.8551
0.8552
0.8553
0.8555
0.8557
0.8558
0.8559
Camarilla
0.8553
0.8554
0.8554
0.8555
0.8555
0.8555
0.8556
Woodie's
0.8548
0.8551
0.8552
0.8555
0.8556
0.8559
0.8561
DeMark's
-
-
0.8552
0.8555
0.8556
-
-","Technical IndicatorsJun 17, 2021 07:11PM GMT
Name
Value
Action
RSI(14)
35.099
Sell
STOCH(9,6)
47.324
Neutral
STOCHRSI(14)
59.171
Buy
MACD(12,26)
-0.001
Sell
ADX(14)
35.225
Sell
Williams %R
-70.313
Sell
CCI(14)
-91.5689
Sell
ATR(14)
0.0011
High Volatility
Highs/Lows(14)
-0.0000
Sell
Ultimate Oscillator
45.801
Sell
ROC
-0.222
Sell
Bull/Bear Power(13)
-0.0014
Sell
Buy: 1
Sell: 9
Neutral: 1


Summary:Strong Sell","Jun 17, 2021 07:11PM GMT"
usd_cad,1.2349 +0.0073    +0.59%,15:12:50,2021-06-17 19:13:18.057047,"Prev. Close: 1.2276
Bid/Ask: 1.2347 / 1.2351
Day's Range: 1.2261 - 1.2378",Strong Buy,"Summary:Strong Buy
Moving Averages:Strong BuyBuy (11)Sell (1)
Technical Indicators:Strong BuyBuy (10)Sell (1)","Name
S3
S2
S1
Pivot Points
R1
R2
R3
Classic
1.2329
1.2334
1.2343
1.2349
1.2358
1.2364
1.2373
Fibonacci
1.2334
1.2340
1.2343
1.2349
1.2355
1.2358
1.2364
Camarilla
1.2348
1.2349
1.2351
1.2349
1.2353
1.2355
1.2356
Woodie's
1.2331
1.2335
1.2345
1.2350
1.2360
1.2365
1.2375
DeMark's
-
-
1.2345
1.2350
1.2360
-
-","Technical IndicatorsJun 17, 2021 07:10PM GMT
Name
Value
Action
RSI(14)
70.697
Buy
STOCH(9,6)
68.721
Buy
STOCHRSI(14)
34.802
Sell
MACD(12,26)
0.003
Buy
ADX(14)
36.372
Buy
Williams %R
-22.908
Buy
CCI(14)
96.1154
Buy
ATR(14)
0.0026
High Volatility
Highs/Lows(14)
0.0013
Buy
Ultimate Oscillator
69.691
Buy
ROC
0.685
Buy
Bull/Bear Power(13)
0.0039
Buy
Buy: 10
Sell: 1
Neutral: 0


Summary:Strong Buy","Jun 17, 2021 07:10PM GMT"
usd_chf,0.9177 +0.0092    +1.01%,15:12:51,2021-06-17 19:13:18.059802,"Prev. Close: 0.9085
Bid/Ask: 0.9175 / 0.9179
Day's Range: 0.9076 - 0.9188",Strong Buy,"Summary:Strong Buy
Moving Averages:BuyBuy (12)Sell (0)
Technical Indicators:Strong BuyBuy (7)Sell (0)","Name
S3
S2
S1
Pivot Points
R1
R2
R3
Classic
0.9159
0.9162
0.9168
0.9171
0.9177
0.9180
0.9185
Fibonacci
0.9162
0.9166
0.9168
0.9171
0.9174
0.9176
0.9180
Camarilla
0.9171
0.9172
0.9173
0.9171
0.9174
0.9175
0.9176
Woodie's
0.9161
0.9163
0.9170
0.9172
0.9179
0.9181
0.9187
DeMark's
-
-
0.9169
0.9172
0.9178
-
-","Technical IndicatorsJun 17, 2021 07:12PM GMT
Name
Value
Action
RSI(14)
76.873
Overbought
STOCH(9,6)
79.058
Buy
STOCHRSI(14)
10.685
Oversold
MACD(12,26)
0.004
Buy
ADX(14)
38.566
Buy
Williams %R
-10.145
Overbought
CCI(14)
107.1652
Buy
ATR(14)
0.0018
High Volatility
Highs/Lows(14)
0.0018
Buy
Ultimate Oscillator
70.004
Overbought
ROC
1.046
Buy
Bull/Bear Power(13)
0.0051
Buy
Buy: 7
Sell: 0
Neutral: 0


Summary:Strong Buy","Jun 17, 2021 07:12PM GMT"
nzd_chf,0.6429 +0.0024    +0.38%,15:12:51,2021-06-17 19:13:18.062551,"Prev. Close: 0.6404
Bid/Ask: 0.6425 / 0.6432
Day's Range: 0.6406 - 0.6453",Neutral,"Summary:Neutral
Moving Averages:BuyBuy (9)Sell (3)
Technical Indicators:SellBuy (2)Sell (3)","Name
S3
S2
S1
Pivot Points
R1
R2
R3
Classic
0.6419
0.6421
0.6425
0.6427
0.6430
0.6433
0.6436
Fibonacci
0.6421
0.6423
0.6425
0.6427
0.6429
0.6431
0.6433
Camarilla
0.6425
0.6425
0.6426
0.6427
0.6427
0.6428
0.6428
Woodie's
0.6419
0.6421
0.6425
0.6427
0.6430
0.6433
0.6436
DeMark's
-
-
0.6422
0.6426
0.6428
-
-","Technical IndicatorsJun 17, 2021 07:11PM GMT
Name
Value
Action
RSI(14)
52.580
Neutral
STOCH(9,6)
53.036
Neutral
STOCHRSI(14)
51.342
Neutral
MACD(12,26)
0.000
Buy
ADX(14)
27.552
Sell
Williams %R
-50.538
Neutral
CCI(14)
-10.1770
Neutral
ATR(14)
0.0012
Less Volatility
Highs/Lows(14)
0.0000
Neutral
Ultimate Oscillator
54.959
Buy
ROC
-0.140
Sell
Bull/Bear Power(13)
-0.0005
Sell
Buy: 2
Sell: 3
Neutral: 6


Summary:Sell","Jun 17, 2021 07:11PM GMT"
usd_cny,6.4484 +0.0515    +0.80%,11:27:22,2021-06-17 19:13:18.065275,"Prev. Close: 6.3969
Bid/Ask: 6.4477 / 6.4490
Day's Range: 6.3972 - 6.4494",Strong Buy,"Summary:Strong Buy
Moving Averages:BuyBuy (12)Sell (0)
Technical Indicators:Strong BuyBuy (7)Sell (0)","Name
S3
S2
S1
Pivot Points
R1
R2
R3
Classic
6.4380
6.4399
6.4436
6.4455
6.4492
6.4511
6.4548
Fibonacci
6.4399
6.4420
6.4434
6.4455
6.4476
6.4490
6.4511
Camarilla
6.4458
6.4463
6.4468
6.4455
6.4479
6.4484
6.4489
Woodie's
6.4390
6.4404
6.4446
6.4460
6.4502
6.4516
6.4558
DeMark's
-
-
6.4446
6.4460
6.4502
-
-","Technical IndicatorsJun 17, 2021 03:34PM GMT
Name
Value
Action
RSI(14)
85.433
Overbought
STOCH(9,6)
77.649
Buy
STOCHRSI(14)
100.000
Overbought
MACD(12,26)
0.011
Buy
ADX(14)
61.337
Buy
Williams %R
-3.426
Overbought
CCI(14)
151.8010
Buy
ATR(14)
0.0041
Less Volatility
Highs/Lows(14)
0.0141
Buy
Ultimate Oscillator
82.973
Overbought
ROC
0.391
Buy
Bull/Bear Power(13)
0.0286
Buy
Buy: 7
Sell: 0
Neutral: 0


Summary:Strong Buy","Jun 17, 2021 03:34PM GMT"
usd_hkd,7.7649 +0.0019    +0.02%,15:12:48,2021-06-17 19:13:18.068013,"Prev. Close: 7.7630
Bid/Ask: 7.7647 / 7.7650
Day's Range: 7.7625 - 7.7656",Strong Buy,"Summary:Strong Buy
Moving Averages:BuyBuy (12)Sell (0)
Technical Indicators:Strong BuyBuy (7)Sell (3)","Name
S3
S2
S1
Pivot Points
R1
R2
R3
Classic
7.7646
7.7646
7.7647
7.7648
7.7649
7.7650
7.7651
Fibonacci
7.7646
7.7647
7.7647
7.7648
7.7649
7.7649
7.7650
Camarilla
7.7648
7.7648
7.7648
7.7648
7.7649
7.7649
7.7649
Woodie's
7.7646
7.7646
7.7647
7.7648
7.7649
7.7650
7.7651
DeMark's
-
-
7.7648
7.7648
7.7650
-
-","Technical IndicatorsJun 17, 2021 07:12PM GMT
Name
Value
Action
RSI(14)
58.665
Buy
STOCH(9,6)
43.421
Sell
STOCHRSI(14)
38.355
Sell
MACD(12,26)
0.001
Buy
ADX(14)
45.619
Buy
Williams %R
-31.593
Buy
CCI(14)
79.7411
Buy
ATR(14)
0.0009
Less Volatility
Highs/Lows(14)
0.0000
Neutral
Ultimate Oscillator
46.866
Sell
ROC
0.003
Buy
Bull/Bear Power(13)
0.0017
Buy
Buy: 7
Sell: 3
Neutral: 1


Summary:Strong Buy","Jun 17, 2021 07:12PM GMT"
eur_usd,1.1911 -0.0083    -0.69%,15:13:37,2021-06-17 19:14:18.700698,"Prev. Close: 1.1994
Bid/Ask: 1.1909 / 1.1913
Day's Range: 1.1892 - 1.2007",Strong Sell,"Summary:Strong Sell
Moving Averages:SellBuy (1)Sell (11)
Technical Indicators:Strong SellBuy (0)Sell (9)","Name
S3
S2
S1
Pivot Points
R1
R2
R3
Classic
1.1895
1.1903
1.1907
1.1915
1.1919
1.1927
1.1931
Fibonacci
1.1903
1.1908
1.1910
1.1915
1.1920
1.1922
1.1927
Camarilla
1.1908
1.1909
1.1910
1.1915
1.1912
1.1913
1.1914
Woodie's
1.1893
1.1902
1.1905
1.1914
1.1917
1.1926
1.1929
DeMark's
-
-
1.1905
1.1914
1.1917
-
-","Technical IndicatorsJun 17, 2021 07:13PM GMT
Name
Value
Action
RSI(14)
26.641
Sell
STOCH(9,6)
27.740
Sell
STOCHRSI(14)
90.980
Overbought
MACD(12,26)
-0.004
Sell
ADX(14)
37.982
Sell
Williams %R
-83.929
Oversold
CCI(14)
-108.7431
Sell
ATR(14)
0.0023
High Volatility
Highs/Lows(14)
-0.0014
Sell
Ultimate Oscillator
36.188
Sell
ROC
-0.767
Sell
Bull/Bear Power(13)
-0.0039
Sell
Buy: 0
Sell: 9
Neutral: 0


Summary:Strong Sell","Jun 17, 2021 07:13PM GMT"
gbp_usd,1.3928 -0.0059    -0.42%,15:13:29,2021-06-17 19:14:18.704280,"Prev. Close: 1.3987
Bid/Ask: 1.3926 / 1.3930
Day's Range: 1.3896 - 1.4010",Strong Sell,"Summary:Strong Sell
Moving Averages:SellBuy (2)Sell (10)
Technical Indicators:Strong SellBuy (0)Sell (10)","Name
S3
S2
S1
Pivot Points
R1
R2
R3
Classic
1.3906
1.3915
1.3918
1.3927
1.3931
1.3939
1.3943
Fibonacci
1.3915
1.3920
1.3922
1.3927
1.3932
1.3934
1.3939
Camarilla
1.3920
1.3921
1.3922
1.3927
1.3925
1.3926
1.3927
Woodie's
1.3904
1.3914
1.3916
1.3926
1.3929
1.3938
1.3941
DeMark's
-
-
1.3917
1.3926
1.3930
-
-","Technical IndicatorsJun 17, 2021 07:13PM GMT
Name
Value
Action
RSI(14)
36.483
Sell
STOCH(9,6)
30.487
Sell
STOCHRSI(14)
100.000
Overbought
MACD(12,26)
-0.003
Sell
ADX(14)
37.932
Sell
Williams %R
-71.233
Sell
CCI(14)
-75.8857
Sell
ATR(14)
0.0026
High Volatility
Highs/Lows(14)
-0.0008
Sell
Ultimate Oscillator
38.398
Sell
ROC
-0.550
Sell
Bull/Bear Power(13)
-0.0027
Sell
Buy: 0
Sell: 10
Neutral: 0


Summary:Strong Sell","Jun 17, 2021 07:13PM GMT"
usd_jpy,110.26 -0.43    -0.39%,15:13:40,2021-06-17 19:14:18.707271,"Prev. Close: 110.69
Bid/Ask: 110.25 / 110.27
Day's Range: 110.17 - 110.83",Strong Sell,"Summary:Strong Sell
Moving Averages:SellBuy (4)Sell (8)
Technical Indicators:Strong SellBuy (1)Sell (7)","Name
S3
S2
S1
Pivot Points
R1
R2
R3
Classic
110.15
110.17
110.21
110.23
110.27
110.29
110.32
Fibonacci
110.17
110.19
110.21
110.23
110.25
110.27
110.29
Camarilla
110.24
110.24
110.25
110.23
110.26
110.27
110.27
Woodie's
110.17
110.18
110.23
110.24
110.29
110.30
110.34
DeMark's
-
-
110.23
110.24
110.29
-
-","Technical IndicatorsJun 17, 2021 07:13PM GMT
Name
Value
Action
RSI(14)
41.923
Sell
STOCH(9,6)
15.312
Oversold
STOCHRSI(14)
13.331
Oversold
MACD(12,26)
-0.020
Sell
ADX(14)
36.026
Buy
Williams %R
-84.033
Oversold
CCI(14)
-85.1994
Sell
ATR(14)
0.1300
High Volatility
Highs/Lows(14)
-0.1504
Sell
Ultimate Oscillator
43.420
Sell
ROC
-0.343
Sell
Bull/Bear Power(13)
-0.2700
Sell
Buy: 1
Sell: 7
Neutral: 0


Summary:Strong Sell","Jun 17, 2021 07:13PM GMT"
aud_usd,0.7554 -0.0056    -0.74%,15:13:37,2021-06-17 19:14:18.710133,"Prev. Close: 0.7610
Bid/Ask: 0.7553 / 0.7555
Day's Range: 0.7540 - 0.7646",Strong Sell,"Summary:Strong Sell
Moving Averages:SellBuy (1)Sell (11)
Technical Indicators:Strong SellBuy (1)Sell (9)","Name
S3
S2
S1
Pivot Points
R1
R2
R3
Classic
0.7540
0.7546
0.7549
0.7555
0.7558
0.7564
0.7568
Fibonacci
0.7546
0.7549
0.7551
0.7555
0.7559
0.7561
0.7564
Camarilla
0.7549
0.7550
0.7551
0.7555
0.7552
0.7553
0.7554
Woodie's
0.7538
0.7545
0.7547
0.7554
0.7556
0.7563
0.7566
DeMark's
-
-
0.7547
0.7554
0.7556
-
-","Technical IndicatorsJun 17, 2021 07:14PM GMT
Name
Value
Action
RSI(14)
28.830
Sell
STOCH(9,6)
21.946
Sell
STOCHRSI(14)
74.391
Buy
MACD(12,26)
-0.003
Sell
ADX(14)
45.872
Sell
Williams %R
-83.606
Oversold
CCI(14)
-86.7118
Sell
ATR(14)
0.0018
Less Volatility
Highs/Lows(14)
-0.0014
Sell
Ultimate Oscillator
31.978
Sell
ROC
-0.996
Sell
Bull/Bear Power(13)
-0.0035
Sell
Buy: 1
Sell: 9
Neutral: 0


Summary:Strong Sell","Jun 17, 2021 07:14PM GMT"
eur_gbp,0.8551 -0.0022    -0.26%,15:13:56,2021-06-17 19:14:18.712971,"Prev. Close: 0.8573
Bid/Ask: 0.8550 / 0.8551
Day's Range: 0.8542 - 0.8580",Strong Sell,"Summary:Strong Sell
Moving Averages:Strong SellBuy (0)Sell (12)
Technical Indicators:Strong SellBuy (1)Sell (9)","Name
S3
S2
S1
Pivot Points
R1
R2
R3
Classic
0.8548
0.8551
0.8552
0.8555
0.8556
0.8559
0.8561
Fibonacci
0.8551
0.8552
0.8553
0.8555
0.8557
0.8558
0.8559
Camarilla
0.8553
0.8554
0.8554
0.8555
0.8555
0.8555
0.8556
Woodie's
0.8548
0.8551
0.8552
0.8555
0.8556
0.8559
0.8561
DeMark's
-
-
0.8552
0.8555
0.8556
-
-","Technical IndicatorsJun 17, 2021 07:13PM GMT
Name
Value
Action
RSI(14)
34.785
Sell
STOCH(9,6)
47.016
Neutral
STOCHRSI(14)
57.809
Buy
MACD(12,26)
-0.001
Sell
ADX(14)
35.394
Sell
Williams %R
-71.874
Sell
CCI(14)
-98.7736
Sell
ATR(14)
0.0011
High Volatility
Highs/Lows(14)
-0.0001
Sell
Ultimate Oscillator
45.867
Sell
ROC
-0.228
Sell
Bull/Bear Power(13)
-0.0014
Sell
Buy: 1
Sell: 9
Neutral: 1


Summary:Strong Sell","Jun 17, 2021 07:13PM GMT"
usd_cad,1.2350 +0.0073    +0.60%,15:13:38,2021-06-17 19:14:18.715777,"Prev. Close: 1.2276
Bid/Ask: 1.2349 / 1.2350
Day's Range: 1.2261 - 1.2378",Strong Buy,"Summary:Strong Buy
Moving Averages:BuyBuy (10)Sell (2)
Technical Indicators:Strong BuyBuy (10)Sell (0)","Name
S3
S2
S1
Pivot Points
R1
R2
R3
Classic
1.2329
1.2334
1.2343
1.2349
1.2358
1.2364
1.2373
Fibonacci
1.2334
1.2340
1.2343
1.2349
1.2355
1.2358
1.2364
Camarilla
1.2348
1.2349
1.2351
1.2349
1.2353
1.2355
1.2356
Woodie's
1.2331
1.2335
1.2345
1.2350
1.2360
1.2365
1.2375
DeMark's
-
-
1.2345
1.2350
1.2360
-
-","Technical IndicatorsJun 17, 2021 07:12PM GMT
Name
Value
Action
RSI(14)
68.892
Buy
STOCH(9,6)
68.014
Buy
STOCHRSI(14)
21.187
Oversold
MACD(12,26)
0.003
Buy
ADX(14)
36.372
Buy
Williams %R
-25.992
Buy
CCI(14)
92.5546
Buy
ATR(14)
0.0026
High Volatility
Highs/Lows(14)
0.0009
Buy
Ultimate Oscillator
68.283
Buy
ROC
0.656
Buy
Bull/Bear Power(13)
0.0039
Buy
Buy: 10
Sell: 0
Neutral: 0


Summary:Strong Buy","Jun 17, 2021 07:12PM GMT"
usd_chf,0.9175 +0.0089    +0.99%,15:13:40,2021-06-17 19:14:18.718575,"Prev. Close: 0.9085
Bid/Ask: 0.9174 / 0.9175
Day's Range: 0.9076 - 0.9188",Strong Buy,"Summary:Strong Buy
Moving Averages:Strong BuyBuy (11)Sell (1)
Technical Indicators:Strong BuyBuy (8)Sell (0)","Name
S3
S2
S1
Pivot Points
R1
R2
R3
Classic
0.9159
0.9162
0.9168
0.9171
0.9177
0.9180
0.9185
Fibonacci
0.9162
0.9166
0.9168
0.9171
0.9174
0.9176
0.9180
Camarilla
0.9171
0.9172
0.9173
0.9171
0.9174
0.9175
0.9176
Woodie's
0.9161
0.9163
0.9170
0.9172
0.9179
0.9181
0.9187
DeMark's
-
-
0.9169
0.9172
0.9178
-
-","Technical IndicatorsJun 17, 2021 07:13PM GMT
Name
Value
Action
RSI(14)
76.372
Overbought
STOCH(9,6)
78.286
Buy
STOCHRSI(14)
6.253
Oversold
MACD(12,26)
0.004
Buy
ADX(14)
38.566
Buy
Williams %R
-12.560
Overbought
CCI(14)
104.6280
Buy
ATR(14)
0.0018
High Volatility
Highs/Lows(14)
0.0016
Buy
Ultimate Oscillator
68.468
Buy
ROC
1.018
Buy
Bull/Bear Power(13)
0.0051
Buy
Buy: 8
Sell: 0
Neutral: 0


Summary:Strong Buy","Jun 17, 2021 07:13PM GMT"
nzd_chf,0.6428 +0.0024    +0.37%,15:13:44,2021-06-17 19:14:18.721334,"Prev. Close: 0.6404
Bid/Ask: 0.6425 / 0.6431
Day's Range: 0.6406 - 0.6453",Neutral,"Summary:Neutral
Moving Averages:BuyBuy (9)Sell (3)
Technical Indicators:SellBuy (2)Sell (3)","Name
S3
S2
S1
Pivot Points
R1
R2
R3
Classic
0.6419
0.6421
0.6425
0.6427
0.6430
0.6433
0.6436
Fibonacci
0.6421
0.6423
0.6425
0.6427
0.6429
0.6431
0.6433
Camarilla
0.6425
0.6425
0.6426
0.6427
0.6427
0.6428
0.6428
Woodie's
0.6419
0.6421
0.6425
0.6427
0.6430
0.6433
0.6436
DeMark's
-
-
0.6422
0.6426
0.6428
-
-","Technical IndicatorsJun 17, 2021 07:13PM GMT
Name
Value
Action
RSI(14)
52.237
Neutral
STOCH(9,6)
52.696
Neutral
STOCHRSI(14)
50.027
Neutral
MACD(12,26)
0.000
Buy
ADX(14)
27.552
Sell
Williams %R
-51.614
Neutral
CCI(14)
-11.5047
Neutral
ATR(14)
0.0012
Less Volatility
Highs/Lows(14)
0.0000
Neutral
Ultimate Oscillator
54.454
Buy
ROC
-0.148
Sell
Bull/Bear Power(13)
-0.0005
Sell
Buy: 2
Sell: 3
Neutral: 6


Summary:Sell","Jun 17, 2021 07:13PM GMT"
usd_cny,6.4484 +0.0515    +0.80%,11:27:22,2021-06-17 19:14:18.724101,"Prev. Close: 6.3969
Bid/Ask: 6.4477 / 6.4490
Day's Range: 6.3972 - 6.4494",Strong Buy,"Summary:Strong Buy
Moving Averages:BuyBuy (12)Sell (0)
Technical Indicators:Strong BuyBuy (7)Sell (0)","Name
S3
S2
S1
Pivot Points
R1
R2
R3
Classic
6.4380
6.4399
6.4436
6.4455
6.4492
6.4511
6.4548
Fibonacci
6.4399
6.4420
6.4434
6.4455
6.4476
6.4490
6.4511
Camarilla
6.4458
6.4463
6.4468
6.4455
6.4479
6.4484
6.4489
Woodie's
6.4390
6.4404
6.4446
6.4460
6.4502
6.4516
6.4558
DeMark's
-
-
6.4446
6.4460
6.4502
-
-","Technical IndicatorsJun 17, 2021 03:34PM GMT
Name
Value
Action
RSI(14)
85.433
Overbought
STOCH(9,6)
77.649
Buy
STOCHRSI(14)
100.000
Overbought
MACD(12,26)
0.011
Buy
ADX(14)
61.337
Buy
Williams %R
-3.426
Overbought
CCI(14)
151.8010
Buy
ATR(14)
0.0041
Less Volatility
Highs/Lows(14)
0.0141
Buy
Ultimate Oscillator
82.973
Overbought
ROC
0.391
Buy
Bull/Bear Power(13)
0.0286
Buy
Buy: 7
Sell: 0
Neutral: 0


Summary:Strong Buy","Jun 17, 2021 03:34PM GMT"
usd_hkd,7.7649 +0.0019    +0.02%,15:13:28,2021-06-17 19:14:18.726863,"Prev. Close: 7.7630
Bid/Ask: 7.7647 / 7.7650
Day's Range: 7.7625 - 7.7656",Strong Buy,"Summary:Strong Buy
Moving Averages:BuyBuy (12)Sell (0)
Technical Indicators:Strong BuyBuy (7)Sell (3)","Name
S3
S2
S1
Pivot Points
R1
R2
R3
Classic
7.7646
7.7646
7.7647
7.7648
7.7649
7.7650
7.7651
Fibonacci
7.7646
7.7647
7.7647
7.7648
7.7649
7.7649
7.7650
Camarilla
7.7648
7.7648
7.7648
7.7648
7.7649
7.7649
7.7649
Woodie's
7.7646
7.7646
7.7647
7.7648
7.7649
7.7650
7.7651
DeMark's
-
-
7.7648
7.7648
7.7650
-
-","Technical IndicatorsJun 17, 2021 07:13PM GMT
Name
Value
Action
RSI(14)
58.665
Buy
STOCH(9,6)
43.421
Sell
STOCHRSI(14)
38.355
Sell
MACD(12,26)
0.001
Buy
ADX(14)
45.619
Buy
Williams %R
-31.593
Buy
CCI(14)
79.7411
Buy
ATR(14)
0.0009
Less Volatility
Highs/Lows(14)
0.0000
Neutral
Ultimate Oscillator
46.866
Sell
ROC
0.003
Buy
Bull/Bear Power(13)
0.0017
Buy
Buy: 7
Sell: 3
Neutral: 1


Summary:Strong Buy","Jun 17, 2021 07:13PM GMT"
eur_usd,1.1909 -0.0085    -0.71%,15:14:50,2021-06-17 19:15:17.781901,"Prev. Close: 1.1994
Bid/Ask: 1.1907 / 1.1911
Day's Range: 1.1892 - 1.2007",Strong Sell,"Summary:Strong Sell
Moving Averages:SellBuy (1)Sell (11)
Technical Indicators:Strong SellBuy (0)Sell (9)","Name
S3
S2
S1
Pivot Points
R1
R2
R3
Classic
1.1895
1.1903
1.1907
1.1915
1.1919
1.1927
1.1931
Fibonacci
1.1903
1.1908
1.1910
1.1915
1.1920
1.1922
1.1927
Camarilla
1.1908
1.1909
1.1910
1.1915
1.1912
1.1913
1.1914
Woodie's
1.1893
1.1902
1.1905
1.1914
1.1917
1.1926
1.1929
DeMark's
-
-
1.1905
1.1914
1.1917
-
-","Technical IndicatorsJun 17, 2021 07:13PM GMT
Name
Value
Action
RSI(14)
26.641
Sell
STOCH(9,6)
27.740
Sell
STOCHRSI(14)
90.980
Overbought
MACD(12,26)
-0.004
Sell
ADX(14)
37.982
Sell
Williams %R
-83.929
Oversold
CCI(14)
-108.7431
Sell
ATR(14)
0.0023
High Volatility
Highs/Lows(14)
-0.0014
Sell
Ultimate Oscillator
36.188
Sell
ROC
-0.767
Sell
Bull/Bear Power(13)
-0.0039
Sell
Buy: 0
Sell: 9
Neutral: 0


Summary:Strong Sell","Jun 17, 2021 07:13PM GMT"
gbp_usd,1.3930 -0.0057    -0.41%,15:14:41,2021-06-17 19:15:17.785451,"Prev. Close: 1.3987
Bid/Ask: 1.3929 / 1.3930
Day's Range: 1.3896 - 1.4010",Strong Sell,"Summary:Strong Sell
Moving Averages:SellBuy (2)Sell (10)
Technical Indicators:Strong SellBuy (0)Sell (10)","Name
S3
S2
S1
Pivot Points
R1
R2
R3
Classic
1.3906
1.3915
1.3918
1.3927
1.3931
1.3939
1.3943
Fibonacci
1.3915
1.3920
1.3922
1.3927
1.3932
1.3934
1.3939
Camarilla
1.3920
1.3921
1.3922
1.3927
1.3925
1.3926
1.3927
Woodie's
1.3904
1.3914
1.3916
1.3926
1.3929
1.3938
1.3941
DeMark's
-
-
1.3917
1.3926
1.3930
-
-","Technical IndicatorsJun 17, 2021 07:13PM GMT
Name
Value
Action
RSI(14)
36.483
Sell
STOCH(9,6)
30.487
Sell
STOCHRSI(14)
100.000
Overbought
MACD(12,26)
-0.003
Sell
ADX(14)
37.932
Sell
Williams %R
-71.233
Sell
CCI(14)
-75.8857
Sell
ATR(14)
0.0026
High Volatility
Highs/Lows(14)
-0.0008
Sell
Ultimate Oscillator
38.398
Sell
ROC
-0.550
Sell
Bull/Bear Power(13)
-0.0027
Sell
Buy: 0
Sell: 10
Neutral: 0


Summary:Strong Sell","Jun 17, 2021 07:13PM GMT"
usd_jpy,110.27 -0.42    -0.38%,15:14:36,2021-06-17 19:15:17.788362,"Prev. Close: 110.69
Bid/Ask: 110.26 / 110.28
Day's Range: 110.17 - 110.83",Strong Sell,"Summary:Strong Sell
Moving Averages:SellBuy (4)Sell (8)
Technical Indicators:Strong SellBuy (1)Sell (7)","Name
S3
S2
S1
Pivot Points
R1
R2
R3
Classic
110.15
110.17
110.21
110.23
110.27
110.29
110.32
Fibonacci
110.17
110.19
110.21
110.23
110.25
110.27
110.29
Camarilla
110.24
110.24
110.25
110.23
110.26
110.27
110.27
Woodie's
110.17
110.18
110.23
110.24
110.29
110.30
110.34
DeMark's
-
-
110.23
110.24
110.29
-
-","Technical IndicatorsJun 17, 2021 07:13PM GMT
Name
Value
Action
RSI(14)
41.923
Sell
STOCH(9,6)
15.312
Oversold
STOCHRSI(14)
13.331
Oversold
MACD(12,26)
-0.020
Sell
ADX(14)
36.026
Buy
Williams %R
-84.033
Oversold
CCI(14)
-85.1994
Sell
ATR(14)
0.1300
High Volatility
Highs/Lows(14)
-0.1504
Sell
Ultimate Oscillator
43.420
Sell
ROC
-0.343
Sell
Bull/Bear Power(13)
-0.2700
Sell
Buy: 1
Sell: 7
Neutral: 0


Summary:Strong Sell","Jun 17, 2021 07:13PM GMT"
aud_usd,0.7555 -0.0056    -0.73%,15:14:50,2021-06-17 19:15:17.791196,"Prev. Close: 0.7610
Bid/Ask: 0.7554 / 0.7555
Day's Range: 0.7540 - 0.7646",Strong Sell,"Summary:Strong Sell
Moving Averages:SellBuy (1)Sell (11)
Technical Indicators:Strong SellBuy (1)Sell (9)","Name
S3
S2
S1
Pivot Points
R1
R2
R3
Classic
0.7540
0.7546
0.7549
0.7555
0.7558
0.7564
0.7568
Fibonacci
0.7546
0.7549
0.7551
0.7555
0.7559
0.7561
0.7564
Camarilla
0.7549
0.7550
0.7551
0.7555
0.7552
0.7553
0.7554
Woodie's
0.7538
0.7545
0.7547
0.7554
0.7556
0.7563
0.7566
DeMark's
-
-
0.7547
0.7554
0.7556
-
-","Technical IndicatorsJun 17, 2021 07:14PM GMT
Name
Value
Action
RSI(14)
28.830
Sell
STOCH(9,6)
21.946
Sell
STOCHRSI(14)
74.391
Buy
MACD(12,26)
-0.003
Sell
ADX(14)
45.872
Sell
Williams %R
-83.606
Oversold
CCI(14)
-86.7118
Sell
ATR(14)
0.0018
Less Volatility
Highs/Lows(14)
-0.0014
Sell
Ultimate Oscillator
31.978
Sell
ROC
-0.996
Sell
Bull/Bear Power(13)
-0.0035
Sell
Buy: 1
Sell: 9
Neutral: 0


Summary:Strong Sell","Jun 17, 2021 07:14PM GMT"
eur_gbp,0.8550 -0.0024    -0.27%,15:14:50,2021-06-17 19:15:17.793952,"Prev. Close: 0.8573
Bid/Ask: 0.8548 / 0.8551
Day's Range: 0.8542 - 0.8580",Strong Sell,"Summary:Strong Sell
Moving Averages:Strong SellBuy (0)Sell (12)
Technical Indicators:Strong SellBuy (1)Sell (9)","Name
S3
S2
S1
Pivot Points
R1
R2
R3
Classic
0.8548
0.8551
0.8552
0.8555
0.8556
0.8559
0.8561
Fibonacci
0.8551
0.8552
0.8553
0.8555
0.8557
0.8558
0.8559
Camarilla
0.8553
0.8554
0.8554
0.8555
0.8555
0.8555
0.8556
Woodie's
0.8548
0.8551
0.8552
0.8555
0.8556
0.8559
0.8561
DeMark's
-
-
0.8552
0.8555
0.8556
-
-","Technical IndicatorsJun 17, 2021 07:13PM GMT
Name
Value
Action
RSI(14)
34.785
Sell
STOCH(9,6)
47.016
Neutral
STOCHRSI(14)
57.809
Buy
MACD(12,26)
-0.001
Sell
ADX(14)
35.394
Sell
Williams %R
-71.874
Sell
CCI(14)
-98.7736
Sell
ATR(14)
0.0011
High Volatility
Highs/Lows(14)
-0.0001
Sell
Ultimate Oscillator
45.867
Sell
ROC
-0.228
Sell
Bull/Bear Power(13)
-0.0014
Sell
Buy: 1
Sell: 9
Neutral: 1


Summary:Strong Sell","Jun 17, 2021 07:13PM GMT"
usd_cad,1.2349 +0.0073    +0.59%,15:14:46,2021-06-17 19:15:17.796735,"Prev. Close: 1.2276
Bid/Ask: 1.2348 / 1.2349
Day's Range: 1.2261 - 1.2378",Strong Buy,"Summary:Strong Buy
Moving Averages:Strong BuyBuy (11)Sell (1)
Technical Indicators:Strong BuyBuy (10)Sell (1)","Name
S3
S2
S1
Pivot Points
R1
R2
R3
Classic
1.2329
1.2334
1.2343
1.2349
1.2358
1.2364
1.2373
Fibonacci
1.2334
1.2340
1.2343
1.2349
1.2355
1.2358
1.2364
Camarilla
1.2348
1.2349
1.2351
1.2349
1.2353
1.2355
1.2356
Woodie's
1.2331
1.2335
1.2345
1.2350
1.2360
1.2365
1.2375
DeMark's
-
-
1.2345
1.2350
1.2360
-
-","Technical IndicatorsJun 17, 2021 07:13PM GMT
Name
Value
Action
RSI(14)
69.654
Buy
STOCH(9,6)
68.317
Buy
STOCHRSI(14)
26.935
Sell
MACD(12,26)
0.003
Buy
ADX(14)
36.372
Buy
Williams %R
-24.670
Buy
CCI(14)
94.0840
Buy
ATR(14)
0.0026
High Volatility
Highs/Lows(14)
0.0011
Buy
Ultimate Oscillator
68.886
Buy
ROC
0.668
Buy
Bull/Bear Power(13)
0.0039
Buy
Buy: 10
Sell: 1
Neutral: 0


Summary:Strong Buy","Jun 17, 2021 07:13PM GMT"
usd_chf,0.9176 +0.0091    +1.00%,15:14:49,2021-06-17 19:15:17.799484,"Prev. Close: 0.9085
Bid/Ask: 0.9174 / 0.9178
Day's Range: 0.9076 - 0.9188",Strong Buy,"Summary:Strong Buy
Moving Averages:Strong BuyBuy (11)Sell (1)
Technical Indicators:Strong BuyBuy (8)Sell (0)","Name
S3
S2
S1
Pivot Points
R1
R2
R3
Classic
0.9159
0.9162
0.9168
0.9171
0.9177
0.9180
0.9185
Fibonacci
0.9162
0.9166
0.9168
0.9171
0.9174
0.9176
0.9180
Camarilla
0.9171
0.9172
0.9173
0.9171
0.9174
0.9175
0.9176
Woodie's
0.9161
0.9163
0.9170
0.9172
0.9179
0.9181
0.9187
DeMark's
-
-
0.9169
0.9172
0.9178
-
-","Technical IndicatorsJun 17, 2021 07:13PM GMT
Name
Value
Action
RSI(14)
76.372
Overbought
STOCH(9,6)
78.286
Buy
STOCHRSI(14)
6.253
Oversold
MACD(12,26)
0.004
Buy
ADX(14)
38.566
Buy
Williams %R
-12.560
Overbought
CCI(14)
104.6280
Buy
ATR(14)
0.0018
High Volatility
Highs/Lows(14)
0.0016
Buy
Ultimate Oscillator
68.468
Buy
ROC
1.018
Buy
Bull/Bear Power(13)
0.0051
Buy
Buy: 8
Sell: 0
Neutral: 0


Summary:Strong Buy","Jun 17, 2021 07:13PM GMT"
nzd_chf,0.6429 +0.0025    +0.39%,15:14:49,2021-06-17 19:15:17.802213,"Prev. Close: 0.6404
Bid/Ask: 0.6428 / 0.6430
Day's Range: 0.6406 - 0.6453",Neutral,"Summary:Neutral
Moving Averages:BuyBuy (9)Sell (3)
Technical Indicators:SellBuy (2)Sell (3)","Name
S3
S2
S1
Pivot Points
R1
R2
R3
Classic
0.6419
0.6421
0.6425
0.6427
0.6430
0.6433
0.6436
Fibonacci
0.6421
0.6423
0.6425
0.6427
0.6429
0.6431
0.6433
Camarilla
0.6425
0.6425
0.6426
0.6427
0.6427
0.6428
0.6428
Woodie's
0.6419
0.6421
0.6425
0.6427
0.6430
0.6433
0.6436
DeMark's
-
-
0.6422
0.6426
0.6428
-
-","Technical IndicatorsJun 17, 2021 07:13PM GMT
Name
Value
Action
RSI(14)
52.237
Neutral
STOCH(9,6)
52.696
Neutral
STOCHRSI(14)
50.027
Neutral
MACD(12,26)
0.000
Buy
ADX(14)
27.552
Sell
Williams %R
-51.614
Neutral
CCI(14)
-11.5047
Neutral
ATR(14)
0.0012
Less Volatility
Highs/Lows(14)
0.0000
Neutral
Ultimate Oscillator
54.454
Buy
ROC
-0.148
Sell
Bull/Bear Power(13)
-0.0005
Sell
Buy: 2
Sell: 3
Neutral: 6


Summary:Sell","Jun 17, 2021 07:13PM GMT"
usd_cny,6.4484 +0.0515    +0.80%,11:27:22,2021-06-17 19:15:17.804966,"Prev. Close: 6.3969
Bid/Ask: 6.4477 / 6.4490
Day's Range: 6.3972 - 6.4494",Strong Buy,"Summary:Strong Buy
Moving Averages:BuyBuy (12)Sell (0)
Technical Indicators:Strong BuyBuy (7)Sell (0)","Name
S3
S2
S1
Pivot Points
R1
R2
R3
Classic
6.4380
6.4399
6.4436
6.4455
6.4492
6.4511
6.4548
Fibonacci
6.4399
6.4420
6.4434
6.4455
6.4476
6.4490
6.4511
Camarilla
6.4458
6.4463
6.4468
6.4455
6.4479
6.4484
6.4489
Woodie's
6.4390
6.4404
6.4446
6.4460
6.4502
6.4516
6.4558
DeMark's
-
-
6.4446
6.4460
6.4502
-
-","Technical IndicatorsJun 17, 2021 03:34PM GMT
Name
Value
Action
RSI(14)
85.433
Overbought
STOCH(9,6)
77.649
Buy
STOCHRSI(14)
100.000
Overbought
MACD(12,26)
0.011
Buy
ADX(14)
61.337
Buy
Williams %R
-3.426
Overbought
CCI(14)
151.8010
Buy
ATR(14)
0.0041
Less Volatility
Highs/Lows(14)
0.0141
Buy
Ultimate Oscillator
82.973
Overbought
ROC
0.391
Buy
Bull/Bear Power(13)
0.0286
Buy
Buy: 7
Sell: 0
Neutral: 0


Summary:Strong Buy","Jun 17, 2021 03:34PM GMT"
usd_hkd,7.7649 +0.0019    +0.02%,15:14:50,2021-06-17 19:15:17.807705,"Prev. Close: 7.7630
Bid/Ask: 7.7647 / 7.7650
Day's Range: 7.7625 - 7.7656",Strong Buy,"Summary:Strong Buy
Moving Averages:BuyBuy (12)Sell (0)
Technical Indicators:Strong BuyBuy (7)Sell (3)","Name
S3
S2
S1
Pivot Points
R1
R2
R3
Classic
7.7646
7.7646
7.7647
7.7648
7.7649
7.7650
7.7651
Fibonacci
7.7646
7.7647
7.7647
7.7648
7.7649
7.7649
7.7650
Camarilla
7.7648
7.7648
7.7648
7.7648
7.7649
7.7649
7.7649
Woodie's
7.7646
7.7646
7.7647
7.7648
7.7649
7.7650
7.7651
DeMark's
-
-
7.7648
7.7648
7.7650
-
-","Technical IndicatorsJun 17, 2021 07:13PM GMT
Name
Value
Action
RSI(14)
58.665
Buy
STOCH(9,6)
43.421
Sell
STOCHRSI(14)
38.355
Sell
MACD(12,26)
0.001
Buy
ADX(14)
45.619
Buy
Williams %R
-31.593
Buy
CCI(14)
79.7411
Buy
ATR(14)
0.0009
Less Volatility
Highs/Lows(14)
0.0000
Neutral
Ultimate Oscillator
46.866
Sell
ROC
0.003
Buy
Bull/Bear Power(13)
0.0017
Buy
Buy: 7
Sell: 3
Neutral: 1


Summary:Strong Buy","Jun 17, 2021 07:13PM GMT"
eur_usd,1.1909 -0.0085    -0.71%,15:15:40,2021-06-17 19:16:17.472114,"Prev. Close: 1.1994
Bid/Ask: 1.1907 / 1.1911
Day's Range: 1.1892 - 1.2007",Strong Sell,"Summary:Strong Sell
Moving Averages:Strong SellBuy (0)Sell (12)
Technical Indicators:Strong SellBuy (0)Sell (9)","Name
S3
S2
S1
Pivot Points
R1
R2
R3
Classic
1.1895
1.1903
1.1907
1.1915
1.1919
1.1927
1.1931
Fibonacci
1.1903
1.1908
1.1910
1.1915
1.1920
1.1922
1.1927
Camarilla
1.1908
1.1909
1.1910
1.1915
1.1912
1.1913
1.1914
Woodie's
1.1893
1.1902
1.1905
1.1914
1.1917
1.1926
1.1929
DeMark's
-
-
1.1905
1.1914
1.1917
-
-","Technical IndicatorsJun 17, 2021 07:15PM GMT
Name
Value
Action
RSI(14)
26.450
Sell
STOCH(9,6)
27.457
Sell
STOCHRSI(14)
89.453
Overbought
MACD(12,26)
-0.004
Sell
ADX(14)
37.982
Sell
Williams %R
-84.822
Oversold
CCI(14)
-109.7846
Sell
ATR(14)
0.0023
High Volatility
Highs/Lows(14)
-0.0015
Sell
Ultimate Oscillator
35.675
Sell
ROC
-0.775
Sell
Bull/Bear Power(13)
-0.0039
Sell
Buy: 0
Sell: 9
Neutral: 0


Summary:Strong Sell","Jun 17, 2021 07:15PM GMT"
gbp_usd,1.3929 -0.0059    -0.42%,15:15:29,2021-06-17 19:16:17.475737,"Prev. Close: 1.3987
Bid/Ask: 1.3926 / 1.3931
Day's Range: 1.3896 - 1.4010",Strong Sell,"Summary:Strong Sell
Moving Averages:SellBuy (2)Sell (10)
Technical Indicators:Strong SellBuy (0)Sell (10)","Name
S3
S2
S1
Pivot Points
R1
R2
R3
Classic
1.3906
1.3915
1.3918
1.3927
1.3931
1.3939
1.3943
Fibonacci
1.3915
1.3920
1.3922
1.3927
1.3932
1.3934
1.3939
Camarilla
1.3920
1.3921
1.3922
1.3927
1.3925
1.3926
1.3927
Woodie's
1.3904
1.3914
1.3916
1.3926
1.3929
1.3938
1.3941
DeMark's
-
-
1.3917
1.3926
1.3930
-
-","Technical IndicatorsJun 17, 2021 07:13PM GMT
Name
Value
Action
RSI(14)
36.483
Sell
STOCH(9,6)
30.487
Sell
STOCHRSI(14)
100.000
Overbought
MACD(12,26)
-0.003
Sell
ADX(14)
37.932
Sell
Williams %R
-71.233
Sell
CCI(14)
-75.8857
Sell
ATR(14)
0.0026
High Volatility
Highs/Lows(14)
-0.0008
Sell
Ultimate Oscillator
38.398
Sell
ROC
-0.550
Sell
Bull/Bear Power(13)
-0.0027
Sell
Buy: 0
Sell: 10
Neutral: 0


Summary:Strong Sell","Jun 17, 2021 07:13PM GMT"
usd_jpy,110.28 -0.41    -0.37%,15:15:40,2021-06-17 19:16:17.478698,"Prev. Close: 110.69
Bid/Ask: 110.26 / 110.29
Day's Range: 110.17 - 110.83",Strong Sell,"Summary:Strong Sell
Moving Averages:SellBuy (5)Sell (7)
Technical Indicators:Strong SellBuy (1)Sell (7)","Name
S3
S2
S1
Pivot Points
R1
R2
R3
Classic
110.15
110.17
110.21
110.23
110.27
110.29
110.32
Fibonacci
110.17
110.19
110.21
110.23
110.25
110.27
110.29
Camarilla
110.24
110.24
110.25
110.23
110.26
110.27
110.27
Woodie's
110.17
110.18
110.23
110.24
110.29
110.30
110.34
DeMark's
-
-
110.23
110.24
110.29
-
-","Technical IndicatorsJun 17, 2021 07:15PM GMT
Name
Value
Action
RSI(14)
42.540
Sell
STOCH(9,6)
15.597
Oversold
STOCHRSI(14)
15.579
Oversold
MACD(12,26)
-0.010
Sell
ADX(14)
36.026
Buy
Williams %R
-82.352
Oversold
CCI(14)
-84.0934
Sell
ATR(14)
0.1300
High Volatility
Highs/Lows(14)
-0.1404
Sell
Ultimate Oscillator
44.234
Sell
ROC
-0.334
Sell
Bull/Bear Power(13)
-0.2720
Sell
Buy: 1
Sell: 7
Neutral: 0


Summary:Strong Sell","Jun 17, 2021 07:15PM GMT"
aud_usd,0.7555 -0.0056    -0.73%,15:15:42,2021-06-17 19:16:17.481507,"Prev. Close: 0.7610
Bid/Ask: 0.7554 / 0.7555
Day's Range: 0.7540 - 0.7646",Strong Sell,"Summary:Strong Sell
Moving Averages:SellBuy (1)Sell (11)
Technical Indicators:Strong SellBuy (1)Sell (9)","Name
S3
S2
S1
Pivot Points
R1
R2
R3
Classic
0.7540
0.7546
0.7549
0.7555
0.7558
0.7564
0.7568
Fibonacci
0.7546
0.7549
0.7551
0.7555
0.7559
0.7561
0.7564
Camarilla
0.7549
0.7550
0.7551
0.7555
0.7552
0.7553
0.7554
Woodie's
0.7538
0.7545
0.7547
0.7554
0.7556
0.7563
0.7566
DeMark's
-
-
0.7547
0.7554
0.7556
-
-","Technical IndicatorsJun 17, 2021 07:15PM GMT
Name
Value
Action
RSI(14)
28.830
Sell
STOCH(9,6)
21.946
Sell
STOCHRSI(14)
74.391
Buy
MACD(12,26)
-0.003
Sell
ADX(14)
45.840
Sell
Williams %R
-83.606
Oversold
CCI(14)
-86.2540
Sell
ATR(14)
0.0018
Less Volatility
Highs/Lows(14)
-0.0014
Sell
Ultimate Oscillator
31.872
Sell
ROC
-0.996
Sell
Bull/Bear Power(13)
-0.0034
Sell
Buy: 1
Sell: 9
Neutral: 0


Summary:Strong Sell","Jun 17, 2021 07:15PM GMT"
eur_gbp,0.8550 -0.0024    -0.27%,15:15:42,2021-06-17 19:16:17.484291,"Prev. Close: 0.8573
Bid/Ask: 0.8548 / 0.8551
Day's Range: 0.8542 - 0.8580",Strong Sell,"Summary:Strong Sell
Moving Averages:Strong SellBuy (0)Sell (12)
Technical Indicators:Strong SellBuy (1)Sell (9)","Name
S3
S2
S1
Pivot Points
R1
R2
R3
Classic
0.8548
0.8551
0.8552
0.8555
0.8556
0.8559
0.8561
Fibonacci
0.8551
0.8552
0.8553
0.8555
0.8557
0.8558
0.8559
Camarilla
0.8553
0.8554
0.8554
0.8555
0.8555
0.8555
0.8556
Woodie's
0.8548
0.8551
0.8552
0.8555
0.8556
0.8559
0.8561
DeMark's
-
-
0.8552
0.8555
0.8556
-
-","Technical IndicatorsJun 17, 2021 07:15PM GMT
Name
Value
Action
RSI(14)
34.174
Sell
STOCH(9,6)
46.398
Neutral
STOCHRSI(14)
55.157
Buy
MACD(12,26)
-0.001
Sell
ADX(14)
35.456
Sell
Williams %R
-75.000
Sell
CCI(14)
-105.8616
Sell
ATR(14)
0.0011
High Volatility
Highs/Lows(14)
-0.0002
Sell
Ultimate Oscillator
45.101
Sell
ROC
-0.239
Sell
Bull/Bear Power(13)
-0.0015
Sell
Buy: 1
Sell: 9
Neutral: 1


Summary:Strong Sell","Jun 17, 2021 07:15PM GMT"
usd_cad,1.2349 +0.0073    +0.59%,15:15:42,2021-06-17 19:16:17.487038,"Prev. Close: 1.2276
Bid/Ask: 1.2347 / 1.2351
Day's Range: 1.2261 - 1.2378",Strong Buy,"Summary:Strong Buy
Moving Averages:Strong BuyBuy (11)Sell (1)
Technical Indicators:Strong BuyBuy (10)Sell (1)","Name
S3
S2
S1
Pivot Points
R1
R2
R3
Classic
1.2329
1.2334
1.2343
1.2349
1.2358
1.2364
1.2373
Fibonacci
1.2334
1.2340
1.2343
1.2349
1.2355
1.2358
1.2364
Camarilla
1.2348
1.2349
1.2351
1.2349
1.2353
1.2355
1.2356
Woodie's
1.2331
1.2335
1.2345
1.2350
1.2360
1.2365
1.2375
DeMark's
-
-
1.2345
1.2350
1.2360
-
-","Technical IndicatorsJun 17, 2021 07:15PM GMT
Name
Value
Action
RSI(14)
70.433
Buy
STOCH(9,6)
68.620
Buy
STOCHRSI(14)
32.810
Sell
MACD(12,26)
0.003
Buy
ADX(14)
36.372
Buy
Williams %R
-23.348
Buy
CCI(14)
95.6091
Buy
ATR(14)
0.0026
High Volatility
Highs/Lows(14)
0.0012
Buy
Ultimate Oscillator
69.490
Buy
ROC
0.681
Buy
Bull/Bear Power(13)
0.0039
Buy
Buy: 10
Sell: 1
Neutral: 0


Summary:Strong Buy","Jun 17, 2021 07:15PM GMT"
usd_chf,0.9176 +0.0091    +1.00%,15:15:42,2021-06-17 19:16:17.489765,"Prev. Close: 0.9085
Bid/Ask: 0.9174 / 0.9178
Day's Range: 0.9076 - 0.9188",Strong Buy,"Summary:Strong Buy
Moving Averages:Strong BuyBuy (11)Sell (1)
Technical Indicators:Strong BuyBuy (8)Sell (0)","Name
S3
S2
S1
Pivot Points
R1
R2
R3
Classic
0.9159
0.9162
0.9168
0.9171
0.9177
0.9180
0.9185
Fibonacci
0.9162
0.9166
0.9168
0.9171
0.9174
0.9176
0.9180
Camarilla
0.9171
0.9172
0.9173
0.9171
0.9174
0.9175
0.9176
Woodie's
0.9161
0.9163
0.9170
0.9172
0.9179
0.9181
0.9187
DeMark's
-
-
0.9169
0.9172
0.9178
-
-","Technical IndicatorsJun 17, 2021 07:13PM GMT
Name
Value
Action
RSI(14)
76.372
Overbought
STOCH(9,6)
78.286
Buy
STOCHRSI(14)
6.253
Oversold
MACD(12,26)
0.004
Buy
ADX(14)
38.566
Buy
Williams %R
-12.560
Overbought
CCI(14)
104.6280
Buy
ATR(14)
0.0018
High Volatility
Highs/Lows(14)
0.0016
Buy
Ultimate Oscillator
68.468
Buy
ROC
1.018
Buy
Bull/Bear Power(13)
0.0051
Buy
Buy: 8
Sell: 0
Neutral: 0


Summary:Strong Buy","Jun 17, 2021 07:13PM GMT"
nzd_chf,0.6430 +0.0026    +0.40%,15:15:37,2021-06-17 19:16:17.492514,"Prev. Close: 0.6404
Bid/Ask: 0.6427 / 0.6432
Day's Range: 0.6406 - 0.6453",Neutral,"Summary:Neutral
Moving Averages:BuyBuy (9)Sell (3)
Technical Indicators:SellBuy (2)Sell (3)","Name
S3
S2
S1
Pivot Points
R1
R2
R3
Classic
0.6419
0.6421
0.6425
0.6427
0.6430
0.6433
0.6436
Fibonacci
0.6421
0.6423
0.6425
0.6427
0.6429
0.6431
0.6433
Camarilla
0.6425
0.6425
0.6426
0.6427
0.6427
0.6428
0.6428
Woodie's
0.6419
0.6421
0.6425
0.6427
0.6430
0.6433
0.6436
DeMark's
-
-
0.6422
0.6426
0.6428
-
-","Technical IndicatorsJun 17, 2021 07:13PM GMT
Name
Value
Action
RSI(14)
52.237
Neutral
STOCH(9,6)
52.696
Neutral
STOCHRSI(14)
50.027
Neutral
MACD(12,26)
0.000
Buy
ADX(14)
27.552
Sell
Williams %R
-51.614
Neutral
CCI(14)
-11.5047
Neutral
ATR(14)
0.0012
Less Volatility
Highs/Lows(14)
0.0000
Neutral
Ultimate Oscillator
54.454
Buy
ROC
-0.148
Sell
Bull/Bear Power(13)
-0.0005
Sell
Buy: 2
Sell: 3
Neutral: 6


Summary:Sell","Jun 17, 2021 07:13PM GMT"
usd_cny,6.4484 +0.0515    +0.80%,11:27:22,2021-06-17 19:16:17.495267,"Prev. Close: 6.3969
Bid/Ask: 6.4477 / 6.4490
Day's Range: 6.3972 - 6.4494",Strong Buy,"Summary:Strong Buy
Moving Averages:BuyBuy (12)Sell (0)
Technical Indicators:Strong BuyBuy (7)Sell (0)","Name
S3
S2
S1
Pivot Points
R1
R2
R3
Classic
6.4380
6.4399
6.4436
6.4455
6.4492
6.4511
6.4548
Fibonacci
6.4399
6.4420
6.4434
6.4455
6.4476
6.4490
6.4511
Camarilla
6.4458
6.4463
6.4468
6.4455
6.4479
6.4484
6.4489
Woodie's
6.4390
6.4404
6.4446
6.4460
6.4502
6.4516
6.4558
DeMark's
-
-
6.4446
6.4460
6.4502
-
-","Technical IndicatorsJun 17, 2021 03:34PM GMT
Name
Value
Action
RSI(14)
85.433
Overbought
STOCH(9,6)
77.649
Buy
STOCHRSI(14)
100.000
Overbought
MACD(12,26)
0.011
Buy
ADX(14)
61.337
Buy
Williams %R
-3.426
Overbought
CCI(14)
151.8010
Buy
ATR(14)
0.0041
Less Volatility
Highs/Lows(14)
0.0141
Buy
Ultimate Oscillator
82.973
Overbought
ROC
0.391
Buy
Bull/Bear Power(13)
0.0286
Buy
Buy: 7
Sell: 0
Neutral: 0


Summary:Strong Buy","Jun 17, 2021 03:34PM GMT"
usd_hkd,7.7649 +0.0019    +0.02%,15:15:38,2021-06-17 19:16:17.497993,"Prev. Close: 7.7630
Bid/Ask: 7.7647 / 7.7650
Day's Range: 7.7625 - 7.7656",Strong Buy,"Summary:Strong Buy
Moving Averages:BuyBuy (12)Sell (0)
Technical Indicators:Strong BuyBuy (7)Sell (3)","Name
S3
S2
S1
Pivot Points
R1
R2
R3
Classic
7.7646
7.7646
7.7647
7.7648
7.7649
7.7650
7.7651
Fibonacci
7.7646
7.7647
7.7647
7.7648
7.7649
7.7649
7.7650
Camarilla
7.7648
7.7648
7.7648
7.7648
7.7649
7.7649
7.7649
Woodie's
7.7646
7.7646
7.7647
7.7648
7.7649
7.7650
7.7651
DeMark's
-
-
7.7648
7.7648
7.7650
-
-","Technical IndicatorsJun 17, 2021 07:15PM GMT
Name
Value
Action
RSI(14)
58.665
Buy
STOCH(9,6)
43.421
Sell
STOCHRSI(14)
38.355
Sell
MACD(12,26)
0.001
Buy
ADX(14)
45.619
Buy
Williams %R
-31.593
Buy
CCI(14)
79.7411
Buy
ATR(14)
0.0009
Less Volatility
Highs/Lows(14)
0.0000
Neutral
Ultimate Oscillator
46.866
Sell
ROC
0.003
Buy
Bull/Bear Power(13)
0.0017
Buy
Buy: 7
Sell: 3
Neutral: 1


Summary:Strong Buy","Jun 17, 2021 07:15PM GMT"
eur_usd,1.1909 -0.0086    -0.71%,15:16:46,2021-06-17 19:17:17.843757,"Prev. Close: 1.1994
Bid/Ask: 1.1908 / 1.1909
Day's Range: 1.1892 - 1.2007",Strong Sell,"Summary:Strong Sell
Moving Averages:Strong SellBuy (0)Sell (12)
Technical Indicators:Strong SellBuy (0)Sell (9)","Name
S3
S2
S1
Pivot Points
R1
R2
R3
Classic
1.1895
1.1903
1.1907
1.1915
1.1919
1.1927
1.1931
Fibonacci
1.1903
1.1908
1.1910
1.1915
1.1920
1.1922
1.1927
Camarilla
1.1908
1.1909
1.1910
1.1915
1.1912
1.1913
1.1914
Woodie's
1.1893
1.1902
1.1905
1.1914
1.1917
1.1926
1.1929
DeMark's
-
-
1.1905
1.1914
1.1917
-
-","Technical IndicatorsJun 17, 2021 07:15PM GMT
Name
Value
Action
RSI(14)
26.450
Sell
STOCH(9,6)
27.457
Sell
STOCHRSI(14)
89.453
Overbought
MACD(12,26)
-0.004
Sell
ADX(14)
37.982
Sell
Williams %R
-84.822
Oversold
CCI(14)
-109.7846
Sell
ATR(14)
0.0023
High Volatility
Highs/Lows(14)
-0.0015
Sell
Ultimate Oscillator
35.675
Sell
ROC
-0.775
Sell
Bull/Bear Power(13)
-0.0039
Sell
Buy: 0
Sell: 9
Neutral: 0


Summary:Strong Sell","Jun 17, 2021 07:15PM GMT"
gbp_usd,1.3928 -0.0060    -0.43%,15:16:44,2021-06-17 19:17:17.847365,"Prev. Close: 1.3987
Bid/Ask: 1.3927 / 1.3928
Day's Range: 1.3896 - 1.4010",Strong Sell,"Summary:Strong Sell
Moving Averages:SellBuy (2)Sell (10)
Technical Indicators:Strong SellBuy (0)Sell (10)","Name
S3
S2
S1
Pivot Points
R1
R2
R3
Classic
1.3906
1.3915
1.3918
1.3927
1.3931
1.3939
1.3943
Fibonacci
1.3915
1.3920
1.3922
1.3927
1.3932
1.3934
1.3939
Camarilla
1.3920
1.3921
1.3922
1.3927
1.3925
1.3926
1.3927
Woodie's
1.3904
1.3914
1.3916
1.3926
1.3929
1.3938
1.3941
DeMark's
-
-
1.3917
1.3926
1.3930
-
-","Technical IndicatorsJun 17, 2021 07:15PM GMT
Name
Value
Action
RSI(14)
37.171
Sell
STOCH(9,6)
30.988
Sell
STOCHRSI(14)
100.000
Overbought
MACD(12,26)
-0.003
Sell
ADX(14)
37.932
Sell
Williams %R
-69.406
Sell
CCI(14)
-73.1991
Sell
ATR(14)
0.0026
High Volatility
Highs/Lows(14)
-0.0006
Sell
Ultimate Oscillator
39.068
Sell
ROC
-0.536
Sell
Bull/Bear Power(13)
-0.0026
Sell
Buy: 0
Sell: 10
Neutral: 0


Summary:Strong Sell","Jun 17, 2021 07:15PM GMT"
usd_jpy,110.28 -0.41    -0.37%,15:16:30,2021-06-17 19:17:17.850357,"Prev. Close: 110.69
Bid/Ask: 110.26 / 110.29
Day's Range: 110.17 - 110.83",Strong Sell,"Summary:Strong Sell
Moving Averages:SellBuy (5)Sell (7)
Technical Indicators:Strong SellBuy (1)Sell (7)","Name
S3
S2
S1
Pivot Points
R1
R2
R3
Classic
110.15
110.17
110.21
110.23
110.27
110.29
110.32
Fibonacci
110.17
110.19
110.21
110.23
110.25
110.27
110.29
Camarilla
110.24
110.24
110.25
110.23
110.26
110.27
110.27
Woodie's
110.17
110.18
110.23
110.24
110.29
110.30
110.34
DeMark's
-
-
110.23
110.24
110.29
-
-","Technical IndicatorsJun 17, 2021 07:15PM GMT
Name
Value
Action
RSI(14)
42.540
Sell
STOCH(9,6)
15.597
Oversold
STOCHRSI(14)
15.579
Oversold
MACD(12,26)
-0.010
Sell
ADX(14)
36.026
Buy
Williams %R
-82.352
Oversold
CCI(14)
-84.0934
Sell
ATR(14)
0.1300
High Volatility
Highs/Lows(14)
-0.1404
Sell
Ultimate Oscillator
44.234
Sell
ROC
-0.334
Sell
Bull/Bear Power(13)
-0.2720
Sell
Buy: 1
Sell: 7
Neutral: 0


Summary:Strong Sell","Jun 17, 2021 07:15PM GMT"
aud_usd,0.7555 -0.0056    -0.73%,15:16:43,2021-06-17 19:17:17.853261,"Prev. Close: 0.7610
Bid/Ask: 0.7554 / 0.7555
Day's Range: 0.7540 - 0.7646",Strong Sell,"Summary:Strong Sell
Moving Averages:SellBuy (1)Sell (11)
Technical Indicators:Strong SellBuy (1)Sell (9)","Name
S3
S2
S1
Pivot Points
R1
R2
R3
Classic
0.7540
0.7546
0.7549
0.7555
0.7558
0.7564
0.7568
Fibonacci
0.7546
0.7549
0.7551
0.7555
0.7559
0.7561
0.7564
Camarilla
0.7549
0.7550
0.7551
0.7555
0.7552
0.7553
0.7554
Woodie's
0.7538
0.7545
0.7547
0.7554
0.7556
0.7563
0.7566
DeMark's
-
-
0.7547
0.7554
0.7556
-
-","Technical IndicatorsJun 17, 2021 07:15PM GMT
Name
Value
Action
RSI(14)
28.830
Sell
STOCH(9,6)
21.946
Sell
STOCHRSI(14)
74.391
Buy
MACD(12,26)
-0.003
Sell
ADX(14)
45.840
Sell
Williams %R
-83.606
Oversold
CCI(14)
-86.2540
Sell
ATR(14)
0.0018
Less Volatility
Highs/Lows(14)
-0.0014
Sell
Ultimate Oscillator
31.872
Sell
ROC
-0.996
Sell
Bull/Bear Power(13)
-0.0034
Sell
Buy: 1
Sell: 9
Neutral: 0


Summary:Strong Sell","Jun 17, 2021 07:15PM GMT"
eur_gbp,0.8551 -0.0022    -0.26%,15:16:56,2021-06-17 19:17:17.856097,"Prev. Close: 0.8573
Bid/Ask: 0.8550 / 0.8551
Day's Range: 0.8542 - 0.8580",Strong Sell,"Summary:Strong Sell
Moving Averages:Strong SellBuy (0)Sell (12)
Technical Indicators:Strong SellBuy (1)Sell (9)","Name
S3
S2
S1
Pivot Points
R1
R2
R3
Classic
0.8548
0.8551
0.8552
0.8555
0.8556
0.8559
0.8561
Fibonacci
0.8551
0.8552
0.8553
0.8555
0.8557
0.8558
0.8559
Camarilla
0.8553
0.8554
0.8554
0.8555
0.8555
0.8555
0.8556
Woodie's
0.8548
0.8551
0.8552
0.8555
0.8556
0.8559
0.8561
DeMark's
-
-
0.8552
0.8555
0.8556
-
-","Technical IndicatorsJun 17, 2021 07:17PM GMT
Name
Value
Action
RSI(14)
34.785
Sell
STOCH(9,6)
47.016
Neutral
STOCHRSI(14)
57.809
Buy
MACD(12,26)
-0.001
Sell
ADX(14)
35.456
Sell
Williams %R
-71.874
Sell
CCI(14)
-101.1497
Sell
ATR(14)
0.0011
High Volatility
Highs/Lows(14)
-0.0001
Sell
Ultimate Oscillator
46.165
Sell
ROC
-0.228
Sell
Bull/Bear Power(13)
-0.0015
Sell
Buy: 1
Sell: 9
Neutral: 1


Summary:Strong Sell","Jun 17, 2021 07:17PM GMT"
usd_cad,1.2353 +0.0076    +0.62%,15:16:48,2021-06-17 19:17:17.858897,"Prev. Close: 1.2276
Bid/Ask: 1.2352 / 1.2353
Day's Range: 1.2261 - 1.2378",Strong Buy,"Summary:Strong Buy
Moving Averages:Strong BuyBuy (11)Sell (1)
Technical Indicators:Strong BuyBuy (10)Sell (1)","Name
S3
S2
S1
Pivot Points
R1
R2
R3
Classic
1.2329
1.2334
1.2343
1.2349
1.2358
1.2364
1.2373
Fibonacci
1.2334
1.2340
1.2343
1.2349
1.2355
1.2358
1.2364
Camarilla
1.2348
1.2349
1.2351
1.2349
1.2353
1.2355
1.2356
Woodie's
1.2331
1.2335
1.2345
1.2350
1.2360
1.2365
1.2375
DeMark's
-
-
1.2345
1.2350
1.2360
-
-","Technical IndicatorsJun 17, 2021 07:15PM GMT
Name
Value
Action
RSI(14)
70.433
Buy
STOCH(9,6)
68.620
Buy
STOCHRSI(14)
32.810
Sell
MACD(12,26)
0.003
Buy
ADX(14)
36.372
Buy
Williams %R
-23.348
Buy
CCI(14)
95.6091
Buy
ATR(14)
0.0026
High Volatility
Highs/Lows(14)
0.0012
Buy
Ultimate Oscillator
69.490
Buy
ROC
0.681
Buy
Bull/Bear Power(13)
0.0039
Buy
Buy: 10
Sell: 1
Neutral: 0


Summary:Strong Buy","Jun 17, 2021 07:15PM GMT"
usd_chf,0.9176 +0.0091    +1.00%,15:16:58,2021-06-17 19:17:17.861665,"Prev. Close: 0.9085
Bid/Ask: 0.9174 / 0.9178
Day's Range: 0.9076 - 0.9188",Strong Buy,"Summary:Strong Buy
Moving Averages:Strong BuyBuy (11)Sell (1)
Technical Indicators:Strong BuyBuy (8)Sell (0)","Name
S3
S2
S1
Pivot Points
R1
R2
R3
Classic
0.9159
0.9162
0.9168
0.9171
0.9177
0.9180
0.9185
Fibonacci
0.9162
0.9166
0.9168
0.9171
0.9174
0.9176
0.9180
Camarilla
0.9171
0.9172
0.9173
0.9171
0.9174
0.9175
0.9176
Woodie's
0.9161
0.9163
0.9170
0.9172
0.9179
0.9181
0.9187
DeMark's
-
-
0.9169
0.9172
0.9178
-
-","Technical IndicatorsJun 17, 2021 07:15PM GMT
Name
Value
Action
RSI(14)
76.575
Overbought
STOCH(9,6)
78.595
Buy
STOCHRSI(14)
8.049
Oversold
MACD(12,26)
0.004
Buy
ADX(14)
38.566
Buy
Williams %R
-11.594
Overbought
CCI(14)
105.6444
Buy
ATR(14)
0.0018
High Volatility
Highs/Lows(14)
0.0017
Buy
Ultimate Oscillator
69.083
Buy
ROC
1.029
Buy
Bull/Bear Power(13)
0.0051
Buy
Buy: 8
Sell: 0
Neutral: 0


Summary:Strong Buy","Jun 17, 2021 07:15PM GMT"
nzd_chf,0.6429 +0.0025    +0.39%,15:16:48,2021-06-17 19:17:17.864464,"Prev. Close: 0.6404
Bid/Ask: 0.6427 / 0.6431
Day's Range: 0.6406 - 0.6453",Neutral,"Summary:Neutral
Moving Averages:BuyBuy (9)Sell (3)
Technical Indicators:SellBuy (2)Sell (3)","Name
S3
S2
S1
Pivot Points
R1
R2
R3
Classic
0.6419
0.6421
0.6425
0.6427
0.6430
0.6433
0.6436
Fibonacci
0.6421
0.6423
0.6425
0.6427
0.6429
0.6431
0.6433
Camarilla
0.6425
0.6425
0.6426
0.6427
0.6427
0.6428
0.6428
Woodie's
0.6419
0.6421
0.6425
0.6427
0.6430
0.6433
0.6436
DeMark's
-
-
0.6422
0.6426
0.6428
-
-","Technical IndicatorsJun 17, 2021 07:17PM GMT
Name
Value
Action
RSI(14)
52.919
Neutral
STOCH(9,6)
53.376
Neutral
STOCHRSI(14)
52.641
Neutral
MACD(12,26)
0.000
Buy
ADX(14)
27.552
Sell
Williams %R
-49.463
Neutral
CCI(14)
-8.8455
Neutral
ATR(14)
0.0012
Less Volatility
Highs/Lows(14)
0.0000
Neutral
Ultimate Oscillator
55.465
Buy
ROC
-0.132
Sell
Bull/Bear Power(13)
-0.0005
Sell
Buy: 2
Sell: 3
Neutral: 6


Summary:Sell","Jun 17, 2021 07:17PM GMT"
usd_cny,6.4484 +0.0515    +0.80%,11:27:22,2021-06-17 19:17:17.867253,"Prev. Close: 6.3969
Bid/Ask: 6.4477 / 6.4490
Day's Range: 6.3972 - 6.4494",Strong Buy,"Summary:Strong Buy
Moving Averages:BuyBuy (12)Sell (0)
Technical Indicators:Strong BuyBuy (7)Sell (0)","Name
S3
S2
S1
Pivot Points
R1
R2
R3
Classic
6.4380
6.4399
6.4436
6.4455
6.4492
6.4511
6.4548
Fibonacci
6.4399
6.4420
6.4434
6.4455
6.4476
6.4490
6.4511
Camarilla
6.4458
6.4463
6.4468
6.4455
6.4479
6.4484
6.4489
Woodie's
6.4390
6.4404
6.4446
6.4460
6.4502
6.4516
6.4558
DeMark's
-
-
6.4446
6.4460
6.4502
-
-","Technical IndicatorsJun 17, 2021 03:34PM GMT
Name
Value
Action
RSI(14)
85.433
Overbought
STOCH(9,6)
77.649
Buy
STOCHRSI(14)
100.000
Overbought
MACD(12,26)
0.011
Buy
ADX(14)
61.337
Buy
Williams %R
-3.426
Overbought
CCI(14)
151.8010
Buy
ATR(14)
0.0041
Less Volatility
Highs/Lows(14)
0.0141
Buy
Ultimate Oscillator
82.973
Overbought
ROC
0.391
Buy
Bull/Bear Power(13)
0.0286
Buy
Buy: 7
Sell: 0
Neutral: 0


Summary:Strong Buy","Jun 17, 2021 03:34PM GMT"
usd_hkd,7.7649 +0.0019    +0.02%,15:16:55,2021-06-17 19:17:17.870004,"Prev. Close: 7.7630
Bid/Ask: 7.7647 / 7.7650
Day's Range: 7.7625 - 7.7656",Strong Buy,"Summary:Strong Buy
Moving Averages:BuyBuy (12)Sell (0)
Technical Indicators:Strong BuyBuy (7)Sell (3)","Name
S3
S2
S1
Pivot Points
R1
R2
R3
Classic
7.7646
7.7646
7.7647
7.7648
7.7649
7.7650
7.7651
Fibonacci
7.7646
7.7647
7.7647
7.7648
7.7649
7.7649
7.7650
Camarilla
7.7648
7.7648
7.7648
7.7648
7.7649
7.7649
7.7649
Woodie's
7.7646
7.7646
7.7647
7.7648
7.7649
7.7650
7.7651
DeMark's
-
-
7.7648
7.7648
7.7650
-
-","Technical IndicatorsJun 17, 2021 07:15PM GMT
Name
Value
Action
RSI(14)
58.665
Buy
STOCH(9,6)
43.421
Sell
STOCHRSI(14)
38.355
Sell
MACD(12,26)
0.001
Buy
ADX(14)
45.619
Buy
Williams %R
-31.593
Buy
CCI(14)
79.7411
Buy
ATR(14)
0.0009
Less Volatility
Highs/Lows(14)
0.0000
Neutral
Ultimate Oscillator
46.866
Sell
ROC
0.003
Buy
Bull/Bear Power(13)
0.0017
Buy
Buy: 7
Sell: 3
Neutral: 1


Summary:Strong Buy","Jun 17, 2021 07:15PM GMT"
eur_usd,1.1908 -0.0086    -0.72%,15:17:42,2021-06-17 19:18:17.554721,"Prev. Close: 1.1994
Bid/Ask: 1.1907 / 1.1908
Day's Range: 1.1892 - 1.2007",Strong Sell,"Summary:Strong Sell
Moving Averages:Strong SellBuy (0)Sell (12)
Technical Indicators:Strong SellBuy (0)Sell (9)","Name
S3
S2
S1
Pivot Points
R1
R2
R3
Classic
1.1895
1.1903
1.1907
1.1915
1.1919
1.1927
1.1931
Fibonacci
1.1903
1.1908
1.1910
1.1915
1.1920
1.1922
1.1927
Camarilla
1.1908
1.1909
1.1910
1.1915
1.1912
1.1913
1.1914
Woodie's
1.1893
1.1902
1.1905
1.1914
1.1917
1.1926
1.1929
DeMark's
-
-
1.1905
1.1914
1.1917
-
-","Technical IndicatorsJun 17, 2021 07:17PM GMT
Name
Value
Action
RSI(14)
26.450
Sell
STOCH(9,6)
27.457
Sell
STOCHRSI(14)
89.453
Overbought
MACD(12,26)
-0.004
Sell
ADX(14)
37.982
Sell
Williams %R
-84.822
Oversold
CCI(14)
-109.7846
Sell
ATR(14)
0.0023
High Volatility
Highs/Lows(14)
-0.0015
Sell
Ultimate Oscillator
35.675
Sell
ROC
-0.775
Sell
Bull/Bear Power(13)
-0.0039
Sell
Buy: 0
Sell: 9
Neutral: 0


Summary:Strong Sell","Jun 17, 2021 07:17PM GMT"
gbp_usd,1.3927 -0.0060    -0.43%,15:17:29,2021-06-17 19:18:17.558228,"Prev. Close: 1.3987
Bid/Ask: 1.3926 / 1.3927
Day's Range: 1.3896 - 1.4010",Strong Sell,"Summary:Strong Sell
Moving Averages:SellBuy (2)Sell (10)
Technical Indicators:Strong SellBuy (0)Sell (10)","Name
S3
S2
S1
Pivot Points
R1
R2
R3
Classic
1.3906
1.3915
1.3918
1.3927
1.3931
1.3939
1.3943
Fibonacci
1.3915
1.3920
1.3922
1.3927
1.3932
1.3934
1.3939
Camarilla
1.3920
1.3921
1.3922
1.3927
1.3925
1.3926
1.3927
Woodie's
1.3904
1.3914
1.3916
1.3926
1.3929
1.3938
1.3941
DeMark's
-
-
1.3917
1.3926
1.3930
-
-","Technical IndicatorsJun 17, 2021 07:17PM GMT
Name
Value
Action
RSI(14)
36.656
Sell
STOCH(9,6)
30.612
Sell
STOCHRSI(14)
100.000
Overbought
MACD(12,26)
-0.003
Sell
ADX(14)
37.932
Sell
Williams %R
-70.777
Sell
CCI(14)
-74.5450
Sell
ATR(14)
0.0026
High Volatility
Highs/Lows(14)
-0.0008
Sell
Ultimate Oscillator
38.438
Sell
ROC
-0.546
Sell
Bull/Bear Power(13)
-0.0026
Sell
Buy: 0
Sell: 10
Neutral: 0


Summary:Strong Sell","Jun 17, 2021 07:17PM GMT"
usd_jpy,110.27 -0.42    -0.38%,15:17:44,2021-06-17 19:18:17.561143,"Prev. Close: 110.69
Bid/Ask: 110.26 / 110.28
Day's Range: 110.17 - 110.83",Strong Sell,"Summary:Strong Sell
Moving Averages:SellBuy (5)Sell (7)
Technical Indicators:Strong SellBuy (1)Sell (7)","Name
S3
S2
S1
Pivot Points
R1
R2
R3
Classic
110.15
110.17
110.21
110.23
110.27
110.29
110.32
Fibonacci
110.17
110.19
110.21
110.23
110.25
110.27
110.29
Camarilla
110.24
110.24
110.25
110.23
110.26
110.27
110.27
Woodie's
110.17
110.18
110.23
110.24
110.29
110.30
110.34
DeMark's
-
-
110.23
110.24
110.29
-
-","Technical IndicatorsJun 17, 2021 07:15PM GMT
Name
Value
Action
RSI(14)
42.540
Sell
STOCH(9,6)
15.597
Oversold
STOCHRSI(14)
15.579
Oversold
MACD(12,26)
-0.010
Sell
ADX(14)
36.026
Buy
Williams %R
-82.352
Oversold
CCI(14)
-84.0934
Sell
ATR(14)
0.1300
High Volatility
Highs/Lows(14)
-0.1404
Sell
Ultimate Oscillator
44.234
Sell
ROC
-0.334
Sell
Bull/Bear Power(13)
-0.2720
Sell
Buy: 1
Sell: 7
Neutral: 0


Summary:Strong Sell","Jun 17, 2021 07:15PM GMT"
aud_usd,0.7555 -0.0056    -0.73%,15:17:35,2021-06-17 19:18:17.564181,"Prev. Close: 0.7610
Bid/Ask: 0.7554 / 0.7555
Day's Range: 0.7540 - 0.7646",Strong Sell,"Summary:Strong Sell
Moving Averages:SellBuy (1)Sell (11)
Technical Indicators:Strong SellBuy (1)Sell (9)","Name
S3
S2
S1
Pivot Points
R1
R2
R3
Classic
0.7540
0.7546
0.7549
0.7555
0.7558
0.7564
0.7568
Fibonacci
0.7546
0.7549
0.7551
0.7555
0.7559
0.7561
0.7564
Camarilla
0.7549
0.7550
0.7551
0.7555
0.7552
0.7553
0.7554
Woodie's
0.7538
0.7545
0.7547
0.7554
0.7556
0.7563
0.7566
DeMark's
-
-
0.7547
0.7554
0.7556
-
-","Technical IndicatorsJun 17, 2021 07:17PM GMT
Name
Value
Action
RSI(14)
28.510
Sell
STOCH(9,6)
21.788
Sell
STOCHRSI(14)
72.166
Buy
MACD(12,26)
-0.003
Sell
ADX(14)
45.840
Sell
Williams %R
-84.153
Oversold
CCI(14)
-86.7118
Sell
ATR(14)
0.0018
Less Volatility
Highs/Lows(14)
-0.0014
Sell
Ultimate Oscillator
31.555
Sell
ROC
-1.003
Sell
Bull/Bear Power(13)
-0.0034
Sell
Buy: 1
Sell: 9
Neutral: 0


Summary:Strong Sell","Jun 17, 2021 07:17PM GMT"
eur_gbp,0.8550 -0.0024    -0.27%,15:17:42,2021-06-17 19:18:17.566969,"Prev. Close: 0.8573
Bid/Ask: 0.8547 / 0.8552
Day's Range: 0.8542 - 0.8580",Strong Sell,"Summary:Strong Sell
Moving Averages:Strong SellBuy (0)Sell (12)
Technical Indicators:Strong SellBuy (1)Sell (9)","Name
S3
S2
S1
Pivot Points
R1
R2
R3
Classic
0.8548
0.8551
0.8552
0.8555
0.8556
0.8559
0.8561
Fibonacci
0.8551
0.8552
0.8553
0.8555
0.8557
0.8558
0.8559
Camarilla
0.8553
0.8554
0.8554
0.8555
0.8555
0.8555
0.8556
Woodie's
0.8548
0.8551
0.8552
0.8555
0.8556
0.8559
0.8561
DeMark's
-
-
0.8552
0.8555
0.8556
-
-","Technical IndicatorsJun 17, 2021 07:17PM GMT
Name
Value
Action
RSI(14)
34.785
Sell
STOCH(9,6)
47.016
Neutral
STOCHRSI(14)
57.809
Buy
MACD(12,26)
-0.001
Sell
ADX(14)
35.456
Sell
Williams %R
-71.874
Sell
CCI(14)
-101.1497
Sell
ATR(14)
0.0011
High Volatility
Highs/Lows(14)
-0.0001
Sell
Ultimate Oscillator
46.165
Sell
ROC
-0.228
Sell
Bull/Bear Power(13)
-0.0015
Sell
Buy: 1
Sell: 9
Neutral: 1


Summary:Strong Sell","Jun 17, 2021 07:17PM GMT"
usd_cad,1.2353 +0.0076    +0.62%,15:17:42,2021-06-17 19:18:17.569723,"Prev. Close: 1.2276
Bid/Ask: 1.2352 / 1.2353
Day's Range: 1.2261 - 1.2378",Strong Buy,"Summary:Strong Buy
Moving Averages:Strong BuyBuy (11)Sell (1)
Technical Indicators:Strong BuyBuy (10)Sell (1)","Name
S3
S2
S1
Pivot Points
R1
R2
R3
Classic
1.2329
1.2334
1.2343
1.2349
1.2358
1.2364
1.2373
Fibonacci
1.2334
1.2340
1.2343
1.2349
1.2355
1.2358
1.2364
Camarilla
1.2348
1.2349
1.2351
1.2349
1.2353
1.2355
1.2356
Woodie's
1.2331
1.2335
1.2345
1.2350
1.2360
1.2365
1.2375
DeMark's
-
-
1.2345
1.2350
1.2360
-
-","Technical IndicatorsJun 17, 2021 07:17PM GMT
Name
Value
Action
RSI(14)
70.697
Buy
STOCH(9,6)
68.721
Buy
STOCHRSI(14)
34.802
Sell
MACD(12,26)
0.003
Buy
ADX(14)
36.372
Buy
Williams %R
-22.908
Buy
CCI(14)
96.1154
Buy
ATR(14)
0.0026
High Volatility
Highs/Lows(14)
0.0013
Buy
Ultimate Oscillator
69.691
Buy
ROC
0.685
Buy
Bull/Bear Power(13)
0.0039
Buy
Buy: 10
Sell: 1
Neutral: 0


Summary:Strong Buy","Jun 17, 2021 07:17PM GMT"
usd_chf,0.9176 +0.0091    +1.00%,15:17:42,2021-06-17 19:18:17.572491,"Prev. Close: 0.9085
Bid/Ask: 0.9174 / 0.9178
Day's Range: 0.9076 - 0.9188",Strong Buy,"Summary:Strong Buy
Moving Averages:Strong BuyBuy (11)Sell (1)
Technical Indicators:Strong BuyBuy (8)Sell (0)","Name
S3
S2
S1
Pivot Points
R1
R2
R3
Classic
0.9159
0.9162
0.9168
0.9171
0.9177
0.9180
0.9185
Fibonacci
0.9162
0.9166
0.9168
0.9171
0.9174
0.9176
0.9180
Camarilla
0.9171
0.9172
0.9173
0.9171
0.9174
0.9175
0.9176
Woodie's
0.9161
0.9163
0.9170
0.9172
0.9179
0.9181
0.9187
DeMark's
-
-
0.9169
0.9172
0.9178
-
-","Technical IndicatorsJun 17, 2021 07:17PM GMT
Name
Value
Action
RSI(14)
76.575
Overbought
STOCH(9,6)
78.595
Buy
STOCHRSI(14)
8.049
Oversold
MACD(12,26)
0.004
Buy
ADX(14)
38.566
Buy
Williams %R
-11.594
Overbought
CCI(14)
105.6444
Buy
ATR(14)
0.0018
High Volatility
Highs/Lows(14)
0.0017
Buy
Ultimate Oscillator
69.083
Buy
ROC
1.029
Buy
Bull/Bear Power(13)
0.0051
Buy
Buy: 8
Sell: 0
Neutral: 0


Summary:Strong Buy","Jun 17, 2021 07:17PM GMT"
nzd_chf,0.6429 +0.0025    +0.39%,15:17:40,2021-06-17 19:18:17.575251,"Prev. Close: 0.6404
Bid/Ask: 0.6428 / 0.6430
Day's Range: 0.6406 - 0.6453",Neutral,"Summary:Neutral
Moving Averages:BuyBuy (9)Sell (3)
Technical Indicators:SellBuy (2)Sell (3)","Name
S3
S2
S1
Pivot Points
R1
R2
R3
Classic
0.6419
0.6421
0.6425
0.6427
0.6430
0.6433
0.6436
Fibonacci
0.6421
0.6423
0.6425
0.6427
0.6429
0.6431
0.6433
Camarilla
0.6425
0.6425
0.6426
0.6427
0.6427
0.6428
0.6428
Woodie's
0.6419
0.6421
0.6425
0.6427
0.6430
0.6433
0.6436
DeMark's
-
-
0.6422
0.6426
0.6428
-
-","Technical IndicatorsJun 17, 2021 07:17PM GMT
Name
Value
Action
RSI(14)
52.919
Neutral
STOCH(9,6)
53.376
Neutral
STOCHRSI(14)
52.641
Neutral
MACD(12,26)
0.000
Buy
ADX(14)
27.552
Sell
Williams %R
-49.463
Neutral
CCI(14)
-8.8455
Neutral
ATR(14)
0.0012
Less Volatility
Highs/Lows(14)
0.0000
Neutral
Ultimate Oscillator
55.465
Buy
ROC
-0.132
Sell
Bull/Bear Power(13)
-0.0005
Sell
Buy: 2
Sell: 3
Neutral: 6


Summary:Sell","Jun 17, 2021 07:17PM GMT"
usd_cny,6.4484 +0.0515    +0.80%,11:27:22,2021-06-17 19:18:17.577972,"Prev. Close: 6.3969
Bid/Ask: 6.4477 / 6.4490
Day's Range: 6.3972 - 6.4494",Strong Buy,"Summary:Strong Buy
Moving Averages:BuyBuy (12)Sell (0)
Technical Indicators:Strong BuyBuy (7)Sell (0)","Name
S3
S2
S1
Pivot Points
R1
R2
R3
Classic
6.4380
6.4399
6.4436
6.4455
6.4492
6.4511
6.4548
Fibonacci
6.4399
6.4420
6.4434
6.4455
6.4476
6.4490
6.4511
Camarilla
6.4458
6.4463
6.4468
6.4455
6.4479
6.4484
6.4489
Woodie's
6.4390
6.4404
6.4446
6.4460
6.4502
6.4516
6.4558
DeMark's
-
-
6.4446
6.4460
6.4502
-
-","Technical IndicatorsJun 17, 2021 03:34PM GMT
Name
Value
Action
RSI(14)
85.433
Overbought
STOCH(9,6)
77.649
Buy
STOCHRSI(14)
100.000
Overbought
MACD(12,26)
0.011
Buy
ADX(14)
61.337
Buy
Williams %R
-3.426
Overbought
CCI(14)
151.8010
Buy
ATR(14)
0.0041
Less Volatility
Highs/Lows(14)
0.0141
Buy
Ultimate Oscillator
82.973
Overbought
ROC
0.391
Buy
Bull/Bear Power(13)
0.0286
Buy
Buy: 7
Sell: 0
Neutral: 0


Summary:Strong Buy","Jun 17, 2021 03:34PM GMT"
usd_hkd,7.7649 +0.0019    +0.02%,15:17:28,2021-06-17 19:18:17.580737,"Prev. Close: 7.7630
Bid/Ask: 7.7647 / 7.7650
Day's Range: 7.7625 - 7.7656",Strong Buy,"Summary:Strong Buy
Moving Averages:BuyBuy (12)Sell (0)
Technical Indicators:Strong BuyBuy (7)Sell (3)","Name
S3
S2
S1
Pivot Points
R1
R2
R3
Classic
7.7646
7.7646
7.7647
7.7648
7.7649
7.7650
7.7651
Fibonacci
7.7646
7.7647
7.7647
7.7648
7.7649
7.7649
7.7650
Camarilla
7.7648
7.7648
7.7648
7.7648
7.7649
7.7649
7.7649
Woodie's
7.7646
7.7646
7.7647
7.7648
7.7649
7.7650
7.7651
DeMark's
-
-
7.7648
7.7648
7.7650
-
-","Technical IndicatorsJun 17, 2021 07:17PM GMT
Name
Value
Action
RSI(14)
58.665
Buy
STOCH(9,6)
43.421
Sell
STOCHRSI(14)
38.355
Sell
MACD(12,26)
0.001
Buy
ADX(14)
45.619
Buy
Williams %R
-31.593
Buy
CCI(14)
79.7411
Buy
ATR(14)
0.0009
Less Volatility
Highs/Lows(14)
0.0000
Neutral
Ultimate Oscillator
46.866
Sell
ROC
0.003
Buy
Bull/Bear Power(13)
0.0017
Buy
Buy: 7
Sell: 3
Neutral: 1


Summary:Strong Buy","Jun 17, 2021 07:17PM GMT"
eur_usd,1.1908 -0.0086    -0.72%,15:18:46,2021-06-17 19:19:17.768255,"Prev. Close: 1.1994
Bid/Ask: 1.1907 / 1.1908
Day's Range: 1.1892 - 1.2007",Strong Sell,"Summary:Strong Sell
Moving Averages:Strong SellBuy (0)Sell (12)
Technical Indicators:Strong SellBuy (0)Sell (9)","Name
S3
S2
S1
Pivot Points
R1
R2
R3
Classic
1.1895
1.1903
1.1907
1.1915
1.1919
1.1927
1.1931
Fibonacci
1.1903
1.1908
1.1910
1.1915
1.1920
1.1922
1.1927
Camarilla
1.1908
1.1909
1.1910
1.1915
1.1912
1.1913
1.1914
Woodie's
1.1893
1.1902
1.1905
1.1914
1.1917
1.1926
1.1929
DeMark's
-
-
1.1905
1.1914
1.1917
-
-","Technical IndicatorsJun 17, 2021 07:17PM GMT
Name
Value
Action
RSI(14)
26.450
Sell
STOCH(9,6)
27.457
Sell
STOCHRSI(14)
89.453
Overbought
MACD(12,26)
-0.004
Sell
ADX(14)
37.982
Sell
Williams %R
-84.822
Oversold
CCI(14)
-109.7846
Sell
ATR(14)
0.0023
High Volatility
Highs/Lows(14)
-0.0015
Sell
Ultimate Oscillator
35.675
Sell
ROC
-0.775
Sell
Bull/Bear Power(13)
-0.0039
Sell
Buy: 0
Sell: 9
Neutral: 0


Summary:Strong Sell","Jun 17, 2021 07:17PM GMT"
gbp_usd,1.3926 -0.0061    -0.44%,15:18:44,2021-06-17 19:19:17.771858,"Prev. Close: 1.3987
Bid/Ask: 1.3924 / 1.3928
Day's Range: 1.3896 - 1.4010",Strong Sell,"Summary:Strong Sell
Moving Averages:SellBuy (2)Sell (10)
Technical Indicators:Strong SellBuy (0)Sell (10)","Name
S3
S2
S1
Pivot Points
R1
R2
R3
Classic
1.3906
1.3915
1.3918
1.3927
1.3931
1.3939
1.3943
Fibonacci
1.3915
1.3920
1.3922
1.3927
1.3932
1.3934
1.3939
Camarilla
1.3920
1.3921
1.3922
1.3927
1.3925
1.3926
1.3927
Woodie's
1.3904
1.3914
1.3916
1.3926
1.3929
1.3938
1.3941
DeMark's
-
-
1.3917
1.3926
1.3930
-
-","Technical IndicatorsJun 17, 2021 07:17PM GMT
Name
Value
Action
RSI(14)
36.656
Sell
STOCH(9,6)
30.612
Sell
STOCHRSI(14)
100.000
Overbought
MACD(12,26)
-0.003
Sell
ADX(14)
37.932
Sell
Williams %R
-70.777
Sell
CCI(14)
-74.5450
Sell
ATR(14)
0.0026
High Volatility
Highs/Lows(14)
-0.0008
Sell
Ultimate Oscillator
38.438
Sell
ROC
-0.546
Sell
Bull/Bear Power(13)
-0.0026
Sell
Buy: 0
Sell: 10
Neutral: 0


Summary:Strong Sell","Jun 17, 2021 07:17PM GMT"
usd_jpy,110.27 -0.42    -0.38%,15:18:35,2021-06-17 19:19:17.774797,"Prev. Close: 110.69
Bid/Ask: 110.26 / 110.28
Day's Range: 110.17 - 110.83",Strong Sell,"Summary:Strong Sell
Moving Averages:SellBuy (4)Sell (8)
Technical Indicators:Strong SellBuy (1)Sell (7)","Name
S3
S2
S1
Pivot Points
R1
R2
R3
Classic
110.15
110.17
110.21
110.23
110.27
110.29
110.32
Fibonacci
110.17
110.19
110.21
110.23
110.25
110.27
110.29
Camarilla
110.24
110.24
110.25
110.23
110.26
110.27
110.27
Woodie's
110.17
110.18
110.23
110.24
110.29
110.30
110.34
DeMark's
-
-
110.23
110.24
110.29
-
-","Technical IndicatorsJun 17, 2021 07:17PM GMT
Name
Value
Action
RSI(14)
41.923
Sell
STOCH(9,6)
15.312
Oversold
STOCHRSI(14)
13.331
Oversold
MACD(12,26)
-0.020
Sell
ADX(14)
36.026
Buy
Williams %R
-84.033
Oversold
CCI(14)
-85.1994
Sell
ATR(14)
0.1300
High Volatility
Highs/Lows(14)
-0.1504
Sell
Ultimate Oscillator
43.420
Sell
ROC
-0.343
Sell
Bull/Bear Power(13)
-0.2700
Sell
Buy: 1
Sell: 7
Neutral: 0


Summary:Strong Sell","Jun 17, 2021 07:17PM GMT"
aud_usd,0.7553 -0.0057    -0.75%,15:18:51,2021-06-17 19:19:17.777582,"Prev. Close: 0.7610
Bid/Ask: 0.7552 / 0.7554
Day's Range: 0.7540 - 0.7646",Strong Sell,"Summary:Strong Sell
Moving Averages:SellBuy (1)Sell (11)
Technical Indicators:Strong SellBuy (1)Sell (9)","Name
S3
S2
S1
Pivot Points
R1
R2
R3
Classic
0.7540
0.7546
0.7549
0.7555
0.7558
0.7564
0.7568
Fibonacci
0.7546
0.7549
0.7551
0.7555
0.7559
0.7561
0.7564
Camarilla
0.7549
0.7550
0.7551
0.7555
0.7552
0.7553
0.7554
Woodie's
0.7538
0.7545
0.7547
0.7554
0.7556
0.7563
0.7566
DeMark's
-
-
0.7547
0.7554
0.7556
-
-","Technical IndicatorsJun 17, 2021 07:17PM GMT
Name
Value
Action
RSI(14)
28.510
Sell
STOCH(9,6)
21.788
Sell
STOCHRSI(14)
72.166
Buy
MACD(12,26)
-0.003
Sell
ADX(14)
45.840
Sell
Williams %R
-84.153
Oversold
CCI(14)
-86.7118
Sell
ATR(14)
0.0018
Less Volatility
Highs/Lows(14)
-0.0014
Sell
Ultimate Oscillator
31.555
Sell
ROC
-1.003
Sell
Bull/Bear Power(13)
-0.0034
Sell
Buy: 1
Sell: 9
Neutral: 0


Summary:Strong Sell","Jun 17, 2021 07:17PM GMT"
eur_gbp,0.8550 -0.0023    -0.27%,15:18:55,2021-06-17 19:19:17.780349,"Prev. Close: 0.8573
Bid/Ask: 0.8549 / 0.8551
Day's Range: 0.8542 - 0.8580",Strong Sell,"Summary:Strong Sell
Moving Averages:Strong SellBuy (0)Sell (12)
Technical Indicators:Strong SellBuy (1)Sell (9)","Name
S3
S2
S1
Pivot Points
R1
R2
R3
Classic
0.8548
0.8551
0.8552
0.8555
0.8556
0.8559
0.8561
Fibonacci
0.8551
0.8552
0.8553
0.8555
0.8557
0.8558
0.8559
Camarilla
0.8553
0.8554
0.8554
0.8555
0.8555
0.8555
0.8556
Woodie's
0.8548
0.8551
0.8552
0.8555
0.8556
0.8559
0.8561
DeMark's
-
-
0.8552
0.8555
0.8556
-
-","Technical IndicatorsJun 17, 2021 07:19PM GMT
Name
Value
Action
RSI(14)
34.477
Sell
STOCH(9,6)
46.707
Neutral
STOCHRSI(14)
56.472
Buy
MACD(12,26)
-0.001
Sell
ADX(14)
35.456
Sell
Williams %R
-73.437
Sell
CCI(14)
-103.5123
Sell
ATR(14)
0.0011
High Volatility
Highs/Lows(14)
-0.0001
Sell
Ultimate Oscillator
45.633
Sell
ROC
-0.233
Sell
Bull/Bear Power(13)
-0.0015
Sell
Buy: 1
Sell: 9
Neutral: 1


Summary:Strong Sell","Jun 17, 2021 07:19PM GMT"
usd_cad,1.2354 +0.0077    +0.63%,15:18:49,2021-06-17 19:19:17.783097,"Prev. Close: 1.2276
Bid/Ask: 1.2353 / 1.2354
Day's Range: 1.2261 - 1.2378",Strong Buy,"Summary:Strong Buy
Moving Averages:Strong BuyBuy (11)Sell (1)
Technical Indicators:Strong BuyBuy (10)Sell (1)","Name
S3
S2
S1
Pivot Points
R1
R2
R3
Classic
1.2329
1.2334
1.2343
1.2349
1.2358
1.2364
1.2373
Fibonacci
1.2334
1.2340
1.2343
1.2349
1.2355
1.2358
1.2364
Camarilla
1.2348
1.2349
1.2351
1.2349
1.2353
1.2355
1.2356
Woodie's
1.2331
1.2335
1.2345
1.2350
1.2360
1.2365
1.2375
DeMark's
-
-
1.2345
1.2350
1.2360
-
-","Technical IndicatorsJun 17, 2021 07:17PM GMT
Name
Value
Action
RSI(14)
70.697
Buy
STOCH(9,6)
68.721
Buy
STOCHRSI(14)
34.802
Sell
MACD(12,26)
0.003
Buy
ADX(14)
36.372
Buy
Williams %R
-22.908
Buy
CCI(14)
96.1154
Buy
ATR(14)
0.0026
High Volatility
Highs/Lows(14)
0.0013
Buy
Ultimate Oscillator
69.691
Buy
ROC
0.685
Buy
Bull/Bear Power(13)
0.0039
Buy
Buy: 10
Sell: 1
Neutral: 0


Summary:Strong Buy","Jun 17, 2021 07:17PM GMT"
usd_chf,0.9176 +0.0091    +1.00%,15:18:57,2021-06-17 19:19:17.785828,"Prev. Close: 0.9085
Bid/Ask: 0.9174 / 0.9178
Day's Range: 0.9076 - 0.9188",Strong Buy,"Summary:Strong Buy
Moving Averages:Strong BuyBuy (11)Sell (1)
Technical Indicators:Strong BuyBuy (8)Sell (0)","Name
S3
S2
S1
Pivot Points
R1
R2
R3
Classic
0.9159
0.9162
0.9168
0.9171
0.9177
0.9180
0.9185
Fibonacci
0.9162
0.9166
0.9168
0.9171
0.9174
0.9176
0.9180
Camarilla
0.9171
0.9172
0.9173
0.9171
0.9174
0.9175
0.9176
Woodie's
0.9161
0.9163
0.9170
0.9172
0.9179
0.9181
0.9187
DeMark's
-
-
0.9169
0.9172
0.9178
-
-","Technical IndicatorsJun 17, 2021 07:17PM GMT
Name
Value
Action
RSI(14)
76.575
Overbought
STOCH(9,6)
78.595
Buy
STOCHRSI(14)
8.049
Oversold
MACD(12,26)
0.004
Buy
ADX(14)
38.566
Buy
Williams %R
-11.594
Overbought
CCI(14)
105.6444
Buy
ATR(14)
0.0018
High Volatility
Highs/Lows(14)
0.0017
Buy
Ultimate Oscillator
69.083
Buy
ROC
1.029
Buy
Bull/Bear Power(13)
0.0051
Buy
Buy: 8
Sell: 0
Neutral: 0


Summary:Strong Buy","Jun 17, 2021 07:17PM GMT"
nzd_chf,0.6429 +0.0025    +0.39%,15:18:39,2021-06-17 19:19:17.788575,"Prev. Close: 0.6404
Bid/Ask: 0.6428 / 0.6430
Day's Range: 0.6406 - 0.6453",Neutral,"Summary:Neutral
Moving Averages:BuyBuy (9)Sell (3)
Technical Indicators:SellBuy (2)Sell (3)","Name
S3
S2
S1
Pivot Points
R1
R2
R3
Classic
0.6419
0.6421
0.6425
0.6427
0.6430
0.6433
0.6436
Fibonacci
0.6421
0.6423
0.6425
0.6427
0.6429
0.6431
0.6433
Camarilla
0.6425
0.6425
0.6426
0.6427
0.6427
0.6428
0.6428
Woodie's
0.6419
0.6421
0.6425
0.6427
0.6430
0.6433
0.6436
DeMark's
-
-
0.6422
0.6426
0.6428
-
-","Technical IndicatorsJun 17, 2021 07:19PM GMT
Name
Value
Action
RSI(14)
52.580
Neutral
STOCH(9,6)
53.036
Neutral
STOCHRSI(14)
51.342
Neutral
MACD(12,26)
0.000
Buy
ADX(14)
26.838
Sell
Williams %R
-50.538
Neutral
CCI(14)
-8.8455
Neutral
ATR(14)
0.0012
Less Volatility
Highs/Lows(14)
0.0000
Neutral
Ultimate Oscillator
54.664
Buy
ROC
-0.140
Sell
Bull/Bear Power(13)
-0.0005
Sell
Buy: 2
Sell: 3
Neutral: 6


Summary:Sell","Jun 17, 2021 07:19PM GMT"
usd_cny,6.4484 +0.0515    +0.80%,11:27:22,2021-06-17 19:19:17.791321,"Prev. Close: 6.3969
Bid/Ask: 6.4477 / 6.4490
Day's Range: 6.3972 - 6.4494",Strong Buy,"Summary:Strong Buy
Moving Averages:BuyBuy (12)Sell (0)
Technical Indicators:Strong BuyBuy (7)Sell (0)","Name
S3
S2
S1
Pivot Points
R1
R2
R3
Classic
6.4380
6.4399
6.4436
6.4455
6.4492
6.4511
6.4548
Fibonacci
6.4399
6.4420
6.4434
6.4455
6.4476
6.4490
6.4511
Camarilla
6.4458
6.4463
6.4468
6.4455
6.4479
6.4484
6.4489
Woodie's
6.4390
6.4404
6.4446
6.4460
6.4502
6.4516
6.4558
DeMark's
-
-
6.4446
6.4460
6.4502
-
-","Technical IndicatorsJun 17, 2021 03:34PM GMT
Name
Value
Action
RSI(14)
85.433
Overbought
STOCH(9,6)
77.649
Buy
STOCHRSI(14)
100.000
Overbought
MACD(12,26)
0.011
Buy
ADX(14)
61.337
Buy
Williams %R
-3.426
Overbought
CCI(14)
151.8010
Buy
ATR(14)
0.0041
Less Volatility
Highs/Lows(14)
0.0141
Buy
Ultimate Oscillator
82.973
Overbought
ROC
0.391
Buy
Bull/Bear Power(13)
0.0286
Buy
Buy: 7
Sell: 0
Neutral: 0


Summary:Strong Buy","Jun 17, 2021 03:34PM GMT"
usd_hkd,7.7649 +0.0019    +0.02%,15:18:30,2021-06-17 19:19:17.794041,"Prev. Close: 7.7630
Bid/Ask: 7.7647 / 7.7650
Day's Range: 7.7625 - 7.7656",Strong Buy,"Summary:Strong Buy
Moving Averages:BuyBuy (12)Sell (0)
Technical Indicators:Strong BuyBuy (7)Sell (3)","Name
S3
S2
S1
Pivot Points
R1
R2
R3
Classic
7.7646
7.7646
7.7647
7.7648
7.7649
7.7650
7.7651
Fibonacci
7.7646
7.7647
7.7647
7.7648
7.7649
7.7649
7.7650
Camarilla
7.7648
7.7648
7.7648
7.7648
7.7649
7.7649
7.7649
Woodie's
7.7646
7.7646
7.7647
7.7648
7.7649
7.7650
7.7651
DeMark's
-
-
7.7648
7.7648
7.7650
-
-","Technical IndicatorsJun 17, 2021 07:17PM GMT
Name
Value
Action
RSI(14)
58.665
Buy
STOCH(9,6)
43.421
Sell
STOCHRSI(14)
38.355
Sell
MACD(12,26)
0.001
Buy
ADX(14)
45.619
Buy
Williams %R
-31.593
Buy
CCI(14)
79.7411
Buy
ATR(14)
0.0009
Less Volatility
Highs/Lows(14)
0.0000
Neutral
Ultimate Oscillator
46.866
Sell
ROC
0.003
Buy
Bull/Bear Power(13)
0.0017
Buy
Buy: 7
Sell: 3
Neutral: 1


Summary:Strong Buy","Jun 17, 2021 07:17PM GMT"
eur_usd,1.1907 -0.0087    -0.73%,15:19:37,2021-06-17 19:20:17.573667,"Prev. Close: 1.1994
Bid/Ask: 1.1905 / 1.1909
Day's Range: 1.1892 - 1.2007",Strong Sell,"Summary:Strong Sell
Moving Averages:Strong SellBuy (0)Sell (12)
Technical Indicators:Strong SellBuy (0)Sell (9)","Name
S3
S2
S1
Pivot Points
R1
R2
R3
Classic
1.1895
1.1903
1.1907
1.1915
1.1919
1.1927
1.1931
Fibonacci
1.1903
1.1908
1.1910
1.1915
1.1920
1.1922
1.1927
Camarilla
1.1908
1.1909
1.1910
1.1915
1.1912
1.1913
1.1914
Woodie's
1.1893
1.1902
1.1905
1.1914
1.1917
1.1926
1.1929
DeMark's
-
-
1.1905
1.1914
1.1917
-
-","Technical IndicatorsJun 17, 2021 07:19PM GMT
Name
Value
Action
RSI(14)
25.986
Sell
STOCH(9,6)
26.751
Sell
STOCHRSI(14)
85.743
Overbought
MACD(12,26)
-0.004
Sell
ADX(14)
37.982
Sell
Williams %R
-87.054
Oversold
CCI(14)
-112.3762
Sell
ATR(14)
0.0023
High Volatility
Highs/Lows(14)
-0.0018
Sell
Ultimate Oscillator
34.391
Sell
ROC
-0.796
Sell
Bull/Bear Power(13)
-0.0039
Sell
Buy: 0
Sell: 9
Neutral: 0


Summary:Strong Sell","Jun 17, 2021 07:19PM GMT"
gbp_usd,1.3926 -0.0061    -0.44%,15:19:32,2021-06-17 19:20:17.577262,"Prev. Close: 1.3987
Bid/Ask: 1.3924 / 1.3928
Day's Range: 1.3896 - 1.4010",Strong Sell,"Summary:Strong Sell
Moving Averages:SellBuy (2)Sell (10)
Technical Indicators:Strong SellBuy (0)Sell (10)","Name
S3
S2
S1
Pivot Points
R1
R2
R3
Classic
1.3906
1.3915
1.3918
1.3927
1.3931
1.3939
1.3943
Fibonacci
1.3915
1.3920
1.3922
1.3927
1.3932
1.3934
1.3939
Camarilla
1.3920
1.3921
1.3922
1.3927
1.3925
1.3926
1.3927
Woodie's
1.3904
1.3914
1.3916
1.3926
1.3929
1.3938
1.3941
DeMark's
-
-
1.3917
1.3926
1.3930
-
-","Technical IndicatorsJun 17, 2021 07:19PM GMT
Name
Value
Action
RSI(14)
36.134
Sell
STOCH(9,6)
30.236
Sell
STOCHRSI(14)
100.000
Overbought
MACD(12,26)
-0.003
Sell
ADX(14)
37.932
Sell
Williams %R
-72.146
Sell
CCI(14)
-75.8857
Sell
ATR(14)
0.0026
High Volatility
Highs/Lows(14)
-0.0009
Sell
Ultimate Oscillator
37.809
Sell
ROC
-0.557
Sell
Bull/Bear Power(13)
-0.0026
Sell
Buy: 0
Sell: 10
Neutral: 0


Summary:Strong Sell","Jun 17, 2021 07:19PM GMT"
usd_jpy,110.27 -0.42    -0.38%,15:19:38,2021-06-17 19:20:17.580227,"Prev. Close: 110.69
Bid/Ask: 110.26 / 110.28
Day's Range: 110.17 - 110.83",Strong Sell,"Summary:Strong Sell
Moving Averages:SellBuy (4)Sell (8)
Technical Indicators:Strong SellBuy (1)Sell (7)","Name
S3
S2
S1
Pivot Points
R1
R2
R3
Classic
110.15
110.17
110.21
110.23
110.27
110.29
110.32
Fibonacci
110.17
110.19
110.21
110.23
110.25
110.27
110.29
Camarilla
110.24
110.24
110.25
110.23
110.26
110.27
110.27
Woodie's
110.17
110.18
110.23
110.24
110.29
110.30
110.34
DeMark's
-
-
110.23
110.24
110.29
-
-","Technical IndicatorsJun 17, 2021 07:17PM GMT
Name
Value
Action
RSI(14)
41.923
Sell
STOCH(9,6)
15.312
Oversold
STOCHRSI(14)
13.331
Oversold
MACD(12,26)
-0.020
Sell
ADX(14)
36.026
Buy
Williams %R
-84.033
Oversold
CCI(14)
-85.1994
Sell
ATR(14)
0.1300
High Volatility
Highs/Lows(14)
-0.1504
Sell
Ultimate Oscillator
43.420
Sell
ROC
-0.343
Sell
Bull/Bear Power(13)
-0.2700
Sell
Buy: 1
Sell: 7
Neutral: 0


Summary:Strong Sell","Jun 17, 2021 07:17PM GMT"
aud_usd,0.7553 -0.0057    -0.75%,15:19:38,2021-06-17 19:20:17.583113,"Prev. Close: 0.7610
Bid/Ask: 0.7552 / 0.7554
Day's Range: 0.7540 - 0.7646",Strong Sell,"Summary:Strong Sell
Moving Averages:SellBuy (1)Sell (11)
Technical Indicators:Strong SellBuy (1)Sell (9)","Name
S3
S2
S1
Pivot Points
R1
R2
R3
Classic
0.7540
0.7546
0.7549
0.7555
0.7558
0.7564
0.7568
Fibonacci
0.7546
0.7549
0.7551
0.7555
0.7559
0.7561
0.7564
Camarilla
0.7549
0.7550
0.7551
0.7555
0.7552
0.7553
0.7554
Woodie's
0.7538
0.7545
0.7547
0.7554
0.7556
0.7563
0.7566
DeMark's
-
-
0.7547
0.7554
0.7556
-
-","Technical IndicatorsJun 17, 2021 07:19PM GMT
Name
Value
Action
RSI(14)
28.187
Sell
STOCH(9,6)
21.629
Sell
STOCHRSI(14)
69.919
Buy
MACD(12,26)
-0.003
Sell
ADX(14)
45.840
Sell
Williams %R
-84.700
Oversold
CCI(14)
-87.1692
Sell
ATR(14)
0.0018
Less Volatility
Highs/Lows(14)
-0.0015
Sell
Ultimate Oscillator
31.237
Sell
ROC
-1.009
Sell
Bull/Bear Power(13)
-0.0034
Sell
Buy: 1
Sell: 9
Neutral: 0


Summary:Strong Sell","Jun 17, 2021 07:19PM GMT"
eur_gbp,0.8550 -0.0023    -0.27%,15:19:41,2021-06-17 19:20:17.585933,"Prev. Close: 0.8573
Bid/Ask: 0.8548 / 0.8552
Day's Range: 0.8542 - 0.8580",Strong Sell,"Summary:Strong Sell
Moving Averages:Strong SellBuy (0)Sell (12)
Technical Indicators:Strong SellBuy (1)Sell (9)","Name
S3
S2
S1
Pivot Points
R1
R2
R3
Classic
0.8548
0.8551
0.8552
0.8555
0.8556
0.8559
0.8561
Fibonacci
0.8551
0.8552
0.8553
0.8555
0.8557
0.8558
0.8559
Camarilla
0.8553
0.8554
0.8554
0.8555
0.8555
0.8555
0.8556
Woodie's
0.8548
0.8551
0.8552
0.8555
0.8556
0.8559
0.8561
DeMark's
-
-
0.8552
0.8555
0.8556
-
-","Technical IndicatorsJun 17, 2021 07:19PM GMT
Name
Value
Action
RSI(14)
34.477
Sell
STOCH(9,6)
46.707
Neutral
STOCHRSI(14)
56.472
Buy
MACD(12,26)
-0.001
Sell
ADX(14)
35.456
Sell
Williams %R
-73.437
Sell
CCI(14)
-103.5123
Sell
ATR(14)
0.0011
High Volatility
Highs/Lows(14)
-0.0001
Sell
Ultimate Oscillator
45.633
Sell
ROC
-0.233
Sell
Bull/Bear Power(13)
-0.0015
Sell
Buy: 1
Sell: 9
Neutral: 1


Summary:Strong Sell","Jun 17, 2021 07:19PM GMT"
usd_cad,1.2355 +0.0078    +0.64%,15:19:37,2021-06-17 19:20:17.588881,"Prev. Close: 1.2276
Bid/Ask: 1.2354 / 1.2355
Day's Range: 1.2261 - 1.2378",Strong Buy,"Summary:Strong Buy
Moving Averages:Strong BuyBuy (11)Sell (1)
Technical Indicators:Strong BuyBuy (10)Sell (1)","Name
S3
S2
S1
Pivot Points
R1
R2
R3
Classic
1.2329
1.2334
1.2343
1.2349
1.2358
1.2364
1.2373
Fibonacci
1.2334
1.2340
1.2343
1.2349
1.2355
1.2358
1.2364
Camarilla
1.2348
1.2349
1.2351
1.2349
1.2353
1.2355
1.2356
Woodie's
1.2331
1.2335
1.2345
1.2350
1.2360
1.2365
1.2375
DeMark's
-
-
1.2345
1.2350
1.2360
-
-","Technical IndicatorsJun 17, 2021 07:19PM GMT
Name
Value
Action
RSI(14)
70.433
Buy
STOCH(9,6)
68.620
Buy
STOCHRSI(14)
32.810
Sell
MACD(12,26)
0.003
Buy
ADX(14)
36.372
Buy
Williams %R
-23.348
Buy
CCI(14)
97.1286
Buy
ATR(14)
0.0026
High Volatility
Highs/Lows(14)
0.0012
Buy
Ultimate Oscillator
69.080
Buy
ROC
0.681
Buy
Bull/Bear Power(13)
0.0040
Buy
Buy: 10
Sell: 1
Neutral: 0


Summary:Strong Buy","Jun 17, 2021 07:19PM GMT"
usd_chf,0.9177 +0.0092    +1.01%,15:19:42,2021-06-17 19:20:17.591730,"Prev. Close: 0.9085
Bid/Ask: 0.9176 / 0.9177
Day's Range: 0.9076 - 0.9188",Strong Buy,"Summary:Strong Buy
Moving Averages:Strong BuyBuy (11)Sell (1)
Technical Indicators:Strong BuyBuy (8)Sell (0)","Name
S3
S2
S1
Pivot Points
R1
R2
R3
Classic
0.9159
0.9162
0.9168
0.9171
0.9177
0.9180
0.9185
Fibonacci
0.9162
0.9166
0.9168
0.9171
0.9174
0.9176
0.9180
Camarilla
0.9171
0.9172
0.9173
0.9171
0.9174
0.9175
0.9176
Woodie's
0.9161
0.9163
0.9170
0.9172
0.9179
0.9181
0.9187
DeMark's
-
-
0.9169
0.9172
0.9178
-
-","Technical IndicatorsJun 17, 2021 07:19PM GMT
Name
Value
Action
RSI(14)
76.775
Overbought
STOCH(9,6)
78.903
Buy
STOCHRSI(14)
9.818
Oversold
MACD(12,26)
0.004
Buy
ADX(14)
38.566
Buy
Williams %R
-10.628
Overbought
CCI(14)
106.6589
Buy
ATR(14)
0.0018
High Volatility
Highs/Lows(14)
0.0018
Buy
Ultimate Oscillator
69.697
Buy
ROC
1.040
Buy
Bull/Bear Power(13)
0.0051
Buy
Buy: 8
Sell: 0
Neutral: 0


Summary:Strong Buy","Jun 17, 2021 07:19PM GMT"
nzd_chf,0.6430 +0.0026    +0.40%,15:19:42,2021-06-17 19:20:17.594539,"Prev. Close: 0.6404
Bid/Ask: 0.6426 / 0.6433
Day's Range: 0.6406 - 0.6453",Neutral,"Summary:Neutral
Moving Averages:BuyBuy (9)Sell (3)
Technical Indicators:SellBuy (2)Sell (3)","Name
S3
S2
S1
Pivot Points
R1
R2
R3
Classic
0.6419
0.6421
0.6425
0.6427
0.6430
0.6433
0.6436
Fibonacci
0.6421
0.6423
0.6425
0.6427
0.6429
0.6431
0.6433
Camarilla
0.6425
0.6425
0.6426
0.6427
0.6427
0.6428
0.6428
Woodie's
0.6419
0.6421
0.6425
0.6427
0.6430
0.6433
0.6436
DeMark's
-
-
0.6422
0.6426
0.6428
-
-","Technical IndicatorsJun 17, 2021 07:19PM GMT
Name
Value
Action
RSI(14)
52.580
Neutral
STOCH(9,6)
53.036
Neutral
STOCHRSI(14)
51.342
Neutral
MACD(12,26)
0.000
Buy
ADX(14)
26.838
Sell
Williams %R
-50.538
Neutral
CCI(14)
-8.8455
Neutral
ATR(14)
0.0012
Less Volatility
Highs/Lows(14)
0.0000
Neutral
Ultimate Oscillator
54.664
Buy
ROC
-0.140
Sell
Bull/Bear Power(13)
-0.0005
Sell
Buy: 2
Sell: 3
Neutral: 6


Summary:Sell","Jun 17, 2021 07:19PM GMT"
usd_cny,6.4484 +0.0515    +0.80%,11:27:22,2021-06-17 19:20:17.597304,"Prev. Close: 6.3969
Bid/Ask: 6.4477 / 6.4490
Day's Range: 6.3972 - 6.4494",Strong Buy,"Summary:Strong Buy
Moving Averages:BuyBuy (12)Sell (0)
Technical Indicators:Strong BuyBuy (7)Sell (0)","Name
S3
S2
S1
Pivot Points
R1
R2
R3
Classic
6.4380
6.4399
6.4436
6.4455
6.4492
6.4511
6.4548
Fibonacci
6.4399
6.4420
6.4434
6.4455
6.4476
6.4490
6.4511
Camarilla
6.4458
6.4463
6.4468
6.4455
6.4479
6.4484
6.4489
Woodie's
6.4390
6.4404
6.4446
6.4460
6.4502
6.4516
6.4558
DeMark's
-
-
6.4446
6.4460
6.4502
-
-","Technical IndicatorsJun 17, 2021 03:34PM GMT
Name
Value
Action
RSI(14)
85.433
Overbought
STOCH(9,6)
77.649
Buy
STOCHRSI(14)
100.000
Overbought
MACD(12,26)
0.011
Buy
ADX(14)
61.337
Buy
Williams %R
-3.426
Overbought
CCI(14)
151.8010
Buy
ATR(14)
0.0041
Less Volatility
Highs/Lows(14)
0.0141
Buy
Ultimate Oscillator
82.973
Overbought
ROC
0.391
Buy
Bull/Bear Power(13)
0.0286
Buy
Buy: 7
Sell: 0
Neutral: 0


Summary:Strong Buy","Jun 17, 2021 03:34PM GMT"
usd_hkd,7.7649 +0.0019    +0.02%,15:19:29,2021-06-17 19:20:17.600086,"Prev. Close: 7.7630
Bid/Ask: 7.7647 / 7.7650
Day's Range: 7.7625 - 7.7656",Strong Buy,"Summary:Strong Buy
Moving Averages:BuyBuy (12)Sell (0)
Technical Indicators:Strong BuyBuy (7)Sell (3)","Name
S3
S2
S1
Pivot Points
R1
R2
R3
Classic
7.7646
7.7646
7.7647
7.7648
7.7649
7.7650
7.7651
Fibonacci
7.7646
7.7647
7.7647
7.7648
7.7649
7.7649
7.7650
Camarilla
7.7648
7.7648
7.7648
7.7648
7.7649
7.7649
7.7649
Woodie's
7.7646
7.7646
7.7647
7.7648
7.7649
7.7650
7.7651
DeMark's
-
-
7.7648
7.7648
7.7650
-
-","Technical IndicatorsJun 17, 2021 07:17PM GMT
Name
Value
Action
RSI(14)
58.665
Buy
STOCH(9,6)
43.421
Sell
STOCHRSI(14)
38.355
Sell
MACD(12,26)
0.001
Buy
ADX(14)
45.619
Buy
Williams %R
-31.593
Buy
CCI(14)
79.7411
Buy
ATR(14)
0.0009
Less Volatility
Highs/Lows(14)
0.0000
Neutral
Ultimate Oscillator
46.866
Sell
ROC
0.003
Buy
Bull/Bear Power(13)
0.0017
Buy
Buy: 7
Sell: 3
Neutral: 1


Summary:Strong Buy","Jun 17, 2021 07:17PM GMT"
eur_usd,1.1907 -0.0087    -0.73%,15:20:51,2021-06-17 19:21:17.704086,"Prev. Close: 1.1994
Bid/Ask: 1.1905 / 1.1909
Day's Range: 1.1892 - 1.2007",Strong Sell,"Summary:Strong Sell
Moving Averages:Strong SellBuy (0)Sell (12)
Technical Indicators:Strong SellBuy (0)Sell (9)","Name
S3
S2
S1
Pivot Points
R1
R2
R3
Classic
1.1895
1.1903
1.1907
1.1915
1.1919
1.1927
1.1931
Fibonacci
1.1903
1.1908
1.1910
1.1915
1.1920
1.1922
1.1927
Camarilla
1.1908
1.1909
1.1910
1.1915
1.1912
1.1913
1.1914
Woodie's
1.1893
1.1902
1.1905
1.1914
1.1917
1.1926
1.1929
DeMark's
-
-
1.1905
1.1914
1.1917
-
-","Technical IndicatorsJun 17, 2021 07:19PM GMT
Name
Value
Action
RSI(14)
25.986
Sell
STOCH(9,6)
26.751
Sell
STOCHRSI(14)
85.743
Overbought
MACD(12,26)
-0.004
Sell
ADX(14)
37.982
Sell
Williams %R
-87.054
Oversold
CCI(14)
-112.3762
Sell
ATR(14)
0.0023
High Volatility
Highs/Lows(14)
-0.0018
Sell
Ultimate Oscillator
34.391
Sell
ROC
-0.796
Sell
Bull/Bear Power(13)
-0.0039
Sell
Buy: 0
Sell: 9
Neutral: 0


Summary:Strong Sell","Jun 17, 2021 07:19PM GMT"
gbp_usd,1.3926 -0.0061    -0.44%,15:20:44,2021-06-17 19:21:17.707757,"Prev. Close: 1.3987
Bid/Ask: 1.3924 / 1.3928
Day's Range: 1.3896 - 1.4010",Strong Sell,"Summary:Strong Sell
Moving Averages:SellBuy (2)Sell (10)
Technical Indicators:Strong SellBuy (0)Sell (10)","Name
S3
S2
S1
Pivot Points
R1
R2
R3
Classic
1.3906
1.3915
1.3918
1.3927
1.3931
1.3939
1.3943
Fibonacci
1.3915
1.3920
1.3922
1.3927
1.3932
1.3934
1.3939
Camarilla
1.3920
1.3921
1.3922
1.3927
1.3925
1.3926
1.3927
Woodie's
1.3904
1.3914
1.3916
1.3926
1.3929
1.3938
1.3941
DeMark's
-
-
1.3917
1.3926
1.3930
-
-","Technical IndicatorsJun 17, 2021 07:19PM GMT
Name
Value
Action
RSI(14)
36.134
Sell
STOCH(9,6)
30.236
Sell
STOCHRSI(14)
100.000
Overbought
MACD(12,26)
-0.003
Sell
ADX(14)
37.932
Sell
Williams %R
-72.146
Sell
CCI(14)
-75.8857
Sell
ATR(14)
0.0026
High Volatility
Highs/Lows(14)
-0.0009
Sell
Ultimate Oscillator
37.809
Sell
ROC
-0.557
Sell
Bull/Bear Power(13)
-0.0026
Sell
Buy: 0
Sell: 10
Neutral: 0


Summary:Strong Sell","Jun 17, 2021 07:19PM GMT"
usd_jpy,110.27 -0.42    -0.38%,15:20:36,2021-06-17 19:21:17.710806,"Prev. Close: 110.69
Bid/Ask: 110.26 / 110.28
Day's Range: 110.17 - 110.83",Strong Sell,"Summary:Strong Sell
Moving Averages:SellBuy (4)Sell (8)
Technical Indicators:Strong SellBuy (1)Sell (7)","Name
S3
S2
S1
Pivot Points
R1
R2
R3
Classic
110.15
110.17
110.21
110.23
110.27
110.29
110.32
Fibonacci
110.17
110.19
110.21
110.23
110.25
110.27
110.29
Camarilla
110.24
110.24
110.25
110.23
110.26
110.27
110.27
Woodie's
110.17
110.18
110.23
110.24
110.29
110.30
110.34
DeMark's
-
-
110.23
110.24
110.29
-
-","Technical IndicatorsJun 17, 2021 07:19PM GMT
Name
Value
Action
RSI(14)
42.233
Sell
STOCH(9,6)
15.454
Oversold
STOCHRSI(14)
14.460
Oversold
MACD(12,26)
-0.020
Sell
ADX(14)
36.026
Buy
Williams %R
-83.194
Oversold
CCI(14)
-84.6472
Sell
ATR(14)
0.1300
High Volatility
Highs/Lows(14)
-0.1454
Sell
Ultimate Oscillator
43.827
Sell
ROC
-0.339
Sell
Bull/Bear Power(13)
-0.2700
Sell
Buy: 1
Sell: 7
Neutral: 0


Summary:Strong Sell","Jun 17, 2021 07:19PM GMT"
aud_usd,0.7554 -0.0056    -0.74%,15:20:50,2021-06-17 19:21:17.713738,"Prev. Close: 0.7610
Bid/Ask: 0.7553 / 0.7554
Day's Range: 0.7540 - 0.7646",Strong Sell,"Summary:Strong Sell
Moving Averages:SellBuy (1)Sell (11)
Technical Indicators:Strong SellBuy (1)Sell (9)","Name
S3
S2
S1
Pivot Points
R1
R2
R3
Classic
0.7540
0.7546
0.7549
0.7555
0.7558
0.7564
0.7568
Fibonacci
0.7546
0.7549
0.7551
0.7555
0.7559
0.7561
0.7564
Camarilla
0.7549
0.7550
0.7551
0.7555
0.7552
0.7553
0.7554
Woodie's
0.7538
0.7545
0.7547
0.7554
0.7556
0.7563
0.7566
DeMark's
-
-
0.7547
0.7554
0.7556
-
-","Technical IndicatorsJun 17, 2021 07:19PM GMT
Name
Value
Action
RSI(14)
28.187
Sell
STOCH(9,6)
21.629
Sell
STOCHRSI(14)
69.919
Buy
MACD(12,26)
-0.003
Sell
ADX(14)
45.840
Sell
Williams %R
-84.700
Oversold
CCI(14)
-87.1692
Sell
ATR(14)
0.0018
Less Volatility
Highs/Lows(14)
-0.0015
Sell
Ultimate Oscillator
31.237
Sell
ROC
-1.009
Sell
Bull/Bear Power(13)
-0.0034
Sell
Buy: 1
Sell: 9
Neutral: 0


Summary:Strong Sell","Jun 17, 2021 07:19PM GMT"
eur_gbp,0.8550 -0.0024    -0.27%,15:20:57,2021-06-17 19:21:17.716609,"Prev. Close: 0.8573
Bid/Ask: 0.8547 / 0.8552
Day's Range: 0.8542 - 0.8580",Strong Sell,"Summary:Strong Sell
Moving Averages:Strong SellBuy (0)Sell (12)
Technical Indicators:Strong SellBuy (1)Sell (9)","Name
S3
S2
S1
Pivot Points
R1
R2
R3
Classic
0.8548
0.8551
0.8552
0.8555
0.8556
0.8559
0.8561
Fibonacci
0.8551
0.8552
0.8553
0.8555
0.8557
0.8558
0.8559
Camarilla
0.8553
0.8554
0.8554
0.8555
0.8555
0.8555
0.8556
Woodie's
0.8548
0.8551
0.8552
0.8555
0.8556
0.8559
0.8561
DeMark's
-
-
0.8552
0.8555
0.8556
-
-","Technical IndicatorsJun 17, 2021 07:21PM GMT
Name
Value
Action
RSI(14)
34.174
Sell
STOCH(9,6)
46.398
Neutral
STOCHRSI(14)
55.157
Buy
MACD(12,26)
-0.001
Sell
ADX(14)
35.456
Sell
Williams %R
-75.000
Sell
CCI(14)
-105.8616
Sell
ATR(14)
0.0011
High Volatility
Highs/Lows(14)
-0.0002
Sell
Ultimate Oscillator
45.101
Sell
ROC
-0.239
Sell
Bull/Bear Power(13)
-0.0015
Sell
Buy: 1
Sell: 9
Neutral: 1


Summary:Strong Sell","Jun 17, 2021 07:21PM GMT"
usd_cad,1.2354 +0.0078    +0.64%,15:20:46,2021-06-17 19:21:17.719458,"Prev. Close: 1.2276
Bid/Ask: 1.2352 / 1.2356
Day's Range: 1.2261 - 1.2378",Strong Buy,"Summary:Strong Buy
Moving Averages:Strong BuyBuy (11)Sell (1)
Technical Indicators:Strong BuyBuy (10)Sell (1)","Name
S3
S2
S1
Pivot Points
R1
R2
R3
Classic
1.2329
1.2334
1.2343
1.2349
1.2358
1.2364
1.2373
Fibonacci
1.2334
1.2340
1.2343
1.2349
1.2355
1.2358
1.2364
Camarilla
1.2348
1.2349
1.2351
1.2349
1.2353
1.2355
1.2356
Woodie's
1.2331
1.2335
1.2345
1.2350
1.2360
1.2365
1.2375
DeMark's
-
-
1.2345
1.2350
1.2360
-
-","Technical IndicatorsJun 17, 2021 07:19PM GMT
Name
Value
Action
RSI(14)
70.433
Buy
STOCH(9,6)
68.620
Buy
STOCHRSI(14)
32.810
Sell
MACD(12,26)
0.003
Buy
ADX(14)
36.372
Buy
Williams %R
-23.348
Buy
CCI(14)
97.1286
Buy
ATR(14)
0.0026
High Volatility
Highs/Lows(14)
0.0012
Buy
Ultimate Oscillator
69.080
Buy
ROC
0.681
Buy
Bull/Bear Power(13)
0.0040
Buy
Buy: 10
Sell: 1
Neutral: 0


Summary:Strong Buy","Jun 17, 2021 07:19PM GMT"
usd_chf,0.9178 +0.0093    +1.02%,15:20:54,2021-06-17 19:21:17.722291,"Prev. Close: 0.9085
Bid/Ask: 0.9176 / 0.9180
Day's Range: 0.9076 - 0.9188",Strong Buy,"Summary:Strong Buy
Moving Averages:Strong BuyBuy (11)Sell (1)
Technical Indicators:Strong BuyBuy (8)Sell (0)","Name
S3
S2
S1
Pivot Points
R1
R2
R3
Classic
0.9159
0.9162
0.9168
0.9171
0.9177
0.9180
0.9185
Fibonacci
0.9162
0.9166
0.9168
0.9171
0.9174
0.9176
0.9180
Camarilla
0.9171
0.9172
0.9173
0.9171
0.9174
0.9175
0.9176
Woodie's
0.9161
0.9163
0.9170
0.9172
0.9179
0.9181
0.9187
DeMark's
-
-
0.9169
0.9172
0.9178
-
-","Technical IndicatorsJun 17, 2021 07:19PM GMT
Name
Value
Action
RSI(14)
76.775
Overbought
STOCH(9,6)
78.903
Buy
STOCHRSI(14)
9.818
Oversold
MACD(12,26)
0.004
Buy
ADX(14)
38.566
Buy
Williams %R
-10.628
Overbought
CCI(14)
106.6589
Buy
ATR(14)
0.0018
High Volatility
Highs/Lows(14)
0.0018
Buy
Ultimate Oscillator
69.697
Buy
ROC
1.040
Buy
Bull/Bear Power(13)
0.0051
Buy
Buy: 8
Sell: 0
Neutral: 0


Summary:Strong Buy","Jun 17, 2021 07:19PM GMT"
nzd_chf,0.6431 +0.0027    +0.42%,15:20:55,2021-06-17 19:21:17.725148,"Prev. Close: 0.6404
Bid/Ask: 0.6429 / 0.6433
Day's Range: 0.6406 - 0.6453",Neutral,"Summary:Neutral
Moving Averages:BuyBuy (9)Sell (3)
Technical Indicators:SellBuy (2)Sell (3)","Name
S3
S2
S1
Pivot Points
R1
R2
R3
Classic
0.6419
0.6421
0.6425
0.6427
0.6430
0.6433
0.6436
Fibonacci
0.6421
0.6423
0.6425
0.6427
0.6429
0.6431
0.6433
Camarilla
0.6425
0.6425
0.6426
0.6427
0.6427
0.6428
0.6428
Woodie's
0.6419
0.6421
0.6425
0.6427
0.6430
0.6433
0.6436
DeMark's
-
-
0.6422
0.6426
0.6428
-
-","Technical IndicatorsJun 17, 2021 07:19PM GMT
Name
Value
Action
RSI(14)
52.580
Neutral
STOCH(9,6)
53.036
Neutral
STOCHRSI(14)
51.342
Neutral
MACD(12,26)
0.000
Buy
ADX(14)
26.838
Sell
Williams %R
-50.538
Neutral
CCI(14)
-8.8455
Neutral
ATR(14)
0.0012
Less Volatility
Highs/Lows(14)
0.0000
Neutral
Ultimate Oscillator
54.664
Buy
ROC
-0.140
Sell
Bull/Bear Power(13)
-0.0005
Sell
Buy: 2
Sell: 3
Neutral: 6


Summary:Sell","Jun 17, 2021 07:19PM GMT"
usd_cny,6.4484 +0.0515    +0.80%,11:27:22,2021-06-17 19:21:17.727974,"Prev. Close: 6.3969
Bid/Ask: 6.4477 / 6.4490
Day's Range: 6.3972 - 6.4494",Strong Buy,"Summary:Strong Buy
Moving Averages:BuyBuy (12)Sell (0)
Technical Indicators:Strong BuyBuy (7)Sell (0)","Name
S3
S2
S1
Pivot Points
R1
R2
R3
Classic
6.4380
6.4399
6.4436
6.4455
6.4492
6.4511
6.4548
Fibonacci
6.4399
6.4420
6.4434
6.4455
6.4476
6.4490
6.4511
Camarilla
6.4458
6.4463
6.4468
6.4455
6.4479
6.4484
6.4489
Woodie's
6.4390
6.4404
6.4446
6.4460
6.4502
6.4516
6.4558
DeMark's
-
-
6.4446
6.4460
6.4502
-
-","Technical IndicatorsJun 17, 2021 03:34PM GMT
Name
Value
Action
RSI(14)
85.433
Overbought
STOCH(9,6)
77.649
Buy
STOCHRSI(14)
100.000
Overbought
MACD(12,26)
0.011
Buy
ADX(14)
61.337
Buy
Williams %R
-3.426
Overbought
CCI(14)
151.8010
Buy
ATR(14)
0.0041
Less Volatility
Highs/Lows(14)
0.0141
Buy
Ultimate Oscillator
82.973
Overbought
ROC
0.391
Buy
Bull/Bear Power(13)
0.0286
Buy
Buy: 7
Sell: 0
Neutral: 0


Summary:Strong Buy","Jun 17, 2021 03:34PM GMT"
usd_hkd,7.7649 +0.0019    +0.02%,15:20:30,2021-06-17 19:21:17.730767,"Prev. Close: 7.7630
Bid/Ask: 7.7647 / 7.7650
Day's Range: 7.7625 - 7.7656",Strong Buy,"Summary:Strong Buy
Moving Averages:BuyBuy (12)Sell (0)
Technical Indicators:Strong BuyBuy (7)Sell (3)","Name
S3
S2
S1
Pivot Points
R1
R2
R3
Classic
7.7646
7.7646
7.7647
7.7648
7.7649
7.7650
7.7651
Fibonacci
7.7646
7.7647
7.7647
7.7648
7.7649
7.7649
7.7650
Camarilla
7.7648
7.7648
7.7648
7.7648
7.7649
7.7649
7.7649
Woodie's
7.7646
7.7646
7.7647
7.7648
7.7649
7.7650
7.7651
DeMark's
-
-
7.7648
7.7648
7.7650
-
-","Technical IndicatorsJun 17, 2021 07:19PM GMT
Name
Value
Action
RSI(14)
58.665
Buy
STOCH(9,6)
43.421
Sell
STOCHRSI(14)
38.355
Sell
MACD(12,26)
0.001
Buy
ADX(14)
45.619
Buy
Williams %R
-31.593
Buy
CCI(14)
79.7411
Buy
ATR(14)
0.0009
Less Volatility
Highs/Lows(14)
0.0000
Neutral
Ultimate Oscillator
46.866
Sell
ROC
0.003
Buy
Bull/Bear Power(13)
0.0017
Buy
Buy: 7
Sell: 3
Neutral: 1


Summary:Strong Buy","Jun 17, 2021 07:19PM GMT"
eur_usd,1.1908 -0.0086    -0.72%,15:21:34,2021-06-17 19:22:10.101016,"Prev. Close: 1.1994
Bid/Ask: 1.1907 / 1.1908
Day's Range: 1.1892 - 1.2007",Strong Sell,"Summary:Strong Sell
Moving Averages:Strong SellBuy (0)Sell (12)
Technical Indicators:Strong SellBuy (0)Sell (9)","Name
S3
S2
S1
Pivot Points
R1
R2
R3
Classic
1.1895
1.1903
1.1907
1.1915
1.1919
1.1927
1.1931
Fibonacci
1.1903
1.1908
1.1910
1.1915
1.1920
1.1922
1.1927
Camarilla
1.1908
1.1909
1.1910
1.1915
1.1912
1.1913
1.1914
Woodie's
1.1893
1.1902
1.1905
1.1914
1.1917
1.1926
1.1929
DeMark's
-
-
1.1905
1.1914
1.1917
-
-","Technical IndicatorsJun 17, 2021 07:21PM GMT
Name
Value
Action
RSI(14)
25.986
Sell
STOCH(9,6)
26.751
Sell
STOCHRSI(14)
85.743
Overbought
MACD(12,26)
-0.004
Sell
ADX(14)
38.031
Sell
Williams %R
-87.054
Oversold
CCI(14)
-112.8921
Sell
ATR(14)
0.0023
High Volatility
Highs/Lows(14)
-0.0018
Sell
Ultimate Oscillator
34.558
Sell
ROC
-0.796
Sell
Bull/Bear Power(13)
-0.0039
Sell
Buy: 0
Sell: 9
Neutral: 0


Summary:Strong Sell","Jun 17, 2021 07:21PM GMT"
gbp_usd,1.3926 -0.0061    -0.44%,15:21:29,2021-06-17 19:22:10.107456,"Prev. Close: 1.3987
Bid/Ask: 1.3924 / 1.3928
Day's Range: 1.3896 - 1.4010",Strong Sell,"Summary:Strong Sell
Moving Averages:SellBuy (2)Sell (10)
Technical Indicators:Strong SellBuy (0)Sell (10)","Name
S3
S2
S1
Pivot Points
R1
R2
R3
Classic
1.3906
1.3915
1.3918
1.3927
1.3931
1.3939
1.3943
Fibonacci
1.3915
1.3920
1.3922
1.3927
1.3932
1.3934
1.3939
Camarilla
1.3920
1.3921
1.3922
1.3927
1.3925
1.3926
1.3927
Woodie's
1.3904
1.3914
1.3916
1.3926
1.3929
1.3938
1.3941
DeMark's
-
-
1.3917
1.3926
1.3930
-
-","Technical IndicatorsJun 17, 2021 07:21PM GMT
Name
Value
Action
RSI(14)
35.958
Sell
STOCH(9,6)
30.111
Sell
STOCHRSI(14)
100.000
Overbought
MACD(12,26)
-0.003
Sell
ADX(14)
37.932
Sell
Williams %R
-72.602
Sell
CCI(14)
-76.3313
Sell
ATR(14)
0.0026
High Volatility
Highs/Lows(14)
-0.0010
Sell
Ultimate Oscillator
37.600
Sell
ROC
-0.561
Sell
Bull/Bear Power(13)
-0.0026
Sell
Buy: 0
Sell: 10
Neutral: 0


Summary:Strong Sell","Jun 17, 2021 07:21PM GMT"
usd_jpy,110.28 -0.41    -0.37%,15:21:41,2021-06-17 19:22:10.110573,"Prev. Close: 110.69
Bid/Ask: 110.26 / 110.29
Day's Range: 110.17 - 110.83",Strong Sell,"Summary:Strong Sell
Moving Averages:SellBuy (4)Sell (8)
Technical Indicators:Strong SellBuy (1)Sell (7)","Name
S3
S2
S1
Pivot Points
R1
R2
R3
Classic
110.15
110.17
110.21
110.23
110.27
110.29
110.32
Fibonacci
110.17
110.19
110.21
110.23
110.25
110.27
110.29
Camarilla
110.24
110.24
110.25
110.23
110.26
110.27
110.27
Woodie's
110.17
110.18
110.23
110.24
110.29
110.30
110.34
DeMark's
-
-
110.23
110.24
110.29
-
-","Technical IndicatorsJun 17, 2021 07:19PM GMT
Name
Value
Action
RSI(14)
42.233
Sell
STOCH(9,6)
15.454
Oversold
STOCHRSI(14)
14.460
Oversold
MACD(12,26)
-0.020
Sell
ADX(14)
36.026
Buy
Williams %R
-83.194
Oversold
CCI(14)
-84.6472
Sell
ATR(14)
0.1300
High Volatility
Highs/Lows(14)
-0.1454
Sell
Ultimate Oscillator
43.827
Sell
ROC
-0.339
Sell
Bull/Bear Power(13)
-0.2700
Sell
Buy: 1
Sell: 7
Neutral: 0


Summary:Strong Sell","Jun 17, 2021 07:19PM GMT"
aud_usd,0.7553 -0.0057    -0.76%,15:21:35,2021-06-17 19:22:10.113538,"Prev. Close: 0.7610
Bid/Ask: 0.7552 / 0.7553
Day's Range: 0.7540 - 0.7646",Strong Sell,"Summary:Strong Sell
Moving Averages:SellBuy (1)Sell (11)
Technical Indicators:Strong SellBuy (1)Sell (9)","Name
S3
S2
S1
Pivot Points
R1
R2
R3
Classic
0.7540
0.7546
0.7549
0.7555
0.7558
0.7564
0.7568
Fibonacci
0.7546
0.7549
0.7551
0.7555
0.7559
0.7561
0.7564
Camarilla
0.7549
0.7550
0.7551
0.7555
0.7552
0.7553
0.7554
Woodie's
0.7538
0.7545
0.7547
0.7554
0.7556
0.7563
0.7566
DeMark's
-
-
0.7547
0.7554
0.7556
-
-","Technical IndicatorsJun 17, 2021 07:19PM GMT
Name
Value
Action
RSI(14)
28.187
Sell
STOCH(9,6)
21.629
Sell
STOCHRSI(14)
69.919
Buy
MACD(12,26)
-0.003
Sell
ADX(14)
45.840
Sell
Williams %R
-84.700
Oversold
CCI(14)
-87.1692
Sell
ATR(14)
0.0018
Less Volatility
Highs/Lows(14)
-0.0015
Sell
Ultimate Oscillator
31.237
Sell
ROC
-1.009
Sell
Bull/Bear Power(13)
-0.0034
Sell
Buy: 1
Sell: 9
Neutral: 0


Summary:Strong Sell","Jun 17, 2021 07:19PM GMT"
eur_gbp,0.8551 -0.0022    -0.26%,15:21:30,2021-06-17 19:22:10.116428,"Prev. Close: 0.8573
Bid/Ask: 0.8548 / 0.8553
Day's Range: 0.8542 - 0.8580",Strong Sell,"Summary:Strong Sell
Moving Averages:Strong SellBuy (0)Sell (12)
Technical Indicators:Strong SellBuy (1)Sell (9)","Name
S3
S2
S1
Pivot Points
R1
R2
R3
Classic
0.8548
0.8551
0.8552
0.8555
0.8556
0.8559
0.8561
Fibonacci
0.8551
0.8552
0.8553
0.8555
0.8557
0.8558
0.8559
Camarilla
0.8553
0.8554
0.8554
0.8555
0.8555
0.8555
0.8556
Woodie's
0.8548
0.8551
0.8552
0.8555
0.8556
0.8559
0.8561
DeMark's
-
-
0.8552
0.8555
0.8556
-
-","Technical IndicatorsJun 17, 2021 07:21PM GMT
Name
Value
Action
RSI(14)
34.174
Sell
STOCH(9,6)
46.398
Neutral
STOCHRSI(14)
55.157
Buy
MACD(12,26)
-0.001
Sell
ADX(14)
35.456
Sell
Williams %R
-75.000
Sell
CCI(14)
-105.8616
Sell
ATR(14)
0.0011
High Volatility
Highs/Lows(14)
-0.0002
Sell
Ultimate Oscillator
45.101
Sell
ROC
-0.239
Sell
Bull/Bear Power(13)
-0.0015
Sell
Buy: 1
Sell: 9
Neutral: 1


Summary:Strong Sell","Jun 17, 2021 07:21PM GMT"
usd_cad,1.2351 +0.0075    +0.61%,15:21:41,2021-06-17 19:22:10.119265,"Prev. Close: 1.2276
Bid/Ask: 1.2349 / 1.2353
Day's Range: 1.2261 - 1.2378",Strong Buy,"Summary:Strong Buy
Moving Averages:Strong BuyBuy (11)Sell (1)
Technical Indicators:Strong BuyBuy (10)Sell (1)","Name
S3
S2
S1
Pivot Points
R1
R2
R3
Classic
1.2329
1.2334
1.2343
1.2349
1.2358
1.2364
1.2373
Fibonacci
1.2334
1.2340
1.2343
1.2349
1.2355
1.2358
1.2364
Camarilla
1.2348
1.2349
1.2351
1.2349
1.2353
1.2355
1.2356
Woodie's
1.2331
1.2335
1.2345
1.2350
1.2360
1.2365
1.2375
DeMark's
-
-
1.2345
1.2350
1.2360
-
-","Technical IndicatorsJun 17, 2021 07:19PM GMT
Name
Value
Action
RSI(14)
70.433
Buy
STOCH(9,6)
68.620
Buy
STOCHRSI(14)
32.810
Sell
MACD(12,26)
0.003
Buy
ADX(14)
36.372
Buy
Williams %R
-23.348
Buy
CCI(14)
97.1286
Buy
ATR(14)
0.0026
High Volatility
Highs/Lows(14)
0.0012
Buy
Ultimate Oscillator
69.080
Buy
ROC
0.681
Buy
Bull/Bear Power(13)
0.0040
Buy
Buy: 10
Sell: 1
Neutral: 0


Summary:Strong Buy","Jun 17, 2021 07:19PM GMT"
usd_chf,0.9177 +0.0092    +1.01%,15:21:42,2021-06-17 19:22:10.122312,"Prev. Close: 0.9085
Bid/Ask: 0.9176 / 0.9177
Day's Range: 0.9076 - 0.9188",Strong Buy,"Summary:Strong Buy
Moving Averages:Strong BuyBuy (11)Sell (1)
Technical Indicators:Strong BuyBuy (8)Sell (0)","Name
S3
S2
S1
Pivot Points
R1
R2
R3
Classic
0.9159
0.9162
0.9168
0.9171
0.9177
0.9180
0.9185
Fibonacci
0.9162
0.9166
0.9168
0.9171
0.9174
0.9176
0.9180
Camarilla
0.9171
0.9172
0.9173
0.9171
0.9174
0.9175
0.9176
Woodie's
0.9161
0.9163
0.9170
0.9172
0.9179
0.9181
0.9187
DeMark's
-
-
0.9169
0.9172
0.9178
-
-","Technical IndicatorsJun 17, 2021 07:19PM GMT
Name
Value
Action
RSI(14)
76.775
Overbought
STOCH(9,6)
78.903
Buy
STOCHRSI(14)
9.818
Oversold
MACD(12,26)
0.004
Buy
ADX(14)
38.566
Buy
Williams %R
-10.628
Overbought
CCI(14)
106.6589
Buy
ATR(14)
0.0018
High Volatility
Highs/Lows(14)
0.0018
Buy
Ultimate Oscillator
69.697
Buy
ROC
1.040
Buy
Bull/Bear Power(13)
0.0051
Buy
Buy: 8
Sell: 0
Neutral: 0


Summary:Strong Buy","Jun 17, 2021 07:19PM GMT"
nzd_chf,0.6429 +0.0024    +0.38%,15:21:38,2021-06-17 19:22:10.126228,"Prev. Close: 0.6404
Bid/Ask: 0.6425 / 0.6432
Day's Range: 0.6406 - 0.6453",Neutral,"Summary:Neutral
Moving Averages:BuyBuy (9)Sell (3)
Technical Indicators:SellBuy (2)Sell (3)","Name
S3
S2
S1
Pivot Points
R1
R2
R3
Classic
0.6419
0.6421
0.6425
0.6427
0.6430
0.6433
0.6436
Fibonacci
0.6421
0.6423
0.6425
0.6427
0.6429
0.6431
0.6433
Camarilla
0.6425
0.6425
0.6426
0.6427
0.6427
0.6428
0.6428
Woodie's
0.6419
0.6421
0.6425
0.6427
0.6430
0.6433
0.6436
DeMark's
-
-
0.6422
0.6426
0.6428
-
-","Technical IndicatorsJun 17, 2021 07:19PM GMT
Name
Value
Action
RSI(14)
52.580
Neutral
STOCH(9,6)
53.036
Neutral
STOCHRSI(14)
51.342
Neutral
MACD(12,26)
0.000
Buy
ADX(14)
26.838
Sell
Williams %R
-50.538
Neutral
CCI(14)
-8.8455
Neutral
ATR(14)
0.0012
Less Volatility
Highs/Lows(14)
0.0000
Neutral
Ultimate Oscillator
54.664
Buy
ROC
-0.140
Sell
Bull/Bear Power(13)
-0.0005
Sell
Buy: 2
Sell: 3
Neutral: 6


Summary:Sell","Jun 17, 2021 07:19PM GMT"
usd_cny,6.4484 +0.0515    +0.80%,11:27:22,2021-06-17 19:22:10.130134,"Prev. Close: 6.3969
Bid/Ask: 6.4477 / 6.4490
Day's Range: 6.3972 - 6.4494",Strong Buy,"Summary:Strong Buy
Moving Averages:BuyBuy (12)Sell (0)
Technical Indicators:Strong BuyBuy (7)Sell (0)","Name
S3
S2
S1
Pivot Points
R1
R2
R3
Classic
6.4380
6.4399
6.4436
6.4455
6.4492
6.4511
6.4548
Fibonacci
6.4399
6.4420
6.4434
6.4455
6.4476
6.4490
6.4511
Camarilla
6.4458
6.4463
6.4468
6.4455
6.4479
6.4484
6.4489
Woodie's
6.4390
6.4404
6.4446
6.4460
6.4502
6.4516
6.4558
DeMark's
-
-
6.4446
6.4460
6.4502
-
-","Technical IndicatorsJun 17, 2021 03:34PM GMT
Name
Value
Action
RSI(14)
85.433
Overbought
STOCH(9,6)
77.649
Buy
STOCHRSI(14)
100.000
Overbought
MACD(12,26)
0.011
Buy
ADX(14)
61.337
Buy
Williams %R
-3.426
Overbought
CCI(14)
151.8010
Buy
ATR(14)
0.0041
Less Volatility
Highs/Lows(14)
0.0141
Buy
Ultimate Oscillator
82.973
Overbought
ROC
0.391
Buy
Bull/Bear Power(13)
0.0286
Buy
Buy: 7
Sell: 0
Neutral: 0


Summary:Strong Buy","Jun 17, 2021 03:34PM GMT"
usd_hkd,7.7649 +0.0019    +0.02%,15:21:35,2021-06-17 19:22:10.133156,"Prev. Close: 7.7630
Bid/Ask: 7.7647 / 7.7650
Day's Range: 7.7625 - 7.7656",Strong Buy,"Summary:Strong Buy
Moving Averages:BuyBuy (12)Sell (0)
Technical Indicators:Strong BuyBuy (7)Sell (3)","Name
S3
S2
S1
Pivot Points
R1
R2
R3
Classic
7.7646
7.7646
7.7647
7.7648
7.7649
7.7650
7.7651
Fibonacci
7.7646
7.7647
7.7647
7.7648
7.7649
7.7649
7.7650
Camarilla
7.7648
7.7648
7.7648
7.7648
7.7649
7.7649
7.7649
Woodie's
7.7646
7.7646
7.7647
7.7648
7.7649
7.7650
7.7651
DeMark's
-
-
7.7648
7.7648
7.7650
-
-","Technical IndicatorsJun 17, 2021 07:19PM GMT
Name
Value
Action
RSI(14)
58.665
Buy
STOCH(9,6)
43.421
Sell
STOCHRSI(14)
38.355
Sell
MACD(12,26)
0.001
Buy
ADX(14)
45.619
Buy
Williams %R
-31.593
Buy
CCI(14)
79.7411
Buy
ATR(14)
0.0009
Less Volatility
Highs/Lows(14)
0.0000
Neutral
Ultimate Oscillator
46.866
Sell
ROC
0.003
Buy
Bull/Bear Power(13)
0.0017
Buy
Buy: 7
Sell: 3
Neutral: 1


Summary:Strong Buy","Jun 17, 2021 07:19PM GMT"
eur_usd,1.1906 -0.0088    -0.73%,15:22:50,2021-06-17 19:23:09.979441,"Prev. Close: 1.1994
Bid/Ask: 1.1904 / 1.1908
Day's Range: 1.1892 - 1.2007",Strong Sell,"Summary:Strong Sell
Moving Averages:Strong SellBuy (0)Sell (12)
Technical Indicators:Strong SellBuy (0)Sell (9)","Name
S3
S2
S1
Pivot Points
R1
R2
R3
Classic
1.1895
1.1903
1.1907
1.1915
1.1919
1.1927
1.1931
Fibonacci
1.1903
1.1908
1.1910
1.1915
1.1920
1.1922
1.1927
Camarilla
1.1908
1.1909
1.1910
1.1915
1.1912
1.1913
1.1914
Woodie's
1.1893
1.1902
1.1905
1.1914
1.1917
1.1926
1.1929
DeMark's
-
-
1.1905
1.1914
1.1917
-
-","Technical IndicatorsJun 17, 2021 07:21PM GMT
Name
Value
Action
RSI(14)
25.986
Sell
STOCH(9,6)
26.751
Sell
STOCHRSI(14)
85.743
Overbought
MACD(12,26)
-0.004
Sell
ADX(14)
38.031
Sell
Williams %R
-87.054
Oversold
CCI(14)
-112.8921
Sell
ATR(14)
0.0023
High Volatility
Highs/Lows(14)
-0.0018
Sell
Ultimate Oscillator
34.558
Sell
ROC
-0.796
Sell
Bull/Bear Power(13)
-0.0039
Sell
Buy: 0
Sell: 9
Neutral: 0


Summary:Strong Sell","Jun 17, 2021 07:21PM GMT"
gbp_usd,1.3926 -0.0062    -0.44%,15:22:44,2021-06-17 19:23:09.983122,"Prev. Close: 1.3987
Bid/Ask: 1.3925 / 1.3926
Day's Range: 1.3896 - 1.4010",Strong Sell,"Summary:Strong Sell
Moving Averages:SellBuy (2)Sell (10)
Technical Indicators:Strong SellBuy (0)Sell (10)","Name
S3
S2
S1
Pivot Points
R1
R2
R3
Classic
1.3906
1.3915
1.3918
1.3927
1.3931
1.3939
1.3943
Fibonacci
1.3915
1.3920
1.3922
1.3927
1.3932
1.3934
1.3939
Camarilla
1.3920
1.3921
1.3922
1.3927
1.3925
1.3926
1.3927
Woodie's
1.3904
1.3914
1.3916
1.3926
1.3929
1.3938
1.3941
DeMark's
-
-
1.3917
1.3926
1.3930
-
-","Technical IndicatorsJun 17, 2021 07:21PM GMT
Name
Value
Action
RSI(14)
35.958
Sell
STOCH(9,6)
30.111
Sell
STOCHRSI(14)
100.000
Overbought
MACD(12,26)
-0.003
Sell
ADX(14)
37.932
Sell
Williams %R
-72.602
Sell
CCI(14)
-76.3313
Sell
ATR(14)
0.0026
High Volatility
Highs/Lows(14)
-0.0010
Sell
Ultimate Oscillator
37.600
Sell
ROC
-0.561
Sell
Bull/Bear Power(13)
-0.0026
Sell
Buy: 0
Sell: 10
Neutral: 0


Summary:Strong Sell","Jun 17, 2021 07:21PM GMT"
usd_jpy,110.28 -0.41    -0.37%,15:22:39,2021-06-17 19:23:09.986113,"Prev. Close: 110.69
Bid/Ask: 110.27 / 110.28
Day's Range: 110.17 - 110.83",Strong Sell,"Summary:Strong Sell
Moving Averages:SellBuy (5)Sell (7)
Technical Indicators:Strong SellBuy (1)Sell (7)","Name
S3
S2
S1
Pivot Points
R1
R2
R3
Classic
110.15
110.17
110.21
110.23
110.27
110.29
110.32
Fibonacci
110.17
110.19
110.21
110.23
110.25
110.27
110.29
Camarilla
110.24
110.24
110.25
110.23
110.26
110.27
110.27
Woodie's
110.17
110.18
110.23
110.24
110.29
110.30
110.34
DeMark's
-
-
110.23
110.24
110.29
-
-","Technical IndicatorsJun 17, 2021 07:21PM GMT
Name
Value
Action
RSI(14)
42.540
Sell
STOCH(9,6)
15.597
Oversold
STOCHRSI(14)
15.579
Oversold
MACD(12,26)
-0.020
Sell
ADX(14)
36.026
Buy
Williams %R
-82.352
Oversold
CCI(14)
-84.0934
Sell
ATR(14)
0.1300
High Volatility
Highs/Lows(14)
-0.1404
Sell
Ultimate Oscillator
44.234
Sell
ROC
-0.334
Sell
Bull/Bear Power(13)
-0.2720
Sell
Buy: 1
Sell: 7
Neutral: 0


Summary:Strong Sell","Jun 17, 2021 07:21PM GMT"
aud_usd,0.7552 -0.0059    -0.77%,15:22:47,2021-06-17 19:23:09.988943,"Prev. Close: 0.7610
Bid/Ask: 0.7551 / 0.7552
Day's Range: 0.7540 - 0.7646",Strong Sell,"Summary:Strong Sell
Moving Averages:SellBuy (1)Sell (11)
Technical Indicators:Strong SellBuy (1)Sell (9)","Name
S3
S2
S1
Pivot Points
R1
R2
R3
Classic
0.7540
0.7546
0.7549
0.7555
0.7558
0.7564
0.7568
Fibonacci
0.7546
0.7549
0.7551
0.7555
0.7559
0.7561
0.7564
Camarilla
0.7549
0.7550
0.7551
0.7555
0.7552
0.7553
0.7554
Woodie's
0.7538
0.7545
0.7547
0.7554
0.7556
0.7563
0.7566
DeMark's
-
-
0.7547
0.7554
0.7556
-
-","Technical IndicatorsJun 17, 2021 07:21PM GMT
Name
Value
Action
RSI(14)
27.860
Sell
STOCH(9,6)
21.470
Sell
STOCHRSI(14)
67.645
Buy
MACD(12,26)
-0.003
Sell
ADX(14)
45.840
Sell
Williams %R
-85.246
Oversold
CCI(14)
-87.6260
Sell
ATR(14)
0.0018
Less Volatility
Highs/Lows(14)
-0.0015
Sell
Ultimate Oscillator
30.920
Sell
ROC
-1.016
Sell
Bull/Bear Power(13)
-0.0034
Sell
Buy: 1
Sell: 9
Neutral: 0


Summary:Strong Sell","Jun 17, 2021 07:21PM GMT"
eur_gbp,0.8551 -0.0022    -0.26%,15:22:31,2021-06-17 19:23:09.991743,"Prev. Close: 0.8573
Bid/Ask: 0.8549 / 0.8552
Day's Range: 0.8542 - 0.8580",Strong Sell,"Summary:Strong Sell
Moving Averages:Strong SellBuy (0)Sell (12)
Technical Indicators:Strong SellBuy (1)Sell (9)","Name
S3
S2
S1
Pivot Points
R1
R2
R3
Classic
0.8548
0.8551
0.8552
0.8555
0.8556
0.8559
0.8561
Fibonacci
0.8551
0.8552
0.8553
0.8555
0.8557
0.8558
0.8559
Camarilla
0.8553
0.8554
0.8554
0.8555
0.8555
0.8555
0.8556
Woodie's
0.8548
0.8551
0.8552
0.8555
0.8556
0.8559
0.8561
DeMark's
-
-
0.8552
0.8555
0.8556
-
-","Technical IndicatorsJun 17, 2021 07:21PM GMT
Name
Value
Action
RSI(14)
34.174
Sell
STOCH(9,6)
46.398
Neutral
STOCHRSI(14)
55.157
Buy
MACD(12,26)
-0.001
Sell
ADX(14)
35.456
Sell
Williams %R
-75.000
Sell
CCI(14)
-105.8616
Sell
ATR(14)
0.0011
High Volatility
Highs/Lows(14)
-0.0002
Sell
Ultimate Oscillator
45.101
Sell
ROC
-0.239
Sell
Bull/Bear Power(13)
-0.0015
Sell
Buy: 1
Sell: 9
Neutral: 1


Summary:Strong Sell","Jun 17, 2021 07:21PM GMT"
usd_cad,1.2355 +0.0079    +0.64%,15:22:47,2021-06-17 19:23:09.994525,"Prev. Close: 1.2276
Bid/Ask: 1.2353 / 1.2357
Day's Range: 1.2261 - 1.2378",Strong Buy,"Summary:Strong Buy
Moving Averages:BuyBuy (12)Sell (0)
Technical Indicators:Strong BuyBuy (9)Sell (1)","Name
S3
S2
S1
Pivot Points
R1
R2
R3
Classic
1.2329
1.2334
1.2343
1.2349
1.2358
1.2364
1.2373
Fibonacci
1.2334
1.2340
1.2343
1.2349
1.2355
1.2358
1.2364
Camarilla
1.2348
1.2349
1.2351
1.2349
1.2353
1.2355
1.2356
Woodie's
1.2331
1.2335
1.2345
1.2350
1.2360
1.2365
1.2375
DeMark's
-
-
1.2345
1.2350
1.2360
-
-","Technical IndicatorsJun 17, 2021 07:21PM GMT
Name
Value
Action
RSI(14)
71.498
Buy
STOCH(9,6)
69.327
Buy
STOCHRSI(14)
40.843
Sell
MACD(12,26)
0.003
Buy
ADX(14)
36.372
Buy
Williams %R
-20.264
Buy
CCI(14)
100.6508
Buy
ATR(14)
0.0026
High Volatility
Highs/Lows(14)
0.0016
Buy
Ultimate Oscillator
70.479
Overbought
ROC
0.709
Buy
Bull/Bear Power(13)
0.0040
Buy
Buy: 9
Sell: 1
Neutral: 0


Summary:Strong Buy","Jun 17, 2021 07:21PM GMT"
usd_chf,0.9176 +0.0091    +1.00%,15:22:37,2021-06-17 19:23:09.997308,"Prev. Close: 0.9085
Bid/Ask: 0.9174 / 0.9178
Day's Range: 0.9076 - 0.9188",Strong Buy,"Summary:Strong Buy
Moving Averages:Strong BuyBuy (11)Sell (1)
Technical Indicators:Strong BuyBuy (8)Sell (0)","Name
S3
S2
S1
Pivot Points
R1
R2
R3
Classic
0.9159
0.9162
0.9168
0.9171
0.9177
0.9180
0.9185
Fibonacci
0.9162
0.9166
0.9168
0.9171
0.9174
0.9176
0.9180
Camarilla
0.9171
0.9172
0.9173
0.9171
0.9174
0.9175
0.9176
Woodie's
0.9161
0.9163
0.9170
0.9172
0.9179
0.9181
0.9187
DeMark's
-
-
0.9169
0.9172
0.9178
-
-","Technical IndicatorsJun 17, 2021 07:21PM GMT
Name
Value
Action
RSI(14)
76.575
Overbought
STOCH(9,6)
78.595
Buy
STOCHRSI(14)
8.049
Oversold
MACD(12,26)
0.004
Buy
ADX(14)
38.566
Buy
Williams %R
-11.594
Overbought
CCI(14)
105.6444
Buy
ATR(14)
0.0018
High Volatility
Highs/Lows(14)
0.0017
Buy
Ultimate Oscillator
69.083
Buy
ROC
1.029
Buy
Bull/Bear Power(13)
0.0051
Buy
Buy: 8
Sell: 0
Neutral: 0


Summary:Strong Buy","Jun 17, 2021 07:21PM GMT"
nzd_chf,0.6428 +0.0024    +0.37%,15:22:52,2021-06-17 19:23:10.000085,"Prev. Close: 0.6404
Bid/Ask: 0.6426 / 0.6430
Day's Range: 0.6406 - 0.6453",Neutral,"Summary:Neutral
Moving Averages:BuyBuy (9)Sell (3)
Technical Indicators:NeutralBuy (3)Sell (3)","Name
S3
S2
S1
Pivot Points
R1
R2
R3
Classic
0.6419
0.6421
0.6425
0.6427
0.6430
0.6433
0.6436
Fibonacci
0.6421
0.6423
0.6425
0.6427
0.6429
0.6431
0.6433
Camarilla
0.6425
0.6425
0.6426
0.6427
0.6427
0.6428
0.6428
Woodie's
0.6419
0.6421
0.6425
0.6427
0.6430
0.6433
0.6436
DeMark's
-
-
0.6422
0.6426
0.6428
-
-","Technical IndicatorsJun 17, 2021 07:21PM GMT
Name
Value
Action
RSI(14)
53.581
Neutral
STOCH(9,6)
53.723
Neutral
STOCHRSI(14)
55.178
Buy
MACD(12,26)
0.000
Buy
ADX(14)
26.281
Sell
Williams %R
-47.312
Neutral
CCI(14)
-3.4808
Neutral
ATR(14)
0.0012
Less Volatility
Highs/Lows(14)
0.0000
Neutral
Ultimate Oscillator
55.870
Buy
ROC
-0.116
Sell
Bull/Bear Power(13)
-0.0004
Sell
Buy: 3
Sell: 3
Neutral: 5


Summary:Neutral","Jun 17, 2021 07:21PM GMT"
usd_cny,6.4484 +0.0515    +0.80%,11:27:22,2021-06-17 19:23:10.002851,"Prev. Close: 6.3969
Bid/Ask: 6.4477 / 6.4490
Day's Range: 6.3972 - 6.4494",Strong Buy,"Summary:Strong Buy
Moving Averages:BuyBuy (12)Sell (0)
Technical Indicators:Strong BuyBuy (7)Sell (0)","Name
S3
S2
S1
Pivot Points
R1
R2
R3
Classic
6.4380
6.4399
6.4436
6.4455
6.4492
6.4511
6.4548
Fibonacci
6.4399
6.4420
6.4434
6.4455
6.4476
6.4490
6.4511
Camarilla
6.4458
6.4463
6.4468
6.4455
6.4479
6.4484
6.4489
Woodie's
6.4390
6.4404
6.4446
6.4460
6.4502
6.4516
6.4558
DeMark's
-
-
6.4446
6.4460
6.4502
-
-","Technical IndicatorsJun 17, 2021 03:34PM GMT
Name
Value
Action
RSI(14)
85.433
Overbought
STOCH(9,6)
77.649
Buy
STOCHRSI(14)
100.000
Overbought
MACD(12,26)
0.011
Buy
ADX(14)
61.337
Buy
Williams %R
-3.426
Overbought
CCI(14)
151.8010
Buy
ATR(14)
0.0041
Less Volatility
Highs/Lows(14)
0.0141
Buy
Ultimate Oscillator
82.973
Overbought
ROC
0.391
Buy
Bull/Bear Power(13)
0.0286
Buy
Buy: 7
Sell: 0
Neutral: 0


Summary:Strong Buy","Jun 17, 2021 03:34PM GMT"
usd_hkd,7.7649 +0.0019    +0.02%,15:22:35,2021-06-17 19:23:10.005601,"Prev. Close: 7.7630
Bid/Ask: 7.7647 / 7.7650
Day's Range: 7.7625 - 7.7656",Strong Buy,"Summary:Strong Buy
Moving Averages:BuyBuy (12)Sell (0)
Technical Indicators:Strong BuyBuy (7)Sell (3)","Name
S3
S2
S1
Pivot Points
R1
R2
R3
Classic
7.7646
7.7646
7.7647
7.7648
7.7649
7.7650
7.7651
Fibonacci
7.7646
7.7647
7.7647
7.7648
7.7649
7.7649
7.7650
Camarilla
7.7648
7.7648
7.7648
7.7648
7.7649
7.7649
7.7649
Woodie's
7.7646
7.7646
7.7647
7.7648
7.7649
7.7650
7.7651
DeMark's
-
-
7.7648
7.7648
7.7650
-
-","Technical IndicatorsJun 17, 2021 07:21PM GMT
Name
Value
Action
RSI(14)
58.665
Buy
STOCH(9,6)
43.421
Sell
STOCHRSI(14)
38.355
Sell
MACD(12,26)
0.001
Buy
ADX(14)
45.619
Buy
Williams %R
-31.593
Buy
CCI(14)
79.7411
Buy
ATR(14)
0.0009
Less Volatility
Highs/Lows(14)
0.0000
Neutral
Ultimate Oscillator
46.866
Sell
ROC
0.003
Buy
Bull/Bear Power(13)
0.0017
Buy
Buy: 7
Sell: 3
Neutral: 1


Summary:Strong Buy","Jun 17, 2021 07:21PM GMT"
eur_usd,1.1907 -0.0087    -0.73%,15:23:39,2021-06-17 19:24:10.198010,"Prev. Close: 1.1994
Bid/Ask: 1.1905 / 1.1909
Day's Range: 1.1892 - 1.2007",Strong Sell,"Summary:Strong Sell
Moving Averages:Strong SellBuy (0)Sell (12)
Technical Indicators:Strong SellBuy (0)Sell (9)","Name
S3
S2
S1
Pivot Points
R1
R2
R3
Classic
1.1895
1.1903
1.1907
1.1915
1.1919
1.1927
1.1931
Fibonacci
1.1903
1.1908
1.1910
1.1915
1.1920
1.1922
1.1927
Camarilla
1.1908
1.1909
1.1910
1.1915
1.1912
1.1913
1.1914
Woodie's
1.1893
1.1902
1.1905
1.1914
1.1917
1.1926
1.1929
DeMark's
-
-
1.1905
1.1914
1.1917
-
-","Technical IndicatorsJun 17, 2021 07:23PM GMT
Name
Value
Action
RSI(14)
25.986
Sell
STOCH(9,6)
26.751
Sell
STOCHRSI(14)
85.743
Overbought
MACD(12,26)
-0.004
Sell
ADX(14)
38.031
Sell
Williams %R
-87.054
Oversold
CCI(14)
-112.8921
Sell
ATR(14)
0.0023
High Volatility
Highs/Lows(14)
-0.0018
Sell
Ultimate Oscillator
34.558
Sell
ROC
-0.796
Sell
Bull/Bear Power(13)
-0.0039
Sell
Buy: 0
Sell: 9
Neutral: 0


Summary:Strong Sell","Jun 17, 2021 07:23PM GMT"
gbp_usd,1.3925 -0.0063    -0.45%,15:23:36,2021-06-17 19:24:10.201586,"Prev. Close: 1.3987
Bid/Ask: 1.3924 / 1.3925
Day's Range: 1.3896 - 1.4010",Strong Sell,"Summary:Strong Sell
Moving Averages:SellBuy (2)Sell (10)
Technical Indicators:Strong SellBuy (0)Sell (10)","Name
S3
S2
S1
Pivot Points
R1
R2
R3
Classic
1.3906
1.3915
1.3918
1.3927
1.3931
1.3939
1.3943
Fibonacci
1.3915
1.3920
1.3922
1.3927
1.3932
1.3934
1.3939
Camarilla
1.3920
1.3921
1.3922
1.3927
1.3925
1.3926
1.3927
Woodie's
1.3904
1.3914
1.3916
1.3926
1.3929
1.3938
1.3941
DeMark's
-
-
1.3917
1.3926
1.3930
-
-","Technical IndicatorsJun 17, 2021 07:23PM GMT
Name
Value
Action
RSI(14)
35.243
Sell
STOCH(9,6)
29.610
Sell
STOCHRSI(14)
99.228
Overbought
MACD(12,26)
-0.003
Sell
ADX(14)
37.932
Sell
Williams %R
-74.429
Sell
CCI(14)
-78.1112
Sell
ATR(14)
0.0026
High Volatility
Highs/Lows(14)
-0.0012
Sell
Ultimate Oscillator
36.761
Sell
ROC
-0.575
Sell
Bull/Bear Power(13)
-0.0026
Sell
Buy: 0
Sell: 10
Neutral: 0


Summary:Strong Sell","Jun 17, 2021 07:23PM GMT"
usd_jpy,110.28 -0.41    -0.37%,15:23:39,2021-06-17 19:24:10.204546,"Prev. Close: 110.69
Bid/Ask: 110.26 / 110.29
Day's Range: 110.17 - 110.83",Strong Sell,"Summary:Strong Sell
Moving Averages:SellBuy (5)Sell (7)
Technical Indicators:Strong SellBuy (1)Sell (7)","Name
S3
S2
S1
Pivot Points
R1
R2
R3
Classic
110.15
110.17
110.21
110.23
110.27
110.29
110.32
Fibonacci
110.17
110.19
110.21
110.23
110.25
110.27
110.29
Camarilla
110.24
110.24
110.25
110.23
110.26
110.27
110.27
Woodie's
110.17
110.18
110.23
110.24
110.29
110.30
110.34
DeMark's
-
-
110.23
110.24
110.29
-
-","Technical IndicatorsJun 17, 2021 07:21PM GMT
Name
Value
Action
RSI(14)
42.540
Sell
STOCH(9,6)
15.597
Oversold
STOCHRSI(14)
15.579
Oversold
MACD(12,26)
-0.020
Sell
ADX(14)
36.026
Buy
Williams %R
-82.352
Oversold
CCI(14)
-84.0934
Sell
ATR(14)
0.1300
High Volatility
Highs/Lows(14)
-0.1404
Sell
Ultimate Oscillator
44.234
Sell
ROC
-0.334
Sell
Bull/Bear Power(13)
-0.2720
Sell
Buy: 1
Sell: 7
Neutral: 0


Summary:Strong Sell","Jun 17, 2021 07:21PM GMT"
aud_usd,0.7552 -0.0059    -0.77%,15:23:41,2021-06-17 19:24:10.207391,"Prev. Close: 0.7610
Bid/Ask: 0.7551 / 0.7552
Day's Range: 0.7540 - 0.7646",Strong Sell,"Summary:Strong Sell
Moving Averages:SellBuy (1)Sell (11)
Technical Indicators:Strong SellBuy (1)Sell (9)","Name
S3
S2
S1
Pivot Points
R1
R2
R3
Classic
0.7540
0.7546
0.7549
0.7555
0.7558
0.7564
0.7568
Fibonacci
0.7546
0.7549
0.7551
0.7555
0.7559
0.7561
0.7564
Camarilla
0.7549
0.7550
0.7551
0.7555
0.7552
0.7553
0.7554
Woodie's
0.7538
0.7545
0.7547
0.7554
0.7556
0.7563
0.7566
DeMark's
-
-
0.7547
0.7554
0.7556
-
-","Technical IndicatorsJun 17, 2021 07:21PM GMT
Name
Value
Action
RSI(14)
27.860
Sell
STOCH(9,6)
21.470
Sell
STOCHRSI(14)
67.645
Buy
MACD(12,26)
-0.003
Sell
ADX(14)
45.840
Sell
Williams %R
-85.246
Oversold
CCI(14)
-87.6260
Sell
ATR(14)
0.0018
Less Volatility
Highs/Lows(14)
-0.0015
Sell
Ultimate Oscillator
30.920
Sell
ROC
-1.016
Sell
Bull/Bear Power(13)
-0.0034
Sell
Buy: 1
Sell: 9
Neutral: 0


Summary:Strong Sell","Jun 17, 2021 07:21PM GMT"
eur_gbp,0.8551 -0.0022    -0.26%,15:23:41,2021-06-17 19:24:10.210175,"Prev. Close: 0.8573
Bid/Ask: 0.8549 / 0.8553
Day's Range: 0.8542 - 0.8580",Strong Sell,"Summary:Strong Sell
Moving Averages:Strong SellBuy (0)Sell (12)
Technical Indicators:Strong SellBuy (1)Sell (9)","Name
S3
S2
S1
Pivot Points
R1
R2
R3
Classic
0.8548
0.8551
0.8552
0.8555
0.8556
0.8559
0.8561
Fibonacci
0.8551
0.8552
0.8553
0.8555
0.8557
0.8558
0.8559
Camarilla
0.8553
0.8554
0.8554
0.8555
0.8555
0.8555
0.8556
Woodie's
0.8548
0.8551
0.8552
0.8555
0.8556
0.8559
0.8561
DeMark's
-
-
0.8552
0.8555
0.8556
-
-","Technical IndicatorsJun 17, 2021 07:23PM GMT
Name
Value
Action
RSI(14)
34.785
Sell
STOCH(9,6)
47.016
Neutral
STOCHRSI(14)
57.809
Buy
MACD(12,26)
-0.001
Sell
ADX(14)
35.456
Sell
Williams %R
-71.874
Sell
CCI(14)
-101.1497
Sell
ATR(14)
0.0011
High Volatility
Highs/Lows(14)
-0.0001
Sell
Ultimate Oscillator
46.165
Sell
ROC
-0.228
Sell
Bull/Bear Power(13)
-0.0015
Sell
Buy: 1
Sell: 9
Neutral: 1


Summary:Strong Sell","Jun 17, 2021 07:23PM GMT"
usd_cad,1.2355 +0.0078    +0.64%,15:23:41,2021-06-17 19:24:10.212970,"Prev. Close: 1.2276
Bid/Ask: 1.2354 / 1.2355
Day's Range: 1.2261 - 1.2378",Strong Buy,"Summary:Strong Buy
Moving Averages:BuyBuy (12)Sell (0)
Technical Indicators:Strong BuyBuy (9)Sell (1)","Name
S3
S2
S1
Pivot Points
R1
R2
R3
Classic
1.2329
1.2334
1.2343
1.2349
1.2358
1.2364
1.2373
Fibonacci
1.2334
1.2340
1.2343
1.2349
1.2355
1.2358
1.2364
Camarilla
1.2348
1.2349
1.2351
1.2349
1.2353
1.2355
1.2356
Woodie's
1.2331
1.2335
1.2345
1.2350
1.2360
1.2365
1.2375
DeMark's
-
-
1.2345
1.2350
1.2360
-
-","Technical IndicatorsJun 17, 2021 07:21PM GMT
Name
Value
Action
RSI(14)
71.498
Buy
STOCH(9,6)
69.327
Buy
STOCHRSI(14)
40.843
Sell
MACD(12,26)
0.003
Buy
ADX(14)
36.372
Buy
Williams %R
-20.264
Buy
CCI(14)
100.6508
Buy
ATR(14)
0.0026
High Volatility
Highs/Lows(14)
0.0016
Buy
Ultimate Oscillator
70.479
Overbought
ROC
0.709
Buy
Bull/Bear Power(13)
0.0040
Buy
Buy: 9
Sell: 1
Neutral: 0


Summary:Strong Buy","Jun 17, 2021 07:21PM GMT"
usd_chf,0.9177 +0.0092    +1.01%,15:23:42,2021-06-17 19:24:10.215749,"Prev. Close: 0.9085
Bid/Ask: 0.9176 / 0.9177
Day's Range: 0.9076 - 0.9188",Strong Buy,"Summary:Strong Buy
Moving Averages:Strong BuyBuy (11)Sell (1)
Technical Indicators:Strong BuyBuy (8)Sell (0)","Name
S3
S2
S1
Pivot Points
R1
R2
R3
Classic
0.9159
0.9162
0.9168
0.9171
0.9177
0.9180
0.9185
Fibonacci
0.9162
0.9166
0.9168
0.9171
0.9174
0.9176
0.9180
Camarilla
0.9171
0.9172
0.9173
0.9171
0.9174
0.9175
0.9176
Woodie's
0.9161
0.9163
0.9170
0.9172
0.9179
0.9181
0.9187
DeMark's
-
-
0.9169
0.9172
0.9178
-
-","Technical IndicatorsJun 17, 2021 07:21PM GMT
Name
Value
Action
RSI(14)
76.575
Overbought
STOCH(9,6)
78.595
Buy
STOCHRSI(14)
8.049
Oversold
MACD(12,26)
0.004
Buy
ADX(14)
38.566
Buy
Williams %R
-11.594
Overbought
CCI(14)
105.6444
Buy
ATR(14)
0.0018
High Volatility
Highs/Lows(14)
0.0017
Buy
Ultimate Oscillator
69.083
Buy
ROC
1.029
Buy
Bull/Bear Power(13)
0.0051
Buy
Buy: 8
Sell: 0
Neutral: 0


Summary:Strong Buy","Jun 17, 2021 07:21PM GMT"
nzd_chf,0.6428 +0.0024    +0.37%,15:23:40,2021-06-17 19:24:10.218512,"Prev. Close: 0.6404
Bid/Ask: 0.6426 / 0.6430
Day's Range: 0.6406 - 0.6453",Neutral,"Summary:Neutral
Moving Averages:BuyBuy (9)Sell (3)
Technical Indicators:SellBuy (2)Sell (3)","Name
S3
S2
S1
Pivot Points
R1
R2
R3
Classic
0.6419
0.6421
0.6425
0.6427
0.6430
0.6433
0.6436
Fibonacci
0.6421
0.6423
0.6425
0.6427
0.6429
0.6431
0.6433
Camarilla
0.6425
0.6425
0.6426
0.6427
0.6427
0.6428
0.6428
Woodie's
0.6419
0.6421
0.6425
0.6427
0.6430
0.6433
0.6436
DeMark's
-
-
0.6422
0.6426
0.6428
-
-","Technical IndicatorsJun 17, 2021 07:23PM GMT
Name
Value
Action
RSI(14)
52.237
Neutral
STOCH(9,6)
52.390
Neutral
STOCHRSI(14)
50.027
Neutral
MACD(12,26)
0.000
Buy
ADX(14)
26.281
Sell
Williams %R
-51.614
Neutral
CCI(14)
-8.8455
Neutral
ATR(14)
0.0012
Less Volatility
Highs/Lows(14)
0.0000
Neutral
Ultimate Oscillator
53.873
Buy
ROC
-0.148
Sell
Bull/Bear Power(13)
-0.0004
Sell
Buy: 2
Sell: 3
Neutral: 6


Summary:Sell","Jun 17, 2021 07:23PM GMT"
usd_cny,6.4484 +0.0515    +0.80%,11:27:22,2021-06-17 19:24:10.221249,"Prev. Close: 6.3969
Bid/Ask: 6.4477 / 6.4490
Day's Range: 6.3972 - 6.4494",Strong Buy,"Summary:Strong Buy
Moving Averages:BuyBuy (12)Sell (0)
Technical Indicators:Strong BuyBuy (7)Sell (0)","Name
S3
S2
S1
Pivot Points
R1
R2
R3
Classic
6.4380
6.4399
6.4436
6.4455
6.4492
6.4511
6.4548
Fibonacci
6.4399
6.4420
6.4434
6.4455
6.4476
6.4490
6.4511
Camarilla
6.4458
6.4463
6.4468
6.4455
6.4479
6.4484
6.4489
Woodie's
6.4390
6.4404
6.4446
6.4460
6.4502
6.4516
6.4558
DeMark's
-
-
6.4446
6.4460
6.4502
-
-","Technical IndicatorsJun 17, 2021 03:34PM GMT
Name
Value
Action
RSI(14)
85.433
Overbought
STOCH(9,6)
77.649
Buy
STOCHRSI(14)
100.000
Overbought
MACD(12,26)
0.011
Buy
ADX(14)
61.337
Buy
Williams %R
-3.426
Overbought
CCI(14)
151.8010
Buy
ATR(14)
0.0041
Less Volatility
Highs/Lows(14)
0.0141
Buy
Ultimate Oscillator
82.973
Overbought
ROC
0.391
Buy
Bull/Bear Power(13)
0.0286
Buy
Buy: 7
Sell: 0
Neutral: 0


Summary:Strong Buy","Jun 17, 2021 03:34PM GMT"
usd_hkd,7.7649 +0.0019    +0.02%,15:23:38,2021-06-17 19:24:10.224003,"Prev. Close: 7.7630
Bid/Ask: 7.7647 / 7.7650
Day's Range: 7.7625 - 7.7656",Strong Buy,"Summary:Strong Buy
Moving Averages:BuyBuy (12)Sell (0)
Technical Indicators:Strong BuyBuy (7)Sell (3)","Name
S3
S2
S1
Pivot Points
R1
R2
R3
Classic
7.7646
7.7646
7.7647
7.7648
7.7649
7.7650
7.7651
Fibonacci
7.7646
7.7647
7.7647
7.7648
7.7649
7.7649
7.7650
Camarilla
7.7648
7.7648
7.7648
7.7648
7.7649
7.7649
7.7649
Woodie's
7.7646
7.7646
7.7647
7.7648
7.7649
7.7650
7.7651
DeMark's
-
-
7.7648
7.7648
7.7650
-
-","Technical IndicatorsJun 17, 2021 07:21PM GMT
Name
Value
Action
RSI(14)
58.665
Buy
STOCH(9,6)
43.421
Sell
STOCHRSI(14)
38.355
Sell
MACD(12,26)
0.001
Buy
ADX(14)
45.619
Buy
Williams %R
-31.593
Buy
CCI(14)
79.7411
Buy
ATR(14)
0.0009
Less Volatility
Highs/Lows(14)
0.0000
Neutral
Ultimate Oscillator
46.866
Sell
ROC
0.003
Buy
Bull/Bear Power(13)
0.0017
Buy
Buy: 7
Sell: 3
Neutral: 1


Summary:Strong Buy","Jun 17, 2021 07:21PM GMT"
eur_usd,1.1908 -0.0086    -0.72%,15:24:55,2021-06-17 19:25:10.065545,"Prev. Close: 1.1994
Bid/Ask: 1.1907 / 1.1908
Day's Range: 1.1892 - 1.2007",Strong Sell,"Summary:Strong Sell
Moving Averages:Strong SellBuy (0)Sell (12)
Technical Indicators:Strong SellBuy (0)Sell (9)","Name
S3
S2
S1
Pivot Points
R1
R2
R3
Classic
1.1895
1.1903
1.1907
1.1915
1.1919
1.1927
1.1931
Fibonacci
1.1903
1.1908
1.1910
1.1915
1.1920
1.1922
1.1927
Camarilla
1.1908
1.1909
1.1910
1.1915
1.1912
1.1913
1.1914
Woodie's
1.1893
1.1902
1.1905
1.1914
1.1917
1.1926
1.1929
DeMark's
-
-
1.1905
1.1914
1.1917
-
-","Technical IndicatorsJun 17, 2021 07:23PM GMT
Name
Value
Action
RSI(14)
25.986
Sell
STOCH(9,6)
26.751
Sell
STOCHRSI(14)
85.743
Overbought
MACD(12,26)
-0.004
Sell
ADX(14)
38.031
Sell
Williams %R
-87.054
Oversold
CCI(14)
-112.8921
Sell
ATR(14)
0.0023
High Volatility
Highs/Lows(14)
-0.0018
Sell
Ultimate Oscillator
34.558
Sell
ROC
-0.796
Sell
Bull/Bear Power(13)
-0.0039
Sell
Buy: 0
Sell: 9
Neutral: 0


Summary:Strong Sell","Jun 17, 2021 07:23PM GMT"
gbp_usd,1.3926 -0.0062    -0.44%,15:24:45,2021-06-17 19:25:10.069148,"Prev. Close: 1.3987
Bid/Ask: 1.3923 / 1.3928
Day's Range: 1.3896 - 1.4010",Strong Sell,"Summary:Strong Sell
Moving Averages:SellBuy (2)Sell (10)
Technical Indicators:Strong SellBuy (0)Sell (10)","Name
S3
S2
S1
Pivot Points
R1
R2
R3
Classic
1.3906
1.3915
1.3918
1.3927
1.3931
1.3939
1.3943
Fibonacci
1.3915
1.3920
1.3922
1.3927
1.3932
1.3934
1.3939
Camarilla
1.3920
1.3921
1.3922
1.3927
1.3925
1.3926
1.3927
Woodie's
1.3904
1.3914
1.3916
1.3926
1.3929
1.3938
1.3941
DeMark's
-
-
1.3917
1.3926
1.3930
-
-","Technical IndicatorsJun 17, 2021 07:23PM GMT
Name
Value
Action
RSI(14)
35.243
Sell
STOCH(9,6)
29.610
Sell
STOCHRSI(14)
99.228
Overbought
MACD(12,26)
-0.003
Sell
ADX(14)
37.932
Sell
Williams %R
-74.429
Sell
CCI(14)
-78.1112
Sell
ATR(14)
0.0026
High Volatility
Highs/Lows(14)
-0.0012
Sell
Ultimate Oscillator
36.761
Sell
ROC
-0.575
Sell
Bull/Bear Power(13)
-0.0026
Sell
Buy: 0
Sell: 10
Neutral: 0


Summary:Strong Sell","Jun 17, 2021 07:23PM GMT"
usd_jpy,110.27 -0.42    -0.38%,15:24:34,2021-06-17 19:25:10.072091,"Prev. Close: 110.69
Bid/Ask: 110.25 / 110.28
Day's Range: 110.17 - 110.83",Strong Sell,"Summary:Strong Sell
Moving Averages:SellBuy (4)Sell (8)
Technical Indicators:Strong SellBuy (1)Sell (7)","Name
S3
S2
S1
Pivot Points
R1
R2
R3
Classic
110.15
110.17
110.21
110.23
110.27
110.29
110.32
Fibonacci
110.17
110.19
110.21
110.23
110.25
110.27
110.29
Camarilla
110.24
110.24
110.25
110.23
110.26
110.27
110.27
Woodie's
110.17
110.18
110.23
110.24
110.29
110.30
110.34
DeMark's
-
-
110.23
110.24
110.29
-
-","Technical IndicatorsJun 17, 2021 07:23PM GMT
Name
Value
Action
RSI(14)
42.233
Sell
STOCH(9,6)
15.454
Oversold
STOCHRSI(14)
14.460
Oversold
MACD(12,26)
-0.020
Sell
ADX(14)
36.026
Buy
Williams %R
-83.194
Oversold
CCI(14)
-84.6472
Sell
ATR(14)
0.1300
High Volatility
Highs/Lows(14)
-0.1454
Sell
Ultimate Oscillator
43.827
Sell
ROC
-0.339
Sell
Bull/Bear Power(13)
-0.2700
Sell
Buy: 1
Sell: 7
Neutral: 0


Summary:Strong Sell","Jun 17, 2021 07:23PM GMT"
aud_usd,0.7552 -0.0059    -0.77%,15:24:57,2021-06-17 19:25:10.074970,"Prev. Close: 0.7610
Bid/Ask: 0.7551 / 0.7552
Day's Range: 0.7540 - 0.7646",Strong Sell,"Summary:Strong Sell
Moving Averages:Strong SellBuy (0)Sell (12)
Technical Indicators:Strong SellBuy (1)Sell (8)","Name
S3
S2
S1
Pivot Points
R1
R2
R3
Classic
0.7540
0.7546
0.7549
0.7555
0.7558
0.7564
0.7568
Fibonacci
0.7546
0.7549
0.7551
0.7555
0.7559
0.7561
0.7564
Camarilla
0.7549
0.7550
0.7551
0.7555
0.7552
0.7553
0.7554
Woodie's
0.7538
0.7545
0.7547
0.7554
0.7556
0.7563
0.7566
DeMark's
-
-
0.7547
0.7554
0.7556
-
-","Technical IndicatorsJun 17, 2021 07:23PM GMT
Name
Value
Action
RSI(14)
26.741
Sell
STOCH(9,6)
20.835
Sell
STOCHRSI(14)
59.862
Buy
MACD(12,26)
-0.003
Sell
ADX(14)
45.840
Sell
Williams %R
-87.432
Oversold
CCI(14)
-89.4478
Sell
ATR(14)
0.0018
Less Volatility
Highs/Lows(14)
-0.0017
Sell
Ultimate Oscillator
29.651
Oversold
ROC
-1.042
Sell
Bull/Bear Power(13)
-0.0034
Sell
Buy: 1
Sell: 8
Neutral: 0


Summary:Strong Sell","Jun 17, 2021 07:23PM GMT"
eur_gbp,0.8551 -0.0022    -0.26%,15:24:55,2021-06-17 19:25:10.077751,"Prev. Close: 0.8573
Bid/Ask: 0.8548 / 0.8554
Day's Range: 0.8542 - 0.8580",Strong Sell,"Summary:Strong Sell
Moving Averages:Strong SellBuy (0)Sell (12)
Technical Indicators:Strong SellBuy (1)Sell (9)","Name
S3
S2
S1
Pivot Points
R1
R2
R3
Classic
0.8548
0.8551
0.8552
0.8555
0.8556
0.8559
0.8561
Fibonacci
0.8551
0.8552
0.8553
0.8555
0.8557
0.8558
0.8559
Camarilla
0.8553
0.8554
0.8554
0.8555
0.8555
0.8555
0.8556
Woodie's
0.8548
0.8551
0.8552
0.8555
0.8556
0.8559
0.8561
DeMark's
-
-
0.8552
0.8555
0.8556
-
-","Technical IndicatorsJun 17, 2021 07:23PM GMT
Name
Value
Action
RSI(14)
34.785
Sell
STOCH(9,6)
47.016
Neutral
STOCHRSI(14)
57.809
Buy
MACD(12,26)
-0.001
Sell
ADX(14)
35.456
Sell
Williams %R
-71.874
Sell
CCI(14)
-101.1497
Sell
ATR(14)
0.0011
High Volatility
Highs/Lows(14)
-0.0001
Sell
Ultimate Oscillator
46.165
Sell
ROC
-0.228
Sell
Bull/Bear Power(13)
-0.0015
Sell
Buy: 1
Sell: 9
Neutral: 1


Summary:Strong Sell","Jun 17, 2021 07:23PM GMT"
usd_cad,1.2352 +0.0076    +0.62%,15:24:51,2021-06-17 19:25:10.080523,"Prev. Close: 1.2276
Bid/Ask: 1.2350 / 1.2354
Day's Range: 1.2261 - 1.2378",Strong Buy,"Summary:Strong Buy
Moving Averages:BuyBuy (12)Sell (0)
Technical Indicators:Strong BuyBuy (8)Sell (1)","Name
S3
S2
S1
Pivot Points
R1
R2
R3
Classic
1.2329
1.2334
1.2343
1.2349
1.2358
1.2364
1.2373
Fibonacci
1.2334
1.2340
1.2343
1.2349
1.2355
1.2358
1.2364
Camarilla
1.2348
1.2349
1.2351
1.2349
1.2353
1.2355
1.2356
Woodie's
1.2331
1.2335
1.2345
1.2350
1.2360
1.2365
1.2375
DeMark's
-
-
1.2345
1.2350
1.2360
-
-","Technical IndicatorsJun 17, 2021 07:23PM GMT
Name
Value
Action
RSI(14)
71.707
Buy
STOCH(9,6)
69.529
Buy
STOCHRSI(14)
42.420
Sell
MACD(12,26)
0.003
Buy
ADX(14)
36.698
Buy
Williams %R
-19.383
Overbought
CCI(14)
103.1484
Buy
ATR(14)
0.0026
High Volatility
Highs/Lows(14)
0.0017
Buy
Ultimate Oscillator
70.462
Overbought
ROC
0.717
Buy
Bull/Bear Power(13)
0.0042
Buy
Buy: 8
Sell: 1
Neutral: 0


Summary:Strong Buy","Jun 17, 2021 07:23PM GMT"
usd_chf,0.9176 +0.0091    +1.00%,15:24:37,2021-06-17 19:25:10.083273,"Prev. Close: 0.9085
Bid/Ask: 0.9175 / 0.9176
Day's Range: 0.9076 - 0.9188",Strong Buy,"Summary:Strong Buy
Moving Averages:Strong BuyBuy (11)Sell (1)
Technical Indicators:Strong BuyBuy (8)Sell (0)","Name
S3
S2
S1
Pivot Points
R1
R2
R3
Classic
0.9159
0.9162
0.9168
0.9171
0.9177
0.9180
0.9185
Fibonacci
0.9162
0.9166
0.9168
0.9171
0.9174
0.9176
0.9180
Camarilla
0.9171
0.9172
0.9173
0.9171
0.9174
0.9175
0.9176
Woodie's
0.9161
0.9163
0.9170
0.9172
0.9179
0.9181
0.9187
DeMark's
-
-
0.9169
0.9172
0.9178
-
-","Technical IndicatorsJun 17, 2021 07:23PM GMT
Name
Value
Action
RSI(14)
76.575
Overbought
STOCH(9,6)
78.595
Buy
STOCHRSI(14)
8.049
Oversold
MACD(12,26)
0.004
Buy
ADX(14)
38.566
Buy
Williams %R
-11.594
Overbought
CCI(14)
105.6444
Buy
ATR(14)
0.0018
High Volatility
Highs/Lows(14)
0.0017
Buy
Ultimate Oscillator
69.083
Buy
ROC
1.029
Buy
Bull/Bear Power(13)
0.0051
Buy
Buy: 8
Sell: 0
Neutral: 0


Summary:Strong Buy","Jun 17, 2021 07:23PM GMT"
nzd_chf,0.6428 +0.0024    +0.37%,15:24:52,2021-06-17 19:25:10.085992,"Prev. Close: 0.6404
Bid/Ask: 0.6425 / 0.6431
Day's Range: 0.6406 - 0.6453",Neutral,"Summary:Neutral
Moving Averages:BuyBuy (9)Sell (3)
Technical Indicators:SellBuy (2)Sell (3)","Name
S3
S2
S1
Pivot Points
R1
R2
R3
Classic
0.6419
0.6421
0.6425
0.6427
0.6430
0.6433
0.6436
Fibonacci
0.6421
0.6423
0.6425
0.6427
0.6429
0.6431
0.6433
Camarilla
0.6425
0.6425
0.6426
0.6427
0.6427
0.6428
0.6428
Woodie's
0.6419
0.6421
0.6425
0.6427
0.6430
0.6433
0.6436
DeMark's
-
-
0.6422
0.6426
0.6428
-
-","Technical IndicatorsJun 17, 2021 07:23PM GMT
Name
Value
Action
RSI(14)
52.237
Neutral
STOCH(9,6)
52.390
Neutral
STOCHRSI(14)
50.027
Neutral
MACD(12,26)
0.000
Buy
ADX(14)
26.281
Sell
Williams %R
-51.614
Neutral
CCI(14)
-8.8455
Neutral
ATR(14)
0.0012
Less Volatility
Highs/Lows(14)
0.0000
Neutral
Ultimate Oscillator
53.873
Buy
ROC
-0.148
Sell
Bull/Bear Power(13)
-0.0004
Sell
Buy: 2
Sell: 3
Neutral: 6


Summary:Sell","Jun 17, 2021 07:23PM GMT"
usd_cny,6.4484 +0.0515    +0.80%,11:27:22,2021-06-17 19:25:10.088732,"Prev. Close: 6.3969
Bid/Ask: 6.4477 / 6.4490
Day's Range: 6.3972 - 6.4494",Strong Buy,"Summary:Strong Buy
Moving Averages:BuyBuy (12)Sell (0)
Technical Indicators:Strong BuyBuy (7)Sell (0)","Name
S3
S2
S1
Pivot Points
R1
R2
R3
Classic
6.4380
6.4399
6.4436
6.4455
6.4492
6.4511
6.4548
Fibonacci
6.4399
6.4420
6.4434
6.4455
6.4476
6.4490
6.4511
Camarilla
6.4458
6.4463
6.4468
6.4455
6.4479
6.4484
6.4489
Woodie's
6.4390
6.4404
6.4446
6.4460
6.4502
6.4516
6.4558
DeMark's
-
-
6.4446
6.4460
6.4502
-
-","Technical IndicatorsJun 17, 2021 03:34PM GMT
Name
Value
Action
RSI(14)
85.433
Overbought
STOCH(9,6)
77.649
Buy
STOCHRSI(14)
100.000
Overbought
MACD(12,26)
0.011
Buy
ADX(14)
61.337
Buy
Williams %R
-3.426
Overbought
CCI(14)
151.8010
Buy
ATR(14)
0.0041
Less Volatility
Highs/Lows(14)
0.0141
Buy
Ultimate Oscillator
82.973
Overbought
ROC
0.391
Buy
Bull/Bear Power(13)
0.0286
Buy
Buy: 7
Sell: 0
Neutral: 0


Summary:Strong Buy","Jun 17, 2021 03:34PM GMT"
usd_hkd,7.7649 +0.0019    +0.02%,15:24:42,2021-06-17 19:25:10.091489,"Prev. Close: 7.7630
Bid/Ask: 7.7647 / 7.7650
Day's Range: 7.7625 - 7.7656",Strong Buy,"Summary:Strong Buy
Moving Averages:BuyBuy (12)Sell (0)
Technical Indicators:Strong BuyBuy (7)Sell (3)","Name
S3
S2
S1
Pivot Points
R1
R2
R3
Classic
7.7646
7.7646
7.7647
7.7648
7.7649
7.7650
7.7651
Fibonacci
7.7646
7.7647
7.7647
7.7648
7.7649
7.7649
7.7650
Camarilla
7.7648
7.7648
7.7648
7.7648
7.7649
7.7649
7.7649
Woodie's
7.7646
7.7646
7.7647
7.7648
7.7649
7.7650
7.7651
DeMark's
-
-
7.7648
7.7648
7.7650
-
-","Technical IndicatorsJun 17, 2021 07:23PM GMT
Name
Value
Action
RSI(14)
58.665
Buy
STOCH(9,6)
43.421
Sell
STOCHRSI(14)
38.355
Sell
MACD(12,26)
0.001
Buy
ADX(14)
45.619
Buy
Williams %R
-31.593
Buy
CCI(14)
79.7411
Buy
ATR(14)
0.0009
Less Volatility
Highs/Lows(14)
0.0000
Neutral
Ultimate Oscillator
46.866
Sell
ROC
0.003
Buy
Bull/Bear Power(13)
0.0017
Buy
Buy: 7
Sell: 3
Neutral: 1


Summary:Strong Buy","Jun 17, 2021 07:23PM GMT"
eur_usd,1.1907 -0.0087    -0.73%,15:25:41,2021-06-17 19:26:09.900865,"Prev. Close: 1.1994
Bid/Ask: 1.1905 / 1.1909
Day's Range: 1.1892 - 1.2007",Strong Sell,"Summary:Strong Sell
Moving Averages:Strong SellBuy (0)Sell (12)
Technical Indicators:Strong SellBuy (0)Sell (9)","Name
S3
S2
S1
Pivot Points
R1
R2
R3
Classic
1.1895
1.1903
1.1907
1.1915
1.1919
1.1927
1.1931
Fibonacci
1.1903
1.1908
1.1910
1.1915
1.1920
1.1922
1.1927
Camarilla
1.1908
1.1909
1.1910
1.1915
1.1912
1.1913
1.1914
Woodie's
1.1893
1.1902
1.1905
1.1914
1.1917
1.1926
1.1929
DeMark's
-
-
1.1905
1.1914
1.1917
-
-","Technical IndicatorsJun 17, 2021 07:25PM GMT
Name
Value
Action
RSI(14)
26.170
Sell
STOCH(9,6)
27.033
Sell
STOCHRSI(14)
87.214
Overbought
MACD(12,26)
-0.004
Sell
ADX(14)
38.031
Sell
Williams %R
-86.161
Oversold
CCI(14)
-111.8585
Sell
ATR(14)
0.0023
High Volatility
Highs/Lows(14)
-0.0017
Sell
Ultimate Oscillator
35.070
Sell
ROC
-0.787
Sell
Bull/Bear Power(13)
-0.0039
Sell
Buy: 0
Sell: 9
Neutral: 0


Summary:Strong Sell","Jun 17, 2021 07:25PM GMT"
gbp_usd,1.3925 -0.0063    -0.45%,15:25:29,2021-06-17 19:26:09.904431,"Prev. Close: 1.3987
Bid/Ask: 1.3924 / 1.3925
Day's Range: 1.3896 - 1.4010",Strong Sell,"Summary:Strong Sell
Moving Averages:SellBuy (2)Sell (10)
Technical Indicators:Strong SellBuy (0)Sell (10)","Name
S3
S2
S1
Pivot Points
R1
R2
R3
Classic
1.3906
1.3915
1.3918
1.3927
1.3931
1.3939
1.3943
Fibonacci
1.3915
1.3920
1.3922
1.3927
1.3932
1.3934
1.3939
Camarilla
1.3920
1.3921
1.3922
1.3927
1.3925
1.3926
1.3927
Woodie's
1.3904
1.3914
1.3916
1.3926
1.3929
1.3938
1.3941
DeMark's
-
-
1.3917
1.3926
1.3930
-
-","Technical IndicatorsJun 17, 2021 07:25PM GMT
Name
Value
Action
RSI(14)
35.603
Sell
STOCH(9,6)
29.860
Sell
STOCHRSI(14)
100.000
Overbought
MACD(12,26)
-0.003
Sell
ADX(14)
37.932
Sell
Williams %R
-73.516
Sell
CCI(14)
-77.2222
Sell
ATR(14)
0.0026
High Volatility
Highs/Lows(14)
-0.0011
Sell
Ultimate Oscillator
37.180
Sell
ROC
-0.568
Sell
Bull/Bear Power(13)
-0.0026
Sell
Buy: 0
Sell: 10
Neutral: 0


Summary:Strong Sell","Jun 17, 2021 07:25PM GMT"
usd_jpy,110.28 -0.41    -0.37%,15:25:43,2021-06-17 19:26:09.907417,"Prev. Close: 110.69
Bid/Ask: 110.26 / 110.29
Day's Range: 110.17 - 110.83",Strong Sell,"Summary:Strong Sell
Moving Averages:SellBuy (4)Sell (8)
Technical Indicators:Strong SellBuy (1)Sell (7)","Name
S3
S2
S1
Pivot Points
R1
R2
R3
Classic
110.15
110.17
110.21
110.23
110.27
110.29
110.32
Fibonacci
110.17
110.19
110.21
110.23
110.25
110.27
110.29
Camarilla
110.24
110.24
110.25
110.23
110.26
110.27
110.27
Woodie's
110.17
110.18
110.23
110.24
110.29
110.30
110.34
DeMark's
-
-
110.23
110.24
110.29
-
-","Technical IndicatorsJun 17, 2021 07:23PM GMT
Name
Value
Action
RSI(14)
42.233
Sell
STOCH(9,6)
15.454
Oversold
STOCHRSI(14)
14.460
Oversold
MACD(12,26)
-0.020
Sell
ADX(14)
36.026
Buy
Williams %R
-83.194
Oversold
CCI(14)
-84.6472
Sell
ATR(14)
0.1300
High Volatility
Highs/Lows(14)
-0.1454
Sell
Ultimate Oscillator
43.827
Sell
ROC
-0.339
Sell
Bull/Bear Power(13)
-0.2700
Sell
Buy: 1
Sell: 7
Neutral: 0


Summary:Strong Sell","Jun 17, 2021 07:23PM GMT"
aud_usd,0.7552 -0.0059    -0.77%,15:25:43,2021-06-17 19:26:09.910238,"Prev. Close: 0.7610
Bid/Ask: 0.7551 / 0.7552
Day's Range: 0.7540 - 0.7646",Strong Sell,"Summary:Strong Sell
Moving Averages:Strong SellBuy (0)Sell (12)
Technical Indicators:Strong SellBuy (1)Sell (8)","Name
S3
S2
S1
Pivot Points
R1
R2
R3
Classic
0.7540
0.7546
0.7549
0.7555
0.7558
0.7564
0.7568
Fibonacci
0.7546
0.7549
0.7551
0.7555
0.7559
0.7561
0.7564
Camarilla
0.7549
0.7550
0.7551
0.7555
0.7552
0.7553
0.7554
Woodie's
0.7538
0.7545
0.7547
0.7554
0.7556
0.7563
0.7566
DeMark's
-
-
0.7547
0.7554
0.7556
-
-","Technical IndicatorsJun 17, 2021 07:23PM GMT
Name
Value
Action
RSI(14)
26.741
Sell
STOCH(9,6)
20.835
Sell
STOCHRSI(14)
59.862
Buy
MACD(12,26)
-0.003
Sell
ADX(14)
45.840
Sell
Williams %R
-87.432
Oversold
CCI(14)
-89.4478
Sell
ATR(14)
0.0018
Less Volatility
Highs/Lows(14)
-0.0017
Sell
Ultimate Oscillator
29.651
Oversold
ROC
-1.042
Sell
Bull/Bear Power(13)
-0.0034
Sell
Buy: 1
Sell: 8
Neutral: 0


Summary:Strong Sell","Jun 17, 2021 07:23PM GMT"
eur_gbp,0.8551 -0.0022    -0.26%,15:25:41,2021-06-17 19:26:09.913050,"Prev. Close: 0.8573
Bid/Ask: 0.8548 / 0.8553
Day's Range: 0.8542 - 0.8580",Strong Sell,"Summary:Strong Sell
Moving Averages:Strong SellBuy (0)Sell (12)
Technical Indicators:Strong SellBuy (1)Sell (9)","Name
S3
S2
S1
Pivot Points
R1
R2
R3
Classic
0.8548
0.8551
0.8552
0.8555
0.8556
0.8559
0.8561
Fibonacci
0.8551
0.8552
0.8553
0.8555
0.8557
0.8558
0.8559
Camarilla
0.8553
0.8554
0.8554
0.8555
0.8555
0.8555
0.8556
Woodie's
0.8548
0.8551
0.8552
0.8555
0.8556
0.8559
0.8561
DeMark's
-
-
0.8552
0.8555
0.8556
-
-","Technical IndicatorsJun 17, 2021 07:25PM GMT
Name
Value
Action
RSI(14)
34.785
Sell
STOCH(9,6)
47.016
Neutral
STOCHRSI(14)
57.809
Buy
MACD(12,26)
-0.001
Sell
ADX(14)
35.456
Sell
Williams %R
-71.874
Sell
CCI(14)
-101.1497
Sell
ATR(14)
0.0011
High Volatility
Highs/Lows(14)
-0.0001
Sell
Ultimate Oscillator
46.165
Sell
ROC
-0.228
Sell
Bull/Bear Power(13)
-0.0015
Sell
Buy: 1
Sell: 9
Neutral: 1


Summary:Strong Sell","Jun 17, 2021 07:25PM GMT"
usd_cad,1.2352 +0.0076    +0.62%,15:25:39,2021-06-17 19:26:09.915853,"Prev. Close: 1.2276
Bid/Ask: 1.2350 / 1.2354
Day's Range: 1.2261 - 1.2378",Strong Buy,"Summary:Strong Buy
Moving Averages:BuyBuy (12)Sell (0)
Technical Indicators:Strong BuyBuy (8)Sell (1)","Name
S3
S2
S1
Pivot Points
R1
R2
R3
Classic
1.2329
1.2334
1.2343
1.2349
1.2358
1.2364
1.2373
Fibonacci
1.2334
1.2340
1.2343
1.2349
1.2355
1.2358
1.2364
Camarilla
1.2348
1.2349
1.2351
1.2349
1.2353
1.2355
1.2356
Woodie's
1.2331
1.2335
1.2345
1.2350
1.2360
1.2365
1.2375
DeMark's
-
-
1.2345
1.2350
1.2360
-
-","Technical IndicatorsJun 17, 2021 07:23PM GMT
Name
Value
Action
RSI(14)
71.707
Buy
STOCH(9,6)
69.529
Buy
STOCHRSI(14)
42.420
Sell
MACD(12,26)
0.003
Buy
ADX(14)
36.698
Buy
Williams %R
-19.383
Overbought
CCI(14)
103.1484
Buy
ATR(14)
0.0026
High Volatility
Highs/Lows(14)
0.0017
Buy
Ultimate Oscillator
70.462
Overbought
ROC
0.717
Buy
Bull/Bear Power(13)
0.0042
Buy
Buy: 8
Sell: 1
Neutral: 0


Summary:Strong Buy","Jun 17, 2021 07:23PM GMT"
usd_chf,0.9176 +0.0091    +1.00%,15:25:42,2021-06-17 19:26:09.918628,"Prev. Close: 0.9085
Bid/Ask: 0.9174 / 0.9178
Day's Range: 0.9076 - 0.9188",Strong Buy,"Summary:Strong Buy
Moving Averages:Strong BuyBuy (11)Sell (1)
Technical Indicators:Strong BuyBuy (8)Sell (0)","Name
S3
S2
S1
Pivot Points
R1
R2
R3
Classic
0.9159
0.9162
0.9168
0.9171
0.9177
0.9180
0.9185
Fibonacci
0.9162
0.9166
0.9168
0.9171
0.9174
0.9176
0.9180
Camarilla
0.9171
0.9172
0.9173
0.9171
0.9174
0.9175
0.9176
Woodie's
0.9161
0.9163
0.9170
0.9172
0.9179
0.9181
0.9187
DeMark's
-
-
0.9169
0.9172
0.9178
-
-","Technical IndicatorsJun 17, 2021 07:23PM GMT
Name
Value
Action
RSI(14)
76.575
Overbought
STOCH(9,6)
78.595
Buy
STOCHRSI(14)
8.049
Oversold
MACD(12,26)
0.004
Buy
ADX(14)
38.566
Buy
Williams %R
-11.594
Overbought
CCI(14)
105.6444
Buy
ATR(14)
0.0018
High Volatility
Highs/Lows(14)
0.0017
Buy
Ultimate Oscillator
69.083
Buy
ROC
1.029
Buy
Bull/Bear Power(13)
0.0051
Buy
Buy: 8
Sell: 0
Neutral: 0


Summary:Strong Buy","Jun 17, 2021 07:23PM GMT"
nzd_chf,0.6428 +0.0024    +0.37%,15:25:42,2021-06-17 19:26:09.921370,"Prev. Close: 0.6404
Bid/Ask: 0.6427 / 0.6428
Day's Range: 0.6406 - 0.6453",Neutral,"Summary:Neutral
Moving Averages:BuyBuy (9)Sell (3)
Technical Indicators:SellBuy (2)Sell (3)","Name
S3
S2
S1
Pivot Points
R1
R2
R3
Classic
0.6419
0.6421
0.6425
0.6427
0.6430
0.6433
0.6436
Fibonacci
0.6421
0.6423
0.6425
0.6427
0.6429
0.6431
0.6433
Camarilla
0.6425
0.6425
0.6426
0.6427
0.6427
0.6428
0.6428
Woodie's
0.6419
0.6421
0.6425
0.6427
0.6430
0.6433
0.6436
DeMark's
-
-
0.6422
0.6426
0.6428
-
-","Technical IndicatorsJun 17, 2021 07:25PM GMT
Name
Value
Action
RSI(14)
51.888
Neutral
STOCH(9,6)
52.056
Neutral
STOCHRSI(14)
48.689
Neutral
MACD(12,26)
0.000
Buy
ADX(14)
26.281
Sell
Williams %R
-52.689
Neutral
CCI(14)
-10.1770
Neutral
ATR(14)
0.0012
Less Volatility
Highs/Lows(14)
0.0000
Neutral
Ultimate Oscillator
53.373
Buy
ROC
-0.155
Sell
Bull/Bear Power(13)
-0.0004
Sell
Buy: 2
Sell: 3
Neutral: 6


Summary:Sell","Jun 17, 2021 07:25PM GMT"
usd_cny,6.4484 +0.0515    +0.80%,11:27:22,2021-06-17 19:26:09.924147,"Prev. Close: 6.3969
Bid/Ask: 6.4477 / 6.4490
Day's Range: 6.3972 - 6.4494",Strong Buy,"Summary:Strong Buy
Moving Averages:BuyBuy (12)Sell (0)
Technical Indicators:Strong BuyBuy (7)Sell (0)","Name
S3
S2
S1
Pivot Points
R1
R2
R3
Classic
6.4380
6.4399
6.4436
6.4455
6.4492
6.4511
6.4548
Fibonacci
6.4399
6.4420
6.4434
6.4455
6.4476
6.4490
6.4511
Camarilla
6.4458
6.4463
6.4468
6.4455
6.4479
6.4484
6.4489
Woodie's
6.4390
6.4404
6.4446
6.4460
6.4502
6.4516
6.4558
DeMark's
-
-
6.4446
6.4460
6.4502
-
-","Technical IndicatorsJun 17, 2021 03:34PM GMT
Name
Value
Action
RSI(14)
85.433
Overbought
STOCH(9,6)
77.649
Buy
STOCHRSI(14)
100.000
Overbought
MACD(12,26)
0.011
Buy
ADX(14)
61.337
Buy
Williams %R
-3.426
Overbought
CCI(14)
151.8010
Buy
ATR(14)
0.0041
Less Volatility
Highs/Lows(14)
0.0141
Buy
Ultimate Oscillator
82.973
Overbought
ROC
0.391
Buy
Bull/Bear Power(13)
0.0286
Buy
Buy: 7
Sell: 0
Neutral: 0


Summary:Strong Buy","Jun 17, 2021 03:34PM GMT"
usd_hkd,7.7649 +0.0019    +0.02%,15:25:28,2021-06-17 19:26:09.926924,"Prev. Close: 7.7630
Bid/Ask: 7.7647 / 7.7650
Day's Range: 7.7625 - 7.7656",Strong Buy,"Summary:Strong Buy
Moving Averages:BuyBuy (12)Sell (0)
Technical Indicators:Strong BuyBuy (7)Sell (3)","Name
S3
S2
S1
Pivot Points
R1
R2
R3
Classic
7.7646
7.7646
7.7647
7.7648
7.7649
7.7650
7.7651
Fibonacci
7.7646
7.7647
7.7647
7.7648
7.7649
7.7649
7.7650
Camarilla
7.7648
7.7648
7.7648
7.7648
7.7649
7.7649
7.7649
Woodie's
7.7646
7.7646
7.7647
7.7648
7.7649
7.7650
7.7651
DeMark's
-
-
7.7648
7.7648
7.7650
-
-","Technical IndicatorsJun 17, 2021 07:25PM GMT
Name
Value
Action
RSI(14)
58.665
Buy
STOCH(9,6)
43.421
Sell
STOCHRSI(14)
38.355
Sell
MACD(12,26)
0.001
Buy
ADX(14)
45.619
Buy
Williams %R
-31.593
Buy
CCI(14)
79.7411
Buy
ATR(14)
0.0009
Less Volatility
Highs/Lows(14)
0.0000
Neutral
Ultimate Oscillator
46.866
Sell
ROC
0.003
Buy
Bull/Bear Power(13)
0.0017
Buy
Buy: 7
Sell: 3
Neutral: 1


Summary:Strong Buy","Jun 17, 2021 07:25PM GMT"
eur_usd,1.1908 -0.0086    -0.72%,15:26:44,2021-06-17 19:27:10.183895,"Prev. Close: 1.1994
Bid/Ask: 1.1906 / 1.1910
Day's Range: 1.1892 - 1.2007",Strong Sell,"Summary:Strong Sell
Moving Averages:Strong SellBuy (0)Sell (12)
Technical Indicators:Strong SellBuy (0)Sell (9)","Name
S3
S2
S1
Pivot Points
R1
R2
R3
Classic
1.1895
1.1903
1.1907
1.1915
1.1919
1.1927
1.1931
Fibonacci
1.1903
1.1908
1.1910
1.1915
1.1920
1.1922
1.1927
Camarilla
1.1908
1.1909
1.1910
1.1915
1.1912
1.1913
1.1914
Woodie's
1.1893
1.1902
1.1905
1.1914
1.1917
1.1926
1.1929
DeMark's
-
-
1.1905
1.1914
1.1917
-
-","Technical IndicatorsJun 17, 2021 07:25PM GMT
Name
Value
Action
RSI(14)
26.170
Sell
STOCH(9,6)
27.033
Sell
STOCHRSI(14)
87.214
Overbought
MACD(12,26)
-0.004
Sell
ADX(14)
38.031
Sell
Williams %R
-86.161
Oversold
CCI(14)
-111.8585
Sell
ATR(14)
0.0023
High Volatility
Highs/Lows(14)
-0.0017
Sell
Ultimate Oscillator
35.070
Sell
ROC
-0.787
Sell
Bull/Bear Power(13)
-0.0039
Sell
Buy: 0
Sell: 9
Neutral: 0


Summary:Strong Sell","Jun 17, 2021 07:25PM GMT"
gbp_usd,1.3926 -0.0062    -0.44%,15:26:45,2021-06-17 19:27:10.187506,"Prev. Close: 1.3987
Bid/Ask: 1.3925 / 1.3926
Day's Range: 1.3896 - 1.4010",Strong Sell,"Summary:Strong Sell
Moving Averages:SellBuy (2)Sell (10)
Technical Indicators:Strong SellBuy (0)Sell (10)","Name
S3
S2
S1
Pivot Points
R1
R2
R3
Classic
1.3906
1.3915
1.3918
1.3927
1.3931
1.3939
1.3943
Fibonacci
1.3915
1.3920
1.3922
1.3927
1.3932
1.3934
1.3939
Camarilla
1.3920
1.3921
1.3922
1.3927
1.3925
1.3926
1.3927
Woodie's
1.3904
1.3914
1.3916
1.3926
1.3929
1.3938
1.3941
DeMark's
-
-
1.3917
1.3926
1.3930
-
-","Technical IndicatorsJun 17, 2021 07:25PM GMT
Name
Value
Action
RSI(14)
35.603
Sell
STOCH(9,6)
29.860
Sell
STOCHRSI(14)
100.000
Overbought
MACD(12,26)
-0.003
Sell
ADX(14)
37.932
Sell
Williams %R
-73.516
Sell
CCI(14)
-77.2222
Sell
ATR(14)
0.0026
High Volatility
Highs/Lows(14)
-0.0011
Sell
Ultimate Oscillator
37.180
Sell
ROC
-0.568
Sell
Bull/Bear Power(13)
-0.0026
Sell
Buy: 0
Sell: 10
Neutral: 0


Summary:Strong Sell","Jun 17, 2021 07:25PM GMT"
usd_jpy,110.27 -0.42    -0.38%,15:26:38,2021-06-17 19:27:10.190505,"Prev. Close: 110.69
Bid/Ask: 110.26 / 110.27
Day's Range: 110.17 - 110.83",Strong Sell,"Summary:Strong Sell
Moving Averages:SellBuy (5)Sell (7)
Technical Indicators:Strong SellBuy (1)Sell (7)","Name
S3
S2
S1
Pivot Points
R1
R2
R3
Classic
110.15
110.17
110.21
110.23
110.27
110.29
110.32
Fibonacci
110.17
110.19
110.21
110.23
110.25
110.27
110.29
Camarilla
110.24
110.24
110.25
110.23
110.26
110.27
110.27
Woodie's
110.17
110.18
110.23
110.24
110.29
110.30
110.34
DeMark's
-
-
110.23
110.24
110.29
-
-","Technical IndicatorsJun 17, 2021 07:25PM GMT
Name
Value
Action
RSI(14)
42.540
Sell
STOCH(9,6)
15.597
Oversold
STOCHRSI(14)
15.579
Oversold
MACD(12,26)
-0.010
Sell
ADX(14)
36.026
Buy
Williams %R
-82.352
Oversold
CCI(14)
-84.0934
Sell
ATR(14)
0.1300
High Volatility
Highs/Lows(14)
-0.1404
Sell
Ultimate Oscillator
44.234
Sell
ROC
-0.334
Sell
Bull/Bear Power(13)
-0.2720
Sell
Buy: 1
Sell: 7
Neutral: 0


Summary:Strong Sell","Jun 17, 2021 07:25PM GMT"
aud_usd,0.7552 -0.0059    -0.77%,15:26:47,2021-06-17 19:27:10.193325,"Prev. Close: 0.7610
Bid/Ask: 0.7551 / 0.7552
Day's Range: 0.7540 - 0.7646",Strong Sell,"Summary:Strong Sell
Moving Averages:Strong SellBuy (0)Sell (12)
Technical Indicators:Strong SellBuy (1)Sell (8)","Name
S3
S2
S1
Pivot Points
R1
R2
R3
Classic
0.7540
0.7546
0.7549
0.7555
0.7558
0.7564
0.7568
Fibonacci
0.7546
0.7549
0.7551
0.7555
0.7559
0.7561
0.7564
Camarilla
0.7549
0.7550
0.7551
0.7555
0.7552
0.7553
0.7554
Woodie's
0.7538
0.7545
0.7547
0.7554
0.7556
0.7563
0.7566
DeMark's
-
-
0.7547
0.7554
0.7556
-
-","Technical IndicatorsJun 17, 2021 07:25PM GMT
Name
Value
Action
RSI(14)
26.864
Sell
STOCH(9,6)
20.994
Sell
STOCHRSI(14)
60.718
Buy
MACD(12,26)
-0.003
Sell
ADX(14)
45.840
Sell
Williams %R
-86.885
Oversold
CCI(14)
-88.9930
Sell
ATR(14)
0.0018
Less Volatility
Highs/Lows(14)
-0.0017
Sell
Ultimate Oscillator
29.969
Oversold
ROC
-1.035
Sell
Bull/Bear Power(13)
-0.0034
Sell
Buy: 1
Sell: 8
Neutral: 0


Summary:Strong Sell","Jun 17, 2021 07:25PM GMT"
eur_gbp,0.8551 -0.0022    -0.26%,15:26:36,2021-06-17 19:27:10.196126,"Prev. Close: 0.8573
Bid/Ask: 0.8549 / 0.8552
Day's Range: 0.8542 - 0.8580",Strong Sell,"Summary:Strong Sell
Moving Averages:Strong SellBuy (0)Sell (12)
Technical Indicators:Strong SellBuy (1)Sell (9)","Name
S3
S2
S1
Pivot Points
R1
R2
R3
Classic
0.8548
0.8551
0.8552
0.8555
0.8556
0.8559
0.8561
Fibonacci
0.8551
0.8552
0.8553
0.8555
0.8557
0.8558
0.8559
Camarilla
0.8553
0.8554
0.8554
0.8555
0.8555
0.8555
0.8556
Woodie's
0.8548
0.8551
0.8552
0.8555
0.8556
0.8559
0.8561
DeMark's
-
-
0.8552
0.8555
0.8556
-
-","Technical IndicatorsJun 17, 2021 07:25PM GMT
Name
Value
Action
RSI(14)
34.785
Sell
STOCH(9,6)
47.016
Neutral
STOCHRSI(14)
57.809
Buy
MACD(12,26)
-0.001
Sell
ADX(14)
35.456
Sell
Williams %R
-71.874
Sell
CCI(14)
-101.1497
Sell
ATR(14)
0.0011
High Volatility
Highs/Lows(14)
-0.0001
Sell
Ultimate Oscillator
46.165
Sell
ROC
-0.228
Sell
Bull/Bear Power(13)
-0.0015
Sell
Buy: 1
Sell: 9
Neutral: 1


Summary:Strong Sell","Jun 17, 2021 07:25PM GMT"
usd_cad,1.2355 +0.0079    +0.64%,15:26:48,2021-06-17 19:27:10.198922,"Prev. Close: 1.2276
Bid/Ask: 1.2353 / 1.2357
Day's Range: 1.2261 - 1.2378",Strong Buy,"Summary:Strong Buy
Moving Averages:BuyBuy (12)Sell (0)
Technical Indicators:Strong BuyBuy (8)Sell (1)","Name
S3
S2
S1
Pivot Points
R1
R2
R3
Classic
1.2329
1.2334
1.2343
1.2349
1.2358
1.2364
1.2373
Fibonacci
1.2334
1.2340
1.2343
1.2349
1.2355
1.2358
1.2364
Camarilla
1.2348
1.2349
1.2351
1.2349
1.2353
1.2355
1.2356
Woodie's
1.2331
1.2335
1.2345
1.2350
1.2360
1.2365
1.2375
DeMark's
-
-
1.2345
1.2350
1.2360
-
-","Technical IndicatorsJun 17, 2021 07:25PM GMT
Name
Value
Action
RSI(14)
71.707
Buy
STOCH(9,6)
69.529
Buy
STOCHRSI(14)
42.420
Sell
MACD(12,26)
0.003
Buy
ADX(14)
36.698
Buy
Williams %R
-19.383
Overbought
CCI(14)
103.1484
Buy
ATR(14)
0.0026
High Volatility
Highs/Lows(14)
0.0017
Buy
Ultimate Oscillator
70.462
Overbought
ROC
0.717
Buy
Bull/Bear Power(13)
0.0042
Buy
Buy: 8
Sell: 1
Neutral: 0


Summary:Strong Buy","Jun 17, 2021 07:25PM GMT"
usd_chf,0.9176 +0.0091    +1.00%,15:26:32,2021-06-17 19:27:10.201791,"Prev. Close: 0.9085
Bid/Ask: 0.9175 / 0.9176
Day's Range: 0.9076 - 0.9188",Strong Buy,"Summary:Strong Buy
Moving Averages:Strong BuyBuy (11)Sell (1)
Technical Indicators:Strong BuyBuy (8)Sell (0)","Name
S3
S2
S1
Pivot Points
R1
R2
R3
Classic
0.9159
0.9162
0.9168
0.9171
0.9177
0.9180
0.9185
Fibonacci
0.9162
0.9166
0.9168
0.9171
0.9174
0.9176
0.9180
Camarilla
0.9171
0.9172
0.9173
0.9171
0.9174
0.9175
0.9176
Woodie's
0.9161
0.9163
0.9170
0.9172
0.9179
0.9181
0.9187
DeMark's
-
-
0.9169
0.9172
0.9178
-
-","Technical IndicatorsJun 17, 2021 07:25PM GMT
Name
Value
Action
RSI(14)
76.474
Overbought
STOCH(9,6)
78.440
Buy
STOCHRSI(14)
7.155
Oversold
MACD(12,26)
0.004
Buy
ADX(14)
38.566
Buy
Williams %R
-12.077
Overbought
CCI(14)
105.1369
Buy
ATR(14)
0.0018
High Volatility
Highs/Lows(14)
0.0016
Buy
Ultimate Oscillator
68.776
Buy
ROC
1.024
Buy
Bull/Bear Power(13)
0.0051
Buy
Buy: 8
Sell: 0
Neutral: 0


Summary:Strong Buy","Jun 17, 2021 07:25PM GMT"
nzd_chf,0.6427 +0.0023    +0.36%,15:26:55,2021-06-17 19:27:10.204570,"Prev. Close: 0.6404
Bid/Ask: 0.6426 / 0.6428
Day's Range: 0.6406 - 0.6453",Neutral,"Summary:Neutral
Moving Averages:BuyBuy (9)Sell (3)
Technical Indicators:SellBuy (2)Sell (3)","Name
S3
S2
S1
Pivot Points
R1
R2
R3
Classic
0.6419
0.6421
0.6425
0.6427
0.6430
0.6433
0.6436
Fibonacci
0.6421
0.6423
0.6425
0.6427
0.6429
0.6431
0.6433
Camarilla
0.6425
0.6425
0.6426
0.6427
0.6427
0.6428
0.6428
Woodie's
0.6419
0.6421
0.6425
0.6427
0.6430
0.6433
0.6436
DeMark's
-
-
0.6422
0.6426
0.6428
-
-","Technical IndicatorsJun 17, 2021 07:25PM GMT
Name
Value
Action
RSI(14)
51.888
Neutral
STOCH(9,6)
52.056
Neutral
STOCHRSI(14)
48.689
Neutral
MACD(12,26)
0.000
Buy
ADX(14)
26.281
Sell
Williams %R
-52.689
Neutral
CCI(14)
-10.1770
Neutral
ATR(14)
0.0012
Less Volatility
Highs/Lows(14)
0.0000
Neutral
Ultimate Oscillator
53.373
Buy
ROC
-0.155
Sell
Bull/Bear Power(13)
-0.0004
Sell
Buy: 2
Sell: 3
Neutral: 6


Summary:Sell","Jun 17, 2021 07:25PM GMT"
usd_cny,6.4484 +0.0515    +0.80%,11:27:22,2021-06-17 19:27:10.207353,"Prev. Close: 6.3969
Bid/Ask: 6.4477 / 6.4490
Day's Range: 6.3972 - 6.4494",Strong Buy,"Summary:Strong Buy
Moving Averages:BuyBuy (12)Sell (0)
Technical Indicators:Strong BuyBuy (7)Sell (0)","Name
S3
S2
S1
Pivot Points
R1
R2
R3
Classic
6.4380
6.4399
6.4436
6.4455
6.4492
6.4511
6.4548
Fibonacci
6.4399
6.4420
6.4434
6.4455
6.4476
6.4490
6.4511
Camarilla
6.4458
6.4463
6.4468
6.4455
6.4479
6.4484
6.4489
Woodie's
6.4390
6.4404
6.4446
6.4460
6.4502
6.4516
6.4558
DeMark's
-
-
6.4446
6.4460
6.4502
-
-","Technical IndicatorsJun 17, 2021 03:34PM GMT
Name
Value
Action
RSI(14)
85.433
Overbought
STOCH(9,6)
77.649
Buy
STOCHRSI(14)
100.000
Overbought
MACD(12,26)
0.011
Buy
ADX(14)
61.337
Buy
Williams %R
-3.426
Overbought
CCI(14)
151.8010
Buy
ATR(14)
0.0041
Less Volatility
Highs/Lows(14)
0.0141
Buy
Ultimate Oscillator
82.973
Overbought
ROC
0.391
Buy
Bull/Bear Power(13)
0.0286
Buy
Buy: 7
Sell: 0
Neutral: 0


Summary:Strong Buy","Jun 17, 2021 03:34PM GMT"
usd_hkd,7.7649 +0.0019    +0.02%,15:26:51,2021-06-17 19:27:10.210102,"Prev. Close: 7.7630
Bid/Ask: 7.7647 / 7.7650
Day's Range: 7.7625 - 7.7656",Strong Buy,"Summary:Strong Buy
Moving Averages:BuyBuy (12)Sell (0)
Technical Indicators:Strong BuyBuy (7)Sell (3)","Name
S3
S2
S1
Pivot Points
R1
R2
R3
Classic
7.7646
7.7646
7.7647
7.7648
7.7649
7.7650
7.7651
Fibonacci
7.7646
7.7647
7.7647
7.7648
7.7649
7.7649
7.7650
Camarilla
7.7648
7.7648
7.7648
7.7648
7.7649
7.7649
7.7649
Woodie's
7.7646
7.7646
7.7647
7.7648
7.7649
7.7650
7.7651
DeMark's
-
-
7.7648
7.7648
7.7650
-
-","Technical IndicatorsJun 17, 2021 07:25PM GMT
Name
Value
Action
RSI(14)
58.665
Buy
STOCH(9,6)
43.421
Sell
STOCHRSI(14)
38.355
Sell
MACD(12,26)
0.001
Buy
ADX(14)
45.619
Buy
Williams %R
-31.593
Buy
CCI(14)
79.7411
Buy
ATR(14)
0.0009
Less Volatility
Highs/Lows(14)
0.0000
Neutral
Ultimate Oscillator
46.866
Sell
ROC
0.003
Buy
Bull/Bear Power(13)
0.0017
Buy
Buy: 7
Sell: 3
Neutral: 1


Summary:Strong Buy","Jun 17, 2021 07:25PM GMT"
eur_usd,1.1907 -0.0087    -0.73%,15:27:38,2021-06-17 19:28:10.058963,"Prev. Close: 1.1994
Bid/Ask: 1.1905 / 1.1909
Day's Range: 1.1892 - 1.2007",Strong Sell,"Summary:Strong Sell
Moving Averages:Strong SellBuy (0)Sell (12)
Technical Indicators:Strong SellBuy (0)Sell (9)","Name
S3
S2
S1
Pivot Points
R1
R2
R3
Classic
1.1895
1.1903
1.1907
1.1915
1.1919
1.1927
1.1931
Fibonacci
1.1903
1.1908
1.1910
1.1915
1.1920
1.1922
1.1927
Camarilla
1.1908
1.1909
1.1910
1.1915
1.1912
1.1913
1.1914
Woodie's
1.1893
1.1902
1.1905
1.1914
1.1917
1.1926
1.1929
DeMark's
-
-
1.1905
1.1914
1.1917
-
-","Technical IndicatorsJun 17, 2021 07:27PM GMT
Name
Value
Action
RSI(14)
26.078
Sell
STOCH(9,6)
26.892
Sell
STOCHRSI(14)
86.478
Overbought
MACD(12,26)
-0.004
Sell
ADX(14)
38.031
Sell
Williams %R
-86.607
Oversold
CCI(14)
-112.3750
Sell
ATR(14)
0.0023
High Volatility
Highs/Lows(14)
-0.0017
Sell
Ultimate Oscillator
34.814
Sell
ROC
-0.792
Sell
Bull/Bear Power(13)
-0.0039
Sell
Buy: 0
Sell: 9
Neutral: 0


Summary:Strong Sell","Jun 17, 2021 07:27PM GMT"
gbp_usd,1.3927 -0.0060    -0.43%,15:27:34,2021-06-17 19:28:10.062616,"Prev. Close: 1.3987
Bid/Ask: 1.3926 / 1.3927
Day's Range: 1.3896 - 1.4010",Strong Sell,"Summary:Strong Sell
Moving Averages:SellBuy (2)Sell (10)
Technical Indicators:Strong SellBuy (0)Sell (10)","Name
S3
S2
S1
Pivot Points
R1
R2
R3
Classic
1.3906
1.3915
1.3918
1.3927
1.3931
1.3939
1.3943
Fibonacci
1.3915
1.3920
1.3922
1.3927
1.3932
1.3934
1.3939
Camarilla
1.3920
1.3921
1.3922
1.3927
1.3925
1.3926
1.3927
Woodie's
1.3904
1.3914
1.3916
1.3926
1.3929
1.3938
1.3941
DeMark's
-
-
1.3917
1.3926
1.3930
-
-","Technical IndicatorsJun 17, 2021 07:27PM GMT
Name
Value
Action
RSI(14)
35.603
Sell
STOCH(9,6)
29.860
Sell
STOCHRSI(14)
100.000
Overbought
MACD(12,26)
-0.003
Sell
ADX(14)
37.932
Sell
Williams %R
-73.516
Sell
CCI(14)
-77.2222
Sell
ATR(14)
0.0026
High Volatility
Highs/Lows(14)
-0.0011
Sell
Ultimate Oscillator
37.180
Sell
ROC
-0.568
Sell
Bull/Bear Power(13)
-0.0026
Sell
Buy: 0
Sell: 10
Neutral: 0


Summary:Strong Sell","Jun 17, 2021 07:27PM GMT"
usd_jpy,110.28 -0.41    -0.37%,15:27:41,2021-06-17 19:28:10.065598,"Prev. Close: 110.69
Bid/Ask: 110.26 / 110.29
Day's Range: 110.17 - 110.83",Strong Sell,"Summary:Strong Sell
Moving Averages:SellBuy (5)Sell (7)
Technical Indicators:Strong SellBuy (1)Sell (7)","Name
S3
S2
S1
Pivot Points
R1
R2
R3
Classic
110.15
110.17
110.21
110.23
110.27
110.29
110.32
Fibonacci
110.17
110.19
110.21
110.23
110.25
110.27
110.29
Camarilla
110.24
110.24
110.25
110.23
110.26
110.27
110.27
Woodie's
110.17
110.18
110.23
110.24
110.29
110.30
110.34
DeMark's
-
-
110.23
110.24
110.29
-
-","Technical IndicatorsJun 17, 2021 07:27PM GMT
Name
Value
Action
RSI(14)
42.540
Sell
STOCH(9,6)
15.597
Oversold
STOCHRSI(14)
15.579
Oversold
MACD(12,26)
-0.010
Sell
ADX(14)
36.026
Buy
Williams %R
-82.352
Oversold
CCI(14)
-84.0934
Sell
ATR(14)
0.1300
High Volatility
Highs/Lows(14)
-0.1404
Sell
Ultimate Oscillator
44.234
Sell
ROC
-0.334
Sell
Bull/Bear Power(13)
-0.2720
Sell
Buy: 1
Sell: 7
Neutral: 0


Summary:Strong Sell","Jun 17, 2021 07:27PM GMT"
aud_usd,0.7552 -0.0058    -0.76%,15:27:34,2021-06-17 19:28:10.068454,"Prev. Close: 0.7610
Bid/Ask: 0.7551 / 0.7553
Day's Range: 0.7540 - 0.7646",Strong Sell,"Summary:Strong Sell
Moving Averages:Strong SellBuy (0)Sell (12)
Technical Indicators:Strong SellBuy (1)Sell (8)","Name
S3
S2
S1
Pivot Points
R1
R2
R3
Classic
0.7540
0.7546
0.7549
0.7555
0.7558
0.7564
0.7568
Fibonacci
0.7546
0.7549
0.7551
0.7555
0.7559
0.7561
0.7564
Camarilla
0.7549
0.7550
0.7551
0.7555
0.7552
0.7553
0.7554
Woodie's
0.7538
0.7545
0.7547
0.7554
0.7556
0.7563
0.7566
DeMark's
-
-
0.7547
0.7554
0.7556
-
-","Technical IndicatorsJun 17, 2021 07:27PM GMT
Name
Value
Action
RSI(14)
26.864
Sell
STOCH(9,6)
20.994
Sell
STOCHRSI(14)
60.718
Buy
MACD(12,26)
-0.003
Sell
ADX(14)
45.840
Sell
Williams %R
-86.885
Oversold
CCI(14)
-88.9930
Sell
ATR(14)
0.0018
Less Volatility
Highs/Lows(14)
-0.0017
Sell
Ultimate Oscillator
29.969
Oversold
ROC
-1.035
Sell
Bull/Bear Power(13)
-0.0034
Sell
Buy: 1
Sell: 8
Neutral: 0


Summary:Strong Sell","Jun 17, 2021 07:27PM GMT"
eur_gbp,0.8551 -0.0022    -0.26%,15:27:41,2021-06-17 19:28:10.071256,"Prev. Close: 0.8573
Bid/Ask: 0.8549 / 0.8552
Day's Range: 0.8542 - 0.8580",Strong Sell,"Summary:Strong Sell
Moving Averages:Strong SellBuy (0)Sell (12)
Technical Indicators:Strong SellBuy (1)Sell (9)","Name
S3
S2
S1
Pivot Points
R1
R2
R3
Classic
0.8548
0.8551
0.8552
0.8555
0.8556
0.8559
0.8561
Fibonacci
0.8551
0.8552
0.8553
0.8555
0.8557
0.8558
0.8559
Camarilla
0.8553
0.8554
0.8554
0.8555
0.8555
0.8555
0.8556
Woodie's
0.8548
0.8551
0.8552
0.8555
0.8556
0.8559
0.8561
DeMark's
-
-
0.8552
0.8555
0.8556
-
-","Technical IndicatorsJun 17, 2021 07:27PM GMT
Name
Value
Action
RSI(14)
35.099
Sell
STOCH(9,6)
47.324
Neutral
STOCHRSI(14)
59.171
Buy
MACD(12,26)
-0.001
Sell
ADX(14)
35.456
Sell
Williams %R
-70.313
Sell
CCI(14)
-98.7764
Sell
ATR(14)
0.0011
High Volatility
Highs/Lows(14)
-0.0000
Sell
Ultimate Oscillator
46.697
Sell
ROC
-0.222
Sell
Bull/Bear Power(13)
-0.0015
Sell
Buy: 1
Sell: 9
Neutral: 1


Summary:Strong Sell","Jun 17, 2021 07:27PM GMT"
usd_cad,1.2355 +0.0079    +0.64%,15:27:33,2021-06-17 19:28:10.074001,"Prev. Close: 1.2276
Bid/Ask: 1.2353 / 1.2357
Day's Range: 1.2261 - 1.2378",Strong Buy,"Summary:Strong Buy
Moving Averages:BuyBuy (12)Sell (0)
Technical Indicators:Strong BuyBuy (9)Sell (1)","Name
S3
S2
S1
Pivot Points
R1
R2
R3
Classic
1.2329
1.2334
1.2343
1.2349
1.2358
1.2364
1.2373
Fibonacci
1.2334
1.2340
1.2343
1.2349
1.2355
1.2358
1.2364
Camarilla
1.2348
1.2349
1.2351
1.2349
1.2353
1.2355
1.2356
Woodie's
1.2331
1.2335
1.2345
1.2350
1.2360
1.2365
1.2375
DeMark's
-
-
1.2345
1.2350
1.2360
-
-","Technical IndicatorsJun 17, 2021 07:27PM GMT
Name
Value
Action
RSI(14)
71.498
Buy
STOCH(9,6)
69.327
Buy
STOCHRSI(14)
40.843
Sell
MACD(12,26)
0.003
Buy
ADX(14)
36.698
Buy
Williams %R
-20.264
Buy
CCI(14)
102.1509
Buy
ATR(14)
0.0026
High Volatility
Highs/Lows(14)
0.0016
Buy
Ultimate Oscillator
70.065
Overbought
ROC
0.709
Buy
Bull/Bear Power(13)
0.0042
Buy
Buy: 9
Sell: 1
Neutral: 0


Summary:Strong Buy","Jun 17, 2021 07:27PM GMT"
usd_chf,0.9176 +0.0091    +1.00%,15:27:42,2021-06-17 19:28:10.076768,"Prev. Close: 0.9085
Bid/Ask: 0.9175 / 0.9176
Day's Range: 0.9076 - 0.9188",Strong Buy,"Summary:Strong Buy
Moving Averages:Strong BuyBuy (11)Sell (1)
Technical Indicators:Strong BuyBuy (8)Sell (0)","Name
S3
S2
S1
Pivot Points
R1
R2
R3
Classic
0.9159
0.9162
0.9168
0.9171
0.9177
0.9180
0.9185
Fibonacci
0.9162
0.9166
0.9168
0.9171
0.9174
0.9176
0.9180
Camarilla
0.9171
0.9172
0.9173
0.9171
0.9174
0.9175
0.9176
Woodie's
0.9161
0.9163
0.9170
0.9172
0.9179
0.9181
0.9187
DeMark's
-
-
0.9169
0.9172
0.9178
-
-","Technical IndicatorsJun 17, 2021 07:27PM GMT
Name
Value
Action
RSI(14)
76.474
Overbought
STOCH(9,6)
78.440
Buy
STOCHRSI(14)
7.155
Oversold
MACD(12,26)
0.004
Buy
ADX(14)
38.566
Buy
Williams %R
-12.077
Overbought
CCI(14)
105.1369
Buy
ATR(14)
0.0018
High Volatility
Highs/Lows(14)
0.0016
Buy
Ultimate Oscillator
68.776
Buy
ROC
1.024
Buy
Bull/Bear Power(13)
0.0051
Buy
Buy: 8
Sell: 0
Neutral: 0


Summary:Strong Buy","Jun 17, 2021 07:27PM GMT"
nzd_chf,0.6428 +0.0024    +0.37%,15:27:42,2021-06-17 19:28:10.079548,"Prev. Close: 0.6404
Bid/Ask: 0.6425 / 0.6431
Day's Range: 0.6406 - 0.6453",Neutral,"Summary:Neutral
Moving Averages:BuyBuy (9)Sell (3)
Technical Indicators:SellBuy (2)Sell (3)","Name
S3
S2
S1
Pivot Points
R1
R2
R3
Classic
0.6419
0.6421
0.6425
0.6427
0.6430
0.6433
0.6436
Fibonacci
0.6421
0.6423
0.6425
0.6427
0.6429
0.6431
0.6433
Camarilla
0.6425
0.6425
0.6426
0.6427
0.6427
0.6428
0.6428
Woodie's
0.6419
0.6421
0.6425
0.6427
0.6430
0.6433
0.6436
DeMark's
-
-
0.6422
0.6426
0.6428
-
-","Technical IndicatorsJun 17, 2021 07:27PM GMT
Name
Value
Action
RSI(14)
51.888
Neutral
STOCH(9,6)
52.056
Neutral
STOCHRSI(14)
48.689
Neutral
MACD(12,26)
0.000
Buy
ADX(14)
26.281
Sell
Williams %R
-52.689
Neutral
CCI(14)
-10.1770
Neutral
ATR(14)
0.0012
Less Volatility
Highs/Lows(14)
0.0000
Neutral
Ultimate Oscillator
53.373
Buy
ROC
-0.155
Sell
Bull/Bear Power(13)
-0.0004
Sell
Buy: 2
Sell: 3
Neutral: 6


Summary:Sell","Jun 17, 2021 07:27PM GMT"
usd_cny,6.4484 +0.0515    +0.80%,11:27:22,2021-06-17 19:28:10.082294,"Prev. Close: 6.3969
Bid/Ask: 6.4477 / 6.4490
Day's Range: 6.3972 - 6.4494",Strong Buy,"Summary:Strong Buy
Moving Averages:BuyBuy (12)Sell (0)
Technical Indicators:Strong BuyBuy (7)Sell (0)","Name
S3
S2
S1
Pivot Points
R1
R2
R3
Classic
6.4380
6.4399
6.4436
6.4455
6.4492
6.4511
6.4548
Fibonacci
6.4399
6.4420
6.4434
6.4455
6.4476
6.4490
6.4511
Camarilla
6.4458
6.4463
6.4468
6.4455
6.4479
6.4484
6.4489
Woodie's
6.4390
6.4404
6.4446
6.4460
6.4502
6.4516
6.4558
DeMark's
-
-
6.4446
6.4460
6.4502
-
-","Technical IndicatorsJun 17, 2021 03:34PM GMT
Name
Value
Action
RSI(14)
85.433
Overbought
STOCH(9,6)
77.649
Buy
STOCHRSI(14)
100.000
Overbought
MACD(12,26)
0.011
Buy
ADX(14)
61.337
Buy
Williams %R
-3.426
Overbought
CCI(14)
151.8010
Buy
ATR(14)
0.0041
Less Volatility
Highs/Lows(14)
0.0141
Buy
Ultimate Oscillator
82.973
Overbought
ROC
0.391
Buy
Bull/Bear Power(13)
0.0286
Buy
Buy: 7
Sell: 0
Neutral: 0


Summary:Strong Buy","Jun 17, 2021 03:34PM GMT"
usd_hkd,7.7649 +0.0019    +0.02%,15:27:35,2021-06-17 19:28:10.085061,"Prev. Close: 7.7630
Bid/Ask: 7.7647 / 7.7650
Day's Range: 7.7625 - 7.7656",Strong Buy,"Summary:Strong Buy
Moving Averages:BuyBuy (12)Sell (0)
Technical Indicators:Strong BuyBuy (7)Sell (3)","Name
S3
S2
S1
Pivot Points
R1
R2
R3
Classic
7.7646
7.7646
7.7647
7.7648
7.7649
7.7650
7.7651
Fibonacci
7.7646
7.7647
7.7647
7.7648
7.7649
7.7649
7.7650
Camarilla
7.7648
7.7648
7.7648
7.7648
7.7649
7.7649
7.7649
Woodie's
7.7646
7.7646
7.7647
7.7648
7.7649
7.7650
7.7651
DeMark's
-
-
7.7648
7.7648
7.7650
-
-","Technical IndicatorsJun 17, 2021 07:27PM GMT
Name
Value
Action
RSI(14)
58.665
Buy
STOCH(9,6)
43.421
Sell
STOCHRSI(14)
38.355
Sell
MACD(12,26)
0.001
Buy
ADX(14)
45.619
Buy
Williams %R
-31.593
Buy
CCI(14)
79.7411
Buy
ATR(14)
0.0009
Less Volatility
Highs/Lows(14)
0.0000
Neutral
Ultimate Oscillator
46.866
Sell
ROC
0.003
Buy
Bull/Bear Power(13)
0.0017
Buy
Buy: 7
Sell: 3
Neutral: 1


Summary:Strong Buy","Jun 17, 2021 07:27PM GMT"
eur_usd,1.1908 -0.0086    -0.72%,15:28:48,2021-06-17 19:29:09.949702,"Prev. Close: 1.1994
Bid/Ask: 1.1907 / 1.1908
Day's Range: 1.1892 - 1.2007",Strong Sell,"Summary:Strong Sell
Moving Averages:Strong SellBuy (0)Sell (12)
Technical Indicators:Strong SellBuy (0)Sell (9)","Name
S3
S2
S1
Pivot Points
R1
R2
R3
Classic
1.1895
1.1903
1.1907
1.1915
1.1919
1.1927
1.1931
Fibonacci
1.1903
1.1908
1.1910
1.1915
1.1920
1.1922
1.1927
Camarilla
1.1908
1.1909
1.1910
1.1915
1.1912
1.1913
1.1914
Woodie's
1.1893
1.1902
1.1905
1.1914
1.1917
1.1926
1.1929
DeMark's
-
-
1.1905
1.1914
1.1917
-
-","Technical IndicatorsJun 17, 2021 07:27PM GMT
Name
Value
Action
RSI(14)
26.078
Sell
STOCH(9,6)
26.892
Sell
STOCHRSI(14)
86.478
Overbought
MACD(12,26)
-0.004
Sell
ADX(14)
38.031
Sell
Williams %R
-86.607
Oversold
CCI(14)
-112.3750
Sell
ATR(14)
0.0023
High Volatility
Highs/Lows(14)
-0.0017
Sell
Ultimate Oscillator
34.814
Sell
ROC
-0.792
Sell
Bull/Bear Power(13)
-0.0039
Sell
Buy: 0
Sell: 9
Neutral: 0


Summary:Strong Sell","Jun 17, 2021 07:27PM GMT"
gbp_usd,1.3927 -0.0060    -0.43%,15:28:40,2021-06-17 19:29:09.953357,"Prev. Close: 1.3987
Bid/Ask: 1.3926 / 1.3927
Day's Range: 1.3896 - 1.4010",Strong Sell,"Summary:Strong Sell
Moving Averages:SellBuy (2)Sell (10)
Technical Indicators:Strong SellBuy (0)Sell (10)","Name
S3
S2
S1
Pivot Points
R1
R2
R3
Classic
1.3906
1.3915
1.3918
1.3927
1.3931
1.3939
1.3943
Fibonacci
1.3915
1.3920
1.3922
1.3927
1.3932
1.3934
1.3939
Camarilla
1.3920
1.3921
1.3922
1.3927
1.3925
1.3926
1.3927
Woodie's
1.3904
1.3914
1.3916
1.3926
1.3929
1.3938
1.3941
DeMark's
-
-
1.3917
1.3926
1.3930
-
-","Technical IndicatorsJun 17, 2021 07:27PM GMT
Name
Value
Action
RSI(14)
35.603
Sell
STOCH(9,6)
29.860
Sell
STOCHRSI(14)
100.000
Overbought
MACD(12,26)
-0.003
Sell
ADX(14)
37.932
Sell
Williams %R
-73.516
Sell
CCI(14)
-77.2222
Sell
ATR(14)
0.0026
High Volatility
Highs/Lows(14)
-0.0011
Sell
Ultimate Oscillator
37.180
Sell
ROC
-0.568
Sell
Bull/Bear Power(13)
-0.0026
Sell
Buy: 0
Sell: 10
Neutral: 0


Summary:Strong Sell","Jun 17, 2021 07:27PM GMT"
usd_jpy,110.27 -0.42    -0.38%,15:28:31,2021-06-17 19:29:09.956511,"Prev. Close: 110.69
Bid/Ask: 110.26 / 110.28
Day's Range: 110.17 - 110.83",Strong Sell,"Summary:Strong Sell
Moving Averages:SellBuy (5)Sell (7)
Technical Indicators:Strong SellBuy (1)Sell (7)","Name
S3
S2
S1
Pivot Points
R1
R2
R3
Classic
110.15
110.17
110.21
110.23
110.27
110.29
110.32
Fibonacci
110.17
110.19
110.21
110.23
110.25
110.27
110.29
Camarilla
110.24
110.24
110.25
110.23
110.26
110.27
110.27
Woodie's
110.17
110.18
110.23
110.24
110.29
110.30
110.34
DeMark's
-
-
110.23
110.24
110.29
-
-","Technical IndicatorsJun 17, 2021 07:27PM GMT
Name
Value
Action
RSI(14)
42.540
Sell
STOCH(9,6)
15.597
Oversold
STOCHRSI(14)
15.579
Oversold
MACD(12,26)
-0.010
Sell
ADX(14)
36.026
Buy
Williams %R
-82.352
Oversold
CCI(14)
-84.0934
Sell
ATR(14)
0.1300
High Volatility
Highs/Lows(14)
-0.1404
Sell
Ultimate Oscillator
44.234
Sell
ROC
-0.334
Sell
Bull/Bear Power(13)
-0.2720
Sell
Buy: 1
Sell: 7
Neutral: 0


Summary:Strong Sell","Jun 17, 2021 07:27PM GMT"
aud_usd,0.7552 -0.0058    -0.76%,15:28:52,2021-06-17 19:29:09.959558,"Prev. Close: 0.7610
Bid/Ask: 0.7551 / 0.7553
Day's Range: 0.7540 - 0.7646",Strong Sell,"Summary:Strong Sell
Moving Averages:Strong SellBuy (0)Sell (12)
Technical Indicators:Strong SellBuy (1)Sell (8)","Name
S3
S2
S1
Pivot Points
R1
R2
R3
Classic
0.7540
0.7546
0.7549
0.7555
0.7558
0.7564
0.7568
Fibonacci
0.7546
0.7549
0.7551
0.7555
0.7559
0.7561
0.7564
Camarilla
0.7549
0.7550
0.7551
0.7555
0.7552
0.7553
0.7554
Woodie's
0.7538
0.7545
0.7547
0.7554
0.7556
0.7563
0.7566
DeMark's
-
-
0.7547
0.7554
0.7556
-
-","Technical IndicatorsJun 17, 2021 07:27PM GMT
Name
Value
Action
RSI(14)
26.864
Sell
STOCH(9,6)
20.994
Sell
STOCHRSI(14)
60.718
Buy
MACD(12,26)
-0.003
Sell
ADX(14)
45.840
Sell
Williams %R
-86.885
Oversold
CCI(14)
-88.9930
Sell
ATR(14)
0.0018
Less Volatility
Highs/Lows(14)
-0.0017
Sell
Ultimate Oscillator
29.969
Oversold
ROC
-1.035
Sell
Bull/Bear Power(13)
-0.0034
Sell
Buy: 1
Sell: 8
Neutral: 0


Summary:Strong Sell","Jun 17, 2021 07:27PM GMT"
eur_gbp,0.8551 -0.0022    -0.26%,15:28:36,2021-06-17 19:29:09.962501,"Prev. Close: 0.8573
Bid/Ask: 0.8548 / 0.8553
Day's Range: 0.8542 - 0.8580",Strong Sell,"Summary:Strong Sell
Moving Averages:Strong SellBuy (0)Sell (12)
Technical Indicators:Strong SellBuy (1)Sell (9)","Name
S3
S2
S1
Pivot Points
R1
R2
R3
Classic
0.8548
0.8551
0.8552
0.8555
0.8556
0.8559
0.8561
Fibonacci
0.8551
0.8552
0.8553
0.8555
0.8557
0.8558
0.8559
Camarilla
0.8553
0.8554
0.8554
0.8555
0.8555
0.8555
0.8556
Woodie's
0.8548
0.8551
0.8552
0.8555
0.8556
0.8559
0.8561
DeMark's
-
-
0.8552
0.8555
0.8556
-
-","Technical IndicatorsJun 17, 2021 07:27PM GMT
Name
Value
Action
RSI(14)
35.099
Sell
STOCH(9,6)
47.324
Neutral
STOCHRSI(14)
59.171
Buy
MACD(12,26)
-0.001
Sell
ADX(14)
35.456
Sell
Williams %R
-70.313
Sell
CCI(14)
-98.7764
Sell
ATR(14)
0.0011
High Volatility
Highs/Lows(14)
-0.0000
Sell
Ultimate Oscillator
46.697
Sell
ROC
-0.222
Sell
Bull/Bear Power(13)
-0.0015
Sell
Buy: 1
Sell: 9
Neutral: 1


Summary:Strong Sell","Jun 17, 2021 07:27PM GMT"
usd_cad,1.2355 +0.0079    +0.64%,15:28:50,2021-06-17 19:29:09.965334,"Prev. Close: 1.2276
Bid/Ask: 1.2353 / 1.2357
Day's Range: 1.2261 - 1.2378",Strong Buy,"Summary:Strong Buy
Moving Averages:BuyBuy (12)Sell (0)
Technical Indicators:Strong BuyBuy (9)Sell (1)","Name
S3
S2
S1
Pivot Points
R1
R2
R3
Classic
1.2329
1.2334
1.2343
1.2349
1.2358
1.2364
1.2373
Fibonacci
1.2334
1.2340
1.2343
1.2349
1.2355
1.2358
1.2364
Camarilla
1.2348
1.2349
1.2351
1.2349
1.2353
1.2355
1.2356
Woodie's
1.2331
1.2335
1.2345
1.2350
1.2360
1.2365
1.2375
DeMark's
-
-
1.2345
1.2350
1.2360
-
-","Technical IndicatorsJun 17, 2021 07:27PM GMT
Name
Value
Action
RSI(14)
71.498
Buy
STOCH(9,6)
69.327
Buy
STOCHRSI(14)
40.843
Sell
MACD(12,26)
0.003
Buy
ADX(14)
36.698
Buy
Williams %R
-20.264
Buy
CCI(14)
102.1509
Buy
ATR(14)
0.0026
High Volatility
Highs/Lows(14)
0.0016
Buy
Ultimate Oscillator
70.065
Overbought
ROC
0.709
Buy
Bull/Bear Power(13)
0.0042
Buy
Buy: 9
Sell: 1
Neutral: 0


Summary:Strong Buy","Jun 17, 2021 07:27PM GMT"
usd_chf,0.9176 +0.0091    +1.00%,15:28:31,2021-06-17 19:29:09.968162,"Prev. Close: 0.9085
Bid/Ask: 0.9175 / 0.9176
Day's Range: 0.9076 - 0.9188",Strong Buy,"Summary:Strong Buy
Moving Averages:Strong BuyBuy (11)Sell (1)
Technical Indicators:Strong BuyBuy (8)Sell (0)","Name
S3
S2
S1
Pivot Points
R1
R2
R3
Classic
0.9159
0.9162
0.9168
0.9171
0.9177
0.9180
0.9185
Fibonacci
0.9162
0.9166
0.9168
0.9171
0.9174
0.9176
0.9180
Camarilla
0.9171
0.9172
0.9173
0.9171
0.9174
0.9175
0.9176
Woodie's
0.9161
0.9163
0.9170
0.9172
0.9179
0.9181
0.9187
DeMark's
-
-
0.9169
0.9172
0.9178
-
-","Technical IndicatorsJun 17, 2021 07:27PM GMT
Name
Value
Action
RSI(14)
76.474
Overbought
STOCH(9,6)
78.440
Buy
STOCHRSI(14)
7.155
Oversold
MACD(12,26)
0.004
Buy
ADX(14)
38.566
Buy
Williams %R
-12.077
Overbought
CCI(14)
105.1369
Buy
ATR(14)
0.0018
High Volatility
Highs/Lows(14)
0.0016
Buy
Ultimate Oscillator
68.776
Buy
ROC
1.024
Buy
Bull/Bear Power(13)
0.0051
Buy
Buy: 8
Sell: 0
Neutral: 0


Summary:Strong Buy","Jun 17, 2021 07:27PM GMT"
nzd_chf,0.6428 +0.0024    +0.37%,15:28:35,2021-06-17 19:29:09.970970,"Prev. Close: 0.6404
Bid/Ask: 0.6425 / 0.6430
Day's Range: 0.6406 - 0.6453",Neutral,"Summary:Neutral
Moving Averages:BuyBuy (9)Sell (3)
Technical Indicators:SellBuy (2)Sell (3)","Name
S3
S2
S1
Pivot Points
R1
R2
R3
Classic
0.6419
0.6421
0.6425
0.6427
0.6430
0.6433
0.6436
Fibonacci
0.6421
0.6423
0.6425
0.6427
0.6429
0.6431
0.6433
Camarilla
0.6425
0.6425
0.6426
0.6427
0.6427
0.6428
0.6428
Woodie's
0.6419
0.6421
0.6425
0.6427
0.6430
0.6433
0.6436
DeMark's
-
-
0.6422
0.6426
0.6428
-
-","Technical IndicatorsJun 17, 2021 07:27PM GMT
Name
Value
Action
RSI(14)
51.888
Neutral
STOCH(9,6)
52.056
Neutral
STOCHRSI(14)
48.689
Neutral
MACD(12,26)
0.000
Buy
ADX(14)
26.281
Sell
Williams %R
-52.689
Neutral
CCI(14)
-10.1770
Neutral
ATR(14)
0.0012
Less Volatility
Highs/Lows(14)
0.0000
Neutral
Ultimate Oscillator
53.373
Buy
ROC
-0.155
Sell
Bull/Bear Power(13)
-0.0004
Sell
Buy: 2
Sell: 3
Neutral: 6


Summary:Sell","Jun 17, 2021 07:27PM GMT"
usd_cny,6.4484 +0.0515    +0.80%,11:27:22,2021-06-17 19:29:09.973739,"Prev. Close: 6.3969
Bid/Ask: 6.4477 / 6.4490
Day's Range: 6.3972 - 6.4494",Strong Buy,"Summary:Strong Buy
Moving Averages:BuyBuy (12)Sell (0)
Technical Indicators:Strong BuyBuy (7)Sell (0)","Name
S3
S2
S1
Pivot Points
R1
R2
R3
Classic
6.4380
6.4399
6.4436
6.4455
6.4492
6.4511
6.4548
Fibonacci
6.4399
6.4420
6.4434
6.4455
6.4476
6.4490
6.4511
Camarilla
6.4458
6.4463
6.4468
6.4455
6.4479
6.4484
6.4489
Woodie's
6.4390
6.4404
6.4446
6.4460
6.4502
6.4516
6.4558
DeMark's
-
-
6.4446
6.4460
6.4502
-
-","Technical IndicatorsJun 17, 2021 03:34PM GMT
Name
Value
Action
RSI(14)
85.433
Overbought
STOCH(9,6)
77.649
Buy
STOCHRSI(14)
100.000
Overbought
MACD(12,26)
0.011
Buy
ADX(14)
61.337
Buy
Williams %R
-3.426
Overbought
CCI(14)
151.8010
Buy
ATR(14)
0.0041
Less Volatility
Highs/Lows(14)
0.0141
Buy
Ultimate Oscillator
82.973
Overbought
ROC
0.391
Buy
Bull/Bear Power(13)
0.0286
Buy
Buy: 7
Sell: 0
Neutral: 0


Summary:Strong Buy","Jun 17, 2021 03:34PM GMT"
usd_hkd,7.7649 +0.0019    +0.02%,15:28:50,2021-06-17 19:29:09.976521,"Prev. Close: 7.7630
Bid/Ask: 7.7647 / 7.7650
Day's Range: 7.7625 - 7.7656",Strong Buy,"Summary:Strong Buy
Moving Averages:BuyBuy (12)Sell (0)
Technical Indicators:Strong BuyBuy (7)Sell (3)","Name
S3
S2
S1
Pivot Points
R1
R2
R3
Classic
7.7646
7.7646
7.7647
7.7648
7.7649
7.7650
7.7651
Fibonacci
7.7646
7.7647
7.7647
7.7648
7.7649
7.7649
7.7650
Camarilla
7.7648
7.7648
7.7648
7.7648
7.7649
7.7649
7.7649
Woodie's
7.7646
7.7646
7.7647
7.7648
7.7649
7.7650
7.7651
DeMark's
-
-
7.7648
7.7648
7.7650
-
-","Technical IndicatorsJun 17, 2021 07:27PM GMT
Name
Value
Action
RSI(14)
58.665
Buy
STOCH(9,6)
43.421
Sell
STOCHRSI(14)
38.355
Sell
MACD(12,26)
0.001
Buy
ADX(14)
45.619
Buy
Williams %R
-31.593
Buy
CCI(14)
79.7411
Buy
ATR(14)
0.0009
Less Volatility
Highs/Lows(14)
0.0000
Neutral
Ultimate Oscillator
46.866
Sell
ROC
0.003
Buy
Bull/Bear Power(13)
0.0017
Buy
Buy: 7
Sell: 3
Neutral: 1


Summary:Strong Buy","Jun 17, 2021 07:27PM GMT"
eur_usd,1.1909 -0.0085    -0.71%,15:29:42,2021-06-17 19:30:10.493217,"Prev. Close: 1.1994
Bid/Ask: 1.1907 / 1.1911
Day's Range: 1.1892 - 1.2007",Strong Sell,"Summary:Strong Sell
Moving Averages:Strong SellBuy (0)Sell (12)
Technical Indicators:Strong SellBuy (0)Sell (9)","Name
S3
S2
S1
Pivot Points
R1
R2
R3
Classic
1.1895
1.1903
1.1907
1.1915
1.1919
1.1927
1.1931
Fibonacci
1.1903
1.1908
1.1910
1.1915
1.1920
1.1922
1.1927
Camarilla
1.1908
1.1909
1.1910
1.1915
1.1912
1.1913
1.1914
Woodie's
1.1893
1.1902
1.1905
1.1914
1.1917
1.1926
1.1929
DeMark's
-
-
1.1905
1.1914
1.1917
-
-","Technical IndicatorsJun 17, 2021 07:29PM GMT
Name
Value
Action
RSI(14)
26.263
Sell
STOCH(9,6)
27.174
Sell
STOCHRSI(14)
87.958
Overbought
MACD(12,26)
-0.004
Sell
ADX(14)
38.031
Sell
Williams %R
-85.715
Oversold
CCI(14)
-111.3413
Sell
ATR(14)
0.0023
High Volatility
Highs/Lows(14)
-0.0016
Sell
Ultimate Oscillator
35.325
Sell
ROC
-0.783
Sell
Bull/Bear Power(13)
-0.0039
Sell
Buy: 0
Sell: 9
Neutral: 0


Summary:Strong Sell","Jun 17, 2021 07:29PM GMT"
gbp_usd,1.3927 -0.0060    -0.43%,15:29:33,2021-06-17 19:30:10.496867,"Prev. Close: 1.3987
Bid/Ask: 1.3925 / 1.3929
Day's Range: 1.3896 - 1.4010",Strong Sell,"Summary:Strong Sell
Moving Averages:SellBuy (2)Sell (10)
Technical Indicators:Strong SellBuy (0)Sell (10)","Name
S3
S2
S1
Pivot Points
R1
R2
R3
Classic
1.3906
1.3915
1.3918
1.3927
1.3931
1.3939
1.3943
Fibonacci
1.3915
1.3920
1.3922
1.3927
1.3932
1.3934
1.3939
Camarilla
1.3920
1.3921
1.3922
1.3927
1.3925
1.3926
1.3927
Woodie's
1.3904
1.3914
1.3916
1.3926
1.3929
1.3938
1.3941
DeMark's
-
-
1.3917
1.3926
1.3930
-
-","Technical IndicatorsJun 17, 2021 07:29PM GMT
Name
Value
Action
RSI(14)
36.134
Sell
STOCH(9,6)
30.236
Sell
STOCHRSI(14)
100.000
Overbought
MACD(12,26)
-0.003
Sell
ADX(14)
37.932
Sell
Williams %R
-72.146
Sell
CCI(14)
-75.8857
Sell
ATR(14)
0.0026
High Volatility
Highs/Lows(14)
-0.0009
Sell
Ultimate Oscillator
37.809
Sell
ROC
-0.557
Sell
Bull/Bear Power(13)
-0.0026
Sell
Buy: 0
Sell: 10
Neutral: 0


Summary:Strong Sell","Jun 17, 2021 07:29PM GMT"
usd_jpy,110.26 -0.43    -0.39%,15:29:41,2021-06-17 19:30:10.499858,"Prev. Close: 110.69
Bid/Ask: 110.25 / 110.27
Day's Range: 110.17 - 110.83",Strong Sell,"Summary:Strong Sell
Moving Averages:SellBuy (5)Sell (7)
Technical Indicators:Strong SellBuy (1)Sell (7)","Name
S3
S2
S1
Pivot Points
R1
R2
R3
Classic
110.15
110.17
110.21
110.23
110.27
110.29
110.32
Fibonacci
110.17
110.19
110.21
110.23
110.25
110.27
110.29
Camarilla
110.24
110.24
110.25
110.23
110.26
110.27
110.27
Woodie's
110.17
110.18
110.23
110.24
110.29
110.30
110.34
DeMark's
-
-
110.23
110.24
110.29
-
-","Technical IndicatorsJun 17, 2021 07:29PM GMT
Name
Value
Action
RSI(14)
41.609
Sell
STOCH(9,6)
15.169
Oversold
STOCHRSI(14)
12.187
Oversold
MACD(12,26)
-0.020
Sell
ADX(14)
36.026
Buy
Williams %R
-84.873
Oversold
CCI(14)
-85.7509
Sell
ATR(14)
0.1300
High Volatility
Highs/Lows(14)
-0.1554
Sell
Ultimate Oscillator
43.014
Sell
ROC
-0.348
Sell
Bull/Bear Power(13)
-0.2680
Sell
Buy: 1
Sell: 7
Neutral: 0


Summary:Strong Sell","Jun 17, 2021 07:29PM GMT"
aud_usd,0.7554 -0.0056    -0.74%,15:29:39,2021-06-17 19:30:10.502710,"Prev. Close: 0.7610
Bid/Ask: 0.7553 / 0.7554
Day's Range: 0.7540 - 0.7646",Strong Sell,"Summary:Strong Sell
Moving Averages:SellBuy (1)Sell (11)
Technical Indicators:Strong SellBuy (1)Sell (9)","Name
S3
S2
S1
Pivot Points
R1
R2
R3
Classic
0.7540
0.7546
0.7549
0.7555
0.7558
0.7564
0.7568
Fibonacci
0.7546
0.7549
0.7551
0.7555
0.7559
0.7561
0.7564
Camarilla
0.7549
0.7550
0.7551
0.7555
0.7552
0.7553
0.7554
Woodie's
0.7538
0.7545
0.7547
0.7554
0.7556
0.7563
0.7566
DeMark's
-
-
0.7547
0.7554
0.7556
-
-","Technical IndicatorsJun 17, 2021 07:29PM GMT
Name
Value
Action
RSI(14)
28.187
Sell
STOCH(9,6)
21.629
Sell
STOCHRSI(14)
69.919
Buy
MACD(12,26)
-0.003
Sell
ADX(14)
45.840
Sell
Williams %R
-84.700
Oversold
CCI(14)
-87.1692
Sell
ATR(14)
0.0018
Less Volatility
Highs/Lows(14)
-0.0015
Sell
Ultimate Oscillator
31.237
Sell
ROC
-1.009
Sell
Bull/Bear Power(13)
-0.0034
Sell
Buy: 1
Sell: 9
Neutral: 0


Summary:Strong Sell","Jun 17, 2021 07:29PM GMT"
eur_gbp,0.8551 -0.0022    -0.26%,15:29:41,2021-06-17 19:30:10.505478,"Prev. Close: 0.8573
Bid/Ask: 0.8548 / 0.8554
Day's Range: 0.8542 - 0.8580",Strong Sell,"Summary:Strong Sell
Moving Averages:Strong SellBuy (0)Sell (12)
Technical Indicators:Strong SellBuy (1)Sell (9)","Name
S3
S2
S1
Pivot Points
R1
R2
R3
Classic
0.8548
0.8551
0.8552
0.8555
0.8556
0.8559
0.8561
Fibonacci
0.8551
0.8552
0.8553
0.8555
0.8557
0.8558
0.8559
Camarilla
0.8553
0.8554
0.8554
0.8555
0.8555
0.8555
0.8556
Woodie's
0.8548
0.8551
0.8552
0.8555
0.8556
0.8559
0.8561
DeMark's
-
-
0.8552
0.8555
0.8556
-
-","Technical IndicatorsJun 17, 2021 07:29PM GMT
Name
Value
Action
RSI(14)
34.785
Sell
STOCH(9,6)
47.016
Neutral
STOCHRSI(14)
57.809
Buy
MACD(12,26)
-0.001
Sell
ADX(14)
35.456
Sell
Williams %R
-71.874
Sell
CCI(14)
-101.1497
Sell
ATR(14)
0.0011
High Volatility
Highs/Lows(14)
-0.0001
Sell
Ultimate Oscillator
46.165
Sell
ROC
-0.228
Sell
Bull/Bear Power(13)
-0.0015
Sell
Buy: 1
Sell: 9
Neutral: 1


Summary:Strong Sell","Jun 17, 2021 07:29PM GMT"
usd_cad,1.2355 +0.0078    +0.64%,15:29:40,2021-06-17 19:30:10.508278,"Prev. Close: 1.2276
Bid/Ask: 1.2354 / 1.2355
Day's Range: 1.2261 - 1.2378",Strong Buy,"Summary:Strong Buy
Moving Averages:Strong BuyBuy (11)Sell (1)
Technical Indicators:Strong BuyBuy (10)Sell (1)","Name
S3
S2
S1
Pivot Points
R1
R2
R3
Classic
1.2329
1.2334
1.2343
1.2349
1.2358
1.2364
1.2373
Fibonacci
1.2334
1.2340
1.2343
1.2349
1.2355
1.2358
1.2364
Camarilla
1.2348
1.2349
1.2351
1.2349
1.2353
1.2355
1.2356
Woodie's
1.2331
1.2335
1.2345
1.2350
1.2360
1.2365
1.2375
DeMark's
-
-
1.2345
1.2350
1.2360
-
-","Technical IndicatorsJun 17, 2021 07:29PM GMT
Name
Value
Action
RSI(14)
70.433
Buy
STOCH(9,6)
68.620
Buy
STOCHRSI(14)
32.810
Sell
MACD(12,26)
0.003
Buy
ADX(14)
36.698
Buy
Williams %R
-23.348
Buy
CCI(14)
98.6414
Buy
ATR(14)
0.0026
High Volatility
Highs/Lows(14)
0.0012
Buy
Ultimate Oscillator
68.676
Buy
ROC
0.681
Buy
Bull/Bear Power(13)
0.0042
Buy
Buy: 10
Sell: 1
Neutral: 0


Summary:Strong Buy","Jun 17, 2021 07:29PM GMT"
usd_chf,0.9175 +0.0089    +0.99%,15:29:42,2021-06-17 19:30:10.511070,"Prev. Close: 0.9085
Bid/Ask: 0.9174 / 0.9175
Day's Range: 0.9076 - 0.9188",Strong Buy,"Summary:Strong Buy
Moving Averages:Strong BuyBuy (11)Sell (1)
Technical Indicators:Strong BuyBuy (8)Sell (0)","Name
S3
S2
S1
Pivot Points
R1
R2
R3
Classic
0.9159
0.9162
0.9168
0.9171
0.9177
0.9180
0.9185
Fibonacci
0.9162
0.9166
0.9168
0.9171
0.9174
0.9176
0.9180
Camarilla
0.9171
0.9172
0.9173
0.9171
0.9174
0.9175
0.9176
Woodie's
0.9161
0.9163
0.9170
0.9172
0.9179
0.9181
0.9187
DeMark's
-
-
0.9169
0.9172
0.9178
-
-","Technical IndicatorsJun 17, 2021 07:29PM GMT
Name
Value
Action
RSI(14)
76.372
Overbought
STOCH(9,6)
78.286
Buy
STOCHRSI(14)
6.253
Oversold
MACD(12,26)
0.004
Buy
ADX(14)
38.566
Buy
Williams %R
-12.560
Overbought
CCI(14)
104.6280
Buy
ATR(14)
0.0018
High Volatility
Highs/Lows(14)
0.0016
Buy
Ultimate Oscillator
68.468
Buy
ROC
1.018
Buy
Bull/Bear Power(13)
0.0051
Buy
Buy: 8
Sell: 0
Neutral: 0


Summary:Strong Buy","Jun 17, 2021 07:29PM GMT"
nzd_chf,0.6427 +0.0023    +0.36%,15:29:42,2021-06-17 19:30:10.513856,"Prev. Close: 0.6404
Bid/Ask: 0.6425 / 0.6429
Day's Range: 0.6406 - 0.6453",Neutral,"Summary:Neutral
Moving Averages:BuyBuy (9)Sell (3)
Technical Indicators:SellBuy (2)Sell (3)","Name
S3
S2
S1
Pivot Points
R1
R2
R3
Classic
0.6419
0.6421
0.6425
0.6427
0.6430
0.6433
0.6436
Fibonacci
0.6421
0.6423
0.6425
0.6427
0.6429
0.6431
0.6433
Camarilla
0.6425
0.6425
0.6426
0.6427
0.6427
0.6428
0.6428
Woodie's
0.6419
0.6421
0.6425
0.6427
0.6430
0.6433
0.6436
DeMark's
-
-
0.6422
0.6426
0.6428
-
-","Technical IndicatorsJun 17, 2021 07:29PM GMT
Name
Value
Action
RSI(14)
51.888
Neutral
STOCH(9,6)
52.056
Neutral
STOCHRSI(14)
48.689
Neutral
MACD(12,26)
0.000
Buy
ADX(14)
26.281
Sell
Williams %R
-52.689
Neutral
CCI(14)
-10.1770
Neutral
ATR(14)
0.0012
Less Volatility
Highs/Lows(14)
0.0000
Neutral
Ultimate Oscillator
53.373
Buy
ROC
-0.155
Sell
Bull/Bear Power(13)
-0.0004
Sell
Buy: 2
Sell: 3
Neutral: 6


Summary:Sell","Jun 17, 2021 07:29PM GMT"
usd_cny,6.4484 +0.0515    +0.80%,11:27:22,2021-06-17 19:30:10.516661,"Prev. Close: 6.3969
Bid/Ask: 6.4477 / 6.4490
Day's Range: 6.3972 - 6.4494",Strong Buy,"Summary:Strong Buy
Moving Averages:BuyBuy (12)Sell (0)
Technical Indicators:Strong BuyBuy (7)Sell (0)","Name
S3
S2
S1
Pivot Points
R1
R2
R3
Classic
6.4380
6.4399
6.4436
6.4455
6.4492
6.4511
6.4548
Fibonacci
6.4399
6.4420
6.4434
6.4455
6.4476
6.4490
6.4511
Camarilla
6.4458
6.4463
6.4468
6.4455
6.4479
6.4484
6.4489
Woodie's
6.4390
6.4404
6.4446
6.4460
6.4502
6.4516
6.4558
DeMark's
-
-
6.4446
6.4460
6.4502
-
-","Technical IndicatorsJun 17, 2021 03:34PM GMT
Name
Value
Action
RSI(14)
85.433
Overbought
STOCH(9,6)
77.649
Buy
STOCHRSI(14)
100.000
Overbought
MACD(12,26)
0.011
Buy
ADX(14)
61.337
Buy
Williams %R
-3.426
Overbought
CCI(14)
151.8010
Buy
ATR(14)
0.0041
Less Volatility
Highs/Lows(14)
0.0141
Buy
Ultimate Oscillator
82.973
Overbought
ROC
0.391
Buy
Bull/Bear Power(13)
0.0286
Buy
Buy: 7
Sell: 0
Neutral: 0


Summary:Strong Buy","Jun 17, 2021 03:34PM GMT"
usd_hkd,7.7649 +0.0019    +0.02%,15:29:28,2021-06-17 19:30:10.519460,"Prev. Close: 7.7630
Bid/Ask: 7.7647 / 7.7650
Day's Range: 7.7625 - 7.7656",Strong Buy,"Summary:Strong Buy
Moving Averages:BuyBuy (12)Sell (0)
Technical Indicators:Strong BuyBuy (7)Sell (3)","Name
S3
S2
S1
Pivot Points
R1
R2
R3
Classic
7.7646
7.7646
7.7647
7.7648
7.7649
7.7650
7.7651
Fibonacci
7.7646
7.7647
7.7647
7.7648
7.7649
7.7649
7.7650
Camarilla
7.7648
7.7648
7.7648
7.7648
7.7649
7.7649
7.7649
Woodie's
7.7646
7.7646
7.7647
7.7648
7.7649
7.7650
7.7651
DeMark's
-
-
7.7648
7.7648
7.7650
-
-","Technical IndicatorsJun 17, 2021 07:29PM GMT
Name
Value
Action
RSI(14)
58.665
Buy
STOCH(9,6)
43.421
Sell
STOCHRSI(14)
38.355
Sell
MACD(12,26)
0.001
Buy
ADX(14)
45.619
Buy
Williams %R
-31.593
Buy
CCI(14)
79.7411
Buy
ATR(14)
0.0009
Less Volatility
Highs/Lows(14)
0.0000
Neutral
Ultimate Oscillator
46.866
Sell
ROC
0.003
Buy
Bull/Bear Power(13)
0.0017
Buy
Buy: 7
Sell: 3
Neutral: 1


Summary:Strong Buy","Jun 17, 2021 07:29PM GMT"
eur_usd,1.1911 -0.0083    -0.69%,15:30:26,2021-06-17 19:31:10.123194,"Prev. Close: 1.1994
Bid/Ask: 1.1909 / 1.1913
Day's Range: 1.1892 - 1.2007",Strong Sell,"Summary:Strong Sell
Moving Averages:Strong SellBuy (0)Sell (12)
Technical Indicators:Strong SellBuy (0)Sell (9)","Name
S3
S2
S1
Pivot Points
R1
R2
R3
Classic
1.1895
1.1903
1.1907
1.1915
1.1919
1.1927
1.1931
Fibonacci
1.1903
1.1908
1.1910
1.1915
1.1920
1.1922
1.1927
Camarilla
1.1908
1.1909
1.1910
1.1915
1.1912
1.1913
1.1914
Woodie's
1.1893
1.1902
1.1905
1.1914
1.1917
1.1926
1.1929
DeMark's
-
-
1.1905
1.1914
1.1917
-
-","Technical IndicatorsJun 17, 2021 07:29PM GMT
Name
Value
Action
RSI(14)
26.263
Sell
STOCH(9,6)
27.174
Sell
STOCHRSI(14)
87.958
Overbought
MACD(12,26)
-0.004
Sell
ADX(14)
38.031
Sell
Williams %R
-85.715
Oversold
CCI(14)
-111.3413
Sell
ATR(14)
0.0023
High Volatility
Highs/Lows(14)
-0.0016
Sell
Ultimate Oscillator
35.325
Sell
ROC
-0.783
Sell
Bull/Bear Power(13)
-0.0039
Sell
Buy: 0
Sell: 9
Neutral: 0


Summary:Strong Sell","Jun 17, 2021 07:29PM GMT"
gbp_usd,1.3930 -0.0057    -0.41%,15:30:46,2021-06-17 19:31:10.126833,"Prev. Close: 1.3987
Bid/Ask: 1.3929 / 1.3930
Day's Range: 1.3896 - 1.4010",Strong Sell,"Summary:Strong Sell
Moving Averages:SellBuy (2)Sell (10)
Technical Indicators:Strong SellBuy (0)Sell (10)","Name
S3
S2
S1
Pivot Points
R1
R2
R3
Classic
1.3906
1.3915
1.3918
1.3927
1.3931
1.3939
1.3943
Fibonacci
1.3915
1.3920
1.3922
1.3927
1.3932
1.3934
1.3939
Camarilla
1.3920
1.3921
1.3922
1.3927
1.3925
1.3926
1.3927
Woodie's
1.3904
1.3914
1.3916
1.3926
1.3929
1.3938
1.3941
DeMark's
-
-
1.3917
1.3926
1.3930
-
-","Technical IndicatorsJun 17, 2021 07:30PM GMT
Name
Value
Action
RSI(14)
36.656
Sell
STOCH(9,6)
30.612
Sell
STOCHRSI(14)
100.000
Overbought
MACD(12,26)
-0.003
Sell
ADX(14)
37.932
Sell
Williams %R
-70.777
Sell
CCI(14)
-74.5450
Sell
ATR(14)
0.0026
High Volatility
Highs/Lows(14)
-0.0008
Sell
Ultimate Oscillator
38.438
Sell
ROC
-0.546
Sell
Bull/Bear Power(13)
-0.0026
Sell
Buy: 0
Sell: 10
Neutral: 0


Summary:Strong Sell","Jun 17, 2021 07:30PM GMT"
usd_jpy,110.26 -0.43    -0.39%,15:30:21,2021-06-17 19:31:10.129896,"Prev. Close: 110.69
Bid/Ask: 110.25 / 110.27
Day's Range: 110.17 - 110.83",Strong Sell,"Summary:Strong Sell
Moving Averages:SellBuy (5)Sell (7)
Technical Indicators:Strong SellBuy (1)Sell (7)","Name
S3
S2
S1
Pivot Points
R1
R2
R3
Classic
110.15
110.17
110.21
110.23
110.27
110.29
110.32
Fibonacci
110.17
110.19
110.21
110.23
110.25
110.27
110.29
Camarilla
110.24
110.24
110.25
110.23
110.26
110.27
110.27
Woodie's
110.17
110.18
110.23
110.24
110.29
110.30
110.34
DeMark's
-
-
110.23
110.24
110.29
-
-","Technical IndicatorsJun 17, 2021 07:29PM GMT
Name
Value
Action
RSI(14)
41.609
Sell
STOCH(9,6)
15.169
Oversold
STOCHRSI(14)
12.187
Oversold
MACD(12,26)
-0.020
Sell
ADX(14)
36.026
Buy
Williams %R
-84.873
Oversold
CCI(14)
-85.7509
Sell
ATR(14)
0.1300
High Volatility
Highs/Lows(14)
-0.1554
Sell
Ultimate Oscillator
43.014
Sell
ROC
-0.348
Sell
Bull/Bear Power(13)
-0.2680
Sell
Buy: 1
Sell: 7
Neutral: 0


Summary:Strong Sell","Jun 17, 2021 07:29PM GMT"
aud_usd,0.7554 -0.0056    -0.74%,15:30:52,2021-06-17 19:31:10.132852,"Prev. Close: 0.7610
Bid/Ask: 0.7553 / 0.7555
Day's Range: 0.7540 - 0.7646",Strong Sell,"Summary:Strong Sell
Moving Averages:SellBuy (1)Sell (11)
Technical Indicators:Strong SellBuy (1)Sell (9)","Name
S3
S2
S1
Pivot Points
R1
R2
R3
Classic
0.7540
0.7546
0.7549
0.7555
0.7558
0.7564
0.7568
Fibonacci
0.7546
0.7549
0.7551
0.7555
0.7559
0.7561
0.7564
Camarilla
0.7549
0.7550
0.7551
0.7555
0.7552
0.7553
0.7554
Woodie's
0.7538
0.7545
0.7547
0.7554
0.7556
0.7563
0.7566
DeMark's
-
-
0.7547
0.7554
0.7556
-
-","Technical IndicatorsJun 17, 2021 07:29PM GMT
Name
Value
Action
RSI(14)
28.187
Sell
STOCH(9,6)
21.629
Sell
STOCHRSI(14)
69.919
Buy
MACD(12,26)
-0.003
Sell
ADX(14)
45.840
Sell
Williams %R
-84.700
Oversold
CCI(14)
-87.1692
Sell
ATR(14)
0.0018
Less Volatility
Highs/Lows(14)
-0.0015
Sell
Ultimate Oscillator
31.237
Sell
ROC
-1.009
Sell
Bull/Bear Power(13)
-0.0034
Sell
Buy: 1
Sell: 9
Neutral: 0


Summary:Strong Sell","Jun 17, 2021 07:29PM GMT"
eur_gbp,0.8551 -0.0022    -0.26%,15:30:52,2021-06-17 19:31:10.135723,"Prev. Close: 0.8573
Bid/Ask: 0.8548 / 0.8553
Day's Range: 0.8542 - 0.8580",Strong Sell,"Summary:Strong Sell
Moving Averages:Strong SellBuy (0)Sell (12)
Technical Indicators:Strong SellBuy (1)Sell (9)","Name
S3
S2
S1
Pivot Points
R1
R2
R3
Classic
0.8548
0.8551
0.8552
0.8555
0.8556
0.8559
0.8561
Fibonacci
0.8551
0.8552
0.8553
0.8555
0.8557
0.8558
0.8559
Camarilla
0.8553
0.8554
0.8554
0.8555
0.8555
0.8555
0.8556
Woodie's
0.8548
0.8551
0.8552
0.8555
0.8556
0.8559
0.8561
DeMark's
-
-
0.8552
0.8555
0.8556
-
-","Technical IndicatorsJun 17, 2021 07:29PM GMT
Name
Value
Action
RSI(14)
34.785
Sell
STOCH(9,6)
47.016
Neutral
STOCHRSI(14)
57.809
Buy
MACD(12,26)
-0.001
Sell
ADX(14)
35.456
Sell
Williams %R
-71.874
Sell
CCI(14)
-101.1497
Sell
ATR(14)
0.0011
High Volatility
Highs/Lows(14)
-0.0001
Sell
Ultimate Oscillator
46.165
Sell
ROC
-0.228
Sell
Bull/Bear Power(13)
-0.0015
Sell
Buy: 1
Sell: 9
Neutral: 1


Summary:Strong Sell","Jun 17, 2021 07:29PM GMT"
usd_cad,1.2353 +0.0076    +0.62%,15:30:52,2021-06-17 19:31:10.138539,"Prev. Close: 1.2276
Bid/Ask: 1.2352 / 1.2353
Day's Range: 1.2261 - 1.2378",Strong Buy,"Summary:Strong Buy
Moving Averages:Strong BuyBuy (11)Sell (1)
Technical Indicators:Strong BuyBuy (10)Sell (1)","Name
S3
S2
S1
Pivot Points
R1
R2
R3
Classic
1.2329
1.2334
1.2343
1.2349
1.2358
1.2364
1.2373
Fibonacci
1.2334
1.2340
1.2343
1.2349
1.2355
1.2358
1.2364
Camarilla
1.2348
1.2349
1.2351
1.2349
1.2353
1.2355
1.2356
Woodie's
1.2331
1.2335
1.2345
1.2350
1.2360
1.2365
1.2375
DeMark's
-
-
1.2345
1.2350
1.2360
-
-","Technical IndicatorsJun 17, 2021 07:29PM GMT
Name
Value
Action
RSI(14)
70.433
Buy
STOCH(9,6)
68.620
Buy
STOCHRSI(14)
32.810
Sell
MACD(12,26)
0.003
Buy
ADX(14)
36.698
Buy
Williams %R
-23.348
Buy
CCI(14)
98.6414
Buy
ATR(14)
0.0026
High Volatility
Highs/Lows(14)
0.0012
Buy
Ultimate Oscillator
68.676
Buy
ROC
0.681
Buy
Bull/Bear Power(13)
0.0042
Buy
Buy: 10
Sell: 1
Neutral: 0


Summary:Strong Buy","Jun 17, 2021 07:29PM GMT"
usd_chf,0.9174 +0.0089    +0.98%,15:30:40,2021-06-17 19:31:10.141320,"Prev. Close: 0.9085
Bid/Ask: 0.9172 / 0.9176
Day's Range: 0.9076 - 0.9188",Strong Buy,"Summary:Strong Buy
Moving Averages:Strong BuyBuy (11)Sell (1)
Technical Indicators:Strong BuyBuy (8)Sell (0)","Name
S3
S2
S1
Pivot Points
R1
R2
R3
Classic
0.9159
0.9162
0.9168
0.9171
0.9177
0.9180
0.9185
Fibonacci
0.9162
0.9166
0.9168
0.9171
0.9174
0.9176
0.9180
Camarilla
0.9171
0.9172
0.9173
0.9171
0.9174
0.9175
0.9176
Woodie's
0.9161
0.9163
0.9170
0.9172
0.9179
0.9181
0.9187
DeMark's
-
-
0.9169
0.9172
0.9178
-
-","Technical IndicatorsJun 17, 2021 07:29PM GMT
Name
Value
Action
RSI(14)
76.372
Overbought
STOCH(9,6)
78.286
Buy
STOCHRSI(14)
6.253
Oversold
MACD(12,26)
0.004
Buy
ADX(14)
38.566
Buy
Williams %R
-12.560
Overbought
CCI(14)
104.6280
Buy
ATR(14)
0.0018
High Volatility
Highs/Lows(14)
0.0016
Buy
Ultimate Oscillator
68.468
Buy
ROC
1.018
Buy
Bull/Bear Power(13)
0.0051
Buy
Buy: 8
Sell: 0
Neutral: 0


Summary:Strong Buy","Jun 17, 2021 07:29PM GMT"
nzd_chf,0.6428 +0.0024    +0.37%,15:30:52,2021-06-17 19:31:10.144127,"Prev. Close: 0.6404
Bid/Ask: 0.6427 / 0.6429
Day's Range: 0.6406 - 0.6453",Neutral,"Summary:Neutral
Moving Averages:BuyBuy (9)Sell (3)
Technical Indicators:SellBuy (2)Sell (3)","Name
S3
S2
S1
Pivot Points
R1
R2
R3
Classic
0.6419
0.6421
0.6425
0.6427
0.6430
0.6433
0.6436
Fibonacci
0.6421
0.6423
0.6425
0.6427
0.6429
0.6431
0.6433
Camarilla
0.6425
0.6425
0.6426
0.6427
0.6427
0.6428
0.6428
Woodie's
0.6419
0.6421
0.6425
0.6427
0.6430
0.6433
0.6436
DeMark's
-
-
0.6422
0.6426
0.6428
-
-","Technical IndicatorsJun 17, 2021 07:30PM GMT
Name
Value
Action
RSI(14)
51.888
Neutral
STOCH(9,6)
52.056
Neutral
STOCHRSI(14)
48.689
Neutral
MACD(12,26)
0.000
Buy
ADX(14)
26.281
Sell
Williams %R
-52.689
Neutral
CCI(14)
-10.1770
Neutral
ATR(14)
0.0012
Less Volatility
Highs/Lows(14)
0.0000
Neutral
Ultimate Oscillator
53.373
Buy
ROC
-0.155
Sell
Bull/Bear Power(13)
-0.0004
Sell
Buy: 2
Sell: 3
Neutral: 6


Summary:Sell","Jun 17, 2021 07:30PM GMT"
usd_cny,6.4484 +0.0515    +0.80%,11:27:22,2021-06-17 19:31:10.146939,"Prev. Close: 6.3969
Bid/Ask: 6.4477 / 6.4490
Day's Range: 6.3972 - 6.4494",Strong Buy,"Summary:Strong Buy
Moving Averages:BuyBuy (12)Sell (0)
Technical Indicators:Strong BuyBuy (7)Sell (0)","Name
S3
S2
S1
Pivot Points
R1
R2
R3
Classic
6.4380
6.4399
6.4436
6.4455
6.4492
6.4511
6.4548
Fibonacci
6.4399
6.4420
6.4434
6.4455
6.4476
6.4490
6.4511
Camarilla
6.4458
6.4463
6.4468
6.4455
6.4479
6.4484
6.4489
Woodie's
6.4390
6.4404
6.4446
6.4460
6.4502
6.4516
6.4558
DeMark's
-
-
6.4446
6.4460
6.4502
-
-","Technical IndicatorsJun 17, 2021 03:34PM GMT
Name
Value
Action
RSI(14)
85.433
Overbought
STOCH(9,6)
77.649
Buy
STOCHRSI(14)
100.000
Overbought
MACD(12,26)
0.011
Buy
ADX(14)
61.337
Buy
Williams %R
-3.426
Overbought
CCI(14)
151.8010
Buy
ATR(14)
0.0041
Less Volatility
Highs/Lows(14)
0.0141
Buy
Ultimate Oscillator
82.973
Overbought
ROC
0.391
Buy
Bull/Bear Power(13)
0.0286
Buy
Buy: 7
Sell: 0
Neutral: 0


Summary:Strong Buy","Jun 17, 2021 03:34PM GMT"
usd_hkd,7.7649 +0.0019    +0.02%,15:30:29,2021-06-17 19:31:10.149718,"Prev. Close: 7.7630
Bid/Ask: 7.7647 / 7.7650
Day's Range: 7.7625 - 7.7656",Strong Buy,"Summary:Strong Buy
Moving Averages:BuyBuy (12)Sell (0)
Technical Indicators:Strong BuyBuy (7)Sell (3)","Name
S3
S2
S1
Pivot Points
R1
R2
R3
Classic
7.7646
7.7646
7.7647
7.7648
7.7649
7.7650
7.7651
Fibonacci
7.7646
7.7647
7.7647
7.7648
7.7649
7.7649
7.7650
Camarilla
7.7648
7.7648
7.7648
7.7648
7.7649
7.7649
7.7649
Woodie's
7.7646
7.7646
7.7647
7.7648
7.7649
7.7650
7.7651
DeMark's
-
-
7.7648
7.7648
7.7650
-
-","Technical IndicatorsJun 17, 2021 07:29PM GMT
Name
Value
Action
RSI(14)
58.665
Buy
STOCH(9,6)
43.421
Sell
STOCHRSI(14)
38.355
Sell
MACD(12,26)
0.001
Buy
ADX(14)
45.619
Buy
Williams %R
-31.593
Buy
CCI(14)
79.7411
Buy
ATR(14)
0.0009
Less Volatility
Highs/Lows(14)
0.0000
Neutral
Ultimate Oscillator
46.866
Sell
ROC
0.003
Buy
Bull/Bear Power(13)
0.0017
Buy
Buy: 7
Sell: 3
Neutral: 1


Summary:Strong Buy","Jun 17, 2021 07:29PM GMT"
eur_usd,1.1909 -0.0086    -0.71%,15:31:38,2021-06-17 19:32:09.900302,"Prev. Close: 1.1994
Bid/Ask: 1.1908 / 1.1909
Day's Range: 1.1892 - 1.2007",Strong Sell,"Summary:Strong Sell
Moving Averages:SellBuy (1)Sell (11)
Technical Indicators:Strong SellBuy (0)Sell (9)","Name
S3
S2
S1
Pivot Points
R1
R2
R3
Classic
1.1895
1.1903
1.1907
1.1915
1.1919
1.1927
1.1931
Fibonacci
1.1903
1.1908
1.1910
1.1915
1.1920
1.1922
1.1927
Camarilla
1.1908
1.1909
1.1910
1.1915
1.1912
1.1913
1.1914
Woodie's
1.1893
1.1902
1.1905
1.1914
1.1917
1.1926
1.1929
DeMark's
-
-
1.1905
1.1914
1.1917
-
-","Technical IndicatorsJun 17, 2021 07:30PM GMT
Name
Value
Action
RSI(14)
27.361
Sell
STOCH(9,6)
28.305
Sell
STOCHRSI(14)
96.738
Overbought
MACD(12,26)
-0.004
Sell
ADX(14)
38.031
Sell
Williams %R
-82.143
Oversold
CCI(14)
-107.1752
Sell
ATR(14)
0.0023
High Volatility
Highs/Lows(14)
-0.0012
Sell
Ultimate Oscillator
37.373
Sell
ROC
-0.750
Sell
Bull/Bear Power(13)
-0.0039
Sell
Buy: 0
Sell: 9
Neutral: 0


Summary:Strong Sell","Jun 17, 2021 07:30PM GMT"
gbp_usd,1.3928 -0.0060    -0.43%,15:31:35,2021-06-17 19:32:09.903932,"Prev. Close: 1.3987
Bid/Ask: 1.3927 / 1.3928
Day's Range: 1.3896 - 1.4010",Strong Sell,"Summary:Strong Sell
Moving Averages:SellBuy (2)Sell (10)
Technical Indicators:Strong SellBuy (0)Sell (10)","Name
S3
S2
S1
Pivot Points
R1
R2
R3
Classic
1.3906
1.3915
1.3918
1.3927
1.3931
1.3939
1.3943
Fibonacci
1.3915
1.3920
1.3922
1.3927
1.3932
1.3934
1.3939
Camarilla
1.3920
1.3921
1.3922
1.3927
1.3925
1.3926
1.3927
Woodie's
1.3904
1.3914
1.3916
1.3926
1.3929
1.3938
1.3941
DeMark's
-
-
1.3917
1.3926
1.3930
-
-","Technical IndicatorsJun 17, 2021 07:31PM GMT
Name
Value
Action
RSI(14)
36.656
Sell
STOCH(9,6)
30.612
Sell
STOCHRSI(14)
100.000
Overbought
MACD(12,26)
-0.003
Sell
ADX(14)
37.932
Sell
Williams %R
-70.777
Sell
CCI(14)
-74.5450
Sell
ATR(14)
0.0026
High Volatility
Highs/Lows(14)
-0.0008
Sell
Ultimate Oscillator
38.438
Sell
ROC
-0.546
Sell
Bull/Bear Power(13)
-0.0026
Sell
Buy: 0
Sell: 10
Neutral: 0


Summary:Strong Sell","Jun 17, 2021 07:31PM GMT"
usd_jpy,110.27 -0.42    -0.38%,15:31:40,2021-06-17 19:32:09.906963,"Prev. Close: 110.69
Bid/Ask: 110.25 / 110.28
Day's Range: 110.17 - 110.83",Strong Sell,"Summary:Strong Sell
Moving Averages:SellBuy (5)Sell (7)
Technical Indicators:Strong SellBuy (1)Sell (7)","Name
S3
S2
S1
Pivot Points
R1
R2
R3
Classic
110.15
110.17
110.21
110.23
110.27
110.29
110.32
Fibonacci
110.17
110.19
110.21
110.23
110.25
110.27
110.29
Camarilla
110.24
110.24
110.25
110.23
110.26
110.27
110.27
Woodie's
110.17
110.18
110.23
110.24
110.29
110.30
110.34
DeMark's
-
-
110.23
110.24
110.29
-
-","Technical IndicatorsJun 17, 2021 07:31PM GMT
Name
Value
Action
RSI(14)
41.609
Sell
STOCH(9,6)
15.169
Oversold
STOCHRSI(14)
12.187
Oversold
MACD(12,26)
-0.020
Sell
ADX(14)
36.026
Buy
Williams %R
-84.873
Oversold
CCI(14)
-85.7509
Sell
ATR(14)
0.1300
High Volatility
Highs/Lows(14)
-0.1554
Sell
Ultimate Oscillator
43.014
Sell
ROC
-0.348
Sell
Bull/Bear Power(13)
-0.2680
Sell
Buy: 1
Sell: 7
Neutral: 0


Summary:Strong Sell","Jun 17, 2021 07:31PM GMT"
aud_usd,0.7555 -0.0056    -0.73%,15:31:37,2021-06-17 19:32:09.909857,"Prev. Close: 0.7610
Bid/Ask: 0.7554 / 0.7555
Day's Range: 0.7540 - 0.7646",Strong Sell,"Summary:Strong Sell
Moving Averages:SellBuy (1)Sell (11)
Technical Indicators:Strong SellBuy (1)Sell (9)","Name
S3
S2
S1
Pivot Points
R1
R2
R3
Classic
0.7540
0.7546
0.7549
0.7555
0.7558
0.7564
0.7568
Fibonacci
0.7546
0.7549
0.7551
0.7555
0.7559
0.7561
0.7564
Camarilla
0.7549
0.7550
0.7551
0.7555
0.7552
0.7553
0.7554
Woodie's
0.7538
0.7545
0.7547
0.7554
0.7556
0.7563
0.7566
DeMark's
-
-
0.7547
0.7554
0.7556
-
-","Technical IndicatorsJun 17, 2021 07:31PM GMT
Name
Value
Action
RSI(14)
28.510
Sell
STOCH(9,6)
21.788
Sell
STOCHRSI(14)
72.166
Buy
MACD(12,26)
-0.003
Sell
ADX(14)
45.840
Sell
Williams %R
-84.153
Oversold
CCI(14)
-86.7118
Sell
ATR(14)
0.0018
Less Volatility
Highs/Lows(14)
-0.0014
Sell
Ultimate Oscillator
31.555
Sell
ROC
-1.003
Sell
Bull/Bear Power(13)
-0.0034
Sell
Buy: 1
Sell: 9
Neutral: 0


Summary:Strong Sell","Jun 17, 2021 07:31PM GMT"
eur_gbp,0.8551 -0.0022    -0.26%,15:31:40,2021-06-17 19:32:09.912726,"Prev. Close: 0.8573
Bid/Ask: 0.8548 / 0.8553
Day's Range: 0.8542 - 0.8580",Strong Sell,"Summary:Strong Sell
Moving Averages:Strong SellBuy (0)Sell (12)
Technical Indicators:Strong SellBuy (1)Sell (8)","Name
S3
S2
S1
Pivot Points
R1
R2
R3
Classic
0.8548
0.8551
0.8552
0.8555
0.8556
0.8559
0.8561
Fibonacci
0.8551
0.8552
0.8553
0.8555
0.8557
0.8558
0.8559
Camarilla
0.8553
0.8554
0.8554
0.8555
0.8555
0.8555
0.8556
Woodie's
0.8548
0.8551
0.8552
0.8555
0.8556
0.8559
0.8561
DeMark's
-
-
0.8552
0.8555
0.8556
-
-","Technical IndicatorsJun 17, 2021 07:30PM GMT
Name
Value
Action
RSI(14)
35.418
Sell
STOCH(9,6)
47.633
Neutral
STOCHRSI(14)
60.555
Buy
MACD(12,26)
-0.001
Sell
ADX(14)
35.456
Sell
Williams %R
-68.750
Sell
CCI(14)
-96.3867
Sell
ATR(14)
0.0011
High Volatility
Highs/Lows(14)
0.0000
Neutral
Ultimate Oscillator
47.229
Sell
ROC
-0.216
Sell
Bull/Bear Power(13)
-0.0015
Sell
Buy: 1
Sell: 8
Neutral: 2


Summary:Strong Sell","Jun 17, 2021 07:30PM GMT"
usd_cad,1.2348 +0.0072    +0.59%,15:31:39,2021-06-17 19:32:09.915575,"Prev. Close: 1.2276
Bid/Ask: 1.2346 / 1.2350
Day's Range: 1.2261 - 1.2378",Strong Buy,"Summary:Strong Buy
Moving Averages:Strong BuyBuy (11)Sell (1)
Technical Indicators:Strong BuyBuy (10)Sell (1)","Name
S3
S2
S1
Pivot Points
R1
R2
R3
Classic
1.2329
1.2334
1.2343
1.2349
1.2358
1.2364
1.2373
Fibonacci
1.2334
1.2340
1.2343
1.2349
1.2355
1.2358
1.2364
Camarilla
1.2348
1.2349
1.2351
1.2349
1.2353
1.2355
1.2356
Woodie's
1.2331
1.2335
1.2345
1.2350
1.2360
1.2365
1.2375
DeMark's
-
-
1.2345
1.2350
1.2360
-
-","Technical IndicatorsJun 17, 2021 07:31PM GMT
Name
Value
Action
RSI(14)
70.433
Buy
STOCH(9,6)
68.620
Buy
STOCHRSI(14)
32.810
Sell
MACD(12,26)
0.003
Buy
ADX(14)
36.698
Buy
Williams %R
-23.348
Buy
CCI(14)
98.6414
Buy
ATR(14)
0.0026
High Volatility
Highs/Lows(14)
0.0012
Buy
Ultimate Oscillator
68.676
Buy
ROC
0.681
Buy
Bull/Bear Power(13)
0.0042
Buy
Buy: 10
Sell: 1
Neutral: 0


Summary:Strong Buy","Jun 17, 2021 07:31PM GMT"
usd_chf,0.9174 +0.0089    +0.98%,15:31:36,2021-06-17 19:32:09.918421,"Prev. Close: 0.9085
Bid/Ask: 0.9172 / 0.9176
Day's Range: 0.9076 - 0.9188",Strong Buy,"Summary:Strong Buy
Moving Averages:Strong BuyBuy (11)Sell (1)
Technical Indicators:Strong BuyBuy (8)Sell (0)","Name
S3
S2
S1
Pivot Points
R1
R2
R3
Classic
0.9159
0.9162
0.9168
0.9171
0.9177
0.9180
0.9185
Fibonacci
0.9162
0.9166
0.9168
0.9171
0.9174
0.9176
0.9180
Camarilla
0.9171
0.9172
0.9173
0.9171
0.9174
0.9175
0.9176
Woodie's
0.9161
0.9163
0.9170
0.9172
0.9179
0.9181
0.9187
DeMark's
-
-
0.9169
0.9172
0.9178
-
-","Technical IndicatorsJun 17, 2021 07:31PM GMT
Name
Value
Action
RSI(14)
76.166
Overbought
STOCH(9,6)
77.977
Buy
STOCHRSI(14)
4.431
Oversold
MACD(12,26)
0.004
Buy
ADX(14)
38.566
Buy
Williams %R
-13.527
Overbought
CCI(14)
103.6086
Buy
ATR(14)
0.0018
High Volatility
Highs/Lows(14)
0.0015
Buy
Ultimate Oscillator
67.854
Buy
ROC
1.007
Buy
Bull/Bear Power(13)
0.0051
Buy
Buy: 8
Sell: 0
Neutral: 0


Summary:Strong Buy","Jun 17, 2021 07:31PM GMT"
nzd_chf,0.6429 +0.0024    +0.38%,15:31:42,2021-06-17 19:32:09.921217,"Prev. Close: 0.6404
Bid/Ask: 0.6427 / 0.6430
Day's Range: 0.6406 - 0.6453",Neutral,"Summary:Neutral
Moving Averages:BuyBuy (9)Sell (3)
Technical Indicators:SellBuy (2)Sell (3)","Name
S3
S2
S1
Pivot Points
R1
R2
R3
Classic
0.6419
0.6421
0.6425
0.6427
0.6430
0.6433
0.6436
Fibonacci
0.6421
0.6423
0.6425
0.6427
0.6429
0.6431
0.6433
Camarilla
0.6425
0.6425
0.6426
0.6427
0.6427
0.6428
0.6428
Woodie's
0.6419
0.6421
0.6425
0.6427
0.6430
0.6433
0.6436
DeMark's
-
-
0.6422
0.6426
0.6428
-
-","Technical IndicatorsJun 17, 2021 07:30PM GMT
Name
Value
Action
RSI(14)
51.888
Neutral
STOCH(9,6)
52.056
Neutral
STOCHRSI(14)
48.689
Neutral
MACD(12,26)
0.000
Buy
ADX(14)
26.281
Sell
Williams %R
-52.689
Neutral
CCI(14)
-10.1770
Neutral
ATR(14)
0.0012
Less Volatility
Highs/Lows(14)
0.0000
Neutral
Ultimate Oscillator
53.373
Buy
ROC
-0.155
Sell
Bull/Bear Power(13)
-0.0004
Sell
Buy: 2
Sell: 3
Neutral: 6


Summary:Sell","Jun 17, 2021 07:30PM GMT"
usd_cny,6.4484 +0.0515    +0.80%,11:27:22,2021-06-17 19:32:09.924032,"Prev. Close: 6.3969
Bid/Ask: 6.4477 / 6.4490
Day's Range: 6.3972 - 6.4494",Strong Buy,"Summary:Strong Buy
Moving Averages:BuyBuy (12)Sell (0)
Technical Indicators:Strong BuyBuy (7)Sell (0)","Name
S3
S2
S1
Pivot Points
R1
R2
R3
Classic
6.4380
6.4399
6.4436
6.4455
6.4492
6.4511
6.4548
Fibonacci
6.4399
6.4420
6.4434
6.4455
6.4476
6.4490
6.4511
Camarilla
6.4458
6.4463
6.4468
6.4455
6.4479
6.4484
6.4489
Woodie's
6.4390
6.4404
6.4446
6.4460
6.4502
6.4516
6.4558
DeMark's
-
-
6.4446
6.4460
6.4502
-
-","Technical IndicatorsJun 17, 2021 03:34PM GMT
Name
Value
Action
RSI(14)
85.433
Overbought
STOCH(9,6)
77.649
Buy
STOCHRSI(14)
100.000
Overbought
MACD(12,26)
0.011
Buy
ADX(14)
61.337
Buy
Williams %R
-3.426
Overbought
CCI(14)
151.8010
Buy
ATR(14)
0.0041
Less Volatility
Highs/Lows(14)
0.0141
Buy
Ultimate Oscillator
82.973
Overbought
ROC
0.391
Buy
Bull/Bear Power(13)
0.0286
Buy
Buy: 7
Sell: 0
Neutral: 0


Summary:Strong Buy","Jun 17, 2021 03:34PM GMT"
usd_hkd,7.7649 +0.0019    +0.02%,15:31:28,2021-06-17 19:32:09.926848,"Prev. Close: 7.7630
Bid/Ask: 7.7647 / 7.7650
Day's Range: 7.7625 - 7.7656",Strong Buy,"Summary:Strong Buy
Moving Averages:BuyBuy (12)Sell (0)
Technical Indicators:Strong BuyBuy (7)Sell (3)","Name
S3
S2
S1
Pivot Points
R1
R2
R3
Classic
7.7646
7.7646
7.7647
7.7648
7.7649
7.7650
7.7651
Fibonacci
7.7646
7.7647
7.7647
7.7648
7.7649
7.7649
7.7650
Camarilla
7.7648
7.7648
7.7648
7.7648
7.7649
7.7649
7.7649
Woodie's
7.7646
7.7646
7.7647
7.7648
7.7649
7.7650
7.7651
DeMark's
-
-
7.7648
7.7648
7.7650
-
-","Technical IndicatorsJun 17, 2021 07:31PM GMT
Name
Value
Action
RSI(14)
58.665
Buy
STOCH(9,6)
43.421
Sell
STOCHRSI(14)
38.355
Sell
MACD(12,26)
0.001
Buy
ADX(14)
45.619
Buy
Williams %R
-31.593
Buy
CCI(14)
79.7411
Buy
ATR(14)
0.0009
Less Volatility
Highs/Lows(14)
0.0000
Neutral
Ultimate Oscillator
46.866
Sell
ROC
0.003
Buy
Bull/Bear Power(13)
0.0017
Buy
Buy: 7
Sell: 3
Neutral: 1


Summary:Strong Buy","Jun 17, 2021 07:31PM GMT"
eur_usd,1.1907 -0.0087    -0.73%,15:32:51,2021-06-17 19:33:10.014196,"Prev. Close: 1.1994
Bid/Ask: 1.1905 / 1.1909
Day's Range: 1.1892 - 1.2007",Strong Sell,"Summary:Strong Sell
Moving Averages:SellBuy (1)Sell (11)
Technical Indicators:Strong SellBuy (0)Sell (9)","Name
S3
S2
S1
Pivot Points
R1
R2
R3
Classic
1.1895
1.1903
1.1907
1.1915
1.1919
1.1927
1.1931
Fibonacci
1.1903
1.1908
1.1910
1.1915
1.1920
1.1922
1.1927
Camarilla
1.1908
1.1909
1.1910
1.1915
1.1912
1.1913
1.1914
Woodie's
1.1893
1.1902
1.1905
1.1914
1.1917
1.1926
1.1929
DeMark's
-
-
1.1905
1.1914
1.1917
-
-","Technical IndicatorsJun 17, 2021 07:30PM GMT
Name
Value
Action
RSI(14)
27.361
Sell
STOCH(9,6)
28.305
Sell
STOCHRSI(14)
96.738
Overbought
MACD(12,26)
-0.004
Sell
ADX(14)
38.031
Sell
Williams %R
-82.143
Oversold
CCI(14)
-107.1752
Sell
ATR(14)
0.0023
High Volatility
Highs/Lows(14)
-0.0012
Sell
Ultimate Oscillator
37.373
Sell
ROC
-0.750
Sell
Bull/Bear Power(13)
-0.0039
Sell
Buy: 0
Sell: 9
Neutral: 0


Summary:Strong Sell","Jun 17, 2021 07:30PM GMT"
gbp_usd,1.3928 -0.0060    -0.43%,15:32:44,2021-06-17 19:33:10.017783,"Prev. Close: 1.3987
Bid/Ask: 1.3927 / 1.3928
Day's Range: 1.3896 - 1.4010",Strong Sell,"Summary:Strong Sell
Moving Averages:SellBuy (2)Sell (10)
Technical Indicators:Strong SellBuy (0)Sell (10)","Name
S3
S2
S1
Pivot Points
R1
R2
R3
Classic
1.3906
1.3915
1.3918
1.3927
1.3931
1.3939
1.3943
Fibonacci
1.3915
1.3920
1.3922
1.3927
1.3932
1.3934
1.3939
Camarilla
1.3920
1.3921
1.3922
1.3927
1.3925
1.3926
1.3927
Woodie's
1.3904
1.3914
1.3916
1.3926
1.3929
1.3938
1.3941
DeMark's
-
-
1.3917
1.3926
1.3930
-
-","Technical IndicatorsJun 17, 2021 07:31PM GMT
Name
Value
Action
RSI(14)
36.656
Sell
STOCH(9,6)
30.612
Sell
STOCHRSI(14)
100.000
Overbought
MACD(12,26)
-0.003
Sell
ADX(14)
37.932
Sell
Williams %R
-70.777
Sell
CCI(14)
-74.5450
Sell
ATR(14)
0.0026
High Volatility
Highs/Lows(14)
-0.0008
Sell
Ultimate Oscillator
38.438
Sell
ROC
-0.546
Sell
Bull/Bear Power(13)
-0.0026
Sell
Buy: 0
Sell: 10
Neutral: 0


Summary:Strong Sell","Jun 17, 2021 07:31PM GMT"
usd_jpy,110.27 -0.42    -0.38%,15:32:30,2021-06-17 19:33:10.020729,"Prev. Close: 110.69
Bid/Ask: 110.26 / 110.28
Day's Range: 110.17 - 110.83",Strong Sell,"Summary:Strong Sell
Moving Averages:SellBuy (5)Sell (7)
Technical Indicators:Strong SellBuy (1)Sell (7)","Name
S3
S2
S1
Pivot Points
R1
R2
R3
Classic
110.15
110.17
110.21
110.23
110.27
110.29
110.32
Fibonacci
110.17
110.19
110.21
110.23
110.25
110.27
110.29
Camarilla
110.24
110.24
110.25
110.23
110.26
110.27
110.27
Woodie's
110.17
110.18
110.23
110.24
110.29
110.30
110.34
DeMark's
-
-
110.23
110.24
110.29
-
-","Technical IndicatorsJun 17, 2021 07:31PM GMT
Name
Value
Action
RSI(14)
41.609
Sell
STOCH(9,6)
15.169
Oversold
STOCHRSI(14)
12.187
Oversold
MACD(12,26)
-0.020
Sell
ADX(14)
36.026
Buy
Williams %R
-84.873
Oversold
CCI(14)
-85.7509
Sell
ATR(14)
0.1300
High Volatility
Highs/Lows(14)
-0.1554
Sell
Ultimate Oscillator
43.014
Sell
ROC
-0.348
Sell
Bull/Bear Power(13)
-0.2680
Sell
Buy: 1
Sell: 7
Neutral: 0


Summary:Strong Sell","Jun 17, 2021 07:31PM GMT"
aud_usd,0.7553 -0.0057    -0.75%,15:32:53,2021-06-17 19:33:10.023551,"Prev. Close: 0.7610
Bid/Ask: 0.7552 / 0.7554
Day's Range: 0.7540 - 0.7646",Strong Sell,"Summary:Strong Sell
Moving Averages:SellBuy (1)Sell (11)
Technical Indicators:Strong SellBuy (1)Sell (9)","Name
S3
S2
S1
Pivot Points
R1
R2
R3
Classic
0.7540
0.7546
0.7549
0.7555
0.7558
0.7564
0.7568
Fibonacci
0.7546
0.7549
0.7551
0.7555
0.7559
0.7561
0.7564
Camarilla
0.7549
0.7550
0.7551
0.7555
0.7552
0.7553
0.7554
Woodie's
0.7538
0.7545
0.7547
0.7554
0.7556
0.7563
0.7566
DeMark's
-
-
0.7547
0.7554
0.7556
-
-","Technical IndicatorsJun 17, 2021 07:31PM GMT
Name
Value
Action
RSI(14)
28.510
Sell
STOCH(9,6)
21.788
Sell
STOCHRSI(14)
72.166
Buy
MACD(12,26)
-0.003
Sell
ADX(14)
45.840
Sell
Williams %R
-84.153
Oversold
CCI(14)
-86.7118
Sell
ATR(14)
0.0018
Less Volatility
Highs/Lows(14)
-0.0014
Sell
Ultimate Oscillator
31.555
Sell
ROC
-1.003
Sell
Bull/Bear Power(13)
-0.0034
Sell
Buy: 1
Sell: 9
Neutral: 0


Summary:Strong Sell","Jun 17, 2021 07:31PM GMT"
eur_gbp,0.8550 -0.0024    -0.27%,15:32:56,2021-06-17 19:33:10.026332,"Prev. Close: 0.8573
Bid/Ask: 0.8549 / 0.8550
Day's Range: 0.8542 - 0.8580",Strong Sell,"Summary:Strong Sell
Moving Averages:Strong SellBuy (0)Sell (12)
Technical Indicators:Strong SellBuy (1)Sell (9)","Name
S3
S2
S1
Pivot Points
R1
R2
R3
Classic
0.8548
0.8551
0.8552
0.8555
0.8556
0.8559
0.8561
Fibonacci
0.8551
0.8552
0.8553
0.8555
0.8557
0.8558
0.8559
Camarilla
0.8553
0.8554
0.8554
0.8555
0.8555
0.8555
0.8556
Woodie's
0.8548
0.8551
0.8552
0.8555
0.8556
0.8559
0.8561
DeMark's
-
-
0.8552
0.8555
0.8556
-
-","Technical IndicatorsJun 17, 2021 07:31PM GMT
Name
Value
Action
RSI(14)
34.477
Sell
STOCH(9,6)
46.707
Neutral
STOCHRSI(14)
56.472
Buy
MACD(12,26)
-0.001
Sell
ADX(14)
35.456
Sell
Williams %R
-73.437
Sell
CCI(14)
-103.5123
Sell
ATR(14)
0.0011
High Volatility
Highs/Lows(14)
-0.0001
Sell
Ultimate Oscillator
45.633
Sell
ROC
-0.233
Sell
Bull/Bear Power(13)
-0.0015
Sell
Buy: 1
Sell: 9
Neutral: 1


Summary:Strong Sell","Jun 17, 2021 07:31PM GMT"
usd_cad,1.2353 +0.0076    +0.62%,15:32:51,2021-06-17 19:33:10.029130,"Prev. Close: 1.2276
Bid/Ask: 1.2352 / 1.2353
Day's Range: 1.2261 - 1.2378",Strong Buy,"Summary:Strong Buy
Moving Averages:Strong BuyBuy (11)Sell (1)
Technical Indicators:Strong BuyBuy (10)Sell (1)","Name
S3
S2
S1
Pivot Points
R1
R2
R3
Classic
1.2329
1.2334
1.2343
1.2349
1.2358
1.2364
1.2373
Fibonacci
1.2334
1.2340
1.2343
1.2349
1.2355
1.2358
1.2364
Camarilla
1.2348
1.2349
1.2351
1.2349
1.2353
1.2355
1.2356
Woodie's
1.2331
1.2335
1.2345
1.2350
1.2360
1.2365
1.2375
DeMark's
-
-
1.2345
1.2350
1.2360
-
-","Technical IndicatorsJun 17, 2021 07:31PM GMT
Name
Value
Action
RSI(14)
70.433
Buy
STOCH(9,6)
68.620
Buy
STOCHRSI(14)
32.810
Sell
MACD(12,26)
0.003
Buy
ADX(14)
36.698
Buy
Williams %R
-23.348
Buy
CCI(14)
98.6414
Buy
ATR(14)
0.0026
High Volatility
Highs/Lows(14)
0.0012
Buy
Ultimate Oscillator
68.676
Buy
ROC
0.681
Buy
Bull/Bear Power(13)
0.0042
Buy
Buy: 10
Sell: 1
Neutral: 0


Summary:Strong Buy","Jun 17, 2021 07:31PM GMT"
usd_chf,0.9176 +0.0091    +1.00%,15:32:38,2021-06-17 19:33:10.031928,"Prev. Close: 0.9085
Bid/Ask: 0.9174 / 0.9178
Day's Range: 0.9076 - 0.9188",Strong Buy,"Summary:Strong Buy
Moving Averages:Strong BuyBuy (11)Sell (1)
Technical Indicators:Strong BuyBuy (8)Sell (0)","Name
S3
S2
S1
Pivot Points
R1
R2
R3
Classic
0.9159
0.9162
0.9168
0.9171
0.9177
0.9180
0.9185
Fibonacci
0.9162
0.9166
0.9168
0.9171
0.9174
0.9176
0.9180
Camarilla
0.9171
0.9172
0.9173
0.9171
0.9174
0.9175
0.9176
Woodie's
0.9161
0.9163
0.9170
0.9172
0.9179
0.9181
0.9187
DeMark's
-
-
0.9169
0.9172
0.9178
-
-","Technical IndicatorsJun 17, 2021 07:31PM GMT
Name
Value
Action
RSI(14)
76.166
Overbought
STOCH(9,6)
77.977
Buy
STOCHRSI(14)
4.431
Oversold
MACD(12,26)
0.004
Buy
ADX(14)
38.566
Buy
Williams %R
-13.527
Overbought
CCI(14)
103.6086
Buy
ATR(14)
0.0018
High Volatility
Highs/Lows(14)
0.0015
Buy
Ultimate Oscillator
67.854
Buy
ROC
1.007
Buy
Bull/Bear Power(13)
0.0051
Buy
Buy: 8
Sell: 0
Neutral: 0


Summary:Strong Buy","Jun 17, 2021 07:31PM GMT"
nzd_chf,0.6428 +0.0024    +0.37%,15:32:56,2021-06-17 19:33:10.034739,"Prev. Close: 0.6404
Bid/Ask: 0.6425 / 0.6431
Day's Range: 0.6406 - 0.6453",Neutral,"Summary:Neutral
Moving Averages:BuyBuy (9)Sell (3)
Technical Indicators:SellBuy (2)Sell (3)","Name
S3
S2
S1
Pivot Points
R1
R2
R3
Classic
0.6419
0.6421
0.6425
0.6427
0.6430
0.6433
0.6436
Fibonacci
0.6421
0.6423
0.6425
0.6427
0.6429
0.6431
0.6433
Camarilla
0.6425
0.6425
0.6426
0.6427
0.6427
0.6428
0.6428
Woodie's
0.6419
0.6421
0.6425
0.6427
0.6430
0.6433
0.6436
DeMark's
-
-
0.6422
0.6426
0.6428
-
-","Technical IndicatorsJun 17, 2021 07:32PM GMT
Name
Value
Action
RSI(14)
51.888
Neutral
STOCH(9,6)
52.056
Neutral
STOCHRSI(14)
48.689
Neutral
MACD(12,26)
0.000
Buy
ADX(14)
26.281
Sell
Williams %R
-52.689
Neutral
CCI(14)
-10.1770
Neutral
ATR(14)
0.0012
Less Volatility
Highs/Lows(14)
0.0000
Neutral
Ultimate Oscillator
53.373
Buy
ROC
-0.155
Sell
Bull/Bear Power(13)
-0.0004
Sell
Buy: 2
Sell: 3
Neutral: 6


Summary:Sell","Jun 17, 2021 07:32PM GMT"
usd_cny,6.4484 +0.0515    +0.80%,11:27:22,2021-06-17 19:33:10.037509,"Prev. Close: 6.3969
Bid/Ask: 6.4477 / 6.4490
Day's Range: 6.3972 - 6.4494",Strong Buy,"Summary:Strong Buy
Moving Averages:BuyBuy (12)Sell (0)
Technical Indicators:Strong BuyBuy (7)Sell (0)","Name
S3
S2
S1
Pivot Points
R1
R2
R3
Classic
6.4380
6.4399
6.4436
6.4455
6.4492
6.4511
6.4548
Fibonacci
6.4399
6.4420
6.4434
6.4455
6.4476
6.4490
6.4511
Camarilla
6.4458
6.4463
6.4468
6.4455
6.4479
6.4484
6.4489
Woodie's
6.4390
6.4404
6.4446
6.4460
6.4502
6.4516
6.4558
DeMark's
-
-
6.4446
6.4460
6.4502
-
-","Technical IndicatorsJun 17, 2021 03:34PM GMT
Name
Value
Action
RSI(14)
85.433
Overbought
STOCH(9,6)
77.649
Buy
STOCHRSI(14)
100.000
Overbought
MACD(12,26)
0.011
Buy
ADX(14)
61.337
Buy
Williams %R
-3.426
Overbought
CCI(14)
151.8010
Buy
ATR(14)
0.0041
Less Volatility
Highs/Lows(14)
0.0141
Buy
Ultimate Oscillator
82.973
Overbought
ROC
0.391
Buy
Bull/Bear Power(13)
0.0286
Buy
Buy: 7
Sell: 0
Neutral: 0


Summary:Strong Buy","Jun 17, 2021 03:34PM GMT"
usd_hkd,7.7649 +0.0019    +0.02%,15:32:49,2021-06-17 19:33:10.040305,"Prev. Close: 7.7630
Bid/Ask: 7.7647 / 7.7650
Day's Range: 7.7625 - 7.7656",Strong Buy,"Summary:Strong Buy
Moving Averages:BuyBuy (12)Sell (0)
Technical Indicators:Strong BuyBuy (7)Sell (3)","Name
S3
S2
S1
Pivot Points
R1
R2
R3
Classic
7.7646
7.7646
7.7647
7.7648
7.7649
7.7650
7.7651
Fibonacci
7.7646
7.7647
7.7647
7.7648
7.7649
7.7649
7.7650
Camarilla
7.7648
7.7648
7.7648
7.7648
7.7649
7.7649
7.7649
Woodie's
7.7646
7.7646
7.7647
7.7648
7.7649
7.7650
7.7651
DeMark's
-
-
7.7648
7.7648
7.7650
-
-","Technical IndicatorsJun 17, 2021 07:31PM GMT
Name
Value
Action
RSI(14)
58.665
Buy
STOCH(9,6)
43.421
Sell
STOCHRSI(14)
38.355
Sell
MACD(12,26)
0.001
Buy
ADX(14)
45.619
Buy
Williams %R
-31.593
Buy
CCI(14)
79.7411
Buy
ATR(14)
0.0009
Less Volatility
Highs/Lows(14)
0.0000
Neutral
Ultimate Oscillator
46.866
Sell
ROC
0.003
Buy
Bull/Bear Power(13)
0.0017
Buy
Buy: 7
Sell: 3
Neutral: 1


Summary:Strong Buy","Jun 17, 2021 07:31PM GMT"
eur_usd,1.1908 -0.0086    -0.72%,15:33:35,2021-06-17 19:34:10.292418,"Prev. Close: 1.1994
Bid/Ask: 1.1907 / 1.1908
Day's Range: 1.1892 - 1.2007",Strong Sell,"Summary:Strong Sell
Moving Averages:Strong SellBuy (0)Sell (12)
Technical Indicators:Strong SellBuy (0)Sell (9)","Name
S3
S2
S1
Pivot Points
R1
R2
R3
Classic
1.1895
1.1903
1.1907
1.1915
1.1919
1.1927
1.1931
Fibonacci
1.1903
1.1908
1.1910
1.1915
1.1920
1.1922
1.1927
Camarilla
1.1908
1.1909
1.1910
1.1915
1.1912
1.1913
1.1914
Woodie's
1.1893
1.1902
1.1905
1.1914
1.1917
1.1926
1.1929
DeMark's
-
-
1.1905
1.1914
1.1917
-
-","Technical IndicatorsJun 17, 2021 07:32PM GMT
Name
Value
Action
RSI(14)
26.263
Sell
STOCH(9,6)
27.174
Sell
STOCHRSI(14)
87.958
Overbought
MACD(12,26)
-0.004
Sell
ADX(14)
38.031
Sell
Williams %R
-85.715
Oversold
CCI(14)
-111.3413
Sell
ATR(14)
0.0023
High Volatility
Highs/Lows(14)
-0.0016
Sell
Ultimate Oscillator
35.325
Sell
ROC
-0.783
Sell
Bull/Bear Power(13)
-0.0039
Sell
Buy: 0
Sell: 9
Neutral: 0


Summary:Strong Sell","Jun 17, 2021 07:32PM GMT"
gbp_usd,1.3928 -0.0060    -0.43%,15:33:35,2021-06-17 19:34:10.296014,"Prev. Close: 1.3987
Bid/Ask: 1.3927 / 1.3928
Day's Range: 1.3896 - 1.4010",Strong Sell,"Summary:Strong Sell
Moving Averages:SellBuy (2)Sell (10)
Technical Indicators:Strong SellBuy (0)Sell (10)","Name
S3
S2
S1
Pivot Points
R1
R2
R3
Classic
1.3906
1.3915
1.3918
1.3927
1.3931
1.3939
1.3943
Fibonacci
1.3915
1.3920
1.3922
1.3927
1.3932
1.3934
1.3939
Camarilla
1.3920
1.3921
1.3922
1.3927
1.3925
1.3926
1.3927
Woodie's
1.3904
1.3914
1.3916
1.3926
1.3929
1.3938
1.3941
DeMark's
-
-
1.3917
1.3926
1.3930
-
-","Technical IndicatorsJun 17, 2021 07:33PM GMT
Name
Value
Action
RSI(14)
36.483
Sell
STOCH(9,6)
30.487
Sell
STOCHRSI(14)
100.000
Overbought
MACD(12,26)
-0.003
Sell
ADX(14)
37.932
Sell
Williams %R
-71.233
Sell
CCI(14)
-74.9920
Sell
ATR(14)
0.0026
High Volatility
Highs/Lows(14)
-0.0008
Sell
Ultimate Oscillator
38.229
Sell
ROC
-0.550
Sell
Bull/Bear Power(13)
-0.0026
Sell
Buy: 0
Sell: 10
Neutral: 0


Summary:Strong Sell","Jun 17, 2021 07:33PM GMT"
usd_jpy,110.28 -0.41    -0.37%,15:33:43,2021-06-17 19:34:10.298956,"Prev. Close: 110.69
Bid/Ask: 110.26 / 110.29
Day's Range: 110.17 - 110.83",Strong Sell,"Summary:Strong Sell
Moving Averages:SellBuy (4)Sell (8)
Technical Indicators:Strong SellBuy (1)Sell (7)","Name
S3
S2
S1
Pivot Points
R1
R2
R3
Classic
110.15
110.17
110.21
110.23
110.27
110.29
110.32
Fibonacci
110.17
110.19
110.21
110.23
110.25
110.27
110.29
Camarilla
110.24
110.24
110.25
110.23
110.26
110.27
110.27
Woodie's
110.17
110.18
110.23
110.24
110.29
110.30
110.34
DeMark's
-
-
110.23
110.24
110.29
-
-","Technical IndicatorsJun 17, 2021 07:33PM GMT
Name
Value
Action
RSI(14)
42.233
Sell
STOCH(9,6)
15.454
Oversold
STOCHRSI(14)
14.460
Oversold
MACD(12,26)
-0.020
Sell
ADX(14)
36.026
Buy
Williams %R
-83.194
Oversold
CCI(14)
-84.6472
Sell
ATR(14)
0.1300
High Volatility
Highs/Lows(14)
-0.1454
Sell
Ultimate Oscillator
43.827
Sell
ROC
-0.339
Sell
Bull/Bear Power(13)
-0.2700
Sell
Buy: 1
Sell: 7
Neutral: 0


Summary:Strong Sell","Jun 17, 2021 07:33PM GMT"
aud_usd,0.7553 -0.0057    -0.75%,15:33:35,2021-06-17 19:34:10.301755,"Prev. Close: 0.7610
Bid/Ask: 0.7552 / 0.7554
Day's Range: 0.7540 - 0.7646",Strong Sell,"Summary:Strong Sell
Moving Averages:SellBuy (1)Sell (11)
Technical Indicators:Strong SellBuy (1)Sell (9)","Name
S3
S2
S1
Pivot Points
R1
R2
R3
Classic
0.7540
0.7546
0.7549
0.7555
0.7558
0.7564
0.7568
Fibonacci
0.7546
0.7549
0.7551
0.7555
0.7559
0.7561
0.7564
Camarilla
0.7549
0.7550
0.7551
0.7555
0.7552
0.7553
0.7554
Woodie's
0.7538
0.7545
0.7547
0.7554
0.7556
0.7563
0.7566
DeMark's
-
-
0.7547
0.7554
0.7556
-
-","Technical IndicatorsJun 17, 2021 07:33PM GMT
Name
Value
Action
RSI(14)
27.860
Sell
STOCH(9,6)
21.470
Sell
STOCHRSI(14)
67.645
Buy
MACD(12,26)
-0.003
Sell
ADX(14)
45.840
Sell
Williams %R
-85.246
Oversold
CCI(14)
-87.6260
Sell
ATR(14)
0.0018
Less Volatility
Highs/Lows(14)
-0.0015
Sell
Ultimate Oscillator
30.920
Sell
ROC
-1.016
Sell
Bull/Bear Power(13)
-0.0034
Sell
Buy: 1
Sell: 9
Neutral: 0


Summary:Strong Sell","Jun 17, 2021 07:33PM GMT"
eur_gbp,0.8550 -0.0024    -0.27%,15:33:40,2021-06-17 19:34:10.304562,"Prev. Close: 0.8573
Bid/Ask: 0.8548 / 0.8551
Day's Range: 0.8542 - 0.8580",Strong Sell,"Summary:Strong Sell
Moving Averages:Strong SellBuy (0)Sell (12)
Technical Indicators:Strong SellBuy (1)Sell (9)","Name
S3
S2
S1
Pivot Points
R1
R2
R3
Classic
0.8548
0.8551
0.8552
0.8555
0.8556
0.8559
0.8561
Fibonacci
0.8551
0.8552
0.8553
0.8555
0.8557
0.8558
0.8559
Camarilla
0.8553
0.8554
0.8554
0.8555
0.8555
0.8555
0.8556
Woodie's
0.8548
0.8551
0.8552
0.8555
0.8556
0.8559
0.8561
DeMark's
-
-
0.8552
0.8555
0.8556
-
-","Technical IndicatorsJun 17, 2021 07:31PM GMT
Name
Value
Action
RSI(14)
34.477
Sell
STOCH(9,6)
46.707
Neutral
STOCHRSI(14)
56.472
Buy
MACD(12,26)
-0.001
Sell
ADX(14)
35.456
Sell
Williams %R
-73.437
Sell
CCI(14)
-103.5123
Sell
ATR(14)
0.0011
High Volatility
Highs/Lows(14)
-0.0001
Sell
Ultimate Oscillator
45.633
Sell
ROC
-0.233
Sell
Bull/Bear Power(13)
-0.0015
Sell
Buy: 1
Sell: 9
Neutral: 1


Summary:Strong Sell","Jun 17, 2021 07:31PM GMT"
usd_cad,1.2351 +0.0075    +0.61%,15:33:40,2021-06-17 19:34:10.307389,"Prev. Close: 1.2276
Bid/Ask: 1.2349 / 1.2353
Day's Range: 1.2261 - 1.2378",Strong Buy,"Summary:Strong Buy
Moving Averages:BuyBuy (10)Sell (2)
Technical Indicators:Strong BuyBuy (10)Sell (0)","Name
S3
S2
S1
Pivot Points
R1
R2
R3
Classic
1.2329
1.2334
1.2343
1.2349
1.2358
1.2364
1.2373
Fibonacci
1.2334
1.2340
1.2343
1.2349
1.2355
1.2358
1.2364
Camarilla
1.2348
1.2349
1.2351
1.2349
1.2353
1.2355
1.2356
Woodie's
1.2331
1.2335
1.2345
1.2350
1.2360
1.2365
1.2375
DeMark's
-
-
1.2345
1.2350
1.2360
-
-","Technical IndicatorsJun 17, 2021 07:33PM GMT
Name
Value
Action
RSI(14)
68.892
Buy
STOCH(9,6)
68.014
Buy
STOCHRSI(14)
21.187
Oversold
MACD(12,26)
0.003
Buy
ADX(14)
36.698
Buy
Williams %R
-25.992
Buy
CCI(14)
95.6091
Buy
ATR(14)
0.0026
High Volatility
Highs/Lows(14)
0.0009
Buy
Ultimate Oscillator
67.486
Buy
ROC
0.656
Buy
Bull/Bear Power(13)
0.0042
Buy
Buy: 10
Sell: 0
Neutral: 0


Summary:Strong Buy","Jun 17, 2021 07:33PM GMT"
usd_chf,0.9176 +0.0091    +1.00%,15:33:40,2021-06-17 19:34:10.310190,"Prev. Close: 0.9085
Bid/Ask: 0.9175 / 0.9176
Day's Range: 0.9076 - 0.9188",Strong Buy,"Summary:Strong Buy
Moving Averages:Strong BuyBuy (11)Sell (1)
Technical Indicators:Strong BuyBuy (8)Sell (0)","Name
S3
S2
S1
Pivot Points
R1
R2
R3
Classic
0.9159
0.9162
0.9168
0.9171
0.9177
0.9180
0.9185
Fibonacci
0.9162
0.9166
0.9168
0.9171
0.9174
0.9176
0.9180
Camarilla
0.9171
0.9172
0.9173
0.9171
0.9174
0.9175
0.9176
Woodie's
0.9161
0.9163
0.9170
0.9172
0.9179
0.9181
0.9187
DeMark's
-
-
0.9169
0.9172
0.9178
-
-","Technical IndicatorsJun 17, 2021 07:33PM GMT
Name
Value
Action
RSI(14)
76.372
Overbought
STOCH(9,6)
78.286
Buy
STOCHRSI(14)
6.253
Oversold
MACD(12,26)
0.004
Buy
ADX(14)
38.566
Buy
Williams %R
-12.560
Overbought
CCI(14)
104.6280
Buy
ATR(14)
0.0018
High Volatility
Highs/Lows(14)
0.0016
Buy
Ultimate Oscillator
68.468
Buy
ROC
1.018
Buy
Bull/Bear Power(13)
0.0051
Buy
Buy: 8
Sell: 0
Neutral: 0


Summary:Strong Buy","Jun 17, 2021 07:33PM GMT"
nzd_chf,0.6428 +0.0024    +0.37%,15:33:41,2021-06-17 19:34:10.313031,"Prev. Close: 0.6404
Bid/Ask: 0.6425 / 0.6431
Day's Range: 0.6406 - 0.6453",Neutral,"Summary:Neutral
Moving Averages:BuyBuy (9)Sell (3)
Technical Indicators:SellBuy (2)Sell (3)","Name
S3
S2
S1
Pivot Points
R1
R2
R3
Classic
0.6419
0.6421
0.6425
0.6427
0.6430
0.6433
0.6436
Fibonacci
0.6421
0.6423
0.6425
0.6427
0.6429
0.6431
0.6433
Camarilla
0.6425
0.6425
0.6426
0.6427
0.6427
0.6428
0.6428
Woodie's
0.6419
0.6421
0.6425
0.6427
0.6430
0.6433
0.6436
DeMark's
-
-
0.6422
0.6426
0.6428
-
-","Technical IndicatorsJun 17, 2021 07:33PM GMT
Name
Value
Action
RSI(14)
51.888
Neutral
STOCH(9,6)
52.056
Neutral
STOCHRSI(14)
48.689
Neutral
MACD(12,26)
0.000
Buy
ADX(14)
26.281
Sell
Williams %R
-52.689
Neutral
CCI(14)
-10.1770
Neutral
ATR(14)
0.0012
Less Volatility
Highs/Lows(14)
0.0000
Neutral
Ultimate Oscillator
53.373
Buy
ROC
-0.155
Sell
Bull/Bear Power(13)
-0.0004
Sell
Buy: 2
Sell: 3
Neutral: 6


Summary:Sell","Jun 17, 2021 07:33PM GMT"
usd_cny,6.4484 +0.0515    +0.80%,11:27:22,2021-06-17 19:34:10.315962,"Prev. Close: 6.3969
Bid/Ask: 6.4477 / 6.4490
Day's Range: 6.3972 - 6.4494",Strong Buy,"Summary:Strong Buy
Moving Averages:BuyBuy (12)Sell (0)
Technical Indicators:Strong BuyBuy (7)Sell (0)","Name
S3
S2
S1
Pivot Points
R1
R2
R3
Classic
6.4380
6.4399
6.4436
6.4455
6.4492
6.4511
6.4548
Fibonacci
6.4399
6.4420
6.4434
6.4455
6.4476
6.4490
6.4511
Camarilla
6.4458
6.4463
6.4468
6.4455
6.4479
6.4484
6.4489
Woodie's
6.4390
6.4404
6.4446
6.4460
6.4502
6.4516
6.4558
DeMark's
-
-
6.4446
6.4460
6.4502
-
-","Technical IndicatorsJun 17, 2021 03:34PM GMT
Name
Value
Action
RSI(14)
85.433
Overbought
STOCH(9,6)
77.649
Buy
STOCHRSI(14)
100.000
Overbought
MACD(12,26)
0.011
Buy
ADX(14)
61.337
Buy
Williams %R
-3.426
Overbought
CCI(14)
151.8010
Buy
ATR(14)
0.0041
Less Volatility
Highs/Lows(14)
0.0141
Buy
Ultimate Oscillator
82.973
Overbought
ROC
0.391
Buy
Bull/Bear Power(13)
0.0286
Buy
Buy: 7
Sell: 0
Neutral: 0


Summary:Strong Buy","Jun 17, 2021 03:34PM GMT"
usd_hkd,7.7649 +0.0019    +0.02%,15:33:29,2021-06-17 19:34:10.318796,"Prev. Close: 7.7630
Bid/Ask: 7.7647 / 7.7650
Day's Range: 7.7625 - 7.7656",Strong Buy,"Summary:Strong Buy
Moving Averages:BuyBuy (12)Sell (0)
Technical Indicators:Strong BuyBuy (7)Sell (3)","Name
S3
S2
S1
Pivot Points
R1
R2
R3
Classic
7.7646
7.7646
7.7647
7.7648
7.7649
7.7650
7.7651
Fibonacci
7.7646
7.7647
7.7647
7.7648
7.7649
7.7649
7.7650
Camarilla
7.7648
7.7648
7.7648
7.7648
7.7649
7.7649
7.7649
Woodie's
7.7646
7.7646
7.7647
7.7648
7.7649
7.7650
7.7651
DeMark's
-
-
7.7648
7.7648
7.7650
-
-","Technical IndicatorsJun 17, 2021 07:33PM GMT
Name
Value
Action
RSI(14)
58.665
Buy
STOCH(9,6)
43.421
Sell
STOCHRSI(14)
38.355
Sell
MACD(12,26)
0.001
Buy
ADX(14)
45.619
Buy
Williams %R
-31.593
Buy
CCI(14)
79.7411
Buy
ATR(14)
0.0009
Less Volatility
Highs/Lows(14)
0.0000
Neutral
Ultimate Oscillator
46.866
Sell
ROC
0.003
Buy
Bull/Bear Power(13)
0.0017
Buy
Buy: 7
Sell: 3
Neutral: 1


Summary:Strong Buy","Jun 17, 2021 07:33PM GMT"
eur_usd,1.1907 -0.0088    -0.73%,15:34:51,2021-06-17 19:35:09.948484,"Prev. Close: 1.1994
Bid/Ask: 1.1906 / 1.1907
Day's Range: 1.1892 - 1.2007",Strong Sell,"Summary:Strong Sell
Moving Averages:Strong SellBuy (0)Sell (12)
Technical Indicators:Strong SellBuy (0)Sell (9)","Name
S3
S2
S1
Pivot Points
R1
R2
R3
Classic
1.1895
1.1903
1.1907
1.1915
1.1919
1.1927
1.1931
Fibonacci
1.1903
1.1908
1.1910
1.1915
1.1920
1.1922
1.1927
Camarilla
1.1908
1.1909
1.1910
1.1915
1.1912
1.1913
1.1914
Woodie's
1.1893
1.1902
1.1905
1.1914
1.1917
1.1926
1.1929
DeMark's
-
-
1.1905
1.1914
1.1917
-
-","Technical IndicatorsJun 17, 2021 07:34PM GMT
Name
Value
Action
RSI(14)
26.078
Sell
STOCH(9,6)
26.892
Sell
STOCHRSI(14)
86.478
Overbought
MACD(12,26)
-0.004
Sell
ADX(14)
38.031
Sell
Williams %R
-86.607
Oversold
CCI(14)
-112.3750
Sell
ATR(14)
0.0023
High Volatility
Highs/Lows(14)
-0.0017
Sell
Ultimate Oscillator
34.814
Sell
ROC
-0.792
Sell
Bull/Bear Power(13)
-0.0039
Sell
Buy: 0
Sell: 9
Neutral: 0


Summary:Strong Sell","Jun 17, 2021 07:34PM GMT"
gbp_usd,1.3927 -0.0060    -0.43%,15:34:39,2021-06-17 19:35:09.952110,"Prev. Close: 1.3987
Bid/Ask: 1.3925 / 1.3929
Day's Range: 1.3896 - 1.4010",Strong Sell,"Summary:Strong Sell
Moving Averages:SellBuy (2)Sell (10)
Technical Indicators:Strong SellBuy (0)Sell (10)","Name
S3
S2
S1
Pivot Points
R1
R2
R3
Classic
1.3906
1.3915
1.3918
1.3927
1.3931
1.3939
1.3943
Fibonacci
1.3915
1.3920
1.3922
1.3927
1.3932
1.3934
1.3939
Camarilla
1.3920
1.3921
1.3922
1.3927
1.3925
1.3926
1.3927
Woodie's
1.3904
1.3914
1.3916
1.3926
1.3929
1.3938
1.3941
DeMark's
-
-
1.3917
1.3926
1.3930
-
-","Technical IndicatorsJun 17, 2021 07:33PM GMT
Name
Value
Action
RSI(14)
36.483
Sell
STOCH(9,6)
30.487
Sell
STOCHRSI(14)
100.000
Overbought
MACD(12,26)
-0.003
Sell
ADX(14)
37.932
Sell
Williams %R
-71.233
Sell
CCI(14)
-74.9920
Sell
ATR(14)
0.0026
High Volatility
Highs/Lows(14)
-0.0008
Sell
Ultimate Oscillator
38.229
Sell
ROC
-0.550
Sell
Bull/Bear Power(13)
-0.0026
Sell
Buy: 0
Sell: 10
Neutral: 0


Summary:Strong Sell","Jun 17, 2021 07:33PM GMT"
usd_jpy,110.28 -0.41    -0.37%,15:34:38,2021-06-17 19:35:09.955103,"Prev. Close: 110.69
Bid/Ask: 110.26 / 110.29
Day's Range: 110.17 - 110.83",Strong Sell,"Summary:Strong Sell
Moving Averages:SellBuy (4)Sell (8)
Technical Indicators:Strong SellBuy (1)Sell (7)","Name
S3
S2
S1
Pivot Points
R1
R2
R3
Classic
110.15
110.17
110.21
110.23
110.27
110.29
110.32
Fibonacci
110.17
110.19
110.21
110.23
110.25
110.27
110.29
Camarilla
110.24
110.24
110.25
110.23
110.26
110.27
110.27
Woodie's
110.17
110.18
110.23
110.24
110.29
110.30
110.34
DeMark's
-
-
110.23
110.24
110.29
-
-","Technical IndicatorsJun 17, 2021 07:33PM GMT
Name
Value
Action
RSI(14)
42.233
Sell
STOCH(9,6)
15.454
Oversold
STOCHRSI(14)
14.460
Oversold
MACD(12,26)
-0.020
Sell
ADX(14)
36.026
Buy
Williams %R
-83.194
Oversold
CCI(14)
-84.6472
Sell
ATR(14)
0.1300
High Volatility
Highs/Lows(14)
-0.1454
Sell
Ultimate Oscillator
43.827
Sell
ROC
-0.339
Sell
Bull/Bear Power(13)
-0.2700
Sell
Buy: 1
Sell: 7
Neutral: 0


Summary:Strong Sell","Jun 17, 2021 07:33PM GMT"
aud_usd,0.7553 -0.0057    -0.76%,15:34:51,2021-06-17 19:35:09.957963,"Prev. Close: 0.7610
Bid/Ask: 0.7552 / 0.7553
Day's Range: 0.7540 - 0.7646",Strong Sell,"Summary:Strong Sell
Moving Averages:SellBuy (1)Sell (11)
Technical Indicators:Strong SellBuy (1)Sell (9)","Name
S3
S2
S1
Pivot Points
R1
R2
R3
Classic
0.7540
0.7546
0.7549
0.7555
0.7558
0.7564
0.7568
Fibonacci
0.7546
0.7549
0.7551
0.7555
0.7559
0.7561
0.7564
Camarilla
0.7549
0.7550
0.7551
0.7555
0.7552
0.7553
0.7554
Woodie's
0.7538
0.7545
0.7547
0.7554
0.7556
0.7563
0.7566
DeMark's
-
-
0.7547
0.7554
0.7556
-
-","Technical IndicatorsJun 17, 2021 07:33PM GMT
Name
Value
Action
RSI(14)
27.860
Sell
STOCH(9,6)
21.470
Sell
STOCHRSI(14)
67.645
Buy
MACD(12,26)
-0.003
Sell
ADX(14)
45.840
Sell
Williams %R
-85.246
Oversold
CCI(14)
-87.6260
Sell
ATR(14)
0.0018
Less Volatility
Highs/Lows(14)
-0.0015
Sell
Ultimate Oscillator
30.920
Sell
ROC
-1.016
Sell
Bull/Bear Power(13)
-0.0034
Sell
Buy: 1
Sell: 9
Neutral: 0


Summary:Strong Sell","Jun 17, 2021 07:33PM GMT"
eur_gbp,0.8549 -0.0024    -0.28%,15:34:51,2021-06-17 19:35:09.960793,"Prev. Close: 0.8573
Bid/Ask: 0.8548 / 0.8550
Day's Range: 0.8542 - 0.8580",Strong Sell,"Summary:Strong Sell
Moving Averages:Strong SellBuy (0)Sell (12)
Technical Indicators:Strong SellBuy (1)Sell (9)","Name
S3
S2
S1
Pivot Points
R1
R2
R3
Classic
0.8548
0.8551
0.8552
0.8555
0.8556
0.8559
0.8561
Fibonacci
0.8551
0.8552
0.8553
0.8555
0.8557
0.8558
0.8559
Camarilla
0.8553
0.8554
0.8554
0.8555
0.8555
0.8555
0.8556
Woodie's
0.8548
0.8551
0.8552
0.8555
0.8556
0.8559
0.8561
DeMark's
-
-
0.8552
0.8555
0.8556
-
-","Technical IndicatorsJun 17, 2021 07:33PM GMT
Name
Value
Action
RSI(14)
34.174
Sell
STOCH(9,6)
46.398
Neutral
STOCHRSI(14)
55.157
Buy
MACD(12,26)
-0.001
Sell
ADX(14)
35.507
Sell
Williams %R
-75.000
Sell
CCI(14)
-108.1976
Sell
ATR(14)
0.0011
High Volatility
Highs/Lows(14)
-0.0002
Sell
Ultimate Oscillator
45.402
Sell
ROC
-0.239
Sell
Bull/Bear Power(13)
-0.0016
Sell
Buy: 1
Sell: 9
Neutral: 1


Summary:Strong Sell","Jun 17, 2021 07:33PM GMT"
usd_cad,1.2352 +0.0076    +0.62%,15:34:46,2021-06-17 19:35:09.963603,"Prev. Close: 1.2276
Bid/Ask: 1.2350 / 1.2354
Day's Range: 1.2261 - 1.2378",Strong Buy,"Summary:Strong Buy
Moving Averages:BuyBuy (10)Sell (2)
Technical Indicators:Strong BuyBuy (10)Sell (0)","Name
S3
S2
S1
Pivot Points
R1
R2
R3
Classic
1.2329
1.2334
1.2343
1.2349
1.2358
1.2364
1.2373
Fibonacci
1.2334
1.2340
1.2343
1.2349
1.2355
1.2358
1.2364
Camarilla
1.2348
1.2349
1.2351
1.2349
1.2353
1.2355
1.2356
Woodie's
1.2331
1.2335
1.2345
1.2350
1.2360
1.2365
1.2375
DeMark's
-
-
1.2345
1.2350
1.2360
-
-","Technical IndicatorsJun 17, 2021 07:33PM GMT
Name
Value
Action
RSI(14)
68.892
Buy
STOCH(9,6)
68.014
Buy
STOCHRSI(14)
21.187
Oversold
MACD(12,26)
0.003
Buy
ADX(14)
36.698
Buy
Williams %R
-25.992
Buy
CCI(14)
95.6091
Buy
ATR(14)
0.0026
High Volatility
Highs/Lows(14)
0.0009
Buy
Ultimate Oscillator
67.486
Buy
ROC
0.656
Buy
Bull/Bear Power(13)
0.0042
Buy
Buy: 10
Sell: 0
Neutral: 0


Summary:Strong Buy","Jun 17, 2021 07:33PM GMT"
usd_chf,0.9176 +0.0091    +1.00%,15:34:36,2021-06-17 19:35:09.966375,"Prev. Close: 0.9085
Bid/Ask: 0.9175 / 0.9176
Day's Range: 0.9076 - 0.9188",Strong Buy,"Summary:Strong Buy
Moving Averages:Strong BuyBuy (11)Sell (1)
Technical Indicators:Strong BuyBuy (8)Sell (0)","Name
S3
S2
S1
Pivot Points
R1
R2
R3
Classic
0.9159
0.9162
0.9168
0.9171
0.9177
0.9180
0.9185
Fibonacci
0.9162
0.9166
0.9168
0.9171
0.9174
0.9176
0.9180
Camarilla
0.9171
0.9172
0.9173
0.9171
0.9174
0.9175
0.9176
Woodie's
0.9161
0.9163
0.9170
0.9172
0.9179
0.9181
0.9187
DeMark's
-
-
0.9169
0.9172
0.9178
-
-","Technical IndicatorsJun 17, 2021 07:33PM GMT
Name
Value
Action
RSI(14)
76.372
Overbought
STOCH(9,6)
78.286
Buy
STOCHRSI(14)
6.253
Oversold
MACD(12,26)
0.004
Buy
ADX(14)
38.566
Buy
Williams %R
-12.560
Overbought
CCI(14)
104.6280
Buy
ATR(14)
0.0018
High Volatility
Highs/Lows(14)
0.0016
Buy
Ultimate Oscillator
68.468
Buy
ROC
1.018
Buy
Bull/Bear Power(13)
0.0051
Buy
Buy: 8
Sell: 0
Neutral: 0


Summary:Strong Buy","Jun 17, 2021 07:33PM GMT"
nzd_chf,0.6428 +0.0024    +0.37%,15:34:46,2021-06-17 19:35:09.969166,"Prev. Close: 0.6404
Bid/Ask: 0.6427 / 0.6429
Day's Range: 0.6406 - 0.6453",Neutral,"Summary:Neutral
Moving Averages:BuyBuy (9)Sell (3)
Technical Indicators:SellBuy (2)Sell (3)","Name
S3
S2
S1
Pivot Points
R1
R2
R3
Classic
0.6419
0.6421
0.6425
0.6427
0.6430
0.6433
0.6436
Fibonacci
0.6421
0.6423
0.6425
0.6427
0.6429
0.6431
0.6433
Camarilla
0.6425
0.6425
0.6426
0.6427
0.6427
0.6428
0.6428
Woodie's
0.6419
0.6421
0.6425
0.6427
0.6430
0.6433
0.6436
DeMark's
-
-
0.6422
0.6426
0.6428
-
-","Technical IndicatorsJun 17, 2021 07:33PM GMT
Name
Value
Action
RSI(14)
51.888
Neutral
STOCH(9,6)
52.056
Neutral
STOCHRSI(14)
48.689
Neutral
MACD(12,26)
0.000
Buy
ADX(14)
26.281
Sell
Williams %R
-52.689
Neutral
CCI(14)
-10.1770
Neutral
ATR(14)
0.0012
Less Volatility
Highs/Lows(14)
0.0000
Neutral
Ultimate Oscillator
53.373
Buy
ROC
-0.155
Sell
Bull/Bear Power(13)
-0.0004
Sell
Buy: 2
Sell: 3
Neutral: 6


Summary:Sell","Jun 17, 2021 07:33PM GMT"
usd_cny,6.4484 +0.0515    +0.80%,11:27:22,2021-06-17 19:35:09.971977,"Prev. Close: 6.3969
Bid/Ask: 6.4477 / 6.4490
Day's Range: 6.3972 - 6.4494",Strong Buy,"Summary:Strong Buy
Moving Averages:BuyBuy (12)Sell (0)
Technical Indicators:Strong BuyBuy (7)Sell (0)","Name
S3
S2
S1
Pivot Points
R1
R2
R3
Classic
6.4380
6.4399
6.4436
6.4455
6.4492
6.4511
6.4548
Fibonacci
6.4399
6.4420
6.4434
6.4455
6.4476
6.4490
6.4511
Camarilla
6.4458
6.4463
6.4468
6.4455
6.4479
6.4484
6.4489
Woodie's
6.4390
6.4404
6.4446
6.4460
6.4502
6.4516
6.4558
DeMark's
-
-
6.4446
6.4460
6.4502
-
-","Technical IndicatorsJun 17, 2021 03:34PM GMT
Name
Value
Action
RSI(14)
85.433
Overbought
STOCH(9,6)
77.649
Buy
STOCHRSI(14)
100.000
Overbought
MACD(12,26)
0.011
Buy
ADX(14)
61.337
Buy
Williams %R
-3.426
Overbought
CCI(14)
151.8010
Buy
ATR(14)
0.0041
Less Volatility
Highs/Lows(14)
0.0141
Buy
Ultimate Oscillator
82.973
Overbought
ROC
0.391
Buy
Bull/Bear Power(13)
0.0286
Buy
Buy: 7
Sell: 0
Neutral: 0


Summary:Strong Buy","Jun 17, 2021 03:34PM GMT"
usd_hkd,7.7649 +0.0019    +0.02%,15:34:35,2021-06-17 19:35:09.974755,"Prev. Close: 7.7630
Bid/Ask: 7.7647 / 7.7650
Day's Range: 7.7625 - 7.7656",Strong Buy,"Summary:Strong Buy
Moving Averages:BuyBuy (12)Sell (0)
Technical Indicators:Strong BuyBuy (7)Sell (3)","Name
S3
S2
S1
Pivot Points
R1
R2
R3
Classic
7.7646
7.7646
7.7647
7.7648
7.7649
7.7650
7.7651
Fibonacci
7.7646
7.7647
7.7647
7.7648
7.7649
7.7649
7.7650
Camarilla
7.7648
7.7648
7.7648
7.7648
7.7649
7.7649
7.7649
Woodie's
7.7646
7.7646
7.7647
7.7648
7.7649
7.7650
7.7651
DeMark's
-
-
7.7648
7.7648
7.7650
-
-","Technical IndicatorsJun 17, 2021 07:33PM GMT
Name
Value
Action
RSI(14)
58.665
Buy
STOCH(9,6)
43.421
Sell
STOCHRSI(14)
38.355
Sell
MACD(12,26)
0.001
Buy
ADX(14)
45.619
Buy
Williams %R
-31.593
Buy
CCI(14)
79.7411
Buy
ATR(14)
0.0009
Less Volatility
Highs/Lows(14)
0.0000
Neutral
Ultimate Oscillator
46.866
Sell
ROC
0.003
Buy
Bull/Bear Power(13)
0.0017
Buy
Buy: 7
Sell: 3
Neutral: 1


Summary:Strong Buy","Jun 17, 2021 07:33PM GMT"
eur_usd,1.1906 -0.0089    -0.74%,15:35:39,2021-06-17 19:36:10.459496,"Prev. Close: 1.1994
Bid/Ask: 1.1905 / 1.1906
Day's Range: 1.1892 - 1.2007",Strong Sell,"Summary:Strong Sell
Moving Averages:Strong SellBuy (0)Sell (12)
Technical Indicators:Strong SellBuy (0)Sell (9)","Name
S3
S2
S1
Pivot Points
R1
R2
R3
Classic
1.1895
1.1903
1.1907
1.1915
1.1919
1.1927
1.1931
Fibonacci
1.1903
1.1908
1.1910
1.1915
1.1920
1.1922
1.1927
Camarilla
1.1908
1.1909
1.1910
1.1915
1.1912
1.1913
1.1914
Woodie's
1.1893
1.1902
1.1905
1.1914
1.1917
1.1926
1.1929
DeMark's
-
-
1.1905
1.1914
1.1917
-
-","Technical IndicatorsJun 17, 2021 07:34PM GMT
Name
Value
Action
RSI(14)
26.078
Sell
STOCH(9,6)
26.892
Sell
STOCHRSI(14)
86.478
Overbought
MACD(12,26)
-0.004
Sell
ADX(14)
38.031
Sell
Williams %R
-86.607
Oversold
CCI(14)
-112.3750
Sell
ATR(14)
0.0023
High Volatility
Highs/Lows(14)
-0.0017
Sell
Ultimate Oscillator
34.814
Sell
ROC
-0.792
Sell
Bull/Bear Power(13)
-0.0039
Sell
Buy: 0
Sell: 9
Neutral: 0


Summary:Strong Sell","Jun 17, 2021 07:34PM GMT"
gbp_usd,1.3926 -0.0062    -0.44%,15:35:33,2021-06-17 19:36:10.463229,"Prev. Close: 1.3987
Bid/Ask: 1.3925 / 1.3926
Day's Range: 1.3896 - 1.4010",Strong Sell,"Summary:Strong Sell
Moving Averages:SellBuy (2)Sell (10)
Technical Indicators:Strong SellBuy (0)Sell (10)","Name
S3
S2
S1
Pivot Points
R1
R2
R3
Classic
1.3906
1.3915
1.3918
1.3927
1.3931
1.3939
1.3943
Fibonacci
1.3915
1.3920
1.3922
1.3927
1.3932
1.3934
1.3939
Camarilla
1.3920
1.3921
1.3922
1.3927
1.3925
1.3926
1.3927
Woodie's
1.3904
1.3914
1.3916
1.3926
1.3929
1.3938
1.3941
DeMark's
-
-
1.3917
1.3926
1.3930
-
-","Technical IndicatorsJun 17, 2021 07:35PM GMT
Name
Value
Action
RSI(14)
35.780
Sell
STOCH(9,6)
29.985
Sell
STOCHRSI(14)
100.000
Overbought
MACD(12,26)
-0.003
Sell
ADX(14)
37.932
Sell
Williams %R
-73.060
Sell
CCI(14)
-76.7775
Sell
ATR(14)
0.0026
High Volatility
Highs/Lows(14)
-0.0010
Sell
Ultimate Oscillator
37.390
Sell
ROC
-0.564
Sell
Bull/Bear Power(13)
-0.0026
Sell
Buy: 0
Sell: 10
Neutral: 0


Summary:Strong Sell","Jun 17, 2021 07:35PM GMT"
usd_jpy,110.30 -0.39    -0.35%,15:35:41,2021-06-17 19:36:10.466282,"Prev. Close: 110.69
Bid/Ask: 110.29 / 110.31
Day's Range: 110.17 - 110.83",Sell,"Summary:Sell
Moving Averages:NeutralBuy (6)Sell (6)
Technical Indicators:Strong SellBuy (1)Sell (8)","Name
S3
S2
S1
Pivot Points
R1
R2
R3
Classic
110.15
110.17
110.21
110.23
110.27
110.29
110.32
Fibonacci
110.17
110.19
110.21
110.23
110.25
110.27
110.29
Camarilla
110.24
110.24
110.25
110.23
110.26
110.27
110.27
Woodie's
110.17
110.18
110.23
110.24
110.29
110.30
110.34
DeMark's
-
-
110.23
110.24
110.29
-
-","Technical IndicatorsJun 17, 2021 07:35PM GMT
Name
Value
Action
RSI(14)
43.736
Sell
STOCH(9,6)
16.166
Oversold
STOCHRSI(14)
19.936
Oversold
MACD(12,26)
-0.010
Sell
ADX(14)
36.026
Buy
Williams %R
-78.992
Sell
CCI(14)
-80.7597
Sell
ATR(14)
0.1307
High Volatility
Highs/Lows(14)
-0.1204
Sell
Ultimate Oscillator
45.491
Sell
ROC
-0.316
Sell
Bull/Bear Power(13)
-0.2680
Sell
Buy: 1
Sell: 8
Neutral: 0


Summary:Strong Sell","Jun 17, 2021 07:35PM GMT"
aud_usd,0.7551 -0.0059    -0.78%,15:35:42,2021-06-17 19:36:10.469152,"Prev. Close: 0.7610
Bid/Ask: 0.7550 / 0.7552
Day's Range: 0.7540 - 0.7646",Strong Sell,"Summary:Strong Sell
Moving Averages:SellBuy (1)Sell (11)
Technical Indicators:Strong SellBuy (1)Sell (9)","Name
S3
S2
S1
Pivot Points
R1
R2
R3
Classic
0.7540
0.7546
0.7549
0.7555
0.7558
0.7564
0.7568
Fibonacci
0.7546
0.7549
0.7551
0.7555
0.7559
0.7561
0.7564
Camarilla
0.7549
0.7550
0.7551
0.7555
0.7552
0.7553
0.7554
Woodie's
0.7538
0.7545
0.7547
0.7554
0.7556
0.7563
0.7566
DeMark's
-
-
0.7547
0.7554
0.7556
-
-","Technical IndicatorsJun 17, 2021 07:35PM GMT
Name
Value
Action
RSI(14)
27.860
Sell
STOCH(9,6)
21.470
Sell
STOCHRSI(14)
67.645
Buy
MACD(12,26)
-0.003
Sell
ADX(14)
45.840
Sell
Williams %R
-85.246
Oversold
CCI(14)
-87.6260
Sell
ATR(14)
0.0018
Less Volatility
Highs/Lows(14)
-0.0015
Sell
Ultimate Oscillator
30.920
Sell
ROC
-1.016
Sell
Bull/Bear Power(13)
-0.0034
Sell
Buy: 1
Sell: 9
Neutral: 0


Summary:Strong Sell","Jun 17, 2021 07:35PM GMT"
eur_gbp,0.8550 -0.0023    -0.27%,15:35:41,2021-06-17 19:36:10.471973,"Prev. Close: 0.8573
Bid/Ask: 0.8547 / 0.8553
Day's Range: 0.8542 - 0.8580",Strong Sell,"Summary:Strong Sell
Moving Averages:Strong SellBuy (0)Sell (12)
Technical Indicators:Strong SellBuy (1)Sell (9)","Name
S3
S2
S1
Pivot Points
R1
R2
R3
Classic
0.8548
0.8551
0.8552
0.8555
0.8556
0.8559
0.8561
Fibonacci
0.8551
0.8552
0.8553
0.8555
0.8557
0.8558
0.8559
Camarilla
0.8553
0.8554
0.8554
0.8555
0.8555
0.8555
0.8556
Woodie's
0.8548
0.8551
0.8552
0.8555
0.8556
0.8559
0.8561
DeMark's
-
-
0.8552
0.8555
0.8556
-
-","Technical IndicatorsJun 17, 2021 07:33PM GMT
Name
Value
Action
RSI(14)
34.174
Sell
STOCH(9,6)
46.398
Neutral
STOCHRSI(14)
55.157
Buy
MACD(12,26)
-0.001
Sell
ADX(14)
35.507
Sell
Williams %R
-75.000
Sell
CCI(14)
-108.1976
Sell
ATR(14)
0.0011
High Volatility
Highs/Lows(14)
-0.0002
Sell
Ultimate Oscillator
45.402
Sell
ROC
-0.239
Sell
Bull/Bear Power(13)
-0.0016
Sell
Buy: 1
Sell: 9
Neutral: 1


Summary:Strong Sell","Jun 17, 2021 07:33PM GMT"
usd_cad,1.2352 +0.0076    +0.61%,15:35:37,2021-06-17 19:36:10.474795,"Prev. Close: 1.2276
Bid/Ask: 1.2351 / 1.2352
Day's Range: 1.2261 - 1.2378",Strong Buy,"Summary:Strong Buy
Moving Averages:Strong BuyBuy (11)Sell (1)
Technical Indicators:Strong BuyBuy (10)Sell (1)","Name
S3
S2
S1
Pivot Points
R1
R2
R3
Classic
1.2329
1.2334
1.2343
1.2349
1.2358
1.2364
1.2373
Fibonacci
1.2334
1.2340
1.2343
1.2349
1.2355
1.2358
1.2364
Camarilla
1.2348
1.2349
1.2351
1.2349
1.2353
1.2355
1.2356
Woodie's
1.2331
1.2335
1.2345
1.2350
1.2360
1.2365
1.2375
DeMark's
-
-
1.2345
1.2350
1.2360
-
-","Technical IndicatorsJun 17, 2021 07:35PM GMT
Name
Value
Action
RSI(14)
70.697
Buy
STOCH(9,6)
68.721
Buy
STOCHRSI(14)
34.802
Sell
MACD(12,26)
0.003
Buy
ADX(14)
36.698
Buy
Williams %R
-22.908
Buy
CCI(14)
99.1441
Buy
ATR(14)
0.0026
High Volatility
Highs/Lows(14)
0.0013
Buy
Ultimate Oscillator
68.875
Buy
ROC
0.685
Buy
Bull/Bear Power(13)
0.0042
Buy
Buy: 10
Sell: 1
Neutral: 0


Summary:Strong Buy","Jun 17, 2021 07:35PM GMT"
usd_chf,0.9177 +0.0092    +1.01%,15:35:42,2021-06-17 19:36:10.477597,"Prev. Close: 0.9085
Bid/Ask: 0.9176 / 0.9177
Day's Range: 0.9076 - 0.9188",Strong Buy,"Summary:Strong Buy
Moving Averages:Strong BuyBuy (11)Sell (1)
Technical Indicators:Strong BuyBuy (8)Sell (0)","Name
S3
S2
S1
Pivot Points
R1
R2
R3
Classic
0.9159
0.9162
0.9168
0.9171
0.9177
0.9180
0.9185
Fibonacci
0.9162
0.9166
0.9168
0.9171
0.9174
0.9176
0.9180
Camarilla
0.9171
0.9172
0.9173
0.9171
0.9174
0.9175
0.9176
Woodie's
0.9161
0.9163
0.9170
0.9172
0.9179
0.9181
0.9187
DeMark's
-
-
0.9169
0.9172
0.9178
-
-","Technical IndicatorsJun 17, 2021 07:35PM GMT
Name
Value
Action
RSI(14)
76.575
Overbought
STOCH(9,6)
78.595
Buy
STOCHRSI(14)
8.049
Oversold
MACD(12,26)
0.004
Buy
ADX(14)
38.566
Buy
Williams %R
-11.594
Overbought
CCI(14)
105.6444
Buy
ATR(14)
0.0018
High Volatility
Highs/Lows(14)
0.0017
Buy
Ultimate Oscillator
69.083
Buy
ROC
1.029
Buy
Bull/Bear Power(13)
0.0051
Buy
Buy: 8
Sell: 0
Neutral: 0


Summary:Strong Buy","Jun 17, 2021 07:35PM GMT"
nzd_chf,0.6428 +0.0024    +0.37%,15:35:42,2021-06-17 19:36:10.480399,"Prev. Close: 0.6404
Bid/Ask: 0.6427 / 0.6428
Day's Range: 0.6406 - 0.6453",Neutral,"Summary:Neutral
Moving Averages:BuyBuy (9)Sell (3)
Technical Indicators:SellBuy (2)Sell (3)","Name
S3
S2
S1
Pivot Points
R1
R2
R3
Classic
0.6419
0.6421
0.6425
0.6427
0.6430
0.6433
0.6436
Fibonacci
0.6421
0.6423
0.6425
0.6427
0.6429
0.6431
0.6433
Camarilla
0.6425
0.6425
0.6426
0.6427
0.6427
0.6428
0.6428
Woodie's
0.6419
0.6421
0.6425
0.6427
0.6430
0.6433
0.6436
DeMark's
-
-
0.6422
0.6426
0.6428
-
-","Technical IndicatorsJun 17, 2021 07:35PM GMT
Name
Value
Action
RSI(14)
51.888
Neutral
STOCH(9,6)
52.056
Neutral
STOCHRSI(14)
48.689
Neutral
MACD(12,26)
0.000
Buy
ADX(14)
26.281
Sell
Williams %R
-52.689
Neutral
CCI(14)
-10.1770
Neutral
ATR(14)
0.0012
Less Volatility
Highs/Lows(14)
0.0000
Neutral
Ultimate Oscillator
53.373
Buy
ROC
-0.155
Sell
Bull/Bear Power(13)
-0.0004
Sell
Buy: 2
Sell: 3
Neutral: 6


Summary:Sell","Jun 17, 2021 07:35PM GMT"
usd_cny,6.4484 +0.0515    +0.80%,11:27:22,2021-06-17 19:36:10.483212,"Prev. Close: 6.3969
Bid/Ask: 6.4477 / 6.4490
Day's Range: 6.3972 - 6.4494",Strong Buy,"Summary:Strong Buy
Moving Averages:BuyBuy (12)Sell (0)
Technical Indicators:Strong BuyBuy (7)Sell (0)","Name
S3
S2
S1
Pivot Points
R1
R2
R3
Classic
6.4380
6.4399
6.4436
6.4455
6.4492
6.4511
6.4548
Fibonacci
6.4399
6.4420
6.4434
6.4455
6.4476
6.4490
6.4511
Camarilla
6.4458
6.4463
6.4468
6.4455
6.4479
6.4484
6.4489
Woodie's
6.4390
6.4404
6.4446
6.4460
6.4502
6.4516
6.4558
DeMark's
-
-
6.4446
6.4460
6.4502
-
-","Technical IndicatorsJun 17, 2021 03:34PM GMT
Name
Value
Action
RSI(14)
85.433
Overbought
STOCH(9,6)
77.649
Buy
STOCHRSI(14)
100.000
Overbought
MACD(12,26)
0.011
Buy
ADX(14)
61.337
Buy
Williams %R
-3.426
Overbought
CCI(14)
151.8010
Buy
ATR(14)
0.0041
Less Volatility
Highs/Lows(14)
0.0141
Buy
Ultimate Oscillator
82.973
Overbought
ROC
0.391
Buy
Bull/Bear Power(13)
0.0286
Buy
Buy: 7
Sell: 0
Neutral: 0


Summary:Strong Buy","Jun 17, 2021 03:34PM GMT"
usd_hkd,7.7649 +0.0019    +0.02%,15:35:41,2021-06-17 19:36:10.485975,"Prev. Close: 7.7630
Bid/Ask: 7.7647 / 7.7650
Day's Range: 7.7625 - 7.7656",Strong Buy,"Summary:Strong Buy
Moving Averages:BuyBuy (12)Sell (0)
Technical Indicators:Strong BuyBuy (7)Sell (3)","Name
S3
S2
S1
Pivot Points
R1
R2
R3
Classic
7.7646
7.7646
7.7647
7.7648
7.7649
7.7650
7.7651
Fibonacci
7.7646
7.7647
7.7647
7.7648
7.7649
7.7649
7.7650
Camarilla
7.7648
7.7648
7.7648
7.7648
7.7649
7.7649
7.7649
Woodie's
7.7646
7.7646
7.7647
7.7648
7.7649
7.7650
7.7651
DeMark's
-
-
7.7648
7.7648
7.7650
-
-","Technical IndicatorsJun 17, 2021 07:35PM GMT
Name
Value
Action
RSI(14)
58.665
Buy
STOCH(9,6)
43.421
Sell
STOCHRSI(14)
38.355
Sell
MACD(12,26)
0.001
Buy
ADX(14)
45.619
Buy
Williams %R
-31.593
Buy
CCI(14)
79.7411
Buy
ATR(14)
0.0009
Less Volatility
Highs/Lows(14)
0.0000
Neutral
Ultimate Oscillator
46.866
Sell
ROC
0.003
Buy
Bull/Bear Power(13)
0.0017
Buy
Buy: 7
Sell: 3
Neutral: 1


Summary:Strong Buy","Jun 17, 2021 07:35PM GMT"
eur_usd,1.1906 -0.0089    -0.74%,15:36:52,2021-06-17 19:37:10.022666,"Prev. Close: 1.1994
Bid/Ask: 1.1905 / 1.1906
Day's Range: 1.1892 - 1.2007",Strong Sell,"Summary:Strong Sell
Moving Averages:Strong SellBuy (0)Sell (12)
Technical Indicators:Strong SellBuy (0)Sell (9)","Name
S3
S2
S1
Pivot Points
R1
R2
R3
Classic
1.1895
1.1903
1.1907
1.1915
1.1919
1.1927
1.1931
Fibonacci
1.1903
1.1908
1.1910
1.1915
1.1920
1.1922
1.1927
Camarilla
1.1908
1.1909
1.1910
1.1915
1.1912
1.1913
1.1914
Woodie's
1.1893
1.1902
1.1905
1.1914
1.1917
1.1926
1.1929
DeMark's
-
-
1.1905
1.1914
1.1917
-
-","Technical IndicatorsJun 17, 2021 07:35PM GMT
Name
Value
Action
RSI(14)
25.895
Sell
STOCH(9,6)
26.610
Sell
STOCHRSI(14)
85.015
Overbought
MACD(12,26)
-0.004
Sell
ADX(14)
38.073
Sell
Williams %R
-87.500
Oversold
CCI(14)
-113.9232
Sell
ATR(14)
0.0023
High Volatility
Highs/Lows(14)
-0.0018
Sell
Ultimate Oscillator
34.469
Sell
ROC
-0.800
Sell
Bull/Bear Power(13)
-0.0040
Sell
Buy: 0
Sell: 9
Neutral: 0


Summary:Strong Sell","Jun 17, 2021 07:35PM GMT"
gbp_usd,1.3926 -0.0062    -0.44%,15:36:45,2021-06-17 19:37:10.026259,"Prev. Close: 1.3987
Bid/Ask: 1.3925 / 1.3926
Day's Range: 1.3896 - 1.4010",Strong Sell,"Summary:Strong Sell
Moving Averages:SellBuy (2)Sell (10)
Technical Indicators:Strong SellBuy (0)Sell (10)","Name
S3
S2
S1
Pivot Points
R1
R2
R3
Classic
1.3906
1.3915
1.3918
1.3927
1.3931
1.3939
1.3943
Fibonacci
1.3915
1.3920
1.3922
1.3927
1.3932
1.3934
1.3939
Camarilla
1.3920
1.3921
1.3922
1.3927
1.3925
1.3926
1.3927
Woodie's
1.3904
1.3914
1.3916
1.3926
1.3929
1.3938
1.3941
DeMark's
-
-
1.3917
1.3926
1.3930
-
-","Technical IndicatorsJun 17, 2021 07:35PM GMT
Name
Value
Action
RSI(14)
35.780
Sell
STOCH(9,6)
29.985
Sell
STOCHRSI(14)
100.000
Overbought
MACD(12,26)
-0.003
Sell
ADX(14)
37.932
Sell
Williams %R
-73.060
Sell
CCI(14)
-76.7775
Sell
ATR(14)
0.0026
High Volatility
Highs/Lows(14)
-0.0010
Sell
Ultimate Oscillator
37.390
Sell
ROC
-0.564
Sell
Bull/Bear Power(13)
-0.0026
Sell
Buy: 0
Sell: 10
Neutral: 0


Summary:Strong Sell","Jun 17, 2021 07:35PM GMT"
usd_jpy,110.30 -0.39    -0.35%,15:36:34,2021-06-17 19:37:10.029198,"Prev. Close: 110.69
Bid/Ask: 110.29 / 110.31
Day's Range: 110.17 - 110.83",Sell,"Summary:Sell
Moving Averages:NeutralBuy (6)Sell (6)
Technical Indicators:Strong SellBuy (1)Sell (8)","Name
S3
S2
S1
Pivot Points
R1
R2
R3
Classic
110.15
110.17
110.21
110.23
110.27
110.29
110.32
Fibonacci
110.17
110.19
110.21
110.23
110.25
110.27
110.29
Camarilla
110.24
110.24
110.25
110.23
110.26
110.27
110.27
Woodie's
110.17
110.18
110.23
110.24
110.29
110.30
110.34
DeMark's
-
-
110.23
110.24
110.29
-
-","Technical IndicatorsJun 17, 2021 07:35PM GMT
Name
Value
Action
RSI(14)
43.736
Sell
STOCH(9,6)
16.166
Oversold
STOCHRSI(14)
19.936
Oversold
MACD(12,26)
-0.010
Sell
ADX(14)
36.026
Buy
Williams %R
-78.992
Sell
CCI(14)
-80.7597
Sell
ATR(14)
0.1307
High Volatility
Highs/Lows(14)
-0.1204
Sell
Ultimate Oscillator
45.491
Sell
ROC
-0.316
Sell
Bull/Bear Power(13)
-0.2680
Sell
Buy: 1
Sell: 8
Neutral: 0


Summary:Strong Sell","Jun 17, 2021 07:35PM GMT"
aud_usd,0.7551 -0.0059    -0.78%,15:36:55,2021-06-17 19:37:10.032036,"Prev. Close: 0.7610
Bid/Ask: 0.7550 / 0.7552
Day's Range: 0.7540 - 0.7646",Strong Sell,"Summary:Strong Sell
Moving Averages:SellBuy (1)Sell (11)
Technical Indicators:Strong SellBuy (1)Sell (9)","Name
S3
S2
S1
Pivot Points
R1
R2
R3
Classic
0.7540
0.7546
0.7549
0.7555
0.7558
0.7564
0.7568
Fibonacci
0.7546
0.7549
0.7551
0.7555
0.7559
0.7561
0.7564
Camarilla
0.7549
0.7550
0.7551
0.7555
0.7552
0.7553
0.7554
Woodie's
0.7538
0.7545
0.7547
0.7554
0.7556
0.7563
0.7566
DeMark's
-
-
0.7547
0.7554
0.7556
-
-","Technical IndicatorsJun 17, 2021 07:35PM GMT
Name
Value
Action
RSI(14)
27.860
Sell
STOCH(9,6)
21.470
Sell
STOCHRSI(14)
67.645
Buy
MACD(12,26)
-0.003
Sell
ADX(14)
45.840
Sell
Williams %R
-85.246
Oversold
CCI(14)
-87.6260
Sell
ATR(14)
0.0018
Less Volatility
Highs/Lows(14)
-0.0015
Sell
Ultimate Oscillator
30.920
Sell
ROC
-1.016
Sell
Bull/Bear Power(13)
-0.0034
Sell
Buy: 1
Sell: 9
Neutral: 0


Summary:Strong Sell","Jun 17, 2021 07:35PM GMT"
eur_gbp,0.8550 -0.0024    -0.27%,15:36:36,2021-06-17 19:37:10.034848,"Prev. Close: 0.8573
Bid/Ask: 0.8548 / 0.8551
Day's Range: 0.8542 - 0.8580",Strong Sell,"Summary:Strong Sell
Moving Averages:Strong SellBuy (0)Sell (12)
Technical Indicators:Strong SellBuy (1)Sell (9)","Name
S3
S2
S1
Pivot Points
R1
R2
R3
Classic
0.8548
0.8551
0.8552
0.8555
0.8556
0.8559
0.8561
Fibonacci
0.8551
0.8552
0.8553
0.8555
0.8557
0.8558
0.8559
Camarilla
0.8553
0.8554
0.8554
0.8555
0.8555
0.8555
0.8556
Woodie's
0.8548
0.8551
0.8552
0.8555
0.8556
0.8559
0.8561
DeMark's
-
-
0.8552
0.8555
0.8556
-
-","Technical IndicatorsJun 17, 2021 07:35PM GMT
Name
Value
Action
RSI(14)
34.477
Sell
STOCH(9,6)
46.707
Neutral
STOCHRSI(14)
56.472
Buy
MACD(12,26)
-0.001
Sell
ADX(14)
35.507
Sell
Williams %R
-73.437
Sell
CCI(14)
-105.8616
Sell
ATR(14)
0.0011
High Volatility
Highs/Lows(14)
-0.0001
Sell
Ultimate Oscillator
45.931
Sell
ROC
-0.233
Sell
Bull/Bear Power(13)
-0.0016
Sell
Buy: 1
Sell: 9
Neutral: 1


Summary:Strong Sell","Jun 17, 2021 07:35PM GMT"
usd_cad,1.2353 +0.0077    +0.63%,15:36:52,2021-06-17 19:37:10.037628,"Prev. Close: 1.2276
Bid/Ask: 1.2351 / 1.2355
Day's Range: 1.2261 - 1.2378",Strong Buy,"Summary:Strong Buy
Moving Averages:Strong BuyBuy (11)Sell (1)
Technical Indicators:Strong BuyBuy (10)Sell (1)","Name
S3
S2
S1
Pivot Points
R1
R2
R3
Classic
1.2329
1.2334
1.2343
1.2349
1.2358
1.2364
1.2373
Fibonacci
1.2334
1.2340
1.2343
1.2349
1.2355
1.2358
1.2364
Camarilla
1.2348
1.2349
1.2351
1.2349
1.2353
1.2355
1.2356
Woodie's
1.2331
1.2335
1.2345
1.2350
1.2360
1.2365
1.2375
DeMark's
-
-
1.2345
1.2350
1.2360
-
-","Technical IndicatorsJun 17, 2021 07:35PM GMT
Name
Value
Action
RSI(14)
70.697
Buy
STOCH(9,6)
68.721
Buy
STOCHRSI(14)
34.802
Sell
MACD(12,26)
0.003
Buy
ADX(14)
36.698
Buy
Williams %R
-22.908
Buy
CCI(14)
99.1441
Buy
ATR(14)
0.0026
High Volatility
Highs/Lows(14)
0.0013
Buy
Ultimate Oscillator
68.875
Buy
ROC
0.685
Buy
Bull/Bear Power(13)
0.0042
Buy
Buy: 10
Sell: 1
Neutral: 0


Summary:Strong Buy","Jun 17, 2021 07:35PM GMT"
usd_chf,0.9177 +0.0092    +1.01%,15:36:43,2021-06-17 19:37:10.040440,"Prev. Close: 0.9085
Bid/Ask: 0.9176 / 0.9177
Day's Range: 0.9076 - 0.9188",Strong Buy,"Summary:Strong Buy
Moving Averages:Strong BuyBuy (11)Sell (1)
Technical Indicators:Strong BuyBuy (8)Sell (0)","Name
S3
S2
S1
Pivot Points
R1
R2
R3
Classic
0.9159
0.9162
0.9168
0.9171
0.9177
0.9180
0.9185
Fibonacci
0.9162
0.9166
0.9168
0.9171
0.9174
0.9176
0.9180
Camarilla
0.9171
0.9172
0.9173
0.9171
0.9174
0.9175
0.9176
Woodie's
0.9161
0.9163
0.9170
0.9172
0.9179
0.9181
0.9187
DeMark's
-
-
0.9169
0.9172
0.9178
-
-","Technical IndicatorsJun 17, 2021 07:35PM GMT
Name
Value
Action
RSI(14)
76.575
Overbought
STOCH(9,6)
78.595
Buy
STOCHRSI(14)
8.049
Oversold
MACD(12,26)
0.004
Buy
ADX(14)
38.566
Buy
Williams %R
-11.594
Overbought
CCI(14)
105.6444
Buy
ATR(14)
0.0018
High Volatility
Highs/Lows(14)
0.0017
Buy
Ultimate Oscillator
69.083
Buy
ROC
1.029
Buy
Bull/Bear Power(13)
0.0051
Buy
Buy: 8
Sell: 0
Neutral: 0


Summary:Strong Buy","Jun 17, 2021 07:35PM GMT"
nzd_chf,0.6427 +0.0023    +0.36%,15:36:54,2021-06-17 19:37:10.043242,"Prev. Close: 0.6404
Bid/Ask: 0.6425 / 0.6429
Day's Range: 0.6406 - 0.6453",Neutral,"Summary:Neutral
Moving Averages:BuyBuy (9)Sell (3)
Technical Indicators:SellBuy (2)Sell (3)","Name
S3
S2
S1
Pivot Points
R1
R2
R3
Classic
0.6419
0.6421
0.6425
0.6427
0.6430
0.6433
0.6436
Fibonacci
0.6421
0.6423
0.6425
0.6427
0.6429
0.6431
0.6433
Camarilla
0.6425
0.6425
0.6426
0.6427
0.6427
0.6428
0.6428
Woodie's
0.6419
0.6421
0.6425
0.6427
0.6430
0.6433
0.6436
DeMark's
-
-
0.6422
0.6426
0.6428
-
-","Technical IndicatorsJun 17, 2021 07:35PM GMT
Name
Value
Action
RSI(14)
51.888
Neutral
STOCH(9,6)
52.056
Neutral
STOCHRSI(14)
48.689
Neutral
MACD(12,26)
0.000
Buy
ADX(14)
26.281
Sell
Williams %R
-52.689
Neutral
CCI(14)
-10.1770
Neutral
ATR(14)
0.0012
Less Volatility
Highs/Lows(14)
0.0000
Neutral
Ultimate Oscillator
53.373
Buy
ROC
-0.155
Sell
Bull/Bear Power(13)
-0.0004
Sell
Buy: 2
Sell: 3
Neutral: 6


Summary:Sell","Jun 17, 2021 07:35PM GMT"
usd_cny,6.4484 +0.0515    +0.80%,11:27:22,2021-06-17 19:37:10.046019,"Prev. Close: 6.3969
Bid/Ask: 6.4477 / 6.4490
Day's Range: 6.3972 - 6.4494",Strong Buy,"Summary:Strong Buy
Moving Averages:BuyBuy (12)Sell (0)
Technical Indicators:Strong BuyBuy (7)Sell (0)","Name
S3
S2
S1
Pivot Points
R1
R2
R3
Classic
6.4380
6.4399
6.4436
6.4455
6.4492
6.4511
6.4548
Fibonacci
6.4399
6.4420
6.4434
6.4455
6.4476
6.4490
6.4511
Camarilla
6.4458
6.4463
6.4468
6.4455
6.4479
6.4484
6.4489
Woodie's
6.4390
6.4404
6.4446
6.4460
6.4502
6.4516
6.4558
DeMark's
-
-
6.4446
6.4460
6.4502
-
-","Technical IndicatorsJun 17, 2021 03:34PM GMT
Name
Value
Action
RSI(14)
85.433
Overbought
STOCH(9,6)
77.649
Buy
STOCHRSI(14)
100.000
Overbought
MACD(12,26)
0.011
Buy
ADX(14)
61.337
Buy
Williams %R
-3.426
Overbought
CCI(14)
151.8010
Buy
ATR(14)
0.0041
Less Volatility
Highs/Lows(14)
0.0141
Buy
Ultimate Oscillator
82.973
Overbought
ROC
0.391
Buy
Bull/Bear Power(13)
0.0286
Buy
Buy: 7
Sell: 0
Neutral: 0


Summary:Strong Buy","Jun 17, 2021 03:34PM GMT"
usd_hkd,7.7649 +0.0019    +0.02%,15:36:39,2021-06-17 19:37:10.048825,"Prev. Close: 7.7630
Bid/Ask: 7.7647 / 7.7650
Day's Range: 7.7625 - 7.7656",Strong Buy,"Summary:Strong Buy
Moving Averages:BuyBuy (12)Sell (0)
Technical Indicators:Strong BuyBuy (7)Sell (3)","Name
S3
S2
S1
Pivot Points
R1
R2
R3
Classic
7.7646
7.7646
7.7647
7.7648
7.7649
7.7650
7.7651
Fibonacci
7.7646
7.7647
7.7647
7.7648
7.7649
7.7649
7.7650
Camarilla
7.7648
7.7648
7.7648
7.7648
7.7649
7.7649
7.7649
Woodie's
7.7646
7.7646
7.7647
7.7648
7.7649
7.7650
7.7651
DeMark's
-
-
7.7648
7.7648
7.7650
-
-","Technical IndicatorsJun 17, 2021 07:35PM GMT
Name
Value
Action
RSI(14)
58.665
Buy
STOCH(9,6)
43.421
Sell
STOCHRSI(14)
38.355
Sell
MACD(12,26)
0.001
Buy
ADX(14)
45.619
Buy
Williams %R
-31.593
Buy
CCI(14)
79.7411
Buy
ATR(14)
0.0009
Less Volatility
Highs/Lows(14)
0.0000
Neutral
Ultimate Oscillator
46.866
Sell
ROC
0.003
Buy
Bull/Bear Power(13)
0.0017
Buy
Buy: 7
Sell: 3
Neutral: 1


Summary:Strong Buy","Jun 17, 2021 07:35PM GMT"
eur_usd,1.1906 -0.0089    -0.74%,15:37:42,2021-06-17 19:38:10.049863,"Prev. Close: 1.1994
Bid/Ask: 1.1905 / 1.1906
Day's Range: 1.1892 - 1.2007",Strong Sell,"Summary:Strong Sell
Moving Averages:Strong SellBuy (0)Sell (12)
Technical Indicators:Strong SellBuy (0)Sell (9)","Name
S3
S2
S1
Pivot Points
R1
R2
R3
Classic
1.1895
1.1903
1.1907
1.1915
1.1919
1.1927
1.1931
Fibonacci
1.1903
1.1908
1.1910
1.1915
1.1920
1.1922
1.1927
Camarilla
1.1908
1.1909
1.1910
1.1915
1.1912
1.1913
1.1914
Woodie's
1.1893
1.1902
1.1905
1.1914
1.1917
1.1926
1.1929
DeMark's
-
-
1.1905
1.1914
1.1917
-
-","Technical IndicatorsJun 17, 2021 07:35PM GMT
Name
Value
Action
RSI(14)
25.895
Sell
STOCH(9,6)
26.610
Sell
STOCHRSI(14)
85.015
Overbought
MACD(12,26)
-0.004
Sell
ADX(14)
38.073
Sell
Williams %R
-87.500
Oversold
CCI(14)
-113.9232
Sell
ATR(14)
0.0023
High Volatility
Highs/Lows(14)
-0.0018
Sell
Ultimate Oscillator
34.469
Sell
ROC
-0.800
Sell
Bull/Bear Power(13)
-0.0040
Sell
Buy: 0
Sell: 9
Neutral: 0


Summary:Strong Sell","Jun 17, 2021 07:35PM GMT"
gbp_usd,1.3926 -0.0061    -0.44%,15:37:26,2021-06-17 19:38:10.053517,"Prev. Close: 1.3987
Bid/Ask: 1.3924 / 1.3928
Day's Range: 1.3896 - 1.4010",Strong Sell,"Summary:Strong Sell
Moving Averages:SellBuy (2)Sell (10)
Technical Indicators:Strong SellBuy (0)Sell (10)","Name
S3
S2
S1
Pivot Points
R1
R2
R3
Classic
1.3906
1.3915
1.3918
1.3927
1.3931
1.3939
1.3943
Fibonacci
1.3915
1.3920
1.3922
1.3927
1.3932
1.3934
1.3939
Camarilla
1.3920
1.3921
1.3922
1.3927
1.3925
1.3926
1.3927
Woodie's
1.3904
1.3914
1.3916
1.3926
1.3929
1.3938
1.3941
DeMark's
-
-
1.3917
1.3926
1.3930
-
-","Technical IndicatorsJun 17, 2021 07:37PM GMT
Name
Value
Action
RSI(14)
36.134
Sell
STOCH(9,6)
30.236
Sell
STOCHRSI(14)
100.000
Overbought
MACD(12,26)
-0.003
Sell
ADX(14)
37.932
Sell
Williams %R
-72.146
Sell
CCI(14)
-75.8857
Sell
ATR(14)
0.0026
High Volatility
Highs/Lows(14)
-0.0009
Sell
Ultimate Oscillator
37.809
Sell
ROC
-0.557
Sell
Bull/Bear Power(13)
-0.0026
Sell
Buy: 0
Sell: 10
Neutral: 0


Summary:Strong Sell","Jun 17, 2021 07:37PM GMT"
usd_jpy,110.30 -0.40    -0.36%,15:37:41,2021-06-17 19:38:10.056538,"Prev. Close: 110.69
Bid/Ask: 110.29 / 110.30
Day's Range: 110.17 - 110.83",Sell,"Summary:Sell
Moving Averages:NeutralBuy (6)Sell (6)
Technical Indicators:Strong SellBuy (1)Sell (8)","Name
S3
S2
S1
Pivot Points
R1
R2
R3
Classic
110.15
110.17
110.21
110.23
110.27
110.29
110.32
Fibonacci
110.17
110.19
110.21
110.23
110.25
110.27
110.29
Camarilla
110.24
110.24
110.25
110.23
110.26
110.27
110.27
Woodie's
110.17
110.18
110.23
110.24
110.29
110.30
110.34
DeMark's
-
-
110.23
110.24
110.29
-
-","Technical IndicatorsJun 17, 2021 07:35PM GMT
Name
Value
Action
RSI(14)
43.736
Sell
STOCH(9,6)
16.166
Oversold
STOCHRSI(14)
19.936
Oversold
MACD(12,26)
-0.010
Sell
ADX(14)
36.026
Buy
Williams %R
-78.992
Sell
CCI(14)
-80.7597
Sell
ATR(14)
0.1307
High Volatility
Highs/Lows(14)
-0.1204
Sell
Ultimate Oscillator
45.491
Sell
ROC
-0.316
Sell
Bull/Bear Power(13)
-0.2680
Sell
Buy: 1
Sell: 8
Neutral: 0


Summary:Strong Sell","Jun 17, 2021 07:35PM GMT"
aud_usd,0.7552 -0.0059    -0.77%,15:37:40,2021-06-17 19:38:10.059418,"Prev. Close: 0.7610
Bid/Ask: 0.7551 / 0.7552
Day's Range: 0.7540 - 0.7646",Strong Sell,"Summary:Strong Sell
Moving Averages:Strong SellBuy (0)Sell (12)
Technical Indicators:Strong SellBuy (1)Sell (9)","Name
S3
S2
S1
Pivot Points
R1
R2
R3
Classic
0.7540
0.7546
0.7549
0.7555
0.7558
0.7564
0.7568
Fibonacci
0.7546
0.7549
0.7551
0.7555
0.7559
0.7561
0.7564
Camarilla
0.7549
0.7550
0.7551
0.7555
0.7552
0.7553
0.7554
Woodie's
0.7538
0.7545
0.7547
0.7554
0.7556
0.7563
0.7566
DeMark's
-
-
0.7547
0.7554
0.7556
-
-","Technical IndicatorsJun 17, 2021 07:37PM GMT
Name
Value
Action
RSI(14)
26.864
Sell
STOCH(9,6)
20.994
Sell
STOCHRSI(14)
60.718
Buy
MACD(12,26)
-0.003
Sell
ADX(14)
45.929
Sell
Williams %R
-86.885
Oversold
CCI(14)
-89.4478
Sell
ATR(14)
0.0019
High Volatility
Highs/Lows(14)
-0.0017
Sell
Ultimate Oscillator
30.187
Sell
ROC
-1.035
Sell
Bull/Bear Power(13)
-0.0035
Sell
Buy: 1
Sell: 9
Neutral: 0


Summary:Strong Sell","Jun 17, 2021 07:37PM GMT"
eur_gbp,0.8549 -0.0024    -0.29%,15:37:30,2021-06-17 19:38:10.062246,"Prev. Close: 0.8573
Bid/Ask: 0.8546 / 0.8551
Day's Range: 0.8542 - 0.8580",Strong Sell,"Summary:Strong Sell
Moving Averages:Strong SellBuy (0)Sell (12)
Technical Indicators:Strong SellBuy (0)Sell (9)","Name
S3
S2
S1
Pivot Points
R1
R2
R3
Classic
0.8548
0.8551
0.8552
0.8555
0.8556
0.8559
0.8561
Fibonacci
0.8551
0.8552
0.8553
0.8555
0.8557
0.8558
0.8559
Camarilla
0.8553
0.8554
0.8554
0.8555
0.8555
0.8555
0.8556
Woodie's
0.8548
0.8551
0.8552
0.8555
0.8556
0.8559
0.8561
DeMark's
-
-
0.8552
0.8555
0.8556
-
-","Technical IndicatorsJun 17, 2021 07:37PM GMT
Name
Value
Action
RSI(14)
33.584
Sell
STOCH(9,6)
45.781
Neutral
STOCHRSI(14)
52.597
Neutral
MACD(12,26)
-0.001
Sell
ADX(14)
35.550
Sell
Williams %R
-78.125
Sell
CCI(14)
-115.1270
Sell
ATR(14)
0.0011
High Volatility
Highs/Lows(14)
-0.0003
Sell
Ultimate Oscillator
44.648
Sell
ROC
-0.251
Sell
Bull/Bear Power(13)
-0.0016
Sell
Buy: 0
Sell: 9
Neutral: 2


Summary:Strong Sell","Jun 17, 2021 07:37PM GMT"
usd_cad,1.2353 +0.0076    +0.62%,15:37:40,2021-06-17 19:38:10.065073,"Prev. Close: 1.2276
Bid/Ask: 1.2352 / 1.2353
Day's Range: 1.2261 - 1.2378",Strong Buy,"Summary:Strong Buy
Moving Averages:Strong BuyBuy (11)Sell (1)
Technical Indicators:Strong BuyBuy (10)Sell (1)","Name
S3
S2
S1
Pivot Points
R1
R2
R3
Classic
1.2329
1.2334
1.2343
1.2349
1.2358
1.2364
1.2373
Fibonacci
1.2334
1.2340
1.2343
1.2349
1.2355
1.2358
1.2364
Camarilla
1.2348
1.2349
1.2351
1.2349
1.2353
1.2355
1.2356
Woodie's
1.2331
1.2335
1.2345
1.2350
1.2360
1.2365
1.2375
DeMark's
-
-
1.2345
1.2350
1.2360
-
-","Technical IndicatorsJun 17, 2021 07:36PM GMT
Name
Value
Action
RSI(14)
71.071
Buy
STOCH(9,6)
68.923
Buy
STOCHRSI(14)
37.623
Sell
MACD(12,26)
0.003
Buy
ADX(14)
36.698
Buy
Williams %R
-22.027
Buy
CCI(14)
100.1488
Buy
ATR(14)
0.0026
High Volatility
Highs/Lows(14)
0.0014
Buy
Ultimate Oscillator
69.271
Buy
ROC
0.693
Buy
Bull/Bear Power(13)
0.0042
Buy
Buy: 10
Sell: 1
Neutral: 0


Summary:Strong Buy","Jun 17, 2021 07:36PM GMT"
usd_chf,0.9176 +0.0091    +1.00%,15:37:42,2021-06-17 19:38:10.067899,"Prev. Close: 0.9085
Bid/Ask: 0.9175 / 0.9176
Day's Range: 0.9076 - 0.9188",Strong Buy,"Summary:Strong Buy
Moving Averages:Strong BuyBuy (11)Sell (1)
Technical Indicators:Strong BuyBuy (8)Sell (0)","Name
S3
S2
S1
Pivot Points
R1
R2
R3
Classic
0.9159
0.9162
0.9168
0.9171
0.9177
0.9180
0.9185
Fibonacci
0.9162
0.9166
0.9168
0.9171
0.9174
0.9176
0.9180
Camarilla
0.9171
0.9172
0.9173
0.9171
0.9174
0.9175
0.9176
Woodie's
0.9161
0.9163
0.9170
0.9172
0.9179
0.9181
0.9187
DeMark's
-
-
0.9169
0.9172
0.9178
-
-","Technical IndicatorsJun 17, 2021 07:35PM GMT
Name
Value
Action
RSI(14)
76.575
Overbought
STOCH(9,6)
78.595
Buy
STOCHRSI(14)
8.049
Oversold
MACD(12,26)
0.004
Buy
ADX(14)
38.566
Buy
Williams %R
-11.594
Overbought
CCI(14)
105.6444
Buy
ATR(14)
0.0018
High Volatility
Highs/Lows(14)
0.0017
Buy
Ultimate Oscillator
69.083
Buy
ROC
1.029
Buy
Bull/Bear Power(13)
0.0051
Buy
Buy: 8
Sell: 0
Neutral: 0


Summary:Strong Buy","Jun 17, 2021 07:35PM GMT"
nzd_chf,0.6427 +0.0023    +0.36%,15:37:42,2021-06-17 19:38:10.070718,"Prev. Close: 0.6404
Bid/Ask: 0.6426 / 0.6428
Day's Range: 0.6406 - 0.6453",Neutral,"Summary:Neutral
Moving Averages:BuyBuy (9)Sell (3)
Technical Indicators:SellBuy (2)Sell (3)","Name
S3
S2
S1
Pivot Points
R1
R2
R3
Classic
0.6419
0.6421
0.6425
0.6427
0.6430
0.6433
0.6436
Fibonacci
0.6421
0.6423
0.6425
0.6427
0.6429
0.6431
0.6433
Camarilla
0.6425
0.6425
0.6426
0.6427
0.6427
0.6428
0.6428
Woodie's
0.6419
0.6421
0.6425
0.6427
0.6430
0.6433
0.6436
DeMark's
-
-
0.6422
0.6426
0.6428
-
-","Technical IndicatorsJun 17, 2021 07:37PM GMT
Name
Value
Action
RSI(14)
51.888
Neutral
STOCH(9,6)
52.056
Neutral
STOCHRSI(14)
48.689
Neutral
MACD(12,26)
0.000
Buy
ADX(14)
26.281
Sell
Williams %R
-52.689
Neutral
CCI(14)
-10.1770
Neutral
ATR(14)
0.0012
Less Volatility
Highs/Lows(14)
0.0000
Neutral
Ultimate Oscillator
53.373
Buy
ROC
-0.155
Sell
Bull/Bear Power(13)
-0.0004
Sell
Buy: 2
Sell: 3
Neutral: 6


Summary:Sell","Jun 17, 2021 07:37PM GMT"
usd_cny,6.4484 +0.0515    +0.80%,11:27:22,2021-06-17 19:38:10.073509,"Prev. Close: 6.3969
Bid/Ask: 6.4477 / 6.4490
Day's Range: 6.3972 - 6.4494",Strong Buy,"Summary:Strong Buy
Moving Averages:BuyBuy (12)Sell (0)
Technical Indicators:Strong BuyBuy (7)Sell (0)","Name
S3
S2
S1
Pivot Points
R1
R2
R3
Classic
6.4380
6.4399
6.4436
6.4455
6.4492
6.4511
6.4548
Fibonacci
6.4399
6.4420
6.4434
6.4455
6.4476
6.4490
6.4511
Camarilla
6.4458
6.4463
6.4468
6.4455
6.4479
6.4484
6.4489
Woodie's
6.4390
6.4404
6.4446
6.4460
6.4502
6.4516
6.4558
DeMark's
-
-
6.4446
6.4460
6.4502
-
-","Technical IndicatorsJun 17, 2021 03:34PM GMT
Name
Value
Action
RSI(14)
85.433
Overbought
STOCH(9,6)
77.649
Buy
STOCHRSI(14)
100.000
Overbought
MACD(12,26)
0.011
Buy
ADX(14)
61.337
Buy
Williams %R
-3.426
Overbought
CCI(14)
151.8010
Buy
ATR(14)
0.0041
Less Volatility
Highs/Lows(14)
0.0141
Buy
Ultimate Oscillator
82.973
Overbought
ROC
0.391
Buy
Bull/Bear Power(13)
0.0286
Buy
Buy: 7
Sell: 0
Neutral: 0


Summary:Strong Buy","Jun 17, 2021 03:34PM GMT"
usd_hkd,7.7649 +0.0019    +0.02%,15:37:42,2021-06-17 19:38:10.076318,"Prev. Close: 7.7630
Bid/Ask: 7.7647 / 7.7650
Day's Range: 7.7625 - 7.7656",Strong Buy,"Summary:Strong Buy
Moving Averages:BuyBuy (12)Sell (0)
Technical Indicators:Strong BuyBuy (7)Sell (3)","Name
S3
S2
S1
Pivot Points
R1
R2
R3
Classic
7.7646
7.7646
7.7647
7.7648
7.7649
7.7650
7.7651
Fibonacci
7.7646
7.7647
7.7647
7.7648
7.7649
7.7649
7.7650
Camarilla
7.7648
7.7648
7.7648
7.7648
7.7649
7.7649
7.7649
Woodie's
7.7646
7.7646
7.7647
7.7648
7.7649
7.7650
7.7651
DeMark's
-
-
7.7648
7.7648
7.7650
-
-","Technical IndicatorsJun 17, 2021 07:37PM GMT
Name
Value
Action
RSI(14)
58.665
Buy
STOCH(9,6)
43.421
Sell
STOCHRSI(14)
38.355
Sell
MACD(12,26)
0.001
Buy
ADX(14)
45.619
Buy
Williams %R
-31.593
Buy
CCI(14)
79.7411
Buy
ATR(14)
0.0009
Less Volatility
Highs/Lows(14)
0.0000
Neutral
Ultimate Oscillator
46.866
Sell
ROC
0.003
Buy
Bull/Bear Power(13)
0.0017
Buy
Buy: 7
Sell: 3
Neutral: 1


Summary:Strong Buy","Jun 17, 2021 07:37PM GMT"
eur_usd,1.1904 -0.0090    -0.75%,15:38:48,2021-06-17 19:39:09.989404,"Prev. Close: 1.1994
Bid/Ask: 1.1902 / 1.1906
Day's Range: 1.1892 - 1.2007",Strong Sell,"Summary:Strong Sell
Moving Averages:Strong SellBuy (0)Sell (12)
Technical Indicators:Strong SellBuy (0)Sell (9)","Name
S3
S2
S1
Pivot Points
R1
R2
R3
Classic
1.1895
1.1903
1.1907
1.1915
1.1919
1.1927
1.1931
Fibonacci
1.1903
1.1908
1.1910
1.1915
1.1920
1.1922
1.1927
Camarilla
1.1908
1.1909
1.1910
1.1915
1.1912
1.1913
1.1914
Woodie's
1.1893
1.1902
1.1905
1.1914
1.1917
1.1926
1.1929
DeMark's
-
-
1.1905
1.1914
1.1917
-
-","Technical IndicatorsJun 17, 2021 07:37PM GMT
Name
Value
Action
RSI(14)
25.715
Sell
STOCH(9,6)
26.327
Sell
STOCHRSI(14)
83.576
Overbought
MACD(12,26)
-0.004
Sell
ADX(14)
38.111
Sell
Williams %R
-88.393
Oversold
CCI(14)
-115.4643
Sell
ATR(14)
0.0023
High Volatility
Highs/Lows(14)
-0.0019
Sell
Ultimate Oscillator
34.125
Sell
ROC
-0.808
Sell
Bull/Bear Power(13)
-0.0040
Sell
Buy: 0
Sell: 9
Neutral: 0


Summary:Strong Sell","Jun 17, 2021 07:37PM GMT"
gbp_usd,1.3926 -0.0061    -0.44%,15:38:46,2021-06-17 19:39:09.993088,"Prev. Close: 1.3987
Bid/Ask: 1.3925 / 1.3927
Day's Range: 1.3896 - 1.4010",Strong Sell,"Summary:Strong Sell
Moving Averages:SellBuy (2)Sell (10)
Technical Indicators:Strong SellBuy (0)Sell (10)","Name
S3
S2
S1
Pivot Points
R1
R2
R3
Classic
1.3906
1.3915
1.3918
1.3927
1.3931
1.3939
1.3943
Fibonacci
1.3915
1.3920
1.3922
1.3927
1.3932
1.3934
1.3939
Camarilla
1.3920
1.3921
1.3922
1.3927
1.3925
1.3926
1.3927
Woodie's
1.3904
1.3914
1.3916
1.3926
1.3929
1.3938
1.3941
DeMark's
-
-
1.3917
1.3926
1.3930
-
-","Technical IndicatorsJun 17, 2021 07:37PM GMT
Name
Value
Action
RSI(14)
36.134
Sell
STOCH(9,6)
30.236
Sell
STOCHRSI(14)
100.000
Overbought
MACD(12,26)
-0.003
Sell
ADX(14)
37.932
Sell
Williams %R
-72.146
Sell
CCI(14)
-75.8857
Sell
ATR(14)
0.0026
High Volatility
Highs/Lows(14)
-0.0009
Sell
Ultimate Oscillator
37.809
Sell
ROC
-0.557
Sell
Bull/Bear Power(13)
-0.0026
Sell
Buy: 0
Sell: 10
Neutral: 0


Summary:Strong Sell","Jun 17, 2021 07:37PM GMT"
usd_jpy,110.30 -0.40    -0.36%,15:38:31,2021-06-17 19:39:09.996207,"Prev. Close: 110.69
Bid/Ask: 110.29 / 110.30
Day's Range: 110.17 - 110.83",Sell,"Summary:Sell
Moving Averages:NeutralBuy (6)Sell (6)
Technical Indicators:Strong SellBuy (1)Sell (8)","Name
S3
S2
S1
Pivot Points
R1
R2
R3
Classic
110.15
110.17
110.21
110.23
110.27
110.29
110.32
Fibonacci
110.17
110.19
110.21
110.23
110.25
110.27
110.29
Camarilla
110.24
110.24
110.25
110.23
110.26
110.27
110.27
Woodie's
110.17
110.18
110.23
110.24
110.29
110.30
110.34
DeMark's
-
-
110.23
110.24
110.29
-
-","Technical IndicatorsJun 17, 2021 07:37PM GMT
Name
Value
Action
RSI(14)
43.442
Sell
STOCH(9,6)
16.024
Oversold
STOCHRSI(14)
18.865
Oversold
MACD(12,26)
-0.010
Sell
ADX(14)
36.026
Buy
Williams %R
-79.832
Sell
CCI(14)
-80.2008
Sell
ATR(14)
0.1314
High Volatility
Highs/Lows(14)
-0.1254
Sell
Ultimate Oscillator
44.729
Sell
ROC
-0.321
Sell
Bull/Bear Power(13)
-0.2560
Sell
Buy: 1
Sell: 8
Neutral: 0


Summary:Strong Sell","Jun 17, 2021 07:37PM GMT"
aud_usd,0.7552 -0.0059    -0.77%,15:38:51,2021-06-17 19:39:09.999180,"Prev. Close: 0.7610
Bid/Ask: 0.7551 / 0.7552
Day's Range: 0.7540 - 0.7646",Strong Sell,"Summary:Strong Sell
Moving Averages:Strong SellBuy (0)Sell (12)
Technical Indicators:Strong SellBuy (1)Sell (9)","Name
S3
S2
S1
Pivot Points
R1
R2
R3
Classic
0.7540
0.7546
0.7549
0.7555
0.7558
0.7564
0.7568
Fibonacci
0.7546
0.7549
0.7551
0.7555
0.7559
0.7561
0.7564
Camarilla
0.7549
0.7550
0.7551
0.7555
0.7552
0.7553
0.7554
Woodie's
0.7538
0.7545
0.7547
0.7554
0.7556
0.7563
0.7566
DeMark's
-
-
0.7547
0.7554
0.7556
-
-","Technical IndicatorsJun 17, 2021 07:37PM GMT
Name
Value
Action
RSI(14)
26.864
Sell
STOCH(9,6)
20.994
Sell
STOCHRSI(14)
60.718
Buy
MACD(12,26)
-0.003
Sell
ADX(14)
45.929
Sell
Williams %R
-86.885
Oversold
CCI(14)
-89.4478
Sell
ATR(14)
0.0019
High Volatility
Highs/Lows(14)
-0.0017
Sell
Ultimate Oscillator
30.187
Sell
ROC
-1.035
Sell
Bull/Bear Power(13)
-0.0035
Sell
Buy: 1
Sell: 9
Neutral: 0


Summary:Strong Sell","Jun 17, 2021 07:37PM GMT"
eur_gbp,0.8549 -0.0024    -0.29%,15:38:50,2021-06-17 19:39:10.002066,"Prev. Close: 0.8573
Bid/Ask: 0.8546 / 0.8551
Day's Range: 0.8542 - 0.8580",Strong Sell,"Summary:Strong Sell
Moving Averages:Strong SellBuy (0)Sell (12)
Technical Indicators:Strong SellBuy (0)Sell (9)","Name
S3
S2
S1
Pivot Points
R1
R2
R3
Classic
0.8548
0.8551
0.8552
0.8555
0.8556
0.8559
0.8561
Fibonacci
0.8551
0.8552
0.8553
0.8555
0.8557
0.8558
0.8559
Camarilla
0.8553
0.8554
0.8554
0.8555
0.8555
0.8555
0.8556
Woodie's
0.8548
0.8551
0.8552
0.8555
0.8556
0.8559
0.8561
DeMark's
-
-
0.8552
0.8555
0.8556
-
-","Technical IndicatorsJun 17, 2021 07:37PM GMT
Name
Value
Action
RSI(14)
33.584
Sell
STOCH(9,6)
45.781
Neutral
STOCHRSI(14)
52.597
Neutral
MACD(12,26)
-0.001
Sell
ADX(14)
35.550
Sell
Williams %R
-78.125
Sell
CCI(14)
-115.1270
Sell
ATR(14)
0.0011
High Volatility
Highs/Lows(14)
-0.0003
Sell
Ultimate Oscillator
44.648
Sell
ROC
-0.251
Sell
Bull/Bear Power(13)
-0.0016
Sell
Buy: 0
Sell: 9
Neutral: 2


Summary:Strong Sell","Jun 17, 2021 07:37PM GMT"
usd_cad,1.2352 +0.0076    +0.62%,15:38:54,2021-06-17 19:39:10.004957,"Prev. Close: 1.2276
Bid/Ask: 1.2350 / 1.2354
Day's Range: 1.2261 - 1.2378",Strong Buy,"Summary:Strong Buy
Moving Averages:BuyBuy (12)Sell (0)
Technical Indicators:Strong BuyBuy (9)Sell (1)","Name
S3
S2
S1
Pivot Points
R1
R2
R3
Classic
1.2329
1.2334
1.2343
1.2349
1.2358
1.2364
1.2373
Fibonacci
1.2334
1.2340
1.2343
1.2349
1.2355
1.2358
1.2364
Camarilla
1.2348
1.2349
1.2351
1.2349
1.2353
1.2355
1.2356
Woodie's
1.2331
1.2335
1.2345
1.2350
1.2360
1.2365
1.2375
DeMark's
-
-
1.2345
1.2350
1.2360
-
-","Technical IndicatorsJun 17, 2021 07:38PM GMT
Name
Value
Action
RSI(14)
71.498
Buy
STOCH(9,6)
69.327
Buy
STOCHRSI(14)
40.843
Sell
MACD(12,26)
0.003
Buy
ADX(14)
36.698
Buy
Williams %R
-20.264
Buy
CCI(14)
102.1509
Buy
ATR(14)
0.0026
High Volatility
Highs/Lows(14)
0.0016
Buy
Ultimate Oscillator
70.065
Overbought
ROC
0.709
Buy
Bull/Bear Power(13)
0.0042
Buy
Buy: 9
Sell: 1
Neutral: 0


Summary:Strong Buy","Jun 17, 2021 07:38PM GMT"
usd_chf,0.9176 +0.0091    +1.00%,15:38:42,2021-06-17 19:39:10.007806,"Prev. Close: 0.9085
Bid/Ask: 0.9174 / 0.9178
Day's Range: 0.9076 - 0.9188",Strong Buy,"Summary:Strong Buy
Moving Averages:Strong BuyBuy (11)Sell (1)
Technical Indicators:Strong BuyBuy (8)Sell (0)","Name
S3
S2
S1
Pivot Points
R1
R2
R3
Classic
0.9159
0.9162
0.9168
0.9171
0.9177
0.9180
0.9185
Fibonacci
0.9162
0.9166
0.9168
0.9171
0.9174
0.9176
0.9180
Camarilla
0.9171
0.9172
0.9173
0.9171
0.9174
0.9175
0.9176
Woodie's
0.9161
0.9163
0.9170
0.9172
0.9179
0.9181
0.9187
DeMark's
-
-
0.9169
0.9172
0.9178
-
-","Technical IndicatorsJun 17, 2021 07:37PM GMT
Name
Value
Action
RSI(14)
76.575
Overbought
STOCH(9,6)
78.595
Buy
STOCHRSI(14)
8.049
Oversold
MACD(12,26)
0.004
Buy
ADX(14)
38.566
Buy
Williams %R
-11.594
Overbought
CCI(14)
105.6444
Buy
ATR(14)
0.0018
High Volatility
Highs/Lows(14)
0.0017
Buy
Ultimate Oscillator
69.083
Buy
ROC
1.029
Buy
Bull/Bear Power(13)
0.0051
Buy
Buy: 8
Sell: 0
Neutral: 0


Summary:Strong Buy","Jun 17, 2021 07:37PM GMT"
nzd_chf,0.6428 +0.0024    +0.37%,15:38:51,2021-06-17 19:39:10.010642,"Prev. Close: 0.6404
Bid/Ask: 0.6427 / 0.6428
Day's Range: 0.6406 - 0.6453",Neutral,"Summary:Neutral
Moving Averages:BuyBuy (9)Sell (3)
Technical Indicators:SellBuy (2)Sell (3)","Name
S3
S2
S1
Pivot Points
R1
R2
R3
Classic
0.6419
0.6421
0.6425
0.6427
0.6430
0.6433
0.6436
Fibonacci
0.6421
0.6423
0.6425
0.6427
0.6429
0.6431
0.6433
Camarilla
0.6425
0.6425
0.6426
0.6427
0.6427
0.6428
0.6428
Woodie's
0.6419
0.6421
0.6425
0.6427
0.6430
0.6433
0.6436
DeMark's
-
-
0.6422
0.6426
0.6428
-
-","Technical IndicatorsJun 17, 2021 07:37PM GMT
Name
Value
Action
RSI(14)
51.888
Neutral
STOCH(9,6)
52.056
Neutral
STOCHRSI(14)
48.689
Neutral
MACD(12,26)
0.000
Buy
ADX(14)
26.281
Sell
Williams %R
-52.689
Neutral
CCI(14)
-10.1770
Neutral
ATR(14)
0.0012
Less Volatility
Highs/Lows(14)
0.0000
Neutral
Ultimate Oscillator
53.373
Buy
ROC
-0.155
Sell
Bull/Bear Power(13)
-0.0004
Sell
Buy: 2
Sell: 3
Neutral: 6


Summary:Sell","Jun 17, 2021 07:37PM GMT"
usd_cny,6.4484 +0.0515    +0.80%,11:27:22,2021-06-17 19:39:10.013471,"Prev. Close: 6.3969
Bid/Ask: 6.4477 / 6.4490
Day's Range: 6.3972 - 6.4494",Strong Buy,"Summary:Strong Buy
Moving Averages:BuyBuy (12)Sell (0)
Technical Indicators:Strong BuyBuy (7)Sell (0)","Name
S3
S2
S1
Pivot Points
R1
R2
R3
Classic
6.4380
6.4399
6.4436
6.4455
6.4492
6.4511
6.4548
Fibonacci
6.4399
6.4420
6.4434
6.4455
6.4476
6.4490
6.4511
Camarilla
6.4458
6.4463
6.4468
6.4455
6.4479
6.4484
6.4489
Woodie's
6.4390
6.4404
6.4446
6.4460
6.4502
6.4516
6.4558
DeMark's
-
-
6.4446
6.4460
6.4502
-
-","Technical IndicatorsJun 17, 2021 03:34PM GMT
Name
Value
Action
RSI(14)
85.433
Overbought
STOCH(9,6)
77.649
Buy
STOCHRSI(14)
100.000
Overbought
MACD(12,26)
0.011
Buy
ADX(14)
61.337
Buy
Williams %R
-3.426
Overbought
CCI(14)
151.8010
Buy
ATR(14)
0.0041
Less Volatility
Highs/Lows(14)
0.0141
Buy
Ultimate Oscillator
82.973
Overbought
ROC
0.391
Buy
Bull/Bear Power(13)
0.0286
Buy
Buy: 7
Sell: 0
Neutral: 0


Summary:Strong Buy","Jun 17, 2021 03:34PM GMT"
usd_hkd,7.7649 +0.0019    +0.02%,15:38:42,2021-06-17 19:39:10.016302,"Prev. Close: 7.7630
Bid/Ask: 7.7647 / 7.7650
Day's Range: 7.7625 - 7.7656",Strong Buy,"Summary:Strong Buy
Moving Averages:BuyBuy (12)Sell (0)
Technical Indicators:Strong BuyBuy (7)Sell (3)","Name
S3
S2
S1
Pivot Points
R1
R2
R3
Classic
7.7646
7.7646
7.7647
7.7648
7.7649
7.7650
7.7651
Fibonacci
7.7646
7.7647
7.7647
7.7648
7.7649
7.7649
7.7650
Camarilla
7.7648
7.7648
7.7648
7.7648
7.7649
7.7649
7.7649
Woodie's
7.7646
7.7646
7.7647
7.7648
7.7649
7.7650
7.7651
DeMark's
-
-
7.7648
7.7648
7.7650
-
-","Technical IndicatorsJun 17, 2021 07:37PM GMT
Name
Value
Action
RSI(14)
58.665
Buy
STOCH(9,6)
43.421
Sell
STOCHRSI(14)
38.355
Sell
MACD(12,26)
0.001
Buy
ADX(14)
45.619
Buy
Williams %R
-31.593
Buy
CCI(14)
79.7411
Buy
ATR(14)
0.0009
Less Volatility
Highs/Lows(14)
0.0000
Neutral
Ultimate Oscillator
46.866
Sell
ROC
0.003
Buy
Bull/Bear Power(13)
0.0017
Buy
Buy: 7
Sell: 3
Neutral: 1


Summary:Strong Buy","Jun 17, 2021 07:37PM GMT"
eur_usd,1.1903 -0.0091    -0.76%,15:39:39,2021-06-17 19:40:10.193836,"Prev. Close: 1.1994
Bid/Ask: 1.1901 / 1.1905
Day's Range: 1.1892 - 1.2007",Strong Sell,"Summary:Strong Sell
Moving Averages:Strong SellBuy (0)Sell (12)
Technical Indicators:Strong SellBuy (0)Sell (9)","Name
S3
S2
S1
Pivot Points
R1
R2
R3
Classic
1.1895
1.1903
1.1907
1.1915
1.1919
1.1927
1.1931
Fibonacci
1.1903
1.1908
1.1910
1.1915
1.1920
1.1922
1.1927
Camarilla
1.1908
1.1909
1.1910
1.1915
1.1912
1.1913
1.1914
Woodie's
1.1893
1.1902
1.1905
1.1914
1.1917
1.1926
1.1929
DeMark's
-
-
1.1905
1.1914
1.1917
-
-","Technical IndicatorsJun 17, 2021 07:39PM GMT
Name
Value
Action
RSI(14)
25.537
Sell
STOCH(9,6)
26.045
Sell
STOCHRSI(14)
82.153
Overbought
MACD(12,26)
-0.004
Sell
ADX(14)
38.175
Sell
Williams %R
-89.286
Oversold
CCI(14)
-117.5110
Sell
ATR(14)
0.0023
High Volatility
Highs/Lows(14)
-0.0020
Sell
Ultimate Oscillator
33.950
Sell
ROC
-0.817
Sell
Bull/Bear Power(13)
-0.0041
Sell
Buy: 0
Sell: 9
Neutral: 0


Summary:Strong Sell","Jun 17, 2021 07:39PM GMT"
gbp_usd,1.3926 -0.0062    -0.44%,15:39:31,2021-06-17 19:40:10.197503,"Prev. Close: 1.3987
Bid/Ask: 1.3925 / 1.3926
Day's Range: 1.3896 - 1.4010",Strong Sell,"Summary:Strong Sell
Moving Averages:SellBuy (2)Sell (10)
Technical Indicators:Strong SellBuy (0)Sell (10)","Name
S3
S2
S1
Pivot Points
R1
R2
R3
Classic
1.3906
1.3915
1.3918
1.3927
1.3931
1.3939
1.3943
Fibonacci
1.3915
1.3920
1.3922
1.3927
1.3932
1.3934
1.3939
Camarilla
1.3920
1.3921
1.3922
1.3927
1.3925
1.3926
1.3927
Woodie's
1.3904
1.3914
1.3916
1.3926
1.3929
1.3938
1.3941
DeMark's
-
-
1.3917
1.3926
1.3930
-
-","Technical IndicatorsJun 17, 2021 07:39PM GMT
Name
Value
Action
RSI(14)
35.958
Sell
STOCH(9,6)
30.111
Sell
STOCHRSI(14)
100.000
Overbought
MACD(12,26)
-0.003
Sell
ADX(14)
37.932
Sell
Williams %R
-72.602
Sell
CCI(14)
-76.3313
Sell
ATR(14)
0.0026
High Volatility
Highs/Lows(14)
-0.0010
Sell
Ultimate Oscillator
37.600
Sell
ROC
-0.561
Sell
Bull/Bear Power(13)
-0.0026
Sell
Buy: 0
Sell: 10
Neutral: 0


Summary:Strong Sell","Jun 17, 2021 07:39PM GMT"
usd_jpy,110.31 -0.39    -0.35%,15:39:40,2021-06-17 19:40:10.200526,"Prev. Close: 110.69
Bid/Ask: 110.29 / 110.32
Day's Range: 110.17 - 110.83",Sell,"Summary:Sell
Moving Averages:NeutralBuy (6)Sell (6)
Technical Indicators:Strong SellBuy (1)Sell (8)","Name
S3
S2
S1
Pivot Points
R1
R2
R3
Classic
110.15
110.17
110.21
110.23
110.27
110.29
110.32
Fibonacci
110.17
110.19
110.21
110.23
110.25
110.27
110.29
Camarilla
110.24
110.24
110.25
110.23
110.26
110.27
110.27
Woodie's
110.17
110.18
110.23
110.24
110.29
110.30
110.34
DeMark's
-
-
110.23
110.24
110.29
-
-","Technical IndicatorsJun 17, 2021 07:39PM GMT
Name
Value
Action
RSI(14)
44.315
Sell
STOCH(9,6)
16.451
Oversold
STOCHRSI(14)
22.045
Oversold
MACD(12,26)
-0.010
Sell
ADX(14)
36.026
Buy
Williams %R
-77.311
Sell
CCI(14)
-78.5215
Sell
ATR(14)
0.1314
High Volatility
Highs/Lows(14)
-0.1104
Sell
Ultimate Oscillator
45.927
Sell
ROC
-0.307
Sell
Bull/Bear Power(13)
-0.2600
Sell
Buy: 1
Sell: 8
Neutral: 0


Summary:Strong Sell","Jun 17, 2021 07:39PM GMT"
aud_usd,0.7551 -0.0059    -0.78%,15:39:40,2021-06-17 19:40:10.203450,"Prev. Close: 0.7610
Bid/Ask: 0.7550 / 0.7552
Day's Range: 0.7540 - 0.7646",Strong Sell,"Summary:Strong Sell
Moving Averages:Strong SellBuy (0)Sell (12)
Technical Indicators:Strong SellBuy (1)Sell (9)","Name
S3
S2
S1
Pivot Points
R1
R2
R3
Classic
0.7540
0.7546
0.7549
0.7555
0.7558
0.7564
0.7568
Fibonacci
0.7546
0.7549
0.7551
0.7555
0.7559
0.7561
0.7564
Camarilla
0.7549
0.7550
0.7551
0.7555
0.7552
0.7553
0.7554
Woodie's
0.7538
0.7545
0.7547
0.7554
0.7556
0.7563
0.7566
DeMark's
-
-
0.7547
0.7554
0.7556
-
-","Technical IndicatorsJun 17, 2021 07:39PM GMT
Name
Value
Action
RSI(14)
26.864
Sell
STOCH(9,6)
20.994
Sell
STOCHRSI(14)
60.718
Buy
MACD(12,26)
-0.003
Sell
ADX(14)
45.929
Sell
Williams %R
-86.885
Oversold
CCI(14)
-89.4478
Sell
ATR(14)
0.0019
High Volatility
Highs/Lows(14)
-0.0017
Sell
Ultimate Oscillator
30.187
Sell
ROC
-1.035
Sell
Bull/Bear Power(13)
-0.0035
Sell
Buy: 1
Sell: 9
Neutral: 0


Summary:Strong Sell","Jun 17, 2021 07:39PM GMT"
eur_gbp,0.8549 -0.0024    -0.29%,15:39:37,2021-06-17 19:40:10.206323,"Prev. Close: 0.8573
Bid/Ask: 0.8546 / 0.8551
Day's Range: 0.8542 - 0.8580",Strong Sell,"Summary:Strong Sell
Moving Averages:Strong SellBuy (0)Sell (12)
Technical Indicators:Strong SellBuy (0)Sell (9)","Name
S3
S2
S1
Pivot Points
R1
R2
R3
Classic
0.8548
0.8551
0.8552
0.8555
0.8556
0.8559
0.8561
Fibonacci
0.8551
0.8552
0.8553
0.8555
0.8557
0.8558
0.8559
Camarilla
0.8553
0.8554
0.8554
0.8555
0.8555
0.8555
0.8556
Woodie's
0.8548
0.8551
0.8552
0.8555
0.8556
0.8559
0.8561
DeMark's
-
-
0.8552
0.8555
0.8556
-
-","Technical IndicatorsJun 17, 2021 07:39PM GMT
Name
Value
Action
RSI(14)
33.297
Sell
STOCH(9,6)
45.472
Neutral
STOCHRSI(14)
51.352
Neutral
MACD(12,26)
-0.001
Sell
ADX(14)
35.587
Sell
Williams %R
-79.688
Sell
CCI(14)
-119.6824
Sell
ATR(14)
0.0011
High Volatility
Highs/Lows(14)
-0.0003
Sell
Ultimate Oscillator
44.426
Sell
ROC
-0.257
Sell
Bull/Bear Power(13)
-0.0017
Sell
Buy: 0
Sell: 9
Neutral: 2


Summary:Strong Sell","Jun 17, 2021 07:39PM GMT"
usd_cad,1.2356 +0.0080    +0.65%,15:39:38,2021-06-17 19:40:10.209163,"Prev. Close: 1.2276
Bid/Ask: 1.2354 / 1.2358
Day's Range: 1.2261 - 1.2378",Strong Buy,"Summary:Strong Buy
Moving Averages:BuyBuy (12)Sell (0)
Technical Indicators:Strong BuyBuy (9)Sell (1)","Name
S3
S2
S1
Pivot Points
R1
R2
R3
Classic
1.2329
1.2334
1.2343
1.2349
1.2358
1.2364
1.2373
Fibonacci
1.2334
1.2340
1.2343
1.2349
1.2355
1.2358
1.2364
Camarilla
1.2348
1.2349
1.2351
1.2349
1.2353
1.2355
1.2356
Woodie's
1.2331
1.2335
1.2345
1.2350
1.2360
1.2365
1.2375
DeMark's
-
-
1.2345
1.2350
1.2360
-
-","Technical IndicatorsJun 17, 2021 07:38PM GMT
Name
Value
Action
RSI(14)
71.498
Buy
STOCH(9,6)
69.327
Buy
STOCHRSI(14)
40.843
Sell
MACD(12,26)
0.003
Buy
ADX(14)
36.698
Buy
Williams %R
-20.264
Buy
CCI(14)
102.1509
Buy
ATR(14)
0.0026
High Volatility
Highs/Lows(14)
0.0016
Buy
Ultimate Oscillator
70.065
Overbought
ROC
0.709
Buy
Bull/Bear Power(13)
0.0042
Buy
Buy: 9
Sell: 1
Neutral: 0


Summary:Strong Buy","Jun 17, 2021 07:38PM GMT"
usd_chf,0.9176 +0.0091    +1.00%,15:39:43,2021-06-17 19:40:10.211985,"Prev. Close: 0.9085
Bid/Ask: 0.9174 / 0.9178
Day's Range: 0.9076 - 0.9188",Strong Buy,"Summary:Strong Buy
Moving Averages:Strong BuyBuy (11)Sell (1)
Technical Indicators:Strong BuyBuy (8)Sell (0)","Name
S3
S2
S1
Pivot Points
R1
R2
R3
Classic
0.9159
0.9162
0.9168
0.9171
0.9177
0.9180
0.9185
Fibonacci
0.9162
0.9166
0.9168
0.9171
0.9174
0.9176
0.9180
Camarilla
0.9171
0.9172
0.9173
0.9171
0.9174
0.9175
0.9176
Woodie's
0.9161
0.9163
0.9170
0.9172
0.9179
0.9181
0.9187
DeMark's
-
-
0.9169
0.9172
0.9178
-
-","Technical IndicatorsJun 17, 2021 07:39PM GMT
Name
Value
Action
RSI(14)
76.575
Overbought
STOCH(9,6)
78.595
Buy
STOCHRSI(14)
8.049
Oversold
MACD(12,26)
0.004
Buy
ADX(14)
38.566
Buy
Williams %R
-11.594
Overbought
CCI(14)
105.6444
Buy
ATR(14)
0.0018
High Volatility
Highs/Lows(14)
0.0017
Buy
Ultimate Oscillator
69.083
Buy
ROC
1.029
Buy
Bull/Bear Power(13)
0.0051
Buy
Buy: 8
Sell: 0
Neutral: 0


Summary:Strong Buy","Jun 17, 2021 07:39PM GMT"
nzd_chf,0.6427 +0.0023    +0.36%,15:39:43,2021-06-17 19:40:10.214819,"Prev. Close: 0.6404
Bid/Ask: 0.6425 / 0.6429
Day's Range: 0.6406 - 0.6453",Neutral,"Summary:Neutral
Moving Averages:BuyBuy (9)Sell (3)
Technical Indicators:SellBuy (2)Sell (3)","Name
S3
S2
S1
Pivot Points
R1
R2
R3
Classic
0.6419
0.6421
0.6425
0.6427
0.6430
0.6433
0.6436
Fibonacci
0.6421
0.6423
0.6425
0.6427
0.6429
0.6431
0.6433
Camarilla
0.6425
0.6425
0.6426
0.6427
0.6427
0.6428
0.6428
Woodie's
0.6419
0.6421
0.6425
0.6427
0.6430
0.6433
0.6436
DeMark's
-
-
0.6422
0.6426
0.6428
-
-","Technical IndicatorsJun 17, 2021 07:39PM GMT
Name
Value
Action
RSI(14)
51.888
Neutral
STOCH(9,6)
52.056
Neutral
STOCHRSI(14)
48.689
Neutral
MACD(12,26)
0.000
Buy
ADX(14)
26.281
Sell
Williams %R
-52.689
Neutral
CCI(14)
-10.1770
Neutral
ATR(14)
0.0012
Less Volatility
Highs/Lows(14)
0.0000
Neutral
Ultimate Oscillator
53.373
Buy
ROC
-0.155
Sell
Bull/Bear Power(13)
-0.0004
Sell
Buy: 2
Sell: 3
Neutral: 6


Summary:Sell","Jun 17, 2021 07:39PM GMT"
usd_cny,6.4484 +0.0515    +0.80%,11:27:22,2021-06-17 19:40:10.217640,"Prev. Close: 6.3969
Bid/Ask: 6.4477 / 6.4490
Day's Range: 6.3972 - 6.4494",Strong Buy,"Summary:Strong Buy
Moving Averages:BuyBuy (12)Sell (0)
Technical Indicators:Strong BuyBuy (7)Sell (0)","Name
S3
S2
S1
Pivot Points
R1
R2
R3
Classic
6.4380
6.4399
6.4436
6.4455
6.4492
6.4511
6.4548
Fibonacci
6.4399
6.4420
6.4434
6.4455
6.4476
6.4490
6.4511
Camarilla
6.4458
6.4463
6.4468
6.4455
6.4479
6.4484
6.4489
Woodie's
6.4390
6.4404
6.4446
6.4460
6.4502
6.4516
6.4558
DeMark's
-
-
6.4446
6.4460
6.4502
-
-","Technical IndicatorsJun 17, 2021 03:34PM GMT
Name
Value
Action
RSI(14)
85.433
Overbought
STOCH(9,6)
77.649
Buy
STOCHRSI(14)
100.000
Overbought
MACD(12,26)
0.011
Buy
ADX(14)
61.337
Buy
Williams %R
-3.426
Overbought
CCI(14)
151.8010
Buy
ATR(14)
0.0041
Less Volatility
Highs/Lows(14)
0.0141
Buy
Ultimate Oscillator
82.973
Overbought
ROC
0.391
Buy
Bull/Bear Power(13)
0.0286
Buy
Buy: 7
Sell: 0
Neutral: 0


Summary:Strong Buy","Jun 17, 2021 03:34PM GMT"
usd_hkd,7.7649 +0.0019    +0.02%,15:39:42,2021-06-17 19:40:10.220478,"Prev. Close: 7.7630
Bid/Ask: 7.7647 / 7.7650
Day's Range: 7.7625 - 7.7656",Strong Buy,"Summary:Strong Buy
Moving Averages:BuyBuy (12)Sell (0)
Technical Indicators:Strong BuyBuy (7)Sell (3)","Name
S3
S2
S1
Pivot Points
R1
R2
R3
Classic
7.7646
7.7646
7.7647
7.7648
7.7649
7.7650
7.7651
Fibonacci
7.7646
7.7647
7.7647
7.7648
7.7649
7.7649
7.7650
Camarilla
7.7648
7.7648
7.7648
7.7648
7.7649
7.7649
7.7649
Woodie's
7.7646
7.7646
7.7647
7.7648
7.7649
7.7650
7.7651
DeMark's
-
-
7.7648
7.7648
7.7650
-
-","Technical IndicatorsJun 17, 2021 07:39PM GMT
Name
Value
Action
RSI(14)
58.665
Buy
STOCH(9,6)
43.421
Sell
STOCHRSI(14)
38.355
Sell
MACD(12,26)
0.001
Buy
ADX(14)
45.619
Buy
Williams %R
-31.593
Buy
CCI(14)
79.7411
Buy
ATR(14)
0.0009
Less Volatility
Highs/Lows(14)
0.0000
Neutral
Ultimate Oscillator
46.866
Sell
ROC
0.003
Buy
Bull/Bear Power(13)
0.0017
Buy
Buy: 7
Sell: 3
Neutral: 1


Summary:Strong Buy","Jun 17, 2021 07:39PM GMT"
eur_usd,1.1903 -0.0091    -0.76%,15:40:48,2021-06-17 19:41:10.507125,"Prev. Close: 1.1994
Bid/Ask: 1.1901 / 1.1905
Day's Range: 1.1892 - 1.2007",Strong Sell,"Summary:Strong Sell
Moving Averages:Strong SellBuy (0)Sell (12)
Technical Indicators:Strong SellBuy (0)Sell (9)","Name
S3
S2
S1
Pivot Points
R1
R2
R3
Classic
1.1895
1.1903
1.1907
1.1915
1.1919
1.1927
1.1931
Fibonacci
1.1903
1.1908
1.1910
1.1915
1.1920
1.1922
1.1927
Camarilla
1.1908
1.1909
1.1910
1.1915
1.1912
1.1913
1.1914
Woodie's
1.1893
1.1902
1.1905
1.1914
1.1917
1.1926
1.1929
DeMark's
-
-
1.1905
1.1914
1.1917
-
-","Technical IndicatorsJun 17, 2021 07:39PM GMT
Name
Value
Action
RSI(14)
25.537
Sell
STOCH(9,6)
26.045
Sell
STOCHRSI(14)
82.153
Overbought
MACD(12,26)
-0.004
Sell
ADX(14)
38.175
Sell
Williams %R
-89.286
Oversold
CCI(14)
-117.5110
Sell
ATR(14)
0.0023
High Volatility
Highs/Lows(14)
-0.0020
Sell
Ultimate Oscillator
33.950
Sell
ROC
-0.817
Sell
Bull/Bear Power(13)
-0.0041
Sell
Buy: 0
Sell: 9
Neutral: 0


Summary:Strong Sell","Jun 17, 2021 07:39PM GMT"
gbp_usd,1.3924 -0.0063    -0.45%,15:40:42,2021-06-17 19:41:10.510764,"Prev. Close: 1.3987
Bid/Ask: 1.3923 / 1.3925
Day's Range: 1.3896 - 1.4010",Strong Sell,"Summary:Strong Sell
Moving Averages:SellBuy (2)Sell (10)
Technical Indicators:Strong SellBuy (0)Sell (10)","Name
S3
S2
S1
Pivot Points
R1
R2
R3
Classic
1.3906
1.3915
1.3918
1.3927
1.3931
1.3939
1.3943
Fibonacci
1.3915
1.3920
1.3922
1.3927
1.3932
1.3934
1.3939
Camarilla
1.3920
1.3921
1.3922
1.3927
1.3925
1.3926
1.3927
Woodie's
1.3904
1.3914
1.3916
1.3926
1.3929
1.3938
1.3941
DeMark's
-
-
1.3917
1.3926
1.3930
-
-","Technical IndicatorsJun 17, 2021 07:39PM GMT
Name
Value
Action
RSI(14)
35.958
Sell
STOCH(9,6)
30.111
Sell
STOCHRSI(14)
100.000
Overbought
MACD(12,26)
-0.003
Sell
ADX(14)
37.932
Sell
Williams %R
-72.602
Sell
CCI(14)
-76.3313
Sell
ATR(14)
0.0026
High Volatility
Highs/Lows(14)
-0.0010
Sell
Ultimate Oscillator
37.600
Sell
ROC
-0.561
Sell
Bull/Bear Power(13)
-0.0026
Sell
Buy: 0
Sell: 10
Neutral: 0


Summary:Strong Sell","Jun 17, 2021 07:39PM GMT"
usd_jpy,110.31 -0.39    -0.35%,15:40:31,2021-06-17 19:41:10.513728,"Prev. Close: 110.69
Bid/Ask: 110.29 / 110.32
Day's Range: 110.17 - 110.83",Sell,"Summary:Sell
Moving Averages:NeutralBuy (6)Sell (6)
Technical Indicators:Strong SellBuy (1)Sell (8)","Name
S3
S2
S1
Pivot Points
R1
R2
R3
Classic
110.15
110.17
110.21
110.23
110.27
110.29
110.32
Fibonacci
110.17
110.19
110.21
110.23
110.25
110.27
110.29
Camarilla
110.24
110.24
110.25
110.23
110.26
110.27
110.27
Woodie's
110.17
110.18
110.23
110.24
110.29
110.30
110.34
DeMark's
-
-
110.23
110.24
110.29
-
-","Technical IndicatorsJun 17, 2021 07:39PM GMT
Name
Value
Action
RSI(14)
44.315
Sell
STOCH(9,6)
16.451
Oversold
STOCHRSI(14)
22.045
Oversold
MACD(12,26)
-0.010
Sell
ADX(14)
36.026
Buy
Williams %R
-77.311
Sell
CCI(14)
-78.5215
Sell
ATR(14)
0.1314
High Volatility
Highs/Lows(14)
-0.1104
Sell
Ultimate Oscillator
45.927
Sell
ROC
-0.307
Sell
Bull/Bear Power(13)
-0.2600
Sell
Buy: 1
Sell: 8
Neutral: 0


Summary:Strong Sell","Jun 17, 2021 07:39PM GMT"
aud_usd,0.7550 -0.0060    -0.80%,15:40:46,2021-06-17 19:41:10.516589,"Prev. Close: 0.7610
Bid/Ask: 0.7549 / 0.7550
Day's Range: 0.7540 - 0.7646",Strong Sell,"Summary:Strong Sell
Moving Averages:Strong SellBuy (0)Sell (12)
Technical Indicators:Strong SellBuy (1)Sell (9)","Name
S3
S2
S1
Pivot Points
R1
R2
R3
Classic
0.7540
0.7546
0.7549
0.7555
0.7558
0.7564
0.7568
Fibonacci
0.7546
0.7549
0.7551
0.7555
0.7559
0.7561
0.7564
Camarilla
0.7549
0.7550
0.7551
0.7555
0.7552
0.7553
0.7554
Woodie's
0.7538
0.7545
0.7547
0.7554
0.7556
0.7563
0.7566
DeMark's
-
-
0.7547
0.7554
0.7556
-
-","Technical IndicatorsJun 17, 2021 07:39PM GMT
Name
Value
Action
RSI(14)
26.864
Sell
STOCH(9,6)
20.994
Sell
STOCHRSI(14)
60.718
Buy
MACD(12,26)
-0.003
Sell
ADX(14)
45.929
Sell
Williams %R
-86.885
Oversold
CCI(14)
-89.4478
Sell
ATR(14)
0.0019
High Volatility
Highs/Lows(14)
-0.0017
Sell
Ultimate Oscillator
30.187
Sell
ROC
-1.035
Sell
Bull/Bear Power(13)
-0.0035
Sell
Buy: 1
Sell: 9
Neutral: 0


Summary:Strong Sell","Jun 17, 2021 07:39PM GMT"
eur_gbp,0.8550 -0.0024    -0.27%,15:40:36,2021-06-17 19:41:10.519423,"Prev. Close: 0.8573
Bid/Ask: 0.8549 / 0.8550
Day's Range: 0.8542 - 0.8580",Strong Sell,"Summary:Strong Sell
Moving Averages:Strong SellBuy (0)Sell (12)
Technical Indicators:Strong SellBuy (0)Sell (9)","Name
S3
S2
S1
Pivot Points
R1
R2
R3
Classic
0.8548
0.8551
0.8552
0.8555
0.8556
0.8559
0.8561
Fibonacci
0.8551
0.8552
0.8553
0.8555
0.8557
0.8558
0.8559
Camarilla
0.8553
0.8554
0.8554
0.8555
0.8555
0.8555
0.8556
Woodie's
0.8548
0.8551
0.8552
0.8555
0.8556
0.8559
0.8561
DeMark's
-
-
0.8552
0.8555
0.8556
-
-","Technical IndicatorsJun 17, 2021 07:39PM GMT
Name
Value
Action
RSI(14)
33.297
Sell
STOCH(9,6)
45.472
Neutral
STOCHRSI(14)
51.352
Neutral
MACD(12,26)
-0.001
Sell
ADX(14)
35.587
Sell
Williams %R
-79.688
Sell
CCI(14)
-119.6824
Sell
ATR(14)
0.0011
High Volatility
Highs/Lows(14)
-0.0003
Sell
Ultimate Oscillator
44.426
Sell
ROC
-0.257
Sell
Bull/Bear Power(13)
-0.0017
Sell
Buy: 0
Sell: 9
Neutral: 2


Summary:Strong Sell","Jun 17, 2021 07:39PM GMT"
usd_cad,1.2356 +0.0080    +0.65%,15:40:50,2021-06-17 19:41:10.522213,"Prev. Close: 1.2276
Bid/Ask: 1.2355 / 1.2356
Day's Range: 1.2261 - 1.2378",Strong Buy,"Summary:Strong Buy
Moving Averages:Strong BuyBuy (11)Sell (1)
Technical Indicators:Strong BuyBuy (10)Sell (1)","Name
S3
S2
S1
Pivot Points
R1
R2
R3
Classic
1.2329
1.2334
1.2343
1.2349
1.2358
1.2364
1.2373
Fibonacci
1.2334
1.2340
1.2343
1.2349
1.2355
1.2358
1.2364
Camarilla
1.2348
1.2349
1.2351
1.2349
1.2353
1.2355
1.2356
Woodie's
1.2331
1.2335
1.2345
1.2350
1.2360
1.2365
1.2375
DeMark's
-
-
1.2345
1.2350
1.2360
-
-","Technical IndicatorsJun 17, 2021 07:39PM GMT
Name
Value
Action
RSI(14)
71.286
Buy
STOCH(9,6)
69.125
Buy
STOCHRSI(14)
39.244
Sell
MACD(12,26)
0.003
Buy
ADX(14)
36.698
Buy
Williams %R
-21.146
Buy
CCI(14)
101.1511
Buy
ATR(14)
0.0026
High Volatility
Highs/Lows(14)
0.0015
Buy
Ultimate Oscillator
69.668
Buy
ROC
0.701
Buy
Bull/Bear Power(13)
0.0042
Buy
Buy: 10
Sell: 1
Neutral: 0


Summary:Strong Buy","Jun 17, 2021 07:39PM GMT"
usd_chf,0.9177 +0.0092    +1.01%,15:40:43,2021-06-17 19:41:10.525017,"Prev. Close: 0.9085
Bid/Ask: 0.9176 / 0.9177
Day's Range: 0.9076 - 0.9188",Strong Buy,"Summary:Strong Buy
Moving Averages:Strong BuyBuy (11)Sell (1)
Technical Indicators:Strong BuyBuy (8)Sell (0)","Name
S3
S2
S1
Pivot Points
R1
R2
R3
Classic
0.9159
0.9162
0.9168
0.9171
0.9177
0.9180
0.9185
Fibonacci
0.9162
0.9166
0.9168
0.9171
0.9174
0.9176
0.9180
Camarilla
0.9171
0.9172
0.9173
0.9171
0.9174
0.9175
0.9176
Woodie's
0.9161
0.9163
0.9170
0.9172
0.9179
0.9181
0.9187
DeMark's
-
-
0.9169
0.9172
0.9178
-
-","Technical IndicatorsJun 17, 2021 07:39PM GMT
Name
Value
Action
RSI(14)
76.575
Overbought
STOCH(9,6)
78.595
Buy
STOCHRSI(14)
8.049
Oversold
MACD(12,26)
0.004
Buy
ADX(14)
38.566
Buy
Williams %R
-11.594
Overbought
CCI(14)
105.6444
Buy
ATR(14)
0.0018
High Volatility
Highs/Lows(14)
0.0017
Buy
Ultimate Oscillator
69.083
Buy
ROC
1.029
Buy
Bull/Bear Power(13)
0.0051
Buy
Buy: 8
Sell: 0
Neutral: 0


Summary:Strong Buy","Jun 17, 2021 07:39PM GMT"
nzd_chf,0.6427 +0.0023    +0.36%,15:40:53,2021-06-17 19:41:10.527831,"Prev. Close: 0.6404
Bid/Ask: 0.6425 / 0.6429
Day's Range: 0.6406 - 0.6453",Neutral,"Summary:Neutral
Moving Averages:BuyBuy (9)Sell (3)
Technical Indicators:SellBuy (2)Sell (3)","Name
S3
S2
S1
Pivot Points
R1
R2
R3
Classic
0.6419
0.6421
0.6425
0.6427
0.6430
0.6433
0.6436
Fibonacci
0.6421
0.6423
0.6425
0.6427
0.6429
0.6431
0.6433
Camarilla
0.6425
0.6425
0.6426
0.6427
0.6427
0.6428
0.6428
Woodie's
0.6419
0.6421
0.6425
0.6427
0.6430
0.6433
0.6436
DeMark's
-
-
0.6422
0.6426
0.6428
-
-","Technical IndicatorsJun 17, 2021 07:39PM GMT
Name
Value
Action
RSI(14)
51.888
Neutral
STOCH(9,6)
52.056
Neutral
STOCHRSI(14)
48.689
Neutral
MACD(12,26)
0.000
Buy
ADX(14)
26.281
Sell
Williams %R
-52.689
Neutral
CCI(14)
-10.1770
Neutral
ATR(14)
0.0012
Less Volatility
Highs/Lows(14)
0.0000
Neutral
Ultimate Oscillator
53.373
Buy
ROC
-0.155
Sell
Bull/Bear Power(13)
-0.0004
Sell
Buy: 2
Sell: 3
Neutral: 6


Summary:Sell","Jun 17, 2021 07:39PM GMT"
usd_cny,6.4484 +0.0515    +0.80%,11:27:22,2021-06-17 19:41:10.530883,"Prev. Close: 6.3969
Bid/Ask: 6.4477 / 6.4490
Day's Range: 6.3972 - 6.4494",Strong Buy,"Summary:Strong Buy
Moving Averages:BuyBuy (12)Sell (0)
Technical Indicators:Strong BuyBuy (7)Sell (0)","Name
S3
S2
S1
Pivot Points
R1
R2
R3
Classic
6.4380
6.4399
6.4436
6.4455
6.4492
6.4511
6.4548
Fibonacci
6.4399
6.4420
6.4434
6.4455
6.4476
6.4490
6.4511
Camarilla
6.4458
6.4463
6.4468
6.4455
6.4479
6.4484
6.4489
Woodie's
6.4390
6.4404
6.4446
6.4460
6.4502
6.4516
6.4558
DeMark's
-
-
6.4446
6.4460
6.4502
-
-","Technical IndicatorsJun 17, 2021 03:34PM GMT
Name
Value
Action
RSI(14)
85.433
Overbought
STOCH(9,6)
77.649
Buy
STOCHRSI(14)
100.000
Overbought
MACD(12,26)
0.011
Buy
ADX(14)
61.337
Buy
Williams %R
-3.426
Overbought
CCI(14)
151.8010
Buy
ATR(14)
0.0041
Less Volatility
Highs/Lows(14)
0.0141
Buy
Ultimate Oscillator
82.973
Overbought
ROC
0.391
Buy
Bull/Bear Power(13)
0.0286
Buy
Buy: 7
Sell: 0
Neutral: 0


Summary:Strong Buy","Jun 17, 2021 03:34PM GMT"
usd_hkd,7.7649 +0.0019    +0.02%,15:40:42,2021-06-17 19:41:10.533672,"Prev. Close: 7.7630
Bid/Ask: 7.7647 / 7.7650
Day's Range: 7.7625 - 7.7656",Strong Buy,"Summary:Strong Buy
Moving Averages:BuyBuy (12)Sell (0)
Technical Indicators:Strong BuyBuy (7)Sell (3)","Name
S3
S2
S1
Pivot Points
R1
R2
R3
Classic
7.7646
7.7646
7.7647
7.7648
7.7649
7.7650
7.7651
Fibonacci
7.7646
7.7647
7.7647
7.7648
7.7649
7.7649
7.7650
Camarilla
7.7648
7.7648
7.7648
7.7648
7.7649
7.7649
7.7649
Woodie's
7.7646
7.7646
7.7647
7.7648
7.7649
7.7650
7.7651
DeMark's
-
-
7.7648
7.7648
7.7650
-
-","Technical IndicatorsJun 17, 2021 07:39PM GMT
Name
Value
Action
RSI(14)
58.665
Buy
STOCH(9,6)
43.421
Sell
STOCHRSI(14)
38.355
Sell
MACD(12,26)
0.001
Buy
ADX(14)
45.619
Buy
Williams %R
-31.593
Buy
CCI(14)
79.7411
Buy
ATR(14)
0.0009
Less Volatility
Highs/Lows(14)
0.0000
Neutral
Ultimate Oscillator
46.866
Sell
ROC
0.003
Buy
Bull/Bear Power(13)
0.0017
Buy
Buy: 7
Sell: 3
Neutral: 1


Summary:Strong Buy","Jun 17, 2021 07:39PM GMT"
eur_usd,1.1904 -0.0091    -0.75%,15:41:40,2021-06-17 19:42:10.276933,"Prev. Close: 1.1994
Bid/Ask: 1.1903 / 1.1904
Day's Range: 1.1892 - 1.2007",Strong Sell,"Summary:Strong Sell
Moving Averages:Strong SellBuy (0)Sell (12)
Technical Indicators:Strong SellBuy (0)Sell (9)","Name
S3
S2
S1
Pivot Points
R1
R2
R3
Classic
1.1895
1.1903
1.1907
1.1915
1.1919
1.1927
1.1931
Fibonacci
1.1903
1.1908
1.1910
1.1915
1.1920
1.1922
1.1927
Camarilla
1.1908
1.1909
1.1910
1.1915
1.1912
1.1913
1.1914
Woodie's
1.1893
1.1902
1.1905
1.1914
1.1917
1.1926
1.1929
DeMark's
-
-
1.1905
1.1914
1.1917
-
-","Technical IndicatorsJun 17, 2021 07:41PM GMT
Name
Value
Action
RSI(14)
25.537
Sell
STOCH(9,6)
26.045
Sell
STOCHRSI(14)
82.153
Overbought
MACD(12,26)
-0.004
Sell
ADX(14)
38.269
Sell
Williams %R
-89.286
Oversold
CCI(14)
-119.5474
Sell
ATR(14)
0.0023
High Volatility
Highs/Lows(14)
-0.0020
Sell
Ultimate Oscillator
34.607
Sell
ROC
-0.817
Sell
Bull/Bear Power(13)
-0.0044
Sell
Buy: 0
Sell: 9
Neutral: 0


Summary:Strong Sell","Jun 17, 2021 07:41PM GMT"
gbp_usd,1.3924 -0.0063    -0.45%,15:41:35,2021-06-17 19:42:10.280499,"Prev. Close: 1.3987
Bid/Ask: 1.3923 / 1.3925
Day's Range: 1.3896 - 1.4010",Strong Sell,"Summary:Strong Sell
Moving Averages:SellBuy (2)Sell (10)
Technical Indicators:Strong SellBuy (0)Sell (10)","Name
S3
S2
S1
Pivot Points
R1
R2
R3
Classic
1.3906
1.3915
1.3918
1.3927
1.3931
1.3939
1.3943
Fibonacci
1.3915
1.3920
1.3922
1.3927
1.3932
1.3934
1.3939
Camarilla
1.3920
1.3921
1.3922
1.3927
1.3925
1.3926
1.3927
Woodie's
1.3904
1.3914
1.3916
1.3926
1.3929
1.3938
1.3941
DeMark's
-
-
1.3917
1.3926
1.3930
-
-","Technical IndicatorsJun 17, 2021 07:41PM GMT
Name
Value
Action
RSI(14)
35.423
Sell
STOCH(9,6)
29.735
Sell
STOCHRSI(14)
100.000
Overbought
MACD(12,26)
-0.003
Sell
ADX(14)
37.932
Sell
Williams %R
-73.973
Sell
CCI(14)
-77.6674
Sell
ATR(14)
0.0026
High Volatility
Highs/Lows(14)
-0.0011
Sell
Ultimate Oscillator
36.970
Sell
ROC
-0.571
Sell
Bull/Bear Power(13)
-0.0026
Sell
Buy: 0
Sell: 10
Neutral: 0


Summary:Strong Sell","Jun 17, 2021 07:41PM GMT"
usd_jpy,110.31 -0.39    -0.35%,15:41:42,2021-06-17 19:42:10.283442,"Prev. Close: 110.69
Bid/Ask: 110.29 / 110.32
Day's Range: 110.17 - 110.83",Neutral,"Summary:Neutral
Moving Averages:BuyBuy (7)Sell (5)
Technical Indicators:Strong SellBuy (1)Sell (8)","Name
S3
S2
S1
Pivot Points
R1
R2
R3
Classic
110.15
110.17
110.21
110.23
110.27
110.29
110.32
Fibonacci
110.17
110.19
110.21
110.23
110.25
110.27
110.29
Camarilla
110.24
110.24
110.25
110.23
110.26
110.27
110.27
Woodie's
110.17
110.18
110.23
110.24
110.29
110.30
110.34
DeMark's
-
-
110.23
110.24
110.29
-
-","Technical IndicatorsJun 17, 2021 07:41PM GMT
Name
Value
Action
RSI(14)
44.883
Sell
STOCH(9,6)
16.736
Oversold
STOCHRSI(14)
24.115
Oversold
MACD(12,26)
-0.010
Sell
ADX(14)
36.026
Buy
Williams %R
-75.630
Sell
CCI(14)
-76.2715
Sell
ATR(14)
0.1321
High Volatility
Highs/Lows(14)
-0.1004
Sell
Ultimate Oscillator
46.355
Sell
ROC
-0.298
Sell
Bull/Bear Power(13)
-0.2540
Sell
Buy: 1
Sell: 8
Neutral: 0


Summary:Strong Sell","Jun 17, 2021 07:41PM GMT"
aud_usd,0.7550 -0.0060    -0.80%,15:41:34,2021-06-17 19:42:10.286236,"Prev. Close: 0.7610
Bid/Ask: 0.7549 / 0.7550
Day's Range: 0.7540 - 0.7646",Strong Sell,"Summary:Strong Sell
Moving Averages:Strong SellBuy (0)Sell (12)
Technical Indicators:Strong SellBuy (1)Sell (8)","Name
S3
S2
S1
Pivot Points
R1
R2
R3
Classic
0.7540
0.7546
0.7549
0.7555
0.7558
0.7564
0.7568
Fibonacci
0.7546
0.7549
0.7551
0.7555
0.7559
0.7561
0.7564
Camarilla
0.7549
0.7550
0.7551
0.7555
0.7552
0.7553
0.7554
Woodie's
0.7538
0.7545
0.7547
0.7554
0.7556
0.7563
0.7566
DeMark's
-
-
0.7547
0.7554
0.7556
-
-","Technical IndicatorsJun 17, 2021 07:41PM GMT
Name
Value
Action
RSI(14)
26.259
Sell
STOCH(9,6)
20.200
Sell
STOCHRSI(14)
56.510
Buy
MACD(12,26)
-0.003
Sell
ADX(14)
46.055
Sell
Williams %R
-89.618
Oversold
CCI(14)
-92.6182
Sell
ATR(14)
0.0019
High Volatility
Highs/Lows(14)
-0.0019
Sell
Ultimate Oscillator
29.050
Oversold
ROC
-1.068
Sell
Bull/Bear Power(13)
-0.0036
Sell
Buy: 1
Sell: 8
Neutral: 0


Summary:Strong Sell","Jun 17, 2021 07:41PM GMT"
eur_gbp,0.8549 -0.0024    -0.29%,15:41:41,2021-06-17 19:42:10.289041,"Prev. Close: 0.8573
Bid/Ask: 0.8547 / 0.8550
Day's Range: 0.8542 - 0.8580",Strong Sell,"Summary:Strong Sell
Moving Averages:Strong SellBuy (0)Sell (12)
Technical Indicators:Strong SellBuy (0)Sell (9)","Name
S3
S2
S1
Pivot Points
R1
R2
R3
Classic
0.8548
0.8551
0.8552
0.8555
0.8556
0.8559
0.8561
Fibonacci
0.8551
0.8552
0.8553
0.8555
0.8557
0.8558
0.8559
Camarilla
0.8553
0.8554
0.8554
0.8555
0.8555
0.8555
0.8556
Woodie's
0.8548
0.8551
0.8552
0.8555
0.8556
0.8559
0.8561
DeMark's
-
-
0.8552
0.8555
0.8556
-
-","Technical IndicatorsJun 17, 2021 07:41PM GMT
Name
Value
Action
RSI(14)
33.584
Sell
STOCH(9,6)
45.781
Neutral
STOCHRSI(14)
52.597
Neutral
MACD(12,26)
-0.001
Sell
ADX(14)
35.619
Sell
Williams %R
-78.125
Sell
CCI(14)
-119.6824
Sell
ATR(14)
0.0012
High Volatility
Highs/Lows(14)
-0.0002
Sell
Ultimate Oscillator
45.244
Sell
ROC
-0.251
Sell
Bull/Bear Power(13)
-0.0017
Sell
Buy: 0
Sell: 9
Neutral: 2


Summary:Strong Sell","Jun 17, 2021 07:41PM GMT"
usd_cad,1.2356 +0.0080    +0.65%,15:41:38,2021-06-17 19:42:10.291851,"Prev. Close: 1.2276
Bid/Ask: 1.2354 / 1.2358
Day's Range: 1.2261 - 1.2378",Strong Buy,"Summary:Strong Buy
Moving Averages:BuyBuy (12)Sell (0)
Technical Indicators:Strong BuyBuy (8)Sell (1)","Name
S3
S2
S1
Pivot Points
R1
R2
R3
Classic
1.2329
1.2334
1.2343
1.2349
1.2358
1.2364
1.2373
Fibonacci
1.2334
1.2340
1.2343
1.2349
1.2355
1.2358
1.2364
Camarilla
1.2348
1.2349
1.2351
1.2349
1.2353
1.2355
1.2356
Woodie's
1.2331
1.2335
1.2345
1.2350
1.2360
1.2365
1.2375
DeMark's
-
-
1.2345
1.2350
1.2360
-
-","Technical IndicatorsJun 17, 2021 07:41PM GMT
Name
Value
Action
RSI(14)
71.810
Buy
STOCH(9,6)
69.630
Buy
STOCHRSI(14)
43.197
Sell
MACD(12,26)
0.003
Buy
ADX(14)
36.698
Buy
Williams %R
-18.943
Overbought
CCI(14)
103.6456
Buy
ATR(14)
0.0026
High Volatility
Highs/Lows(14)
0.0017
Buy
Ultimate Oscillator
70.660
Overbought
ROC
0.721
Buy
Bull/Bear Power(13)
0.0042
Buy
Buy: 8
Sell: 1
Neutral: 0


Summary:Strong Buy","Jun 17, 2021 07:41PM GMT"
usd_chf,0.9176 +0.0091    +1.00%,15:41:43,2021-06-17 19:42:10.294644,"Prev. Close: 0.9085
Bid/Ask: 0.9174 / 0.9178
Day's Range: 0.9076 - 0.9188",Strong Buy,"Summary:Strong Buy
Moving Averages:Strong BuyBuy (11)Sell (1)
Technical Indicators:Strong BuyBuy (8)Sell (0)","Name
S3
S2
S1
Pivot Points
R1
R2
R3
Classic
0.9159
0.9162
0.9168
0.9171
0.9177
0.9180
0.9185
Fibonacci
0.9162
0.9166
0.9168
0.9171
0.9174
0.9176
0.9180
Camarilla
0.9171
0.9172
0.9173
0.9171
0.9174
0.9175
0.9176
Woodie's
0.9161
0.9163
0.9170
0.9172
0.9179
0.9181
0.9187
DeMark's
-
-
0.9169
0.9172
0.9178
-
-","Technical IndicatorsJun 17, 2021 07:41PM GMT
Name
Value
Action
RSI(14)
76.575
Overbought
STOCH(9,6)
78.595
Buy
STOCHRSI(14)
8.049
Oversold
MACD(12,26)
0.004
Buy
ADX(14)
38.566
Buy
Williams %R
-11.594
Overbought
CCI(14)
105.6444
Buy
ATR(14)
0.0018
High Volatility
Highs/Lows(14)
0.0017
Buy
Ultimate Oscillator
69.083
Buy
ROC
1.029
Buy
Bull/Bear Power(13)
0.0051
Buy
Buy: 8
Sell: 0
Neutral: 0


Summary:Strong Buy","Jun 17, 2021 07:41PM GMT"
nzd_chf,0.6426 +0.0022    +0.34%,15:41:39,2021-06-17 19:42:10.297417,"Prev. Close: 0.6404
Bid/Ask: 0.6423 / 0.6429
Day's Range: 0.6406 - 0.6453",Neutral,"Summary:Neutral
Moving Averages:NeutralBuy (6)Sell (6)
Technical Indicators:SellBuy (2)Sell (5)","Name
S3
S2
S1
Pivot Points
R1
R2
R3
Classic
0.6419
0.6421
0.6425
0.6427
0.6430
0.6433
0.6436
Fibonacci
0.6421
0.6423
0.6425
0.6427
0.6429
0.6431
0.6433
Camarilla
0.6425
0.6425
0.6426
0.6427
0.6427
0.6428
0.6428
Woodie's
0.6419
0.6421
0.6425
0.6427
0.6430
0.6433
0.6436
DeMark's
-
-
0.6422
0.6426
0.6428
-
-","Technical IndicatorsJun 17, 2021 07:41PM GMT
Name
Value
Action
RSI(14)
50.437
Neutral
STOCH(9,6)
50.723
Neutral
STOCHRSI(14)
43.128
Sell
MACD(12,26)
0.000
Buy
ADX(14)
26.281
Sell
Williams %R
-56.990
Sell
CCI(14)
-15.4634
Neutral
ATR(14)
0.0012
Less Volatility
Highs/Lows(14)
0.0000
Neutral
Ultimate Oscillator
51.376
Buy
ROC
-0.186
Sell
Bull/Bear Power(13)
-0.0004
Sell
Buy: 2
Sell: 5
Neutral: 4


Summary:Sell","Jun 17, 2021 07:41PM GMT"
usd_cny,6.4484 +0.0515    +0.80%,11:27:22,2021-06-17 19:42:10.300212,"Prev. Close: 6.3969
Bid/Ask: 6.4477 / 6.4490
Day's Range: 6.3972 - 6.4494",Strong Buy,"Summary:Strong Buy
Moving Averages:BuyBuy (12)Sell (0)
Technical Indicators:Strong BuyBuy (7)Sell (0)","Name
S3
S2
S1
Pivot Points
R1
R2
R3
Classic
6.4380
6.4399
6.4436
6.4455
6.4492
6.4511
6.4548
Fibonacci
6.4399
6.4420
6.4434
6.4455
6.4476
6.4490
6.4511
Camarilla
6.4458
6.4463
6.4468
6.4455
6.4479
6.4484
6.4489
Woodie's
6.4390
6.4404
6.4446
6.4460
6.4502
6.4516
6.4558
DeMark's
-
-
6.4446
6.4460
6.4502
-
-","Technical IndicatorsJun 17, 2021 03:34PM GMT
Name
Value
Action
RSI(14)
85.433
Overbought
STOCH(9,6)
77.649
Buy
STOCHRSI(14)
100.000
Overbought
MACD(12,26)
0.011
Buy
ADX(14)
61.337
Buy
Williams %R
-3.426
Overbought
CCI(14)
151.8010
Buy
ATR(14)
0.0041
Less Volatility
Highs/Lows(14)
0.0141
Buy
Ultimate Oscillator
82.973
Overbought
ROC
0.391
Buy
Bull/Bear Power(13)
0.0286
Buy
Buy: 7
Sell: 0
Neutral: 0


Summary:Strong Buy","Jun 17, 2021 03:34PM GMT"
usd_hkd,7.7649 +0.0019    +0.02%,15:41:42,2021-06-17 19:42:10.303026,"Prev. Close: 7.7630
Bid/Ask: 7.7647 / 7.7650
Day's Range: 7.7625 - 7.7656",Strong Buy,"Summary:Strong Buy
Moving Averages:BuyBuy (12)Sell (0)
Technical Indicators:Strong BuyBuy (7)Sell (3)","Name
S3
S2
S1
Pivot Points
R1
R2
R3
Classic
7.7646
7.7646
7.7647
7.7648
7.7649
7.7650
7.7651
Fibonacci
7.7646
7.7647
7.7647
7.7648
7.7649
7.7649
7.7650
Camarilla
7.7648
7.7648
7.7648
7.7648
7.7649
7.7649
7.7649
Woodie's
7.7646
7.7646
7.7647
7.7648
7.7649
7.7650
7.7651
DeMark's
-
-
7.7648
7.7648
7.7650
-
-","Technical IndicatorsJun 17, 2021 07:41PM GMT
Name
Value
Action
RSI(14)
58.665
Buy
STOCH(9,6)
43.421
Sell
STOCHRSI(14)
38.355
Sell
MACD(12,26)
0.001
Buy
ADX(14)
45.619
Buy
Williams %R
-31.593
Buy
CCI(14)
79.7411
Buy
ATR(14)
0.0009
Less Volatility
Highs/Lows(14)
0.0000
Neutral
Ultimate Oscillator
46.866
Sell
ROC
0.003
Buy
Bull/Bear Power(13)
0.0017
Buy
Buy: 7
Sell: 3
Neutral: 1


Summary:Strong Buy","Jun 17, 2021 07:41PM GMT"
eur_usd,1.1902 -0.0092    -0.77%,15:42:53,2021-06-17 19:43:09.970766,"Prev. Close: 1.1994
Bid/Ask: 1.1900 / 1.1904
Day's Range: 1.1892 - 1.2007",Strong Sell,"Summary:Strong Sell
Moving Averages:Strong SellBuy (0)Sell (12)
Technical Indicators:Strong SellBuy (0)Sell (9)","Name
S3
S2
S1
Pivot Points
R1
R2
R3
Classic
1.1895
1.1903
1.1907
1.1915
1.1919
1.1927
1.1931
Fibonacci
1.1903
1.1908
1.1910
1.1915
1.1920
1.1922
1.1927
Camarilla
1.1908
1.1909
1.1910
1.1915
1.1912
1.1913
1.1914
Woodie's
1.1893
1.1902
1.1905
1.1914
1.1917
1.1926
1.1929
DeMark's
-
-
1.1905
1.1914
1.1917
-
-","Technical IndicatorsJun 17, 2021 07:41PM GMT
Name
Value
Action
RSI(14)
25.537
Sell
STOCH(9,6)
26.045
Sell
STOCHRSI(14)
82.153
Overbought
MACD(12,26)
-0.004
Sell
ADX(14)
38.269
Sell
Williams %R
-89.286
Oversold
CCI(14)
-119.5474
Sell
ATR(14)
0.0023
High Volatility
Highs/Lows(14)
-0.0020
Sell
Ultimate Oscillator
34.607
Sell
ROC
-0.817
Sell
Bull/Bear Power(13)
-0.0044
Sell
Buy: 0
Sell: 9
Neutral: 0


Summary:Strong Sell","Jun 17, 2021 07:41PM GMT"
gbp_usd,1.3922 -0.0065    -0.46%,15:42:39,2021-06-17 19:43:09.974369,"Prev. Close: 1.3987
Bid/Ask: 1.3920 / 1.3924
Day's Range: 1.3896 - 1.4010",Strong Sell,"Summary:Strong Sell
Moving Averages:SellBuy (2)Sell (10)
Technical Indicators:Strong SellBuy (0)Sell (10)","Name
S3
S2
S1
Pivot Points
R1
R2
R3
Classic
1.3906
1.3915
1.3918
1.3927
1.3931
1.3939
1.3943
Fibonacci
1.3915
1.3920
1.3922
1.3927
1.3932
1.3934
1.3939
Camarilla
1.3920
1.3921
1.3922
1.3927
1.3925
1.3926
1.3927
Woodie's
1.3904
1.3914
1.3916
1.3926
1.3929
1.3938
1.3941
DeMark's
-
-
1.3917
1.3926
1.3930
-
-","Technical IndicatorsJun 17, 2021 07:41PM GMT
Name
Value
Action
RSI(14)
35.423
Sell
STOCH(9,6)
29.735
Sell
STOCHRSI(14)
100.000
Overbought
MACD(12,26)
-0.003
Sell
ADX(14)
37.932
Sell
Williams %R
-73.973
Sell
CCI(14)
-77.6674
Sell
ATR(14)
0.0026
High Volatility
Highs/Lows(14)
-0.0011
Sell
Ultimate Oscillator
36.970
Sell
ROC
-0.571
Sell
Bull/Bear Power(13)
-0.0026
Sell
Buy: 0
Sell: 10
Neutral: 0


Summary:Strong Sell","Jun 17, 2021 07:41PM GMT"
usd_jpy,110.31 -0.39    -0.35%,15:42:39,2021-06-17 19:43:09.977326,"Prev. Close: 110.69
Bid/Ask: 110.29 / 110.32
Day's Range: 110.17 - 110.83",Neutral,"Summary:Neutral
Moving Averages:BuyBuy (7)Sell (5)
Technical Indicators:Strong SellBuy (1)Sell (8)","Name
S3
S2
S1
Pivot Points
R1
R2
R3
Classic
110.15
110.17
110.21
110.23
110.27
110.29
110.32
Fibonacci
110.17
110.19
110.21
110.23
110.25
110.27
110.29
Camarilla
110.24
110.24
110.25
110.23
110.26
110.27
110.27
Woodie's
110.17
110.18
110.23
110.24
110.29
110.30
110.34
DeMark's
-
-
110.23
110.24
110.29
-
-","Technical IndicatorsJun 17, 2021 07:41PM GMT
Name
Value
Action
RSI(14)
44.883
Sell
STOCH(9,6)
16.736
Oversold
STOCHRSI(14)
24.115
Oversold
MACD(12,26)
-0.010
Sell
ADX(14)
36.026
Buy
Williams %R
-75.630
Sell
CCI(14)
-76.2715
Sell
ATR(14)
0.1321
High Volatility
Highs/Lows(14)
-0.1004
Sell
Ultimate Oscillator
46.355
Sell
ROC
-0.298
Sell
Bull/Bear Power(13)
-0.2540
Sell
Buy: 1
Sell: 8
Neutral: 0


Summary:Strong Sell","Jun 17, 2021 07:41PM GMT"
aud_usd,0.7548 -0.0062    -0.81%,15:42:52,2021-06-17 19:43:09.980169,"Prev. Close: 0.7610
Bid/Ask: 0.7547 / 0.7549
Day's Range: 0.7540 - 0.7646",Strong Sell,"Summary:Strong Sell
Moving Averages:Strong SellBuy (0)Sell (12)
Technical Indicators:Strong SellBuy (1)Sell (8)","Name
S3
S2
S1
Pivot Points
R1
R2
R3
Classic
0.7540
0.7546
0.7549
0.7555
0.7558
0.7564
0.7568
Fibonacci
0.7546
0.7549
0.7551
0.7555
0.7559
0.7561
0.7564
Camarilla
0.7549
0.7550
0.7551
0.7555
0.7552
0.7553
0.7554
Woodie's
0.7538
0.7545
0.7547
0.7554
0.7556
0.7563
0.7566
DeMark's
-
-
0.7547
0.7554
0.7556
-
-","Technical IndicatorsJun 17, 2021 07:41PM GMT
Name
Value
Action
RSI(14)
26.259
Sell
STOCH(9,6)
20.200
Sell
STOCHRSI(14)
56.510
Buy
MACD(12,26)
-0.003
Sell
ADX(14)
46.055
Sell
Williams %R
-89.618
Oversold
CCI(14)
-92.6182
Sell
ATR(14)
0.0019
High Volatility
Highs/Lows(14)
-0.0019
Sell
Ultimate Oscillator
29.050
Oversold
ROC
-1.068
Sell
Bull/Bear Power(13)
-0.0036
Sell
Buy: 1
Sell: 8
Neutral: 0


Summary:Strong Sell","Jun 17, 2021 07:41PM GMT"
eur_gbp,0.8549 -0.0024    -0.28%,15:42:56,2021-06-17 19:43:09.982984,"Prev. Close: 0.8573
Bid/Ask: 0.8546 / 0.8552
Day's Range: 0.8542 - 0.8580",Strong Sell,"Summary:Strong Sell
Moving Averages:Strong SellBuy (0)Sell (12)
Technical Indicators:Strong SellBuy (0)Sell (9)","Name
S3
S2
S1
Pivot Points
R1
R2
R3
Classic
0.8548
0.8551
0.8552
0.8555
0.8556
0.8559
0.8561
Fibonacci
0.8551
0.8552
0.8553
0.8555
0.8557
0.8558
0.8559
Camarilla
0.8553
0.8554
0.8554
0.8555
0.8555
0.8555
0.8556
Woodie's
0.8548
0.8551
0.8552
0.8555
0.8556
0.8559
0.8561
DeMark's
-
-
0.8552
0.8555
0.8556
-
-","Technical IndicatorsJun 17, 2021 07:41PM GMT
Name
Value
Action
RSI(14)
33.584
Sell
STOCH(9,6)
45.781
Neutral
STOCHRSI(14)
52.597
Neutral
MACD(12,26)
-0.001
Sell
ADX(14)
35.619
Sell
Williams %R
-78.125
Sell
CCI(14)
-119.6824
Sell
ATR(14)
0.0012
High Volatility
Highs/Lows(14)
-0.0002
Sell
Ultimate Oscillator
45.244
Sell
ROC
-0.251
Sell
Bull/Bear Power(13)
-0.0017
Sell
Buy: 0
Sell: 9
Neutral: 2


Summary:Strong Sell","Jun 17, 2021 07:41PM GMT"
usd_cad,1.2358 +0.0082    +0.67%,15:42:46,2021-06-17 19:43:09.985780,"Prev. Close: 1.2276
Bid/Ask: 1.2356 / 1.2360
Day's Range: 1.2261 - 1.2378",Strong Buy,"Summary:Strong Buy
Moving Averages:BuyBuy (12)Sell (0)
Technical Indicators:Strong BuyBuy (8)Sell (1)","Name
S3
S2
S1
Pivot Points
R1
R2
R3
Classic
1.2329
1.2334
1.2343
1.2349
1.2358
1.2364
1.2373
Fibonacci
1.2334
1.2340
1.2343
1.2349
1.2355
1.2358
1.2364
Camarilla
1.2348
1.2349
1.2351
1.2349
1.2353
1.2355
1.2356
Woodie's
1.2331
1.2335
1.2345
1.2350
1.2360
1.2365
1.2375
DeMark's
-
-
1.2345
1.2350
1.2360
-
-","Technical IndicatorsJun 17, 2021 07:41PM GMT
Name
Value
Action
RSI(14)
71.810
Buy
STOCH(9,6)
69.630
Buy
STOCHRSI(14)
43.197
Sell
MACD(12,26)
0.003
Buy
ADX(14)
36.698
Buy
Williams %R
-18.943
Overbought
CCI(14)
103.6456
Buy
ATR(14)
0.0026
High Volatility
Highs/Lows(14)
0.0017
Buy
Ultimate Oscillator
70.660
Overbought
ROC
0.721
Buy
Bull/Bear Power(13)
0.0042
Buy
Buy: 8
Sell: 1
Neutral: 0


Summary:Strong Buy","Jun 17, 2021 07:41PM GMT"
usd_chf,0.9178 +0.0092    +1.02%,15:42:37,2021-06-17 19:43:09.988622,"Prev. Close: 0.9085
Bid/Ask: 0.9177 / 0.9178
Day's Range: 0.9076 - 0.9188",Strong Buy,"Summary:Strong Buy
Moving Averages:Strong BuyBuy (11)Sell (1)
Technical Indicators:Strong BuyBuy (8)Sell (0)","Name
S3
S2
S1
Pivot Points
R1
R2
R3
Classic
0.9159
0.9162
0.9168
0.9171
0.9177
0.9180
0.9185
Fibonacci
0.9162
0.9166
0.9168
0.9171
0.9174
0.9176
0.9180
Camarilla
0.9171
0.9172
0.9173
0.9171
0.9174
0.9175
0.9176
Woodie's
0.9161
0.9163
0.9170
0.9172
0.9179
0.9181
0.9187
DeMark's
-
-
0.9169
0.9172
0.9178
-
-","Technical IndicatorsJun 17, 2021 07:41PM GMT
Name
Value
Action
RSI(14)
76.575
Overbought
STOCH(9,6)
78.595
Buy
STOCHRSI(14)
8.049
Oversold
MACD(12,26)
0.004
Buy
ADX(14)
38.566
Buy
Williams %R
-11.594
Overbought
CCI(14)
105.6444
Buy
ATR(14)
0.0018
High Volatility
Highs/Lows(14)
0.0017
Buy
Ultimate Oscillator
69.083
Buy
ROC
1.029
Buy
Bull/Bear Power(13)
0.0051
Buy
Buy: 8
Sell: 0
Neutral: 0


Summary:Strong Buy","Jun 17, 2021 07:41PM GMT"
nzd_chf,0.6426 +0.0022    +0.34%,15:42:53,2021-06-17 19:43:09.991442,"Prev. Close: 0.6404
Bid/Ask: 0.6424 / 0.6428
Day's Range: 0.6406 - 0.6453",Neutral,"Summary:Neutral
Moving Averages:NeutralBuy (6)Sell (6)
Technical Indicators:SellBuy (2)Sell (5)","Name
S3
S2
S1
Pivot Points
R1
R2
R3
Classic
0.6419
0.6421
0.6425
0.6427
0.6430
0.6433
0.6436
Fibonacci
0.6421
0.6423
0.6425
0.6427
0.6429
0.6431
0.6433
Camarilla
0.6425
0.6425
0.6426
0.6427
0.6427
0.6428
0.6428
Woodie's
0.6419
0.6421
0.6425
0.6427
0.6430
0.6433
0.6436
DeMark's
-
-
0.6422
0.6426
0.6428
-
-","Technical IndicatorsJun 17, 2021 07:41PM GMT
Name
Value
Action
RSI(14)
50.437
Neutral
STOCH(9,6)
50.723
Neutral
STOCHRSI(14)
43.128
Sell
MACD(12,26)
0.000
Buy
ADX(14)
26.281
Sell
Williams %R
-56.990
Sell
CCI(14)
-15.4634
Neutral
ATR(14)
0.0012
Less Volatility
Highs/Lows(14)
0.0000
Neutral
Ultimate Oscillator
51.376
Buy
ROC
-0.186
Sell
Bull/Bear Power(13)
-0.0004
Sell
Buy: 2
Sell: 5
Neutral: 4


Summary:Sell","Jun 17, 2021 07:41PM GMT"
usd_cny,6.4484 +0.0515    +0.80%,11:27:22,2021-06-17 19:43:09.994233,"Prev. Close: 6.3969
Bid/Ask: 6.4477 / 6.4490
Day's Range: 6.3972 - 6.4494",Strong Buy,"Summary:Strong Buy
Moving Averages:BuyBuy (12)Sell (0)
Technical Indicators:Strong BuyBuy (7)Sell (0)","Name
S3
S2
S1
Pivot Points
R1
R2
R3
Classic
6.4380
6.4399
6.4436
6.4455
6.4492
6.4511
6.4548
Fibonacci
6.4399
6.4420
6.4434
6.4455
6.4476
6.4490
6.4511
Camarilla
6.4458
6.4463
6.4468
6.4455
6.4479
6.4484
6.4489
Woodie's
6.4390
6.4404
6.4446
6.4460
6.4502
6.4516
6.4558
DeMark's
-
-
6.4446
6.4460
6.4502
-
-","Technical IndicatorsJun 17, 2021 03:34PM GMT
Name
Value
Action
RSI(14)
85.433
Overbought
STOCH(9,6)
77.649
Buy
STOCHRSI(14)
100.000
Overbought
MACD(12,26)
0.011
Buy
ADX(14)
61.337
Buy
Williams %R
-3.426
Overbought
CCI(14)
151.8010
Buy
ATR(14)
0.0041
Less Volatility
Highs/Lows(14)
0.0141
Buy
Ultimate Oscillator
82.973
Overbought
ROC
0.391
Buy
Bull/Bear Power(13)
0.0286
Buy
Buy: 7
Sell: 0
Neutral: 0


Summary:Strong Buy","Jun 17, 2021 03:34PM GMT"
usd_hkd,7.7649 +0.0019    +0.02%,15:42:44,2021-06-17 19:43:09.997048,"Prev. Close: 7.7630
Bid/Ask: 7.7647 / 7.7650
Day's Range: 7.7625 - 7.7656",Strong Buy,"Summary:Strong Buy
Moving Averages:BuyBuy (12)Sell (0)
Technical Indicators:Strong BuyBuy (7)Sell (3)","Name
S3
S2
S1
Pivot Points
R1
R2
R3
Classic
7.7646
7.7646
7.7647
7.7648
7.7649
7.7650
7.7651
Fibonacci
7.7646
7.7647
7.7647
7.7648
7.7649
7.7649
7.7650
Camarilla
7.7648
7.7648
7.7648
7.7648
7.7649
7.7649
7.7649
Woodie's
7.7646
7.7646
7.7647
7.7648
7.7649
7.7650
7.7651
DeMark's
-
-
7.7648
7.7648
7.7650
-
-","Technical IndicatorsJun 17, 2021 07:41PM GMT
Name
Value
Action
RSI(14)
58.665
Buy
STOCH(9,6)
43.421
Sell
STOCHRSI(14)
38.355
Sell
MACD(12,26)
0.001
Buy
ADX(14)
45.619
Buy
Williams %R
-31.593
Buy
CCI(14)
79.7411
Buy
ATR(14)
0.0009
Less Volatility
Highs/Lows(14)
0.0000
Neutral
Ultimate Oscillator
46.866
Sell
ROC
0.003
Buy
Bull/Bear Power(13)
0.0017
Buy
Buy: 7
Sell: 3
Neutral: 1


Summary:Strong Buy","Jun 17, 2021 07:41PM GMT"
eur_usd,1.1903 -0.0092    -0.76%,15:43:40,2021-06-17 19:44:10.011949,"Prev. Close: 1.1994
Bid/Ask: 1.1902 / 1.1903
Day's Range: 1.1892 - 1.2007",Strong Sell,"Summary:Strong Sell
Moving Averages:Strong SellBuy (0)Sell (12)
Technical Indicators:Strong SellBuy (0)Sell (9)","Name
S3
S2
S1
Pivot Points
R1
R2
R3
Classic
1.1895
1.1903
1.1907
1.1915
1.1919
1.1927
1.1931
Fibonacci
1.1903
1.1908
1.1910
1.1915
1.1920
1.1922
1.1927
Camarilla
1.1908
1.1909
1.1910
1.1915
1.1912
1.1913
1.1914
Woodie's
1.1893
1.1902
1.1905
1.1914
1.1917
1.1926
1.1929
DeMark's
-
-
1.1905
1.1914
1.1917
-
-","Technical IndicatorsJun 17, 2021 07:43PM GMT
Name
Value
Action
RSI(14)
25.362
Sell
STOCH(9,6)
25.762
Sell
STOCHRSI(14)
80.753
Overbought
MACD(12,26)
-0.004
Sell
ADX(14)
38.305
Sell
Williams %R
-90.179
Oversold
CCI(14)
-121.5737
Sell
ATR(14)
0.0023
High Volatility
Highs/Lows(14)
-0.0021
Sell
Ultimate Oscillator
34.433
Sell
ROC
-0.825
Sell
Bull/Bear Power(13)
-0.0045
Sell
Buy: 0
Sell: 9
Neutral: 0


Summary:Strong Sell","Jun 17, 2021 07:43PM GMT"
gbp_usd,1.3922 -0.0066    -0.47%,15:43:30,2021-06-17 19:44:10.015636,"Prev. Close: 1.3987
Bid/Ask: 1.3921 / 1.3922
Day's Range: 1.3896 - 1.4010",Strong Sell,"Summary:Strong Sell
Moving Averages:SellBuy (1)Sell (11)
Technical Indicators:Strong SellBuy (0)Sell (10)","Name
S3
S2
S1
Pivot Points
R1
R2
R3
Classic
1.3906
1.3915
1.3918
1.3927
1.3931
1.3939
1.3943
Fibonacci
1.3915
1.3920
1.3922
1.3927
1.3932
1.3934
1.3939
Camarilla
1.3920
1.3921
1.3922
1.3927
1.3925
1.3926
1.3927
Woodie's
1.3904
1.3914
1.3916
1.3926
1.3929
1.3938
1.3941
DeMark's
-
-
1.3917
1.3926
1.3930
-
-","Technical IndicatorsJun 17, 2021 07:43PM GMT
Name
Value
Action
RSI(14)
34.867
Sell
STOCH(9,6)
29.233
Sell
STOCHRSI(14)
96.140
Overbought
MACD(12,26)
-0.003
Sell
ADX(14)
38.654
Sell
Williams %R
-75.800
Sell
CCI(14)
-81.6489
Sell
ATR(14)
0.0027
High Volatility
Highs/Lows(14)
-0.0013
Sell
Ultimate Oscillator
36.648
Sell
ROC
-0.586
Sell
Bull/Bear Power(13)
-0.0029
Sell
Buy: 0
Sell: 10
Neutral: 0


Summary:Strong Sell","Jun 17, 2021 07:43PM GMT"
usd_jpy,110.31 -0.39    -0.35%,15:43:41,2021-06-17 19:44:10.018586,"Prev. Close: 110.69
Bid/Ask: 110.29 / 110.32
Day's Range: 110.17 - 110.83",Neutral,"Summary:Neutral
Moving Averages:BuyBuy (7)Sell (5)
Technical Indicators:Strong SellBuy (1)Sell (8)","Name
S3
S2
S1
Pivot Points
R1
R2
R3
Classic
110.15
110.17
110.21
110.23
110.27
110.29
110.32
Fibonacci
110.17
110.19
110.21
110.23
110.25
110.27
110.29
Camarilla
110.24
110.24
110.25
110.23
110.26
110.27
110.27
Woodie's
110.17
110.18
110.23
110.24
110.29
110.30
110.34
DeMark's
-
-
110.23
110.24
110.29
-
-","Technical IndicatorsJun 17, 2021 07:43PM GMT
Name
Value
Action
RSI(14)
44.883
Sell
STOCH(9,6)
16.736
Oversold
STOCHRSI(14)
24.115
Oversold
MACD(12,26)
-0.010
Sell
ADX(14)
36.026
Buy
Williams %R
-75.630
Sell
CCI(14)
-76.2715
Sell
ATR(14)
0.1321
High Volatility
Highs/Lows(14)
-0.1004
Sell
Ultimate Oscillator
46.355
Sell
ROC
-0.298
Sell
Bull/Bear Power(13)
-0.2540
Sell
Buy: 1
Sell: 8
Neutral: 0


Summary:Strong Sell","Jun 17, 2021 07:43PM GMT"
aud_usd,0.7549 -0.0062    -0.81%,15:43:41,2021-06-17 19:44:10.021410,"Prev. Close: 0.7610
Bid/Ask: 0.7548 / 0.7549
Day's Range: 0.7540 - 0.7646",Strong Sell,"Summary:Strong Sell
Moving Averages:Strong SellBuy (0)Sell (12)
Technical Indicators:Strong SellBuy (1)Sell (8)","Name
S3
S2
S1
Pivot Points
R1
R2
R3
Classic
0.7540
0.7546
0.7549
0.7555
0.7558
0.7564
0.7568
Fibonacci
0.7546
0.7549
0.7551
0.7555
0.7559
0.7561
0.7564
Camarilla
0.7549
0.7550
0.7551
0.7555
0.7552
0.7553
0.7554
Woodie's
0.7538
0.7545
0.7547
0.7554
0.7556
0.7563
0.7566
DeMark's
-
-
0.7547
0.7554
0.7556
-
-","Technical IndicatorsJun 17, 2021 07:43PM GMT
Name
Value
Action
RSI(14)
26.142
Sell
STOCH(9,6)
20.042
Sell
STOCHRSI(14)
55.696
Buy
MACD(12,26)
-0.003
Sell
ADX(14)
46.139
Sell
Williams %R
-90.164
Oversold
CCI(14)
-93.9691
Sell
ATR(14)
0.0019
High Volatility
Highs/Lows(14)
-0.0020
Sell
Ultimate Oscillator
29.176
Oversold
ROC
-1.075
Sell
Bull/Bear Power(13)
-0.0037
Sell
Buy: 1
Sell: 8
Neutral: 0


Summary:Strong Sell","Jun 17, 2021 07:43PM GMT"
eur_gbp,0.8550 -0.0024    -0.27%,15:43:41,2021-06-17 19:44:10.024226,"Prev. Close: 0.8573
Bid/Ask: 0.8549 / 0.8550
Day's Range: 0.8542 - 0.8580",Strong Sell,"Summary:Strong Sell
Moving Averages:Strong SellBuy (0)Sell (12)
Technical Indicators:Strong SellBuy (0)Sell (9)","Name
S3
S2
S1
Pivot Points
R1
R2
R3
Classic
0.8548
0.8551
0.8552
0.8555
0.8556
0.8559
0.8561
Fibonacci
0.8551
0.8552
0.8553
0.8555
0.8557
0.8558
0.8559
Camarilla
0.8553
0.8554
0.8554
0.8555
0.8555
0.8555
0.8556
Woodie's
0.8548
0.8551
0.8552
0.8555
0.8556
0.8559
0.8561
DeMark's
-
-
0.8552
0.8555
0.8556
-
-","Technical IndicatorsJun 17, 2021 07:43PM GMT
Name
Value
Action
RSI(14)
33.297
Sell
STOCH(9,6)
45.472
Neutral
STOCHRSI(14)
51.352
Neutral
MACD(12,26)
-0.001
Sell
ADX(14)
35.619
Sell
Williams %R
-79.688
Sell
CCI(14)
-121.9411
Sell
ATR(14)
0.0012
High Volatility
Highs/Lows(14)
-0.0003
Sell
Ultimate Oscillator
44.725
Sell
ROC
-0.257
Sell
Bull/Bear Power(13)
-0.0017
Sell
Buy: 0
Sell: 9
Neutral: 2


Summary:Strong Sell","Jun 17, 2021 07:43PM GMT"
usd_cad,1.2359 +0.0083    +0.67%,15:43:41,2021-06-17 19:44:10.027042,"Prev. Close: 1.2276
Bid/Ask: 1.2358 / 1.2359
Day's Range: 1.2261 - 1.2378",Strong Buy,"Summary:Strong Buy
Moving Averages:BuyBuy (12)Sell (0)
Technical Indicators:Strong BuyBuy (8)Sell (0)","Name
S3
S2
S1
Pivot Points
R1
R2
R3
Classic
1.2329
1.2334
1.2343
1.2349
1.2358
1.2364
1.2373
Fibonacci
1.2334
1.2340
1.2343
1.2349
1.2355
1.2358
1.2364
Camarilla
1.2348
1.2349
1.2351
1.2349
1.2353
1.2355
1.2356
Woodie's
1.2331
1.2335
1.2345
1.2350
1.2360
1.2365
1.2375
DeMark's
-
-
1.2345
1.2350
1.2360
-
-","Technical IndicatorsJun 17, 2021 07:43PM GMT
Name
Value
Action
RSI(14)
72.413
Buy
STOCH(9,6)
70.236
Buy
STOCHRSI(14)
47.745
Neutral
MACD(12,26)
0.003
Buy
ADX(14)
37.070
Buy
Williams %R
-16.300
Overbought
CCI(14)
109.5735
Buy
ATR(14)
0.0026
High Volatility
Highs/Lows(14)
0.0020
Buy
Ultimate Oscillator
71.016
Overbought
ROC
0.746
Buy
Bull/Bear Power(13)
0.0045
Buy
Buy: 8
Sell: 0
Neutral: 1


Summary:Strong Buy","Jun 17, 2021 07:43PM GMT"
usd_chf,0.9176 +0.0091    +1.00%,15:43:42,2021-06-17 19:44:10.029831,"Prev. Close: 0.9085
Bid/Ask: 0.9174 / 0.9178
Day's Range: 0.9076 - 0.9188",Strong Buy,"Summary:Strong Buy
Moving Averages:BuyBuy (12)Sell (0)
Technical Indicators:Strong BuyBuy (7)Sell (0)","Name
S3
S2
S1
Pivot Points
R1
R2
R3
Classic
0.9159
0.9162
0.9168
0.9171
0.9177
0.9180
0.9185
Fibonacci
0.9162
0.9166
0.9168
0.9171
0.9174
0.9176
0.9180
Camarilla
0.9171
0.9172
0.9173
0.9171
0.9174
0.9175
0.9176
Woodie's
0.9161
0.9163
0.9170
0.9172
0.9179
0.9181
0.9187
DeMark's
-
-
0.9169
0.9172
0.9178
-
-","Technical IndicatorsJun 17, 2021 07:43PM GMT
Name
Value
Action
RSI(14)
76.971
Overbought
STOCH(9,6)
79.212
Buy
STOCHRSI(14)
11.551
Oversold
MACD(12,26)
0.004
Buy
ADX(14)
38.566
Buy
Williams %R
-9.662
Overbought
CCI(14)
107.6709
Buy
ATR(14)
0.0018
High Volatility
Highs/Lows(14)
0.0019
Buy
Ultimate Oscillator
70.312
Overbought
ROC
1.051
Buy
Bull/Bear Power(13)
0.0051
Buy
Buy: 7
Sell: 0
Neutral: 0


Summary:Strong Buy","Jun 17, 2021 07:43PM GMT"
nzd_chf,0.6426 +0.0022    +0.34%,15:43:42,2021-06-17 19:44:10.032667,"Prev. Close: 0.6404
Bid/Ask: 0.6423 / 0.6428
Day's Range: 0.6406 - 0.6453",Sell,"Summary:Sell
Moving Averages:SellBuy (5)Sell (7)
Technical Indicators:SellBuy (1)Sell (5)","Name
S3
S2
S1
Pivot Points
R1
R2
R3
Classic
0.6419
0.6421
0.6425
0.6427
0.6430
0.6433
0.6436
Fibonacci
0.6421
0.6423
0.6425
0.6427
0.6429
0.6431
0.6433
Camarilla
0.6425
0.6425
0.6426
0.6427
0.6427
0.6428
0.6428
Woodie's
0.6419
0.6421
0.6425
0.6427
0.6430
0.6433
0.6436
DeMark's
-
-
0.6422
0.6426
0.6428
-
-","Technical IndicatorsJun 17, 2021 07:43PM GMT
Name
Value
Action
RSI(14)
49.701
Neutral
STOCH(9,6)
50.056
Neutral
STOCHRSI(14)
40.307
Sell
MACD(12,26)
0.000
Buy
ADX(14)
26.281
Sell
Williams %R
-59.141
Sell
CCI(14)
-18.0847
Neutral
ATR(14)
0.0012
Less Volatility
Highs/Lows(14)
0.0000
Neutral
Ultimate Oscillator
50.377
Neutral
ROC
-0.202
Sell
Bull/Bear Power(13)
-0.0004
Sell
Buy: 1
Sell: 5
Neutral: 5


Summary:Sell","Jun 17, 2021 07:43PM GMT"
usd_cny,6.4484 +0.0515    +0.80%,11:27:22,2021-06-17 19:44:10.035484,"Prev. Close: 6.3969
Bid/Ask: 6.4477 / 6.4490
Day's Range: 6.3972 - 6.4494",Strong Buy,"Summary:Strong Buy
Moving Averages:BuyBuy (12)Sell (0)
Technical Indicators:Strong BuyBuy (7)Sell (0)","Name
S3
S2
S1
Pivot Points
R1
R2
R3
Classic
6.4380
6.4399
6.4436
6.4455
6.4492
6.4511
6.4548
Fibonacci
6.4399
6.4420
6.4434
6.4455
6.4476
6.4490
6.4511
Camarilla
6.4458
6.4463
6.4468
6.4455
6.4479
6.4484
6.4489
Woodie's
6.4390
6.4404
6.4446
6.4460
6.4502
6.4516
6.4558
DeMark's
-
-
6.4446
6.4460
6.4502
-
-","Technical IndicatorsJun 17, 2021 03:34PM GMT
Name
Value
Action
RSI(14)
85.433
Overbought
STOCH(9,6)
77.649
Buy
STOCHRSI(14)
100.000
Overbought
MACD(12,26)
0.011
Buy
ADX(14)
61.337
Buy
Williams %R
-3.426
Overbought
CCI(14)
151.8010
Buy
ATR(14)
0.0041
Less Volatility
Highs/Lows(14)
0.0141
Buy
Ultimate Oscillator
82.973
Overbought
ROC
0.391
Buy
Bull/Bear Power(13)
0.0286
Buy
Buy: 7
Sell: 0
Neutral: 0


Summary:Strong Buy","Jun 17, 2021 03:34PM GMT"
usd_hkd,7.7649 +0.0019    +0.02%,15:43:39,2021-06-17 19:44:10.038277,"Prev. Close: 7.7630
Bid/Ask: 7.7647 / 7.7650
Day's Range: 7.7625 - 7.7656",Strong Buy,"Summary:Strong Buy
Moving Averages:BuyBuy (12)Sell (0)
Technical Indicators:Strong BuyBuy (7)Sell (3)","Name
S3
S2
S1
Pivot Points
R1
R2
R3
Classic
7.7646
7.7646
7.7647
7.7648
7.7649
7.7650
7.7651
Fibonacci
7.7646
7.7647
7.7647
7.7648
7.7649
7.7649
7.7650
Camarilla
7.7648
7.7648
7.7648
7.7648
7.7649
7.7649
7.7649
Woodie's
7.7646
7.7646
7.7647
7.7648
7.7649
7.7650
7.7651
DeMark's
-
-
7.7648
7.7648
7.7650
-
-","Technical IndicatorsJun 17, 2021 07:43PM GMT
Name
Value
Action
RSI(14)
58.665
Buy
STOCH(9,6)
43.421
Sell
STOCHRSI(14)
38.355
Sell
MACD(12,26)
0.001
Buy
ADX(14)
45.619
Buy
Williams %R
-31.593
Buy
CCI(14)
79.7411
Buy
ATR(14)
0.0009
Less Volatility
Highs/Lows(14)
0.0000
Neutral
Ultimate Oscillator
46.866
Sell
ROC
0.003
Buy
Bull/Bear Power(13)
0.0017
Buy
Buy: 7
Sell: 3
Neutral: 1


Summary:Strong Buy","Jun 17, 2021 07:43PM GMT"
eur_usd,1.1904 -0.0090    -0.75%,15:44:51,2021-06-17 19:45:09.927466,"Prev. Close: 1.1994
Bid/Ask: 1.1902 / 1.1906
Day's Range: 1.1892 - 1.2007",Strong Sell,"Summary:Strong Sell
Moving Averages:Strong SellBuy (0)Sell (12)
Technical Indicators:Strong SellBuy (0)Sell (9)","Name
S3
S2
S1
Pivot Points
R1
R2
R3
Classic
1.1895
1.1903
1.1907
1.1915
1.1919
1.1927
1.1931
Fibonacci
1.1903
1.1908
1.1910
1.1915
1.1920
1.1922
1.1927
Camarilla
1.1908
1.1909
1.1910
1.1915
1.1912
1.1913
1.1914
Woodie's
1.1893
1.1902
1.1905
1.1914
1.1917
1.1926
1.1929
DeMark's
-
-
1.1905
1.1914
1.1917
-
-","Technical IndicatorsJun 17, 2021 07:43PM GMT
Name
Value
Action
RSI(14)
25.362
Sell
STOCH(9,6)
25.762
Sell
STOCHRSI(14)
80.753
Overbought
MACD(12,26)
-0.004
Sell
ADX(14)
38.305
Sell
Williams %R
-90.179
Oversold
CCI(14)
-121.5737
Sell
ATR(14)
0.0023
High Volatility
Highs/Lows(14)
-0.0021
Sell
Ultimate Oscillator
34.433
Sell
ROC
-0.825
Sell
Bull/Bear Power(13)
-0.0045
Sell
Buy: 0
Sell: 9
Neutral: 0


Summary:Strong Sell","Jun 17, 2021 07:43PM GMT"
gbp_usd,1.3922 -0.0066    -0.47%,15:44:44,2021-06-17 19:45:09.931188,"Prev. Close: 1.3987
Bid/Ask: 1.3921 / 1.3922
Day's Range: 1.3896 - 1.4010",Strong Sell,"Summary:Strong Sell
Moving Averages:SellBuy (1)Sell (11)
Technical Indicators:Strong SellBuy (0)Sell (10)","Name
S3
S2
S1
Pivot Points
R1
R2
R3
Classic
1.3906
1.3915
1.3918
1.3927
1.3931
1.3939
1.3943
Fibonacci
1.3915
1.3920
1.3922
1.3927
1.3932
1.3934
1.3939
Camarilla
1.3920
1.3921
1.3922
1.3927
1.3925
1.3926
1.3927
Woodie's
1.3904
1.3914
1.3916
1.3926
1.3929
1.3938
1.3941
DeMark's
-
-
1.3917
1.3926
1.3930
-
-","Technical IndicatorsJun 17, 2021 07:43PM GMT
Name
Value
Action
RSI(14)
34.867
Sell
STOCH(9,6)
29.233
Sell
STOCHRSI(14)
96.140
Overbought
MACD(12,26)
-0.003
Sell
ADX(14)
38.654
Sell
Williams %R
-75.800
Sell
CCI(14)
-81.6489
Sell
ATR(14)
0.0027
High Volatility
Highs/Lows(14)
-0.0013
Sell
Ultimate Oscillator
36.648
Sell
ROC
-0.586
Sell
Bull/Bear Power(13)
-0.0029
Sell
Buy: 0
Sell: 10
Neutral: 0


Summary:Strong Sell","Jun 17, 2021 07:43PM GMT"
usd_jpy,110.30 -0.39    -0.35%,15:44:32,2021-06-17 19:45:09.934345,"Prev. Close: 110.69
Bid/Ask: 110.29 / 110.31
Day's Range: 110.17 - 110.83",Neutral,"Summary:Neutral
Moving Averages:BuyBuy (7)Sell (5)
Technical Indicators:Strong SellBuy (1)Sell (8)","Name
S3
S2
S1
Pivot Points
R1
R2
R3
Classic
110.15
110.17
110.21
110.23
110.27
110.29
110.32
Fibonacci
110.17
110.19
110.21
110.23
110.25
110.27
110.29
Camarilla
110.24
110.24
110.25
110.23
110.26
110.27
110.27
Woodie's
110.17
110.18
110.23
110.24
110.29
110.30
110.34
DeMark's
-
-
110.23
110.24
110.29
-
-","Technical IndicatorsJun 17, 2021 07:43PM GMT
Name
Value
Action
RSI(14)
44.883
Sell
STOCH(9,6)
16.736
Oversold
STOCHRSI(14)
24.115
Oversold
MACD(12,26)
-0.010
Sell
ADX(14)
36.026
Buy
Williams %R
-75.630
Sell
CCI(14)
-76.2715
Sell
ATR(14)
0.1321
High Volatility
Highs/Lows(14)
-0.1004
Sell
Ultimate Oscillator
46.355
Sell
ROC
-0.298
Sell
Bull/Bear Power(13)
-0.2540
Sell
Buy: 1
Sell: 8
Neutral: 0


Summary:Strong Sell","Jun 17, 2021 07:43PM GMT"
aud_usd,0.7549 -0.0062    -0.81%,15:44:48,2021-06-17 19:45:09.937366,"Prev. Close: 0.7610
Bid/Ask: 0.7548 / 0.7549
Day's Range: 0.7540 - 0.7646",Strong Sell,"Summary:Strong Sell
Moving Averages:Strong SellBuy (0)Sell (12)
Technical Indicators:Strong SellBuy (1)Sell (8)","Name
S3
S2
S1
Pivot Points
R1
R2
R3
Classic
0.7540
0.7546
0.7549
0.7555
0.7558
0.7564
0.7568
Fibonacci
0.7546
0.7549
0.7551
0.7555
0.7559
0.7561
0.7564
Camarilla
0.7549
0.7550
0.7551
0.7555
0.7552
0.7553
0.7554
Woodie's
0.7538
0.7545
0.7547
0.7554
0.7556
0.7563
0.7566
DeMark's
-
-
0.7547
0.7554
0.7556
-
-","Technical IndicatorsJun 17, 2021 07:43PM GMT
Name
Value
Action
RSI(14)
26.142
Sell
STOCH(9,6)
20.042
Sell
STOCHRSI(14)
55.696
Buy
MACD(12,26)
-0.003
Sell
ADX(14)
46.139
Sell
Williams %R
-90.164
Oversold
CCI(14)
-93.9691
Sell
ATR(14)
0.0019
High Volatility
Highs/Lows(14)
-0.0020
Sell
Ultimate Oscillator
29.176
Oversold
ROC
-1.075
Sell
Bull/Bear Power(13)
-0.0037
Sell
Buy: 1
Sell: 8
Neutral: 0


Summary:Strong Sell","Jun 17, 2021 07:43PM GMT"
eur_gbp,0.8551 -0.0022    -0.26%,15:44:56,2021-06-17 19:45:09.940305,"Prev. Close: 0.8573
Bid/Ask: 0.8549 / 0.8553
Day's Range: 0.8542 - 0.8580",Strong Sell,"Summary:Strong Sell
Moving Averages:Strong SellBuy (0)Sell (12)
Technical Indicators:Strong SellBuy (0)Sell (9)","Name
S3
S2
S1
Pivot Points
R1
R2
R3
Classic
0.8548
0.8551
0.8552
0.8555
0.8556
0.8559
0.8561
Fibonacci
0.8551
0.8552
0.8553
0.8555
0.8557
0.8558
0.8559
Camarilla
0.8553
0.8554
0.8554
0.8555
0.8555
0.8555
0.8556
Woodie's
0.8548
0.8551
0.8552
0.8555
0.8556
0.8559
0.8561
DeMark's
-
-
0.8552
0.8555
0.8556
-
-","Technical IndicatorsJun 17, 2021 07:43PM GMT
Name
Value
Action
RSI(14)
33.297
Sell
STOCH(9,6)
45.472
Neutral
STOCHRSI(14)
51.352
Neutral
MACD(12,26)
-0.001
Sell
ADX(14)
35.619
Sell
Williams %R
-79.688
Sell
CCI(14)
-121.9411
Sell
ATR(14)
0.0012
High Volatility
Highs/Lows(14)
-0.0003
Sell
Ultimate Oscillator
44.725
Sell
ROC
-0.257
Sell
Bull/Bear Power(13)
-0.0017
Sell
Buy: 0
Sell: 9
Neutral: 2


Summary:Strong Sell","Jun 17, 2021 07:43PM GMT"
usd_cad,1.2359 +0.0083    +0.67%,15:44:52,2021-06-17 19:45:09.943214,"Prev. Close: 1.2276
Bid/Ask: 1.2358 / 1.2359
Day's Range: 1.2261 - 1.2378",Strong Buy,"Summary:Strong Buy
Moving Averages:BuyBuy (12)Sell (0)
Technical Indicators:Strong BuyBuy (8)Sell (0)","Name
S3
S2
S1
Pivot Points
R1
R2
R3
Classic
1.2329
1.2334
1.2343
1.2349
1.2358
1.2364
1.2373
Fibonacci
1.2334
1.2340
1.2343
1.2349
1.2355
1.2358
1.2364
Camarilla
1.2348
1.2349
1.2351
1.2349
1.2353
1.2355
1.2356
Woodie's
1.2331
1.2335
1.2345
1.2350
1.2360
1.2365
1.2375
DeMark's
-
-
1.2345
1.2350
1.2360
-
-","Technical IndicatorsJun 17, 2021 07:43PM GMT
Name
Value
Action
RSI(14)
72.413
Buy
STOCH(9,6)
70.236
Buy
STOCHRSI(14)
47.745
Neutral
MACD(12,26)
0.003
Buy
ADX(14)
37.070
Buy
Williams %R
-16.300
Overbought
CCI(14)
109.5735
Buy
ATR(14)
0.0026
High Volatility
Highs/Lows(14)
0.0020
Buy
Ultimate Oscillator
71.016
Overbought
ROC
0.746
Buy
Bull/Bear Power(13)
0.0045
Buy
Buy: 8
Sell: 0
Neutral: 1


Summary:Strong Buy","Jun 17, 2021 07:43PM GMT"
usd_chf,0.9176 +0.0091    +1.00%,15:44:43,2021-06-17 19:45:09.946092,"Prev. Close: 0.9085
Bid/Ask: 0.9175 / 0.9176
Day's Range: 0.9076 - 0.9188",Strong Buy,"Summary:Strong Buy
Moving Averages:BuyBuy (12)Sell (0)
Technical Indicators:Strong BuyBuy (7)Sell (0)","Name
S3
S2
S1
Pivot Points
R1
R2
R3
Classic
0.9159
0.9162
0.9168
0.9171
0.9177
0.9180
0.9185
Fibonacci
0.9162
0.9166
0.9168
0.9171
0.9174
0.9176
0.9180
Camarilla
0.9171
0.9172
0.9173
0.9171
0.9174
0.9175
0.9176
Woodie's
0.9161
0.9163
0.9170
0.9172
0.9179
0.9181
0.9187
DeMark's
-
-
0.9169
0.9172
0.9178
-
-","Technical IndicatorsJun 17, 2021 07:43PM GMT
Name
Value
Action
RSI(14)
76.971
Overbought
STOCH(9,6)
79.212
Buy
STOCHRSI(14)
11.551
Oversold
MACD(12,26)
0.004
Buy
ADX(14)
38.566
Buy
Williams %R
-9.662
Overbought
CCI(14)
107.6709
Buy
ATR(14)
0.0018
High Volatility
Highs/Lows(14)
0.0019
Buy
Ultimate Oscillator
70.312
Overbought
ROC
1.051
Buy
Bull/Bear Power(13)
0.0051
Buy
Buy: 7
Sell: 0
Neutral: 0


Summary:Strong Buy","Jun 17, 2021 07:43PM GMT"
nzd_chf,0.6424 +0.0019    +0.30%,15:44:56,2021-06-17 19:45:09.948964,"Prev. Close: 0.6404
Bid/Ask: 0.6420 / 0.6427
Day's Range: 0.6406 - 0.6453",Sell,"Summary:Sell
Moving Averages:SellBuy (5)Sell (7)
Technical Indicators:SellBuy (1)Sell (5)","Name
S3
S2
S1
Pivot Points
R1
R2
R3
Classic
0.6419
0.6421
0.6425
0.6427
0.6430
0.6433
0.6436
Fibonacci
0.6421
0.6423
0.6425
0.6427
0.6429
0.6431
0.6433
Camarilla
0.6425
0.6425
0.6426
0.6427
0.6427
0.6428
0.6428
Woodie's
0.6419
0.6421
0.6425
0.6427
0.6430
0.6433
0.6436
DeMark's
-
-
0.6422
0.6426
0.6428
-
-","Technical IndicatorsJun 17, 2021 07:43PM GMT
Name
Value
Action
RSI(14)
49.701
Neutral
STOCH(9,6)
50.056
Neutral
STOCHRSI(14)
40.307
Sell
MACD(12,26)
0.000
Buy
ADX(14)
26.281
Sell
Williams %R
-59.141
Sell
CCI(14)
-18.0847
Neutral
ATR(14)
0.0012
Less Volatility
Highs/Lows(14)
0.0000
Neutral
Ultimate Oscillator
50.377
Neutral
ROC
-0.202
Sell
Bull/Bear Power(13)
-0.0004
Sell
Buy: 1
Sell: 5
Neutral: 5


Summary:Sell","Jun 17, 2021 07:43PM GMT"
usd_cny,6.4484 +0.0515    +0.80%,11:27:22,2021-06-17 19:45:09.951847,"Prev. Close: 6.3969
Bid/Ask: 6.4477 / 6.4490
Day's Range: 6.3972 - 6.4494",Strong Buy,"Summary:Strong Buy
Moving Averages:BuyBuy (12)Sell (0)
Technical Indicators:Strong BuyBuy (7)Sell (0)","Name
S3
S2
S1
Pivot Points
R1
R2
R3
Classic
6.4380
6.4399
6.4436
6.4455
6.4492
6.4511
6.4548
Fibonacci
6.4399
6.4420
6.4434
6.4455
6.4476
6.4490
6.4511
Camarilla
6.4458
6.4463
6.4468
6.4455
6.4479
6.4484
6.4489
Woodie's
6.4390
6.4404
6.4446
6.4460
6.4502
6.4516
6.4558
DeMark's
-
-
6.4446
6.4460
6.4502
-
-","Technical IndicatorsJun 17, 2021 03:34PM GMT
Name
Value
Action
RSI(14)
85.433
Overbought
STOCH(9,6)
77.649
Buy
STOCHRSI(14)
100.000
Overbought
MACD(12,26)
0.011
Buy
ADX(14)
61.337
Buy
Williams %R
-3.426
Overbought
CCI(14)
151.8010
Buy
ATR(14)
0.0041
Less Volatility
Highs/Lows(14)
0.0141
Buy
Ultimate Oscillator
82.973
Overbought
ROC
0.391
Buy
Bull/Bear Power(13)
0.0286
Buy
Buy: 7
Sell: 0
Neutral: 0


Summary:Strong Buy","Jun 17, 2021 03:34PM GMT"
usd_hkd,7.7649 +0.0019    +0.02%,15:44:53,2021-06-17 19:45:09.954713,"Prev. Close: 7.7630
Bid/Ask: 7.7647 / 7.7650
Day's Range: 7.7625 - 7.7656",Strong Buy,"Summary:Strong Buy
Moving Averages:BuyBuy (12)Sell (0)
Technical Indicators:Strong BuyBuy (7)Sell (3)","Name
S3
S2
S1
Pivot Points
R1
R2
R3
Classic
7.7646
7.7646
7.7647
7.7648
7.7649
7.7650
7.7651
Fibonacci
7.7646
7.7647
7.7647
7.7648
7.7649
7.7649
7.7650
Camarilla
7.7648
7.7648
7.7648
7.7648
7.7649
7.7649
7.7649
Woodie's
7.7646
7.7646
7.7647
7.7648
7.7649
7.7650
7.7651
DeMark's
-
-
7.7648
7.7648
7.7650
-
-","Technical IndicatorsJun 17, 2021 07:43PM GMT
Name
Value
Action
RSI(14)
58.665
Buy
STOCH(9,6)
43.421
Sell
STOCHRSI(14)
38.355
Sell
MACD(12,26)
0.001
Buy
ADX(14)
45.619
Buy
Williams %R
-31.593
Buy
CCI(14)
79.7411
Buy
ATR(14)
0.0009
Less Volatility
Highs/Lows(14)
0.0000
Neutral
Ultimate Oscillator
46.866
Sell
ROC
0.003
Buy
Bull/Bear Power(13)
0.0017
Buy
Buy: 7
Sell: 3
Neutral: 1


Summary:Strong Buy","Jun 17, 2021 07:43PM GMT"
eur_usd,1.1904 -0.0090    -0.75%,15:45:36,2021-06-17 19:46:10.283735,"Prev. Close: 1.1994
Bid/Ask: 1.1902 / 1.1906
Day's Range: 1.1892 - 1.2007",Strong Sell,"Summary:Strong Sell
Moving Averages:Strong SellBuy (0)Sell (12)
Technical Indicators:Strong SellBuy (0)Sell (9)","Name
S3
S2
S1
Pivot Points
R1
R2
R3
Classic
1.1895
1.1903
1.1907
1.1915
1.1919
1.1927
1.1931
Fibonacci
1.1903
1.1908
1.1910
1.1915
1.1920
1.1922
1.1927
Camarilla
1.1908
1.1909
1.1910
1.1915
1.1912
1.1913
1.1914
Woodie's
1.1893
1.1902
1.1905
1.1914
1.1917
1.1926
1.1929
DeMark's
-
-
1.1905
1.1914
1.1917
-
-","Technical IndicatorsJun 17, 2021 07:45PM GMT
Name
Value
Action
RSI(14)
25.537
Sell
STOCH(9,6)
26.045
Sell
STOCHRSI(14)
82.153
Overbought
MACD(12,26)
-0.004
Sell
ADX(14)
38.305
Sell
Williams %R
-89.286
Oversold
CCI(14)
-120.5618
Sell
ATR(14)
0.0023
High Volatility
Highs/Lows(14)
-0.0020
Sell
Ultimate Oscillator
34.930
Sell
ROC
-0.817
Sell
Bull/Bear Power(13)
-0.0045
Sell
Buy: 0
Sell: 9
Neutral: 0


Summary:Strong Sell","Jun 17, 2021 07:45PM GMT"
gbp_usd,1.3922 -0.0066    -0.47%,15:45:31,2021-06-17 19:46:10.287365,"Prev. Close: 1.3987
Bid/Ask: 1.3921 / 1.3922
Day's Range: 1.3896 - 1.4010",Strong Sell,"Summary:Strong Sell
Moving Averages:SellBuy (1)Sell (11)
Technical Indicators:Strong SellBuy (0)Sell (10)","Name
S3
S2
S1
Pivot Points
R1
R2
R3
Classic
1.3906
1.3915
1.3918
1.3927
1.3931
1.3939
1.3943
Fibonacci
1.3915
1.3920
1.3922
1.3927
1.3932
1.3934
1.3939
Camarilla
1.3920
1.3921
1.3922
1.3927
1.3925
1.3926
1.3927
Woodie's
1.3904
1.3914
1.3916
1.3926
1.3929
1.3938
1.3941
DeMark's
-
-
1.3917
1.3926
1.3930
-
-","Technical IndicatorsJun 17, 2021 07:43PM GMT
Name
Value
Action
RSI(14)
34.867
Sell
STOCH(9,6)
29.233
Sell
STOCHRSI(14)
96.140
Overbought
MACD(12,26)
-0.003
Sell
ADX(14)
38.654
Sell
Williams %R
-75.800
Sell
CCI(14)
-81.6489
Sell
ATR(14)
0.0027
High Volatility
Highs/Lows(14)
-0.0013
Sell
Ultimate Oscillator
36.648
Sell
ROC
-0.586
Sell
Bull/Bear Power(13)
-0.0029
Sell
Buy: 0
Sell: 10
Neutral: 0


Summary:Strong Sell","Jun 17, 2021 07:43PM GMT"
usd_jpy,110.30 -0.40    -0.36%,15:45:42,2021-06-17 19:46:10.290325,"Prev. Close: 110.69
Bid/Ask: 110.28 / 110.31
Day's Range: 110.17 - 110.83",Sell,"Summary:Sell
Moving Averages:NeutralBuy (6)Sell (6)
Technical Indicators:Strong SellBuy (1)Sell (8)","Name
S3
S2
S1
Pivot Points
R1
R2
R3
Classic
110.15
110.17
110.21
110.23
110.27
110.29
110.32
Fibonacci
110.17
110.19
110.21
110.23
110.25
110.27
110.29
Camarilla
110.24
110.24
110.25
110.23
110.26
110.27
110.27
Woodie's
110.17
110.18
110.23
110.24
110.29
110.30
110.34
DeMark's
-
-
110.23
110.24
110.29
-
-","Technical IndicatorsJun 17, 2021 07:45PM GMT
Name
Value
Action
RSI(14)
43.736
Sell
STOCH(9,6)
16.166
Oversold
STOCHRSI(14)
19.936
Oversold
MACD(12,26)
-0.010
Sell
ADX(14)
36.026
Buy
Williams %R
-78.992
Sell
CCI(14)
-78.5215
Sell
ATR(14)
0.1321
High Volatility
Highs/Lows(14)
-0.1204
Sell
Ultimate Oscillator
44.773
Sell
ROC
-0.316
Sell
Bull/Bear Power(13)
-0.2480
Sell
Buy: 1
Sell: 8
Neutral: 0


Summary:Strong Sell","Jun 17, 2021 07:45PM GMT"
aud_usd,0.7549 -0.0062    -0.81%,15:45:38,2021-06-17 19:46:10.293208,"Prev. Close: 0.7610
Bid/Ask: 0.7548 / 0.7549
Day's Range: 0.7540 - 0.7646",Strong Sell,"Summary:Strong Sell
Moving Averages:Strong SellBuy (0)Sell (12)
Technical Indicators:Strong SellBuy (0)Sell (7)","Name
S3
S2
S1
Pivot Points
R1
R2
R3
Classic
0.7540
0.7546
0.7549
0.7555
0.7558
0.7564
0.7568
Fibonacci
0.7546
0.7549
0.7551
0.7555
0.7559
0.7561
0.7564
Camarilla
0.7549
0.7550
0.7551
0.7555
0.7552
0.7553
0.7554
Woodie's
0.7538
0.7545
0.7547
0.7554
0.7556
0.7563
0.7566
DeMark's
-
-
0.7547
0.7554
0.7556
-
-","Technical IndicatorsJun 17, 2021 07:45PM GMT
Name
Value
Action
RSI(14)
26.025
Sell
STOCH(9,6)
19.883
Oversold
STOCHRSI(14)
54.882
Neutral
MACD(12,26)
-0.003
Sell
ADX(14)
46.139
Sell
Williams %R
-90.710
Oversold
CCI(14)
-94.4181
Sell
ATR(14)
0.0019
High Volatility
Highs/Lows(14)
-0.0020
Sell
Ultimate Oscillator
28.865
Oversold
ROC
-1.081
Sell
Bull/Bear Power(13)
-0.0037
Sell
Buy: 0
Sell: 7
Neutral: 1


Summary:Strong Sell","Jun 17, 2021 07:45PM GMT"
eur_gbp,0.8551 -0.0022    -0.26%,15:45:41,2021-06-17 19:46:10.296058,"Prev. Close: 0.8573
Bid/Ask: 0.8548 / 0.8553
Day's Range: 0.8542 - 0.8580",Strong Sell,"Summary:Strong Sell
Moving Averages:Strong SellBuy (0)Sell (12)
Technical Indicators:Strong SellBuy (1)Sell (9)","Name
S3
S2
S1
Pivot Points
R1
R2
R3
Classic
0.8548
0.8551
0.8552
0.8555
0.8556
0.8559
0.8561
Fibonacci
0.8551
0.8552
0.8553
0.8555
0.8557
0.8558
0.8559
Camarilla
0.8553
0.8554
0.8554
0.8555
0.8555
0.8555
0.8556
Woodie's
0.8548
0.8551
0.8552
0.8555
0.8556
0.8559
0.8561
DeMark's
-
-
0.8552
0.8555
0.8556
-
-","Technical IndicatorsJun 17, 2021 07:45PM GMT
Name
Value
Action
RSI(14)
34.785
Sell
STOCH(9,6)
47.016
Neutral
STOCHRSI(14)
57.809
Buy
MACD(12,26)
-0.001
Sell
ADX(14)
35.619
Sell
Williams %R
-71.874
Sell
CCI(14)
-110.5204
Sell
ATR(14)
0.0012
High Volatility
Highs/Lows(14)
-0.0000
Sell
Ultimate Oscillator
47.321
Sell
ROC
-0.228
Sell
Bull/Bear Power(13)
-0.0017
Sell
Buy: 1
Sell: 9
Neutral: 1


Summary:Strong Sell","Jun 17, 2021 07:45PM GMT"
usd_cad,1.2359 +0.0083    +0.67%,15:45:36,2021-06-17 19:46:10.298877,"Prev. Close: 1.2276
Bid/Ask: 1.2358 / 1.2359
Day's Range: 1.2261 - 1.2378",Strong Buy,"Summary:Strong Buy
Moving Averages:BuyBuy (12)Sell (0)
Technical Indicators:Strong BuyBuy (8)Sell (0)","Name
S3
S2
S1
Pivot Points
R1
R2
R3
Classic
1.2329
1.2334
1.2343
1.2349
1.2358
1.2364
1.2373
Fibonacci
1.2334
1.2340
1.2343
1.2349
1.2355
1.2358
1.2364
Camarilla
1.2348
1.2349
1.2351
1.2349
1.2353
1.2355
1.2356
Woodie's
1.2331
1.2335
1.2345
1.2350
1.2360
1.2365
1.2375
DeMark's
-
-
1.2345
1.2350
1.2360
-
-","Technical IndicatorsJun 17, 2021 07:45PM GMT
Name
Value
Action
RSI(14)
72.314
Buy
STOCH(9,6)
70.135
Buy
STOCHRSI(14)
46.998
Neutral
MACD(12,26)
0.003
Buy
ADX(14)
37.070
Buy
Williams %R
-16.741
Overbought
CCI(14)
109.0821
Buy
ATR(14)
0.0026
High Volatility
Highs/Lows(14)
0.0019
Buy
Ultimate Oscillator
70.820
Overbought
ROC
0.742
Buy
Bull/Bear Power(13)
0.0045
Buy
Buy: 8
Sell: 0
Neutral: 1


Summary:Strong Buy","Jun 17, 2021 07:45PM GMT"
usd_chf,0.9176 +0.0091    +1.00%,15:45:42,2021-06-17 19:46:10.301676,"Prev. Close: 0.9085
Bid/Ask: 0.9175 / 0.9176
Day's Range: 0.9076 - 0.9188",Strong Buy,"Summary:Strong Buy
Moving Averages:Strong BuyBuy (11)Sell (1)
Technical Indicators:Strong BuyBuy (8)Sell (0)","Name
S3
S2
S1
Pivot Points
R1
R2
R3
Classic
0.9159
0.9162
0.9168
0.9171
0.9177
0.9180
0.9185
Fibonacci
0.9162
0.9166
0.9168
0.9171
0.9174
0.9176
0.9180
Camarilla
0.9171
0.9172
0.9173
0.9171
0.9174
0.9175
0.9176
Woodie's
0.9161
0.9163
0.9170
0.9172
0.9179
0.9181
0.9187
DeMark's
-
-
0.9169
0.9172
0.9178
-
-","Technical IndicatorsJun 17, 2021 07:45PM GMT
Name
Value
Action
RSI(14)
76.372
Overbought
STOCH(9,6)
78.286
Buy
STOCHRSI(14)
6.253
Oversold
MACD(12,26)
0.004
Buy
ADX(14)
38.566
Buy
Williams %R
-12.560
Overbought
CCI(14)
104.6280
Buy
ATR(14)
0.0018
High Volatility
Highs/Lows(14)
0.0016
Buy
Ultimate Oscillator
68.468
Buy
ROC
1.018
Buy
Bull/Bear Power(13)
0.0051
Buy
Buy: 8
Sell: 0
Neutral: 0


Summary:Strong Buy","Jun 17, 2021 07:45PM GMT"
nzd_chf,0.6424 +0.0019    +0.30%,15:45:42,2021-06-17 19:46:10.304496,"Prev. Close: 0.6404
Bid/Ask: 0.6420 / 0.6427
Day's Range: 0.6406 - 0.6453",Sell,"Summary:Sell
Moving Averages:SellBuy (4)Sell (8)
Technical Indicators:SellBuy (1)Sell (5)","Name
S3
S2
S1
Pivot Points
R1
R2
R3
Classic
0.6419
0.6421
0.6425
0.6427
0.6430
0.6433
0.6436
Fibonacci
0.6421
0.6423
0.6425
0.6427
0.6429
0.6431
0.6433
Camarilla
0.6425
0.6425
0.6426
0.6427
0.6427
0.6428
0.6428
Woodie's
0.6419
0.6421
0.6425
0.6427
0.6430
0.6433
0.6436
DeMark's
-
-
0.6422
0.6426
0.6428
-
-","Technical IndicatorsJun 17, 2021 07:45PM GMT
Name
Value
Action
RSI(14)
48.292
Neutral
STOCH(9,6)
48.723
Neutral
STOCHRSI(14)
34.906
Sell
MACD(12,26)
0.000
Buy
ADX(14)
26.791
Sell
Williams %R
-63.441
Sell
CCI(14)
-28.4189
Neutral
ATR(14)
0.0012
Less Volatility
Highs/Lows(14)
0.0000
Neutral
Ultimate Oscillator
49.340
Neutral
ROC
-0.233
Sell
Bull/Bear Power(13)
-0.0006
Sell
Buy: 1
Sell: 5
Neutral: 5


Summary:Sell","Jun 17, 2021 07:45PM GMT"
usd_cny,6.4484 +0.0515    +0.80%,11:27:22,2021-06-17 19:46:10.307313,"Prev. Close: 6.3969
Bid/Ask: 6.4477 / 6.4490
Day's Range: 6.3972 - 6.4494",Strong Buy,"Summary:Strong Buy
Moving Averages:BuyBuy (12)Sell (0)
Technical Indicators:Strong BuyBuy (7)Sell (0)","Name
S3
S2
S1
Pivot Points
R1
R2
R3
Classic
6.4380
6.4399
6.4436
6.4455
6.4492
6.4511
6.4548
Fibonacci
6.4399
6.4420
6.4434
6.4455
6.4476
6.4490
6.4511
Camarilla
6.4458
6.4463
6.4468
6.4455
6.4479
6.4484
6.4489
Woodie's
6.4390
6.4404
6.4446
6.4460
6.4502
6.4516
6.4558
DeMark's
-
-
6.4446
6.4460
6.4502
-
-","Technical IndicatorsJun 17, 2021 03:34PM GMT
Name
Value
Action
RSI(14)
85.433
Overbought
STOCH(9,6)
77.649
Buy
STOCHRSI(14)
100.000
Overbought
MACD(12,26)
0.011
Buy
ADX(14)
61.337
Buy
Williams %R
-3.426
Overbought
CCI(14)
151.8010
Buy
ATR(14)
0.0041
Less Volatility
Highs/Lows(14)
0.0141
Buy
Ultimate Oscillator
82.973
Overbought
ROC
0.391
Buy
Bull/Bear Power(13)
0.0286
Buy
Buy: 7
Sell: 0
Neutral: 0


Summary:Strong Buy","Jun 17, 2021 03:34PM GMT"
usd_hkd,7.7649 +0.0019    +0.02%,15:45:24,2021-06-17 19:46:10.310098,"Prev. Close: 7.7630
Bid/Ask: 7.7647 / 7.7650
Day's Range: 7.7625 - 7.7656",Strong Buy,"Summary:Strong Buy
Moving Averages:BuyBuy (12)Sell (0)
Technical Indicators:Strong BuyBuy (7)Sell (3)","Name
S3
S2
S1
Pivot Points
R1
R2
R3
Classic
7.7646
7.7646
7.7647
7.7648
7.7649
7.7650
7.7651
Fibonacci
7.7646
7.7647
7.7647
7.7648
7.7649
7.7649
7.7650
Camarilla
7.7648
7.7648
7.7648
7.7648
7.7649
7.7649
7.7649
Woodie's
7.7646
7.7646
7.7647
7.7648
7.7649
7.7650
7.7651
DeMark's
-
-
7.7648
7.7648
7.7650
-
-","Technical IndicatorsJun 17, 2021 07:45PM GMT
Name
Value
Action
RSI(14)
58.665
Buy
STOCH(9,6)
43.421
Sell
STOCHRSI(14)
38.355
Sell
MACD(12,26)
0.001
Buy
ADX(14)
45.619
Buy
Williams %R
-31.593
Buy
CCI(14)
79.7411
Buy
ATR(14)
0.0009
Less Volatility
Highs/Lows(14)
0.0000
Neutral
Ultimate Oscillator
46.866
Sell
ROC
0.003
Buy
Bull/Bear Power(13)
0.0017
Buy
Buy: 7
Sell: 3
Neutral: 1


Summary:Strong Buy","Jun 17, 2021 07:45PM GMT"
eur_usd,1.1904 -0.0090    -0.75%,15:46:47,2021-06-17 19:47:10.121760,"Prev. Close: 1.1994
Bid/Ask: 1.1902 / 1.1906
Day's Range: 1.1892 - 1.2007",Strong Sell,"Summary:Strong Sell
Moving Averages:Strong SellBuy (0)Sell (12)
Technical Indicators:Strong SellBuy (0)Sell (9)","Name
S3
S2
S1
Pivot Points
R1
R2
R3
Classic
1.1895
1.1903
1.1907
1.1915
1.1919
1.1927
1.1931
Fibonacci
1.1903
1.1908
1.1910
1.1915
1.1920
1.1922
1.1927
Camarilla
1.1908
1.1909
1.1910
1.1915
1.1912
1.1913
1.1914
Woodie's
1.1893
1.1902
1.1905
1.1914
1.1917
1.1926
1.1929
DeMark's
-
-
1.1905
1.1914
1.1917
-
-","Technical IndicatorsJun 17, 2021 07:45PM GMT
Name
Value
Action
RSI(14)
25.537
Sell
STOCH(9,6)
26.045
Sell
STOCHRSI(14)
82.153
Overbought
MACD(12,26)
-0.004
Sell
ADX(14)
38.305
Sell
Williams %R
-89.286
Oversold
CCI(14)
-120.5618
Sell
ATR(14)
0.0023
High Volatility
Highs/Lows(14)
-0.0020
Sell
Ultimate Oscillator
34.930
Sell
ROC
-0.817
Sell
Bull/Bear Power(13)
-0.0045
Sell
Buy: 0
Sell: 9
Neutral: 0


Summary:Strong Sell","Jun 17, 2021 07:45PM GMT"
gbp_usd,1.3923 -0.0064    -0.46%,15:46:39,2021-06-17 19:47:10.125413,"Prev. Close: 1.3987
Bid/Ask: 1.3921 / 1.3925
Day's Range: 1.3896 - 1.4010",Strong Sell,"Summary:Strong Sell
Moving Averages:SellBuy (1)Sell (11)
Technical Indicators:Strong SellBuy (0)Sell (10)","Name
S3
S2
S1
Pivot Points
R1
R2
R3
Classic
1.3906
1.3915
1.3918
1.3927
1.3931
1.3939
1.3943
Fibonacci
1.3915
1.3920
1.3922
1.3927
1.3932
1.3934
1.3939
Camarilla
1.3920
1.3921
1.3922
1.3927
1.3925
1.3926
1.3927
Woodie's
1.3904
1.3914
1.3916
1.3926
1.3929
1.3938
1.3941
DeMark's
-
-
1.3917
1.3926
1.3930
-
-","Technical IndicatorsJun 17, 2021 07:45PM GMT
Name
Value
Action
RSI(14)
34.483
Sell
STOCH(9,6)
28.732
Sell
STOCHRSI(14)
92.987
Overbought
MACD(12,26)
-0.003
Sell
ADX(14)
38.870
Sell
Williams %R
-77.626
Sell
CCI(14)
-84.2819
Sell
ATR(14)
0.0027
High Volatility
Highs/Lows(14)
-0.0015
Sell
Ultimate Oscillator
36.077
Sell
ROC
-0.600
Sell
Bull/Bear Power(13)
-0.0030
Sell
Buy: 0
Sell: 10
Neutral: 0


Summary:Strong Sell","Jun 17, 2021 07:45PM GMT"
usd_jpy,110.30 -0.40    -0.36%,15:46:38,2021-06-17 19:47:10.128483,"Prev. Close: 110.69
Bid/Ask: 110.29 / 110.30
Day's Range: 110.17 - 110.83",Sell,"Summary:Sell
Moving Averages:NeutralBuy (6)Sell (6)
Technical Indicators:Strong SellBuy (1)Sell (8)","Name
S3
S2
S1
Pivot Points
R1
R2
R3
Classic
110.15
110.17
110.21
110.23
110.27
110.29
110.32
Fibonacci
110.17
110.19
110.21
110.23
110.25
110.27
110.29
Camarilla
110.24
110.24
110.25
110.23
110.26
110.27
110.27
Woodie's
110.17
110.18
110.23
110.24
110.29
110.30
110.34
DeMark's
-
-
110.23
110.24
110.29
-
-","Technical IndicatorsJun 17, 2021 07:46PM GMT
Name
Value
Action
RSI(14)
43.736
Sell
STOCH(9,6)
16.166
Oversold
STOCHRSI(14)
19.936
Oversold
MACD(12,26)
-0.010
Sell
ADX(14)
36.026
Buy
Williams %R
-78.992
Sell
CCI(14)
-78.5215
Sell
ATR(14)
0.1321
High Volatility
Highs/Lows(14)
-0.1204
Sell
Ultimate Oscillator
44.773
Sell
ROC
-0.316
Sell
Bull/Bear Power(13)
-0.2480
Sell
Buy: 1
Sell: 8
Neutral: 0


Summary:Strong Sell","Jun 17, 2021 07:46PM GMT"
aud_usd,0.7549 -0.0062    -0.81%,15:46:47,2021-06-17 19:47:10.131441,"Prev. Close: 0.7610
Bid/Ask: 0.7548 / 0.7549
Day's Range: 0.7540 - 0.7646",Strong Sell,"Summary:Strong Sell
Moving Averages:Strong SellBuy (0)Sell (12)
Technical Indicators:Strong SellBuy (1)Sell (8)","Name
S3
S2
S1
Pivot Points
R1
R2
R3
Classic
0.7540
0.7546
0.7549
0.7555
0.7558
0.7564
0.7568
Fibonacci
0.7546
0.7549
0.7551
0.7555
0.7559
0.7561
0.7564
Camarilla
0.7549
0.7550
0.7551
0.7555
0.7552
0.7553
0.7554
Woodie's
0.7538
0.7545
0.7547
0.7554
0.7556
0.7563
0.7566
DeMark's
-
-
0.7547
0.7554
0.7556
-
-","Technical IndicatorsJun 17, 2021 07:46PM GMT
Name
Value
Action
RSI(14)
26.142
Sell
STOCH(9,6)
20.042
Sell
STOCHRSI(14)
55.696
Buy
MACD(12,26)
-0.003
Sell
ADX(14)
46.171
Sell
Williams %R
-90.164
Oversold
CCI(14)
-94.4186
Sell
ATR(14)
0.0019
High Volatility
Highs/Lows(14)
-0.0020
Sell
Ultimate Oscillator
29.393
Oversold
ROC
-1.075
Sell
Bull/Bear Power(13)
-0.0037
Sell
Buy: 1
Sell: 8
Neutral: 0


Summary:Strong Sell","Jun 17, 2021 07:46PM GMT"
eur_gbp,0.8550 -0.0023    -0.27%,15:46:50,2021-06-17 19:47:10.134318,"Prev. Close: 0.8573
Bid/Ask: 0.8547 / 0.8553
Day's Range: 0.8542 - 0.8580",Strong Sell,"Summary:Strong Sell
Moving Averages:Strong SellBuy (0)Sell (12)
Technical Indicators:Strong SellBuy (1)Sell (9)","Name
S3
S2
S1
Pivot Points
R1
R2
R3
Classic
0.8548
0.8551
0.8552
0.8555
0.8556
0.8559
0.8561
Fibonacci
0.8551
0.8552
0.8553
0.8555
0.8557
0.8558
0.8559
Camarilla
0.8553
0.8554
0.8554
0.8555
0.8555
0.8555
0.8556
Woodie's
0.8548
0.8551
0.8552
0.8555
0.8556
0.8559
0.8561
DeMark's
-
-
0.8552
0.8555
0.8556
-
-","Technical IndicatorsJun 17, 2021 07:45PM GMT
Name
Value
Action
RSI(14)
34.785
Sell
STOCH(9,6)
47.016
Neutral
STOCHRSI(14)
57.809
Buy
MACD(12,26)
-0.001
Sell
ADX(14)
35.619
Sell
Williams %R
-71.874
Sell
CCI(14)
-110.5204
Sell
ATR(14)
0.0012
High Volatility
Highs/Lows(14)
-0.0000
Sell
Ultimate Oscillator
47.321
Sell
ROC
-0.228
Sell
Bull/Bear Power(13)
-0.0017
Sell
Buy: 1
Sell: 9
Neutral: 1


Summary:Strong Sell","Jun 17, 2021 07:45PM GMT"
usd_cad,1.2356 +0.0080    +0.65%,15:46:47,2021-06-17 19:47:10.137201,"Prev. Close: 1.2276
Bid/Ask: 1.2353 / 1.2358
Day's Range: 1.2261 - 1.2378",Strong Buy,"Summary:Strong Buy
Moving Averages:BuyBuy (12)Sell (0)
Technical Indicators:Strong BuyBuy (8)Sell (0)","Name
S3
S2
S1
Pivot Points
R1
R2
R3
Classic
1.2329
1.2334
1.2343
1.2349
1.2358
1.2364
1.2373
Fibonacci
1.2334
1.2340
1.2343
1.2349
1.2355
1.2358
1.2364
Camarilla
1.2348
1.2349
1.2351
1.2349
1.2353
1.2355
1.2356
Woodie's
1.2331
1.2335
1.2345
1.2350
1.2360
1.2365
1.2375
DeMark's
-
-
1.2345
1.2350
1.2360
-
-","Technical IndicatorsJun 17, 2021 07:45PM GMT
Name
Value
Action
RSI(14)
72.314
Buy
STOCH(9,6)
70.135
Buy
STOCHRSI(14)
46.998
Neutral
MACD(12,26)
0.003
Buy
ADX(14)
37.070
Buy
Williams %R
-16.741
Overbought
CCI(14)
109.0821
Buy
ATR(14)
0.0026
High Volatility
Highs/Lows(14)
0.0019
Buy
Ultimate Oscillator
70.820
Overbought
ROC
0.742
Buy
Bull/Bear Power(13)
0.0045
Buy
Buy: 8
Sell: 0
Neutral: 1


Summary:Strong Buy","Jun 17, 2021 07:45PM GMT"
usd_chf,0.9175 +0.0090    +0.99%,15:46:42,2021-06-17 19:47:10.140083,"Prev. Close: 0.9085
Bid/Ask: 0.9173 / 0.9177
Day's Range: 0.9076 - 0.9188",Strong Buy,"Summary:Strong Buy
Moving Averages:Strong BuyBuy (11)Sell (1)
Technical Indicators:Strong BuyBuy (8)Sell (0)","Name
S3
S2
S1
Pivot Points
R1
R2
R3
Classic
0.9159
0.9162
0.9168
0.9171
0.9177
0.9180
0.9185
Fibonacci
0.9162
0.9166
0.9168
0.9171
0.9174
0.9176
0.9180
Camarilla
0.9171
0.9172
0.9173
0.9171
0.9174
0.9175
0.9176
Woodie's
0.9161
0.9163
0.9170
0.9172
0.9179
0.9181
0.9187
DeMark's
-
-
0.9169
0.9172
0.9178
-
-","Technical IndicatorsJun 17, 2021 07:45PM GMT
Name
Value
Action
RSI(14)
76.372
Overbought
STOCH(9,6)
78.286
Buy
STOCHRSI(14)
6.253
Oversold
MACD(12,26)
0.004
Buy
ADX(14)
38.566
Buy
Williams %R
-12.560
Overbought
CCI(14)
104.6280
Buy
ATR(14)
0.0018
High Volatility
Highs/Lows(14)
0.0016
Buy
Ultimate Oscillator
68.468
Buy
ROC
1.018
Buy
Bull/Bear Power(13)
0.0051
Buy
Buy: 8
Sell: 0
Neutral: 0


Summary:Strong Buy","Jun 17, 2021 07:45PM GMT"
nzd_chf,0.6424 +0.0020    +0.31%,15:46:55,2021-06-17 19:47:10.142960,"Prev. Close: 0.6404
Bid/Ask: 0.6422 / 0.6426
Day's Range: 0.6406 - 0.6453",Sell,"Summary:Sell
Moving Averages:SellBuy (4)Sell (8)
Technical Indicators:SellBuy (1)Sell (5)","Name
S3
S2
S1
Pivot Points
R1
R2
R3
Classic
0.6419
0.6421
0.6425
0.6427
0.6430
0.6433
0.6436
Fibonacci
0.6421
0.6423
0.6425
0.6427
0.6429
0.6431
0.6433
Camarilla
0.6425
0.6425
0.6426
0.6427
0.6427
0.6428
0.6428
Woodie's
0.6419
0.6421
0.6425
0.6427
0.6430
0.6433
0.6436
DeMark's
-
-
0.6422
0.6426
0.6428
-
-","Technical IndicatorsJun 17, 2021 07:45PM GMT
Name
Value
Action
RSI(14)
48.292
Neutral
STOCH(9,6)
48.723
Neutral
STOCHRSI(14)
34.906
Sell
MACD(12,26)
0.000
Buy
ADX(14)
26.791
Sell
Williams %R
-63.441
Sell
CCI(14)
-28.4189
Neutral
ATR(14)
0.0012
Less Volatility
Highs/Lows(14)
0.0000
Neutral
Ultimate Oscillator
49.340
Neutral
ROC
-0.233
Sell
Bull/Bear Power(13)
-0.0006
Sell
Buy: 1
Sell: 5
Neutral: 5


Summary:Sell","Jun 17, 2021 07:45PM GMT"
usd_cny,6.4484 +0.0515    +0.80%,11:27:22,2021-06-17 19:47:10.145808,"Prev. Close: 6.3969
Bid/Ask: 6.4477 / 6.4490
Day's Range: 6.3972 - 6.4494",Strong Buy,"Summary:Strong Buy
Moving Averages:BuyBuy (12)Sell (0)
Technical Indicators:Strong BuyBuy (7)Sell (0)","Name
S3
S2
S1
Pivot Points
R1
R2
R3
Classic
6.4380
6.4399
6.4436
6.4455
6.4492
6.4511
6.4548
Fibonacci
6.4399
6.4420
6.4434
6.4455
6.4476
6.4490
6.4511
Camarilla
6.4458
6.4463
6.4468
6.4455
6.4479
6.4484
6.4489
Woodie's
6.4390
6.4404
6.4446
6.4460
6.4502
6.4516
6.4558
DeMark's
-
-
6.4446
6.4460
6.4502
-
-","Technical IndicatorsJun 17, 2021 03:34PM GMT
Name
Value
Action
RSI(14)
85.433
Overbought
STOCH(9,6)
77.649
Buy
STOCHRSI(14)
100.000
Overbought
MACD(12,26)
0.011
Buy
ADX(14)
61.337
Buy
Williams %R
-3.426
Overbought
CCI(14)
151.8010
Buy
ATR(14)
0.0041
Less Volatility
Highs/Lows(14)
0.0141
Buy
Ultimate Oscillator
82.973
Overbought
ROC
0.391
Buy
Bull/Bear Power(13)
0.0286
Buy
Buy: 7
Sell: 0
Neutral: 0


Summary:Strong Buy","Jun 17, 2021 03:34PM GMT"
usd_hkd,7.7649 +0.0019    +0.02%,15:46:29,2021-06-17 19:47:10.148646,"Prev. Close: 7.7630
Bid/Ask: 7.7647 / 7.7650
Day's Range: 7.7625 - 7.7656",Strong Buy,"Summary:Strong Buy
Moving Averages:BuyBuy (12)Sell (0)
Technical Indicators:Strong BuyBuy (7)Sell (3)","Name
S3
S2
S1
Pivot Points
R1
R2
R3
Classic
7.7646
7.7646
7.7647
7.7648
7.7649
7.7650
7.7651
Fibonacci
7.7646
7.7647
7.7647
7.7648
7.7649
7.7649
7.7650
Camarilla
7.7648
7.7648
7.7648
7.7648
7.7649
7.7649
7.7649
Woodie's
7.7646
7.7646
7.7647
7.7648
7.7649
7.7650
7.7651
DeMark's
-
-
7.7648
7.7648
7.7650
-
-","Technical IndicatorsJun 17, 2021 07:45PM GMT
Name
Value
Action
RSI(14)
58.665
Buy
STOCH(9,6)
43.421
Sell
STOCHRSI(14)
38.355
Sell
MACD(12,26)
0.001
Buy
ADX(14)
45.619
Buy
Williams %R
-31.593
Buy
CCI(14)
79.7411
Buy
ATR(14)
0.0009
Less Volatility
Highs/Lows(14)
0.0000
Neutral
Ultimate Oscillator
46.866
Sell
ROC
0.003
Buy
Bull/Bear Power(13)
0.0017
Buy
Buy: 7
Sell: 3
Neutral: 1


Summary:Strong Buy","Jun 17, 2021 07:45PM GMT"
eur_usd,1.1906 -0.0088    -0.73%,15:47:34,2021-06-17 19:48:10.264902,"Prev. Close: 1.1994
Bid/Ask: 1.1904 / 1.1908
Day's Range: 1.1892 - 1.2007",Strong Sell,"Summary:Strong Sell
Moving Averages:Strong SellBuy (0)Sell (12)
Technical Indicators:Strong SellBuy (0)Sell (9)","Name
S3
S2
S1
Pivot Points
R1
R2
R3
Classic
1.1895
1.1903
1.1907
1.1915
1.1919
1.1927
1.1931
Fibonacci
1.1903
1.1908
1.1910
1.1915
1.1920
1.1922
1.1927
Camarilla
1.1908
1.1909
1.1910
1.1915
1.1912
1.1913
1.1914
Woodie's
1.1893
1.1902
1.1905
1.1914
1.1917
1.1926
1.1929
DeMark's
-
-
1.1905
1.1914
1.1917
-
-","Technical IndicatorsJun 17, 2021 07:47PM GMT
Name
Value
Action
RSI(14)
25.986
Sell
STOCH(9,6)
26.751
Sell
STOCHRSI(14)
85.743
Overbought
MACD(12,26)
-0.004
Sell
ADX(14)
38.305
Sell
Williams %R
-87.054
Oversold
CCI(14)
-118.0216
Sell
ATR(14)
0.0023
High Volatility
Highs/Lows(14)
-0.0017
Sell
Ultimate Oscillator
36.172
Sell
ROC
-0.796
Sell
Bull/Bear Power(13)
-0.0045
Sell
Buy: 0
Sell: 9
Neutral: 0


Summary:Strong Sell","Jun 17, 2021 07:47PM GMT"
gbp_usd,1.3924 -0.0063    -0.45%,15:47:28,2021-06-17 19:48:10.268560,"Prev. Close: 1.3987
Bid/Ask: 1.3922 / 1.3926
Day's Range: 1.3896 - 1.4010",Strong Sell,"Summary:Strong Sell
Moving Averages:SellBuy (1)Sell (11)
Technical Indicators:Strong SellBuy (0)Sell (10)","Name
S3
S2
S1
Pivot Points
R1
R2
R3
Classic
1.3906
1.3915
1.3918
1.3927
1.3931
1.3939
1.3943
Fibonacci
1.3915
1.3920
1.3922
1.3927
1.3932
1.3934
1.3939
Camarilla
1.3920
1.3921
1.3922
1.3927
1.3925
1.3926
1.3927
Woodie's
1.3904
1.3914
1.3916
1.3926
1.3929
1.3938
1.3941
DeMark's
-
-
1.3917
1.3926
1.3930
-
-","Technical IndicatorsJun 17, 2021 07:45PM GMT
Name
Value
Action
RSI(14)
34.483
Sell
STOCH(9,6)
28.732
Sell
STOCHRSI(14)
92.987
Overbought
MACD(12,26)
-0.003
Sell
ADX(14)
38.870
Sell
Williams %R
-77.626
Sell
CCI(14)
-84.2819
Sell
ATR(14)
0.0027
High Volatility
Highs/Lows(14)
-0.0015
Sell
Ultimate Oscillator
36.077
Sell
ROC
-0.600
Sell
Bull/Bear Power(13)
-0.0030
Sell
Buy: 0
Sell: 10
Neutral: 0


Summary:Strong Sell","Jun 17, 2021 07:45PM GMT"
usd_jpy,110.30 -0.40    -0.36%,15:47:43,2021-06-17 19:48:10.271582,"Prev. Close: 110.69
Bid/Ask: 110.29 / 110.30
Day's Range: 110.17 - 110.83",Sell,"Summary:Sell
Moving Averages:NeutralBuy (6)Sell (6)
Technical Indicators:Strong SellBuy (1)Sell (8)","Name
S3
S2
S1
Pivot Points
R1
R2
R3
Classic
110.15
110.17
110.21
110.23
110.27
110.29
110.32
Fibonacci
110.17
110.19
110.21
110.23
110.25
110.27
110.29
Camarilla
110.24
110.24
110.25
110.23
110.26
110.27
110.27
Woodie's
110.17
110.18
110.23
110.24
110.29
110.30
110.34
DeMark's
-
-
110.23
110.24
110.29
-
-","Technical IndicatorsJun 17, 2021 07:47PM GMT
Name
Value
Action
RSI(14)
43.736
Sell
STOCH(9,6)
16.166
Oversold
STOCHRSI(14)
19.936
Oversold
MACD(12,26)
-0.010
Sell
ADX(14)
36.026
Buy
Williams %R
-78.992
Sell
CCI(14)
-78.5215
Sell
ATR(14)
0.1321
High Volatility
Highs/Lows(14)
-0.1204
Sell
Ultimate Oscillator
44.773
Sell
ROC
-0.316
Sell
Bull/Bear Power(13)
-0.2480
Sell
Buy: 1
Sell: 8
Neutral: 0


Summary:Strong Sell","Jun 17, 2021 07:47PM GMT"
aud_usd,0.7549 -0.0061    -0.80%,15:47:39,2021-06-17 19:48:10.274480,"Prev. Close: 0.7610
Bid/Ask: 0.7548 / 0.7550
Day's Range: 0.7540 - 0.7646",Strong Sell,"Summary:Strong Sell
Moving Averages:Strong SellBuy (0)Sell (12)
Technical Indicators:Strong SellBuy (1)Sell (9)","Name
S3
S2
S1
Pivot Points
R1
R2
R3
Classic
0.7540
0.7546
0.7549
0.7555
0.7558
0.7564
0.7568
Fibonacci
0.7546
0.7549
0.7551
0.7555
0.7559
0.7561
0.7564
Camarilla
0.7549
0.7550
0.7551
0.7555
0.7552
0.7553
0.7554
Woodie's
0.7538
0.7545
0.7547
0.7554
0.7556
0.7563
0.7566
DeMark's
-
-
0.7547
0.7554
0.7556
-
-","Technical IndicatorsJun 17, 2021 07:47PM GMT
Name
Value
Action
RSI(14)
26.378
Sell
STOCH(9,6)
20.359
Sell
STOCHRSI(14)
57.338
Buy
MACD(12,26)
-0.003
Sell
ADX(14)
46.171
Sell
Williams %R
-89.071
Oversold
CCI(14)
-93.5191
Sell
ATR(14)
0.0019
High Volatility
Highs/Lows(14)
-0.0019
Sell
Ultimate Oscillator
30.013
Sell
ROC
-1.062
Sell
Bull/Bear Power(13)
-0.0037
Sell
Buy: 1
Sell: 9
Neutral: 0


Summary:Strong Sell","Jun 17, 2021 07:47PM GMT"
eur_gbp,0.8551 -0.0022    -0.26%,15:47:30,2021-06-17 19:48:10.277292,"Prev. Close: 0.8573
Bid/Ask: 0.8549 / 0.8552
Day's Range: 0.8542 - 0.8580",Strong Sell,"Summary:Strong Sell
Moving Averages:Strong SellBuy (0)Sell (12)
Technical Indicators:Strong SellBuy (1)Sell (9)","Name
S3
S2
S1
Pivot Points
R1
R2
R3
Classic
0.8548
0.8551
0.8552
0.8555
0.8556
0.8559
0.8561
Fibonacci
0.8551
0.8552
0.8553
0.8555
0.8557
0.8558
0.8559
Camarilla
0.8553
0.8554
0.8554
0.8555
0.8555
0.8555
0.8556
Woodie's
0.8548
0.8551
0.8552
0.8555
0.8556
0.8559
0.8561
DeMark's
-
-
0.8552
0.8555
0.8556
-
-","Technical IndicatorsJun 17, 2021 07:47PM GMT
Name
Value
Action
RSI(14)
34.477
Sell
STOCH(9,6)
46.707
Neutral
STOCHRSI(14)
56.472
Buy
MACD(12,26)
-0.001
Sell
ADX(14)
35.619
Sell
Williams %R
-73.437
Sell
CCI(14)
-112.8302
Sell
ATR(14)
0.0012
High Volatility
Highs/Lows(14)
-0.0001
Sell
Ultimate Oscillator
46.801
Sell
ROC
-0.233
Sell
Bull/Bear Power(13)
-0.0017
Sell
Buy: 1
Sell: 9
Neutral: 1


Summary:Strong Sell","Jun 17, 2021 07:47PM GMT"
usd_cad,1.2357 +0.0081    +0.66%,15:47:42,2021-06-17 19:48:10.280127,"Prev. Close: 1.2276
Bid/Ask: 1.2355 / 1.2359
Day's Range: 1.2261 - 1.2378",Strong Buy,"Summary:Strong Buy
Moving Averages:BuyBuy (12)Sell (0)
Technical Indicators:Strong BuyBuy (8)Sell (1)","Name
S3
S2
S1
Pivot Points
R1
R2
R3
Classic
1.2329
1.2334
1.2343
1.2349
1.2358
1.2364
1.2373
Fibonacci
1.2334
1.2340
1.2343
1.2349
1.2355
1.2358
1.2364
Camarilla
1.2348
1.2349
1.2351
1.2349
1.2353
1.2355
1.2356
Woodie's
1.2331
1.2335
1.2345
1.2350
1.2360
1.2365
1.2375
DeMark's
-
-
1.2345
1.2350
1.2360
-
-","Technical IndicatorsJun 17, 2021 07:47PM GMT
Name
Value
Action
RSI(14)
72.014
Buy
STOCH(9,6)
69.832
Buy
STOCHRSI(14)
44.735
Sell
MACD(12,26)
0.003
Buy
ADX(14)
37.112
Buy
Williams %R
-18.062
Overbought
CCI(14)
108.0989
Buy
ATR(14)
0.0026
High Volatility
Highs/Lows(14)
0.0018
Buy
Ultimate Oscillator
70.098
Overbought
ROC
0.730
Buy
Bull/Bear Power(13)
0.0045
Buy
Buy: 8
Sell: 1
Neutral: 0


Summary:Strong Buy","Jun 17, 2021 07:47PM GMT"
usd_chf,0.9175 +0.0089    +0.99%,15:47:43,2021-06-17 19:48:10.282961,"Prev. Close: 0.9085
Bid/Ask: 0.9174 / 0.9175
Day's Range: 0.9076 - 0.9188",Strong Buy,"Summary:Strong Buy
Moving Averages:Strong BuyBuy (11)Sell (1)
Technical Indicators:Strong BuyBuy (8)Sell (0)","Name
S3
S2
S1
Pivot Points
R1
R2
R3
Classic
0.9159
0.9162
0.9168
0.9171
0.9177
0.9180
0.9185
Fibonacci
0.9162
0.9166
0.9168
0.9171
0.9174
0.9176
0.9180
Camarilla
0.9171
0.9172
0.9173
0.9171
0.9174
0.9175
0.9176
Woodie's
0.9161
0.9163
0.9170
0.9172
0.9179
0.9181
0.9187
DeMark's
-
-
0.9169
0.9172
0.9178
-
-","Technical IndicatorsJun 17, 2021 07:47PM GMT
Name
Value
Action
RSI(14)
76.372
Overbought
STOCH(9,6)
78.286
Buy
STOCHRSI(14)
6.253
Oversold
MACD(12,26)
0.004
Buy
ADX(14)
38.566
Buy
Williams %R
-12.560
Overbought
CCI(14)
104.6280
Buy
ATR(14)
0.0018
High Volatility
Highs/Lows(14)
0.0016
Buy
Ultimate Oscillator
68.468
Buy
ROC
1.018
Buy
Bull/Bear Power(13)
0.0051
Buy
Buy: 8
Sell: 0
Neutral: 0


Summary:Strong Buy","Jun 17, 2021 07:47PM GMT"
nzd_chf,0.6425 +0.0021    +0.32%,15:47:43,2021-06-17 19:48:10.285754,"Prev. Close: 0.6404
Bid/Ask: 0.6423 / 0.6426
Day's Range: 0.6406 - 0.6453",Sell,"Summary:Sell
Moving Averages:SellBuy (4)Sell (8)
Technical Indicators:SellBuy (1)Sell (5)","Name
S3
S2
S1
Pivot Points
R1
R2
R3
Classic
0.6419
0.6421
0.6425
0.6427
0.6430
0.6433
0.6436
Fibonacci
0.6421
0.6423
0.6425
0.6427
0.6429
0.6431
0.6433
Camarilla
0.6425
0.6425
0.6426
0.6427
0.6427
0.6428
0.6428
Woodie's
0.6419
0.6421
0.6425
0.6427
0.6430
0.6433
0.6436
DeMark's
-
-
0.6422
0.6426
0.6428
-
-","Technical IndicatorsJun 17, 2021 07:47PM GMT
Name
Value
Action
RSI(14)
48.637
Neutral
STOCH(9,6)
49.056
Neutral
STOCHRSI(14)
36.228
Sell
MACD(12,26)
0.000
Buy
ADX(14)
26.791
Sell
Williams %R
-62.366
Sell
CCI(14)
-27.1395
Neutral
ATR(14)
0.0012
Less Volatility
Highs/Lows(14)
0.0000
Neutral
Ultimate Oscillator
49.828
Neutral
ROC
-0.225
Sell
Bull/Bear Power(13)
-0.0006
Sell
Buy: 1
Sell: 5
Neutral: 5


Summary:Sell","Jun 17, 2021 07:47PM GMT"
usd_cny,6.4484 +0.0515    +0.80%,11:27:22,2021-06-17 19:48:10.288567,"Prev. Close: 6.3969
Bid/Ask: 6.4477 / 6.4490
Day's Range: 6.3972 - 6.4494",Strong Buy,"Summary:Strong Buy
Moving Averages:BuyBuy (12)Sell (0)
Technical Indicators:Strong BuyBuy (7)Sell (0)","Name
S3
S2
S1
Pivot Points
R1
R2
R3
Classic
6.4380
6.4399
6.4436
6.4455
6.4492
6.4511
6.4548
Fibonacci
6.4399
6.4420
6.4434
6.4455
6.4476
6.4490
6.4511
Camarilla
6.4458
6.4463
6.4468
6.4455
6.4479
6.4484
6.4489
Woodie's
6.4390
6.4404
6.4446
6.4460
6.4502
6.4516
6.4558
DeMark's
-
-
6.4446
6.4460
6.4502
-
-","Technical IndicatorsJun 17, 2021 03:34PM GMT
Name
Value
Action
RSI(14)
85.433
Overbought
STOCH(9,6)
77.649
Buy
STOCHRSI(14)
100.000
Overbought
MACD(12,26)
0.011
Buy
ADX(14)
61.337
Buy
Williams %R
-3.426
Overbought
CCI(14)
151.8010
Buy
ATR(14)
0.0041
Less Volatility
Highs/Lows(14)
0.0141
Buy
Ultimate Oscillator
82.973
Overbought
ROC
0.391
Buy
Bull/Bear Power(13)
0.0286
Buy
Buy: 7
Sell: 0
Neutral: 0


Summary:Strong Buy","Jun 17, 2021 03:34PM GMT"
usd_hkd,7.7649 +0.0019    +0.02%,15:47:28,2021-06-17 19:48:10.291388,"Prev. Close: 7.7630
Bid/Ask: 7.7647 / 7.7650
Day's Range: 7.7625 - 7.7656",Strong Buy,"Summary:Strong Buy
Moving Averages:BuyBuy (12)Sell (0)
Technical Indicators:Strong BuyBuy (7)Sell (3)","Name
S3
S2
S1
Pivot Points
R1
R2
R3
Classic
7.7646
7.7646
7.7647
7.7648
7.7649
7.7650
7.7651
Fibonacci
7.7646
7.7647
7.7647
7.7648
7.7649
7.7649
7.7650
Camarilla
7.7648
7.7648
7.7648
7.7648
7.7649
7.7649
7.7649
Woodie's
7.7646
7.7646
7.7647
7.7648
7.7649
7.7650
7.7651
DeMark's
-
-
7.7648
7.7648
7.7650
-
-","Technical IndicatorsJun 17, 2021 07:47PM GMT
Name
Value
Action
RSI(14)
58.665
Buy
STOCH(9,6)
43.421
Sell
STOCHRSI(14)
38.355
Sell
MACD(12,26)
0.001
Buy
ADX(14)
45.619
Buy
Williams %R
-31.593
Buy
CCI(14)
79.7411
Buy
ATR(14)
0.0009
Less Volatility
Highs/Lows(14)
0.0000
Neutral
Ultimate Oscillator
46.866
Sell
ROC
0.003
Buy
Bull/Bear Power(13)
0.0017
Buy
Buy: 7
Sell: 3
Neutral: 1


Summary:Strong Buy","Jun 17, 2021 07:47PM GMT"
eur_usd,1.1907 -0.0088    -0.73%,15:48:48,2021-06-17 19:49:09.962388,"Prev. Close: 1.1994
Bid/Ask: 1.1906 / 1.1907
Day's Range: 1.1892 - 1.2007",Strong Sell,"Summary:Strong Sell
Moving Averages:Strong SellBuy (0)Sell (12)
Technical Indicators:Strong SellBuy (0)Sell (9)","Name
S3
S2
S1
Pivot Points
R1
R2
R3
Classic
1.1895
1.1903
1.1907
1.1915
1.1919
1.1927
1.1931
Fibonacci
1.1903
1.1908
1.1910
1.1915
1.1920
1.1922
1.1927
Camarilla
1.1908
1.1909
1.1910
1.1915
1.1912
1.1913
1.1914
Woodie's
1.1893
1.1902
1.1905
1.1914
1.1917
1.1926
1.1929
DeMark's
-
-
1.1905
1.1914
1.1917
-
-","Technical IndicatorsJun 17, 2021 07:47PM GMT
Name
Value
Action
RSI(14)
25.986
Sell
STOCH(9,6)
26.751
Sell
STOCHRSI(14)
85.743
Overbought
MACD(12,26)
-0.004
Sell
ADX(14)
38.305
Sell
Williams %R
-87.054
Oversold
CCI(14)
-118.0216
Sell
ATR(14)
0.0023
High Volatility
Highs/Lows(14)
-0.0017
Sell
Ultimate Oscillator
36.172
Sell
ROC
-0.796
Sell
Bull/Bear Power(13)
-0.0045
Sell
Buy: 0
Sell: 9
Neutral: 0


Summary:Strong Sell","Jun 17, 2021 07:47PM GMT"
gbp_usd,1.3924 -0.0063    -0.45%,15:48:48,2021-06-17 19:49:09.966116,"Prev. Close: 1.3987
Bid/Ask: 1.3922 / 1.3926
Day's Range: 1.3896 - 1.4010",Strong Sell,"Summary:Strong Sell
Moving Averages:SellBuy (1)Sell (11)
Technical Indicators:Strong SellBuy (0)Sell (10)","Name
S3
S2
S1
Pivot Points
R1
R2
R3
Classic
1.3906
1.3915
1.3918
1.3927
1.3931
1.3939
1.3943
Fibonacci
1.3915
1.3920
1.3922
1.3927
1.3932
1.3934
1.3939
Camarilla
1.3920
1.3921
1.3922
1.3927
1.3925
1.3926
1.3927
Woodie's
1.3904
1.3914
1.3916
1.3926
1.3929
1.3938
1.3941
DeMark's
-
-
1.3917
1.3926
1.3930
-
-","Technical IndicatorsJun 17, 2021 07:47PM GMT
Name
Value
Action
RSI(14)
34.770
Sell
STOCH(9,6)
29.108
Sell
STOCHRSI(14)
95.344
Overbought
MACD(12,26)
-0.003
Sell
ADX(14)
38.870
Sell
Williams %R
-76.256
Sell
CCI(14)
-82.9674
Sell
ATR(14)
0.0027
High Volatility
Highs/Lows(14)
-0.0013
Sell
Ultimate Oscillator
36.696
Sell
ROC
-0.589
Sell
Bull/Bear Power(13)
-0.0030
Sell
Buy: 0
Sell: 10
Neutral: 0


Summary:Strong Sell","Jun 17, 2021 07:47PM GMT"
usd_jpy,110.30 -0.40    -0.36%,15:48:36,2021-06-17 19:49:09.969266,"Prev. Close: 110.69
Bid/Ask: 110.29 / 110.30
Day's Range: 110.17 - 110.83",Sell,"Summary:Sell
Moving Averages:NeutralBuy (6)Sell (6)
Technical Indicators:Strong SellBuy (1)Sell (8)","Name
S3
S2
S1
Pivot Points
R1
R2
R3
Classic
110.15
110.17
110.21
110.23
110.27
110.29
110.32
Fibonacci
110.17
110.19
110.21
110.23
110.25
110.27
110.29
Camarilla
110.24
110.24
110.25
110.23
110.26
110.27
110.27
Woodie's
110.17
110.18
110.23
110.24
110.29
110.30
110.34
DeMark's
-
-
110.23
110.24
110.29
-
-","Technical IndicatorsJun 17, 2021 07:47PM GMT
Name
Value
Action
RSI(14)
43.736
Sell
STOCH(9,6)
16.166
Oversold
STOCHRSI(14)
19.936
Oversold
MACD(12,26)
-0.010
Sell
ADX(14)
36.026
Buy
Williams %R
-78.992
Sell
CCI(14)
-78.5215
Sell
ATR(14)
0.1321
High Volatility
Highs/Lows(14)
-0.1204
Sell
Ultimate Oscillator
44.773
Sell
ROC
-0.316
Sell
Bull/Bear Power(13)
-0.2480
Sell
Buy: 1
Sell: 8
Neutral: 0


Summary:Strong Sell","Jun 17, 2021 07:47PM GMT"
aud_usd,0.7550 -0.0060    -0.80%,15:48:48,2021-06-17 19:49:09.972287,"Prev. Close: 0.7610
Bid/Ask: 0.7549 / 0.7550
Day's Range: 0.7540 - 0.7646",Strong Sell,"Summary:Strong Sell
Moving Averages:Strong SellBuy (0)Sell (12)
Technical Indicators:Strong SellBuy (1)Sell (9)","Name
S3
S2
S1
Pivot Points
R1
R2
R3
Classic
0.7540
0.7546
0.7549
0.7555
0.7558
0.7564
0.7568
Fibonacci
0.7546
0.7549
0.7551
0.7555
0.7559
0.7561
0.7564
Camarilla
0.7549
0.7550
0.7551
0.7555
0.7552
0.7553
0.7554
Woodie's
0.7538
0.7545
0.7547
0.7554
0.7556
0.7563
0.7566
DeMark's
-
-
0.7547
0.7554
0.7556
-
-","Technical IndicatorsJun 17, 2021 07:47PM GMT
Name
Value
Action
RSI(14)
26.378
Sell
STOCH(9,6)
20.359
Sell
STOCHRSI(14)
57.338
Buy
MACD(12,26)
-0.003
Sell
ADX(14)
46.171
Sell
Williams %R
-89.071
Oversold
CCI(14)
-93.5191
Sell
ATR(14)
0.0019
High Volatility
Highs/Lows(14)
-0.0019
Sell
Ultimate Oscillator
30.013
Sell
ROC
-1.062
Sell
Bull/Bear Power(13)
-0.0037
Sell
Buy: 1
Sell: 9
Neutral: 0


Summary:Strong Sell","Jun 17, 2021 07:47PM GMT"
eur_gbp,0.8552 -0.0022    -0.25%,15:48:42,2021-06-17 19:49:09.975239,"Prev. Close: 0.8573
Bid/Ask: 0.8549 / 0.8554
Day's Range: 0.8542 - 0.8580",Strong Sell,"Summary:Strong Sell
Moving Averages:Strong SellBuy (0)Sell (12)
Technical Indicators:Strong SellBuy (1)Sell (9)","Name
S3
S2
S1
Pivot Points
R1
R2
R3
Classic
0.8548
0.8551
0.8552
0.8555
0.8556
0.8559
0.8561
Fibonacci
0.8551
0.8552
0.8553
0.8555
0.8557
0.8558
0.8559
Camarilla
0.8553
0.8554
0.8554
0.8555
0.8555
0.8555
0.8556
Woodie's
0.8548
0.8551
0.8552
0.8555
0.8556
0.8559
0.8561
DeMark's
-
-
0.8552
0.8555
0.8556
-
-","Technical IndicatorsJun 17, 2021 07:47PM GMT
Name
Value
Action
RSI(14)
34.477
Sell
STOCH(9,6)
46.707
Neutral
STOCHRSI(14)
56.472
Buy
MACD(12,26)
-0.001
Sell
ADX(14)
35.619
Sell
Williams %R
-73.437
Sell
CCI(14)
-112.8302
Sell
ATR(14)
0.0012
High Volatility
Highs/Lows(14)
-0.0001
Sell
Ultimate Oscillator
46.801
Sell
ROC
-0.233
Sell
Bull/Bear Power(13)
-0.0017
Sell
Buy: 1
Sell: 9
Neutral: 1


Summary:Strong Sell","Jun 17, 2021 07:47PM GMT"
usd_cad,1.2356 +0.0080    +0.65%,15:48:42,2021-06-17 19:49:09.978132,"Prev. Close: 1.2276
Bid/Ask: 1.2355 / 1.2356
Day's Range: 1.2261 - 1.2378",Strong Buy,"Summary:Strong Buy
Moving Averages:BuyBuy (12)Sell (0)
Technical Indicators:Strong BuyBuy (8)Sell (1)","Name
S3
S2
S1
Pivot Points
R1
R2
R3
Classic
1.2329
1.2334
1.2343
1.2349
1.2358
1.2364
1.2373
Fibonacci
1.2334
1.2340
1.2343
1.2349
1.2355
1.2358
1.2364
Camarilla
1.2348
1.2349
1.2351
1.2349
1.2353
1.2355
1.2356
Woodie's
1.2331
1.2335
1.2345
1.2350
1.2360
1.2365
1.2375
DeMark's
-
-
1.2345
1.2350
1.2360
-
-","Technical IndicatorsJun 17, 2021 07:47PM GMT
Name
Value
Action
RSI(14)
72.014
Buy
STOCH(9,6)
69.832
Buy
STOCHRSI(14)
44.735
Sell
MACD(12,26)
0.003
Buy
ADX(14)
37.112
Buy
Williams %R
-18.062
Overbought
CCI(14)
108.0989
Buy
ATR(14)
0.0026
High Volatility
Highs/Lows(14)
0.0018
Buy
Ultimate Oscillator
70.098
Overbought
ROC
0.730
Buy
Bull/Bear Power(13)
0.0045
Buy
Buy: 8
Sell: 1
Neutral: 0


Summary:Strong Buy","Jun 17, 2021 07:47PM GMT"
usd_chf,0.9175 +0.0089    +0.99%,15:48:40,2021-06-17 19:49:09.981019,"Prev. Close: 0.9085
Bid/Ask: 0.9174 / 0.9175
Day's Range: 0.9076 - 0.9188",Strong Buy,"Summary:Strong Buy
Moving Averages:Strong BuyBuy (11)Sell (1)
Technical Indicators:Strong BuyBuy (8)Sell (0)","Name
S3
S2
S1
Pivot Points
R1
R2
R3
Classic
0.9159
0.9162
0.9168
0.9171
0.9177
0.9180
0.9185
Fibonacci
0.9162
0.9166
0.9168
0.9171
0.9174
0.9176
0.9180
Camarilla
0.9171
0.9172
0.9173
0.9171
0.9174
0.9175
0.9176
Woodie's
0.9161
0.9163
0.9170
0.9172
0.9179
0.9181
0.9187
DeMark's
-
-
0.9169
0.9172
0.9178
-
-","Technical IndicatorsJun 17, 2021 07:47PM GMT
Name
Value
Action
RSI(14)
76.372
Overbought
STOCH(9,6)
78.286
Buy
STOCHRSI(14)
6.253
Oversold
MACD(12,26)
0.004
Buy
ADX(14)
38.566
Buy
Williams %R
-12.560
Overbought
CCI(14)
104.6280
Buy
ATR(14)
0.0018
High Volatility
Highs/Lows(14)
0.0016
Buy
Ultimate Oscillator
68.468
Buy
ROC
1.018
Buy
Bull/Bear Power(13)
0.0051
Buy
Buy: 8
Sell: 0
Neutral: 0


Summary:Strong Buy","Jun 17, 2021 07:47PM GMT"
nzd_chf,0.6424 +0.0020    +0.31%,15:48:45,2021-06-17 19:49:09.983890,"Prev. Close: 0.6404
Bid/Ask: 0.6422 / 0.6426
Day's Range: 0.6406 - 0.6453",Sell,"Summary:Sell
Moving Averages:SellBuy (4)Sell (8)
Technical Indicators:SellBuy (1)Sell (5)","Name
S3
S2
S1
Pivot Points
R1
R2
R3
Classic
0.6419
0.6421
0.6425
0.6427
0.6430
0.6433
0.6436
Fibonacci
0.6421
0.6423
0.6425
0.6427
0.6429
0.6431
0.6433
Camarilla
0.6425
0.6425
0.6426
0.6427
0.6427
0.6428
0.6428
Woodie's
0.6419
0.6421
0.6425
0.6427
0.6430
0.6433
0.6436
DeMark's
-
-
0.6422
0.6426
0.6428
-
-","Technical IndicatorsJun 17, 2021 07:47PM GMT
Name
Value
Action
RSI(14)
48.637
Neutral
STOCH(9,6)
49.056
Neutral
STOCHRSI(14)
36.228
Sell
MACD(12,26)
0.000
Buy
ADX(14)
26.791
Sell
Williams %R
-62.366
Sell
CCI(14)
-27.1395
Neutral
ATR(14)
0.0012
Less Volatility
Highs/Lows(14)
0.0000
Neutral
Ultimate Oscillator
49.828
Neutral
ROC
-0.225
Sell
Bull/Bear Power(13)
-0.0006
Sell
Buy: 1
Sell: 5
Neutral: 5


Summary:Sell","Jun 17, 2021 07:47PM GMT"
usd_cny,6.4484 +0.0515    +0.80%,11:27:22,2021-06-17 19:49:09.986769,"Prev. Close: 6.3969
Bid/Ask: 6.4477 / 6.4490
Day's Range: 6.3972 - 6.4494",Strong Buy,"Summary:Strong Buy
Moving Averages:BuyBuy (12)Sell (0)
Technical Indicators:Strong BuyBuy (7)Sell (0)","Name
S3
S2
S1
Pivot Points
R1
R2
R3
Classic
6.4380
6.4399
6.4436
6.4455
6.4492
6.4511
6.4548
Fibonacci
6.4399
6.4420
6.4434
6.4455
6.4476
6.4490
6.4511
Camarilla
6.4458
6.4463
6.4468
6.4455
6.4479
6.4484
6.4489
Woodie's
6.4390
6.4404
6.4446
6.4460
6.4502
6.4516
6.4558
DeMark's
-
-
6.4446
6.4460
6.4502
-
-","Technical IndicatorsJun 17, 2021 03:34PM GMT
Name
Value
Action
RSI(14)
85.433
Overbought
STOCH(9,6)
77.649
Buy
STOCHRSI(14)
100.000
Overbought
MACD(12,26)
0.011
Buy
ADX(14)
61.337
Buy
Williams %R
-3.426
Overbought
CCI(14)
151.8010
Buy
ATR(14)
0.0041
Less Volatility
Highs/Lows(14)
0.0141
Buy
Ultimate Oscillator
82.973
Overbought
ROC
0.391
Buy
Bull/Bear Power(13)
0.0286
Buy
Buy: 7
Sell: 0
Neutral: 0


Summary:Strong Buy","Jun 17, 2021 03:34PM GMT"
usd_hkd,7.7649 +0.0019    +0.02%,15:48:29,2021-06-17 19:49:09.989605,"Prev. Close: 7.7630
Bid/Ask: 7.7647 / 7.7650
Day's Range: 7.7625 - 7.7656",Strong Buy,"Summary:Strong Buy
Moving Averages:BuyBuy (12)Sell (0)
Technical Indicators:Strong BuyBuy (7)Sell (3)","Name
S3
S2
S1
Pivot Points
R1
R2
R3
Classic
7.7646
7.7646
7.7647
7.7648
7.7649
7.7650
7.7651
Fibonacci
7.7646
7.7647
7.7647
7.7648
7.7649
7.7649
7.7650
Camarilla
7.7648
7.7648
7.7648
7.7648
7.7649
7.7649
7.7649
Woodie's
7.7646
7.7646
7.7647
7.7648
7.7649
7.7650
7.7651
DeMark's
-
-
7.7648
7.7648
7.7650
-
-","Technical IndicatorsJun 17, 2021 07:47PM GMT
Name
Value
Action
RSI(14)
58.665
Buy
STOCH(9,6)
43.421
Sell
STOCHRSI(14)
38.355
Sell
MACD(12,26)
0.001
Buy
ADX(14)
45.619
Buy
Williams %R
-31.593
Buy
CCI(14)
79.7411
Buy
ATR(14)
0.0009
Less Volatility
Highs/Lows(14)
0.0000
Neutral
Ultimate Oscillator
46.866
Sell
ROC
0.003
Buy
Bull/Bear Power(13)
0.0017
Buy
Buy: 7
Sell: 3
Neutral: 1


Summary:Strong Buy","Jun 17, 2021 07:47PM GMT"
eur_usd,1.1907 -0.0087    -0.73%,15:49:41,2021-06-17 19:50:10.749215,"Prev. Close: 1.1994
Bid/Ask: 1.1905 / 1.1909
Day's Range: 1.1892 - 1.2007",Strong Sell,"Summary:Strong Sell
Moving Averages:Strong SellBuy (0)Sell (12)
Technical Indicators:Strong SellBuy (0)Sell (9)","Name
S3
S2
S1
Pivot Points
R1
R2
R3
Classic
1.1895
1.1903
1.1907
1.1915
1.1919
1.1927
1.1931
Fibonacci
1.1903
1.1908
1.1910
1.1915
1.1920
1.1922
1.1927
Camarilla
1.1908
1.1909
1.1910
1.1915
1.1912
1.1913
1.1914
Woodie's
1.1893
1.1902
1.1905
1.1914
1.1917
1.1926
1.1929
DeMark's
-
-
1.1905
1.1914
1.1917
-
-","Technical IndicatorsJun 17, 2021 07:49PM GMT
Name
Value
Action
RSI(14)
25.895
Sell
STOCH(9,6)
26.610
Sell
STOCHRSI(14)
85.015
Overbought
MACD(12,26)
-0.004
Sell
ADX(14)
38.305
Sell
Williams %R
-87.500
Oversold
CCI(14)
-118.5305
Sell
ATR(14)
0.0023
High Volatility
Highs/Lows(14)
-0.0018
Sell
Ultimate Oscillator
35.924
Sell
ROC
-0.800
Sell
Bull/Bear Power(13)
-0.0045
Sell
Buy: 0
Sell: 9
Neutral: 0


Summary:Strong Sell","Jun 17, 2021 07:49PM GMT"
gbp_usd,1.3923 -0.0064    -0.46%,15:49:31,2021-06-17 19:50:10.752863,"Prev. Close: 1.3987
Bid/Ask: 1.3921 / 1.3925
Day's Range: 1.3896 - 1.4010",Strong Sell,"Summary:Strong Sell
Moving Averages:SellBuy (2)Sell (10)
Technical Indicators:Strong SellBuy (0)Sell (10)","Name
S3
S2
S1
Pivot Points
R1
R2
R3
Classic
1.3906
1.3915
1.3918
1.3927
1.3931
1.3939
1.3943
Fibonacci
1.3915
1.3920
1.3922
1.3927
1.3932
1.3934
1.3939
Camarilla
1.3920
1.3921
1.3922
1.3927
1.3925
1.3926
1.3927
Woodie's
1.3904
1.3914
1.3916
1.3926
1.3929
1.3938
1.3941
DeMark's
-
-
1.3917
1.3926
1.3930
-
-","Technical IndicatorsJun 17, 2021 07:49PM GMT
Name
Value
Action
RSI(14)
35.243
Sell
STOCH(9,6)
29.610
Sell
STOCHRSI(14)
99.228
Overbought
MACD(12,26)
-0.003
Sell
ADX(14)
38.870
Sell
Williams %R
-74.429
Sell
CCI(14)
-81.2077
Sell
ATR(14)
0.0027
High Volatility
Highs/Lows(14)
-0.0011
Sell
Ultimate Oscillator
37.523
Sell
ROC
-0.575
Sell
Bull/Bear Power(13)
-0.0030
Sell
Buy: 0
Sell: 10
Neutral: 0


Summary:Strong Sell","Jun 17, 2021 07:49PM GMT"
usd_jpy,110.29 -0.41    -0.37%,15:49:39,2021-06-17 19:50:10.755895,"Prev. Close: 110.69
Bid/Ask: 110.27 / 110.30
Day's Range: 110.17 - 110.83",Sell,"Summary:Sell
Moving Averages:NeutralBuy (6)Sell (6)
Technical Indicators:Strong SellBuy (1)Sell (8)","Name
S3
S2
S1
Pivot Points
R1
R2
R3
Classic
110.15
110.17
110.21
110.23
110.27
110.29
110.32
Fibonacci
110.17
110.19
110.21
110.23
110.25
110.27
110.29
Camarilla
110.24
110.24
110.25
110.23
110.26
110.27
110.27
Woodie's
110.17
110.18
110.23
110.24
110.29
110.30
110.34
DeMark's
-
-
110.23
110.24
110.29
-
-","Technical IndicatorsJun 17, 2021 07:49PM GMT
Name
Value
Action
RSI(14)
43.442
Sell
STOCH(9,6)
16.024
Oversold
STOCHRSI(14)
18.865
Oversold
MACD(12,26)
-0.010
Sell
ADX(14)
36.026
Buy
Williams %R
-79.832
Sell
CCI(14)
-79.0817
Sell
ATR(14)
0.1321
High Volatility
Highs/Lows(14)
-0.1254
Sell
Ultimate Oscillator
44.377
Sell
ROC
-0.321
Sell
Bull/Bear Power(13)
-0.2460
Sell
Buy: 1
Sell: 8
Neutral: 0


Summary:Strong Sell","Jun 17, 2021 07:49PM GMT"
aud_usd,0.7549 -0.0061    -0.80%,15:49:37,2021-06-17 19:50:10.758781,"Prev. Close: 0.7610
Bid/Ask: 0.7548 / 0.7550
Day's Range: 0.7540 - 0.7646",Strong Sell,"Summary:Strong Sell
Moving Averages:Strong SellBuy (0)Sell (12)
Technical Indicators:Strong SellBuy (1)Sell (8)","Name
S3
S2
S1
Pivot Points
R1
R2
R3
Classic
0.7540
0.7546
0.7549
0.7555
0.7558
0.7564
0.7568
Fibonacci
0.7546
0.7549
0.7551
0.7555
0.7559
0.7561
0.7564
Camarilla
0.7549
0.7550
0.7551
0.7555
0.7552
0.7553
0.7554
Woodie's
0.7538
0.7545
0.7547
0.7554
0.7556
0.7563
0.7566
DeMark's
-
-
0.7547
0.7554
0.7556
-
-","Technical IndicatorsJun 17, 2021 07:49PM GMT
Name
Value
Action
RSI(14)
26.259
Sell
STOCH(9,6)
20.200
Sell
STOCHRSI(14)
56.510
Buy
MACD(12,26)
-0.003
Sell
ADX(14)
46.171
Sell
Williams %R
-89.618
Oversold
CCI(14)
-93.9691
Sell
ATR(14)
0.0019
High Volatility
Highs/Lows(14)
-0.0019
Sell
Ultimate Oscillator
29.703
Oversold
ROC
-1.068
Sell
Bull/Bear Power(13)
-0.0037
Sell
Buy: 1
Sell: 8
Neutral: 0


Summary:Strong Sell","Jun 17, 2021 07:49PM GMT"
eur_gbp,0.8552 -0.0021    -0.24%,15:49:40,2021-06-17 19:50:10.761571,"Prev. Close: 0.8573
Bid/Ask: 0.8549 / 0.8555
Day's Range: 0.8542 - 0.8580",Strong Sell,"Summary:Strong Sell
Moving Averages:Strong SellBuy (0)Sell (12)
Technical Indicators:Strong SellBuy (1)Sell (9)","Name
S3
S2
S1
Pivot Points
R1
R2
R3
Classic
0.8548
0.8551
0.8552
0.8555
0.8556
0.8559
0.8561
Fibonacci
0.8551
0.8552
0.8553
0.8555
0.8557
0.8558
0.8559
Camarilla
0.8553
0.8554
0.8554
0.8555
0.8555
0.8555
0.8556
Woodie's
0.8548
0.8551
0.8552
0.8555
0.8556
0.8559
0.8561
DeMark's
-
-
0.8552
0.8555
0.8556
-
-","Technical IndicatorsJun 17, 2021 07:49PM GMT
Name
Value
Action
RSI(14)
34.785
Sell
STOCH(9,6)
47.016
Neutral
STOCHRSI(14)
57.809
Buy
MACD(12,26)
-0.001
Sell
ADX(14)
35.619
Sell
Williams %R
-71.874
Sell
CCI(14)
-110.5204
Sell
ATR(14)
0.0012
High Volatility
Highs/Lows(14)
-0.0000
Sell
Ultimate Oscillator
47.321
Sell
ROC
-0.228
Sell
Bull/Bear Power(13)
-0.0017
Sell
Buy: 1
Sell: 9
Neutral: 1


Summary:Strong Sell","Jun 17, 2021 07:49PM GMT"
usd_cad,1.2357 +0.0081    +0.66%,15:49:40,2021-06-17 19:50:10.764388,"Prev. Close: 1.2276
Bid/Ask: 1.2355 / 1.2359
Day's Range: 1.2261 - 1.2378",Strong Buy,"Summary:Strong Buy
Moving Averages:Strong BuyBuy (11)Sell (1)
Technical Indicators:Strong BuyBuy (10)Sell (1)","Name
S3
S2
S1
Pivot Points
R1
R2
R3
Classic
1.2329
1.2334
1.2343
1.2349
1.2358
1.2364
1.2373
Fibonacci
1.2334
1.2340
1.2343
1.2349
1.2355
1.2358
1.2364
Camarilla
1.2348
1.2349
1.2351
1.2349
1.2353
1.2355
1.2356
Woodie's
1.2331
1.2335
1.2345
1.2350
1.2360
1.2365
1.2375
DeMark's
-
-
1.2345
1.2350
1.2360
-
-","Technical IndicatorsJun 17, 2021 07:49PM GMT
Name
Value
Action
RSI(14)
71.392
Buy
STOCH(9,6)
69.226
Buy
STOCHRSI(14)
40.044
Sell
MACD(12,26)
0.003
Buy
ADX(14)
37.112
Buy
Williams %R
-20.706
Buy
CCI(14)
105.1350
Buy
ATR(14)
0.0026
High Volatility
Highs/Lows(14)
0.0015
Buy
Ultimate Oscillator
68.926
Buy
ROC
0.705
Buy
Bull/Bear Power(13)
0.0045
Buy
Buy: 10
Sell: 1
Neutral: 0


Summary:Strong Buy","Jun 17, 2021 07:49PM GMT"
usd_chf,0.9176 +0.0091    +1.00%,15:49:42,2021-06-17 19:50:10.767195,"Prev. Close: 0.9085
Bid/Ask: 0.9175 / 0.9176
Day's Range: 0.9076 - 0.9188",Strong Buy,"Summary:Strong Buy
Moving Averages:Strong BuyBuy (11)Sell (1)
Technical Indicators:Strong BuyBuy (8)Sell (0)","Name
S3
S2
S1
Pivot Points
R1
R2
R3
Classic
0.9159
0.9162
0.9168
0.9171
0.9177
0.9180
0.9185
Fibonacci
0.9162
0.9166
0.9168
0.9171
0.9174
0.9176
0.9180
Camarilla
0.9171
0.9172
0.9173
0.9171
0.9174
0.9175
0.9176
Woodie's
0.9161
0.9163
0.9170
0.9172
0.9179
0.9181
0.9187
DeMark's
-
-
0.9169
0.9172
0.9178
-
-","Technical IndicatorsJun 17, 2021 07:49PM GMT
Name
Value
Action
RSI(14)
76.372
Overbought
STOCH(9,6)
78.286
Buy
STOCHRSI(14)
6.253
Oversold
MACD(12,26)
0.004
Buy
ADX(14)
38.566
Buy
Williams %R
-12.560
Overbought
CCI(14)
104.6280
Buy
ATR(14)
0.0018
High Volatility
Highs/Lows(14)
0.0016
Buy
Ultimate Oscillator
68.468
Buy
ROC
1.018
Buy
Bull/Bear Power(13)
0.0051
Buy
Buy: 8
Sell: 0
Neutral: 0


Summary:Strong Buy","Jun 17, 2021 07:49PM GMT"
nzd_chf,0.6425 +0.0021    +0.32%,15:49:42,2021-06-17 19:50:10.769986,"Prev. Close: 0.6404
Bid/Ask: 0.6423 / 0.6426
Day's Range: 0.6406 - 0.6453",Sell,"Summary:Sell
Moving Averages:SellBuy (5)Sell (7)
Technical Indicators:SellBuy (2)Sell (5)","Name
S3
S2
S1
Pivot Points
R1
R2
R3
Classic
0.6419
0.6421
0.6425
0.6427
0.6430
0.6433
0.6436
Fibonacci
0.6421
0.6423
0.6425
0.6427
0.6429
0.6431
0.6433
Camarilla
0.6425
0.6425
0.6426
0.6427
0.6427
0.6428
0.6428
Woodie's
0.6419
0.6421
0.6425
0.6427
0.6430
0.6433
0.6436
DeMark's
-
-
0.6422
0.6426
0.6428
-
-","Technical IndicatorsJun 17, 2021 07:49PM GMT
Name
Value
Action
RSI(14)
49.701
Neutral
STOCH(9,6)
50.056
Neutral
STOCHRSI(14)
40.307
Sell
MACD(12,26)
0.000
Buy
ADX(14)
26.791
Sell
Williams %R
-59.141
Sell
CCI(14)
-23.2811
Neutral
ATR(14)
0.0012
Less Volatility
Highs/Lows(14)
0.0000
Neutral
Ultimate Oscillator
51.290
Buy
ROC
-0.202
Sell
Bull/Bear Power(13)
-0.0006
Sell
Buy: 2
Sell: 5
Neutral: 4


Summary:Sell","Jun 17, 2021 07:49PM GMT"
usd_cny,6.4484 +0.0515    +0.80%,11:27:22,2021-06-17 19:50:10.772799,"Prev. Close: 6.3969
Bid/Ask: 6.4477 / 6.4490
Day's Range: 6.3972 - 6.4494",Strong Buy,"Summary:Strong Buy
Moving Averages:BuyBuy (12)Sell (0)
Technical Indicators:Strong BuyBuy (7)Sell (0)","Name
S3
S2
S1
Pivot Points
R1
R2
R3
Classic
6.4380
6.4399
6.4436
6.4455
6.4492
6.4511
6.4548
Fibonacci
6.4399
6.4420
6.4434
6.4455
6.4476
6.4490
6.4511
Camarilla
6.4458
6.4463
6.4468
6.4455
6.4479
6.4484
6.4489
Woodie's
6.4390
6.4404
6.4446
6.4460
6.4502
6.4516
6.4558
DeMark's
-
-
6.4446
6.4460
6.4502
-
-","Technical IndicatorsJun 17, 2021 03:34PM GMT
Name
Value
Action
RSI(14)
85.433
Overbought
STOCH(9,6)
77.649
Buy
STOCHRSI(14)
100.000
Overbought
MACD(12,26)
0.011
Buy
ADX(14)
61.337
Buy
Williams %R
-3.426
Overbought
CCI(14)
151.8010
Buy
ATR(14)
0.0041
Less Volatility
Highs/Lows(14)
0.0141
Buy
Ultimate Oscillator
82.973
Overbought
ROC
0.391
Buy
Bull/Bear Power(13)
0.0286
Buy
Buy: 7
Sell: 0
Neutral: 0


Summary:Strong Buy","Jun 17, 2021 03:34PM GMT"
usd_hkd,7.7649 +0.0019    +0.02%,15:49:28,2021-06-17 19:50:10.775594,"Prev. Close: 7.7630
Bid/Ask: 7.7647 / 7.7650
Day's Range: 7.7625 - 7.7656",Strong Buy,"Summary:Strong Buy
Moving Averages:BuyBuy (12)Sell (0)
Technical Indicators:Strong BuyBuy (7)Sell (3)","Name
S3
S2
S1
Pivot Points
R1
R2
R3
Classic
7.7646
7.7646
7.7647
7.7648
7.7649
7.7650
7.7651
Fibonacci
7.7646
7.7647
7.7647
7.7648
7.7649
7.7649
7.7650
Camarilla
7.7648
7.7648
7.7648
7.7648
7.7649
7.7649
7.7649
Woodie's
7.7646
7.7646
7.7647
7.7648
7.7649
7.7650
7.7651
DeMark's
-
-
7.7648
7.7648
7.7650
-
-","Technical IndicatorsJun 17, 2021 07:49PM GMT
Name
Value
Action
RSI(14)
58.665
Buy
STOCH(9,6)
43.421
Sell
STOCHRSI(14)
38.355
Sell
MACD(12,26)
0.001
Buy
ADX(14)
45.619
Buy
Williams %R
-31.593
Buy
CCI(14)
79.7411
Buy
ATR(14)
0.0009
Less Volatility
Highs/Lows(14)
0.0000
Neutral
Ultimate Oscillator
46.866
Sell
ROC
0.003
Buy
Bull/Bear Power(13)
0.0017
Buy
Buy: 7
Sell: 3
Neutral: 1


Summary:Strong Buy","Jun 17, 2021 07:49PM GMT"
eur_usd,1.1906 -0.0088    -0.73%,15:50:56,2021-06-17 19:51:10.283397,"Prev. Close: 1.1994
Bid/Ask: 1.1904 / 1.1908
Day's Range: 1.1892 - 1.2007",Strong Sell,"Summary:Strong Sell
Moving Averages:Strong SellBuy (0)Sell (12)
Technical Indicators:Strong SellBuy (0)Sell (9)","Name
S3
S2
S1
Pivot Points
R1
R2
R3
Classic
1.1895
1.1903
1.1907
1.1915
1.1919
1.1927
1.1931
Fibonacci
1.1903
1.1908
1.1910
1.1915
1.1920
1.1922
1.1927
Camarilla
1.1908
1.1909
1.1910
1.1915
1.1912
1.1913
1.1914
Woodie's
1.1893
1.1902
1.1905
1.1914
1.1917
1.1926
1.1929
DeMark's
-
-
1.1905
1.1914
1.1917
-
-","Technical IndicatorsJun 17, 2021 07:49PM GMT
Name
Value
Action
RSI(14)
25.895
Sell
STOCH(9,6)
26.610
Sell
STOCHRSI(14)
85.015
Overbought
MACD(12,26)
-0.004
Sell
ADX(14)
38.305
Sell
Williams %R
-87.500
Oversold
CCI(14)
-118.5305
Sell
ATR(14)
0.0023
High Volatility
Highs/Lows(14)
-0.0018
Sell
Ultimate Oscillator
35.924
Sell
ROC
-0.800
Sell
Bull/Bear Power(13)
-0.0045
Sell
Buy: 0
Sell: 9
Neutral: 0


Summary:Strong Sell","Jun 17, 2021 07:49PM GMT"
gbp_usd,1.3923 -0.0064    -0.46%,15:50:41,2021-06-17 19:51:10.287378,"Prev. Close: 1.3987
Bid/Ask: 1.3921 / 1.3925
Day's Range: 1.3896 - 1.4010",Strong Sell,"Summary:Strong Sell
Moving Averages:SellBuy (2)Sell (10)
Technical Indicators:Strong SellBuy (0)Sell (10)","Name
S3
S2
S1
Pivot Points
R1
R2
R3
Classic
1.3906
1.3915
1.3918
1.3927
1.3931
1.3939
1.3943
Fibonacci
1.3915
1.3920
1.3922
1.3927
1.3932
1.3934
1.3939
Camarilla
1.3920
1.3921
1.3922
1.3927
1.3925
1.3926
1.3927
Woodie's
1.3904
1.3914
1.3916
1.3926
1.3929
1.3938
1.3941
DeMark's
-
-
1.3917
1.3926
1.3930
-
-","Technical IndicatorsJun 17, 2021 07:50PM GMT
Name
Value
Action
RSI(14)
35.243
Sell
STOCH(9,6)
29.610
Sell
STOCHRSI(14)
99.228
Overbought
MACD(12,26)
-0.003
Sell
ADX(14)
38.870
Sell
Williams %R
-74.429
Sell
CCI(14)
-81.2077
Sell
ATR(14)
0.0027
High Volatility
Highs/Lows(14)
-0.0011
Sell
Ultimate Oscillator
37.523
Sell
ROC
-0.575
Sell
Bull/Bear Power(13)
-0.0030
Sell
Buy: 0
Sell: 10
Neutral: 0


Summary:Strong Sell","Jun 17, 2021 07:50PM GMT"
usd_jpy,110.29 -0.41    -0.37%,15:50:31,2021-06-17 19:51:10.290504,"Prev. Close: 110.69
Bid/Ask: 110.27 / 110.30
Day's Range: 110.17 - 110.83",Sell,"Summary:Sell
Moving Averages:NeutralBuy (6)Sell (6)
Technical Indicators:Strong SellBuy (1)Sell (8)","Name
S3
S2
S1
Pivot Points
R1
R2
R3
Classic
110.15
110.17
110.21
110.23
110.27
110.29
110.32
Fibonacci
110.17
110.19
110.21
110.23
110.25
110.27
110.29
Camarilla
110.24
110.24
110.25
110.23
110.26
110.27
110.27
Woodie's
110.17
110.18
110.23
110.24
110.29
110.30
110.34
DeMark's
-
-
110.23
110.24
110.29
-
-","Technical IndicatorsJun 17, 2021 07:49PM GMT
Name
Value
Action
RSI(14)
43.442
Sell
STOCH(9,6)
16.024
Oversold
STOCHRSI(14)
18.865
Oversold
MACD(12,26)
-0.010
Sell
ADX(14)
36.026
Buy
Williams %R
-79.832
Sell
CCI(14)
-79.0817
Sell
ATR(14)
0.1321
High Volatility
Highs/Lows(14)
-0.1254
Sell
Ultimate Oscillator
44.377
Sell
ROC
-0.321
Sell
Bull/Bear Power(13)
-0.2460
Sell
Buy: 1
Sell: 8
Neutral: 0


Summary:Strong Sell","Jun 17, 2021 07:49PM GMT"
aud_usd,0.7550 -0.0060    -0.80%,15:50:53,2021-06-17 19:51:10.293445,"Prev. Close: 0.7610
Bid/Ask: 0.7549 / 0.7550
Day's Range: 0.7540 - 0.7646",Strong Sell,"Summary:Strong Sell
Moving Averages:Strong SellBuy (0)Sell (12)
Technical Indicators:Strong SellBuy (1)Sell (8)","Name
S3
S2
S1
Pivot Points
R1
R2
R3
Classic
0.7540
0.7546
0.7549
0.7555
0.7558
0.7564
0.7568
Fibonacci
0.7546
0.7549
0.7551
0.7555
0.7559
0.7561
0.7564
Camarilla
0.7549
0.7550
0.7551
0.7555
0.7552
0.7553
0.7554
Woodie's
0.7538
0.7545
0.7547
0.7554
0.7556
0.7563
0.7566
DeMark's
-
-
0.7547
0.7554
0.7556
-
-","Technical IndicatorsJun 17, 2021 07:49PM GMT
Name
Value
Action
RSI(14)
26.259
Sell
STOCH(9,6)
20.200
Sell
STOCHRSI(14)
56.510
Buy
MACD(12,26)
-0.003
Sell
ADX(14)
46.171
Sell
Williams %R
-89.618
Oversold
CCI(14)
-93.9691
Sell
ATR(14)
0.0019
High Volatility
Highs/Lows(14)
-0.0019
Sell
Ultimate Oscillator
29.703
Oversold
ROC
-1.068
Sell
Bull/Bear Power(13)
-0.0037
Sell
Buy: 1
Sell: 8
Neutral: 0


Summary:Strong Sell","Jun 17, 2021 07:49PM GMT"
eur_gbp,0.8552 -0.0022    -0.25%,15:50:56,2021-06-17 19:51:10.296369,"Prev. Close: 0.8573
Bid/Ask: 0.8550 / 0.8553
Day's Range: 0.8542 - 0.8580",Strong Sell,"Summary:Strong Sell
Moving Averages:Strong SellBuy (0)Sell (12)
Technical Indicators:Strong SellBuy (1)Sell (8)","Name
S3
S2
S1
Pivot Points
R1
R2
R3
Classic
0.8548
0.8551
0.8552
0.8555
0.8556
0.8559
0.8561
Fibonacci
0.8551
0.8552
0.8553
0.8555
0.8557
0.8558
0.8559
Camarilla
0.8553
0.8554
0.8554
0.8555
0.8555
0.8555
0.8556
Woodie's
0.8548
0.8551
0.8552
0.8555
0.8556
0.8559
0.8561
DeMark's
-
-
0.8552
0.8555
0.8556
-
-","Technical IndicatorsJun 17, 2021 07:50PM GMT
Name
Value
Action
RSI(14)
35.099
Sell
STOCH(9,6)
47.324
Neutral
STOCHRSI(14)
59.171
Buy
MACD(12,26)
-0.001
Sell
ADX(14)
35.619
Sell
Williams %R
-70.313
Sell
CCI(14)
-108.2003
Sell
ATR(14)
0.0012
High Volatility
Highs/Lows(14)
0.0000
Neutral
Ultimate Oscillator
47.839
Sell
ROC
-0.222
Sell
Bull/Bear Power(13)
-0.0017
Sell
Buy: 1
Sell: 8
Neutral: 2


Summary:Strong Sell","Jun 17, 2021 07:50PM GMT"
usd_cad,1.2359 +0.0083    +0.67%,15:50:55,2021-06-17 19:51:10.299240,"Prev. Close: 1.2276
Bid/Ask: 1.2358 / 1.2359
Day's Range: 1.2261 - 1.2378",Strong Buy,"Summary:Strong Buy
Moving Averages:Strong BuyBuy (11)Sell (1)
Technical Indicators:Strong BuyBuy (10)Sell (1)","Name
S3
S2
S1
Pivot Points
R1
R2
R3
Classic
1.2329
1.2334
1.2343
1.2349
1.2358
1.2364
1.2373
Fibonacci
1.2334
1.2340
1.2343
1.2349
1.2355
1.2358
1.2364
Camarilla
1.2348
1.2349
1.2351
1.2349
1.2353
1.2355
1.2356
Woodie's
1.2331
1.2335
1.2345
1.2350
1.2360
1.2365
1.2375
DeMark's
-
-
1.2345
1.2350
1.2360
-
-","Technical IndicatorsJun 17, 2021 07:49PM GMT
Name
Value
Action
RSI(14)
71.392
Buy
STOCH(9,6)
69.226
Buy
STOCHRSI(14)
40.044
Sell
MACD(12,26)
0.003
Buy
ADX(14)
37.112
Buy
Williams %R
-20.706
Buy
CCI(14)
105.1350
Buy
ATR(14)
0.0026
High Volatility
Highs/Lows(14)
0.0015
Buy
Ultimate Oscillator
68.926
Buy
ROC
0.705
Buy
Bull/Bear Power(13)
0.0045
Buy
Buy: 10
Sell: 1
Neutral: 0


Summary:Strong Buy","Jun 17, 2021 07:49PM GMT"
usd_chf,0.9176 +0.0091    +1.00%,15:50:47,2021-06-17 19:51:10.302046,"Prev. Close: 0.9085
Bid/Ask: 0.9175 / 0.9176
Day's Range: 0.9076 - 0.9188",Strong Buy,"Summary:Strong Buy
Moving Averages:Strong BuyBuy (11)Sell (1)
Technical Indicators:Strong BuyBuy (8)Sell (0)","Name
S3
S2
S1
Pivot Points
R1
R2
R3
Classic
0.9159
0.9162
0.9168
0.9171
0.9177
0.9180
0.9185
Fibonacci
0.9162
0.9166
0.9168
0.9171
0.9174
0.9176
0.9180
Camarilla
0.9171
0.9172
0.9173
0.9171
0.9174
0.9175
0.9176
Woodie's
0.9161
0.9163
0.9170
0.9172
0.9179
0.9181
0.9187
DeMark's
-
-
0.9169
0.9172
0.9178
-
-","Technical IndicatorsJun 17, 2021 07:50PM GMT
Name
Value
Action
RSI(14)
76.474
Overbought
STOCH(9,6)
78.440
Buy
STOCHRSI(14)
7.155
Oversold
MACD(12,26)
0.004
Buy
ADX(14)
38.566
Buy
Williams %R
-12.077
Overbought
CCI(14)
105.1369
Buy
ATR(14)
0.0018
High Volatility
Highs/Lows(14)
0.0016
Buy
Ultimate Oscillator
68.776
Buy
ROC
1.024
Buy
Bull/Bear Power(13)
0.0051
Buy
Buy: 8
Sell: 0
Neutral: 0


Summary:Strong Buy","Jun 17, 2021 07:50PM GMT"
nzd_chf,0.6424 +0.0020    +0.31%,15:50:47,2021-06-17 19:51:10.304880,"Prev. Close: 0.6404
Bid/Ask: 0.6421 / 0.6427
Day's Range: 0.6406 - 0.6453",Sell,"Summary:Sell
Moving Averages:SellBuy (5)Sell (7)
Technical Indicators:SellBuy (2)Sell (5)","Name
S3
S2
S1
Pivot Points
R1
R2
R3
Classic
0.6419
0.6421
0.6425
0.6427
0.6430
0.6433
0.6436
Fibonacci
0.6421
0.6423
0.6425
0.6427
0.6429
0.6431
0.6433
Camarilla
0.6425
0.6425
0.6426
0.6427
0.6427
0.6428
0.6428
Woodie's
0.6419
0.6421
0.6425
0.6427
0.6430
0.6433
0.6436
DeMark's
-
-
0.6422
0.6426
0.6428
-
-","Technical IndicatorsJun 17, 2021 07:49PM GMT
Name
Value
Action
RSI(14)
49.701
Neutral
STOCH(9,6)
50.056
Neutral
STOCHRSI(14)
40.307
Sell
MACD(12,26)
0.000
Buy
ADX(14)
26.791
Sell
Williams %R
-59.141
Sell
CCI(14)
-23.2811
Neutral
ATR(14)
0.0012
Less Volatility
Highs/Lows(14)
0.0000
Neutral
Ultimate Oscillator
51.290
Buy
ROC
-0.202
Sell
Bull/Bear Power(13)
-0.0006
Sell
Buy: 2
Sell: 5
Neutral: 4


Summary:Sell","Jun 17, 2021 07:49PM GMT"
usd_cny,6.4484 +0.0515    +0.80%,11:27:22,2021-06-17 19:51:10.307704,"Prev. Close: 6.3969
Bid/Ask: 6.4477 / 6.4490
Day's Range: 6.3972 - 6.4494",Strong Buy,"Summary:Strong Buy
Moving Averages:BuyBuy (12)Sell (0)
Technical Indicators:Strong BuyBuy (7)Sell (0)","Name
S3
S2
S1
Pivot Points
R1
R2
R3
Classic
6.4380
6.4399
6.4436
6.4455
6.4492
6.4511
6.4548
Fibonacci
6.4399
6.4420
6.4434
6.4455
6.4476
6.4490
6.4511
Camarilla
6.4458
6.4463
6.4468
6.4455
6.4479
6.4484
6.4489
Woodie's
6.4390
6.4404
6.4446
6.4460
6.4502
6.4516
6.4558
DeMark's
-
-
6.4446
6.4460
6.4502
-
-","Technical IndicatorsJun 17, 2021 03:34PM GMT
Name
Value
Action
RSI(14)
85.433
Overbought
STOCH(9,6)
77.649
Buy
STOCHRSI(14)
100.000
Overbought
MACD(12,26)
0.011
Buy
ADX(14)
61.337
Buy
Williams %R
-3.426
Overbought
CCI(14)
151.8010
Buy
ATR(14)
0.0041
Less Volatility
Highs/Lows(14)
0.0141
Buy
Ultimate Oscillator
82.973
Overbought
ROC
0.391
Buy
Bull/Bear Power(13)
0.0286
Buy
Buy: 7
Sell: 0
Neutral: 0


Summary:Strong Buy","Jun 17, 2021 03:34PM GMT"
usd_hkd,7.7649 +0.0019    +0.02%,15:50:29,2021-06-17 19:51:10.310519,"Prev. Close: 7.7630
Bid/Ask: 7.7647 / 7.7650
Day's Range: 7.7625 - 7.7656",Strong Buy,"Summary:Strong Buy
Moving Averages:BuyBuy (12)Sell (0)
Technical Indicators:Strong BuyBuy (7)Sell (3)","Name
S3
S2
S1
Pivot Points
R1
R2
R3
Classic
7.7646
7.7646
7.7647
7.7648
7.7649
7.7650
7.7651
Fibonacci
7.7646
7.7647
7.7647
7.7648
7.7649
7.7649
7.7650
Camarilla
7.7648
7.7648
7.7648
7.7648
7.7649
7.7649
7.7649
Woodie's
7.7646
7.7646
7.7647
7.7648
7.7649
7.7650
7.7651
DeMark's
-
-
7.7648
7.7648
7.7650
-
-","Technical IndicatorsJun 17, 2021 07:50PM GMT
Name
Value
Action
RSI(14)
58.665
Buy
STOCH(9,6)
43.421
Sell
STOCHRSI(14)
38.355
Sell
MACD(12,26)
0.001
Buy
ADX(14)
45.619
Buy
Williams %R
-31.593
Buy
CCI(14)
79.7411
Buy
ATR(14)
0.0009
Less Volatility
Highs/Lows(14)
0.0000
Neutral
Ultimate Oscillator
46.866
Sell
ROC
0.003
Buy
Bull/Bear Power(13)
0.0017
Buy
Buy: 7
Sell: 3
Neutral: 1


Summary:Strong Buy","Jun 17, 2021 07:50PM GMT"
eur_usd,1.1906 -0.0088    -0.73%,15:51:40,2021-06-17 19:52:10.294167,"Prev. Close: 1.1994
Bid/Ask: 1.1904 / 1.1908
Day's Range: 1.1892 - 1.2007",Strong Sell,"Summary:Strong Sell
Moving Averages:Strong SellBuy (0)Sell (12)
Technical Indicators:Strong SellBuy (0)Sell (9)","Name
S3
S2
S1
Pivot Points
R1
R2
R3
Classic
1.1895
1.1903
1.1907
1.1915
1.1919
1.1927
1.1931
Fibonacci
1.1903
1.1908
1.1910
1.1915
1.1920
1.1922
1.1927
Camarilla
1.1908
1.1909
1.1910
1.1915
1.1912
1.1913
1.1914
Woodie's
1.1893
1.1902
1.1905
1.1914
1.1917
1.1926
1.1929
DeMark's
-
-
1.1905
1.1914
1.1917
-
-","Technical IndicatorsJun 17, 2021 07:51PM GMT
Name
Value
Action
RSI(14)
25.895
Sell
STOCH(9,6)
26.610
Sell
STOCHRSI(14)
85.015
Overbought
MACD(12,26)
-0.004
Sell
ADX(14)
38.305
Sell
Williams %R
-87.500
Oversold
CCI(14)
-118.5305
Sell
ATR(14)
0.0023
High Volatility
Highs/Lows(14)
-0.0018
Sell
Ultimate Oscillator
35.924
Sell
ROC
-0.800
Sell
Bull/Bear Power(13)
-0.0045
Sell
Buy: 0
Sell: 9
Neutral: 0


Summary:Strong Sell","Jun 17, 2021 07:51PM GMT"
gbp_usd,1.3923 -0.0064    -0.46%,15:51:32,2021-06-17 19:52:10.297868,"Prev. Close: 1.3987
Bid/Ask: 1.3921 / 1.3925
Day's Range: 1.3896 - 1.4010",Strong Sell,"Summary:Strong Sell
Moving Averages:SellBuy (2)Sell (10)
Technical Indicators:Strong SellBuy (0)Sell (10)","Name
S3
S2
S1
Pivot Points
R1
R2
R3
Classic
1.3906
1.3915
1.3918
1.3927
1.3931
1.3939
1.3943
Fibonacci
1.3915
1.3920
1.3922
1.3927
1.3932
1.3934
1.3939
Camarilla
1.3920
1.3921
1.3922
1.3927
1.3925
1.3926
1.3927
Woodie's
1.3904
1.3914
1.3916
1.3926
1.3929
1.3938
1.3941
DeMark's
-
-
1.3917
1.3926
1.3930
-
-","Technical IndicatorsJun 17, 2021 07:50PM GMT
Name
Value
Action
RSI(14)
35.243
Sell
STOCH(9,6)
29.610
Sell
STOCHRSI(14)
99.228
Overbought
MACD(12,26)
-0.003
Sell
ADX(14)
38.870
Sell
Williams %R
-74.429
Sell
CCI(14)
-81.2077
Sell
ATR(14)
0.0027
High Volatility
Highs/Lows(14)
-0.0011
Sell
Ultimate Oscillator
37.523
Sell
ROC
-0.575
Sell
Bull/Bear Power(13)
-0.0030
Sell
Buy: 0
Sell: 10
Neutral: 0


Summary:Strong Sell","Jun 17, 2021 07:50PM GMT"
usd_jpy,110.29 -0.41    -0.37%,15:51:41,2021-06-17 19:52:10.300940,"Prev. Close: 110.69
Bid/Ask: 110.27 / 110.30
Day's Range: 110.17 - 110.83",Strong Sell,"Summary:Strong Sell
Moving Averages:SellBuy (5)Sell (7)
Technical Indicators:Strong SellBuy (1)Sell (7)","Name
S3
S2
S1
Pivot Points
R1
R2
R3
Classic
110.15
110.17
110.21
110.23
110.27
110.29
110.32
Fibonacci
110.17
110.19
110.21
110.23
110.25
110.27
110.29
Camarilla
110.24
110.24
110.25
110.23
110.26
110.27
110.27
Woodie's
110.17
110.18
110.23
110.24
110.29
110.30
110.34
DeMark's
-
-
110.23
110.24
110.29
-
-","Technical IndicatorsJun 17, 2021 07:51PM GMT
Name
Value
Action
RSI(14)
43.144
Sell
STOCH(9,6)
15.882
Oversold
STOCHRSI(14)
17.779
Oversold
MACD(12,26)
-0.010
Sell
ADX(14)
36.026
Buy
Williams %R
-80.671
Oversold
CCI(14)
-79.6412
Sell
ATR(14)
0.1321
High Volatility
Highs/Lows(14)
-0.1304
Sell
Ultimate Oscillator
43.982
Sell
ROC
-0.325
Sell
Bull/Bear Power(13)
-0.2460
Sell
Buy: 1
Sell: 7
Neutral: 0


Summary:Strong Sell","Jun 17, 2021 07:51PM GMT"
aud_usd,0.7549 -0.0062    -0.81%,15:51:42,2021-06-17 19:52:10.303882,"Prev. Close: 0.7610
Bid/Ask: 0.7546 / 0.7551
Day's Range: 0.7540 - 0.7646",Strong Sell,"Summary:Strong Sell
Moving Averages:Strong SellBuy (0)Sell (12)
Technical Indicators:Strong SellBuy (1)Sell (9)","Name
S3
S2
S1
Pivot Points
R1
R2
R3
Classic
0.7540
0.7546
0.7549
0.7555
0.7558
0.7564
0.7568
Fibonacci
0.7546
0.7549
0.7551
0.7555
0.7559
0.7561
0.7564
Camarilla
0.7549
0.7550
0.7551
0.7555
0.7552
0.7553
0.7554
Woodie's
0.7538
0.7545
0.7547
0.7554
0.7556
0.7563
0.7566
DeMark's
-
-
0.7547
0.7554
0.7556
-
-","Technical IndicatorsJun 17, 2021 07:51PM GMT
Name
Value
Action
RSI(14)
26.378
Sell
STOCH(9,6)
20.359
Sell
STOCHRSI(14)
57.338
Buy
MACD(12,26)
-0.003
Sell
ADX(14)
46.171
Sell
Williams %R
-89.071
Oversold
CCI(14)
-93.5191
Sell
ATR(14)
0.0019
High Volatility
Highs/Lows(14)
-0.0019
Sell
Ultimate Oscillator
30.013
Sell
ROC
-1.062
Sell
Bull/Bear Power(13)
-0.0037
Sell
Buy: 1
Sell: 9
Neutral: 0


Summary:Strong Sell","Jun 17, 2021 07:51PM GMT"
eur_gbp,0.8552 -0.0021    -0.24%,15:51:33,2021-06-17 19:52:10.306809,"Prev. Close: 0.8573
Bid/Ask: 0.8551 / 0.8553
Day's Range: 0.8542 - 0.8580",Strong Sell,"Summary:Strong Sell
Moving Averages:Strong SellBuy (0)Sell (12)
Technical Indicators:Strong SellBuy (1)Sell (8)","Name
S3
S2
S1
Pivot Points
R1
R2
R3
Classic
0.8548
0.8551
0.8552
0.8555
0.8556
0.8559
0.8561
Fibonacci
0.8551
0.8552
0.8553
0.8555
0.8557
0.8558
0.8559
Camarilla
0.8553
0.8554
0.8554
0.8555
0.8555
0.8555
0.8556
Woodie's
0.8548
0.8551
0.8552
0.8555
0.8556
0.8559
0.8561
DeMark's
-
-
0.8552
0.8555
0.8556
-
-","Technical IndicatorsJun 17, 2021 07:50PM GMT
Name
Value
Action
RSI(14)
35.099
Sell
STOCH(9,6)
47.324
Neutral
STOCHRSI(14)
59.171
Buy
MACD(12,26)
-0.001
Sell
ADX(14)
35.619
Sell
Williams %R
-70.313
Sell
CCI(14)
-108.2003
Sell
ATR(14)
0.0012
High Volatility
Highs/Lows(14)
0.0000
Neutral
Ultimate Oscillator
47.839
Sell
ROC
-0.222
Sell
Bull/Bear Power(13)
-0.0017
Sell
Buy: 1
Sell: 8
Neutral: 2


Summary:Strong Sell","Jun 17, 2021 07:50PM GMT"
usd_cad,1.2360 +0.0084    +0.68%,15:51:43,2021-06-17 19:52:10.309647,"Prev. Close: 1.2276
Bid/Ask: 1.2358 / 1.2362
Day's Range: 1.2261 - 1.2378",Strong Buy,"Summary:Strong Buy
Moving Averages:BuyBuy (12)Sell (0)
Technical Indicators:Strong BuyBuy (8)Sell (0)","Name
S3
S2
S1
Pivot Points
R1
R2
R3
Classic
1.2329
1.2334
1.2343
1.2349
1.2358
1.2364
1.2373
Fibonacci
1.2334
1.2340
1.2343
1.2349
1.2355
1.2358
1.2364
Camarilla
1.2348
1.2349
1.2351
1.2349
1.2353
1.2355
1.2356
Woodie's
1.2331
1.2335
1.2345
1.2350
1.2360
1.2365
1.2375
DeMark's
-
-
1.2345
1.2350
1.2360
-
-","Technical IndicatorsJun 17, 2021 07:51PM GMT
Name
Value
Action
RSI(14)
72.314
Buy
STOCH(9,6)
70.135
Buy
STOCHRSI(14)
46.998
Neutral
MACD(12,26)
0.003
Buy
ADX(14)
37.112
Buy
Williams %R
-16.741
Overbought
CCI(14)
109.5723
Buy
ATR(14)
0.0026
High Volatility
Highs/Lows(14)
0.0019
Buy
Ultimate Oscillator
70.684
Overbought
ROC
0.742
Buy
Bull/Bear Power(13)
0.0045
Buy
Buy: 8
Sell: 0
Neutral: 1


Summary:Strong Buy","Jun 17, 2021 07:51PM GMT"
usd_chf,0.9176 +0.0091    +1.00%,15:51:42,2021-06-17 19:52:10.312464,"Prev. Close: 0.9085
Bid/Ask: 0.9174 / 0.9178
Day's Range: 0.9076 - 0.9188",Strong Buy,"Summary:Strong Buy
Moving Averages:Strong BuyBuy (11)Sell (1)
Technical Indicators:Strong BuyBuy (8)Sell (0)","Name
S3
S2
S1
Pivot Points
R1
R2
R3
Classic
0.9159
0.9162
0.9168
0.9171
0.9177
0.9180
0.9185
Fibonacci
0.9162
0.9166
0.9168
0.9171
0.9174
0.9176
0.9180
Camarilla
0.9171
0.9172
0.9173
0.9171
0.9174
0.9175
0.9176
Woodie's
0.9161
0.9163
0.9170
0.9172
0.9179
0.9181
0.9187
DeMark's
-
-
0.9169
0.9172
0.9178
-
-","Technical IndicatorsJun 17, 2021 07:50PM GMT
Name
Value
Action
RSI(14)
76.474
Overbought
STOCH(9,6)
78.440
Buy
STOCHRSI(14)
7.155
Oversold
MACD(12,26)
0.004
Buy
ADX(14)
38.566
Buy
Williams %R
-12.077
Overbought
CCI(14)
105.1369
Buy
ATR(14)
0.0018
High Volatility
Highs/Lows(14)
0.0016
Buy
Ultimate Oscillator
68.776
Buy
ROC
1.024
Buy
Bull/Bear Power(13)
0.0051
Buy
Buy: 8
Sell: 0
Neutral: 0


Summary:Strong Buy","Jun 17, 2021 07:50PM GMT"
nzd_chf,0.6424 +0.0019    +0.30%,15:51:39,2021-06-17 19:52:10.315259,"Prev. Close: 0.6404
Bid/Ask: 0.6420 / 0.6427
Day's Range: 0.6406 - 0.6453",Neutral,"Summary:Neutral
Moving Averages:NeutralBuy (6)Sell (6)
Technical Indicators:SellBuy (1)Sell (5)","Name
S3
S2
S1
Pivot Points
R1
R2
R3
Classic
0.6419
0.6421
0.6425
0.6427
0.6430
0.6433
0.6436
Fibonacci
0.6421
0.6423
0.6425
0.6427
0.6429
0.6431
0.6433
Camarilla
0.6425
0.6425
0.6426
0.6427
0.6427
0.6428
0.6428
Woodie's
0.6419
0.6421
0.6425
0.6427
0.6430
0.6433
0.6436
DeMark's
-
-
0.6422
0.6426
0.6428
-
-","Technical IndicatorsJun 17, 2021 07:51PM GMT
Name
Value
Action
RSI(14)
48.987
Neutral
STOCH(9,6)
49.390
Neutral
STOCHRSI(14)
37.570
Sell
MACD(12,26)
0.000
Buy
ADX(14)
26.791
Sell
Williams %R
-61.290
Sell
CCI(14)
-25.8565
Neutral
ATR(14)
0.0012
Less Volatility
Highs/Lows(14)
0.0000
Neutral
Ultimate Oscillator
50.316
Neutral
ROC
-0.217
Sell
Bull/Bear Power(13)
-0.0006
Sell
Buy: 1
Sell: 5
Neutral: 5


Summary:Sell","Jun 17, 2021 07:51PM GMT"
usd_cny,6.4484 +0.0515    +0.80%,11:27:22,2021-06-17 19:52:10.318035,"Prev. Close: 6.3969
Bid/Ask: 6.4477 / 6.4490
Day's Range: 6.3972 - 6.4494",Strong Buy,"Summary:Strong Buy
Moving Averages:BuyBuy (12)Sell (0)
Technical Indicators:Strong BuyBuy (7)Sell (0)","Name
S3
S2
S1
Pivot Points
R1
R2
R3
Classic
6.4380
6.4399
6.4436
6.4455
6.4492
6.4511
6.4548
Fibonacci
6.4399
6.4420
6.4434
6.4455
6.4476
6.4490
6.4511
Camarilla
6.4458
6.4463
6.4468
6.4455
6.4479
6.4484
6.4489
Woodie's
6.4390
6.4404
6.4446
6.4460
6.4502
6.4516
6.4558
DeMark's
-
-
6.4446
6.4460
6.4502
-
-","Technical IndicatorsJun 17, 2021 03:34PM GMT
Name
Value
Action
RSI(14)
85.433
Overbought
STOCH(9,6)
77.649
Buy
STOCHRSI(14)
100.000
Overbought
MACD(12,26)
0.011
Buy
ADX(14)
61.337
Buy
Williams %R
-3.426
Overbought
CCI(14)
151.8010
Buy
ATR(14)
0.0041
Less Volatility
Highs/Lows(14)
0.0141
Buy
Ultimate Oscillator
82.973
Overbought
ROC
0.391
Buy
Bull/Bear Power(13)
0.0286
Buy
Buy: 7
Sell: 0
Neutral: 0


Summary:Strong Buy","Jun 17, 2021 03:34PM GMT"
usd_hkd,7.7649 +0.0019    +0.02%,15:51:29,2021-06-17 19:52:10.320832,"Prev. Close: 7.7630
Bid/Ask: 7.7647 / 7.7650
Day's Range: 7.7625 - 7.7656",Strong Buy,"Summary:Strong Buy
Moving Averages:BuyBuy (12)Sell (0)
Technical Indicators:Strong BuyBuy (7)Sell (3)","Name
S3
S2
S1
Pivot Points
R1
R2
R3
Classic
7.7646
7.7646
7.7647
7.7648
7.7649
7.7650
7.7651
Fibonacci
7.7646
7.7647
7.7647
7.7648
7.7649
7.7649
7.7650
Camarilla
7.7648
7.7648
7.7648
7.7648
7.7649
7.7649
7.7649
Woodie's
7.7646
7.7646
7.7647
7.7648
7.7649
7.7650
7.7651
DeMark's
-
-
7.7648
7.7648
7.7650
-
-","Technical IndicatorsJun 17, 2021 07:50PM GMT
Name
Value
Action
RSI(14)
58.665
Buy
STOCH(9,6)
43.421
Sell
STOCHRSI(14)
38.355
Sell
MACD(12,26)
0.001
Buy
ADX(14)
45.619
Buy
Williams %R
-31.593
Buy
CCI(14)
79.7411
Buy
ATR(14)
0.0009
Less Volatility
Highs/Lows(14)
0.0000
Neutral
Ultimate Oscillator
46.866
Sell
ROC
0.003
Buy
Bull/Bear Power(13)
0.0017
Buy
Buy: 7
Sell: 3
Neutral: 1


Summary:Strong Buy","Jun 17, 2021 07:50PM GMT"
eur_usd,1.1905 -0.0089    -0.74%,15:52:56,2021-06-17 19:53:10.727486,"Prev. Close: 1.1994
Bid/Ask: 1.1903 / 1.1907
Day's Range: 1.1892 - 1.2007",Strong Sell,"Summary:Strong Sell
Moving Averages:Strong SellBuy (0)Sell (12)
Technical Indicators:Strong SellBuy (0)Sell (9)","Name
S3
S2
S1
Pivot Points
R1
R2
R3
Classic
1.1895
1.1903
1.1907
1.1915
1.1919
1.1927
1.1931
Fibonacci
1.1903
1.1908
1.1910
1.1915
1.1920
1.1922
1.1927
Camarilla
1.1908
1.1909
1.1910
1.1915
1.1912
1.1913
1.1914
Woodie's
1.1893
1.1902
1.1905
1.1914
1.1917
1.1926
1.1929
DeMark's
-
-
1.1905
1.1914
1.1917
-
-","Technical IndicatorsJun 17, 2021 07:51PM GMT
Name
Value
Action
RSI(14)
25.895
Sell
STOCH(9,6)
26.610
Sell
STOCHRSI(14)
85.015
Overbought
MACD(12,26)
-0.004
Sell
ADX(14)
38.305
Sell
Williams %R
-87.500
Oversold
CCI(14)
-118.5305
Sell
ATR(14)
0.0023
High Volatility
Highs/Lows(14)
-0.0018
Sell
Ultimate Oscillator
35.924
Sell
ROC
-0.800
Sell
Bull/Bear Power(13)
-0.0045
Sell
Buy: 0
Sell: 9
Neutral: 0


Summary:Strong Sell","Jun 17, 2021 07:51PM GMT"
gbp_usd,1.3921 -0.0066    -0.48%,15:52:42,2021-06-17 19:53:10.731135,"Prev. Close: 1.3987
Bid/Ask: 1.3920 / 1.3921
Day's Range: 1.3896 - 1.4010",Strong Sell,"Summary:Strong Sell
Moving Averages:SellBuy (1)Sell (11)
Technical Indicators:Strong SellBuy (0)Sell (10)","Name
S3
S2
S1
Pivot Points
R1
R2
R3
Classic
1.3906
1.3915
1.3918
1.3927
1.3931
1.3939
1.3943
Fibonacci
1.3915
1.3920
1.3922
1.3927
1.3932
1.3934
1.3939
Camarilla
1.3920
1.3921
1.3922
1.3927
1.3925
1.3926
1.3927
Woodie's
1.3904
1.3914
1.3916
1.3926
1.3929
1.3938
1.3941
DeMark's
-
-
1.3917
1.3926
1.3930
-
-","Technical IndicatorsJun 17, 2021 07:52PM GMT
Name
Value
Action
RSI(14)
34.578
Sell
STOCH(9,6)
28.858
Sell
STOCHRSI(14)
93.767
Overbought
MACD(12,26)
-0.003
Sell
ADX(14)
38.870
Sell
Williams %R
-77.169
Sell
CCI(14)
-83.8446
Sell
ATR(14)
0.0027
High Volatility
Highs/Lows(14)
-0.0014
Sell
Ultimate Oscillator
36.283
Sell
ROC
-0.596
Sell
Bull/Bear Power(13)
-0.0030
Sell
Buy: 0
Sell: 10
Neutral: 0


Summary:Strong Sell","Jun 17, 2021 07:52PM GMT"
usd_jpy,110.29 -0.41    -0.37%,15:52:36,2021-06-17 19:53:10.734168,"Prev. Close: 110.69
Bid/Ask: 110.27 / 110.30
Day's Range: 110.17 - 110.83",Strong Sell,"Summary:Strong Sell
Moving Averages:SellBuy (5)Sell (7)
Technical Indicators:Strong SellBuy (1)Sell (7)","Name
S3
S2
S1
Pivot Points
R1
R2
R3
Classic
110.15
110.17
110.21
110.23
110.27
110.29
110.32
Fibonacci
110.17
110.19
110.21
110.23
110.25
110.27
110.29
Camarilla
110.24
110.24
110.25
110.23
110.26
110.27
110.27
Woodie's
110.17
110.18
110.23
110.24
110.29
110.30
110.34
DeMark's
-
-
110.23
110.24
110.29
-
-","Technical IndicatorsJun 17, 2021 07:51PM GMT
Name
Value
Action
RSI(14)
43.144
Sell
STOCH(9,6)
15.882
Oversold
STOCHRSI(14)
17.779
Oversold
MACD(12,26)
-0.010
Sell
ADX(14)
36.026
Buy
Williams %R
-80.671
Oversold
CCI(14)
-79.6412
Sell
ATR(14)
0.1321
High Volatility
Highs/Lows(14)
-0.1304
Sell
Ultimate Oscillator
43.982
Sell
ROC
-0.325
Sell
Bull/Bear Power(13)
-0.2460
Sell
Buy: 1
Sell: 7
Neutral: 0


Summary:Strong Sell","Jun 17, 2021 07:51PM GMT"
aud_usd,0.7548 -0.0062    -0.81%,15:52:51,2021-06-17 19:53:10.737087,"Prev. Close: 0.7610
Bid/Ask: 0.7547 / 0.7549
Day's Range: 0.7540 - 0.7646",Strong Sell,"Summary:Strong Sell
Moving Averages:Strong SellBuy (0)Sell (12)
Technical Indicators:Strong SellBuy (1)Sell (9)","Name
S3
S2
S1
Pivot Points
R1
R2
R3
Classic
0.7540
0.7546
0.7549
0.7555
0.7558
0.7564
0.7568
Fibonacci
0.7546
0.7549
0.7551
0.7555
0.7559
0.7561
0.7564
Camarilla
0.7549
0.7550
0.7551
0.7555
0.7552
0.7553
0.7554
Woodie's
0.7538
0.7545
0.7547
0.7554
0.7556
0.7563
0.7566
DeMark's
-
-
0.7547
0.7554
0.7556
-
-","Technical IndicatorsJun 17, 2021 07:51PM GMT
Name
Value
Action
RSI(14)
26.378
Sell
STOCH(9,6)
20.359
Sell
STOCHRSI(14)
57.338
Buy
MACD(12,26)
-0.003
Sell
ADX(14)
46.171
Sell
Williams %R
-89.071
Oversold
CCI(14)
-93.5191
Sell
ATR(14)
0.0019
High Volatility
Highs/Lows(14)
-0.0019
Sell
Ultimate Oscillator
30.013
Sell
ROC
-1.062
Sell
Bull/Bear Power(13)
-0.0037
Sell
Buy: 1
Sell: 9
Neutral: 0


Summary:Strong Sell","Jun 17, 2021 07:51PM GMT"
eur_gbp,0.8552 -0.0022    -0.25%,15:52:56,2021-06-17 19:53:10.739905,"Prev. Close: 0.8573
Bid/Ask: 0.8549 / 0.8554
Day's Range: 0.8542 - 0.8580",Strong Sell,"Summary:Strong Sell
Moving Averages:Strong SellBuy (0)Sell (12)
Technical Indicators:Strong SellBuy (1)Sell (8)","Name
S3
S2
S1
Pivot Points
R1
R2
R3
Classic
0.8548
0.8551
0.8552
0.8555
0.8556
0.8559
0.8561
Fibonacci
0.8551
0.8552
0.8553
0.8555
0.8557
0.8558
0.8559
Camarilla
0.8553
0.8554
0.8554
0.8555
0.8555
0.8555
0.8556
Woodie's
0.8548
0.8551
0.8552
0.8555
0.8556
0.8559
0.8561
DeMark's
-
-
0.8552
0.8555
0.8556
-
-","Technical IndicatorsJun 17, 2021 07:52PM GMT
Name
Value
Action
RSI(14)
35.744
Sell
STOCH(9,6)
47.942
Neutral
STOCHRSI(14)
61.970
Buy
MACD(12,26)
-0.001
Sell
ADX(14)
35.619
Sell
Williams %R
-67.188
Sell
CCI(14)
-103.5151
Sell
ATR(14)
0.0012
High Volatility
Highs/Lows(14)
0.0000
Neutral
Ultimate Oscillator
48.877
Sell
ROC
-0.210
Sell
Bull/Bear Power(13)
-0.0017
Sell
Buy: 1
Sell: 8
Neutral: 2


Summary:Strong Sell","Jun 17, 2021 07:52PM GMT"
usd_cad,1.2358 +0.0082    +0.67%,15:52:54,2021-06-17 19:53:10.742700,"Prev. Close: 1.2276
Bid/Ask: 1.2356 / 1.2360
Day's Range: 1.2261 - 1.2378",Strong Buy,"Summary:Strong Buy
Moving Averages:BuyBuy (12)Sell (0)
Technical Indicators:Strong BuyBuy (8)Sell (0)","Name
S3
S2
S1
Pivot Points
R1
R2
R3
Classic
1.2329
1.2334
1.2343
1.2349
1.2358
1.2364
1.2373
Fibonacci
1.2334
1.2340
1.2343
1.2349
1.2355
1.2358
1.2364
Camarilla
1.2348
1.2349
1.2351
1.2349
1.2353
1.2355
1.2356
Woodie's
1.2331
1.2335
1.2345
1.2350
1.2360
1.2365
1.2375
DeMark's
-
-
1.2345
1.2350
1.2360
-
-","Technical IndicatorsJun 17, 2021 07:51PM GMT
Name
Value
Action
RSI(14)
72.314
Buy
STOCH(9,6)
70.135
Buy
STOCHRSI(14)
46.998
Neutral
MACD(12,26)
0.003
Buy
ADX(14)
37.112
Buy
Williams %R
-16.741
Overbought
CCI(14)
109.5723
Buy
ATR(14)
0.0026
High Volatility
Highs/Lows(14)
0.0019
Buy
Ultimate Oscillator
70.684
Overbought
ROC
0.742
Buy
Bull/Bear Power(13)
0.0045
Buy
Buy: 8
Sell: 0
Neutral: 1


Summary:Strong Buy","Jun 17, 2021 07:51PM GMT"
usd_chf,0.9177 +0.0092    +1.01%,15:52:42,2021-06-17 19:53:10.745576,"Prev. Close: 0.9085
Bid/Ask: 0.9176 / 0.9177
Day's Range: 0.9076 - 0.9188",Strong Buy,"Summary:Strong Buy
Moving Averages:Strong BuyBuy (11)Sell (1)
Technical Indicators:Strong BuyBuy (8)Sell (0)","Name
S3
S2
S1
Pivot Points
R1
R2
R3
Classic
0.9159
0.9162
0.9168
0.9171
0.9177
0.9180
0.9185
Fibonacci
0.9162
0.9166
0.9168
0.9171
0.9174
0.9176
0.9180
Camarilla
0.9171
0.9172
0.9173
0.9171
0.9174
0.9175
0.9176
Woodie's
0.9161
0.9163
0.9170
0.9172
0.9179
0.9181
0.9187
DeMark's
-
-
0.9169
0.9172
0.9178
-
-","Technical IndicatorsJun 17, 2021 07:52PM GMT
Name
Value
Action
RSI(14)
76.575
Overbought
STOCH(9,6)
78.595
Buy
STOCHRSI(14)
8.049
Oversold
MACD(12,26)
0.004
Buy
ADX(14)
38.566
Buy
Williams %R
-11.594
Overbought
CCI(14)
105.6444
Buy
ATR(14)
0.0018
High Volatility
Highs/Lows(14)
0.0017
Buy
Ultimate Oscillator
69.083
Buy
ROC
1.029
Buy
Bull/Bear Power(13)
0.0051
Buy
Buy: 8
Sell: 0
Neutral: 0


Summary:Strong Buy","Jun 17, 2021 07:52PM GMT"
nzd_chf,0.6423 +0.0019    +0.30%,15:52:46,2021-06-17 19:53:10.748382,"Prev. Close: 0.6404
Bid/Ask: 0.6420 / 0.6426
Day's Range: 0.6406 - 0.6453",Neutral,"Summary:Neutral
Moving Averages:NeutralBuy (6)Sell (6)
Technical Indicators:SellBuy (1)Sell (5)","Name
S3
S2
S1
Pivot Points
R1
R2
R3
Classic
0.6419
0.6421
0.6425
0.6427
0.6430
0.6433
0.6436
Fibonacci
0.6421
0.6423
0.6425
0.6427
0.6429
0.6431
0.6433
Camarilla
0.6425
0.6425
0.6426
0.6427
0.6427
0.6428
0.6428
Woodie's
0.6419
0.6421
0.6425
0.6427
0.6430
0.6433
0.6436
DeMark's
-
-
0.6422
0.6426
0.6428
-
-","Technical IndicatorsJun 17, 2021 07:51PM GMT
Name
Value
Action
RSI(14)
48.987
Neutral
STOCH(9,6)
49.390
Neutral
STOCHRSI(14)
37.570
Sell
MACD(12,26)
0.000
Buy
ADX(14)
26.791
Sell
Williams %R
-61.290
Sell
CCI(14)
-25.8565
Neutral
ATR(14)
0.0012
Less Volatility
Highs/Lows(14)
0.0000
Neutral
Ultimate Oscillator
50.316
Neutral
ROC
-0.217
Sell
Bull/Bear Power(13)
-0.0006
Sell
Buy: 1
Sell: 5
Neutral: 5


Summary:Sell","Jun 17, 2021 07:51PM GMT"
usd_cny,6.4484 +0.0515    +0.80%,11:27:22,2021-06-17 19:53:10.751176,"Prev. Close: 6.3969
Bid/Ask: 6.4477 / 6.4490
Day's Range: 6.3972 - 6.4494",Strong Buy,"Summary:Strong Buy
Moving Averages:BuyBuy (12)Sell (0)
Technical Indicators:Strong BuyBuy (7)Sell (0)","Name
S3
S2
S1
Pivot Points
R1
R2
R3
Classic
6.4380
6.4399
6.4436
6.4455
6.4492
6.4511
6.4548
Fibonacci
6.4399
6.4420
6.4434
6.4455
6.4476
6.4490
6.4511
Camarilla
6.4458
6.4463
6.4468
6.4455
6.4479
6.4484
6.4489
Woodie's
6.4390
6.4404
6.4446
6.4460
6.4502
6.4516
6.4558
DeMark's
-
-
6.4446
6.4460
6.4502
-
-","Technical IndicatorsJun 17, 2021 03:34PM GMT
Name
Value
Action
RSI(14)
85.433
Overbought
STOCH(9,6)
77.649
Buy
STOCHRSI(14)
100.000
Overbought
MACD(12,26)
0.011
Buy
ADX(14)
61.337
Buy
Williams %R
-3.426
Overbought
CCI(14)
151.8010
Buy
ATR(14)
0.0041
Less Volatility
Highs/Lows(14)
0.0141
Buy
Ultimate Oscillator
82.973
Overbought
ROC
0.391
Buy
Bull/Bear Power(13)
0.0286
Buy
Buy: 7
Sell: 0
Neutral: 0


Summary:Strong Buy","Jun 17, 2021 03:34PM GMT"
usd_hkd,7.7649 +0.0019    +0.02%,15:52:30,2021-06-17 19:53:10.753936,"Prev. Close: 7.7630
Bid/Ask: 7.7647 / 7.7650
Day's Range: 7.7625 - 7.7656",Strong Buy,"Summary:Strong Buy
Moving Averages:BuyBuy (12)Sell (0)
Technical Indicators:Strong BuyBuy (7)Sell (3)","Name
S3
S2
S1
Pivot Points
R1
R2
R3
Classic
7.7646
7.7646
7.7647
7.7648
7.7649
7.7650
7.7651
Fibonacci
7.7646
7.7647
7.7647
7.7648
7.7649
7.7649
7.7650
Camarilla
7.7648
7.7648
7.7648
7.7648
7.7649
7.7649
7.7649
Woodie's
7.7646
7.7646
7.7647
7.7648
7.7649
7.7650
7.7651
DeMark's
-
-
7.7648
7.7648
7.7650
-
-","Technical IndicatorsJun 17, 2021 07:52PM GMT
Name
Value
Action
RSI(14)
58.665
Buy
STOCH(9,6)
43.421
Sell
STOCHRSI(14)
38.355
Sell
MACD(12,26)
0.001
Buy
ADX(14)
45.619
Buy
Williams %R
-31.593
Buy
CCI(14)
79.7411
Buy
ATR(14)
0.0009
Less Volatility
Highs/Lows(14)
0.0000
Neutral
Ultimate Oscillator
46.866
Sell
ROC
0.003
Buy
Bull/Bear Power(13)
0.0017
Buy
Buy: 7
Sell: 3
Neutral: 1


Summary:Strong Buy","Jun 17, 2021 07:52PM GMT"
eur_usd,1.1904 -0.0091    -0.75%,15:53:35,2021-06-17 19:54:10.305931,"Prev. Close: 1.1994
Bid/Ask: 1.1903 / 1.1904
Day's Range: 1.1892 - 1.2007",Strong Sell,"Summary:Strong Sell
Moving Averages:Strong SellBuy (0)Sell (12)
Technical Indicators:Strong SellBuy (0)Sell (9)","Name
S3
S2
S1
Pivot Points
R1
R2
R3
Classic
1.1895
1.1903
1.1907
1.1915
1.1919
1.1927
1.1931
Fibonacci
1.1903
1.1908
1.1910
1.1915
1.1920
1.1922
1.1927
Camarilla
1.1908
1.1909
1.1910
1.1915
1.1912
1.1913
1.1914
Woodie's
1.1893
1.1902
1.1905
1.1914
1.1917
1.1926
1.1929
DeMark's
-
-
1.1905
1.1914
1.1917
-
-","Technical IndicatorsJun 17, 2021 07:53PM GMT
Name
Value
Action
RSI(14)
25.715
Sell
STOCH(9,6)
26.327
Sell
STOCHRSI(14)
83.576
Overbought
MACD(12,26)
-0.004
Sell
ADX(14)
38.305
Sell
Williams %R
-88.393
Oversold
CCI(14)
-119.5474
Sell
ATR(14)
0.0023
High Volatility
Highs/Lows(14)
-0.0019
Sell
Ultimate Oscillator
35.427
Sell
ROC
-0.808
Sell
Bull/Bear Power(13)
-0.0045
Sell
Buy: 0
Sell: 9
Neutral: 0


Summary:Strong Sell","Jun 17, 2021 07:53PM GMT"
gbp_usd,1.3920 -0.0067    -0.48%,15:53:33,2021-06-17 19:54:10.309634,"Prev. Close: 1.3987
Bid/Ask: 1.3919 / 1.3920
Day's Range: 1.3896 - 1.4010",Strong Sell,"Summary:Strong Sell
Moving Averages:SellBuy (1)Sell (11)
Technical Indicators:Strong SellBuy (0)Sell (10)","Name
S3
S2
S1
Pivot Points
R1
R2
R3
Classic
1.3906
1.3915
1.3918
1.3927
1.3931
1.3939
1.3943
Fibonacci
1.3915
1.3920
1.3922
1.3927
1.3932
1.3934
1.3939
Camarilla
1.3920
1.3921
1.3922
1.3927
1.3925
1.3926
1.3927
Woodie's
1.3904
1.3914
1.3916
1.3926
1.3929
1.3938
1.3941
DeMark's
-
-
1.3917
1.3926
1.3930
-
-","Technical IndicatorsJun 17, 2021 07:52PM GMT
Name
Value
Action
RSI(14)
34.578
Sell
STOCH(9,6)
28.858
Sell
STOCHRSI(14)
93.767
Overbought
MACD(12,26)
-0.003
Sell
ADX(14)
38.870
Sell
Williams %R
-77.169
Sell
CCI(14)
-83.8446
Sell
ATR(14)
0.0027
High Volatility
Highs/Lows(14)
-0.0014
Sell
Ultimate Oscillator
36.283
Sell
ROC
-0.596
Sell
Bull/Bear Power(13)
-0.0030
Sell
Buy: 0
Sell: 10
Neutral: 0


Summary:Strong Sell","Jun 17, 2021 07:52PM GMT"
usd_jpy,110.29 -0.41    -0.37%,15:53:42,2021-06-17 19:54:10.312651,"Prev. Close: 110.69
Bid/Ask: 110.27 / 110.30
Day's Range: 110.17 - 110.83",Strong Sell,"Summary:Strong Sell
Moving Averages:SellBuy (5)Sell (7)
Technical Indicators:Strong SellBuy (1)Sell (7)","Name
S3
S2
S1
Pivot Points
R1
R2
R3
Classic
110.15
110.17
110.21
110.23
110.27
110.29
110.32
Fibonacci
110.17
110.19
110.21
110.23
110.25
110.27
110.29
Camarilla
110.24
110.24
110.25
110.23
110.26
110.27
110.27
Woodie's
110.17
110.18
110.23
110.24
110.29
110.30
110.34
DeMark's
-
-
110.23
110.24
110.29
-
-","Technical IndicatorsJun 17, 2021 07:53PM GMT
Name
Value
Action
RSI(14)
43.144
Sell
STOCH(9,6)
15.882
Oversold
STOCHRSI(14)
17.779
Oversold
MACD(12,26)
-0.010
Sell
ADX(14)
36.026
Buy
Williams %R
-80.671
Oversold
CCI(14)
-79.6412
Sell
ATR(14)
0.1321
High Volatility
Highs/Lows(14)
-0.1304
Sell
Ultimate Oscillator
43.982
Sell
ROC
-0.325
Sell
Bull/Bear Power(13)
-0.2460
Sell
Buy: 1
Sell: 7
Neutral: 0


Summary:Strong Sell","Jun 17, 2021 07:53PM GMT"
aud_usd,0.7547 -0.0063    -0.83%,15:53:36,2021-06-17 19:54:10.315541,"Prev. Close: 0.7610
Bid/Ask: 0.7546 / 0.7547
Day's Range: 0.7540 - 0.7646",Strong Sell,"Summary:Strong Sell
Moving Averages:Strong SellBuy (0)Sell (12)
Technical Indicators:Strong SellBuy (0)Sell (7)","Name
S3
S2
S1
Pivot Points
R1
R2
R3
Classic
0.7540
0.7546
0.7549
0.7555
0.7558
0.7564
0.7568
Fibonacci
0.7546
0.7549
0.7551
0.7555
0.7559
0.7561
0.7564
Camarilla
0.7549
0.7550
0.7551
0.7555
0.7552
0.7553
0.7554
Woodie's
0.7538
0.7545
0.7547
0.7554
0.7556
0.7563
0.7566
DeMark's
-
-
0.7547
0.7554
0.7556
-
-","Technical IndicatorsJun 17, 2021 07:53PM GMT
Name
Value
Action
RSI(14)
25.795
Sell
STOCH(9,6)
19.565
Oversold
STOCHRSI(14)
53.283
Neutral
MACD(12,26)
-0.003
Sell
ADX(14)
46.199
Sell
Williams %R
-91.803
Oversold
CCI(14)
-96.2113
Sell
ATR(14)
0.0019
High Volatility
Highs/Lows(14)
-0.0021
Sell
Ultimate Oscillator
28.682
Oversold
ROC
-1.094
Sell
Bull/Bear Power(13)
-0.0038
Sell
Buy: 0
Sell: 7
Neutral: 1


Summary:Strong Sell","Jun 17, 2021 07:53PM GMT"
eur_gbp,0.8552 -0.0022    -0.25%,15:53:30,2021-06-17 19:54:10.318350,"Prev. Close: 0.8573
Bid/Ask: 0.8550 / 0.8553
Day's Range: 0.8542 - 0.8580",Strong Sell,"Summary:Strong Sell
Moving Averages:Strong SellBuy (0)Sell (12)
Technical Indicators:Strong SellBuy (1)Sell (8)","Name
S3
S2
S1
Pivot Points
R1
R2
R3
Classic
0.8548
0.8551
0.8552
0.8555
0.8556
0.8559
0.8561
Fibonacci
0.8551
0.8552
0.8553
0.8555
0.8557
0.8558
0.8559
Camarilla
0.8553
0.8554
0.8554
0.8555
0.8555
0.8555
0.8556
Woodie's
0.8548
0.8551
0.8552
0.8555
0.8556
0.8559
0.8561
DeMark's
-
-
0.8552
0.8555
0.8556
-
-","Technical IndicatorsJun 17, 2021 07:52PM GMT
Name
Value
Action
RSI(14)
35.744
Sell
STOCH(9,6)
47.942
Neutral
STOCHRSI(14)
61.970
Buy
MACD(12,26)
-0.001
Sell
ADX(14)
35.619
Sell
Williams %R
-67.188
Sell
CCI(14)
-103.5151
Sell
ATR(14)
0.0012
High Volatility
Highs/Lows(14)
0.0000
Neutral
Ultimate Oscillator
48.877
Sell
ROC
-0.210
Sell
Bull/Bear Power(13)
-0.0017
Sell
Buy: 1
Sell: 8
Neutral: 2


Summary:Strong Sell","Jun 17, 2021 07:52PM GMT"
usd_cad,1.2362 +0.0086    +0.70%,15:53:42,2021-06-17 19:54:10.321157,"Prev. Close: 1.2276
Bid/Ask: 1.2361 / 1.2362
Day's Range: 1.2261 - 1.2378",Strong Buy,"Summary:Strong Buy
Moving Averages:BuyBuy (12)Sell (0)
Technical Indicators:Strong BuyBuy (8)Sell (0)","Name
S3
S2
S1
Pivot Points
R1
R2
R3
Classic
1.2329
1.2334
1.2343
1.2349
1.2358
1.2364
1.2373
Fibonacci
1.2334
1.2340
1.2343
1.2349
1.2355
1.2358
1.2364
Camarilla
1.2348
1.2349
1.2351
1.2349
1.2353
1.2355
1.2356
Woodie's
1.2331
1.2335
1.2345
1.2350
1.2360
1.2365
1.2375
DeMark's
-
-
1.2345
1.2350
1.2360
-
-","Technical IndicatorsJun 17, 2021 07:53PM GMT
Name
Value
Action
RSI(14)
72.897
Buy
STOCH(9,6)
70.741
Buy
STOCHRSI(14)
51.395
Neutral
MACD(12,26)
0.003
Buy
ADX(14)
37.277
Buy
Williams %R
-14.097
Overbought
CCI(14)
114.9317
Buy
ATR(14)
0.0027
High Volatility
Highs/Lows(14)
0.0022
Buy
Ultimate Oscillator
71.169
Overbought
ROC
0.766
Buy
Bull/Bear Power(13)
0.0048
Buy
Buy: 8
Sell: 0
Neutral: 1


Summary:Strong Buy","Jun 17, 2021 07:53PM GMT"
usd_chf,0.9178 +0.0092    +1.02%,15:53:50,2021-06-17 19:54:10.323958,"Prev. Close: 0.9085
Bid/Ask: 0.9177 / 0.9178
Day's Range: 0.9076 - 0.9188",Strong Buy,"Summary:Strong Buy
Moving Averages:BuyBuy (12)Sell (0)
Technical Indicators:Strong BuyBuy (7)Sell (0)","Name
S3
S2
S1
Pivot Points
R1
R2
R3
Classic
0.9159
0.9162
0.9168
0.9171
0.9177
0.9180
0.9185
Fibonacci
0.9162
0.9166
0.9168
0.9171
0.9174
0.9176
0.9180
Camarilla
0.9171
0.9172
0.9173
0.9171
0.9174
0.9175
0.9176
Woodie's
0.9161
0.9163
0.9170
0.9172
0.9179
0.9181
0.9187
DeMark's
-
-
0.9169
0.9172
0.9178
-
-","Technical IndicatorsJun 17, 2021 07:53PM GMT
Name
Value
Action
RSI(14)
76.971
Overbought
STOCH(9,6)
79.212
Buy
STOCHRSI(14)
11.551
Oversold
MACD(12,26)
0.004
Buy
ADX(14)
38.566
Buy
Williams %R
-9.662
Overbought
CCI(14)
107.6709
Buy
ATR(14)
0.0018
High Volatility
Highs/Lows(14)
0.0019
Buy
Ultimate Oscillator
70.312
Overbought
ROC
1.051
Buy
Bull/Bear Power(13)
0.0051
Buy
Buy: 7
Sell: 0
Neutral: 0


Summary:Strong Buy","Jun 17, 2021 07:53PM GMT"
nzd_chf,0.6423 +0.0019    +0.30%,15:53:42,2021-06-17 19:54:10.326751,"Prev. Close: 0.6404
Bid/Ask: 0.6422 / 0.6424
Day's Range: 0.6406 - 0.6453",Neutral,"Summary:Neutral
Moving Averages:NeutralBuy (6)Sell (6)
Technical Indicators:SellBuy (1)Sell (5)","Name
S3
S2
S1
Pivot Points
R1
R2
R3
Classic
0.6419
0.6421
0.6425
0.6427
0.6430
0.6433
0.6436
Fibonacci
0.6421
0.6423
0.6425
0.6427
0.6429
0.6431
0.6433
Camarilla
0.6425
0.6425
0.6426
0.6427
0.6427
0.6428
0.6428
Woodie's
0.6419
0.6421
0.6425
0.6427
0.6430
0.6433
0.6436
DeMark's
-
-
0.6422
0.6426
0.6428
-
-","Technical IndicatorsJun 17, 2021 07:53PM GMT
Name
Value
Action
RSI(14)
48.987
Neutral
STOCH(9,6)
49.390
Neutral
STOCHRSI(14)
37.570
Sell
MACD(12,26)
0.000
Buy
ADX(14)
26.791
Sell
Williams %R
-61.290
Sell
CCI(14)
-25.8565
Neutral
ATR(14)
0.0012
Less Volatility
Highs/Lows(14)
0.0000
Neutral
Ultimate Oscillator
50.316
Neutral
ROC
-0.217
Sell
Bull/Bear Power(13)
-0.0006
Sell
Buy: 1
Sell: 5
Neutral: 5


Summary:Sell","Jun 17, 2021 07:53PM GMT"
usd_cny,6.4484 +0.0515    +0.80%,11:27:22,2021-06-17 19:54:10.329535,"Prev. Close: 6.3969
Bid/Ask: 6.4477 / 6.4490
Day's Range: 6.3972 - 6.4494",Strong Buy,"Summary:Strong Buy
Moving Averages:BuyBuy (12)Sell (0)
Technical Indicators:Strong BuyBuy (7)Sell (0)","Name
S3
S2
S1
Pivot Points
R1
R2
R3
Classic
6.4380
6.4399
6.4436
6.4455
6.4492
6.4511
6.4548
Fibonacci
6.4399
6.4420
6.4434
6.4455
6.4476
6.4490
6.4511
Camarilla
6.4458
6.4463
6.4468
6.4455
6.4479
6.4484
6.4489
Woodie's
6.4390
6.4404
6.4446
6.4460
6.4502
6.4516
6.4558
DeMark's
-
-
6.4446
6.4460
6.4502
-
-","Technical IndicatorsJun 17, 2021 03:34PM GMT
Name
Value
Action
RSI(14)
85.433
Overbought
STOCH(9,6)
77.649
Buy
STOCHRSI(14)
100.000
Overbought
MACD(12,26)
0.011
Buy
ADX(14)
61.337
Buy
Williams %R
-3.426
Overbought
CCI(14)
151.8010
Buy
ATR(14)
0.0041
Less Volatility
Highs/Lows(14)
0.0141
Buy
Ultimate Oscillator
82.973
Overbought
ROC
0.391
Buy
Bull/Bear Power(13)
0.0286
Buy
Buy: 7
Sell: 0
Neutral: 0


Summary:Strong Buy","Jun 17, 2021 03:34PM GMT"
usd_hkd,7.7649 +0.0019    +0.02%,15:53:35,2021-06-17 19:54:10.332337,"Prev. Close: 7.7630
Bid/Ask: 7.7647 / 7.7650
Day's Range: 7.7625 - 7.7656",Strong Buy,"Summary:Strong Buy
Moving Averages:BuyBuy (12)Sell (0)
Technical Indicators:Strong BuyBuy (7)Sell (3)","Name
S3
S2
S1
Pivot Points
R1
R2
R3
Classic
7.7646
7.7646
7.7647
7.7648
7.7649
7.7650
7.7651
Fibonacci
7.7646
7.7647
7.7647
7.7648
7.7649
7.7649
7.7650
Camarilla
7.7648
7.7648
7.7648
7.7648
7.7649
7.7649
7.7649
Woodie's
7.7646
7.7646
7.7647
7.7648
7.7649
7.7650
7.7651
DeMark's
-
-
7.7648
7.7648
7.7650
-
-","Technical IndicatorsJun 17, 2021 07:54PM GMT
Name
Value
Action
RSI(14)
58.665
Buy
STOCH(9,6)
43.421
Sell
STOCHRSI(14)
38.355
Sell
MACD(12,26)
0.001
Buy
ADX(14)
45.619
Buy
Williams %R
-31.593
Buy
CCI(14)
79.7411
Buy
ATR(14)
0.0009
Less Volatility
Highs/Lows(14)
0.0000
Neutral
Ultimate Oscillator
46.866
Sell
ROC
0.003
Buy
Bull/Bear Power(13)
0.0017
Buy
Buy: 7
Sell: 3
Neutral: 1


Summary:Strong Buy","Jun 17, 2021 07:54PM GMT"
eur_usd,1.1903 -0.0092    -0.76%,15:54:51,2021-06-17 19:55:10.479250,"Prev. Close: 1.1994
Bid/Ask: 1.1902 / 1.1903
Day's Range: 1.1892 - 1.2007",Strong Sell,"Summary:Strong Sell
Moving Averages:Strong SellBuy (0)Sell (12)
Technical Indicators:Strong SellBuy (0)Sell (9)","Name
S3
S2
S1
Pivot Points
R1
R2
R3
Classic
1.1895
1.1903
1.1907
1.1915
1.1919
1.1927
1.1931
Fibonacci
1.1903
1.1908
1.1910
1.1915
1.1920
1.1922
1.1927
Camarilla
1.1908
1.1909
1.1910
1.1915
1.1912
1.1913
1.1914
Woodie's
1.1893
1.1902
1.1905
1.1914
1.1917
1.1926
1.1929
DeMark's
-
-
1.1905
1.1914
1.1917
-
-","Technical IndicatorsJun 17, 2021 07:53PM GMT
Name
Value
Action
RSI(14)
25.715
Sell
STOCH(9,6)
26.327
Sell
STOCHRSI(14)
83.576
Overbought
MACD(12,26)
-0.004
Sell
ADX(14)
38.305
Sell
Williams %R
-88.393
Oversold
CCI(14)
-119.5474
Sell
ATR(14)
0.0023
High Volatility
Highs/Lows(14)
-0.0019
Sell
Ultimate Oscillator
35.427
Sell
ROC
-0.808
Sell
Bull/Bear Power(13)
-0.0045
Sell
Buy: 0
Sell: 9
Neutral: 0


Summary:Strong Sell","Jun 17, 2021 07:53PM GMT"
gbp_usd,1.3919 -0.0069    -0.49%,15:54:43,2021-06-17 19:55:10.483169,"Prev. Close: 1.3987
Bid/Ask: 1.3918 / 1.3919
Day's Range: 1.3896 - 1.4010",Strong Sell,"Summary:Strong Sell
Moving Averages:SellBuy (1)Sell (11)
Technical Indicators:Strong SellBuy (0)Sell (10)","Name
S3
S2
S1
Pivot Points
R1
R2
R3
Classic
1.3906
1.3915
1.3918
1.3927
1.3931
1.3939
1.3943
Fibonacci
1.3915
1.3920
1.3922
1.3927
1.3932
1.3934
1.3939
Camarilla
1.3920
1.3921
1.3922
1.3927
1.3925
1.3926
1.3927
Woodie's
1.3904
1.3914
1.3916
1.3926
1.3929
1.3938
1.3941
DeMark's
-
-
1.3917
1.3926
1.3930
-
-","Technical IndicatorsJun 17, 2021 07:54PM GMT
Name
Value
Action
RSI(14)
34.201
Sell
STOCH(9,6)
28.356
Sell
STOCHRSI(14)
90.671
Overbought
MACD(12,26)
-0.003
Sell
ADX(14)
39.165
Sell
Williams %R
-78.996
Sell
CCI(14)
-87.3351
Sell
ATR(14)
0.0027
High Volatility
Highs/Lows(14)
-0.0016
Sell
Ultimate Oscillator
35.973
Sell
ROC
-0.611
Sell
Bull/Bear Power(13)
-0.0032
Sell
Buy: 0
Sell: 10
Neutral: 0


Summary:Strong Sell","Jun 17, 2021 07:54PM GMT"
usd_jpy,110.29 -0.41    -0.37%,15:54:36,2021-06-17 19:55:10.486171,"Prev. Close: 110.69
Bid/Ask: 110.28 / 110.29
Day's Range: 110.17 - 110.83",Strong Sell,"Summary:Strong Sell
Moving Averages:SellBuy (5)Sell (7)
Technical Indicators:Strong SellBuy (1)Sell (7)","Name
S3
S2
S1
Pivot Points
R1
R2
R3
Classic
110.15
110.17
110.21
110.23
110.27
110.29
110.32
Fibonacci
110.17
110.19
110.21
110.23
110.25
110.27
110.29
Camarilla
110.24
110.24
110.25
110.23
110.26
110.27
110.27
Woodie's
110.17
110.18
110.23
110.24
110.29
110.30
110.34
DeMark's
-
-
110.23
110.24
110.29
-
-","Technical IndicatorsJun 17, 2021 07:53PM GMT
Name
Value
Action
RSI(14)
43.144
Sell
STOCH(9,6)
15.882
Oversold
STOCHRSI(14)
17.779
Oversold
MACD(12,26)
-0.010
Sell
ADX(14)
36.026
Buy
Williams %R
-80.671
Oversold
CCI(14)
-79.6412
Sell
ATR(14)
0.1321
High Volatility
Highs/Lows(14)
-0.1304
Sell
Ultimate Oscillator
43.982
Sell
ROC
-0.325
Sell
Bull/Bear Power(13)
-0.2460
Sell
Buy: 1
Sell: 7
Neutral: 0


Summary:Strong Sell","Jun 17, 2021 07:53PM GMT"
aud_usd,0.7546 -0.0064    -0.84%,15:54:51,2021-06-17 19:55:10.489034,"Prev. Close: 0.7610
Bid/Ask: 0.7545 / 0.7547
Day's Range: 0.7540 - 0.7646",Strong Sell,"Summary:Strong Sell
Moving Averages:Strong SellBuy (0)Sell (12)
Technical Indicators:Strong SellBuy (0)Sell (7)","Name
S3
S2
S1
Pivot Points
R1
R2
R3
Classic
0.7540
0.7546
0.7549
0.7555
0.7558
0.7564
0.7568
Fibonacci
0.7546
0.7549
0.7551
0.7555
0.7559
0.7561
0.7564
Camarilla
0.7549
0.7550
0.7551
0.7555
0.7552
0.7553
0.7554
Woodie's
0.7538
0.7545
0.7547
0.7554
0.7556
0.7563
0.7566
DeMark's
-
-
0.7547
0.7554
0.7556
-
-","Technical IndicatorsJun 17, 2021 07:53PM GMT
Name
Value
Action
RSI(14)
25.795
Sell
STOCH(9,6)
19.565
Oversold
STOCHRSI(14)
53.283
Neutral
MACD(12,26)
-0.003
Sell
ADX(14)
46.199
Sell
Williams %R
-91.803
Oversold
CCI(14)
-96.2113
Sell
ATR(14)
0.0019
High Volatility
Highs/Lows(14)
-0.0021
Sell
Ultimate Oscillator
28.682
Oversold
ROC
-1.094
Sell
Bull/Bear Power(13)
-0.0038
Sell
Buy: 0
Sell: 7
Neutral: 1


Summary:Strong Sell","Jun 17, 2021 07:53PM GMT"
eur_gbp,0.8551 -0.0022    -0.26%,15:54:52,2021-06-17 19:55:10.491868,"Prev. Close: 0.8573
Bid/Ask: 0.8550 / 0.8552
Day's Range: 0.8542 - 0.8580",Strong Sell,"Summary:Strong Sell
Moving Averages:Strong SellBuy (0)Sell (12)
Technical Indicators:Strong SellBuy (1)Sell (8)","Name
S3
S2
S1
Pivot Points
R1
R2
R3
Classic
0.8548
0.8551
0.8552
0.8555
0.8556
0.8559
0.8561
Fibonacci
0.8551
0.8552
0.8553
0.8555
0.8557
0.8558
0.8559
Camarilla
0.8553
0.8554
0.8554
0.8555
0.8555
0.8555
0.8556
Woodie's
0.8548
0.8551
0.8552
0.8555
0.8556
0.8559
0.8561
DeMark's
-
-
0.8552
0.8555
0.8556
-
-","Technical IndicatorsJun 17, 2021 07:54PM GMT
Name
Value
Action
RSI(14)
35.744
Sell
STOCH(9,6)
47.942
Neutral
STOCHRSI(14)
61.970
Buy
MACD(12,26)
-0.001
Sell
ADX(14)
35.619
Sell
Williams %R
-67.188
Sell
CCI(14)
-103.5151
Sell
ATR(14)
0.0012
High Volatility
Highs/Lows(14)
0.0000
Neutral
Ultimate Oscillator
48.877
Sell
ROC
-0.210
Sell
Bull/Bear Power(13)
-0.0017
Sell
Buy: 1
Sell: 8
Neutral: 2


Summary:Strong Sell","Jun 17, 2021 07:54PM GMT"
usd_cad,1.2363 +0.0086    +0.70%,15:54:52,2021-06-17 19:55:10.494651,"Prev. Close: 1.2276
Bid/Ask: 1.2362 / 1.2363
Day's Range: 1.2261 - 1.2378",Strong Buy,"Summary:Strong Buy
Moving Averages:BuyBuy (12)Sell (0)
Technical Indicators:Strong BuyBuy (8)Sell (0)","Name
S3
S2
S1
Pivot Points
R1
R2
R3
Classic
1.2329
1.2334
1.2343
1.2349
1.2358
1.2364
1.2373
Fibonacci
1.2334
1.2340
1.2343
1.2349
1.2355
1.2358
1.2364
Camarilla
1.2348
1.2349
1.2351
1.2349
1.2353
1.2355
1.2356
Woodie's
1.2331
1.2335
1.2345
1.2350
1.2360
1.2365
1.2375
DeMark's
-
-
1.2345
1.2350
1.2360
-
-","Technical IndicatorsJun 17, 2021 07:53PM GMT
Name
Value
Action
RSI(14)
72.897
Buy
STOCH(9,6)
70.741
Buy
STOCHRSI(14)
51.395
Neutral
MACD(12,26)
0.003
Buy
ADX(14)
37.277
Buy
Williams %R
-14.097
Overbought
CCI(14)
114.9317
Buy
ATR(14)
0.0027
High Volatility
Highs/Lows(14)
0.0022
Buy
Ultimate Oscillator
71.169
Overbought
ROC
0.766
Buy
Bull/Bear Power(13)
0.0048
Buy
Buy: 8
Sell: 0
Neutral: 1


Summary:Strong Buy","Jun 17, 2021 07:53PM GMT"
usd_chf,0.9178 +0.0092    +1.02%,15:54:43,2021-06-17 19:55:10.497405,"Prev. Close: 0.9085
Bid/Ask: 0.9177 / 0.9178
Day's Range: 0.9076 - 0.9188",Strong Buy,"Summary:Strong Buy
Moving Averages:BuyBuy (12)Sell (0)
Technical Indicators:Strong BuyBuy (7)Sell (0)","Name
S3
S2
S1
Pivot Points
R1
R2
R3
Classic
0.9159
0.9162
0.9168
0.9171
0.9177
0.9180
0.9185
Fibonacci
0.9162
0.9166
0.9168
0.9171
0.9174
0.9176
0.9180
Camarilla
0.9171
0.9172
0.9173
0.9171
0.9174
0.9175
0.9176
Woodie's
0.9161
0.9163
0.9170
0.9172
0.9179
0.9181
0.9187
DeMark's
-
-
0.9169
0.9172
0.9178
-
-","Technical IndicatorsJun 17, 2021 07:53PM GMT
Name
Value
Action
RSI(14)
76.971
Overbought
STOCH(9,6)
79.212
Buy
STOCHRSI(14)
11.551
Oversold
MACD(12,26)
0.004
Buy
ADX(14)
38.566
Buy
Williams %R
-9.662
Overbought
CCI(14)
107.6709
Buy
ATR(14)
0.0018
High Volatility
Highs/Lows(14)
0.0019
Buy
Ultimate Oscillator
70.312
Overbought
ROC
1.051
Buy
Bull/Bear Power(13)
0.0051
Buy
Buy: 7
Sell: 0
Neutral: 0


Summary:Strong Buy","Jun 17, 2021 07:53PM GMT"
nzd_chf,0.6424 +0.0019    +0.30%,15:54:54,2021-06-17 19:55:10.500182,"Prev. Close: 0.6404
Bid/Ask: 0.6421 / 0.6426
Day's Range: 0.6406 - 0.6453",Neutral,"Summary:Neutral
Moving Averages:NeutralBuy (6)Sell (6)
Technical Indicators:SellBuy (1)Sell (5)","Name
S3
S2
S1
Pivot Points
R1
R2
R3
Classic
0.6419
0.6421
0.6425
0.6427
0.6430
0.6433
0.6436
Fibonacci
0.6421
0.6423
0.6425
0.6427
0.6429
0.6431
0.6433
Camarilla
0.6425
0.6425
0.6426
0.6427
0.6427
0.6428
0.6428
Woodie's
0.6419
0.6421
0.6425
0.6427
0.6430
0.6433
0.6436
DeMark's
-
-
0.6422
0.6426
0.6428
-
-","Technical IndicatorsJun 17, 2021 07:53PM GMT
Name
Value
Action
RSI(14)
48.987
Neutral
STOCH(9,6)
49.390
Neutral
STOCHRSI(14)
37.570
Sell
MACD(12,26)
0.000
Buy
ADX(14)
26.791
Sell
Williams %R
-61.290
Sell
CCI(14)
-25.8565
Neutral
ATR(14)
0.0012
Less Volatility
Highs/Lows(14)
0.0000
Neutral
Ultimate Oscillator
50.316
Neutral
ROC
-0.217
Sell
Bull/Bear Power(13)
-0.0006
Sell
Buy: 1
Sell: 5
Neutral: 5


Summary:Sell","Jun 17, 2021 07:53PM GMT"
usd_cny,6.4484 +0.0515    +0.80%,11:27:22,2021-06-17 19:55:10.502964,"Prev. Close: 6.3969
Bid/Ask: 6.4477 / 6.4490
Day's Range: 6.3972 - 6.4494",Strong Buy,"Summary:Strong Buy
Moving Averages:BuyBuy (12)Sell (0)
Technical Indicators:Strong BuyBuy (7)Sell (0)","Name
S3
S2
S1
Pivot Points
R1
R2
R3
Classic
6.4380
6.4399
6.4436
6.4455
6.4492
6.4511
6.4548
Fibonacci
6.4399
6.4420
6.4434
6.4455
6.4476
6.4490
6.4511
Camarilla
6.4458
6.4463
6.4468
6.4455
6.4479
6.4484
6.4489
Woodie's
6.4390
6.4404
6.4446
6.4460
6.4502
6.4516
6.4558
DeMark's
-
-
6.4446
6.4460
6.4502
-
-","Technical IndicatorsJun 17, 2021 03:34PM GMT
Name
Value
Action
RSI(14)
85.433
Overbought
STOCH(9,6)
77.649
Buy
STOCHRSI(14)
100.000
Overbought
MACD(12,26)
0.011
Buy
ADX(14)
61.337
Buy
Williams %R
-3.426
Overbought
CCI(14)
151.8010
Buy
ATR(14)
0.0041
Less Volatility
Highs/Lows(14)
0.0141
Buy
Ultimate Oscillator
82.973
Overbought
ROC
0.391
Buy
Bull/Bear Power(13)
0.0286
Buy
Buy: 7
Sell: 0
Neutral: 0


Summary:Strong Buy","Jun 17, 2021 03:34PM GMT"
usd_hkd,7.7649 +0.0019    +0.02%,15:54:35,2021-06-17 19:55:10.505717,"Prev. Close: 7.7630
Bid/Ask: 7.7647 / 7.7650
Day's Range: 7.7625 - 7.7656",Strong Buy,"Summary:Strong Buy
Moving Averages:BuyBuy (12)Sell (0)
Technical Indicators:Strong BuyBuy (7)Sell (3)","Name
S3
S2
S1
Pivot Points
R1
R2
R3
Classic
7.7646
7.7646
7.7647
7.7648
7.7649
7.7650
7.7651
Fibonacci
7.7646
7.7647
7.7647
7.7648
7.7649
7.7649
7.7650
Camarilla
7.7648
7.7648
7.7648
7.7648
7.7649
7.7649
7.7649
Woodie's
7.7646
7.7646
7.7647
7.7648
7.7649
7.7650
7.7651
DeMark's
-
-
7.7648
7.7648
7.7650
-
-","Technical IndicatorsJun 17, 2021 07:54PM GMT
Name
Value
Action
RSI(14)
58.665
Buy
STOCH(9,6)
43.421
Sell
STOCHRSI(14)
38.355
Sell
MACD(12,26)
0.001
Buy
ADX(14)
45.619
Buy
Williams %R
-31.593
Buy
CCI(14)
79.7411
Buy
ATR(14)
0.0009
Less Volatility
Highs/Lows(14)
0.0000
Neutral
Ultimate Oscillator
46.866
Sell
ROC
0.003
Buy
Bull/Bear Power(13)
0.0017
Buy
Buy: 7
Sell: 3
Neutral: 1


Summary:Strong Buy","Jun 17, 2021 07:54PM GMT"
eur_usd,1.1902 -0.0092    -0.77%,15:55:35,2021-06-17 19:56:10.394006,"Prev. Close: 1.1994
Bid/Ask: 1.1900 / 1.1904
Day's Range: 1.1892 - 1.2007",Strong Sell,"Summary:Strong Sell
Moving Averages:Strong SellBuy (0)Sell (12)
Technical Indicators:Strong SellBuy (0)Sell (9)","Name
S3
S2
S1
Pivot Points
R1
R2
R3
Classic
1.1895
1.1903
1.1907
1.1915
1.1919
1.1927
1.1931
Fibonacci
1.1903
1.1908
1.1910
1.1915
1.1920
1.1922
1.1927
Camarilla
1.1908
1.1909
1.1910
1.1915
1.1912
1.1913
1.1914
Woodie's
1.1893
1.1902
1.1905
1.1914
1.1917
1.1926
1.1929
DeMark's
-
-
1.1905
1.1914
1.1917
-
-","Technical IndicatorsJun 17, 2021 07:55PM GMT
Name
Value
Action
RSI(14)
25.190
Sell
STOCH(9,6)
25.480
Sell
STOCHRSI(14)
79.378
Overbought
MACD(12,26)
-0.004
Sell
ADX(14)
38.305
Sell
Williams %R
-91.072
Oversold
CCI(14)
-122.5831
Sell
ATR(14)
0.0023
High Volatility
Highs/Lows(14)
-0.0022
Sell
Ultimate Oscillator
33.936
Sell
ROC
-0.833
Sell
Bull/Bear Power(13)
-0.0045
Sell
Buy: 0
Sell: 9
Neutral: 0


Summary:Strong Sell","Jun 17, 2021 07:55PM GMT"
gbp_usd,1.3919 -0.0069    -0.49%,15:55:32,2021-06-17 19:56:10.397721,"Prev. Close: 1.3987
Bid/Ask: 1.3918 / 1.3919
Day's Range: 1.3896 - 1.4010",Strong Sell,"Summary:Strong Sell
Moving Averages:SellBuy (1)Sell (11)
Technical Indicators:Strong SellBuy (0)Sell (10)","Name
S3
S2
S1
Pivot Points
R1
R2
R3
Classic
1.3906
1.3915
1.3918
1.3927
1.3931
1.3939
1.3943
Fibonacci
1.3915
1.3920
1.3922
1.3927
1.3932
1.3934
1.3939
Camarilla
1.3920
1.3921
1.3922
1.3927
1.3925
1.3926
1.3927
Woodie's
1.3904
1.3914
1.3916
1.3926
1.3929
1.3938
1.3941
DeMark's
-
-
1.3917
1.3926
1.3930
-
-","Technical IndicatorsJun 17, 2021 07:55PM GMT
Name
Value
Action
RSI(14)
34.108
Sell
STOCH(9,6)
28.231
Sell
STOCHRSI(14)
89.907
Overbought
MACD(12,26)
-0.003
Sell
ADX(14)
39.165
Sell
Williams %R
-79.452
Sell
CCI(14)
-87.7689
Sell
ATR(14)
0.0027
High Volatility
Highs/Lows(14)
-0.0017
Sell
Ultimate Oscillator
35.768
Sell
ROC
-0.614
Sell
Bull/Bear Power(13)
-0.0032
Sell
Buy: 0
Sell: 10
Neutral: 0


Summary:Strong Sell","Jun 17, 2021 07:55PM GMT"
usd_jpy,110.31 -0.39    -0.35%,15:55:41,2021-06-17 19:56:10.400846,"Prev. Close: 110.69
Bid/Ask: 110.29 / 110.32
Day's Range: 110.17 - 110.83",Strong Sell,"Summary:Strong Sell
Moving Averages:SellBuy (5)Sell (7)
Technical Indicators:Strong SellBuy (1)Sell (7)","Name
S3
S2
S1
Pivot Points
R1
R2
R3
Classic
110.15
110.17
110.21
110.23
110.27
110.29
110.32
Fibonacci
110.17
110.19
110.21
110.23
110.25
110.27
110.29
Camarilla
110.24
110.24
110.25
110.23
110.26
110.27
110.27
Woodie's
110.17
110.18
110.23
110.24
110.29
110.30
110.34
DeMark's
-
-
110.23
110.24
110.29
-
-","Technical IndicatorsJun 17, 2021 07:53PM GMT
Name
Value
Action
RSI(14)
43.144
Sell
STOCH(9,6)
15.882
Oversold
STOCHRSI(14)
17.779
Oversold
MACD(12,26)
-0.010
Sell
ADX(14)
36.026
Buy
Williams %R
-80.671
Oversold
CCI(14)
-79.6412
Sell
ATR(14)
0.1321
High Volatility
Highs/Lows(14)
-0.1304
Sell
Ultimate Oscillator
43.982
Sell
ROC
-0.325
Sell
Bull/Bear Power(13)
-0.2460
Sell
Buy: 1
Sell: 7
Neutral: 0


Summary:Strong Sell","Jun 17, 2021 07:53PM GMT"
aud_usd,0.7547 -0.0063    -0.83%,15:55:41,2021-06-17 19:56:10.403818,"Prev. Close: 0.7610
Bid/Ask: 0.7546 / 0.7547
Day's Range: 0.7540 - 0.7646",Strong Sell,"Summary:Strong Sell
Moving Averages:Strong SellBuy (0)Sell (12)
Technical Indicators:Strong SellBuy (0)Sell (7)","Name
S3
S2
S1
Pivot Points
R1
R2
R3
Classic
0.7540
0.7546
0.7549
0.7555
0.7558
0.7564
0.7568
Fibonacci
0.7546
0.7549
0.7551
0.7555
0.7559
0.7561
0.7564
Camarilla
0.7549
0.7550
0.7551
0.7555
0.7552
0.7553
0.7554
Woodie's
0.7538
0.7545
0.7547
0.7554
0.7556
0.7563
0.7566
DeMark's
-
-
0.7547
0.7554
0.7556
-
-","Technical IndicatorsJun 17, 2021 07:55PM GMT
Name
Value
Action
RSI(14)
25.569
Sell
STOCH(9,6)
19.248
Oversold
STOCHRSI(14)
51.711
Neutral
MACD(12,26)
-0.003
Sell
ADX(14)
46.262
Sell
Williams %R
-92.896
Oversold
CCI(14)
-98.4422
Sell
ATR(14)
0.0019
High Volatility
Highs/Lows(14)
-0.0022
Sell
Ultimate Oscillator
28.718
Oversold
ROC
-1.107
Sell
Bull/Bear Power(13)
-0.0040
Sell
Buy: 0
Sell: 7
Neutral: 1


Summary:Strong Sell","Jun 17, 2021 07:55PM GMT"
eur_gbp,0.8551 -0.0022    -0.26%,15:55:32,2021-06-17 19:56:10.406704,"Prev. Close: 0.8573
Bid/Ask: 0.8550 / 0.8552
Day's Range: 0.8542 - 0.8580",Strong Sell,"Summary:Strong Sell
Moving Averages:Strong SellBuy (0)Sell (12)
Technical Indicators:Strong SellBuy (1)Sell (8)","Name
S3
S2
S1
Pivot Points
R1
R2
R3
Classic
0.8548
0.8551
0.8552
0.8555
0.8556
0.8559
0.8561
Fibonacci
0.8551
0.8552
0.8553
0.8555
0.8557
0.8558
0.8559
Camarilla
0.8553
0.8554
0.8554
0.8555
0.8555
0.8555
0.8556
Woodie's
0.8548
0.8551
0.8552
0.8555
0.8556
0.8559
0.8561
DeMark's
-
-
0.8552
0.8555
0.8556
-
-","Technical IndicatorsJun 17, 2021 07:55PM GMT
Name
Value
Action
RSI(14)
35.099
Sell
STOCH(9,6)
47.324
Neutral
STOCHRSI(14)
59.171
Buy
MACD(12,26)
-0.001
Sell
ADX(14)
35.619
Sell
Williams %R
-70.313
Sell
CCI(14)
-108.2003
Sell
ATR(14)
0.0012
High Volatility
Highs/Lows(14)
0.0000
Neutral
Ultimate Oscillator
47.839
Sell
ROC
-0.222
Sell
Bull/Bear Power(13)
-0.0017
Sell
Buy: 1
Sell: 8
Neutral: 2


Summary:Strong Sell","Jun 17, 2021 07:55PM GMT"
usd_cad,1.2362 +0.0086    +0.70%,15:55:42,2021-06-17 19:56:10.409554,"Prev. Close: 1.2276
Bid/Ask: 1.2361 / 1.2362
Day's Range: 1.2261 - 1.2378",Strong Buy,"Summary:Strong Buy
Moving Averages:BuyBuy (12)Sell (0)
Technical Indicators:Strong BuyBuy (8)Sell (0)","Name
S3
S2
S1
Pivot Points
R1
R2
R3
Classic
1.2329
1.2334
1.2343
1.2349
1.2358
1.2364
1.2373
Fibonacci
1.2334
1.2340
1.2343
1.2349
1.2355
1.2358
1.2364
Camarilla
1.2348
1.2349
1.2351
1.2349
1.2353
1.2355
1.2356
Woodie's
1.2331
1.2335
1.2345
1.2350
1.2360
1.2365
1.2375
DeMark's
-
-
1.2345
1.2350
1.2360
-
-","Technical IndicatorsJun 17, 2021 07:55PM GMT
Name
Value
Action
RSI(14)
72.705
Buy
STOCH(9,6)
70.539
Buy
STOCHRSI(14)
49.947
Neutral
MACD(12,26)
0.003
Buy
ADX(14)
37.303
Buy
Williams %R
-14.978
Overbought
CCI(14)
114.4479
Buy
ATR(14)
0.0027
High Volatility
Highs/Lows(14)
0.0021
Buy
Ultimate Oscillator
70.648
Overbought
ROC
0.758
Buy
Bull/Bear Power(13)
0.0048
Buy
Buy: 8
Sell: 0
Neutral: 1


Summary:Strong Buy","Jun 17, 2021 07:55PM GMT"
usd_chf,0.9179 +0.0094    +1.03%,15:55:42,2021-06-17 19:56:10.412404,"Prev. Close: 0.9085
Bid/Ask: 0.9177 / 0.9181
Day's Range: 0.9076 - 0.9188",Strong Buy,"Summary:Strong Buy
Moving Averages:BuyBuy (12)Sell (0)
Technical Indicators:Strong BuyBuy (7)Sell (0)","Name
S3
S2
S1
Pivot Points
R1
R2
R3
Classic
0.9159
0.9162
0.9168
0.9171
0.9177
0.9180
0.9185
Fibonacci
0.9162
0.9166
0.9168
0.9171
0.9174
0.9176
0.9180
Camarilla
0.9171
0.9172
0.9173
0.9171
0.9174
0.9175
0.9176
Woodie's
0.9161
0.9163
0.9170
0.9172
0.9179
0.9181
0.9187
DeMark's
-
-
0.9169
0.9172
0.9178
-
-","Technical IndicatorsJun 17, 2021 07:55PM GMT
Name
Value
Action
RSI(14)
76.971
Overbought
STOCH(9,6)
79.212
Buy
STOCHRSI(14)
11.551
Oversold
MACD(12,26)
0.004
Buy
ADX(14)
38.566
Buy
Williams %R
-9.662
Overbought
CCI(14)
107.6709
Buy
ATR(14)
0.0018
High Volatility
Highs/Lows(14)
0.0019
Buy
Ultimate Oscillator
70.312
Overbought
ROC
1.051
Buy
Bull/Bear Power(13)
0.0051
Buy
Buy: 7
Sell: 0
Neutral: 0


Summary:Strong Buy","Jun 17, 2021 07:55PM GMT"
nzd_chf,0.6426 +0.0022    +0.34%,15:55:38,2021-06-17 19:56:10.415231,"Prev. Close: 0.6404
Bid/Ask: 0.6424 / 0.6427
Day's Range: 0.6406 - 0.6453",Sell,"Summary:Sell
Moving Averages:SellBuy (4)Sell (8)
Technical Indicators:SellBuy (1)Sell (5)","Name
S3
S2
S1
Pivot Points
R1
R2
R3
Classic
0.6419
0.6421
0.6425
0.6427
0.6430
0.6433
0.6436
Fibonacci
0.6421
0.6423
0.6425
0.6427
0.6429
0.6431
0.6433
Camarilla
0.6425
0.6425
0.6426
0.6427
0.6427
0.6428
0.6428
Woodie's
0.6419
0.6421
0.6425
0.6427
0.6430
0.6433
0.6436
DeMark's
-
-
0.6422
0.6426
0.6428
-
-","Technical IndicatorsJun 17, 2021 07:55PM GMT
Name
Value
Action
RSI(14)
48.637
Neutral
STOCH(9,6)
49.056
Neutral
STOCHRSI(14)
36.228
Sell
MACD(12,26)
0.000
Buy
ADX(14)
28.500
Sell
Williams %R
-62.366
Sell
CCI(14)
-29.6946
Neutral
ATR(14)
0.0012
Less Volatility
Highs/Lows(14)
0.0000
Neutral
Ultimate Oscillator
50.286
Neutral
ROC
-0.225
Sell
Bull/Bear Power(13)
-0.0007
Sell
Buy: 1
Sell: 5
Neutral: 5


Summary:Sell","Jun 17, 2021 07:55PM GMT"
usd_cny,6.4484 +0.0515    +0.80%,11:27:22,2021-06-17 19:56:10.418023,"Prev. Close: 6.3969
Bid/Ask: 6.4477 / 6.4490
Day's Range: 6.3972 - 6.4494",Strong Buy,"Summary:Strong Buy
Moving Averages:BuyBuy (12)Sell (0)
Technical Indicators:Strong BuyBuy (7)Sell (0)","Name
S3
S2
S1
Pivot Points
R1
R2
R3
Classic
6.4380
6.4399
6.4436
6.4455
6.4492
6.4511
6.4548
Fibonacci
6.4399
6.4420
6.4434
6.4455
6.4476
6.4490
6.4511
Camarilla
6.4458
6.4463
6.4468
6.4455
6.4479
6.4484
6.4489
Woodie's
6.4390
6.4404
6.4446
6.4460
6.4502
6.4516
6.4558
DeMark's
-
-
6.4446
6.4460
6.4502
-
-","Technical IndicatorsJun 17, 2021 03:34PM GMT
Name
Value
Action
RSI(14)
85.433
Overbought
STOCH(9,6)
77.649
Buy
STOCHRSI(14)
100.000
Overbought
MACD(12,26)
0.011
Buy
ADX(14)
61.337
Buy
Williams %R
-3.426
Overbought
CCI(14)
151.8010
Buy
ATR(14)
0.0041
Less Volatility
Highs/Lows(14)
0.0141
Buy
Ultimate Oscillator
82.973
Overbought
ROC
0.391
Buy
Bull/Bear Power(13)
0.0286
Buy
Buy: 7
Sell: 0
Neutral: 0


Summary:Strong Buy","Jun 17, 2021 03:34PM GMT"
usd_hkd,7.7649 +0.0019    +0.02%,15:55:36,2021-06-17 19:56:10.420835,"Prev. Close: 7.7630
Bid/Ask: 7.7647 / 7.7650
Day's Range: 7.7625 - 7.7656",Strong Buy,"Summary:Strong Buy
Moving Averages:BuyBuy (12)Sell (0)
Technical Indicators:Strong BuyBuy (7)Sell (3)","Name
S3
S2
S1
Pivot Points
R1
R2
R3
Classic
7.7646
7.7646
7.7647
7.7648
7.7649
7.7650
7.7651
Fibonacci
7.7646
7.7647
7.7647
7.7648
7.7649
7.7649
7.7650
Camarilla
7.7648
7.7648
7.7648
7.7648
7.7649
7.7649
7.7649
Woodie's
7.7646
7.7646
7.7647
7.7648
7.7649
7.7650
7.7651
DeMark's
-
-
7.7648
7.7648
7.7650
-
-","Technical IndicatorsJun 17, 2021 07:54PM GMT
Name
Value
Action
RSI(14)
58.665
Buy
STOCH(9,6)
43.421
Sell
STOCHRSI(14)
38.355
Sell
MACD(12,26)
0.001
Buy
ADX(14)
45.619
Buy
Williams %R
-31.593
Buy
CCI(14)
79.7411
Buy
ATR(14)
0.0009
Less Volatility
Highs/Lows(14)
0.0000
Neutral
Ultimate Oscillator
46.866
Sell
ROC
0.003
Buy
Bull/Bear Power(13)
0.0017
Buy
Buy: 7
Sell: 3
Neutral: 1


Summary:Strong Buy","Jun 17, 2021 07:54PM GMT"
eur_usd,1.1903 -0.0092    -0.76%,15:56:55,2021-06-17 19:57:10.401982,"Prev. Close: 1.1994
Bid/Ask: 1.1902 / 1.1903
Day's Range: 1.1892 - 1.2007",Strong Sell,"Summary:Strong Sell
Moving Averages:Strong SellBuy (0)Sell (12)
Technical Indicators:Strong SellBuy (0)Sell (9)","Name
S3
S2
S1
Pivot Points
R1
R2
R3
Classic
1.1895
1.1903
1.1907
1.1915
1.1919
1.1927
1.1931
Fibonacci
1.1903
1.1908
1.1910
1.1915
1.1920
1.1922
1.1927
Camarilla
1.1908
1.1909
1.1910
1.1915
1.1912
1.1913
1.1914
Woodie's
1.1893
1.1902
1.1905
1.1914
1.1917
1.1926
1.1929
DeMark's
-
-
1.1905
1.1914
1.1917
-
-","Technical IndicatorsJun 17, 2021 07:55PM GMT
Name
Value
Action
RSI(14)
25.190
Sell
STOCH(9,6)
25.480
Sell
STOCHRSI(14)
79.378
Overbought
MACD(12,26)
-0.004
Sell
ADX(14)
38.305
Sell
Williams %R
-91.072
Oversold
CCI(14)
-122.5831
Sell
ATR(14)
0.0023
High Volatility
Highs/Lows(14)
-0.0022
Sell
Ultimate Oscillator
33.936
Sell
ROC
-0.833
Sell
Bull/Bear Power(13)
-0.0045
Sell
Buy: 0
Sell: 9
Neutral: 0


Summary:Strong Sell","Jun 17, 2021 07:55PM GMT"
gbp_usd,1.3918 -0.0069    -0.49%,15:56:45,2021-06-17 19:57:10.405603,"Prev. Close: 1.3987
Bid/Ask: 1.3916 / 1.3920
Day's Range: 1.3896 - 1.4010",Strong Sell,"Summary:Strong Sell
Moving Averages:SellBuy (1)Sell (11)
Technical Indicators:Strong SellBuy (0)Sell (10)","Name
S3
S2
S1
Pivot Points
R1
R2
R3
Classic
1.3906
1.3915
1.3918
1.3927
1.3931
1.3939
1.3943
Fibonacci
1.3915
1.3920
1.3922
1.3927
1.3932
1.3934
1.3939
Camarilla
1.3920
1.3921
1.3922
1.3927
1.3925
1.3926
1.3927
Woodie's
1.3904
1.3914
1.3916
1.3926
1.3929
1.3938
1.3941
DeMark's
-
-
1.3917
1.3926
1.3930
-
-","Technical IndicatorsJun 17, 2021 07:55PM GMT
Name
Value
Action
RSI(14)
34.108
Sell
STOCH(9,6)
28.231
Sell
STOCHRSI(14)
89.907
Overbought
MACD(12,26)
-0.003
Sell
ADX(14)
39.165
Sell
Williams %R
-79.452
Sell
CCI(14)
-87.7689
Sell
ATR(14)
0.0027
High Volatility
Highs/Lows(14)
-0.0017
Sell
Ultimate Oscillator
35.768
Sell
ROC
-0.614
Sell
Bull/Bear Power(13)
-0.0032
Sell
Buy: 0
Sell: 10
Neutral: 0


Summary:Strong Sell","Jun 17, 2021 07:55PM GMT"
usd_jpy,110.30 -0.40    -0.36%,15:56:40,2021-06-17 19:57:10.408578,"Prev. Close: 110.69
Bid/Ask: 110.28 / 110.31
Day's Range: 110.17 - 110.83",Sell,"Summary:Sell
Moving Averages:NeutralBuy (6)Sell (6)
Technical Indicators:Strong SellBuy (1)Sell (8)","Name
S3
S2
S1
Pivot Points
R1
R2
R3
Classic
110.15
110.17
110.21
110.23
110.27
110.29
110.32
Fibonacci
110.17
110.19
110.21
110.23
110.25
110.27
110.29
Camarilla
110.24
110.24
110.25
110.23
110.26
110.27
110.27
Woodie's
110.17
110.18
110.23
110.24
110.29
110.30
110.34
DeMark's
-
-
110.23
110.24
110.29
-
-","Technical IndicatorsJun 17, 2021 07:55PM GMT
Name
Value
Action
RSI(14)
43.736
Sell
STOCH(9,6)
16.166
Oversold
STOCHRSI(14)
19.936
Oversold
MACD(12,26)
-0.010
Sell
ADX(14)
36.026
Buy
Williams %R
-78.992
Sell
CCI(14)
-78.5215
Sell
ATR(14)
0.1321
High Volatility
Highs/Lows(14)
-0.1204
Sell
Ultimate Oscillator
44.773
Sell
ROC
-0.316
Sell
Bull/Bear Power(13)
-0.2480
Sell
Buy: 1
Sell: 8
Neutral: 0


Summary:Strong Sell","Jun 17, 2021 07:55PM GMT"
aud_usd,0.7547 -0.0063    -0.83%,15:56:52,2021-06-17 19:57:10.411434,"Prev. Close: 0.7610
Bid/Ask: 0.7546 / 0.7547
Day's Range: 0.7540 - 0.7646",Strong Sell,"Summary:Strong Sell
Moving Averages:Strong SellBuy (0)Sell (12)
Technical Indicators:Strong SellBuy (0)Sell (7)","Name
S3
S2
S1
Pivot Points
R1
R2
R3
Classic
0.7540
0.7546
0.7549
0.7555
0.7558
0.7564
0.7568
Fibonacci
0.7546
0.7549
0.7551
0.7555
0.7559
0.7561
0.7564
Camarilla
0.7549
0.7550
0.7551
0.7555
0.7552
0.7553
0.7554
Woodie's
0.7538
0.7545
0.7547
0.7554
0.7556
0.7563
0.7566
DeMark's
-
-
0.7547
0.7554
0.7556
-
-","Technical IndicatorsJun 17, 2021 07:55PM GMT
Name
Value
Action
RSI(14)
25.569
Sell
STOCH(9,6)
19.248
Oversold
STOCHRSI(14)
51.711
Neutral
MACD(12,26)
-0.003
Sell
ADX(14)
46.262
Sell
Williams %R
-92.896
Oversold
CCI(14)
-98.4422
Sell
ATR(14)
0.0019
High Volatility
Highs/Lows(14)
-0.0022
Sell
Ultimate Oscillator
28.718
Oversold
ROC
-1.107
Sell
Bull/Bear Power(13)
-0.0040
Sell
Buy: 0
Sell: 7
Neutral: 1


Summary:Strong Sell","Jun 17, 2021 07:55PM GMT"
eur_gbp,0.8552 -0.0021    -0.24%,15:56:56,2021-06-17 19:57:10.414222,"Prev. Close: 0.8573
Bid/Ask: 0.8551 / 0.8553
Day's Range: 0.8542 - 0.8580",Strong Sell,"Summary:Strong Sell
Moving Averages:Strong SellBuy (0)Sell (12)
Technical Indicators:Strong SellBuy (1)Sell (8)","Name
S3
S2
S1
Pivot Points
R1
R2
R3
Classic
0.8548
0.8551
0.8552
0.8555
0.8556
0.8559
0.8561
Fibonacci
0.8551
0.8552
0.8553
0.8555
0.8557
0.8558
0.8559
Camarilla
0.8553
0.8554
0.8554
0.8555
0.8555
0.8555
0.8556
Woodie's
0.8548
0.8551
0.8552
0.8555
0.8556
0.8559
0.8561
DeMark's
-
-
0.8552
0.8555
0.8556
-
-","Technical IndicatorsJun 17, 2021 07:55PM GMT
Name
Value
Action
RSI(14)
35.099
Sell
STOCH(9,6)
47.324
Neutral
STOCHRSI(14)
59.171
Buy
MACD(12,26)
-0.001
Sell
ADX(14)
35.619
Sell
Williams %R
-70.313
Sell
CCI(14)
-108.2003
Sell
ATR(14)
0.0012
High Volatility
Highs/Lows(14)
0.0000
Neutral
Ultimate Oscillator
47.839
Sell
ROC
-0.222
Sell
Bull/Bear Power(13)
-0.0017
Sell
Buy: 1
Sell: 8
Neutral: 2


Summary:Strong Sell","Jun 17, 2021 07:55PM GMT"
usd_cad,1.2361 +0.0085    +0.69%,15:56:48,2021-06-17 19:57:10.417019,"Prev. Close: 1.2276
Bid/Ask: 1.2359 / 1.2363
Day's Range: 1.2261 - 1.2378",Strong Buy,"Summary:Strong Buy
Moving Averages:BuyBuy (12)Sell (0)
Technical Indicators:Strong BuyBuy (8)Sell (0)","Name
S3
S2
S1
Pivot Points
R1
R2
R3
Classic
1.2329
1.2334
1.2343
1.2349
1.2358
1.2364
1.2373
Fibonacci
1.2334
1.2340
1.2343
1.2349
1.2355
1.2358
1.2364
Camarilla
1.2348
1.2349
1.2351
1.2349
1.2353
1.2355
1.2356
Woodie's
1.2331
1.2335
1.2345
1.2350
1.2360
1.2365
1.2375
DeMark's
-
-
1.2345
1.2350
1.2360
-
-","Technical IndicatorsJun 17, 2021 07:55PM GMT
Name
Value
Action
RSI(14)
72.705
Buy
STOCH(9,6)
70.539
Buy
STOCHRSI(14)
49.947
Neutral
MACD(12,26)
0.003
Buy
ADX(14)
37.303
Buy
Williams %R
-14.978
Overbought
CCI(14)
114.4479
Buy
ATR(14)
0.0027
High Volatility
Highs/Lows(14)
0.0021
Buy
Ultimate Oscillator
70.648
Overbought
ROC
0.758
Buy
Bull/Bear Power(13)
0.0048
Buy
Buy: 8
Sell: 0
Neutral: 1


Summary:Strong Buy","Jun 17, 2021 07:55PM GMT"
usd_chf,0.9179 +0.0094    +1.03%,15:56:45,2021-06-17 19:57:10.419830,"Prev. Close: 0.9085
Bid/Ask: 0.9177 / 0.9181
Day's Range: 0.9076 - 0.9188",Strong Buy,"Summary:Strong Buy
Moving Averages:BuyBuy (12)Sell (0)
Technical Indicators:Strong BuyBuy (7)Sell (0)","Name
S3
S2
S1
Pivot Points
R1
R2
R3
Classic
0.9159
0.9162
0.9168
0.9171
0.9177
0.9180
0.9185
Fibonacci
0.9162
0.9166
0.9168
0.9171
0.9174
0.9176
0.9180
Camarilla
0.9171
0.9172
0.9173
0.9171
0.9174
0.9175
0.9176
Woodie's
0.9161
0.9163
0.9170
0.9172
0.9179
0.9181
0.9187
DeMark's
-
-
0.9169
0.9172
0.9178
-
-","Technical IndicatorsJun 17, 2021 07:55PM GMT
Name
Value
Action
RSI(14)
76.971
Overbought
STOCH(9,6)
79.212
Buy
STOCHRSI(14)
11.551
Oversold
MACD(12,26)
0.004
Buy
ADX(14)
38.566
Buy
Williams %R
-9.662
Overbought
CCI(14)
107.6709
Buy
ATR(14)
0.0018
High Volatility
Highs/Lows(14)
0.0019
Buy
Ultimate Oscillator
70.312
Overbought
ROC
1.051
Buy
Bull/Bear Power(13)
0.0051
Buy
Buy: 7
Sell: 0
Neutral: 0


Summary:Strong Buy","Jun 17, 2021 07:55PM GMT"
nzd_chf,0.6424 +0.0019    +0.30%,15:56:53,2021-06-17 19:57:10.422615,"Prev. Close: 0.6404
Bid/Ask: 0.6420 / 0.6427
Day's Range: 0.6406 - 0.6453",Sell,"Summary:Sell
Moving Averages:SellBuy (4)Sell (8)
Technical Indicators:SellBuy (1)Sell (5)","Name
S3
S2
S1
Pivot Points
R1
R2
R3
Classic
0.6419
0.6421
0.6425
0.6427
0.6430
0.6433
0.6436
Fibonacci
0.6421
0.6423
0.6425
0.6427
0.6429
0.6431
0.6433
Camarilla
0.6425
0.6425
0.6426
0.6427
0.6427
0.6428
0.6428
Woodie's
0.6419
0.6421
0.6425
0.6427
0.6430
0.6433
0.6436
DeMark's
-
-
0.6422
0.6426
0.6428
-
-","Technical IndicatorsJun 17, 2021 07:55PM GMT
Name
Value
Action
RSI(14)
48.637
Neutral
STOCH(9,6)
49.056
Neutral
STOCHRSI(14)
36.228
Sell
MACD(12,26)
0.000
Buy
ADX(14)
28.500
Sell
Williams %R
-62.366
Sell
CCI(14)
-29.6946
Neutral
ATR(14)
0.0012
Less Volatility
Highs/Lows(14)
0.0000
Neutral
Ultimate Oscillator
50.286
Neutral
ROC
-0.225
Sell
Bull/Bear Power(13)
-0.0007
Sell
Buy: 1
Sell: 5
Neutral: 5


Summary:Sell","Jun 17, 2021 07:55PM GMT"
usd_cny,6.4484 +0.0515    +0.80%,11:27:22,2021-06-17 19:57:10.425483,"Prev. Close: 6.3969
Bid/Ask: 6.4477 / 6.4490
Day's Range: 6.3972 - 6.4494",Strong Buy,"Summary:Strong Buy
Moving Averages:BuyBuy (12)Sell (0)
Technical Indicators:Strong BuyBuy (7)Sell (0)","Name
S3
S2
S1
Pivot Points
R1
R2
R3
Classic
6.4380
6.4399
6.4436
6.4455
6.4492
6.4511
6.4548
Fibonacci
6.4399
6.4420
6.4434
6.4455
6.4476
6.4490
6.4511
Camarilla
6.4458
6.4463
6.4468
6.4455
6.4479
6.4484
6.4489
Woodie's
6.4390
6.4404
6.4446
6.4460
6.4502
6.4516
6.4558
DeMark's
-
-
6.4446
6.4460
6.4502
-
-","Technical IndicatorsJun 17, 2021 03:34PM GMT
Name
Value
Action
RSI(14)
85.433
Overbought
STOCH(9,6)
77.649
Buy
STOCHRSI(14)
100.000
Overbought
MACD(12,26)
0.011
Buy
ADX(14)
61.337
Buy
Williams %R
-3.426
Overbought
CCI(14)
151.8010
Buy
ATR(14)
0.0041
Less Volatility
Highs/Lows(14)
0.0141
Buy
Ultimate Oscillator
82.973
Overbought
ROC
0.391
Buy
Bull/Bear Power(13)
0.0286
Buy
Buy: 7
Sell: 0
Neutral: 0


Summary:Strong Buy","Jun 17, 2021 03:34PM GMT"
usd_hkd,7.7649 +0.0019    +0.02%,15:56:38,2021-06-17 19:57:10.428292,"Prev. Close: 7.7630
Bid/Ask: 7.7647 / 7.7650
Day's Range: 7.7625 - 7.7656",Strong Buy,"Summary:Strong Buy
Moving Averages:BuyBuy (12)Sell (0)
Technical Indicators:Strong BuyBuy (7)Sell (3)","Name
S3
S2
S1
Pivot Points
R1
R2
R3
Classic
7.7646
7.7646
7.7647
7.7648
7.7649
7.7650
7.7651
Fibonacci
7.7646
7.7647
7.7647
7.7648
7.7649
7.7649
7.7650
Camarilla
7.7648
7.7648
7.7648
7.7648
7.7649
7.7649
7.7649
Woodie's
7.7646
7.7646
7.7647
7.7648
7.7649
7.7650
7.7651
DeMark's
-
-
7.7648
7.7648
7.7650
-
-","Technical IndicatorsJun 17, 2021 07:56PM GMT
Name
Value
Action
RSI(14)
58.665
Buy
STOCH(9,6)
43.421
Sell
STOCHRSI(14)
38.355
Sell
MACD(12,26)
0.001
Buy
ADX(14)
45.619
Buy
Williams %R
-31.593
Buy
CCI(14)
79.7411
Buy
ATR(14)
0.0009
Less Volatility
Highs/Lows(14)
0.0000
Neutral
Ultimate Oscillator
46.866
Sell
ROC
0.003
Buy
Bull/Bear Power(13)
0.0017
Buy
Buy: 7
Sell: 3
Neutral: 1


Summary:Strong Buy","Jun 17, 2021 07:56PM GMT"
eur_usd,1.1903 -0.0092    -0.76%,15:57:39,2021-06-17 19:58:10.425153,"Prev. Close: 1.1994
Bid/Ask: 1.1902 / 1.1903
Day's Range: 1.1892 - 1.2007",Strong Sell,"Summary:Strong Sell
Moving Averages:Strong SellBuy (0)Sell (12)
Technical Indicators:Strong SellBuy (0)Sell (9)","Name
S3
S2
S1
Pivot Points
R1
R2
R3
Classic
1.1895
1.1903
1.1907
1.1915
1.1919
1.1927
1.1931
Fibonacci
1.1903
1.1908
1.1910
1.1915
1.1920
1.1922
1.1927
Camarilla
1.1908
1.1909
1.1910
1.1915
1.1912
1.1913
1.1914
Woodie's
1.1893
1.1902
1.1905
1.1914
1.1917
1.1926
1.1929
DeMark's
-
-
1.1905
1.1914
1.1917
-
-","Technical IndicatorsJun 17, 2021 07:57PM GMT
Name
Value
Action
RSI(14)
25.190
Sell
STOCH(9,6)
25.480
Sell
STOCHRSI(14)
79.378
Overbought
MACD(12,26)
-0.004
Sell
ADX(14)
38.305
Sell
Williams %R
-91.072
Oversold
CCI(14)
-122.5831
Sell
ATR(14)
0.0023
High Volatility
Highs/Lows(14)
-0.0022
Sell
Ultimate Oscillator
33.936
Sell
ROC
-0.833
Sell
Bull/Bear Power(13)
-0.0045
Sell
Buy: 0
Sell: 9
Neutral: 0


Summary:Strong Sell","Jun 17, 2021 07:57PM GMT"
gbp_usd,1.3919 -0.0068    -0.49%,15:57:33,2021-06-17 19:58:10.428849,"Prev. Close: 1.3987
Bid/Ask: 1.3917 / 1.3921
Day's Range: 1.3896 - 1.4010",Strong Sell,"Summary:Strong Sell
Moving Averages:SellBuy (1)Sell (11)
Technical Indicators:Strong SellBuy (0)Sell (10)","Name
S3
S2
S1
Pivot Points
R1
R2
R3
Classic
1.3906
1.3915
1.3918
1.3927
1.3931
1.3939
1.3943
Fibonacci
1.3915
1.3920
1.3922
1.3927
1.3932
1.3934
1.3939
Camarilla
1.3920
1.3921
1.3922
1.3927
1.3925
1.3926
1.3927
Woodie's
1.3904
1.3914
1.3916
1.3926
1.3929
1.3938
1.3941
DeMark's
-
-
1.3917
1.3926
1.3930
-
-","Technical IndicatorsJun 17, 2021 07:57PM GMT
Name
Value
Action
RSI(14)
34.015
Sell
STOCH(9,6)
28.106
Sell
STOCHRSI(14)
89.143
Overbought
MACD(12,26)
-0.004
Sell
ADX(14)
39.270
Sell
Williams %R
-79.909
Sell
CCI(14)
-89.0686
Sell
ATR(14)
0.0027
High Volatility
Highs/Lows(14)
-0.0017
Sell
Ultimate Oscillator
35.820
Sell
ROC
-0.618
Sell
Bull/Bear Power(13)
-0.0033
Sell
Buy: 0
Sell: 10
Neutral: 0


Summary:Strong Sell","Jun 17, 2021 07:57PM GMT"
usd_jpy,110.30 -0.40    -0.36%,15:57:40,2021-06-17 19:58:10.431887,"Prev. Close: 110.69
Bid/Ask: 110.28 / 110.31
Day's Range: 110.17 - 110.83",Sell,"Summary:Sell
Moving Averages:NeutralBuy (6)Sell (6)
Technical Indicators:Strong SellBuy (1)Sell (8)","Name
S3
S2
S1
Pivot Points
R1
R2
R3
Classic
110.15
110.17
110.21
110.23
110.27
110.29
110.32
Fibonacci
110.17
110.19
110.21
110.23
110.25
110.27
110.29
Camarilla
110.24
110.24
110.25
110.23
110.26
110.27
110.27
Woodie's
110.17
110.18
110.23
110.24
110.29
110.30
110.34
DeMark's
-
-
110.23
110.24
110.29
-
-","Technical IndicatorsJun 17, 2021 07:55PM GMT
Name
Value
Action
RSI(14)
43.736
Sell
STOCH(9,6)
16.166
Oversold
STOCHRSI(14)
19.936
Oversold
MACD(12,26)
-0.010
Sell
ADX(14)
36.026
Buy
Williams %R
-78.992
Sell
CCI(14)
-78.5215
Sell
ATR(14)
0.1321
High Volatility
Highs/Lows(14)
-0.1204
Sell
Ultimate Oscillator
44.773
Sell
ROC
-0.316
Sell
Bull/Bear Power(13)
-0.2480
Sell
Buy: 1
Sell: 8
Neutral: 0


Summary:Strong Sell","Jun 17, 2021 07:55PM GMT"
aud_usd,0.7547 -0.0063    -0.83%,15:57:37,2021-06-17 19:58:10.434801,"Prev. Close: 0.7610
Bid/Ask: 0.7546 / 0.7548
Day's Range: 0.7540 - 0.7646",Strong Sell,"Summary:Strong Sell
Moving Averages:Strong SellBuy (0)Sell (12)
Technical Indicators:Strong SellBuy (0)Sell (7)","Name
S3
S2
S1
Pivot Points
R1
R2
R3
Classic
0.7540
0.7546
0.7549
0.7555
0.7558
0.7564
0.7568
Fibonacci
0.7546
0.7549
0.7551
0.7555
0.7559
0.7561
0.7564
Camarilla
0.7549
0.7550
0.7551
0.7555
0.7552
0.7553
0.7554
Woodie's
0.7538
0.7545
0.7547
0.7554
0.7556
0.7563
0.7566
DeMark's
-
-
0.7547
0.7554
0.7556
-
-","Technical IndicatorsJun 17, 2021 07:57PM GMT
Name
Value
Action
RSI(14)
25.681
Sell
STOCH(9,6)
19.407
Oversold
STOCHRSI(14)
52.490
Neutral
MACD(12,26)
-0.003
Sell
ADX(14)
46.262
Sell
Williams %R
-92.350
Oversold
CCI(14)
-97.9969
Sell
ATR(14)
0.0019
High Volatility
Highs/Lows(14)
-0.0022
Sell
Ultimate Oscillator
29.024
Oversold
ROC
-1.101
Sell
Bull/Bear Power(13)
-0.0040
Sell
Buy: 0
Sell: 7
Neutral: 1


Summary:Strong Sell","Jun 17, 2021 07:57PM GMT"
eur_gbp,0.8552 -0.0021    -0.24%,15:57:42,2021-06-17 19:58:10.437658,"Prev. Close: 0.8573
Bid/Ask: 0.8551 / 0.8553
Day's Range: 0.8542 - 0.8580",Strong Sell,"Summary:Strong Sell
Moving Averages:Strong SellBuy (0)Sell (12)
Technical Indicators:Strong SellBuy (1)Sell (8)","Name
S3
S2
S1
Pivot Points
R1
R2
R3
Classic
0.8548
0.8551
0.8552
0.8555
0.8556
0.8559
0.8561
Fibonacci
0.8551
0.8552
0.8553
0.8555
0.8557
0.8558
0.8559
Camarilla
0.8553
0.8554
0.8554
0.8555
0.8555
0.8555
0.8556
Woodie's
0.8548
0.8551
0.8552
0.8555
0.8556
0.8559
0.8561
DeMark's
-
-
0.8552
0.8555
0.8556
-
-","Technical IndicatorsJun 17, 2021 07:57PM GMT
Name
Value
Action
RSI(14)
35.418
Sell
STOCH(9,6)
47.633
Neutral
STOCHRSI(14)
60.555
Buy
MACD(12,26)
-0.001
Sell
ADX(14)
35.619
Sell
Williams %R
-68.750
Sell
CCI(14)
-105.8644
Sell
ATR(14)
0.0012
High Volatility
Highs/Lows(14)
0.0000
Neutral
Ultimate Oscillator
48.358
Sell
ROC
-0.216
Sell
Bull/Bear Power(13)
-0.0017
Sell
Buy: 1
Sell: 8
Neutral: 2


Summary:Strong Sell","Jun 17, 2021 07:57PM GMT"
usd_cad,1.2361 +0.0084    +0.69%,15:57:37,2021-06-17 19:58:10.440518,"Prev. Close: 1.2276
Bid/Ask: 1.2360 / 1.2361
Day's Range: 1.2261 - 1.2378",Strong Buy,"Summary:Strong Buy
Moving Averages:BuyBuy (12)Sell (0)
Technical Indicators:Strong BuyBuy (8)Sell (0)","Name
S3
S2
S1
Pivot Points
R1
R2
R3
Classic
1.2329
1.2334
1.2343
1.2349
1.2358
1.2364
1.2373
Fibonacci
1.2334
1.2340
1.2343
1.2349
1.2355
1.2358
1.2364
Camarilla
1.2348
1.2349
1.2351
1.2349
1.2353
1.2355
1.2356
Woodie's
1.2331
1.2335
1.2345
1.2350
1.2360
1.2365
1.2375
DeMark's
-
-
1.2345
1.2350
1.2360
-
-","Technical IndicatorsJun 17, 2021 07:57PM GMT
Name
Value
Action
RSI(14)
72.511
Buy
STOCH(9,6)
70.337
Buy
STOCHRSI(14)
48.484
Neutral
MACD(12,26)
0.003
Buy
ADX(14)
37.303
Buy
Williams %R
-15.860
Overbought
CCI(14)
113.4774
Buy
ATR(14)
0.0027
High Volatility
Highs/Lows(14)
0.0020
Buy
Ultimate Oscillator
70.262
Overbought
ROC
0.750
Buy
Bull/Bear Power(13)
0.0048
Buy
Buy: 8
Sell: 0
Neutral: 1


Summary:Strong Buy","Jun 17, 2021 07:57PM GMT"
usd_chf,0.9179 +0.0094    +1.03%,15:57:28,2021-06-17 19:58:10.443344,"Prev. Close: 0.9085
Bid/Ask: 0.9178 / 0.9179
Day's Range: 0.9076 - 0.9188",Strong Buy,"Summary:Strong Buy
Moving Averages:BuyBuy (12)Sell (0)
Technical Indicators:Strong BuyBuy (8)Sell (0)","Name
S3
S2
S1
Pivot Points
R1
R2
R3
Classic
0.9159
0.9162
0.9168
0.9171
0.9177
0.9180
0.9185
Fibonacci
0.9162
0.9166
0.9168
0.9171
0.9174
0.9176
0.9180
Camarilla
0.9171
0.9172
0.9173
0.9171
0.9174
0.9175
0.9176
Woodie's
0.9161
0.9163
0.9170
0.9172
0.9179
0.9181
0.9187
DeMark's
-
-
0.9169
0.9172
0.9178
-
-","Technical IndicatorsJun 17, 2021 07:57PM GMT
Name
Value
Action
RSI(14)
77.068
Overbought
STOCH(9,6)
79.366
Buy
STOCHRSI(14)
12.409
Oversold
MACD(12,26)
0.004
Buy
ADX(14)
38.657
Buy
Williams %R
-9.179
Overbought
CCI(14)
109.6869
Buy
ATR(14)
0.0018
High Volatility
Highs/Lows(14)
0.0019
Buy
Ultimate Oscillator
69.975
Buy
ROC
1.057
Buy
Bull/Bear Power(13)
0.0032
Buy
Buy: 8
Sell: 0
Neutral: 0


Summary:Strong Buy","Jun 17, 2021 07:57PM GMT"
nzd_chf,0.6425 +0.0021    +0.33%,15:57:42,2021-06-17 19:58:10.446138,"Prev. Close: 0.6404
Bid/Ask: 0.6423 / 0.6427
Day's Range: 0.6406 - 0.6453",Neutral,"Summary:Neutral
Moving Averages:NeutralBuy (6)Sell (6)
Technical Indicators:SellBuy (2)Sell (5)","Name
S3
S2
S1
Pivot Points
R1
R2
R3
Classic
0.6419
0.6421
0.6425
0.6427
0.6430
0.6433
0.6436
Fibonacci
0.6421
0.6423
0.6425
0.6427
0.6429
0.6431
0.6433
Camarilla
0.6425
0.6425
0.6426
0.6427
0.6427
0.6428
0.6428
Woodie's
0.6419
0.6421
0.6425
0.6427
0.6430
0.6433
0.6436
DeMark's
-
-
0.6422
0.6426
0.6428
-
-","Technical IndicatorsJun 17, 2021 07:57PM GMT
Name
Value
Action
RSI(14)
49.341
Neutral
STOCH(9,6)
49.723
Neutral
STOCHRSI(14)
38.927
Sell
MACD(12,26)
0.000
Buy
ADX(14)
28.500
Sell
Williams %R
-60.216
Sell
CCI(14)
-27.1410
Neutral
ATR(14)
0.0012
Less Volatility
Highs/Lows(14)
0.0000
Neutral
Ultimate Oscillator
51.249
Buy
ROC
-0.210
Sell
Bull/Bear Power(13)
-0.0007
Sell
Buy: 2
Sell: 5
Neutral: 4


Summary:Sell","Jun 17, 2021 07:57PM GMT"
usd_cny,6.4484 +0.0515    +0.80%,11:27:22,2021-06-17 19:58:10.448956,"Prev. Close: 6.3969
Bid/Ask: 6.4477 / 6.4490
Day's Range: 6.3972 - 6.4494",Strong Buy,"Summary:Strong Buy
Moving Averages:BuyBuy (12)Sell (0)
Technical Indicators:Strong BuyBuy (7)Sell (0)","Name
S3
S2
S1
Pivot Points
R1
R2
R3
Classic
6.4380
6.4399
6.4436
6.4455
6.4492
6.4511
6.4548
Fibonacci
6.4399
6.4420
6.4434
6.4455
6.4476
6.4490
6.4511
Camarilla
6.4458
6.4463
6.4468
6.4455
6.4479
6.4484
6.4489
Woodie's
6.4390
6.4404
6.4446
6.4460
6.4502
6.4516
6.4558
DeMark's
-
-
6.4446
6.4460
6.4502
-
-","Technical IndicatorsJun 17, 2021 03:34PM GMT
Name
Value
Action
RSI(14)
85.433
Overbought
STOCH(9,6)
77.649
Buy
STOCHRSI(14)
100.000
Overbought
MACD(12,26)
0.011
Buy
ADX(14)
61.337
Buy
Williams %R
-3.426
Overbought
CCI(14)
151.8010
Buy
ATR(14)
0.0041
Less Volatility
Highs/Lows(14)
0.0141
Buy
Ultimate Oscillator
82.973
Overbought
ROC
0.391
Buy
Bull/Bear Power(13)
0.0286
Buy
Buy: 7
Sell: 0
Neutral: 0


Summary:Strong Buy","Jun 17, 2021 03:34PM GMT"
usd_hkd,7.7649 +0.0019    +0.02%,15:57:40,2021-06-17 19:58:10.451805,"Prev. Close: 7.7630
Bid/Ask: 7.7647 / 7.7650
Day's Range: 7.7625 - 7.7656",Strong Buy,"Summary:Strong Buy
Moving Averages:BuyBuy (12)Sell (0)
Technical Indicators:Strong BuyBuy (7)Sell (3)","Name
S3
S2
S1
Pivot Points
R1
R2
R3
Classic
7.7646
7.7646
7.7647
7.7648
7.7649
7.7650
7.7651
Fibonacci
7.7646
7.7647
7.7647
7.7648
7.7649
7.7649
7.7650
Camarilla
7.7648
7.7648
7.7648
7.7648
7.7649
7.7649
7.7649
Woodie's
7.7646
7.7646
7.7647
7.7648
7.7649
7.7650
7.7651
DeMark's
-
-
7.7648
7.7648
7.7650
-
-","Technical IndicatorsJun 17, 2021 07:58PM GMT
Name
Value
Action
RSI(14)
58.665
Buy
STOCH(9,6)
43.421
Sell
STOCHRSI(14)
38.355
Sell
MACD(12,26)
0.001
Buy
ADX(14)
45.619
Buy
Williams %R
-31.593
Buy
CCI(14)
79.7411
Buy
ATR(14)
0.0009
Less Volatility
Highs/Lows(14)
0.0000
Neutral
Ultimate Oscillator
46.866
Sell
ROC
0.003
Buy
Bull/Bear Power(13)
0.0017
Buy
Buy: 7
Sell: 3
Neutral: 1


Summary:Strong Buy","Jun 17, 2021 07:58PM GMT"
eur_usd,1.1902 -0.0092    -0.77%,15:58:48,2021-06-17 19:59:10.073214,"Prev. Close: 1.1994
Bid/Ask: 1.1900 / 1.1904
Day's Range: 1.1892 - 1.2007",Strong Sell,"Summary:Strong Sell
Moving Averages:Strong SellBuy (0)Sell (12)
Technical Indicators:Strong SellBuy (0)Sell (9)","Name
S3
S2
S1
Pivot Points
R1
R2
R3
Classic
1.1895
1.1903
1.1907
1.1915
1.1919
1.1927
1.1931
Fibonacci
1.1903
1.1908
1.1910
1.1915
1.1920
1.1922
1.1927
Camarilla
1.1908
1.1909
1.1910
1.1915
1.1912
1.1913
1.1914
Woodie's
1.1893
1.1902
1.1905
1.1914
1.1917
1.1926
1.1929
DeMark's
-
-
1.1905
1.1914
1.1917
-
-","Technical IndicatorsJun 17, 2021 07:57PM GMT
Name
Value
Action
RSI(14)
25.190
Sell
STOCH(9,6)
25.480
Sell
STOCHRSI(14)
79.378
Overbought
MACD(12,26)
-0.004
Sell
ADX(14)
38.305
Sell
Williams %R
-91.072
Oversold
CCI(14)
-122.5831
Sell
ATR(14)
0.0023
High Volatility
Highs/Lows(14)
-0.0022
Sell
Ultimate Oscillator
33.936
Sell
ROC
-0.833
Sell
Bull/Bear Power(13)
-0.0045
Sell
Buy: 0
Sell: 9
Neutral: 0


Summary:Strong Sell","Jun 17, 2021 07:57PM GMT"
gbp_usd,1.3920 -0.0067    -0.48%,15:58:44,2021-06-17 19:59:10.076852,"Prev. Close: 1.3987
Bid/Ask: 1.3919 / 1.3920
Day's Range: 1.3896 - 1.4010",Strong Sell,"Summary:Strong Sell
Moving Averages:SellBuy (1)Sell (11)
Technical Indicators:Strong SellBuy (0)Sell (10)","Name
S3
S2
S1
Pivot Points
R1
R2
R3
Classic
1.3906
1.3915
1.3918
1.3927
1.3931
1.3939
1.3943
Fibonacci
1.3915
1.3920
1.3922
1.3927
1.3932
1.3934
1.3939
Camarilla
1.3920
1.3921
1.3922
1.3927
1.3925
1.3926
1.3927
Woodie's
1.3904
1.3914
1.3916
1.3926
1.3929
1.3938
1.3941
DeMark's
-
-
1.3917
1.3926
1.3930
-
-","Technical IndicatorsJun 17, 2021 07:57PM GMT
Name
Value
Action
RSI(14)
34.015
Sell
STOCH(9,6)
28.106
Sell
STOCHRSI(14)
89.143
Overbought
MACD(12,26)
-0.004
Sell
ADX(14)
39.270
Sell
Williams %R
-79.909
Sell
CCI(14)
-89.0686
Sell
ATR(14)
0.0027
High Volatility
Highs/Lows(14)
-0.0017
Sell
Ultimate Oscillator
35.820
Sell
ROC
-0.618
Sell
Bull/Bear Power(13)
-0.0033
Sell
Buy: 0
Sell: 10
Neutral: 0


Summary:Strong Sell","Jun 17, 2021 07:57PM GMT"
usd_jpy,110.29 -0.41    -0.37%,15:58:35,2021-06-17 19:59:10.079802,"Prev. Close: 110.69
Bid/Ask: 110.27 / 110.30
Day's Range: 110.17 - 110.83",Sell,"Summary:Sell
Moving Averages:NeutralBuy (6)Sell (6)
Technical Indicators:Strong SellBuy (1)Sell (8)","Name
S3
S2
S1
Pivot Points
R1
R2
R3
Classic
110.15
110.17
110.21
110.23
110.27
110.29
110.32
Fibonacci
110.17
110.19
110.21
110.23
110.25
110.27
110.29
Camarilla
110.24
110.24
110.25
110.23
110.26
110.27
110.27
Woodie's
110.17
110.18
110.23
110.24
110.29
110.30
110.34
DeMark's
-
-
110.23
110.24
110.29
-
-","Technical IndicatorsJun 17, 2021 07:57PM GMT
Name
Value
Action
RSI(14)
43.736
Sell
STOCH(9,6)
16.166
Oversold
STOCHRSI(14)
19.936
Oversold
MACD(12,26)
-0.010
Sell
ADX(14)
36.026
Buy
Williams %R
-78.992
Sell
CCI(14)
-78.5215
Sell
ATR(14)
0.1321
High Volatility
Highs/Lows(14)
-0.1204
Sell
Ultimate Oscillator
44.773
Sell
ROC
-0.316
Sell
Bull/Bear Power(13)
-0.2480
Sell
Buy: 1
Sell: 8
Neutral: 0


Summary:Strong Sell","Jun 17, 2021 07:57PM GMT"
aud_usd,0.7548 -0.0063    -0.82%,15:58:52,2021-06-17 19:59:10.082646,"Prev. Close: 0.7610
Bid/Ask: 0.7547 / 0.7548
Day's Range: 0.7540 - 0.7646",Strong Sell,"Summary:Strong Sell
Moving Averages:Strong SellBuy (0)Sell (12)
Technical Indicators:Strong SellBuy (0)Sell (7)","Name
S3
S2
S1
Pivot Points
R1
R2
R3
Classic
0.7540
0.7546
0.7549
0.7555
0.7558
0.7564
0.7568
Fibonacci
0.7546
0.7549
0.7551
0.7555
0.7559
0.7561
0.7564
Camarilla
0.7549
0.7550
0.7551
0.7555
0.7552
0.7553
0.7554
Woodie's
0.7538
0.7545
0.7547
0.7554
0.7556
0.7563
0.7566
DeMark's
-
-
0.7547
0.7554
0.7556
-
-","Technical IndicatorsJun 17, 2021 07:57PM GMT
Name
Value
Action
RSI(14)
25.681
Sell
STOCH(9,6)
19.407
Oversold
STOCHRSI(14)
52.490
Neutral
MACD(12,26)
-0.003
Sell
ADX(14)
46.262
Sell
Williams %R
-92.350
Oversold
CCI(14)
-97.9969
Sell
ATR(14)
0.0019
High Volatility
Highs/Lows(14)
-0.0022
Sell
Ultimate Oscillator
29.024
Oversold
ROC
-1.101
Sell
Bull/Bear Power(13)
-0.0040
Sell
Buy: 0
Sell: 7
Neutral: 1


Summary:Strong Sell","Jun 17, 2021 07:57PM GMT"
eur_gbp,0.8551 -0.0022    -0.26%,15:58:56,2021-06-17 19:59:10.085444,"Prev. Close: 0.8573
Bid/Ask: 0.8548 / 0.8553
Day's Range: 0.8542 - 0.8580",Strong Sell,"Summary:Strong Sell
Moving Averages:Strong SellBuy (0)Sell (12)
Technical Indicators:Strong SellBuy (1)Sell (8)","Name
S3
S2
S1
Pivot Points
R1
R2
R3
Classic
0.8548
0.8551
0.8552
0.8555
0.8556
0.8559
0.8561
Fibonacci
0.8551
0.8552
0.8553
0.8555
0.8557
0.8558
0.8559
Camarilla
0.8553
0.8554
0.8554
0.8555
0.8555
0.8555
0.8556
Woodie's
0.8548
0.8551
0.8552
0.8555
0.8556
0.8559
0.8561
DeMark's
-
-
0.8552
0.8555
0.8556
-
-","Technical IndicatorsJun 17, 2021 07:57PM GMT
Name
Value
Action
RSI(14)
35.418
Sell
STOCH(9,6)
47.633
Neutral
STOCHRSI(14)
60.555
Buy
MACD(12,26)
-0.001
Sell
ADX(14)
35.619
Sell
Williams %R
-68.750
Sell
CCI(14)
-105.8644
Sell
ATR(14)
0.0012
High Volatility
Highs/Lows(14)
0.0000
Neutral
Ultimate Oscillator
48.358
Sell
ROC
-0.216
Sell
Bull/Bear Power(13)
-0.0017
Sell
Buy: 1
Sell: 8
Neutral: 2


Summary:Strong Sell","Jun 17, 2021 07:57PM GMT"
usd_cad,1.2360 +0.0083    +0.68%,15:58:48,2021-06-17 19:59:10.088239,"Prev. Close: 1.2276
Bid/Ask: 1.2359 / 1.2360
Day's Range: 1.2261 - 1.2378",Strong Buy,"Summary:Strong Buy
Moving Averages:BuyBuy (12)Sell (0)
Technical Indicators:Strong BuyBuy (8)Sell (0)","Name
S3
S2
S1
Pivot Points
R1
R2
R3
Classic
1.2329
1.2334
1.2343
1.2349
1.2358
1.2364
1.2373
Fibonacci
1.2334
1.2340
1.2343
1.2349
1.2355
1.2358
1.2364
Camarilla
1.2348
1.2349
1.2351
1.2349
1.2353
1.2355
1.2356
Woodie's
1.2331
1.2335
1.2345
1.2350
1.2360
1.2365
1.2375
DeMark's
-
-
1.2345
1.2350
1.2360
-
-","Technical IndicatorsJun 17, 2021 07:57PM GMT
Name
Value
Action
RSI(14)
72.511
Buy
STOCH(9,6)
70.337
Buy
STOCHRSI(14)
48.484
Neutral
MACD(12,26)
0.003
Buy
ADX(14)
37.303
Buy
Williams %R
-15.860
Overbought
CCI(14)
113.4774
Buy
ATR(14)
0.0027
High Volatility
Highs/Lows(14)
0.0020
Buy
Ultimate Oscillator
70.262
Overbought
ROC
0.750
Buy
Bull/Bear Power(13)
0.0048
Buy
Buy: 8
Sell: 0
Neutral: 1


Summary:Strong Buy","Jun 17, 2021 07:57PM GMT"
usd_chf,0.9179 +0.0094    +1.03%,15:58:47,2021-06-17 19:59:10.091047,"Prev. Close: 0.9085
Bid/Ask: 0.9177 / 0.9181
Day's Range: 0.9076 - 0.9188",Strong Buy,"Summary:Strong Buy
Moving Averages:BuyBuy (12)Sell (0)
Technical Indicators:Strong BuyBuy (8)Sell (0)","Name
S3
S2
S1
Pivot Points
R1
R2
R3
Classic
0.9159
0.9162
0.9168
0.9171
0.9177
0.9180
0.9185
Fibonacci
0.9162
0.9166
0.9168
0.9171
0.9174
0.9176
0.9180
Camarilla
0.9171
0.9172
0.9173
0.9171
0.9174
0.9175
0.9176
Woodie's
0.9161
0.9163
0.9170
0.9172
0.9179
0.9181
0.9187
DeMark's
-
-
0.9169
0.9172
0.9178
-
-","Technical IndicatorsJun 17, 2021 07:57PM GMT
Name
Value
Action
RSI(14)
77.068
Overbought
STOCH(9,6)
79.366
Buy
STOCHRSI(14)
12.409
Oversold
MACD(12,26)
0.004
Buy
ADX(14)
38.657
Buy
Williams %R
-9.179
Overbought
CCI(14)
109.6869
Buy
ATR(14)
0.0018
High Volatility
Highs/Lows(14)
0.0019
Buy
Ultimate Oscillator
69.975
Buy
ROC
1.057
Buy
Bull/Bear Power(13)
0.0032
Buy
Buy: 8
Sell: 0
Neutral: 0


Summary:Strong Buy","Jun 17, 2021 07:57PM GMT"
nzd_chf,0.6424 +0.0020    +0.31%,15:58:55,2021-06-17 19:59:10.093836,"Prev. Close: 0.6404
Bid/Ask: 0.6422 / 0.6426
Day's Range: 0.6406 - 0.6453",Neutral,"Summary:Neutral
Moving Averages:NeutralBuy (6)Sell (6)
Technical Indicators:SellBuy (2)Sell (5)","Name
S3
S2
S1
Pivot Points
R1
R2
R3
Classic
0.6419
0.6421
0.6425
0.6427
0.6430
0.6433
0.6436
Fibonacci
0.6421
0.6423
0.6425
0.6427
0.6429
0.6431
0.6433
Camarilla
0.6425
0.6425
0.6426
0.6427
0.6427
0.6428
0.6428
Woodie's
0.6419
0.6421
0.6425
0.6427
0.6430
0.6433
0.6436
DeMark's
-
-
0.6422
0.6426
0.6428
-
-","Technical IndicatorsJun 17, 2021 07:57PM GMT
Name
Value
Action
RSI(14)
49.341
Neutral
STOCH(9,6)
49.723
Neutral
STOCHRSI(14)
38.927
Sell
MACD(12,26)
0.000
Buy
ADX(14)
28.500
Sell
Williams %R
-60.216
Sell
CCI(14)
-27.1410
Neutral
ATR(14)
0.0012
Less Volatility
Highs/Lows(14)
0.0000
Neutral
Ultimate Oscillator
51.249
Buy
ROC
-0.210
Sell
Bull/Bear Power(13)
-0.0007
Sell
Buy: 2
Sell: 5
Neutral: 4


Summary:Sell","Jun 17, 2021 07:57PM GMT"
usd_cny,6.4484 +0.0515    +0.80%,11:27:22,2021-06-17 19:59:10.096634,"Prev. Close: 6.3969
Bid/Ask: 6.4477 / 6.4490
Day's Range: 6.3972 - 6.4494",Strong Buy,"Summary:Strong Buy
Moving Averages:BuyBuy (12)Sell (0)
Technical Indicators:Strong BuyBuy (7)Sell (0)","Name
S3
S2
S1
Pivot Points
R1
R2
R3
Classic
6.4380
6.4399
6.4436
6.4455
6.4492
6.4511
6.4548
Fibonacci
6.4399
6.4420
6.4434
6.4455
6.4476
6.4490
6.4511
Camarilla
6.4458
6.4463
6.4468
6.4455
6.4479
6.4484
6.4489
Woodie's
6.4390
6.4404
6.4446
6.4460
6.4502
6.4516
6.4558
DeMark's
-
-
6.4446
6.4460
6.4502
-
-","Technical IndicatorsJun 17, 2021 03:34PM GMT
Name
Value
Action
RSI(14)
85.433
Overbought
STOCH(9,6)
77.649
Buy
STOCHRSI(14)
100.000
Overbought
MACD(12,26)
0.011
Buy
ADX(14)
61.337
Buy
Williams %R
-3.426
Overbought
CCI(14)
151.8010
Buy
ATR(14)
0.0041
Less Volatility
Highs/Lows(14)
0.0141
Buy
Ultimate Oscillator
82.973
Overbought
ROC
0.391
Buy
Bull/Bear Power(13)
0.0286
Buy
Buy: 7
Sell: 0
Neutral: 0


Summary:Strong Buy","Jun 17, 2021 03:34PM GMT"
usd_hkd,7.7649 +0.0019    +0.02%,15:58:53,2021-06-17 19:59:10.099431,"Prev. Close: 7.7630
Bid/Ask: 7.7647 / 7.7650
Day's Range: 7.7625 - 7.7656",Strong Buy,"Summary:Strong Buy
Moving Averages:BuyBuy (12)Sell (0)
Technical Indicators:Strong BuyBuy (7)Sell (3)","Name
S3
S2
S1
Pivot Points
R1
R2
R3
Classic
7.7646
7.7646
7.7647
7.7648
7.7649
7.7650
7.7651
Fibonacci
7.7646
7.7647
7.7647
7.7648
7.7649
7.7649
7.7650
Camarilla
7.7648
7.7648
7.7648
7.7648
7.7649
7.7649
7.7649
Woodie's
7.7646
7.7646
7.7647
7.7648
7.7649
7.7650
7.7651
DeMark's
-
-
7.7648
7.7648
7.7650
-
-","Technical IndicatorsJun 17, 2021 07:58PM GMT
Name
Value
Action
RSI(14)
58.665
Buy
STOCH(9,6)
43.421
Sell
STOCHRSI(14)
38.355
Sell
MACD(12,26)
0.001
Buy
ADX(14)
45.619
Buy
Williams %R
-31.593
Buy
CCI(14)
79.7411
Buy
ATR(14)
0.0009
Less Volatility
Highs/Lows(14)
0.0000
Neutral
Ultimate Oscillator
46.866
Sell
ROC
0.003
Buy
Bull/Bear Power(13)
0.0017
Buy
Buy: 7
Sell: 3
Neutral: 1


Summary:Strong Buy","Jun 17, 2021 07:58PM GMT"
eur_usd,1.1903 -0.0091    -0.76%,15:59:38,2021-06-17 20:00:10.731406,"Prev. Close: 1.1994
Bid/Ask: 1.1901 / 1.1905
Day's Range: 1.1892 - 1.2007",Strong Sell,"Summary:Strong Sell
Moving Averages:Strong SellBuy (0)Sell (12)
Technical Indicators:Strong SellBuy (0)Sell (9)","Name
S3
S2
S1
Pivot Points
R1
R2
R3
Classic
1.1895
1.1903
1.1907
1.1915
1.1919
1.1927
1.1931
Fibonacci
1.1903
1.1908
1.1910
1.1915
1.1920
1.1922
1.1927
Camarilla
1.1908
1.1909
1.1910
1.1915
1.1912
1.1913
1.1914
Woodie's
1.1893
1.1902
1.1905
1.1914
1.1917
1.1926
1.1929
DeMark's
-
-
1.1905
1.1914
1.1917
-
-","Technical IndicatorsJun 17, 2021 07:59PM GMT
Name
Value
Action
RSI(14)
25.190
Sell
STOCH(9,6)
25.480
Sell
STOCHRSI(14)
79.378
Overbought
MACD(12,26)
-0.004
Sell
ADX(14)
38.305
Sell
Williams %R
-91.072
Oversold
CCI(14)
-122.5831
Sell
ATR(14)
0.0023
High Volatility
Highs/Lows(14)
-0.0022
Sell
Ultimate Oscillator
33.936
Sell
ROC
-0.833
Sell
Bull/Bear Power(13)
-0.0045
Sell
Buy: 0
Sell: 9
Neutral: 0


Summary:Strong Sell","Jun 17, 2021 07:59PM GMT"
gbp_usd,1.3920 -0.0067    -0.48%,15:59:28,2021-06-17 20:00:10.735231,"Prev. Close: 1.3987
Bid/Ask: 1.3918 / 1.3922
Day's Range: 1.3896 - 1.4010",Strong Sell,"Summary:Strong Sell
Moving Averages:SellBuy (1)Sell (11)
Technical Indicators:Strong SellBuy (0)Sell (10)","Name
S3
S2
S1
Pivot Points
R1
R2
R3
Classic
1.3906
1.3915
1.3918
1.3927
1.3931
1.3939
1.3943
Fibonacci
1.3915
1.3920
1.3922
1.3927
1.3932
1.3934
1.3939
Camarilla
1.3920
1.3921
1.3922
1.3927
1.3925
1.3926
1.3927
Woodie's
1.3904
1.3914
1.3916
1.3926
1.3929
1.3938
1.3941
DeMark's
-
-
1.3917
1.3926
1.3930
-
-","Technical IndicatorsJun 17, 2021 07:59PM GMT
Name
Value
Action
RSI(14)
34.389
Sell
STOCH(9,6)
28.607
Sell
STOCHRSI(14)
92.215
Overbought
MACD(12,26)
-0.003
Sell
ADX(14)
39.270
Sell
Williams %R
-78.083
Sell
CCI(14)
-87.3351
Sell
ATR(14)
0.0027
High Volatility
Highs/Lows(14)
-0.0015
Sell
Ultimate Oscillator
36.635
Sell
ROC
-0.603
Sell
Bull/Bear Power(13)
-0.0033
Sell
Buy: 0
Sell: 10
Neutral: 0


Summary:Strong Sell","Jun 17, 2021 07:59PM GMT"
usd_jpy,110.28 -0.41    -0.37%,15:59:40,2021-06-17 20:00:10.738240,"Prev. Close: 110.69
Bid/Ask: 110.27 / 110.28
Day's Range: 110.17 - 110.83",Sell,"Summary:Sell
Moving Averages:NeutralBuy (6)Sell (6)
Technical Indicators:Strong SellBuy (1)Sell (8)","Name
S3
S2
S1
Pivot Points
R1
R2
R3
Classic
110.15
110.17
110.21
110.23
110.27
110.29
110.32
Fibonacci
110.17
110.19
110.21
110.23
110.25
110.27
110.29
Camarilla
110.24
110.24
110.25
110.23
110.26
110.27
110.27
Woodie's
110.17
110.18
110.23
110.24
110.29
110.30
110.34
DeMark's
-
-
110.23
110.24
110.29
-
-","Technical IndicatorsJun 17, 2021 07:57PM GMT
Name
Value
Action
RSI(14)
43.736
Sell
STOCH(9,6)
16.166
Oversold
STOCHRSI(14)
19.936
Oversold
MACD(12,26)
-0.010
Sell
ADX(14)
36.026
Buy
Williams %R
-78.992
Sell
CCI(14)
-78.5215
Sell
ATR(14)
0.1321
High Volatility
Highs/Lows(14)
-0.1204
Sell
Ultimate Oscillator
44.773
Sell
ROC
-0.316
Sell
Bull/Bear Power(13)
-0.2480
Sell
Buy: 1
Sell: 8
Neutral: 0


Summary:Strong Sell","Jun 17, 2021 07:57PM GMT"
aud_usd,0.7548 -0.0063    -0.82%,15:59:32,2021-06-17 20:00:10.741150,"Prev. Close: 0.7610
Bid/Ask: 0.7547 / 0.7548
Day's Range: 0.7540 - 0.7646",Strong Sell,"Summary:Strong Sell
Moving Averages:Strong SellBuy (0)Sell (12)
Technical Indicators:Strong SellBuy (0)Sell (7)","Name
S3
S2
S1
Pivot Points
R1
R2
R3
Classic
0.7540
0.7546
0.7549
0.7555
0.7558
0.7564
0.7568
Fibonacci
0.7546
0.7549
0.7551
0.7555
0.7559
0.7561
0.7564
Camarilla
0.7549
0.7550
0.7551
0.7555
0.7552
0.7553
0.7554
Woodie's
0.7538
0.7545
0.7547
0.7554
0.7556
0.7563
0.7566
DeMark's
-
-
0.7547
0.7554
0.7556
-
-","Technical IndicatorsJun 17, 2021 07:59PM GMT
Name
Value
Action
RSI(14)
26.025
Sell
STOCH(9,6)
19.883
Oversold
STOCHRSI(14)
54.882
Neutral
MACD(12,26)
-0.003
Sell
ADX(14)
46.262
Sell
Williams %R
-90.710
Oversold
CCI(14)
-96.6585
Sell
ATR(14)
0.0019
High Volatility
Highs/Lows(14)
-0.0020
Sell
Ultimate Oscillator
29.941
Oversold
ROC
-1.081
Sell
Bull/Bear Power(13)
-0.0040
Sell
Buy: 0
Sell: 7
Neutral: 1


Summary:Strong Sell","Jun 17, 2021 07:59PM GMT"
eur_gbp,0.8551 -0.0022    -0.26%,15:59:41,2021-06-17 20:00:10.743977,"Prev. Close: 0.8573
Bid/Ask: 0.8549 / 0.8552
Day's Range: 0.8542 - 0.8580",Strong Sell,"Summary:Strong Sell
Moving Averages:Strong SellBuy (0)Sell (12)
Technical Indicators:Strong SellBuy (1)Sell (8)","Name
S3
S2
S1
Pivot Points
R1
R2
R3
Classic
0.8548
0.8551
0.8552
0.8555
0.8556
0.8559
0.8561
Fibonacci
0.8551
0.8552
0.8553
0.8555
0.8557
0.8558
0.8559
Camarilla
0.8553
0.8554
0.8554
0.8555
0.8555
0.8555
0.8556
Woodie's
0.8548
0.8551
0.8552
0.8555
0.8556
0.8559
0.8561
DeMark's
-
-
0.8552
0.8555
0.8556
-
-","Technical IndicatorsJun 17, 2021 07:59PM GMT
Name
Value
Action
RSI(14)
35.099
Sell
STOCH(9,6)
47.324
Neutral
STOCHRSI(14)
59.171
Buy
MACD(12,26)
-0.001
Sell
ADX(14)
35.619
Sell
Williams %R
-70.313
Sell
CCI(14)
-108.2003
Sell
ATR(14)
0.0012
High Volatility
Highs/Lows(14)
0.0000
Neutral
Ultimate Oscillator
47.839
Sell
ROC
-0.222
Sell
Bull/Bear Power(13)
-0.0017
Sell
Buy: 1
Sell: 8
Neutral: 2


Summary:Strong Sell","Jun 17, 2021 07:59PM GMT"
usd_cad,1.2359 +0.0083    +0.68%,15:59:38,2021-06-17 20:00:10.746899,"Prev. Close: 1.2276
Bid/Ask: 1.2357 / 1.2361
Day's Range: 1.2261 - 1.2378",Strong Buy,"Summary:Strong Buy
Moving Averages:BuyBuy (12)Sell (0)
Technical Indicators:Strong BuyBuy (9)Sell (1)","Name
S3
S2
S1
Pivot Points
R1
R2
R3
Classic
1.2329
1.2334
1.2343
1.2349
1.2358
1.2364
1.2373
Fibonacci
1.2334
1.2340
1.2343
1.2349
1.2355
1.2358
1.2364
Camarilla
1.2348
1.2349
1.2351
1.2349
1.2353
1.2355
1.2356
Woodie's
1.2331
1.2335
1.2345
1.2350
1.2360
1.2365
1.2375
DeMark's
-
-
1.2345
1.2350
1.2360
-
-","Technical IndicatorsJun 17, 2021 07:59PM GMT
Name
Value
Action
RSI(14)
72.014
Buy
STOCH(9,6)
69.832
Buy
STOCHRSI(14)
44.735
Sell
MACD(12,26)
0.003
Buy
ADX(14)
37.303
Buy
Williams %R
-18.062
Overbought
CCI(14)
111.0416
Buy
ATR(14)
0.0027
High Volatility
Highs/Lows(14)
0.0018
Buy
Ultimate Oscillator
69.299
Buy
ROC
0.730
Buy
Bull/Bear Power(13)
0.0048
Buy
Buy: 9
Sell: 1
Neutral: 0


Summary:Strong Buy","Jun 17, 2021 07:59PM GMT"
usd_chf,0.9179 +0.0094    +1.03%,15:59:55,2021-06-17 20:00:10.749678,"Prev. Close: 0.9085
Bid/Ask: 0.9178 / 0.9179
Day's Range: 0.9076 - 0.9188",Strong Buy,"Summary:Strong Buy
Moving Averages:BuyBuy (12)Sell (0)
Technical Indicators:Strong BuyBuy (7)Sell (0)","Name
S3
S2
S1
Pivot Points
R1
R2
R3
Classic
0.9159
0.9162
0.9168
0.9171
0.9177
0.9180
0.9185
Fibonacci
0.9162
0.9166
0.9168
0.9171
0.9174
0.9176
0.9180
Camarilla
0.9171
0.9172
0.9173
0.9171
0.9174
0.9175
0.9176
Woodie's
0.9161
0.9163
0.9170
0.9172
0.9179
0.9181
0.9187
DeMark's
-
-
0.9169
0.9172
0.9178
-
-","Technical IndicatorsJun 17, 2021 07:59PM GMT
Name
Value
Action
RSI(14)
77.164
Overbought
STOCH(9,6)
79.521
Buy
STOCHRSI(14)
13.258
Oversold
MACD(12,26)
0.004
Buy
ADX(14)
38.657
Buy
Williams %R
-8.695
Overbought
CCI(14)
110.1895
Buy
ATR(14)
0.0018
High Volatility
Highs/Lows(14)
0.0020
Buy
Ultimate Oscillator
70.279
Overbought
ROC
1.062
Buy
Bull/Bear Power(13)
0.0032
Buy
Buy: 7
Sell: 0
Neutral: 0


Summary:Strong Buy","Jun 17, 2021 07:59PM GMT"
nzd_chf,0.6425 +0.0021    +0.33%,15:59:43,2021-06-17 20:00:10.752477,"Prev. Close: 0.6404
Bid/Ask: 0.6423 / 0.6427
Day's Range: 0.6406 - 0.6453",Neutral,"Summary:Neutral
Moving Averages:NeutralBuy (6)Sell (6)
Technical Indicators:SellBuy (1)Sell (5)","Name
S3
S2
S1
Pivot Points
R1
R2
R3
Classic
0.6419
0.6421
0.6425
0.6427
0.6430
0.6433
0.6436
Fibonacci
0.6421
0.6423
0.6425
0.6427
0.6429
0.6431
0.6433
Camarilla
0.6425
0.6425
0.6426
0.6427
0.6427
0.6428
0.6428
Woodie's
0.6419
0.6421
0.6425
0.6427
0.6430
0.6433
0.6436
DeMark's
-
-
0.6422
0.6426
0.6428
-
-","Technical IndicatorsJun 17, 2021 07:59PM GMT
Name
Value
Action
RSI(14)
48.987
Neutral
STOCH(9,6)
49.390
Neutral
STOCHRSI(14)
37.570
Sell
MACD(12,26)
0.000
Buy
ADX(14)
28.500
Sell
Williams %R
-61.290
Sell
CCI(14)
-28.4189
Neutral
ATR(14)
0.0012
Less Volatility
Highs/Lows(14)
0.0000
Neutral
Ultimate Oscillator
50.768
Neutral
ROC
-0.217
Sell
Bull/Bear Power(13)
-0.0007
Sell
Buy: 1
Sell: 5
Neutral: 5


Summary:Sell","Jun 17, 2021 07:59PM GMT"
usd_cny,6.4484 +0.0515    +0.80%,11:27:22,2021-06-17 20:00:10.755289,"Prev. Close: 6.3969
Bid/Ask: 6.4477 / 6.4490
Day's Range: 6.3972 - 6.4494",Strong Buy,"Summary:Strong Buy
Moving Averages:BuyBuy (12)Sell (0)
Technical Indicators:Strong BuyBuy (7)Sell (0)","Name
S3
S2
S1
Pivot Points
R1
R2
R3
Classic
6.4380
6.4399
6.4436
6.4455
6.4492
6.4511
6.4548
Fibonacci
6.4399
6.4420
6.4434
6.4455
6.4476
6.4490
6.4511
Camarilla
6.4458
6.4463
6.4468
6.4455
6.4479
6.4484
6.4489
Woodie's
6.4390
6.4404
6.4446
6.4460
6.4502
6.4516
6.4558
DeMark's
-
-
6.4446
6.4460
6.4502
-
-","Technical IndicatorsJun 17, 2021 03:34PM GMT
Name
Value
Action
RSI(14)
85.433
Overbought
STOCH(9,6)
77.649
Buy
STOCHRSI(14)
100.000
Overbought
MACD(12,26)
0.011
Buy
ADX(14)
61.337
Buy
Williams %R
-3.426
Overbought
CCI(14)
151.8010
Buy
ATR(14)
0.0041
Less Volatility
Highs/Lows(14)
0.0141
Buy
Ultimate Oscillator
82.973
Overbought
ROC
0.391
Buy
Bull/Bear Power(13)
0.0286
Buy
Buy: 7
Sell: 0
Neutral: 0


Summary:Strong Buy","Jun 17, 2021 03:34PM GMT"
usd_hkd,7.7650 +0.0019    +0.03%,15:59:42,2021-06-17 20:00:10.758074,"Prev. Close: 7.7630
Bid/Ask: 7.7648 / 7.7651
Day's Range: 7.7625 - 7.7656",Strong Buy,"Summary:Strong Buy
Moving Averages:BuyBuy (12)Sell (0)
Technical Indicators:Strong BuyBuy (7)Sell (3)","Name
S3
S2
S1
Pivot Points
R1
R2
R3
Classic
7.7646
7.7646
7.7647
7.7648
7.7649
7.7650
7.7651
Fibonacci
7.7646
7.7647
7.7647
7.7648
7.7649
7.7649
7.7650
Camarilla
7.7648
7.7648
7.7648
7.7648
7.7649
7.7649
7.7649
Woodie's
7.7646
7.7646
7.7647
7.7648
7.7649
7.7650
7.7651
DeMark's
-
-
7.7648
7.7648
7.7650
-
-","Technical IndicatorsJun 17, 2021 07:59PM GMT
Name
Value
Action
RSI(14)
56.956
Buy
STOCH(9,6)
41.669
Sell
STOCHRSI(14)
30.584
Sell
MACD(12,26)
0.001
Buy
ADX(14)
45.198
Buy
Williams %R
-42.108
Buy
CCI(14)
61.9582
Buy
ATR(14)
0.0009
Less Volatility
Highs/Lows(14)
0.0000
Neutral
Ultimate Oscillator
44.171
Sell
ROC
0.001
Buy
Bull/Bear Power(13)
0.0017
Buy
Buy: 7
Sell: 3
Neutral: 1


Summary:Strong Buy","Jun 17, 2021 07:59PM GMT"
eur_usd,1.1903 -0.0092    -0.76%,16:00:55,2021-06-17 20:01:10.419437,"Prev. Close: 1.1994
Bid/Ask: 1.1902 / 1.1903
Day's Range: 1.1892 - 1.2007",Strong Sell,"Summary:Strong Sell
Moving Averages:Strong SellBuy (0)Sell (12)
Technical Indicators:Strong SellBuy (0)Sell (9)","Name
S3
S2
S1
Pivot Points
R1
R2
R3
Classic
1.1884
1.1892
1.1898
1.1906
1.1911
1.1920
1.1925
Fibonacci
1.1892
1.1898
1.1901
1.1906
1.1911
1.1914
1.1920
Camarilla
1.1898
1.1900
1.1901
1.1906
1.1903
1.1904
1.1906
Woodie's
1.1882
1.1891
1.1896
1.1905
1.1909
1.1919
1.1923
DeMark's
-
-
1.1895
1.1905
1.1908
-
-","Technical IndicatorsJun 17, 2021 08:00PM GMT
Name
Value
Action
RSI(14)
25.190
Sell
STOCH(9,6)
21.161
Sell
STOCHRSI(14)
79.378
Overbought
MACD(12,26)
-0.004
Sell
ADX(14)
43.616
Sell
Williams %R
-89.744
Oversold
CCI(14)
-137.5216
Sell
ATR(14)
0.0021
Less Volatility
Highs/Lows(14)
-0.0017
Sell
Ultimate Oscillator
36.147
Sell
ROC
-0.709
Sell
Bull/Bear Power(13)
-0.0056
Sell
Buy: 0
Sell: 9
Neutral: 0


Summary:Strong Sell","Jun 17, 2021 08:00PM GMT"
gbp_usd,1.3921 -0.0066    -0.48%,16:00:45,2021-06-17 20:01:10.423072,"Prev. Close: 1.3987
Bid/Ask: 1.3920 / 1.3921
Day's Range: 1.3896 - 1.4010",Strong Sell,"Summary:Strong Sell
Moving Averages:SellBuy (1)Sell (11)
Technical Indicators:Strong SellBuy (0)Sell (10)","Name
S3
S2
S1
Pivot Points
R1
R2
R3
Classic
1.3906
1.3915
1.3918
1.3927
1.3931
1.3939
1.3943
Fibonacci
1.3915
1.3920
1.3922
1.3927
1.3932
1.3934
1.3939
Camarilla
1.3920
1.3921
1.3922
1.3927
1.3925
1.3926
1.3927
Woodie's
1.3904
1.3914
1.3916
1.3926
1.3929
1.3938
1.3941
DeMark's
-
-
1.3917
1.3926
1.3930
-
-","Technical IndicatorsJun 17, 2021 07:59PM GMT
Name
Value
Action
RSI(14)
34.389
Sell
STOCH(9,6)
28.607
Sell
STOCHRSI(14)
92.215
Overbought
MACD(12,26)
-0.003
Sell
ADX(14)
39.270
Sell
Williams %R
-78.083
Sell
CCI(14)
-87.3351
Sell
ATR(14)
0.0027
High Volatility
Highs/Lows(14)
-0.0015
Sell
Ultimate Oscillator
36.635
Sell
ROC
-0.603
Sell
Bull/Bear Power(13)
-0.0033
Sell
Buy: 0
Sell: 10
Neutral: 0


Summary:Strong Sell","Jun 17, 2021 07:59PM GMT"
usd_jpy,110.27 -0.42    -0.38%,16:00:34,2021-06-17 20:01:10.426027,"Prev. Close: 110.69
Bid/Ask: 110.26 / 110.27
Day's Range: 110.17 - 110.83",Strong Sell,"Summary:Strong Sell
Moving Averages:SellBuy (5)Sell (7)
Technical Indicators:Strong SellBuy (1)Sell (7)","Name
S3
S2
S1
Pivot Points
R1
R2
R3
Classic
110.15
110.17
110.21
110.23
110.27
110.29
110.32
Fibonacci
110.17
110.19
110.21
110.23
110.25
110.27
110.29
Camarilla
110.24
110.24
110.25
110.23
110.26
110.27
110.27
Woodie's
110.17
110.18
110.23
110.24
110.29
110.30
110.34
DeMark's
-
-
110.23
110.24
110.29
-
-","Technical IndicatorsJun 17, 2021 07:59PM GMT
Name
Value
Action
RSI(14)
42.540
Sell
STOCH(9,6)
15.597
Oversold
STOCHRSI(14)
15.579
Oversold
MACD(12,26)
-0.010
Sell
ADX(14)
36.026
Buy
Williams %R
-82.352
Oversold
CCI(14)
-80.7588
Sell
ATR(14)
0.1321
High Volatility
Highs/Lows(14)
-0.1404
Sell
Ultimate Oscillator
43.191
Sell
ROC
-0.334
Sell
Bull/Bear Power(13)
-0.2420
Sell
Buy: 1
Sell: 7
Neutral: 0


Summary:Strong Sell","Jun 17, 2021 07:59PM GMT"
aud_usd,0.7548 -0.0062    -0.81%,16:00:55,2021-06-17 20:01:10.428902,"Prev. Close: 0.7610
Bid/Ask: 0.7547 / 0.7549
Day's Range: 0.7540 - 0.7646",Strong Sell,"Summary:Strong Sell
Moving Averages:Strong SellBuy (0)Sell (12)
Technical Indicators:Strong SellBuy (0)Sell (7)","Name
S3
S2
S1
Pivot Points
R1
R2
R3
Classic
0.7540
0.7546
0.7549
0.7555
0.7558
0.7564
0.7568
Fibonacci
0.7546
0.7549
0.7551
0.7555
0.7559
0.7561
0.7564
Camarilla
0.7549
0.7550
0.7551
0.7555
0.7552
0.7553
0.7554
Woodie's
0.7538
0.7545
0.7547
0.7554
0.7556
0.7563
0.7566
DeMark's
-
-
0.7547
0.7554
0.7556
-
-","Technical IndicatorsJun 17, 2021 07:59PM GMT
Name
Value
Action
RSI(14)
26.025
Sell
STOCH(9,6)
19.883
Oversold
STOCHRSI(14)
54.882
Neutral
MACD(12,26)
-0.003
Sell
ADX(14)
46.262
Sell
Williams %R
-90.710
Oversold
CCI(14)
-96.6585
Sell
ATR(14)
0.0019
High Volatility
Highs/Lows(14)
-0.0020
Sell
Ultimate Oscillator
29.941
Oversold
ROC
-1.081
Sell
Bull/Bear Power(13)
-0.0040
Sell
Buy: 0
Sell: 7
Neutral: 1


Summary:Strong Sell","Jun 17, 2021 07:59PM GMT"
eur_gbp,0.8550 -0.0023    -0.27%,16:00:56,2021-06-17 20:01:10.431752,"Prev. Close: 0.8573
Bid/Ask: 0.8548 / 0.8552
Day's Range: 0.8542 - 0.8580",Strong Sell,"Summary:Strong Sell
Moving Averages:Strong SellBuy (0)Sell (12)
Technical Indicators:Strong SellBuy (1)Sell (8)","Name
S3
S2
S1
Pivot Points
R1
R2
R3
Classic
0.8548
0.8551
0.8552
0.8555
0.8556
0.8559
0.8561
Fibonacci
0.8551
0.8552
0.8553
0.8555
0.8557
0.8558
0.8559
Camarilla
0.8553
0.8554
0.8554
0.8555
0.8555
0.8555
0.8556
Woodie's
0.8548
0.8551
0.8552
0.8555
0.8556
0.8559
0.8561
DeMark's
-
-
0.8552
0.8555
0.8556
-
-","Technical IndicatorsJun 17, 2021 07:59PM GMT
Name
Value
Action
RSI(14)
35.099
Sell
STOCH(9,6)
47.324
Neutral
STOCHRSI(14)
59.171
Buy
MACD(12,26)
-0.001
Sell
ADX(14)
35.619
Sell
Williams %R
-70.313
Sell
CCI(14)
-108.2003
Sell
ATR(14)
0.0012
High Volatility
Highs/Lows(14)
0.0000
Neutral
Ultimate Oscillator
47.839
Sell
ROC
-0.222
Sell
Bull/Bear Power(13)
-0.0017
Sell
Buy: 1
Sell: 8
Neutral: 2


Summary:Strong Sell","Jun 17, 2021 07:59PM GMT"
usd_cad,1.2354 +0.0078    +0.64%,16:00:52,2021-06-17 20:01:10.434598,"Prev. Close: 1.2276
Bid/Ask: 1.2352 / 1.2356
Day's Range: 1.2261 - 1.2378",Strong Buy,"Summary:Strong Buy
Moving Averages:BuyBuy (12)Sell (0)
Technical Indicators:Strong BuyBuy (9)Sell (0)","Name
S3
S2
S1
Pivot Points
R1
R2
R3
Classic
1.2333
1.2339
1.2349
1.2356
1.2366
1.2373
1.2383
Fibonacci
1.2339
1.2346
1.2350
1.2356
1.2362
1.2366
1.2373
Camarilla
1.2354
1.2356
1.2357
1.2356
1.2361
1.2362
1.2364
Woodie's
1.2335
1.2340
1.2351
1.2357
1.2368
1.2374
1.2385
DeMark's
-
-
1.2352
1.2357
1.2369
-
-","Technical IndicatorsJun 17, 2021 08:00PM GMT
Name
Value
Action
RSI(14)
72.519
Buy
STOCH(9,6)
75.043
Buy
STOCHRSI(14)
48.544
Neutral
MACD(12,26)
0.003
Buy
ADX(14)
43.639
Buy
Williams %R
-16.439
Overbought
CCI(14)
118.0447
Buy
ATR(14)
0.0025
High Volatility
Highs/Lows(14)
0.0015
Buy
Ultimate Oscillator
69.641
Buy
ROC
0.656
Buy
Bull/Bear Power(13)
0.0039
Buy
Buy: 9
Sell: 0
Neutral: 1


Summary:Strong Buy","Jun 17, 2021 08:00PM GMT"
usd_chf,0.9180 +0.0095    +1.04%,16:00:45,2021-06-17 20:01:10.437384,"Prev. Close: 0.9085
Bid/Ask: 0.9178 / 0.9181
Day's Range: 0.9076 - 0.9188",Strong Buy,"Summary:Strong Buy
Moving Averages:BuyBuy (12)Sell (0)
Technical Indicators:Strong BuyBuy (7)Sell (0)","Name
S3
S2
S1
Pivot Points
R1
R2
R3
Classic
0.9159
0.9162
0.9168
0.9171
0.9177
0.9180
0.9185
Fibonacci
0.9162
0.9166
0.9168
0.9171
0.9174
0.9176
0.9180
Camarilla
0.9171
0.9172
0.9173
0.9171
0.9174
0.9175
0.9176
Woodie's
0.9161
0.9163
0.9170
0.9172
0.9179
0.9181
0.9187
DeMark's
-
-
0.9169
0.9172
0.9178
-
-","Technical IndicatorsJun 17, 2021 07:59PM GMT
Name
Value
Action
RSI(14)
77.164
Overbought
STOCH(9,6)
79.521
Buy
STOCHRSI(14)
13.258
Oversold
MACD(12,26)
0.004
Buy
ADX(14)
38.657
Buy
Williams %R
-8.695
Overbought
CCI(14)
110.1895
Buy
ATR(14)
0.0018
High Volatility
Highs/Lows(14)
0.0020
Buy
Ultimate Oscillator
70.279
Overbought
ROC
1.062
Buy
Bull/Bear Power(13)
0.0032
Buy
Buy: 7
Sell: 0
Neutral: 0


Summary:Strong Buy","Jun 17, 2021 07:59PM GMT"
nzd_chf,0.6425 +0.0021    +0.33%,16:00:55,2021-06-17 20:01:10.440182,"Prev. Close: 0.6404
Bid/Ask: 0.6423 / 0.6427
Day's Range: 0.6406 - 0.6453",Neutral,"Summary:Neutral
Moving Averages:NeutralBuy (6)Sell (6)
Technical Indicators:SellBuy (3)Sell (5)","Name
S3
S2
S1
Pivot Points
R1
R2
R3
Classic
0.6412
0.6417
0.6421
0.6426
0.6430
0.6435
0.6439
Fibonacci
0.6417
0.6420
0.6423
0.6426
0.6429
0.6432
0.6435
Camarilla
0.6422
0.6422
0.6423
0.6426
0.6425
0.6426
0.6426
Woodie's
0.6410
0.6416
0.6419
0.6425
0.6428
0.6434
0.6437
DeMark's
-
-
0.6418
0.6425
0.6428
-
-","Technical IndicatorsJun 17, 2021 08:00PM GMT
Name
Value
Action
RSI(14)
49.378
Neutral
STOCH(9,6)
55.630
Buy
STOCHRSI(14)
39.069
Sell
MACD(12,26)
0.000
Buy
ADX(14)
26.540
Buy
Williams %R
-60.216
Sell
CCI(14)
-32.4548
Neutral
ATR(14)
0.0012
Less Volatility
Highs/Lows(14)
0.0000
Neutral
Ultimate Oscillator
47.621
Sell
ROC
-0.194
Sell
Bull/Bear Power(13)
-0.0011
Sell
Buy: 3
Sell: 5
Neutral: 3


Summary:Sell","Jun 17, 2021 08:00PM GMT"
usd_cny,6.4484 +0.0515    +0.80%,11:27:22,2021-06-17 20:01:10.442982,"Prev. Close: 6.3969
Bid/Ask: 6.4477 / 6.4490
Day's Range: 6.3972 - 6.4494",Strong Buy,"Summary:Strong Buy
Moving Averages:BuyBuy (12)Sell (0)
Technical Indicators:Strong BuyBuy (7)Sell (0)","Name
S3
S2
S1
Pivot Points
R1
R2
R3
Classic
6.4380
6.4399
6.4436
6.4455
6.4492
6.4511
6.4548
Fibonacci
6.4399
6.4420
6.4434
6.4455
6.4476
6.4490
6.4511
Camarilla
6.4458
6.4463
6.4468
6.4455
6.4479
6.4484
6.4489
Woodie's
6.4390
6.4404
6.4446
6.4460
6.4502
6.4516
6.4558
DeMark's
-
-
6.4446
6.4460
6.4502
-
-","Technical IndicatorsJun 17, 2021 03:34PM GMT
Name
Value
Action
RSI(14)
85.433
Overbought
STOCH(9,6)
77.649
Buy
STOCHRSI(14)
100.000
Overbought
MACD(12,26)
0.011
Buy
ADX(14)
61.337
Buy
Williams %R
-3.426
Overbought
CCI(14)
151.8010
Buy
ATR(14)
0.0041
Less Volatility
Highs/Lows(14)
0.0141
Buy
Ultimate Oscillator
82.973
Overbought
ROC
0.391
Buy
Bull/Bear Power(13)
0.0286
Buy
Buy: 7
Sell: 0
Neutral: 0


Summary:Strong Buy","Jun 17, 2021 03:34PM GMT"
usd_hkd,7.7648 +0.0018    +0.02%,16:00:52,2021-06-17 20:01:10.445780,"Prev. Close: 7.7630
Bid/Ask: 7.7646 / 7.7649
Day's Range: 7.7625 - 7.7656",Strong Buy,"Summary:Strong Buy
Moving Averages:BuyBuy (12)Sell (0)
Technical Indicators:Strong BuyBuy (7)Sell (3)","Name
S3
S2
S1
Pivot Points
R1
R2
R3
Classic
7.7646
7.7646
7.7647
7.7648
7.7649
7.7650
7.7651
Fibonacci
7.7646
7.7647
7.7647
7.7648
7.7649
7.7649
7.7650
Camarilla
7.7648
7.7648
7.7648
7.7648
7.7649
7.7649
7.7649
Woodie's
7.7646
7.7646
7.7647
7.7648
7.7649
7.7650
7.7651
DeMark's
-
-
7.7648
7.7648
7.7650
-
-","Technical IndicatorsJun 17, 2021 07:59PM GMT
Name
Value
Action
RSI(14)
56.956
Buy
STOCH(9,6)
41.669
Sell
STOCHRSI(14)
30.584
Sell
MACD(12,26)
0.001
Buy
ADX(14)
45.198
Buy
Williams %R
-42.108
Buy
CCI(14)
61.9582
Buy
ATR(14)
0.0009
Less Volatility
Highs/Lows(14)
0.0000
Neutral
Ultimate Oscillator
44.171
Sell
ROC
0.001
Buy
Bull/Bear Power(13)
0.0017
Buy
Buy: 7
Sell: 3
Neutral: 1


Summary:Strong Buy","Jun 17, 2021 07:59PM GMT"
eur_usd,1.1903 -0.0092    -0.76%,16:01:36,2021-06-17 20:02:10.485722,"Prev. Close: 1.1994
Bid/Ask: 1.1902 / 1.1903
Day's Range: 1.1892 - 1.2007",Strong Sell,"Summary:Strong Sell
Moving Averages:Strong SellBuy (0)Sell (12)
Technical Indicators:Strong SellBuy (0)Sell (9)","Name
S3
S2
S1
Pivot Points
R1
R2
R3
Classic
1.1884
1.1892
1.1898
1.1906
1.1911
1.1920
1.1925
Fibonacci
1.1892
1.1898
1.1901
1.1906
1.1911
1.1914
1.1920
Camarilla
1.1898
1.1900
1.1901
1.1906
1.1903
1.1904
1.1906
Woodie's
1.1882
1.1891
1.1896
1.1905
1.1909
1.1919
1.1923
DeMark's
-
-
1.1895
1.1905
1.1908
-
-","Technical IndicatorsJun 17, 2021 08:00PM GMT
Name
Value
Action
RSI(14)
25.190
Sell
STOCH(9,6)
21.161
Sell
STOCHRSI(14)
79.378
Overbought
MACD(12,26)
-0.004
Sell
ADX(14)
43.616
Sell
Williams %R
-89.744
Oversold
CCI(14)
-137.5216
Sell
ATR(14)
0.0021
Less Volatility
Highs/Lows(14)
-0.0017
Sell
Ultimate Oscillator
36.147
Sell
ROC
-0.709
Sell
Bull/Bear Power(13)
-0.0056
Sell
Buy: 0
Sell: 9
Neutral: 0


Summary:Strong Sell","Jun 17, 2021 08:00PM GMT"
gbp_usd,1.3921 -0.0066    -0.48%,16:01:31,2021-06-17 20:02:10.489405,"Prev. Close: 1.3987
Bid/Ask: 1.3920 / 1.3921
Day's Range: 1.3896 - 1.4010",Strong Sell,"Summary:Strong Sell
Moving Averages:SellBuy (1)Sell (11)
Technical Indicators:Strong SellBuy (0)Sell (10)","Name
S3
S2
S1
Pivot Points
R1
R2
R3
Classic
1.3904
1.3911
1.3916
1.3923
1.3929
1.3935
1.3941
Fibonacci
1.3911
1.3916
1.3918
1.3923
1.3928
1.3930
1.3935
Camarilla
1.3917
1.3918
1.3919
1.3923
1.3922
1.3923
1.3924
Woodie's
1.3902
1.3910
1.3914
1.3922
1.3927
1.3934
1.3939
DeMark's
-
-
1.3913
1.3921
1.3925
-
-","Technical IndicatorsJun 17, 2021 08:01PM GMT
Name
Value
Action
RSI(14)
34.483
Sell
STOCH(9,6)
26.501
Sell
STOCHRSI(14)
92.987
Overbought
MACD(12,26)
-0.003
Sell
ADX(14)
42.842
Sell
Williams %R
-76.555
Sell
CCI(14)
-86.0680
Sell
ATR(14)
0.0025
High Volatility
Highs/Lows(14)
-0.0010
Sell
Ultimate Oscillator
33.745
Sell
ROC
-0.525
Sell
Bull/Bear Power(13)
-0.0040
Sell
Buy: 0
Sell: 10
Neutral: 0


Summary:Strong Sell","Jun 17, 2021 08:01PM GMT"
usd_jpy,110.28 -0.41    -0.37%,16:01:39,2021-06-17 20:02:10.492435,"Prev. Close: 110.69
Bid/Ask: 110.27 / 110.28
Day's Range: 110.17 - 110.83",Strong Sell,"Summary:Strong Sell
Moving Averages:SellBuy (5)Sell (7)
Technical Indicators:Strong SellBuy (0)Sell (8)","Name
S3
S2
S1
Pivot Points
R1
R2
R3
Classic
110.18
110.22
110.24
110.28
110.31
110.34
110.37
Fibonacci
110.22
110.24
110.26
110.28
110.30
110.32
110.34
Camarilla
110.25
110.26
110.26
110.28
110.28
110.28
110.29
Woodie's
110.18
110.22
110.24
110.28
110.31
110.34
110.37
DeMark's
-
-
110.26
110.29
110.32
-
-","Technical IndicatorsJun 17, 2021 08:01PM GMT
Name
Value
Action
RSI(14)
42.564
Sell
STOCH(9,6)
16.844
Oversold
STOCHRSI(14)
15.666
Oversold
MACD(12,26)
-0.020
Sell
ADX(14)
34.221
Sell
Williams %R
-82.352
Oversold
CCI(14)
-74.3357
Sell
ATR(14)
0.1243
Less Volatility
Highs/Lows(14)
-0.1136
Sell
Ultimate Oscillator
42.289
Sell
ROC
-0.343
Sell
Bull/Bear Power(13)
-0.2310
Sell
Buy: 0
Sell: 8
Neutral: 0


Summary:Strong Sell","Jun 17, 2021 08:01PM GMT"
aud_usd,0.7548 -0.0062    -0.81%,16:01:39,2021-06-17 20:02:10.495366,"Prev. Close: 0.7610
Bid/Ask: 0.7547 / 0.7549
Day's Range: 0.7540 - 0.7646",Strong Sell,"Summary:Strong Sell
Moving Averages:Strong SellBuy (0)Sell (12)
Technical Indicators:Strong SellBuy (1)Sell (8)","Name
S3
S2
S1
Pivot Points
R1
R2
R3
Classic
0.7533
0.7539
0.7543
0.7549
0.7553
0.7559
0.7562
Fibonacci
0.7539
0.7543
0.7545
0.7549
0.7553
0.7555
0.7559
Camarilla
0.7545
0.7546
0.7547
0.7549
0.7548
0.7549
0.7550
Woodie's
0.7533
0.7539
0.7543
0.7549
0.7553
0.7559
0.7562
DeMark's
-
-
0.7541
0.7548
0.7551
-
-","Technical IndicatorsJun 17, 2021 08:01PM GMT
Name
Value
Action
RSI(14)
26.611
Sell
STOCH(9,6)
17.208
Oversold
STOCHRSI(14)
69.666
Buy
MACD(12,26)
-0.003
Sell
ADX(14)
54.197
Sell
Williams %R
-89.944
Oversold
CCI(14)
-96.9993
Sell
ATR(14)
0.0018
Less Volatility
Highs/Lows(14)
-0.0015
Sell
Ultimate Oscillator
34.671
Sell
ROC
-0.951
Sell
Bull/Bear Power(13)
-0.0045
Sell
Buy: 1
Sell: 8
Neutral: 0


Summary:Strong Sell","Jun 17, 2021 08:01PM GMT"
eur_gbp,0.8550 -0.0024    -0.27%,16:01:41,2021-06-17 20:02:10.498239,"Prev. Close: 0.8573
Bid/Ask: 0.8549 / 0.8550
Day's Range: 0.8542 - 0.8580",Strong Sell,"Summary:Strong Sell
Moving Averages:Strong SellBuy (0)Sell (12)
Technical Indicators:Strong SellBuy (2)Sell (8)","Name
S3
S2
S1
Pivot Points
R1
R2
R3
Classic
0.8538
0.8543
0.8547
0.8551
0.8555
0.8559
0.8563
Fibonacci
0.8543
0.8546
0.8548
0.8551
0.8554
0.8556
0.8559
Camarilla
0.8548
0.8549
0.8550
0.8551
0.8551
0.8552
0.8553
Woodie's
0.8538
0.8543
0.8547
0.8551
0.8555
0.8559
0.8563
DeMark's
-
-
0.8545
0.8550
0.8553
-
-","Technical IndicatorsJun 17, 2021 08:01PM GMT
Name
Value
Action
RSI(14)
34.454
Sell
STOCH(9,6)
41.297
Sell
STOCHRSI(14)
56.372
Buy
MACD(12,26)
-0.001
Sell
ADX(14)
43.306
Sell
Williams %R
-71.666
Sell
CCI(14)
-122.6442
Sell
ATR(14)
0.0011
High Volatility
Highs/Lows(14)
0.0000
Neutral
Ultimate Oscillator
54.748
Buy
ROC
-0.181
Sell
Bull/Bear Power(13)
-0.0020
Sell
Buy: 2
Sell: 8
Neutral: 1


Summary:Strong Sell","Jun 17, 2021 08:01PM GMT"
usd_cad,1.2354 +0.0078    +0.64%,16:01:39,2021-06-17 20:02:10.501099,"Prev. Close: 1.2276
Bid/Ask: 1.2352 / 1.2356
Day's Range: 1.2261 - 1.2378",Strong Buy,"Summary:Strong Buy
Moving Averages:BuyBuy (12)Sell (0)
Technical Indicators:Strong BuyBuy (9)Sell (0)","Name
S3
S2
S1
Pivot Points
R1
R2
R3
Classic
1.2333
1.2339
1.2349
1.2356
1.2366
1.2373
1.2383
Fibonacci
1.2339
1.2346
1.2350
1.2356
1.2362
1.2366
1.2373
Camarilla
1.2354
1.2356
1.2357
1.2356
1.2361
1.2362
1.2364
Woodie's
1.2335
1.2340
1.2351
1.2357
1.2368
1.2374
1.2385
DeMark's
-
-
1.2352
1.2357
1.2369
-
-","Technical IndicatorsJun 17, 2021 08:00PM GMT
Name
Value
Action
RSI(14)
72.519
Buy
STOCH(9,6)
75.043
Buy
STOCHRSI(14)
48.544
Neutral
MACD(12,26)
0.003
Buy
ADX(14)
43.639
Buy
Williams %R
-16.439
Overbought
CCI(14)
118.0447
Buy
ATR(14)
0.0025
High Volatility
Highs/Lows(14)
0.0015
Buy
Ultimate Oscillator
69.641
Buy
ROC
0.656
Buy
Bull/Bear Power(13)
0.0039
Buy
Buy: 9
Sell: 0
Neutral: 1


Summary:Strong Buy","Jun 17, 2021 08:00PM GMT"
usd_chf,0.9180 +0.0095    +1.05%,16:01:28,2021-06-17 20:02:10.503925,"Prev. Close: 0.9085
Bid/Ask: 0.9178 / 0.9182
Day's Range: 0.9076 - 0.9188",Strong Buy,"Summary:Strong Buy
Moving Averages:BuyBuy (12)Sell (0)
Technical Indicators:Strong BuyBuy (7)Sell (0)","Name
S3
S2
S1
Pivot Points
R1
R2
R3
Classic
0.9159
0.9162
0.9168
0.9171
0.9177
0.9180
0.9185
Fibonacci
0.9162
0.9166
0.9168
0.9171
0.9174
0.9176
0.9180
Camarilla
0.9171
0.9172
0.9173
0.9171
0.9174
0.9175
0.9176
Woodie's
0.9161
0.9163
0.9170
0.9172
0.9179
0.9181
0.9187
DeMark's
-
-
0.9169
0.9172
0.9178
-
-","Technical IndicatorsJun 17, 2021 07:59PM GMT
Name
Value
Action
RSI(14)
77.164
Overbought
STOCH(9,6)
79.521
Buy
STOCHRSI(14)
13.258
Oversold
MACD(12,26)
0.004
Buy
ADX(14)
38.657
Buy
Williams %R
-8.695
Overbought
CCI(14)
110.1895
Buy
ATR(14)
0.0018
High Volatility
Highs/Lows(14)
0.0020
Buy
Ultimate Oscillator
70.279
Overbought
ROC
1.062
Buy
Bull/Bear Power(13)
0.0032
Buy
Buy: 7
Sell: 0
Neutral: 0


Summary:Strong Buy","Jun 17, 2021 07:59PM GMT"
nzd_chf,0.6425 +0.0021    +0.33%,16:01:42,2021-06-17 20:02:10.506734,"Prev. Close: 0.6404
Bid/Ask: 0.6421 / 0.6429
Day's Range: 0.6406 - 0.6453",Neutral,"Summary:Neutral
Moving Averages:NeutralBuy (6)Sell (6)
Technical Indicators:SellBuy (3)Sell (5)","Name
S3
S2
S1
Pivot Points
R1
R2
R3
Classic
0.6412
0.6417
0.6421
0.6426
0.6430
0.6435
0.6439
Fibonacci
0.6417
0.6420
0.6423
0.6426
0.6429
0.6432
0.6435
Camarilla
0.6422
0.6422
0.6423
0.6426
0.6425
0.6426
0.6426
Woodie's
0.6410
0.6416
0.6419
0.6425
0.6428
0.6434
0.6437
DeMark's
-
-
0.6418
0.6425
0.6428
-
-","Technical IndicatorsJun 17, 2021 08:02PM GMT
Name
Value
Action
RSI(14)
49.764
Neutral
STOCH(9,6)
55.963
Buy
STOCHRSI(14)
40.548
Sell
MACD(12,26)
0.000
Buy
ADX(14)
26.540
Buy
Williams %R
-59.141
Sell
CCI(14)
-28.3369
Neutral
ATR(14)
0.0012
Less Volatility
Highs/Lows(14)
0.0000
Neutral
Ultimate Oscillator
47.619
Sell
ROC
-0.186
Sell
Bull/Bear Power(13)
-0.0010
Sell
Buy: 3
Sell: 5
Neutral: 3


Summary:Sell","Jun 17, 2021 08:02PM GMT"
usd_cny,6.4484 +0.0515    +0.80%,11:27:22,2021-06-17 20:02:10.509532,"Prev. Close: 6.3969
Bid/Ask: 6.4477 / 6.4490
Day's Range: 6.3972 - 6.4494",Strong Buy,"Summary:Strong Buy
Moving Averages:BuyBuy (12)Sell (0)
Technical Indicators:Strong BuyBuy (7)Sell (0)","Name
S3
S2
S1
Pivot Points
R1
R2
R3
Classic
6.4380
6.4399
6.4436
6.4455
6.4492
6.4511
6.4548
Fibonacci
6.4399
6.4420
6.4434
6.4455
6.4476
6.4490
6.4511
Camarilla
6.4458
6.4463
6.4468
6.4455
6.4479
6.4484
6.4489
Woodie's
6.4390
6.4404
6.4446
6.4460
6.4502
6.4516
6.4558
DeMark's
-
-
6.4446
6.4460
6.4502
-
-","Technical IndicatorsJun 17, 2021 03:34PM GMT
Name
Value
Action
RSI(14)
85.433
Overbought
STOCH(9,6)
77.649
Buy
STOCHRSI(14)
100.000
Overbought
MACD(12,26)
0.011
Buy
ADX(14)
61.337
Buy
Williams %R
-3.426
Overbought
CCI(14)
151.8010
Buy
ATR(14)
0.0041
Less Volatility
Highs/Lows(14)
0.0141
Buy
Ultimate Oscillator
82.973
Overbought
ROC
0.391
Buy
Bull/Bear Power(13)
0.0286
Buy
Buy: 7
Sell: 0
Neutral: 0


Summary:Strong Buy","Jun 17, 2021 03:34PM GMT"
usd_hkd,7.7648 +0.0018    +0.02%,16:01:44,2021-06-17 20:02:10.512345,"Prev. Close: 7.7630
Bid/Ask: 7.7646 / 7.7649
Day's Range: 7.7625 - 7.7656",Strong Buy,"Summary:Strong Buy
Moving Averages:BuyBuy (12)Sell (0)
Technical Indicators:Strong BuyBuy (7)Sell (1)","Name
S3
S2
S1
Pivot Points
R1
R2
R3
Classic
7.7647
7.7647
7.7649
7.7649
7.7650
7.7651
7.7652
Fibonacci
7.7647
7.7648
7.7648
7.7649
7.7650
7.7650
7.7651
Camarilla
7.7649
7.7649
7.7649
7.7649
7.7650
7.7650
7.7650
Woodie's
7.7647
7.7647
7.7649
7.7649
7.7650
7.7651
7.7652
DeMark's
-
-
7.7649
7.7649
7.7650
-
-","Technical IndicatorsJun 17, 2021 08:01PM GMT
Name
Value
Action
RSI(14)
57.091
Buy
STOCH(9,6)
52.631
Neutral
STOCHRSI(14)
46.208
Neutral
MACD(12,26)
0.000
Buy
ADX(14)
44.730
Buy
Williams %R
-39.473
Buy
CCI(14)
62.8603
Buy
ATR(14)
0.0008
Less Volatility
Highs/Lows(14)
0.0000
Neutral
Ultimate Oscillator
52.306
Buy
ROC
-0.006
Sell
Bull/Bear Power(13)
0.0017
Buy
Buy: 7
Sell: 1
Neutral: 3


Summary:Strong Buy","Jun 17, 2021 08:01PM GMT"
eur_usd,1.1903 -0.0092    -0.76%,16:02:50,2021-06-17 20:03:10.158824,"Prev. Close: 1.1994
Bid/Ask: 1.1902 / 1.1903
Day's Range: 1.1892 - 1.2007",Strong Sell,"Summary:Strong Sell
Moving Averages:Strong SellBuy (0)Sell (12)
Technical Indicators:Strong SellBuy (0)Sell (9)","Name
S3
S2
S1
Pivot Points
R1
R2
R3
Classic
1.1884
1.1892
1.1898
1.1906
1.1911
1.1920
1.1925
Fibonacci
1.1892
1.1898
1.1901
1.1906
1.1911
1.1914
1.1920
Camarilla
1.1898
1.1900
1.1901
1.1906
1.1903
1.1904
1.1906
Woodie's
1.1882
1.1891
1.1896
1.1905
1.1909
1.1919
1.1923
DeMark's
-
-
1.1895
1.1905
1.1908
-
-","Technical IndicatorsJun 17, 2021 08:02PM GMT
Name
Value
Action
RSI(14)
25.734
Sell
STOCH(9,6)
21.444
Sell
STOCHRSI(14)
83.728
Overbought
MACD(12,26)
-0.004
Sell
ADX(14)
43.616
Sell
Williams %R
-88.719
Oversold
CCI(14)
-135.0881
Sell
ATR(14)
0.0021
Less Volatility
Highs/Lows(14)
-0.0016
Sell
Ultimate Oscillator
36.505
Sell
ROC
-0.701
Sell
Bull/Bear Power(13)
-0.0055
Sell
Buy: 0
Sell: 9
Neutral: 0


Summary:Strong Sell","Jun 17, 2021 08:02PM GMT"
gbp_usd,1.3923 -0.0064    -0.46%,16:02:40,2021-06-17 20:03:10.162466,"Prev. Close: 1.3987
Bid/Ask: 1.3921 / 1.3925
Day's Range: 1.3896 - 1.4010",Strong Sell,"Summary:Strong Sell
Moving Averages:SellBuy (1)Sell (11)
Technical Indicators:Strong SellBuy (0)Sell (10)","Name
S3
S2
S1
Pivot Points
R1
R2
R3
Classic
1.3904
1.3911
1.3916
1.3923
1.3929
1.3935
1.3941
Fibonacci
1.3911
1.3916
1.3918
1.3923
1.3928
1.3930
1.3935
Camarilla
1.3917
1.3918
1.3919
1.3923
1.3922
1.3923
1.3924
Woodie's
1.3902
1.3910
1.3914
1.3922
1.3927
1.3934
1.3939
DeMark's
-
-
1.3913
1.3921
1.3925
-
-","Technical IndicatorsJun 17, 2021 08:01PM GMT
Name
Value
Action
RSI(14)
34.483
Sell
STOCH(9,6)
26.501
Sell
STOCHRSI(14)
92.987
Overbought
MACD(12,26)
-0.003
Sell
ADX(14)
42.842
Sell
Williams %R
-76.555
Sell
CCI(14)
-86.0680
Sell
ATR(14)
0.0025
High Volatility
Highs/Lows(14)
-0.0010
Sell
Ultimate Oscillator
33.745
Sell
ROC
-0.525
Sell
Bull/Bear Power(13)
-0.0040
Sell
Buy: 0
Sell: 10
Neutral: 0


Summary:Strong Sell","Jun 17, 2021 08:01PM GMT"
usd_jpy,110.27 -0.42    -0.38%,16:02:38,2021-06-17 20:03:10.165429,"Prev. Close: 110.69
Bid/Ask: 110.25 / 110.28
Day's Range: 110.17 - 110.83",Strong Sell,"Summary:Strong Sell
Moving Averages:SellBuy (5)Sell (7)
Technical Indicators:Strong SellBuy (0)Sell (8)","Name
S3
S2
S1
Pivot Points
R1
R2
R3
Classic
110.18
110.22
110.24
110.28
110.31
110.34
110.37
Fibonacci
110.22
110.24
110.26
110.28
110.30
110.32
110.34
Camarilla
110.25
110.26
110.26
110.28
110.28
110.28
110.29
Woodie's
110.18
110.22
110.24
110.28
110.31
110.34
110.37
DeMark's
-
-
110.26
110.29
110.32
-
-","Technical IndicatorsJun 17, 2021 08:01PM GMT
Name
Value
Action
RSI(14)
42.564
Sell
STOCH(9,6)
16.844
Oversold
STOCHRSI(14)
15.666
Oversold
MACD(12,26)
-0.020
Sell
ADX(14)
34.221
Sell
Williams %R
-82.352
Oversold
CCI(14)
-74.3357
Sell
ATR(14)
0.1243
Less Volatility
Highs/Lows(14)
-0.1136
Sell
Ultimate Oscillator
42.289
Sell
ROC
-0.343
Sell
Bull/Bear Power(13)
-0.2310
Sell
Buy: 0
Sell: 8
Neutral: 0


Summary:Strong Sell","Jun 17, 2021 08:01PM GMT"
aud_usd,0.7549 -0.0061    -0.80%,16:02:54,2021-06-17 20:03:10.168275,"Prev. Close: 0.7610
Bid/Ask: 0.7548 / 0.7550
Day's Range: 0.7540 - 0.7646",Strong Sell,"Summary:Strong Sell
Moving Averages:Strong SellBuy (0)Sell (12)
Technical Indicators:Strong SellBuy (1)Sell (8)","Name
S3
S2
S1
Pivot Points
R1
R2
R3
Classic
0.7533
0.7539
0.7543
0.7549
0.7553
0.7559
0.7562
Fibonacci
0.7539
0.7543
0.7545
0.7549
0.7553
0.7555
0.7559
Camarilla
0.7545
0.7546
0.7547
0.7549
0.7548
0.7549
0.7550
Woodie's
0.7533
0.7539
0.7543
0.7549
0.7553
0.7559
0.7562
DeMark's
-
-
0.7541
0.7548
0.7551
-
-","Technical IndicatorsJun 17, 2021 08:01PM GMT
Name
Value
Action
RSI(14)
26.611
Sell
STOCH(9,6)
17.208
Oversold
STOCHRSI(14)
69.666
Buy
MACD(12,26)
-0.003
Sell
ADX(14)
54.197
Sell
Williams %R
-89.944
Oversold
CCI(14)
-96.9993
Sell
ATR(14)
0.0018
Less Volatility
Highs/Lows(14)
-0.0015
Sell
Ultimate Oscillator
34.671
Sell
ROC
-0.951
Sell
Bull/Bear Power(13)
-0.0045
Sell
Buy: 1
Sell: 8
Neutral: 0


Summary:Strong Sell","Jun 17, 2021 08:01PM GMT"
eur_gbp,0.8549 -0.0024    -0.28%,16:02:35,2021-06-17 20:03:10.171106,"Prev. Close: 0.8573
Bid/Ask: 0.8547 / 0.8551
Day's Range: 0.8542 - 0.8580",Strong Sell,"Summary:Strong Sell
Moving Averages:Strong SellBuy (0)Sell (12)
Technical Indicators:Strong SellBuy (2)Sell (8)","Name
S3
S2
S1
Pivot Points
R1
R2
R3
Classic
0.8538
0.8543
0.8547
0.8551
0.8555
0.8559
0.8563
Fibonacci
0.8543
0.8546
0.8548
0.8551
0.8554
0.8556
0.8559
Camarilla
0.8548
0.8549
0.8550
0.8551
0.8551
0.8552
0.8553
Woodie's
0.8538
0.8543
0.8547
0.8551
0.8555
0.8559
0.8563
DeMark's
-
-
0.8545
0.8550
0.8553
-
-","Technical IndicatorsJun 17, 2021 08:01PM GMT
Name
Value
Action
RSI(14)
34.454
Sell
STOCH(9,6)
41.297
Sell
STOCHRSI(14)
56.372
Buy
MACD(12,26)
-0.001
Sell
ADX(14)
43.306
Sell
Williams %R
-71.666
Sell
CCI(14)
-122.6442
Sell
ATR(14)
0.0011
High Volatility
Highs/Lows(14)
0.0000
Neutral
Ultimate Oscillator
54.748
Buy
ROC
-0.181
Sell
Bull/Bear Power(13)
-0.0020
Sell
Buy: 2
Sell: 8
Neutral: 1


Summary:Strong Sell","Jun 17, 2021 08:01PM GMT"
usd_cad,1.2358 +0.0082    +0.67%,16:02:53,2021-06-17 20:03:10.173897,"Prev. Close: 1.2276
Bid/Ask: 1.2356 / 1.2360
Day's Range: 1.2261 - 1.2378",Strong Buy,"Summary:Strong Buy
Moving Averages:Strong BuyBuy (11)Sell (1)
Technical Indicators:Strong BuyBuy (10)Sell (1)","Name
S3
S2
S1
Pivot Points
R1
R2
R3
Classic
1.2333
1.2339
1.2349
1.2356
1.2366
1.2373
1.2383
Fibonacci
1.2339
1.2346
1.2350
1.2356
1.2362
1.2366
1.2373
Camarilla
1.2354
1.2356
1.2357
1.2356
1.2361
1.2362
1.2364
Woodie's
1.2335
1.2340
1.2351
1.2357
1.2368
1.2374
1.2385
DeMark's
-
-
1.2352
1.2357
1.2369
-
-","Technical IndicatorsJun 17, 2021 08:02PM GMT
Name
Value
Action
RSI(14)
69.733
Buy
STOCH(9,6)
73.932
Buy
STOCHRSI(14)
27.531
Sell
MACD(12,26)
0.003
Buy
ADX(14)
43.639
Buy
Williams %R
-21.462
Buy
CCI(14)
105.8055
Buy
ATR(14)
0.0025
High Volatility
Highs/Lows(14)
0.0009
Buy
Ultimate Oscillator
67.822
Buy
ROC
0.611
Buy
Bull/Bear Power(13)
0.0033
Buy
Buy: 10
Sell: 1
Neutral: 0


Summary:Strong Buy","Jun 17, 2021 08:02PM GMT"
usd_chf,0.9178 +0.0092    +1.02%,16:02:46,2021-06-17 20:03:10.176699,"Prev. Close: 0.9085
Bid/Ask: 0.9177 / 0.9178
Day's Range: 0.9076 - 0.9188",Strong Buy,"Summary:Strong Buy
Moving Averages:BuyBuy (12)Sell (0)
Technical Indicators:Strong BuyBuy (7)Sell (0)","Name
S3
S2
S1
Pivot Points
R1
R2
R3
Classic
0.9165
0.9168
0.9174
0.9177
0.9182
0.9186
0.9191
Fibonacci
0.9168
0.9171
0.9174
0.9177
0.9180
0.9183
0.9186
Camarilla
0.9176
0.9177
0.9178
0.9177
0.9179
0.9180
0.9181
Woodie's
0.9165
0.9168
0.9174
0.9177
0.9182
0.9186
0.9191
DeMark's
-
-
0.9175
0.9178
0.9184
-
-","Technical IndicatorsJun 17, 2021 08:01PM GMT
Name
Value
Action
RSI(14)
77.375
Overbought
STOCH(9,6)
82.694
Overbought
STOCHRSI(14)
15.125
Oversold
MACD(12,26)
0.004
Buy
ADX(14)
43.654
Buy
Williams %R
-9.196
Overbought
CCI(14)
121.2775
Buy
ATR(14)
0.0017
High Volatility
Highs/Lows(14)
0.0015
Buy
Ultimate Oscillator
65.919
Buy
ROC
0.857
Buy
Bull/Bear Power(13)
0.0039
Buy
Buy: 7
Sell: 0
Neutral: 0


Summary:Strong Buy","Jun 17, 2021 08:01PM GMT"
nzd_chf,0.6424 +0.0019    +0.30%,16:02:48,2021-06-17 20:03:10.179499,"Prev. Close: 0.6404
Bid/Ask: 0.6421 / 0.6426
Day's Range: 0.6406 - 0.6453",Neutral,"Summary:Neutral
Moving Averages:NeutralBuy (6)Sell (6)
Technical Indicators:SellBuy (3)Sell (5)","Name
S3
S2
S1
Pivot Points
R1
R2
R3
Classic
0.6412
0.6417
0.6421
0.6426
0.6430
0.6435
0.6439
Fibonacci
0.6417
0.6420
0.6423
0.6426
0.6429
0.6432
0.6435
Camarilla
0.6422
0.6422
0.6423
0.6426
0.6425
0.6426
0.6426
Woodie's
0.6410
0.6416
0.6419
0.6425
0.6428
0.6434
0.6437
DeMark's
-
-
0.6418
0.6425
0.6428
-
-","Technical IndicatorsJun 17, 2021 08:02PM GMT
Name
Value
Action
RSI(14)
49.764
Neutral
STOCH(9,6)
55.963
Buy
STOCHRSI(14)
40.548
Sell
MACD(12,26)
0.000
Buy
ADX(14)
26.540
Buy
Williams %R
-59.141
Sell
CCI(14)
-28.3369
Neutral
ATR(14)
0.0012
Less Volatility
Highs/Lows(14)
0.0000
Neutral
Ultimate Oscillator
47.619
Sell
ROC
-0.186
Sell
Bull/Bear Power(13)
-0.0010
Sell
Buy: 3
Sell: 5
Neutral: 3


Summary:Sell","Jun 17, 2021 08:02PM GMT"
usd_cny,6.4484 +0.0515    +0.80%,11:27:22,2021-06-17 20:03:10.182306,"Prev. Close: 6.3969
Bid/Ask: 6.4477 / 6.4490
Day's Range: 6.3972 - 6.4494",Strong Buy,"Summary:Strong Buy
Moving Averages:BuyBuy (12)Sell (0)
Technical Indicators:Strong BuyBuy (7)Sell (0)","Name
S3
S2
S1
Pivot Points
R1
R2
R3
Classic
6.4380
6.4399
6.4436
6.4455
6.4492
6.4511
6.4548
Fibonacci
6.4399
6.4420
6.4434
6.4455
6.4476
6.4490
6.4511
Camarilla
6.4458
6.4463
6.4468
6.4455
6.4479
6.4484
6.4489
Woodie's
6.4390
6.4404
6.4446
6.4460
6.4502
6.4516
6.4558
DeMark's
-
-
6.4446
6.4460
6.4502
-
-","Technical IndicatorsJun 17, 2021 03:34PM GMT
Name
Value
Action
RSI(14)
85.433
Overbought
STOCH(9,6)
77.649
Buy
STOCHRSI(14)
100.000
Overbought
MACD(12,26)
0.011
Buy
ADX(14)
61.337
Buy
Williams %R
-3.426
Overbought
CCI(14)
151.8010
Buy
ATR(14)
0.0041
Less Volatility
Highs/Lows(14)
0.0141
Buy
Ultimate Oscillator
82.973
Overbought
ROC
0.391
Buy
Bull/Bear Power(13)
0.0286
Buy
Buy: 7
Sell: 0
Neutral: 0


Summary:Strong Buy","Jun 17, 2021 03:34PM GMT"
usd_hkd,7.7646 +0.0015    +0.02%,16:02:44,2021-06-17 20:03:10.185100,"Prev. Close: 7.7630
Bid/Ask: 7.7645 / 7.7646
Day's Range: 7.7625 - 7.7656",Strong Buy,"Summary:Strong Buy
Moving Averages:BuyBuy (12)Sell (0)
Technical Indicators:Strong BuyBuy (7)Sell (1)","Name
S3
S2
S1
Pivot Points
R1
R2
R3
Classic
7.7647
7.7647
7.7649
7.7649
7.7650
7.7651
7.7652
Fibonacci
7.7647
7.7648
7.7648
7.7649
7.7650
7.7650
7.7651
Camarilla
7.7649
7.7649
7.7649
7.7649
7.7650
7.7650
7.7650
Woodie's
7.7647
7.7647
7.7649
7.7649
7.7650
7.7651
7.7652
DeMark's
-
-
7.7649
7.7649
7.7650
-
-","Technical IndicatorsJun 17, 2021 08:01PM GMT
Name
Value
Action
RSI(14)
57.091
Buy
STOCH(9,6)
52.631
Neutral
STOCHRSI(14)
46.208
Neutral
MACD(12,26)
0.000
Buy
ADX(14)
44.730
Buy
Williams %R
-39.473
Buy
CCI(14)
62.8603
Buy
ATR(14)
0.0008
Less Volatility
Highs/Lows(14)
0.0000
Neutral
Ultimate Oscillator
52.306
Buy
ROC
-0.006
Sell
Bull/Bear Power(13)
0.0017
Buy
Buy: 7
Sell: 1
Neutral: 3


Summary:Strong Buy","Jun 17, 2021 08:01PM GMT"
eur_usd,1.1902 -0.0092    -0.77%,16:03:40,2021-06-17 20:04:10.689183,"Prev. Close: 1.1994
Bid/Ask: 1.1900 / 1.1904
Day's Range: 1.1892 - 1.2007",Strong Sell,"Summary:Strong Sell
Moving Averages:Strong SellBuy (0)Sell (12)
Technical Indicators:Strong SellBuy (0)Sell (9)","Name
S3
S2
S1
Pivot Points
R1
R2
R3
Classic
1.1884
1.1892
1.1898
1.1906
1.1911
1.1920
1.1925
Fibonacci
1.1892
1.1898
1.1901
1.1906
1.1911
1.1914
1.1920
Camarilla
1.1898
1.1900
1.1901
1.1906
1.1903
1.1904
1.1906
Woodie's
1.1882
1.1891
1.1896
1.1905
1.1909
1.1919
1.1923
DeMark's
-
-
1.1895
1.1905
1.1908
-
-","Technical IndicatorsJun 17, 2021 08:03PM GMT
Name
Value
Action
RSI(14)
26.004
Sell
STOCH(9,6)
21.585
Sell
STOCHRSI(14)
85.887
Overbought
MACD(12,26)
-0.004
Sell
ADX(14)
43.616
Sell
Williams %R
-88.205
Oversold
CCI(14)
-133.8643
Sell
ATR(14)
0.0021
Less Volatility
Highs/Lows(14)
-0.0015
Sell
Ultimate Oscillator
36.682
Sell
ROC
-0.697
Sell
Bull/Bear Power(13)
-0.0054
Sell
Buy: 0
Sell: 9
Neutral: 0


Summary:Strong Sell","Jun 17, 2021 08:03PM GMT"
gbp_usd,1.3923 -0.0064    -0.46%,16:03:34,2021-06-17 20:04:10.692815,"Prev. Close: 1.3987
Bid/Ask: 1.3921 / 1.3925
Day's Range: 1.3896 - 1.4010",Strong Sell,"Summary:Strong Sell
Moving Averages:SellBuy (2)Sell (10)
Technical Indicators:Strong SellBuy (0)Sell (10)","Name
S3
S2
S1
Pivot Points
R1
R2
R3
Classic
1.3904
1.3911
1.3916
1.3923
1.3929
1.3935
1.3941
Fibonacci
1.3911
1.3916
1.3918
1.3923
1.3928
1.3930
1.3935
Camarilla
1.3917
1.3918
1.3919
1.3923
1.3922
1.3923
1.3924
Woodie's
1.3902
1.3910
1.3914
1.3922
1.3927
1.3934
1.3939
DeMark's
-
-
1.3913
1.3921
1.3925
-
-","Technical IndicatorsJun 17, 2021 08:03PM GMT
Name
Value
Action
RSI(14)
35.440
Sell
STOCH(9,6)
27.128
Sell
STOCHRSI(14)
100.000
Overbought
MACD(12,26)
-0.003
Sell
ADX(14)
42.842
Sell
Williams %R
-74.163
Sell
CCI(14)
-80.6897
Sell
ATR(14)
0.0026
High Volatility
Highs/Lows(14)
-0.0008
Sell
Ultimate Oscillator
34.452
Sell
ROC
-0.507
Sell
Bull/Bear Power(13)
-0.0037
Sell
Buy: 0
Sell: 10
Neutral: 0


Summary:Strong Sell","Jun 17, 2021 08:03PM GMT"
usd_jpy,110.28 -0.41    -0.37%,16:03:39,2021-06-17 20:04:10.695749,"Prev. Close: 110.69
Bid/Ask: 110.26 / 110.29
Day's Range: 110.17 - 110.83",Strong Sell,"Summary:Strong Sell
Moving Averages:SellBuy (5)Sell (7)
Technical Indicators:Strong SellBuy (0)Sell (8)","Name
S3
S2
S1
Pivot Points
R1
R2
R3
Classic
110.18
110.22
110.24
110.28
110.31
110.34
110.37
Fibonacci
110.22
110.24
110.26
110.28
110.30
110.32
110.34
Camarilla
110.25
110.26
110.26
110.28
110.28
110.28
110.29
Woodie's
110.18
110.22
110.24
110.28
110.31
110.34
110.37
DeMark's
-
-
110.26
110.29
110.32
-
-","Technical IndicatorsJun 17, 2021 08:03PM GMT
Name
Value
Action
RSI(14)
42.564
Sell
STOCH(9,6)
16.844
Oversold
STOCHRSI(14)
15.666
Oversold
MACD(12,26)
-0.020
Sell
ADX(14)
34.221
Sell
Williams %R
-82.352
Oversold
CCI(14)
-74.3357
Sell
ATR(14)
0.1243
Less Volatility
Highs/Lows(14)
-0.1136
Sell
Ultimate Oscillator
42.289
Sell
ROC
-0.343
Sell
Bull/Bear Power(13)
-0.2310
Sell
Buy: 0
Sell: 8
Neutral: 0


Summary:Strong Sell","Jun 17, 2021 08:03PM GMT"
aud_usd,0.7549 -0.0061    -0.80%,16:03:00,2021-06-17 20:04:10.698566,"Prev. Close: 0.7610
Bid/Ask: 0.7548 / 0.7550
Day's Range: 0.7540 - 0.7646",Strong Sell,"Summary:Strong Sell
Moving Averages:Strong SellBuy (0)Sell (12)
Technical Indicators:Strong SellBuy (1)Sell (8)","Name
S3
S2
S1
Pivot Points
R1
R2
R3
Classic
0.7533
0.7539
0.7543
0.7549
0.7553
0.7559
0.7562
Fibonacci
0.7539
0.7543
0.7545
0.7549
0.7553
0.7555
0.7559
Camarilla
0.7545
0.7546
0.7547
0.7549
0.7548
0.7549
0.7550
Woodie's
0.7533
0.7539
0.7543
0.7549
0.7553
0.7559
0.7562
DeMark's
-
-
0.7541
0.7548
0.7551
-
-","Technical IndicatorsJun 17, 2021 08:03PM GMT
Name
Value
Action
RSI(14)
26.957
Sell
STOCH(9,6)
17.367
Oversold
STOCHRSI(14)
72.510
Buy
MACD(12,26)
-0.003
Sell
ADX(14)
54.197
Sell
Williams %R
-89.386
Oversold
CCI(14)
-95.4427
Sell
ATR(14)
0.0018
Less Volatility
Highs/Lows(14)
-0.0014
Sell
Ultimate Oscillator
34.763
Sell
ROC
-0.945
Sell
Bull/Bear Power(13)
-0.0044
Sell
Buy: 1
Sell: 8
Neutral: 0


Summary:Strong Sell","Jun 17, 2021 08:03PM GMT"
eur_gbp,0.8549 -0.0024    -0.29%,16:03:30,2021-06-17 20:04:10.701357,"Prev. Close: 0.8573
Bid/Ask: 0.8546 / 0.8551
Day's Range: 0.8542 - 0.8580",Strong Sell,"Summary:Strong Sell
Moving Averages:Strong SellBuy (0)Sell (12)
Technical Indicators:Strong SellBuy (1)Sell (9)","Name
S3
S2
S1
Pivot Points
R1
R2
R3
Classic
0.8538
0.8543
0.8547
0.8551
0.8555
0.8559
0.8563
Fibonacci
0.8543
0.8546
0.8548
0.8551
0.8554
0.8556
0.8559
Camarilla
0.8548
0.8549
0.8550
0.8551
0.8551
0.8552
0.8553
Woodie's
0.8538
0.8543
0.8547
0.8551
0.8555
0.8559
0.8563
DeMark's
-
-
0.8545
0.8550
0.8553
-
-","Technical IndicatorsJun 17, 2021 08:03PM GMT
Name
Value
Action
RSI(14)
33.495
Sell
STOCH(9,6)
40.370
Sell
STOCHRSI(14)
52.211
Neutral
MACD(12,26)
-0.001
Sell
ADX(14)
43.306
Sell
Williams %R
-76.667
Sell
CCI(14)
-138.0744
Sell
ATR(14)
0.0011
High Volatility
Highs/Lows(14)
-0.0001
Sell
Ultimate Oscillator
53.720
Buy
ROC
-0.198
Sell
Bull/Bear Power(13)
-0.0021
Sell
Buy: 1
Sell: 9
Neutral: 1


Summary:Strong Sell","Jun 17, 2021 08:03PM GMT"
usd_cad,1.2359 +0.0083    +0.67%,16:03:39,2021-06-17 20:04:10.704175,"Prev. Close: 1.2276
Bid/Ask: 1.2358 / 1.2359
Day's Range: 1.2261 - 1.2378",Strong Buy,"Summary:Strong Buy
Moving Averages:Strong BuyBuy (11)Sell (1)
Technical Indicators:Strong BuyBuy (10)Sell (1)","Name
S3
S2
S1
Pivot Points
R1
R2
R3
Classic
1.2333
1.2339
1.2349
1.2356
1.2366
1.2373
1.2383
Fibonacci
1.2339
1.2346
1.2350
1.2356
1.2362
1.2366
1.2373
Camarilla
1.2354
1.2356
1.2357
1.2356
1.2361
1.2362
1.2364
Woodie's
1.2335
1.2340
1.2351
1.2357
1.2368
1.2374
1.2385
DeMark's
-
-
1.2352
1.2357
1.2369
-
-","Technical IndicatorsJun 17, 2021 08:02PM GMT
Name
Value
Action
RSI(14)
69.733
Buy
STOCH(9,6)
73.932
Buy
STOCHRSI(14)
27.531
Sell
MACD(12,26)
0.003
Buy
ADX(14)
43.639
Buy
Williams %R
-21.462
Buy
CCI(14)
105.8055
Buy
ATR(14)
0.0025
High Volatility
Highs/Lows(14)
0.0009
Buy
Ultimate Oscillator
67.822
Buy
ROC
0.611
Buy
Bull/Bear Power(13)
0.0033
Buy
Buy: 10
Sell: 1
Neutral: 0


Summary:Strong Buy","Jun 17, 2021 08:02PM GMT"
usd_chf,0.9179 +0.0094    +1.03%,16:03:29,2021-06-17 20:04:10.707004,"Prev. Close: 0.9085
Bid/Ask: 0.9178 / 0.9179
Day's Range: 0.9076 - 0.9188",Strong Buy,"Summary:Strong Buy
Moving Averages:BuyBuy (12)Sell (0)
Technical Indicators:Strong BuyBuy (7)Sell (0)","Name
S3
S2
S1
Pivot Points
R1
R2
R3
Classic
0.9165
0.9168
0.9174
0.9177
0.9182
0.9186
0.9191
Fibonacci
0.9168
0.9171
0.9174
0.9177
0.9180
0.9183
0.9186
Camarilla
0.9176
0.9177
0.9178
0.9177
0.9179
0.9180
0.9181
Woodie's
0.9165
0.9168
0.9174
0.9177
0.9182
0.9186
0.9191
DeMark's
-
-
0.9175
0.9178
0.9184
-
-","Technical IndicatorsJun 17, 2021 08:03PM GMT
Name
Value
Action
RSI(14)
76.720
Overbought
STOCH(9,6)
82.077
Overbought
STOCHRSI(14)
9.331
Oversold
MACD(12,26)
0.004
Buy
ADX(14)
43.654
Buy
Williams %R
-11.494
Overbought
CCI(14)
116.8852
Buy
ATR(14)
0.0017
High Volatility
Highs/Lows(14)
0.0013
Buy
Ultimate Oscillator
64.740
Buy
ROC
0.835
Buy
Bull/Bear Power(13)
0.0037
Buy
Buy: 7
Sell: 0
Neutral: 0


Summary:Strong Buy","Jun 17, 2021 08:03PM GMT"
nzd_chf,0.6424 +0.0020    +0.31%,16:03:40,2021-06-17 20:04:10.709796,"Prev. Close: 0.6404
Bid/Ask: 0.6422 / 0.6426
Day's Range: 0.6406 - 0.6453",Sell,"Summary:Sell
Moving Averages:SellBuy (4)Sell (8)
Technical Indicators:SellBuy (2)Sell (5)","Name
S3
S2
S1
Pivot Points
R1
R2
R3
Classic
0.6412
0.6417
0.6421
0.6426
0.6430
0.6435
0.6439
Fibonacci
0.6417
0.6420
0.6423
0.6426
0.6429
0.6432
0.6435
Camarilla
0.6422
0.6422
0.6423
0.6426
0.6425
0.6426
0.6426
Woodie's
0.6410
0.6416
0.6419
0.6425
0.6428
0.6434
0.6437
DeMark's
-
-
0.6418
0.6425
0.6428
-
-","Technical IndicatorsJun 17, 2021 08:03PM GMT
Name
Value
Action
RSI(14)
48.610
Neutral
STOCH(9,6)
54.963
Neutral
STOCHRSI(14)
36.125
Sell
MACD(12,26)
0.000
Buy
ADX(14)
26.540
Buy
Williams %R
-62.366
Sell
CCI(14)
-35.1760
Neutral
ATR(14)
0.0012
Less Volatility
Highs/Lows(14)
0.0000
Neutral
Ultimate Oscillator
46.078
Sell
ROC
-0.210
Sell
Bull/Bear Power(13)
-0.0011
Sell
Buy: 2
Sell: 5
Neutral: 4


Summary:Sell","Jun 17, 2021 08:03PM GMT"
usd_cny,6.4484 +0.0515    +0.80%,11:27:22,2021-06-17 20:04:10.712606,"Prev. Close: 6.3969
Bid/Ask: 6.4477 / 6.4490
Day's Range: 6.3972 - 6.4494",Strong Buy,"Summary:Strong Buy
Moving Averages:BuyBuy (12)Sell (0)
Technical Indicators:Strong BuyBuy (7)Sell (0)","Name
S3
S2
S1
Pivot Points
R1
R2
R3
Classic
6.4380
6.4399
6.4436
6.4455
6.4492
6.4511
6.4548
Fibonacci
6.4399
6.4420
6.4434
6.4455
6.4476
6.4490
6.4511
Camarilla
6.4458
6.4463
6.4468
6.4455
6.4479
6.4484
6.4489
Woodie's
6.4390
6.4404
6.4446
6.4460
6.4502
6.4516
6.4558
DeMark's
-
-
6.4446
6.4460
6.4502
-
-","Technical IndicatorsJun 17, 2021 03:34PM GMT
Name
Value
Action
RSI(14)
85.433
Overbought
STOCH(9,6)
77.649
Buy
STOCHRSI(14)
100.000
Overbought
MACD(12,26)
0.011
Buy
ADX(14)
61.337
Buy
Williams %R
-3.426
Overbought
CCI(14)
151.8010
Buy
ATR(14)
0.0041
Less Volatility
Highs/Lows(14)
0.0141
Buy
Ultimate Oscillator
82.973
Overbought
ROC
0.391
Buy
Bull/Bear Power(13)
0.0286
Buy
Buy: 7
Sell: 0
Neutral: 0


Summary:Strong Buy","Jun 17, 2021 03:34PM GMT"
usd_hkd,7.7647 +0.0016    +0.02%,16:03:44,2021-06-17 20:04:10.715422,"Prev. Close: 7.7630
Bid/Ask: 7.7644 / 7.7649
Day's Range: 7.7625 - 7.7656",Buy,"Summary:Buy
Moving Averages:BuyBuy (10)Sell (2)
Technical Indicators:BUYBuy (4)Sell (2)","Name
S3
S2
S1
Pivot Points
R1
R2
R3
Classic
7.7647
7.7647
7.7649
7.7649
7.7650
7.7651
7.7652
Fibonacci
7.7647
7.7648
7.7648
7.7649
7.7650
7.7650
7.7651
Camarilla
7.7649
7.7649
7.7649
7.7649
7.7650
7.7650
7.7650
Woodie's
7.7647
7.7647
7.7649
7.7649
7.7650
7.7651
7.7652
DeMark's
-
-
7.7649
7.7649
7.7650
-
-","Technical IndicatorsJun 17, 2021 08:03PM GMT
Name
Value
Action
RSI(14)
55.113
Buy
STOCH(9,6)
50.874
Neutral
STOCHRSI(14)
32.887
Sell
MACD(12,26)
0.000
Buy
ADX(14)
38.909
Neutral
Williams %R
-50.013
Neutral
CCI(14)
23.4825
Neutral
ATR(14)
0.0008
Less Volatility
Highs/Lows(14)
0.0000
Neutral
Ultimate Oscillator
51.272
Buy
ROC
-0.008
Sell
Bull/Bear Power(13)
0.0014
Buy
Buy: 4
Sell: 2
Neutral: 5


Summary:BUY","Jun 17, 2021 08:03PM GMT"
eur_usd,1.1901 -0.0093    -0.78%,16:04:52,2021-06-17 20:05:10.442233,"Prev. Close: 1.1994
Bid/Ask: 1.1899 / 1.1903
Day's Range: 1.1892 - 1.2007",Strong Sell,"Summary:Strong Sell
Moving Averages:Strong SellBuy (0)Sell (12)
Technical Indicators:Strong SellBuy (0)Sell (9)","Name
S3
S2
S1
Pivot Points
R1
R2
R3
Classic
1.1884
1.1892
1.1898
1.1906
1.1911
1.1920
1.1925
Fibonacci
1.1892
1.1898
1.1901
1.1906
1.1911
1.1914
1.1920
Camarilla
1.1898
1.1900
1.1901
1.1906
1.1903
1.1904
1.1906
Woodie's
1.1882
1.1891
1.1896
1.1905
1.1909
1.1919
1.1923
DeMark's
-
-
1.1895
1.1905
1.1908
-
-","Technical IndicatorsJun 17, 2021 08:03PM GMT
Name
Value
Action
RSI(14)
26.004
Sell
STOCH(9,6)
21.585
Sell
STOCHRSI(14)
85.887
Overbought
MACD(12,26)
-0.004
Sell
ADX(14)
43.616
Sell
Williams %R
-88.205
Oversold
CCI(14)
-133.8643
Sell
ATR(14)
0.0021
Less Volatility
Highs/Lows(14)
-0.0015
Sell
Ultimate Oscillator
36.682
Sell
ROC
-0.697
Sell
Bull/Bear Power(13)
-0.0054
Sell
Buy: 0
Sell: 9
Neutral: 0


Summary:Strong Sell","Jun 17, 2021 08:03PM GMT"
gbp_usd,1.3923 -0.0065    -0.46%,16:04:43,2021-06-17 20:05:10.445922,"Prev. Close: 1.3987
Bid/Ask: 1.3922 / 1.3923
Day's Range: 1.3896 - 1.4010",Strong Sell,"Summary:Strong Sell
Moving Averages:SellBuy (2)Sell (10)
Technical Indicators:Strong SellBuy (0)Sell (10)","Name
S3
S2
S1
Pivot Points
R1
R2
R3
Classic
1.3904
1.3911
1.3916
1.3923
1.3929
1.3935
1.3941
Fibonacci
1.3911
1.3916
1.3918
1.3923
1.3928
1.3930
1.3935
Camarilla
1.3917
1.3918
1.3919
1.3923
1.3922
1.3923
1.3924
Woodie's
1.3902
1.3910
1.3914
1.3922
1.3927
1.3934
1.3939
DeMark's
-
-
1.3913
1.3921
1.3925
-
-","Technical IndicatorsJun 17, 2021 08:03PM GMT
Name
Value
Action
RSI(14)
35.440
Sell
STOCH(9,6)
27.128
Sell
STOCHRSI(14)
100.000
Overbought
MACD(12,26)
-0.003
Sell
ADX(14)
42.842
Sell
Williams %R
-74.163
Sell
CCI(14)
-80.6897
Sell
ATR(14)
0.0026
High Volatility
Highs/Lows(14)
-0.0008
Sell
Ultimate Oscillator
34.452
Sell
ROC
-0.507
Sell
Bull/Bear Power(13)
-0.0037
Sell
Buy: 0
Sell: 10
Neutral: 0


Summary:Strong Sell","Jun 17, 2021 08:03PM GMT"
usd_jpy,110.27 -0.42    -0.38%,16:04:32,2021-06-17 20:05:10.448950,"Prev. Close: 110.69
Bid/Ask: 110.26 / 110.28
Day's Range: 110.17 - 110.83",Strong Sell,"Summary:Strong Sell
Moving Averages:SellBuy (5)Sell (7)
Technical Indicators:Strong SellBuy (0)Sell (8)","Name
S3
S2
S1
Pivot Points
R1
R2
R3
Classic
110.18
110.22
110.24
110.28
110.31
110.34
110.37
Fibonacci
110.22
110.24
110.26
110.28
110.30
110.32
110.34
Camarilla
110.25
110.26
110.26
110.28
110.28
110.28
110.29
Woodie's
110.18
110.22
110.24
110.28
110.31
110.34
110.37
DeMark's
-
-
110.26
110.29
110.32
-
-","Technical IndicatorsJun 17, 2021 08:03PM GMT
Name
Value
Action
RSI(14)
42.564
Sell
STOCH(9,6)
16.844
Oversold
STOCHRSI(14)
15.666
Oversold
MACD(12,26)
-0.020
Sell
ADX(14)
34.221
Sell
Williams %R
-82.352
Oversold
CCI(14)
-74.3357
Sell
ATR(14)
0.1243
Less Volatility
Highs/Lows(14)
-0.1136
Sell
Ultimate Oscillator
42.289
Sell
ROC
-0.343
Sell
Bull/Bear Power(13)
-0.2310
Sell
Buy: 0
Sell: 8
Neutral: 0


Summary:Strong Sell","Jun 17, 2021 08:03PM GMT"
aud_usd,0.7549 -0.0061    -0.80%,16:04:52,2021-06-17 20:05:10.451900,"Prev. Close: 0.7610
Bid/Ask: 0.7548 / 0.7550
Day's Range: 0.7540 - 0.7646",Strong Sell,"Summary:Strong Sell
Moving Averages:Strong SellBuy (0)Sell (12)
Technical Indicators:Strong SellBuy (1)Sell (8)","Name
S3
S2
S1
Pivot Points
R1
R2
R3
Classic
0.7533
0.7539
0.7543
0.7549
0.7553
0.7559
0.7562
Fibonacci
0.7539
0.7543
0.7545
0.7549
0.7553
0.7555
0.7559
Camarilla
0.7545
0.7546
0.7547
0.7549
0.7548
0.7549
0.7550
Woodie's
0.7533
0.7539
0.7543
0.7549
0.7553
0.7559
0.7562
DeMark's
-
-
0.7541
0.7548
0.7551
-
-","Technical IndicatorsJun 17, 2021 08:03PM GMT
Name
Value
Action
RSI(14)
26.957
Sell
STOCH(9,6)
17.367
Oversold
STOCHRSI(14)
72.510
Buy
MACD(12,26)
-0.003
Sell
ADX(14)
54.197
Sell
Williams %R
-89.386
Oversold
CCI(14)
-95.4427
Sell
ATR(14)
0.0018
Less Volatility
Highs/Lows(14)
-0.0014
Sell
Ultimate Oscillator
34.763
Sell
ROC
-0.945
Sell
Bull/Bear Power(13)
-0.0044
Sell
Buy: 1
Sell: 8
Neutral: 0


Summary:Strong Sell","Jun 17, 2021 08:03PM GMT"
eur_gbp,0.8549 -0.0024    -0.29%,16:04:51,2021-06-17 20:05:10.454796,"Prev. Close: 0.8573
Bid/Ask: 0.8546 / 0.8551
Day's Range: 0.8542 - 0.8580",Strong Sell,"Summary:Strong Sell
Moving Averages:Strong SellBuy (0)Sell (12)
Technical Indicators:Strong SellBuy (1)Sell (9)","Name
S3
S2
S1
Pivot Points
R1
R2
R3
Classic
0.8538
0.8543
0.8547
0.8551
0.8555
0.8559
0.8563
Fibonacci
0.8543
0.8546
0.8548
0.8551
0.8554
0.8556
0.8559
Camarilla
0.8548
0.8549
0.8550
0.8551
0.8551
0.8552
0.8553
Woodie's
0.8538
0.8543
0.8547
0.8551
0.8555
0.8559
0.8563
DeMark's
-
-
0.8545
0.8550
0.8553
-
-","Technical IndicatorsJun 17, 2021 08:03PM GMT
Name
Value
Action
RSI(14)
33.495
Sell
STOCH(9,6)
40.370
Sell
STOCHRSI(14)
52.211
Neutral
MACD(12,26)
-0.001
Sell
ADX(14)
43.306
Sell
Williams %R
-76.667
Sell
CCI(14)
-138.0744
Sell
ATR(14)
0.0011
High Volatility
Highs/Lows(14)
-0.0001
Sell
Ultimate Oscillator
53.720
Buy
ROC
-0.198
Sell
Bull/Bear Power(13)
-0.0021
Sell
Buy: 1
Sell: 9
Neutral: 1


Summary:Strong Sell","Jun 17, 2021 08:03PM GMT"
usd_cad,1.2358 +0.0082    +0.67%,16:04:53,2021-06-17 20:05:10.457643,"Prev. Close: 1.2276
Bid/Ask: 1.2356 / 1.2360
Day's Range: 1.2261 - 1.2378",Strong Buy,"Summary:Strong Buy
Moving Averages:Strong BuyBuy (11)Sell (1)
Technical Indicators:Strong BuyBuy (10)Sell (1)","Name
S3
S2
S1
Pivot Points
R1
R2
R3
Classic
1.2333
1.2339
1.2349
1.2356
1.2366
1.2373
1.2383
Fibonacci
1.2339
1.2346
1.2350
1.2356
1.2362
1.2366
1.2373
Camarilla
1.2354
1.2356
1.2357
1.2356
1.2361
1.2362
1.2364
Woodie's
1.2335
1.2340
1.2351
1.2357
1.2368
1.2374
1.2385
DeMark's
-
-
1.2352
1.2357
1.2369
-
-","Technical IndicatorsJun 17, 2021 08:04PM GMT
Name
Value
Action
RSI(14)
70.253
Buy
STOCH(9,6)
74.134
Buy
STOCHRSI(14)
31.453
Sell
MACD(12,26)
0.003
Buy
ADX(14)
43.639
Buy
Williams %R
-20.548
Buy
CCI(14)
106.9335
Buy
ATR(14)
0.0025
High Volatility
Highs/Lows(14)
0.0010
Buy
Ultimate Oscillator
68.288
Buy
ROC
0.619
Buy
Bull/Bear Power(13)
0.0033
Buy
Buy: 10
Sell: 1
Neutral: 0


Summary:Strong Buy","Jun 17, 2021 08:04PM GMT"
usd_chf,0.9179 +0.0094    +1.03%,16:04:47,2021-06-17 20:05:10.460496,"Prev. Close: 0.9085
Bid/Ask: 0.9178 / 0.9179
Day's Range: 0.9076 - 0.9188",Strong Buy,"Summary:Strong Buy
Moving Averages:BuyBuy (12)Sell (0)
Technical Indicators:Strong BuyBuy (7)Sell (0)","Name
S3
S2
S1
Pivot Points
R1
R2
R3
Classic
0.9165
0.9168
0.9174
0.9177
0.9182
0.9186
0.9191
Fibonacci
0.9168
0.9171
0.9174
0.9177
0.9180
0.9183
0.9186
Camarilla
0.9176
0.9177
0.9178
0.9177
0.9179
0.9180
0.9181
Woodie's
0.9165
0.9168
0.9174
0.9177
0.9182
0.9186
0.9191
DeMark's
-
-
0.9175
0.9178
0.9184
-
-","Technical IndicatorsJun 17, 2021 08:03PM GMT
Name
Value
Action
RSI(14)
76.720
Overbought
STOCH(9,6)
82.077
Overbought
STOCHRSI(14)
9.331
Oversold
MACD(12,26)
0.004
Buy
ADX(14)
43.654
Buy
Williams %R
-11.494
Overbought
CCI(14)
116.8852
Buy
ATR(14)
0.0017
High Volatility
Highs/Lows(14)
0.0013
Buy
Ultimate Oscillator
64.740
Buy
ROC
0.835
Buy
Bull/Bear Power(13)
0.0037
Buy
Buy: 7
Sell: 0
Neutral: 0


Summary:Strong Buy","Jun 17, 2021 08:03PM GMT"
nzd_chf,0.6425 +0.0021    +0.33%,16:04:47,2021-06-17 20:05:10.463345,"Prev. Close: 0.6404
Bid/Ask: 0.6423 / 0.6427
Day's Range: 0.6406 - 0.6453",Sell,"Summary:Sell
Moving Averages:SellBuy (4)Sell (8)
Technical Indicators:SellBuy (2)Sell (5)","Name
S3
S2
S1
Pivot Points
R1
R2
R3
Classic
0.6412
0.6417
0.6421
0.6426
0.6430
0.6435
0.6439
Fibonacci
0.6417
0.6420
0.6423
0.6426
0.6429
0.6432
0.6435
Camarilla
0.6422
0.6422
0.6423
0.6426
0.6425
0.6426
0.6426
Woodie's
0.6410
0.6416
0.6419
0.6425
0.6428
0.6434
0.6437
DeMark's
-
-
0.6418
0.6425
0.6428
-
-","Technical IndicatorsJun 17, 2021 08:03PM GMT
Name
Value
Action
RSI(14)
48.610
Neutral
STOCH(9,6)
54.963
Neutral
STOCHRSI(14)
36.125
Sell
MACD(12,26)
0.000
Buy
ADX(14)
26.540
Buy
Williams %R
-62.366
Sell
CCI(14)
-35.1760
Neutral
ATR(14)
0.0012
Less Volatility
Highs/Lows(14)
0.0000
Neutral
Ultimate Oscillator
46.078
Sell
ROC
-0.210
Sell
Bull/Bear Power(13)
-0.0011
Sell
Buy: 2
Sell: 5
Neutral: 4


Summary:Sell","Jun 17, 2021 08:03PM GMT"
usd_cny,6.4484 +0.0515    +0.80%,11:27:22,2021-06-17 20:05:10.466171,"Prev. Close: 6.3969
Bid/Ask: 6.4477 / 6.4490
Day's Range: 6.3972 - 6.4494",Strong Buy,"Summary:Strong Buy
Moving Averages:BuyBuy (12)Sell (0)
Technical Indicators:Strong BuyBuy (7)Sell (0)","Name
S3
S2
S1
Pivot Points
R1
R2
R3
Classic
6.4380
6.4399
6.4436
6.4455
6.4492
6.4511
6.4548
Fibonacci
6.4399
6.4420
6.4434
6.4455
6.4476
6.4490
6.4511
Camarilla
6.4458
6.4463
6.4468
6.4455
6.4479
6.4484
6.4489
Woodie's
6.4390
6.4404
6.4446
6.4460
6.4502
6.4516
6.4558
DeMark's
-
-
6.4446
6.4460
6.4502
-
-","Technical IndicatorsJun 17, 2021 03:34PM GMT
Name
Value
Action
RSI(14)
85.433
Overbought
STOCH(9,6)
77.649
Buy
STOCHRSI(14)
100.000
Overbought
MACD(12,26)
0.011
Buy
ADX(14)
61.337
Buy
Williams %R
-3.426
Overbought
CCI(14)
151.8010
Buy
ATR(14)
0.0041
Less Volatility
Highs/Lows(14)
0.0141
Buy
Ultimate Oscillator
82.973
Overbought
ROC
0.391
Buy
Bull/Bear Power(13)
0.0286
Buy
Buy: 7
Sell: 0
Neutral: 0


Summary:Strong Buy","Jun 17, 2021 03:34PM GMT"
usd_hkd,7.7646 +0.0016    +0.02%,16:04:44,2021-06-17 20:05:10.469039,"Prev. Close: 7.7630
Bid/Ask: 7.7645 / 7.7647
Day's Range: 7.7625 - 7.7656",Buy,"Summary:Buy
Moving Averages:BuyBuy (10)Sell (2)
Technical Indicators:BUYBuy (4)Sell (2)","Name
S3
S2
S1
Pivot Points
R1
R2
R3
Classic
7.7647
7.7647
7.7649
7.7649
7.7650
7.7651
7.7652
Fibonacci
7.7647
7.7648
7.7648
7.7649
7.7650
7.7650
7.7651
Camarilla
7.7649
7.7649
7.7649
7.7649
7.7650
7.7650
7.7650
Woodie's
7.7647
7.7647
7.7649
7.7649
7.7650
7.7651
7.7652
DeMark's
-
-
7.7649
7.7649
7.7650
-
-","Technical IndicatorsJun 17, 2021 08:03PM GMT
Name
Value
Action
RSI(14)
55.113
Buy
STOCH(9,6)
50.874
Neutral
STOCHRSI(14)
32.887
Sell
MACD(12,26)
0.000
Buy
ADX(14)
38.909
Neutral
Williams %R
-50.013
Neutral
CCI(14)
23.4825
Neutral
ATR(14)
0.0008
Less Volatility
Highs/Lows(14)
0.0000
Neutral
Ultimate Oscillator
51.272
Buy
ROC
-0.008
Sell
Bull/Bear Power(13)
0.0014
Buy
Buy: 4
Sell: 2
Neutral: 5


Summary:BUY","Jun 17, 2021 08:03PM GMT"
eur_usd,1.1902 -0.0092    -0.77%,16:05:38,2021-06-17 20:06:10.649097,"Prev. Close: 1.1994
Bid/Ask: 1.1901 / 1.1902
Day's Range: 1.1892 - 1.2007",Strong Sell,"Summary:Strong Sell
Moving Averages:Strong SellBuy (0)Sell (12)
Technical Indicators:Strong SellBuy (0)Sell (9)","Name
S3
S2
S1
Pivot Points
R1
R2
R3
Classic
1.1884
1.1892
1.1898
1.1906
1.1911
1.1920
1.1925
Fibonacci
1.1892
1.1898
1.1901
1.1906
1.1911
1.1914
1.1920
Camarilla
1.1898
1.1900
1.1901
1.1906
1.1903
1.1904
1.1906
Woodie's
1.1882
1.1891
1.1896
1.1905
1.1909
1.1919
1.1923
DeMark's
-
-
1.1895
1.1905
1.1908
-
-","Technical IndicatorsJun 17, 2021 08:05PM GMT
Name
Value
Action
RSI(14)
25.006
Sell
STOCH(9,6)
20.879
Sell
STOCHRSI(14)
77.907
Overbought
MACD(12,26)
-0.004
Sell
ADX(14)
43.940
Sell
Williams %R
-90.770
Oversold
CCI(14)
-138.7314
Sell
ATR(14)
0.0021
Less Volatility
Highs/Lows(14)
-0.0018
Sell
Ultimate Oscillator
35.790
Sell
ROC
-0.717
Sell
Bull/Bear Power(13)
-0.0056
Sell
Buy: 0
Sell: 9
Neutral: 0


Summary:Strong Sell","Jun 17, 2021 08:05PM GMT"
gbp_usd,1.3923 -0.0065    -0.46%,16:05:29,2021-06-17 20:06:10.652805,"Prev. Close: 1.3987
Bid/Ask: 1.3922 / 1.3923
Day's Range: 1.3896 - 1.4010",Strong Sell,"Summary:Strong Sell
Moving Averages:SellBuy (1)Sell (11)
Technical Indicators:Strong SellBuy (0)Sell (10)","Name
S3
S2
S1
Pivot Points
R1
R2
R3
Classic
1.3904
1.3911
1.3916
1.3923
1.3929
1.3935
1.3941
Fibonacci
1.3911
1.3916
1.3918
1.3923
1.3928
1.3930
1.3935
Camarilla
1.3917
1.3918
1.3919
1.3923
1.3922
1.3923
1.3924
Woodie's
1.3902
1.3910
1.3914
1.3922
1.3927
1.3934
1.3939
DeMark's
-
-
1.3913
1.3921
1.3925
-
-","Technical IndicatorsJun 17, 2021 08:05PM GMT
Name
Value
Action
RSI(14)
35.060
Sell
STOCH(9,6)
26.877
Sell
STOCHRSI(14)
97.725
Overbought
MACD(12,26)
-0.003
Sell
ADX(14)
42.842
Sell
Williams %R
-75.120
Sell
CCI(14)
-81.6729
Sell
ATR(14)
0.0026
High Volatility
Highs/Lows(14)
-0.0009
Sell
Ultimate Oscillator
33.968
Sell
ROC
-0.515
Sell
Bull/Bear Power(13)
-0.0037
Sell
Buy: 0
Sell: 10
Neutral: 0


Summary:Strong Sell","Jun 17, 2021 08:05PM GMT"
usd_jpy,110.28 -0.41    -0.37%,16:05:34,2021-06-17 20:06:10.655931,"Prev. Close: 110.69
Bid/Ask: 110.26 / 110.29
Day's Range: 110.17 - 110.83",Strong Sell,"Summary:Strong Sell
Moving Averages:SellBuy (5)Sell (7)
Technical Indicators:Strong SellBuy (0)Sell (8)","Name
S3
S2
S1
Pivot Points
R1
R2
R3
Classic
110.18
110.22
110.24
110.28
110.31
110.34
110.37
Fibonacci
110.22
110.24
110.26
110.28
110.30
110.32
110.34
Camarilla
110.25
110.26
110.26
110.28
110.28
110.28
110.29
Woodie's
110.18
110.22
110.24
110.28
110.31
110.34
110.37
DeMark's
-
-
110.26
110.29
110.32
-
-","Technical IndicatorsJun 17, 2021 08:05PM GMT
Name
Value
Action
RSI(14)
42.564
Sell
STOCH(9,6)
16.844
Oversold
STOCHRSI(14)
15.666
Oversold
MACD(12,26)
-0.020
Sell
ADX(14)
34.221
Sell
Williams %R
-82.352
Oversold
CCI(14)
-73.7719
Sell
ATR(14)
0.1246
Less Volatility
Highs/Lows(14)
-0.1136
Sell
Ultimate Oscillator
42.107
Sell
ROC
-0.343
Sell
Bull/Bear Power(13)
-0.2260
Sell
Buy: 0
Sell: 8
Neutral: 0


Summary:Strong Sell","Jun 17, 2021 08:05PM GMT"
aud_usd,0.7549 -0.0061    -0.80%,16:05:37,2021-06-17 20:06:10.658924,"Prev. Close: 0.7610
Bid/Ask: 0.7548 / 0.7550
Day's Range: 0.7540 - 0.7646",Strong Sell,"Summary:Strong Sell
Moving Averages:Strong SellBuy (0)Sell (12)
Technical Indicators:Strong SellBuy (1)Sell (8)","Name
S3
S2
S1
Pivot Points
R1
R2
R3
Classic
0.7533
0.7539
0.7543
0.7549
0.7553
0.7559
0.7562
Fibonacci
0.7539
0.7543
0.7545
0.7549
0.7553
0.7555
0.7559
Camarilla
0.7545
0.7546
0.7547
0.7549
0.7548
0.7549
0.7550
Woodie's
0.7533
0.7539
0.7543
0.7549
0.7553
0.7559
0.7562
DeMark's
-
-
0.7541
0.7548
0.7551
-
-","Technical IndicatorsJun 17, 2021 08:05PM GMT
Name
Value
Action
RSI(14)
26.957
Sell
STOCH(9,6)
17.367
Oversold
STOCHRSI(14)
72.510
Buy
MACD(12,26)
-0.003
Sell
ADX(14)
54.197
Sell
Williams %R
-89.386
Oversold
CCI(14)
-95.4427
Sell
ATR(14)
0.0018
Less Volatility
Highs/Lows(14)
-0.0014
Sell
Ultimate Oscillator
34.763
Sell
ROC
-0.945
Sell
Bull/Bear Power(13)
-0.0044
Sell
Buy: 1
Sell: 8
Neutral: 0


Summary:Strong Sell","Jun 17, 2021 08:05PM GMT"
eur_gbp,0.8549 -0.0024    -0.28%,16:05:54,2021-06-17 20:06:10.661833,"Prev. Close: 0.8573
Bid/Ask: 0.8546 / 0.8552
Day's Range: 0.8542 - 0.8580",Strong Sell,"Summary:Strong Sell
Moving Averages:Strong SellBuy (0)Sell (12)
Technical Indicators:Strong SellBuy (1)Sell (9)","Name
S3
S2
S1
Pivot Points
R1
R2
R3
Classic
0.8538
0.8543
0.8547
0.8551
0.8555
0.8559
0.8563
Fibonacci
0.8543
0.8546
0.8548
0.8551
0.8554
0.8556
0.8559
Camarilla
0.8548
0.8549
0.8550
0.8551
0.8551
0.8552
0.8553
Woodie's
0.8538
0.8543
0.8547
0.8551
0.8555
0.8559
0.8563
DeMark's
-
-
0.8545
0.8550
0.8553
-
-","Technical IndicatorsJun 17, 2021 08:03PM GMT
Name
Value
Action
RSI(14)
33.495
Sell
STOCH(9,6)
40.370
Sell
STOCHRSI(14)
52.211
Neutral
MACD(12,26)
-0.001
Sell
ADX(14)
43.306
Sell
Williams %R
-76.667
Sell
CCI(14)
-138.0744
Sell
ATR(14)
0.0011
High Volatility
Highs/Lows(14)
-0.0001
Sell
Ultimate Oscillator
53.720
Buy
ROC
-0.198
Sell
Bull/Bear Power(13)
-0.0021
Sell
Buy: 1
Sell: 9
Neutral: 1


Summary:Strong Sell","Jun 17, 2021 08:03PM GMT"
usd_cad,1.2357 +0.0080    +0.66%,16:05:42,2021-06-17 20:06:10.664751,"Prev. Close: 1.2276
Bid/Ask: 1.2356 / 1.2357
Day's Range: 1.2261 - 1.2378",Strong Buy,"Summary:Strong Buy
Moving Averages:BuyBuy (12)Sell (0)
Technical Indicators:Strong BuyBuy (9)Sell (1)","Name
S3
S2
S1
Pivot Points
R1
R2
R3
Classic
1.2333
1.2339
1.2349
1.2356
1.2366
1.2373
1.2383
Fibonacci
1.2339
1.2346
1.2350
1.2356
1.2362
1.2366
1.2373
Camarilla
1.2354
1.2356
1.2357
1.2356
1.2361
1.2362
1.2364
Woodie's
1.2335
1.2340
1.2351
1.2357
1.2368
1.2374
1.2385
DeMark's
-
-
1.2352
1.2357
1.2369
-
-","Technical IndicatorsJun 17, 2021 08:05PM GMT
Name
Value
Action
RSI(14)
71.588
Buy
STOCH(9,6)
74.639
Buy
STOCHRSI(14)
41.522
Sell
MACD(12,26)
0.003
Buy
ADX(14)
43.639
Buy
Williams %R
-18.266
Overbought
CCI(14)
109.7392
Buy
ATR(14)
0.0025
High Volatility
Highs/Lows(14)
0.0013
Buy
Ultimate Oscillator
69.452
Buy
ROC
0.639
Buy
Bull/Bear Power(13)
0.0033
Buy
Buy: 9
Sell: 1
Neutral: 0


Summary:Strong Buy","Jun 17, 2021 08:05PM GMT"
usd_chf,0.9179 +0.0094    +1.03%,16:05:30,2021-06-17 20:06:10.667651,"Prev. Close: 0.9085
Bid/Ask: 0.9178 / 0.9179
Day's Range: 0.9076 - 0.9188",Strong Buy,"Summary:Strong Buy
Moving Averages:BuyBuy (12)Sell (0)
Technical Indicators:Strong BuyBuy (7)Sell (0)","Name
S3
S2
S1
Pivot Points
R1
R2
R3
Classic
0.9165
0.9168
0.9174
0.9177
0.9182
0.9186
0.9191
Fibonacci
0.9168
0.9171
0.9174
0.9177
0.9180
0.9183
0.9186
Camarilla
0.9176
0.9177
0.9178
0.9177
0.9179
0.9180
0.9181
Woodie's
0.9165
0.9168
0.9174
0.9177
0.9182
0.9186
0.9191
DeMark's
-
-
0.9175
0.9178
0.9184
-
-","Technical IndicatorsJun 17, 2021 08:05PM GMT
Name
Value
Action
RSI(14)
76.720
Overbought
STOCH(9,6)
82.077
Overbought
STOCHRSI(14)
9.331
Oversold
MACD(12,26)
0.004
Buy
ADX(14)
43.654
Buy
Williams %R
-11.494
Overbought
CCI(14)
116.8852
Buy
ATR(14)
0.0017
High Volatility
Highs/Lows(14)
0.0013
Buy
Ultimate Oscillator
64.740
Buy
ROC
0.835
Buy
Bull/Bear Power(13)
0.0037
Buy
Buy: 7
Sell: 0
Neutral: 0


Summary:Strong Buy","Jun 17, 2021 08:05PM GMT"
nzd_chf,0.6425 +0.0021    +0.32%,16:05:43,2021-06-17 20:06:10.670527,"Prev. Close: 0.6404
Bid/Ask: 0.6424 / 0.6425
Day's Range: 0.6406 - 0.6453",Neutral,"Summary:Neutral
Moving Averages:NeutralBuy (6)Sell (6)
Technical Indicators:SellBuy (3)Sell (5)","Name
S3
S2
S1
Pivot Points
R1
R2
R3
Classic
0.6412
0.6417
0.6421
0.6426
0.6430
0.6435
0.6439
Fibonacci
0.6417
0.6420
0.6423
0.6426
0.6429
0.6432
0.6435
Camarilla
0.6422
0.6422
0.6423
0.6426
0.6425
0.6426
0.6426
Woodie's
0.6410
0.6416
0.6419
0.6425
0.6428
0.6434
0.6437
DeMark's
-
-
0.6418
0.6425
0.6428
-
-","Technical IndicatorsJun 17, 2021 08:05PM GMT
Name
Value
Action
RSI(14)
49.764
Neutral
STOCH(9,6)
55.963
Buy
STOCHRSI(14)
40.548
Sell
MACD(12,26)
0.000
Buy
ADX(14)
26.540
Buy
Williams %R
-59.141
Sell
CCI(14)
-31.0847
Neutral
ATR(14)
0.0012
Less Volatility
Highs/Lows(14)
0.0000
Neutral
Ultimate Oscillator
47.927
Sell
ROC
-0.186
Sell
Bull/Bear Power(13)
-0.0011
Sell
Buy: 3
Sell: 5
Neutral: 3


Summary:Sell","Jun 17, 2021 08:05PM GMT"
usd_cny,6.4484 +0.0515    +0.80%,11:27:22,2021-06-17 20:06:10.673361,"Prev. Close: 6.3969
Bid/Ask: 6.4477 / 6.4490
Day's Range: 6.3972 - 6.4494",Strong Buy,"Summary:Strong Buy
Moving Averages:BuyBuy (12)Sell (0)
Technical Indicators:Strong BuyBuy (7)Sell (0)","Name
S3
S2
S1
Pivot Points
R1
R2
R3
Classic
6.4380
6.4399
6.4436
6.4455
6.4492
6.4511
6.4548
Fibonacci
6.4399
6.4420
6.4434
6.4455
6.4476
6.4490
6.4511
Camarilla
6.4458
6.4463
6.4468
6.4455
6.4479
6.4484
6.4489
Woodie's
6.4390
6.4404
6.4446
6.4460
6.4502
6.4516
6.4558
DeMark's
-
-
6.4446
6.4460
6.4502
-
-","Technical IndicatorsJun 17, 2021 03:34PM GMT
Name
Value
Action
RSI(14)
85.433
Overbought
STOCH(9,6)
77.649
Buy
STOCHRSI(14)
100.000
Overbought
MACD(12,26)
0.011
Buy
ADX(14)
61.337
Buy
Williams %R
-3.426
Overbought
CCI(14)
151.8010
Buy
ATR(14)
0.0041
Less Volatility
Highs/Lows(14)
0.0141
Buy
Ultimate Oscillator
82.973
Overbought
ROC
0.391
Buy
Bull/Bear Power(13)
0.0286
Buy
Buy: 7
Sell: 0
Neutral: 0


Summary:Strong Buy","Jun 17, 2021 03:34PM GMT"
usd_hkd,7.7645 +0.0014    +0.02%,16:05:44,2021-06-17 20:06:10.676190,"Prev. Close: 7.7630
Bid/Ask: 7.7643 / 7.7646
Day's Range: 7.7625 - 7.7656",Neutral,"Summary:Neutral
Moving Averages:BuyBuy (10)Sell (2)
Technical Indicators:SellBuy (2)Sell (3)","Name
S3
S2
S1
Pivot Points
R1
R2
R3
Classic
7.7647
7.7647
7.7649
7.7649
7.7650
7.7651
7.7652
Fibonacci
7.7647
7.7648
7.7648
7.7649
7.7650
7.7650
7.7651
Camarilla
7.7649
7.7649
7.7649
7.7649
7.7650
7.7650
7.7650
Woodie's
7.7647
7.7647
7.7649
7.7649
7.7650
7.7651
7.7652
DeMark's
-
-
7.7649
7.7649
7.7650
-
-","Technical IndicatorsJun 17, 2021 08:05PM GMT
Name
Value
Action
RSI(14)
54.179
Neutral
STOCH(9,6)
50.000
Neutral
STOCHRSI(14)
26.596
Sell
MACD(12,26)
0.000
Buy
ADX(14)
38.909
Neutral
Williams %R
-55.257
Sell
CCI(14)
15.2075
Neutral
ATR(14)
0.0008
Less Volatility
Highs/Lows(14)
0.0000
Neutral
Ultimate Oscillator
49.540
Neutral
ROC
-0.010
Sell
Bull/Bear Power(13)
0.0014
Buy
Buy: 2
Sell: 3
Neutral: 6


Summary:Sell","Jun 17, 2021 08:05PM GMT"
eur_usd,1.1903 -0.0092    -0.76%,16:06:50,2021-06-17 20:07:10.449085,"Prev. Close: 1.1994
Bid/Ask: 1.1902 / 1.1903
Day's Range: 1.1892 - 1.2007",Strong Sell,"Summary:Strong Sell
Moving Averages:Strong SellBuy (0)Sell (12)
Technical Indicators:Strong SellBuy (0)Sell (9)","Name
S3
S2
S1
Pivot Points
R1
R2
R3
Classic
1.1884
1.1892
1.1898
1.1906
1.1911
1.1920
1.1925
Fibonacci
1.1892
1.1898
1.1901
1.1906
1.1911
1.1914
1.1920
Camarilla
1.1898
1.1900
1.1901
1.1906
1.1903
1.1904
1.1906
Woodie's
1.1882
1.1891
1.1896
1.1905
1.1909
1.1919
1.1923
DeMark's
-
-
1.1895
1.1905
1.1908
-
-","Technical IndicatorsJun 17, 2021 08:05PM GMT
Name
Value
Action
RSI(14)
25.006
Sell
STOCH(9,6)
20.879
Sell
STOCHRSI(14)
77.907
Overbought
MACD(12,26)
-0.004
Sell
ADX(14)
43.940
Sell
Williams %R
-90.770
Oversold
CCI(14)
-138.7314
Sell
ATR(14)
0.0021
Less Volatility
Highs/Lows(14)
-0.0018
Sell
Ultimate Oscillator
35.790
Sell
ROC
-0.717
Sell
Bull/Bear Power(13)
-0.0056
Sell
Buy: 0
Sell: 9
Neutral: 0


Summary:Strong Sell","Jun 17, 2021 08:05PM GMT"
gbp_usd,1.3922 -0.0065    -0.46%,16:06:45,2021-06-17 20:07:10.452828,"Prev. Close: 1.3987
Bid/Ask: 1.3920 / 1.3924
Day's Range: 1.3896 - 1.4010",Strong Sell,"Summary:Strong Sell
Moving Averages:SellBuy (1)Sell (11)
Technical Indicators:Strong SellBuy (0)Sell (10)","Name
S3
S2
S1
Pivot Points
R1
R2
R3
Classic
1.3904
1.3911
1.3916
1.3923
1.3929
1.3935
1.3941
Fibonacci
1.3911
1.3916
1.3918
1.3923
1.3928
1.3930
1.3935
Camarilla
1.3917
1.3918
1.3919
1.3923
1.3922
1.3923
1.3924
Woodie's
1.3902
1.3910
1.3914
1.3922
1.3927
1.3934
1.3939
DeMark's
-
-
1.3913
1.3921
1.3925
-
-","Technical IndicatorsJun 17, 2021 08:05PM GMT
Name
Value
Action
RSI(14)
35.060
Sell
STOCH(9,6)
26.877
Sell
STOCHRSI(14)
97.725
Overbought
MACD(12,26)
-0.003
Sell
ADX(14)
42.842
Sell
Williams %R
-75.120
Sell
CCI(14)
-81.6729
Sell
ATR(14)
0.0026
High Volatility
Highs/Lows(14)
-0.0009
Sell
Ultimate Oscillator
33.968
Sell
ROC
-0.515
Sell
Bull/Bear Power(13)
-0.0037
Sell
Buy: 0
Sell: 10
Neutral: 0


Summary:Strong Sell","Jun 17, 2021 08:05PM GMT"
usd_jpy,110.28 -0.41    -0.37%,16:06:35,2021-06-17 20:07:10.455933,"Prev. Close: 110.69
Bid/Ask: 110.27 / 110.28
Day's Range: 110.17 - 110.83",Strong Sell,"Summary:Strong Sell
Moving Averages:SellBuy (5)Sell (7)
Technical Indicators:Strong SellBuy (0)Sell (8)","Name
S3
S2
S1
Pivot Points
R1
R2
R3
Classic
110.18
110.22
110.24
110.28
110.31
110.34
110.37
Fibonacci
110.22
110.24
110.26
110.28
110.30
110.32
110.34
Camarilla
110.25
110.26
110.26
110.28
110.28
110.28
110.29
Woodie's
110.18
110.22
110.24
110.28
110.31
110.34
110.37
DeMark's
-
-
110.26
110.29
110.32
-
-","Technical IndicatorsJun 17, 2021 08:05PM GMT
Name
Value
Action
RSI(14)
42.564
Sell
STOCH(9,6)
16.844
Oversold
STOCHRSI(14)
15.666
Oversold
MACD(12,26)
-0.020
Sell
ADX(14)
34.221
Sell
Williams %R
-82.352
Oversold
CCI(14)
-73.7719
Sell
ATR(14)
0.1246
Less Volatility
Highs/Lows(14)
-0.1136
Sell
Ultimate Oscillator
42.107
Sell
ROC
-0.343
Sell
Bull/Bear Power(13)
-0.2260
Sell
Buy: 0
Sell: 8
Neutral: 0


Summary:Strong Sell","Jun 17, 2021 08:05PM GMT"
aud_usd,0.7549 -0.0061    -0.80%,16:06:44,2021-06-17 20:07:10.458855,"Prev. Close: 0.7610
Bid/Ask: 0.7548 / 0.7550
Day's Range: 0.7540 - 0.7646",Strong Sell,"Summary:Strong Sell
Moving Averages:Strong SellBuy (0)Sell (12)
Technical Indicators:Strong SellBuy (1)Sell (8)","Name
S3
S2
S1
Pivot Points
R1
R2
R3
Classic
0.7533
0.7539
0.7543
0.7549
0.7553
0.7559
0.7562
Fibonacci
0.7539
0.7543
0.7545
0.7549
0.7553
0.7555
0.7559
Camarilla
0.7545
0.7546
0.7547
0.7549
0.7548
0.7549
0.7550
Woodie's
0.7533
0.7539
0.7543
0.7549
0.7553
0.7559
0.7562
DeMark's
-
-
0.7541
0.7548
0.7551
-
-","Technical IndicatorsJun 17, 2021 08:05PM GMT
Name
Value
Action
RSI(14)
26.957
Sell
STOCH(9,6)
17.367
Oversold
STOCHRSI(14)
72.510
Buy
MACD(12,26)
-0.003
Sell
ADX(14)
54.197
Sell
Williams %R
-89.386
Oversold
CCI(14)
-95.4427
Sell
ATR(14)
0.0018
Less Volatility
Highs/Lows(14)
-0.0014
Sell
Ultimate Oscillator
34.763
Sell
ROC
-0.945
Sell
Bull/Bear Power(13)
-0.0044
Sell
Buy: 1
Sell: 8
Neutral: 0


Summary:Strong Sell","Jun 17, 2021 08:05PM GMT"
eur_gbp,0.8549 -0.0024    -0.28%,16:06:36,2021-06-17 20:07:10.461716,"Prev. Close: 0.8573
Bid/Ask: 0.8546 / 0.8552
Day's Range: 0.8542 - 0.8580",Strong Sell,"Summary:Strong Sell
Moving Averages:Strong SellBuy (0)Sell (12)
Technical Indicators:Strong SellBuy (1)Sell (9)","Name
S3
S2
S1
Pivot Points
R1
R2
R3
Classic
0.8538
0.8543
0.8547
0.8551
0.8555
0.8559
0.8563
Fibonacci
0.8543
0.8546
0.8548
0.8551
0.8554
0.8556
0.8559
Camarilla
0.8548
0.8549
0.8550
0.8551
0.8551
0.8552
0.8553
Woodie's
0.8538
0.8543
0.8547
0.8551
0.8555
0.8559
0.8563
DeMark's
-
-
0.8545
0.8550
0.8553
-
-","Technical IndicatorsJun 17, 2021 08:05PM GMT
Name
Value
Action
RSI(14)
33.495
Sell
STOCH(9,6)
40.370
Sell
STOCHRSI(14)
52.211
Neutral
MACD(12,26)
-0.001
Sell
ADX(14)
43.306
Sell
Williams %R
-76.667
Sell
CCI(14)
-140.5892
Sell
ATR(14)
0.0011
High Volatility
Highs/Lows(14)
-0.0001
Sell
Ultimate Oscillator
53.998
Buy
ROC
-0.198
Sell
Bull/Bear Power(13)
-0.0022
Sell
Buy: 1
Sell: 9
Neutral: 1


Summary:Strong Sell","Jun 17, 2021 08:05PM GMT"
usd_cad,1.2353 +0.0077    +0.63%,16:06:52,2021-06-17 20:07:10.464561,"Prev. Close: 1.2276
Bid/Ask: 1.2351 / 1.2355
Day's Range: 1.2261 - 1.2378",Strong Buy,"Summary:Strong Buy
Moving Averages:BuyBuy (12)Sell (0)
Technical Indicators:Strong BuyBuy (9)Sell (1)","Name
S3
S2
S1
Pivot Points
R1
R2
R3
Classic
1.2333
1.2339
1.2349
1.2356
1.2366
1.2373
1.2383
Fibonacci
1.2339
1.2346
1.2350
1.2356
1.2362
1.2366
1.2373
Camarilla
1.2354
1.2356
1.2357
1.2356
1.2361
1.2362
1.2364
Woodie's
1.2335
1.2340
1.2351
1.2357
1.2368
1.2374
1.2385
DeMark's
-
-
1.2352
1.2357
1.2369
-
-","Technical IndicatorsJun 17, 2021 08:05PM GMT
Name
Value
Action
RSI(14)
71.588
Buy
STOCH(9,6)
74.639
Buy
STOCHRSI(14)
41.522
Sell
MACD(12,26)
0.003
Buy
ADX(14)
43.639
Buy
Williams %R
-18.266
Overbought
CCI(14)
109.7392
Buy
ATR(14)
0.0025
High Volatility
Highs/Lows(14)
0.0013
Buy
Ultimate Oscillator
69.452
Buy
ROC
0.639
Buy
Bull/Bear Power(13)
0.0033
Buy
Buy: 9
Sell: 1
Neutral: 0


Summary:Strong Buy","Jun 17, 2021 08:05PM GMT"
usd_chf,0.9179 +0.0094    +1.03%,16:06:31,2021-06-17 20:07:10.467396,"Prev. Close: 0.9085
Bid/Ask: 0.9178 / 0.9179
Day's Range: 0.9076 - 0.9188",Strong Buy,"Summary:Strong Buy
Moving Averages:BuyBuy (12)Sell (0)
Technical Indicators:Strong BuyBuy (7)Sell (0)","Name
S3
S2
S1
Pivot Points
R1
R2
R3
Classic
0.9165
0.9168
0.9174
0.9177
0.9182
0.9186
0.9191
Fibonacci
0.9168
0.9171
0.9174
0.9177
0.9180
0.9183
0.9186
Camarilla
0.9176
0.9177
0.9178
0.9177
0.9179
0.9180
0.9181
Woodie's
0.9165
0.9168
0.9174
0.9177
0.9182
0.9186
0.9191
DeMark's
-
-
0.9175
0.9178
0.9184
-
-","Technical IndicatorsJun 17, 2021 08:05PM GMT
Name
Value
Action
RSI(14)
76.720
Overbought
STOCH(9,6)
82.077
Overbought
STOCHRSI(14)
9.331
Oversold
MACD(12,26)
0.004
Buy
ADX(14)
43.654
Buy
Williams %R
-11.494
Overbought
CCI(14)
116.8852
Buy
ATR(14)
0.0017
High Volatility
Highs/Lows(14)
0.0013
Buy
Ultimate Oscillator
64.740
Buy
ROC
0.835
Buy
Bull/Bear Power(13)
0.0037
Buy
Buy: 7
Sell: 0
Neutral: 0


Summary:Strong Buy","Jun 17, 2021 08:05PM GMT"
nzd_chf,0.6425 +0.0021    +0.32%,16:06:49,2021-06-17 20:07:10.470208,"Prev. Close: 0.6404
Bid/Ask: 0.6424 / 0.6425
Day's Range: 0.6406 - 0.6453",Neutral,"Summary:Neutral
Moving Averages:NeutralBuy (6)Sell (6)
Technical Indicators:SellBuy (3)Sell (5)","Name
S3
S2
S1
Pivot Points
R1
R2
R3
Classic
0.6412
0.6417
0.6421
0.6426
0.6430
0.6435
0.6439
Fibonacci
0.6417
0.6420
0.6423
0.6426
0.6429
0.6432
0.6435
Camarilla
0.6422
0.6422
0.6423
0.6426
0.6425
0.6426
0.6426
Woodie's
0.6410
0.6416
0.6419
0.6425
0.6428
0.6434
0.6437
DeMark's
-
-
0.6418
0.6425
0.6428
-
-","Technical IndicatorsJun 17, 2021 08:05PM GMT
Name
Value
Action
RSI(14)
49.764
Neutral
STOCH(9,6)
55.963
Buy
STOCHRSI(14)
40.548
Sell
MACD(12,26)
0.000
Buy
ADX(14)
26.540
Buy
Williams %R
-59.141
Sell
CCI(14)
-31.0847
Neutral
ATR(14)
0.0012
Less Volatility
Highs/Lows(14)
0.0000
Neutral
Ultimate Oscillator
47.927
Sell
ROC
-0.186
Sell
Bull/Bear Power(13)
-0.0011
Sell
Buy: 3
Sell: 5
Neutral: 3


Summary:Sell","Jun 17, 2021 08:05PM GMT"
usd_cny,6.4484 +0.0515    +0.80%,11:27:22,2021-06-17 20:07:10.473029,"Prev. Close: 6.3969
Bid/Ask: 6.4477 / 6.4490
Day's Range: 6.3972 - 6.4494",Strong Buy,"Summary:Strong Buy
Moving Averages:BuyBuy (12)Sell (0)
Technical Indicators:Strong BuyBuy (7)Sell (0)","Name
S3
S2
S1
Pivot Points
R1
R2
R3
Classic
6.4380
6.4399
6.4436
6.4455
6.4492
6.4511
6.4548
Fibonacci
6.4399
6.4420
6.4434
6.4455
6.4476
6.4490
6.4511
Camarilla
6.4458
6.4463
6.4468
6.4455
6.4479
6.4484
6.4489
Woodie's
6.4390
6.4404
6.4446
6.4460
6.4502
6.4516
6.4558
DeMark's
-
-
6.4446
6.4460
6.4502
-
-","Technical IndicatorsJun 17, 2021 03:34PM GMT
Name
Value
Action
RSI(14)
85.433
Overbought
STOCH(9,6)
77.649
Buy
STOCHRSI(14)
100.000
Overbought
MACD(12,26)
0.011
Buy
ADX(14)
61.337
Buy
Williams %R
-3.426
Overbought
CCI(14)
151.8010
Buy
ATR(14)
0.0041
Less Volatility
Highs/Lows(14)
0.0141
Buy
Ultimate Oscillator
82.973
Overbought
ROC
0.391
Buy
Bull/Bear Power(13)
0.0286
Buy
Buy: 7
Sell: 0
Neutral: 0


Summary:Strong Buy","Jun 17, 2021 03:34PM GMT"
usd_hkd,7.7644 +0.0014    +0.02%,16:06:42,2021-06-17 20:07:10.475838,"Prev. Close: 7.7630
Bid/Ask: 7.7642 / 7.7645
Day's Range: 7.7625 - 7.7656",Neutral,"Summary:Neutral
Moving Averages:BuyBuy (10)Sell (2)
Technical Indicators:SellBuy (2)Sell (3)","Name
S3
S2
S1
Pivot Points
R1
R2
R3
Classic
7.7647
7.7647
7.7649
7.7649
7.7650
7.7651
7.7652
Fibonacci
7.7647
7.7648
7.7648
7.7649
7.7650
7.7650
7.7651
Camarilla
7.7649
7.7649
7.7649
7.7649
7.7650
7.7650
7.7650
Woodie's
7.7647
7.7647
7.7649
7.7649
7.7650
7.7651
7.7652
DeMark's
-
-
7.7649
7.7649
7.7650
-
-","Technical IndicatorsJun 17, 2021 08:05PM GMT
Name
Value
Action
RSI(14)
54.179
Neutral
STOCH(9,6)
50.000
Neutral
STOCHRSI(14)
26.596
Sell
MACD(12,26)
0.000
Buy
ADX(14)
38.909
Neutral
Williams %R
-55.257
Sell
CCI(14)
15.2075
Neutral
ATR(14)
0.0008
Less Volatility
Highs/Lows(14)
0.0000
Neutral
Ultimate Oscillator
49.540
Neutral
ROC
-0.010
Sell
Bull/Bear Power(13)
0.0014
Buy
Buy: 2
Sell: 3
Neutral: 6


Summary:Sell","Jun 17, 2021 08:05PM GMT"
eur_usd,1.1903 -0.0092    -0.76%,16:07:33,2021-06-17 20:08:10.987023,"Prev. Close: 1.1994
Bid/Ask: 1.1902 / 1.1903
Day's Range: 1.1892 - 1.2007",Strong Sell,"Summary:Strong Sell
Moving Averages:Strong SellBuy (0)Sell (12)
Technical Indicators:Strong SellBuy (0)Sell (9)","Name
S3
S2
S1
Pivot Points
R1
R2
R3
Classic
1.1884
1.1892
1.1898
1.1906
1.1911
1.1920
1.1925
Fibonacci
1.1892
1.1898
1.1901
1.1906
1.1911
1.1914
1.1920
Camarilla
1.1898
1.1900
1.1901
1.1906
1.1903
1.1904
1.1906
Woodie's
1.1882
1.1891
1.1896
1.1905
1.1909
1.1919
1.1923
DeMark's
-
-
1.1895
1.1905
1.1908
-
-","Technical IndicatorsJun 17, 2021 08:07PM GMT
Name
Value
Action
RSI(14)
25.734
Sell
STOCH(9,6)
21.444
Sell
STOCHRSI(14)
83.728
Overbought
MACD(12,26)
-0.004
Sell
ADX(14)
43.940
Sell
Williams %R
-88.719
Oversold
CCI(14)
-136.3053
Sell
ATR(14)
0.0021
Less Volatility
Highs/Lows(14)
-0.0016
Sell
Ultimate Oscillator
36.923
Sell
ROC
-0.701
Sell
Bull/Bear Power(13)
-0.0056
Sell
Buy: 0
Sell: 9
Neutral: 0


Summary:Strong Sell","Jun 17, 2021 08:07PM GMT"
gbp_usd,1.3922 -0.0066    -0.47%,16:07:29,2021-06-17 20:08:10.990688,"Prev. Close: 1.3987
Bid/Ask: 1.3921 / 1.3922
Day's Range: 1.3896 - 1.4010",Strong Sell,"Summary:Strong Sell
Moving Averages:SellBuy (1)Sell (11)
Technical Indicators:Strong SellBuy (0)Sell (10)","Name
S3
S2
S1
Pivot Points
R1
R2
R3
Classic
1.3904
1.3911
1.3916
1.3923
1.3929
1.3935
1.3941
Fibonacci
1.3911
1.3916
1.3918
1.3923
1.3928
1.3930
1.3935
Camarilla
1.3917
1.3918
1.3919
1.3923
1.3922
1.3923
1.3924
Woodie's
1.3902
1.3910
1.3914
1.3922
1.3927
1.3934
1.3939
DeMark's
-
-
1.3913
1.3921
1.3925
-
-","Technical IndicatorsJun 17, 2021 08:07PM GMT
Name
Value
Action
RSI(14)
35.250
Sell
STOCH(9,6)
27.002
Sell
STOCHRSI(14)
99.286
Overbought
MACD(12,26)
-0.003
Sell
ADX(14)
42.842
Sell
Williams %R
-74.642
Sell
CCI(14)
-81.1822
Sell
ATR(14)
0.0026
High Volatility
Highs/Lows(14)
-0.0008
Sell
Ultimate Oscillator
34.209
Sell
ROC
-0.511
Sell
Bull/Bear Power(13)
-0.0037
Sell
Buy: 0
Sell: 10
Neutral: 0


Summary:Strong Sell","Jun 17, 2021 08:07PM GMT"
usd_jpy,110.28 -0.41    -0.37%,16:07:41,2021-06-17 20:08:10.993673,"Prev. Close: 110.69
Bid/Ask: 110.27 / 110.28
Day's Range: 110.17 - 110.83",Strong Sell,"Summary:Strong Sell
Moving Averages:SellBuy (5)Sell (7)
Technical Indicators:Strong SellBuy (0)Sell (8)","Name
S3
S2
S1
Pivot Points
R1
R2
R3
Classic
110.18
110.22
110.24
110.28
110.31
110.34
110.37
Fibonacci
110.22
110.24
110.26
110.28
110.30
110.32
110.34
Camarilla
110.25
110.26
110.26
110.28
110.28
110.28
110.29
Woodie's
110.18
110.22
110.24
110.28
110.31
110.34
110.37
DeMark's
-
-
110.26
110.29
110.32
-
-","Technical IndicatorsJun 17, 2021 08:07PM GMT
Name
Value
Action
RSI(14)
42.564
Sell
STOCH(9,6)
16.844
Oversold
STOCHRSI(14)
15.666
Oversold
MACD(12,26)
-0.020
Sell
ADX(14)
34.221
Sell
Williams %R
-82.352
Oversold
CCI(14)
-73.2065
Sell
ATR(14)
0.1250
Less Volatility
Highs/Lows(14)
-0.1136
Sell
Ultimate Oscillator
41.926
Sell
ROC
-0.343
Sell
Bull/Bear Power(13)
-0.2210
Sell
Buy: 0
Sell: 8
Neutral: 0


Summary:Strong Sell","Jun 17, 2021 08:07PM GMT"
aud_usd,0.7548 -0.0062    -0.81%,16:07:34,2021-06-17 20:08:10.996577,"Prev. Close: 0.7610
Bid/Ask: 0.7547 / 0.7549
Day's Range: 0.7540 - 0.7646",Strong Sell,"Summary:Strong Sell
Moving Averages:Strong SellBuy (0)Sell (12)
Technical Indicators:Strong SellBuy (1)Sell (8)","Name
S3
S2
S1
Pivot Points
R1
R2
R3
Classic
0.7533
0.7539
0.7543
0.7549
0.7553
0.7559
0.7562
Fibonacci
0.7539
0.7543
0.7545
0.7549
0.7553
0.7555
0.7559
Camarilla
0.7545
0.7546
0.7547
0.7549
0.7548
0.7549
0.7550
Woodie's
0.7533
0.7539
0.7543
0.7549
0.7553
0.7559
0.7562
DeMark's
-
-
0.7541
0.7548
0.7551
-
-","Technical IndicatorsJun 17, 2021 08:07PM GMT
Name
Value
Action
RSI(14)
26.957
Sell
STOCH(9,6)
17.367
Oversold
STOCHRSI(14)
72.510
Buy
MACD(12,26)
-0.003
Sell
ADX(14)
54.197
Sell
Williams %R
-89.386
Oversold
CCI(14)
-95.4427
Sell
ATR(14)
0.0018
Less Volatility
Highs/Lows(14)
-0.0014
Sell
Ultimate Oscillator
34.763
Sell
ROC
-0.945
Sell
Bull/Bear Power(13)
-0.0044
Sell
Buy: 1
Sell: 8
Neutral: 0


Summary:Strong Sell","Jun 17, 2021 08:07PM GMT"
eur_gbp,0.8550 -0.0023    -0.27%,16:07:41,2021-06-17 20:08:10.999438,"Prev. Close: 0.8573
Bid/Ask: 0.8548 / 0.8552
Day's Range: 0.8542 - 0.8580",Strong Sell,"Summary:Strong Sell
Moving Averages:Strong SellBuy (0)Sell (12)
Technical Indicators:Strong SellBuy (1)Sell (9)","Name
S3
S2
S1
Pivot Points
R1
R2
R3
Classic
0.8538
0.8543
0.8547
0.8551
0.8555
0.8559
0.8563
Fibonacci
0.8543
0.8546
0.8548
0.8551
0.8554
0.8556
0.8559
Camarilla
0.8548
0.8549
0.8550
0.8551
0.8551
0.8552
0.8553
Woodie's
0.8538
0.8543
0.8547
0.8551
0.8555
0.8559
0.8563
DeMark's
-
-
0.8545
0.8550
0.8553
-
-","Technical IndicatorsJun 17, 2021 08:07PM GMT
Name
Value
Action
RSI(14)
33.809
Sell
STOCH(9,6)
40.679
Sell
STOCHRSI(14)
53.573
Neutral
MACD(12,26)
-0.001
Sell
ADX(14)
43.306
Sell
Williams %R
-75.000
Sell
CCI(14)
-138.0744
Sell
ATR(14)
0.0011
High Volatility
Highs/Lows(14)
-0.0001
Sell
Ultimate Oscillator
54.609
Buy
ROC
-0.193
Sell
Bull/Bear Power(13)
-0.0022
Sell
Buy: 1
Sell: 9
Neutral: 1


Summary:Strong Sell","Jun 17, 2021 08:07PM GMT"
usd_cad,1.2358 +0.0081    +0.66%,16:07:33,2021-06-17 20:08:11.002253,"Prev. Close: 1.2276
Bid/Ask: 1.2357 / 1.2358
Day's Range: 1.2261 - 1.2378",Strong Buy,"Summary:Strong Buy
Moving Averages:Strong BuyBuy (11)Sell (1)
Technical Indicators:Strong BuyBuy (10)Sell (1)","Name
S3
S2
S1
Pivot Points
R1
R2
R3
Classic
1.2333
1.2339
1.2349
1.2356
1.2366
1.2373
1.2383
Fibonacci
1.2339
1.2346
1.2350
1.2356
1.2362
1.2366
1.2373
Camarilla
1.2354
1.2356
1.2357
1.2356
1.2361
1.2362
1.2364
Woodie's
1.2335
1.2340
1.2351
1.2357
1.2368
1.2374
1.2385
DeMark's
-
-
1.2352
1.2357
1.2369
-
-","Technical IndicatorsJun 17, 2021 08:07PM GMT
Name
Value
Action
RSI(14)
70.253
Buy
STOCH(9,6)
74.134
Buy
STOCHRSI(14)
31.453
Sell
MACD(12,26)
0.003
Buy
ADX(14)
43.639
Buy
Williams %R
-20.548
Buy
CCI(14)
104.6759
Buy
ATR(14)
0.0026
High Volatility
Highs/Lows(14)
0.0010
Buy
Ultimate Oscillator
68.596
Buy
ROC
0.619
Buy
Bull/Bear Power(13)
0.0032
Buy
Buy: 10
Sell: 1
Neutral: 0


Summary:Strong Buy","Jun 17, 2021 08:07PM GMT"
usd_chf,0.9179 +0.0094    +1.03%,16:07:31,2021-06-17 20:08:11.005074,"Prev. Close: 0.9085
Bid/Ask: 0.9178 / 0.9179
Day's Range: 0.9076 - 0.9188",Strong Buy,"Summary:Strong Buy
Moving Averages:BuyBuy (12)Sell (0)
Technical Indicators:Strong BuyBuy (7)Sell (0)","Name
S3
S2
S1
Pivot Points
R1
R2
R3
Classic
0.9165
0.9168
0.9174
0.9177
0.9182
0.9186
0.9191
Fibonacci
0.9168
0.9171
0.9174
0.9177
0.9180
0.9183
0.9186
Camarilla
0.9176
0.9177
0.9178
0.9177
0.9179
0.9180
0.9181
Woodie's
0.9165
0.9168
0.9174
0.9177
0.9182
0.9186
0.9191
DeMark's
-
-
0.9175
0.9178
0.9184
-
-","Technical IndicatorsJun 17, 2021 08:07PM GMT
Name
Value
Action
RSI(14)
76.720
Overbought
STOCH(9,6)
82.077
Overbought
STOCHRSI(14)
9.331
Oversold
MACD(12,26)
0.004
Buy
ADX(14)
43.654
Buy
Williams %R
-11.494
Overbought
CCI(14)
116.8852
Buy
ATR(14)
0.0017
High Volatility
Highs/Lows(14)
0.0013
Buy
Ultimate Oscillator
64.740
Buy
ROC
0.835
Buy
Bull/Bear Power(13)
0.0037
Buy
Buy: 7
Sell: 0
Neutral: 0


Summary:Strong Buy","Jun 17, 2021 08:07PM GMT"
nzd_chf,0.6425 +0.0021    +0.32%,16:07:42,2021-06-17 20:08:11.007903,"Prev. Close: 0.6404
Bid/Ask: 0.6424 / 0.6425
Day's Range: 0.6406 - 0.6453",Neutral,"Summary:Neutral
Moving Averages:NeutralBuy (6)Sell (6)
Technical Indicators:SellBuy (3)Sell (5)","Name
S3
S2
S1
Pivot Points
R1
R2
R3
Classic
0.6412
0.6417
0.6421
0.6426
0.6430
0.6435
0.6439
Fibonacci
0.6417
0.6420
0.6423
0.6426
0.6429
0.6432
0.6435
Camarilla
0.6422
0.6422
0.6423
0.6426
0.6425
0.6426
0.6426
Woodie's
0.6410
0.6416
0.6419
0.6425
0.6428
0.6434
0.6437
DeMark's
-
-
0.6418
0.6425
0.6428
-
-","Technical IndicatorsJun 17, 2021 08:07PM GMT
Name
Value
Action
RSI(14)
49.764
Neutral
STOCH(9,6)
55.963
Buy
STOCHRSI(14)
40.548
Sell
MACD(12,26)
0.000
Buy
ADX(14)
26.540
Buy
Williams %R
-59.141
Sell
CCI(14)
-31.0847
Neutral
ATR(14)
0.0012
Less Volatility
Highs/Lows(14)
0.0000
Neutral
Ultimate Oscillator
47.927
Sell
ROC
-0.186
Sell
Bull/Bear Power(13)
-0.0011
Sell
Buy: 3
Sell: 5
Neutral: 3


Summary:Sell","Jun 17, 2021 08:07PM GMT"
usd_cny,6.4484 +0.0515    +0.80%,11:27:22,2021-06-17 20:08:11.010727,"Prev. Close: 6.3969
Bid/Ask: 6.4477 / 6.4490
Day's Range: 6.3972 - 6.4494",Strong Buy,"Summary:Strong Buy
Moving Averages:BuyBuy (12)Sell (0)
Technical Indicators:Strong BuyBuy (7)Sell (0)","Name
S3
S2
S1
Pivot Points
R1
R2
R3
Classic
6.4380
6.4399
6.4436
6.4455
6.4492
6.4511
6.4548
Fibonacci
6.4399
6.4420
6.4434
6.4455
6.4476
6.4490
6.4511
Camarilla
6.4458
6.4463
6.4468
6.4455
6.4479
6.4484
6.4489
Woodie's
6.4390
6.4404
6.4446
6.4460
6.4502
6.4516
6.4558
DeMark's
-
-
6.4446
6.4460
6.4502
-
-","Technical IndicatorsJun 17, 2021 03:34PM GMT
Name
Value
Action
RSI(14)
85.433
Overbought
STOCH(9,6)
77.649
Buy
STOCHRSI(14)
100.000
Overbought
MACD(12,26)
0.011
Buy
ADX(14)
61.337
Buy
Williams %R
-3.426
Overbought
CCI(14)
151.8010
Buy
ATR(14)
0.0041
Less Volatility
Highs/Lows(14)
0.0141
Buy
Ultimate Oscillator
82.973
Overbought
ROC
0.391
Buy
Bull/Bear Power(13)
0.0286
Buy
Buy: 7
Sell: 0
Neutral: 0


Summary:Strong Buy","Jun 17, 2021 03:34PM GMT"
usd_hkd,7.7644 +0.0014    +0.02%,16:07:45,2021-06-17 20:08:11.013534,"Prev. Close: 7.7630
Bid/Ask: 7.7643 / 7.7644
Day's Range: 7.7625 - 7.7656",Neutral,"Summary:Neutral
Moving Averages:BuyBuy (7)Sell (5)
Technical Indicators:SellBuy (2)Sell (3)","Name
S3
S2
S1
Pivot Points
R1
R2
R3
Classic
7.7647
7.7647
7.7649
7.7649
7.7650
7.7651
7.7652
Fibonacci
7.7647
7.7648
7.7648
7.7649
7.7650
7.7650
7.7651
Camarilla
7.7649
7.7649
7.7649
7.7649
7.7650
7.7650
7.7650
Woodie's
7.7647
7.7647
7.7649
7.7649
7.7650
7.7651
7.7652
DeMark's
-
-
7.7649
7.7649
7.7650
-
-","Technical IndicatorsJun 17, 2021 08:07PM GMT
Name
Value
Action
RSI(14)
52.394
Neutral
STOCH(9,6)
48.243
Neutral
STOCHRSI(14)
14.574
Oversold
MACD(12,26)
0.000
Buy
ADX(14)
39.508
Neutral
Williams %R
-65.797
Sell
CCI(14)
-14.6535
Neutral
ATR(14)
0.0008
Less Volatility
Highs/Lows(14)
0.0000
Neutral
Ultimate Oscillator
47.445
Sell
ROC
-0.012
Sell
Bull/Bear Power(13)
0.0012
Buy
Buy: 2
Sell: 3
Neutral: 5


Summary:Sell","Jun 17, 2021 08:07PM GMT"
eur_usd,1.1902 -0.0092    -0.77%,16:08:50,2021-06-17 20:09:10.438386,"Prev. Close: 1.1994
Bid/Ask: 1.1900 / 1.1904
Day's Range: 1.1892 - 1.2007",Strong Sell,"Summary:Strong Sell
Moving Averages:Strong SellBuy (0)Sell (12)
Technical Indicators:Strong SellBuy (0)Sell (9)","Name
S3
S2
S1
Pivot Points
R1
R2
R3
Classic
1.1884
1.1892
1.1898
1.1906
1.1911
1.1920
1.1925
Fibonacci
1.1892
1.1898
1.1901
1.1906
1.1911
1.1914
1.1920
Camarilla
1.1898
1.1900
1.1901
1.1906
1.1903
1.1904
1.1906
Woodie's
1.1882
1.1891
1.1896
1.1905
1.1909
1.1919
1.1923
DeMark's
-
-
1.1895
1.1905
1.1908
-
-","Technical IndicatorsJun 17, 2021 08:07PM GMT
Name
Value
Action
RSI(14)
25.734
Sell
STOCH(9,6)
21.444
Sell
STOCHRSI(14)
83.728
Overbought
MACD(12,26)
-0.004
Sell
ADX(14)
43.940
Sell
Williams %R
-88.719
Oversold
CCI(14)
-136.3053
Sell
ATR(14)
0.0021
Less Volatility
Highs/Lows(14)
-0.0016
Sell
Ultimate Oscillator
36.923
Sell
ROC
-0.701
Sell
Bull/Bear Power(13)
-0.0056
Sell
Buy: 0
Sell: 9
Neutral: 0


Summary:Strong Sell","Jun 17, 2021 08:07PM GMT"
gbp_usd,1.3922 -0.0066    -0.47%,16:08:42,2021-06-17 20:09:10.442151,"Prev. Close: 1.3987
Bid/Ask: 1.3921 / 1.3922
Day's Range: 1.3896 - 1.4010",Strong Sell,"Summary:Strong Sell
Moving Averages:SellBuy (1)Sell (11)
Technical Indicators:Strong SellBuy (0)Sell (10)","Name
S3
S2
S1
Pivot Points
R1
R2
R3
Classic
1.3904
1.3911
1.3916
1.3923
1.3929
1.3935
1.3941
Fibonacci
1.3911
1.3916
1.3918
1.3923
1.3928
1.3930
1.3935
Camarilla
1.3917
1.3918
1.3919
1.3923
1.3922
1.3923
1.3924
Woodie's
1.3902
1.3910
1.3914
1.3922
1.3927
1.3934
1.3939
DeMark's
-
-
1.3913
1.3921
1.3925
-
-","Technical IndicatorsJun 17, 2021 08:07PM GMT
Name
Value
Action
RSI(14)
35.250
Sell
STOCH(9,6)
27.002
Sell
STOCHRSI(14)
99.286
Overbought
MACD(12,26)
-0.003
Sell
ADX(14)
42.842
Sell
Williams %R
-74.642
Sell
CCI(14)
-81.1822
Sell
ATR(14)
0.0026
High Volatility
Highs/Lows(14)
-0.0008
Sell
Ultimate Oscillator
34.209
Sell
ROC
-0.511
Sell
Bull/Bear Power(13)
-0.0037
Sell
Buy: 0
Sell: 10
Neutral: 0


Summary:Strong Sell","Jun 17, 2021 08:07PM GMT"
usd_jpy,110.28 -0.41    -0.37%,16:08:37,2021-06-17 20:09:10.445297,"Prev. Close: 110.69
Bid/Ask: 110.27 / 110.28
Day's Range: 110.17 - 110.83",Strong Sell,"Summary:Strong Sell
Moving Averages:SellBuy (5)Sell (7)
Technical Indicators:Strong SellBuy (0)Sell (8)","Name
S3
S2
S1
Pivot Points
R1
R2
R3
Classic
110.18
110.22
110.24
110.28
110.31
110.34
110.37
Fibonacci
110.22
110.24
110.26
110.28
110.30
110.32
110.34
Camarilla
110.25
110.26
110.26
110.28
110.28
110.28
110.29
Woodie's
110.18
110.22
110.24
110.28
110.31
110.34
110.37
DeMark's
-
-
110.26
110.29
110.32
-
-","Technical IndicatorsJun 17, 2021 08:07PM GMT
Name
Value
Action
RSI(14)
42.564
Sell
STOCH(9,6)
16.844
Oversold
STOCHRSI(14)
15.666
Oversold
MACD(12,26)
-0.020
Sell
ADX(14)
34.221
Sell
Williams %R
-82.352
Oversold
CCI(14)
-73.2065
Sell
ATR(14)
0.1250
Less Volatility
Highs/Lows(14)
-0.1136
Sell
Ultimate Oscillator
41.926
Sell
ROC
-0.343
Sell
Bull/Bear Power(13)
-0.2210
Sell
Buy: 0
Sell: 8
Neutral: 0


Summary:Strong Sell","Jun 17, 2021 08:07PM GMT"
aud_usd,0.7548 -0.0063    -0.82%,16:08:43,2021-06-17 20:09:10.448188,"Prev. Close: 0.7610
Bid/Ask: 0.7547 / 0.7548
Day's Range: 0.7540 - 0.7646",Strong Sell,"Summary:Strong Sell
Moving Averages:Strong SellBuy (0)Sell (12)
Technical Indicators:Strong SellBuy (1)Sell (8)","Name
S3
S2
S1
Pivot Points
R1
R2
R3
Classic
0.7533
0.7539
0.7543
0.7549
0.7553
0.7559
0.7562
Fibonacci
0.7539
0.7543
0.7545
0.7549
0.7553
0.7555
0.7559
Camarilla
0.7545
0.7546
0.7547
0.7549
0.7548
0.7549
0.7550
Woodie's
0.7533
0.7539
0.7543
0.7549
0.7553
0.7559
0.7562
DeMark's
-
-
0.7541
0.7548
0.7551
-
-","Technical IndicatorsJun 17, 2021 08:07PM GMT
Name
Value
Action
RSI(14)
26.957
Sell
STOCH(9,6)
17.367
Oversold
STOCHRSI(14)
72.510
Buy
MACD(12,26)
-0.003
Sell
ADX(14)
54.197
Sell
Williams %R
-89.386
Oversold
CCI(14)
-95.4427
Sell
ATR(14)
0.0018
Less Volatility
Highs/Lows(14)
-0.0014
Sell
Ultimate Oscillator
34.763
Sell
ROC
-0.945
Sell
Bull/Bear Power(13)
-0.0044
Sell
Buy: 1
Sell: 8
Neutral: 0


Summary:Strong Sell","Jun 17, 2021 08:07PM GMT"
eur_gbp,0.8550 -0.0023    -0.27%,16:08:51,2021-06-17 20:09:10.451021,"Prev. Close: 0.8573
Bid/Ask: 0.8548 / 0.8552
Day's Range: 0.8542 - 0.8580",Strong Sell,"Summary:Strong Sell
Moving Averages:Strong SellBuy (0)Sell (12)
Technical Indicators:Strong SellBuy (1)Sell (9)","Name
S3
S2
S1
Pivot Points
R1
R2
R3
Classic
0.8538
0.8543
0.8547
0.8551
0.8555
0.8559
0.8563
Fibonacci
0.8543
0.8546
0.8548
0.8551
0.8554
0.8556
0.8559
Camarilla
0.8548
0.8549
0.8550
0.8551
0.8551
0.8552
0.8553
Woodie's
0.8538
0.8543
0.8547
0.8551
0.8555
0.8559
0.8563
DeMark's
-
-
0.8545
0.8550
0.8553
-
-","Technical IndicatorsJun 17, 2021 08:07PM GMT
Name
Value
Action
RSI(14)
33.809
Sell
STOCH(9,6)
40.679
Sell
STOCHRSI(14)
53.573
Neutral
MACD(12,26)
-0.001
Sell
ADX(14)
43.306
Sell
Williams %R
-75.000
Sell
CCI(14)
-138.0744
Sell
ATR(14)
0.0011
High Volatility
Highs/Lows(14)
-0.0001
Sell
Ultimate Oscillator
54.609
Buy
ROC
-0.193
Sell
Bull/Bear Power(13)
-0.0022
Sell
Buy: 1
Sell: 9
Neutral: 1


Summary:Strong Sell","Jun 17, 2021 08:07PM GMT"
usd_cad,1.2354 +0.0078    +0.64%,16:08:56,2021-06-17 20:09:10.453810,"Prev. Close: 1.2276
Bid/Ask: 1.2352 / 1.2356
Day's Range: 1.2261 - 1.2378",Strong Buy,"Summary:Strong Buy
Moving Averages:Strong BuyBuy (11)Sell (1)
Technical Indicators:Strong BuyBuy (10)Sell (1)","Name
S3
S2
S1
Pivot Points
R1
R2
R3
Classic
1.2333
1.2339
1.2349
1.2356
1.2366
1.2373
1.2383
Fibonacci
1.2339
1.2346
1.2350
1.2356
1.2362
1.2366
1.2373
Camarilla
1.2354
1.2356
1.2357
1.2356
1.2361
1.2362
1.2364
Woodie's
1.2335
1.2340
1.2351
1.2357
1.2368
1.2374
1.2385
DeMark's
-
-
1.2352
1.2357
1.2369
-
-","Technical IndicatorsJun 17, 2021 08:07PM GMT
Name
Value
Action
RSI(14)
70.253
Buy
STOCH(9,6)
74.134
Buy
STOCHRSI(14)
31.453
Sell
MACD(12,26)
0.003
Buy
ADX(14)
43.639
Buy
Williams %R
-20.548
Buy
CCI(14)
104.6759
Buy
ATR(14)
0.0026
High Volatility
Highs/Lows(14)
0.0010
Buy
Ultimate Oscillator
68.596
Buy
ROC
0.619
Buy
Bull/Bear Power(13)
0.0032
Buy
Buy: 10
Sell: 1
Neutral: 0


Summary:Strong Buy","Jun 17, 2021 08:07PM GMT"
usd_chf,0.9180 +0.0095    +1.04%,16:08:51,2021-06-17 20:09:10.456633,"Prev. Close: 0.9085
Bid/Ask: 0.9179 / 0.9180
Day's Range: 0.9076 - 0.9188",Strong Buy,"Summary:Strong Buy
Moving Averages:BuyBuy (12)Sell (0)
Technical Indicators:Strong BuyBuy (7)Sell (0)","Name
S3
S2
S1
Pivot Points
R1
R2
R3
Classic
0.9165
0.9168
0.9174
0.9177
0.9182
0.9186
0.9191
Fibonacci
0.9168
0.9171
0.9174
0.9177
0.9180
0.9183
0.9186
Camarilla
0.9176
0.9177
0.9178
0.9177
0.9179
0.9180
0.9181
Woodie's
0.9165
0.9168
0.9174
0.9177
0.9182
0.9186
0.9191
DeMark's
-
-
0.9175
0.9178
0.9184
-
-","Technical IndicatorsJun 17, 2021 08:07PM GMT
Name
Value
Action
RSI(14)
76.720
Overbought
STOCH(9,6)
82.077
Overbought
STOCHRSI(14)
9.331
Oversold
MACD(12,26)
0.004
Buy
ADX(14)
43.654
Buy
Williams %R
-11.494
Overbought
CCI(14)
116.8852
Buy
ATR(14)
0.0017
High Volatility
Highs/Lows(14)
0.0013
Buy
Ultimate Oscillator
64.740
Buy
ROC
0.835
Buy
Bull/Bear Power(13)
0.0037
Buy
Buy: 7
Sell: 0
Neutral: 0


Summary:Strong Buy","Jun 17, 2021 08:07PM GMT"
nzd_chf,0.6425 +0.0021    +0.33%,16:08:51,2021-06-17 20:09:10.459454,"Prev. Close: 0.6404
Bid/Ask: 0.6422 / 0.6428
Day's Range: 0.6406 - 0.6453",Neutral,"Summary:Neutral
Moving Averages:NeutralBuy (6)Sell (6)
Technical Indicators:SellBuy (3)Sell (5)","Name
S3
S2
S1
Pivot Points
R1
R2
R3
Classic
0.6412
0.6417
0.6421
0.6426
0.6430
0.6435
0.6439
Fibonacci
0.6417
0.6420
0.6423
0.6426
0.6429
0.6432
0.6435
Camarilla
0.6422
0.6422
0.6423
0.6426
0.6425
0.6426
0.6426
Woodie's
0.6410
0.6416
0.6419
0.6425
0.6428
0.6434
0.6437
DeMark's
-
-
0.6418
0.6425
0.6428
-
-","Technical IndicatorsJun 17, 2021 08:07PM GMT
Name
Value
Action
RSI(14)
49.764
Neutral
STOCH(9,6)
55.963
Buy
STOCHRSI(14)
40.548
Sell
MACD(12,26)
0.000
Buy
ADX(14)
26.540
Buy
Williams %R
-59.141
Sell
CCI(14)
-31.0847
Neutral
ATR(14)
0.0012
Less Volatility
Highs/Lows(14)
0.0000
Neutral
Ultimate Oscillator
47.927
Sell
ROC
-0.186
Sell
Bull/Bear Power(13)
-0.0011
Sell
Buy: 3
Sell: 5
Neutral: 3


Summary:Sell","Jun 17, 2021 08:07PM GMT"
usd_cny,6.4484 +0.0515    +0.80%,11:27:22,2021-06-17 20:09:10.462246,"Prev. Close: 6.3969
Bid/Ask: 6.4477 / 6.4490
Day's Range: 6.3972 - 6.4494",Strong Buy,"Summary:Strong Buy
Moving Averages:BuyBuy (12)Sell (0)
Technical Indicators:Strong BuyBuy (7)Sell (0)","Name
S3
S2
S1
Pivot Points
R1
R2
R3
Classic
6.4380
6.4399
6.4436
6.4455
6.4492
6.4511
6.4548
Fibonacci
6.4399
6.4420
6.4434
6.4455
6.4476
6.4490
6.4511
Camarilla
6.4458
6.4463
6.4468
6.4455
6.4479
6.4484
6.4489
Woodie's
6.4390
6.4404
6.4446
6.4460
6.4502
6.4516
6.4558
DeMark's
-
-
6.4446
6.4460
6.4502
-
-","Technical IndicatorsJun 17, 2021 03:34PM GMT
Name
Value
Action
RSI(14)
85.433
Overbought
STOCH(9,6)
77.649
Buy
STOCHRSI(14)
100.000
Overbought
MACD(12,26)
0.011
Buy
ADX(14)
61.337
Buy
Williams %R
-3.426
Overbought
CCI(14)
151.8010
Buy
ATR(14)
0.0041
Less Volatility
Highs/Lows(14)
0.0141
Buy
Ultimate Oscillator
82.973
Overbought
ROC
0.391
Buy
Bull/Bear Power(13)
0.0286
Buy
Buy: 7
Sell: 0
Neutral: 0


Summary:Strong Buy","Jun 17, 2021 03:34PM GMT"
usd_hkd,7.7644 +0.0014    +0.02%,16:08:50,2021-06-17 20:09:10.465056,"Prev. Close: 7.7630
Bid/Ask: 7.7643 / 7.7644
Day's Range: 7.7625 - 7.7656",Neutral,"Summary:Neutral
Moving Averages:BuyBuy (7)Sell (5)
Technical Indicators:SellBuy (2)Sell (3)","Name
S3
S2
S1
Pivot Points
R1
R2
R3
Classic
7.7647
7.7647
7.7649
7.7649
7.7650
7.7651
7.7652
Fibonacci
7.7647
7.7648
7.7648
7.7649
7.7650
7.7650
7.7651
Camarilla
7.7649
7.7649
7.7649
7.7649
7.7650
7.7650
7.7650
Woodie's
7.7647
7.7647
7.7649
7.7649
7.7650
7.7651
7.7652
DeMark's
-
-
7.7649
7.7649
7.7650
-
-","Technical IndicatorsJun 17, 2021 08:07PM GMT
Name
Value
Action
RSI(14)
52.394
Neutral
STOCH(9,6)
48.243
Neutral
STOCHRSI(14)
14.574
Oversold
MACD(12,26)
0.000
Buy
ADX(14)
39.508
Neutral
Williams %R
-65.797
Sell
CCI(14)
-14.6535
Neutral
ATR(14)
0.0008
Less Volatility
Highs/Lows(14)
0.0000
Neutral
Ultimate Oscillator
47.445
Sell
ROC
-0.012
Sell
Bull/Bear Power(13)
0.0012
Buy
Buy: 2
Sell: 3
Neutral: 5


Summary:Sell","Jun 17, 2021 08:07PM GMT"
eur_usd,1.1902 -0.0092    -0.77%,16:08:50,2021-06-17 20:09:20.368995,"Prev. Close: 1.1994
Bid/Ask: 1.1900 / 1.1904
Day's Range: 1.1892 - 1.2007",Strong Sell,"Summary:Strong Sell
Moving Averages:Strong SellBuy (0)Sell (12)
Technical Indicators:Strong SellBuy (0)Sell (9)","Name
S3
S2
S1
Pivot Points
R1
R2
R3
Classic
1.1884
1.1892
1.1898
1.1906
1.1911
1.1920
1.1925
Fibonacci
1.1892
1.1898
1.1901
1.1906
1.1911
1.1914
1.1920
Camarilla
1.1898
1.1900
1.1901
1.1906
1.1903
1.1904
1.1906
Woodie's
1.1882
1.1891
1.1896
1.1905
1.1909
1.1919
1.1923
DeMark's
-
-
1.1895
1.1905
1.1908
-
-","Technical IndicatorsJun 17, 2021 08:07PM GMT
Name
Value
Action
RSI(14)
25.734
Sell
STOCH(9,6)
21.444
Sell
STOCHRSI(14)
83.728
Overbought
MACD(12,26)
-0.004
Sell
ADX(14)
43.940
Sell
Williams %R
-88.719
Oversold
CCI(14)
-136.3053
Sell
ATR(14)
0.0021
Less Volatility
Highs/Lows(14)
-0.0016
Sell
Ultimate Oscillator
36.923
Sell
ROC
-0.701
Sell
Bull/Bear Power(13)
-0.0056
Sell
Buy: 0
Sell: 9
Neutral: 0


Summary:Strong Sell","Jun 17, 2021 08:07PM GMT"
gbp_usd,1.3922 -0.0066    -0.47%,16:08:42,2021-06-17 20:09:20.372687,"Prev. Close: 1.3987
Bid/Ask: 1.3921 / 1.3922
Day's Range: 1.3896 - 1.4010",Strong Sell,"Summary:Strong Sell
Moving Averages:SellBuy (1)Sell (11)
Technical Indicators:Strong SellBuy (0)Sell (10)","Name
S3
S2
S1
Pivot Points
R1
R2
R3
Classic
1.3904
1.3911
1.3916
1.3923
1.3929
1.3935
1.3941
Fibonacci
1.3911
1.3916
1.3918
1.3923
1.3928
1.3930
1.3935
Camarilla
1.3917
1.3918
1.3919
1.3923
1.3922
1.3923
1.3924
Woodie's
1.3902
1.3910
1.3914
1.3922
1.3927
1.3934
1.3939
DeMark's
-
-
1.3913
1.3921
1.3925
-
-","Technical IndicatorsJun 17, 2021 08:07PM GMT
Name
Value
Action
RSI(14)
35.250
Sell
STOCH(9,6)
27.002
Sell
STOCHRSI(14)
99.286
Overbought
MACD(12,26)
-0.003
Sell
ADX(14)
42.842
Sell
Williams %R
-74.642
Sell
CCI(14)
-81.1822
Sell
ATR(14)
0.0026
High Volatility
Highs/Lows(14)
-0.0008
Sell
Ultimate Oscillator
34.209
Sell
ROC
-0.511
Sell
Bull/Bear Power(13)
-0.0037
Sell
Buy: 0
Sell: 10
Neutral: 0


Summary:Strong Sell","Jun 17, 2021 08:07PM GMT"
usd_jpy,110.29 -0.40    -0.36%,16:09:00,2021-06-17 20:09:20.375647,"Prev. Close: 110.69
Bid/Ask: 110.28 / 110.30
Day's Range: 110.17 - 110.83",Strong Sell,"Summary:Strong Sell
Moving Averages:SellBuy (5)Sell (7)
Technical Indicators:Strong SellBuy (0)Sell (8)","Name
S3
S2
S1
Pivot Points
R1
R2
R3
Classic
110.18
110.22
110.24
110.28
110.31
110.34
110.37
Fibonacci
110.22
110.24
110.26
110.28
110.30
110.32
110.34
Camarilla
110.25
110.26
110.26
110.28
110.28
110.28
110.29
Woodie's
110.18
110.22
110.24
110.28
110.31
110.34
110.37
DeMark's
-
-
110.26
110.29
110.32
-
-","Technical IndicatorsJun 17, 2021 08:07PM GMT
Name
Value
Action
RSI(14)
42.564
Sell
STOCH(9,6)
16.844
Oversold
STOCHRSI(14)
15.666
Oversold
MACD(12,26)
-0.020
Sell
ADX(14)
34.221
Sell
Williams %R
-82.352
Oversold
CCI(14)
-73.2065
Sell
ATR(14)
0.1250
Less Volatility
Highs/Lows(14)
-0.1136
Sell
Ultimate Oscillator
41.926
Sell
ROC
-0.343
Sell
Bull/Bear Power(13)
-0.2210
Sell
Buy: 0
Sell: 8
Neutral: 0


Summary:Strong Sell","Jun 17, 2021 08:07PM GMT"
aud_usd,0.7548 -0.0063    -0.82%,16:08:43,2021-06-17 20:09:20.378495,"Prev. Close: 0.7610
Bid/Ask: 0.7547 / 0.7548
Day's Range: 0.7540 - 0.7646",Strong Sell,"Summary:Strong Sell
Moving Averages:Strong SellBuy (0)Sell (12)
Technical Indicators:Strong SellBuy (1)Sell (8)","Name
S3
S2
S1
Pivot Points
R1
R2
R3
Classic
0.7533
0.7539
0.7543
0.7549
0.7553
0.7559
0.7562
Fibonacci
0.7539
0.7543
0.7545
0.7549
0.7553
0.7555
0.7559
Camarilla
0.7545
0.7546
0.7547
0.7549
0.7548
0.7549
0.7550
Woodie's
0.7533
0.7539
0.7543
0.7549
0.7553
0.7559
0.7562
DeMark's
-
-
0.7541
0.7548
0.7551
-
-","Technical IndicatorsJun 17, 2021 08:07PM GMT
Name
Value
Action
RSI(14)
26.957
Sell
STOCH(9,6)
17.367
Oversold
STOCHRSI(14)
72.510
Buy
MACD(12,26)
-0.003
Sell
ADX(14)
54.197
Sell
Williams %R
-89.386
Oversold
CCI(14)
-95.4427
Sell
ATR(14)
0.0018
Less Volatility
Highs/Lows(14)
-0.0014
Sell
Ultimate Oscillator
34.763
Sell
ROC
-0.945
Sell
Bull/Bear Power(13)
-0.0044
Sell
Buy: 1
Sell: 8
Neutral: 0


Summary:Strong Sell","Jun 17, 2021 08:07PM GMT"
eur_gbp,0.8550 -0.0023    -0.27%,16:08:51,2021-06-17 20:09:20.381298,"Prev. Close: 0.8573
Bid/Ask: 0.8548 / 0.8552
Day's Range: 0.8542 - 0.8580",Strong Sell,"Summary:Strong Sell
Moving Averages:Strong SellBuy (0)Sell (12)
Technical Indicators:Strong SellBuy (1)Sell (9)","Name
S3
S2
S1
Pivot Points
R1
R2
R3
Classic
0.8538
0.8543
0.8547
0.8551
0.8555
0.8559
0.8563
Fibonacci
0.8543
0.8546
0.8548
0.8551
0.8554
0.8556
0.8559
Camarilla
0.8548
0.8549
0.8550
0.8551
0.8551
0.8552
0.8553
Woodie's
0.8538
0.8543
0.8547
0.8551
0.8555
0.8559
0.8563
DeMark's
-
-
0.8545
0.8550
0.8553
-
-","Technical IndicatorsJun 17, 2021 08:07PM GMT
Name
Value
Action
RSI(14)
33.809
Sell
STOCH(9,6)
40.679
Sell
STOCHRSI(14)
53.573
Neutral
MACD(12,26)
-0.001
Sell
ADX(14)
43.306
Sell
Williams %R
-75.000
Sell
CCI(14)
-138.0744
Sell
ATR(14)
0.0011
High Volatility
Highs/Lows(14)
-0.0001
Sell
Ultimate Oscillator
54.609
Buy
ROC
-0.193
Sell
Bull/Bear Power(13)
-0.0022
Sell
Buy: 1
Sell: 9
Neutral: 1


Summary:Strong Sell","Jun 17, 2021 08:07PM GMT"
usd_cad,1.2354 +0.0078    +0.64%,16:08:56,2021-06-17 20:09:20.384120,"Prev. Close: 1.2276
Bid/Ask: 1.2352 / 1.2356
Day's Range: 1.2261 - 1.2378",Strong Buy,"Summary:Strong Buy
Moving Averages:Strong BuyBuy (11)Sell (1)
Technical Indicators:Strong BuyBuy (10)Sell (1)","Name
S3
S2
S1
Pivot Points
R1
R2
R3
Classic
1.2333
1.2339
1.2349
1.2356
1.2366
1.2373
1.2383
Fibonacci
1.2339
1.2346
1.2350
1.2356
1.2362
1.2366
1.2373
Camarilla
1.2354
1.2356
1.2357
1.2356
1.2361
1.2362
1.2364
Woodie's
1.2335
1.2340
1.2351
1.2357
1.2368
1.2374
1.2385
DeMark's
-
-
1.2352
1.2357
1.2369
-
-","Technical IndicatorsJun 17, 2021 08:07PM GMT
Name
Value
Action
RSI(14)
70.253
Buy
STOCH(9,6)
74.134
Buy
STOCHRSI(14)
31.453
Sell
MACD(12,26)
0.003
Buy
ADX(14)
43.639
Buy
Williams %R
-20.548
Buy
CCI(14)
104.6759
Buy
ATR(14)
0.0026
High Volatility
Highs/Lows(14)
0.0010
Buy
Ultimate Oscillator
68.596
Buy
ROC
0.619
Buy
Bull/Bear Power(13)
0.0032
Buy
Buy: 10
Sell: 1
Neutral: 0


Summary:Strong Buy","Jun 17, 2021 08:07PM GMT"
usd_chf,0.9180 +0.0095    +1.04%,16:08:51,2021-06-17 20:09:20.386937,"Prev. Close: 0.9085
Bid/Ask: 0.9179 / 0.9180
Day's Range: 0.9076 - 0.9188",Strong Buy,"Summary:Strong Buy
Moving Averages:BuyBuy (12)Sell (0)
Technical Indicators:Strong BuyBuy (7)Sell (0)","Name
S3
S2
S1
Pivot Points
R1
R2
R3
Classic
0.9165
0.9168
0.9174
0.9177
0.9182
0.9186
0.9191
Fibonacci
0.9168
0.9171
0.9174
0.9177
0.9180
0.9183
0.9186
Camarilla
0.9176
0.9177
0.9178
0.9177
0.9179
0.9180
0.9181
Woodie's
0.9165
0.9168
0.9174
0.9177
0.9182
0.9186
0.9191
DeMark's
-
-
0.9175
0.9178
0.9184
-
-","Technical IndicatorsJun 17, 2021 08:07PM GMT
Name
Value
Action
RSI(14)
76.720
Overbought
STOCH(9,6)
82.077
Overbought
STOCHRSI(14)
9.331
Oversold
MACD(12,26)
0.004
Buy
ADX(14)
43.654
Buy
Williams %R
-11.494
Overbought
CCI(14)
116.8852
Buy
ATR(14)
0.0017
High Volatility
Highs/Lows(14)
0.0013
Buy
Ultimate Oscillator
64.740
Buy
ROC
0.835
Buy
Bull/Bear Power(13)
0.0037
Buy
Buy: 7
Sell: 0
Neutral: 0


Summary:Strong Buy","Jun 17, 2021 08:07PM GMT"
nzd_chf,0.6425 +0.0021    +0.33%,16:08:51,2021-06-17 20:09:20.389736,"Prev. Close: 0.6404
Bid/Ask: 0.6422 / 0.6428
Day's Range: 0.6406 - 0.6453",Neutral,"Summary:Neutral
Moving Averages:NeutralBuy (6)Sell (6)
Technical Indicators:SellBuy (3)Sell (5)","Name
S3
S2
S1
Pivot Points
R1
R2
R3
Classic
0.6412
0.6417
0.6421
0.6426
0.6430
0.6435
0.6439
Fibonacci
0.6417
0.6420
0.6423
0.6426
0.6429
0.6432
0.6435
Camarilla
0.6422
0.6422
0.6423
0.6426
0.6425
0.6426
0.6426
Woodie's
0.6410
0.6416
0.6419
0.6425
0.6428
0.6434
0.6437
DeMark's
-
-
0.6418
0.6425
0.6428
-
-","Technical IndicatorsJun 17, 2021 08:07PM GMT
Name
Value
Action
RSI(14)
49.764
Neutral
STOCH(9,6)
55.963
Buy
STOCHRSI(14)
40.548
Sell
MACD(12,26)
0.000
Buy
ADX(14)
26.540
Buy
Williams %R
-59.141
Sell
CCI(14)
-31.0847
Neutral
ATR(14)
0.0012
Less Volatility
Highs/Lows(14)
0.0000
Neutral
Ultimate Oscillator
47.927
Sell
ROC
-0.186
Sell
Bull/Bear Power(13)
-0.0011
Sell
Buy: 3
Sell: 5
Neutral: 3


Summary:Sell","Jun 17, 2021 08:07PM GMT"
usd_cny,6.4484 +0.0515    +0.80%,11:27:22,2021-06-17 20:09:20.392569,"Prev. Close: 6.3969
Bid/Ask: 6.4477 / 6.4490
Day's Range: 6.3972 - 6.4494",Strong Buy,"Summary:Strong Buy
Moving Averages:BuyBuy (12)Sell (0)
Technical Indicators:Strong BuyBuy (7)Sell (0)","Name
S3
S2
S1
Pivot Points
R1
R2
R3
Classic
6.4380
6.4399
6.4436
6.4455
6.4492
6.4511
6.4548
Fibonacci
6.4399
6.4420
6.4434
6.4455
6.4476
6.4490
6.4511
Camarilla
6.4458
6.4463
6.4468
6.4455
6.4479
6.4484
6.4489
Woodie's
6.4390
6.4404
6.4446
6.4460
6.4502
6.4516
6.4558
DeMark's
-
-
6.4446
6.4460
6.4502
-
-","Technical IndicatorsJun 17, 2021 03:34PM GMT
Name
Value
Action
RSI(14)
85.433
Overbought
STOCH(9,6)
77.649
Buy
STOCHRSI(14)
100.000
Overbought
MACD(12,26)
0.011
Buy
ADX(14)
61.337
Buy
Williams %R
-3.426
Overbought
CCI(14)
151.8010
Buy
ATR(14)
0.0041
Less Volatility
Highs/Lows(14)
0.0141
Buy
Ultimate Oscillator
82.973
Overbought
ROC
0.391
Buy
Bull/Bear Power(13)
0.0286
Buy
Buy: 7
Sell: 0
Neutral: 0


Summary:Strong Buy","Jun 17, 2021 03:34PM GMT"
usd_hkd,7.7644 +0.0014    +0.02%,16:08:50,2021-06-17 20:09:20.395396,"Prev. Close: 7.7630
Bid/Ask: 7.7643 / 7.7644
Day's Range: 7.7625 - 7.7656",Neutral,"Summary:Neutral
Moving Averages:BuyBuy (7)Sell (5)
Technical Indicators:SellBuy (2)Sell (3)","Name
S3
S2
S1
Pivot Points
R1
R2
R3
Classic
7.7647
7.7647
7.7649
7.7649
7.7650
7.7651
7.7652
Fibonacci
7.7647
7.7648
7.7648
7.7649
7.7650
7.7650
7.7651
Camarilla
7.7649
7.7649
7.7649
7.7649
7.7650
7.7650
7.7650
Woodie's
7.7647
7.7647
7.7649
7.7649
7.7650
7.7651
7.7652
DeMark's
-
-
7.7649
7.7649
7.7650
-
-","Technical IndicatorsJun 17, 2021 08:07PM GMT
Name
Value
Action
RSI(14)
52.394
Neutral
STOCH(9,6)
48.243
Neutral
STOCHRSI(14)
14.574
Oversold
MACD(12,26)
0.000
Buy
ADX(14)
39.508
Neutral
Williams %R
-65.797
Sell
CCI(14)
-14.6535
Neutral
ATR(14)
0.0008
Less Volatility
Highs/Lows(14)
0.0000
Neutral
Ultimate Oscillator
47.445
Sell
ROC
-0.012
Sell
Bull/Bear Power(13)
0.0012
Buy
Buy: 2
Sell: 3
Neutral: 5


Summary:Sell","Jun 17, 2021 08:07PM GMT"
eur_usd,1.1902 -0.0092    -0.77%,16:09:28,2021-06-17 20:10:11.097762,"Prev. Close: 1.1994
Bid/Ask: 1.1900 / 1.1904
Day's Range: 1.1892 - 1.2007",Strong Sell,"Summary:Strong Sell
Moving Averages:Strong SellBuy (0)Sell (12)
Technical Indicators:Strong SellBuy (0)Sell (9)","Name
S3
S2
S1
Pivot Points
R1
R2
R3
Classic
1.1884
1.1892
1.1898
1.1906
1.1911
1.1920
1.1925
Fibonacci
1.1892
1.1898
1.1901
1.1906
1.1911
1.1914
1.1920
Camarilla
1.1898
1.1900
1.1901
1.1906
1.1903
1.1904
1.1906
Woodie's
1.1882
1.1891
1.1896
1.1905
1.1909
1.1919
1.1923
DeMark's
-
-
1.1895
1.1905
1.1908
-
-","Technical IndicatorsJun 17, 2021 08:09PM GMT
Name
Value
Action
RSI(14)
25.006
Sell
STOCH(9,6)
20.879
Sell
STOCHRSI(14)
77.907
Overbought
MACD(12,26)
-0.004
Sell
ADX(14)
43.940
Sell
Williams %R
-90.770
Oversold
CCI(14)
-138.7314
Sell
ATR(14)
0.0021
Less Volatility
Highs/Lows(14)
-0.0018
Sell
Ultimate Oscillator
35.790
Sell
ROC
-0.717
Sell
Bull/Bear Power(13)
-0.0056
Sell
Buy: 0
Sell: 9
Neutral: 0


Summary:Strong Sell","Jun 17, 2021 08:09PM GMT"
gbp_usd,1.3922 -0.0066    -0.47%,16:09:29,2021-06-17 20:10:11.101470,"Prev. Close: 1.3987
Bid/Ask: 1.3921 / 1.3922
Day's Range: 1.3896 - 1.4010",Strong Sell,"Summary:Strong Sell
Moving Averages:SellBuy (1)Sell (11)
Technical Indicators:Strong SellBuy (0)Sell (10)","Name
S3
S2
S1
Pivot Points
R1
R2
R3
Classic
1.3904
1.3911
1.3916
1.3923
1.3929
1.3935
1.3941
Fibonacci
1.3911
1.3916
1.3918
1.3923
1.3928
1.3930
1.3935
Camarilla
1.3917
1.3918
1.3919
1.3923
1.3922
1.3923
1.3924
Woodie's
1.3902
1.3910
1.3914
1.3922
1.3927
1.3934
1.3939
DeMark's
-
-
1.3913
1.3921
1.3925
-
-","Technical IndicatorsJun 17, 2021 08:09PM GMT
Name
Value
Action
RSI(14)
34.483
Sell
STOCH(9,6)
26.501
Sell
STOCHRSI(14)
92.987
Overbought
MACD(12,26)
-0.003
Sell
ADX(14)
42.842
Sell
Williams %R
-76.555
Sell
CCI(14)
-83.1430
Sell
ATR(14)
0.0026
High Volatility
Highs/Lows(14)
-0.0010
Sell
Ultimate Oscillator
33.243
Sell
ROC
-0.525
Sell
Bull/Bear Power(13)
-0.0037
Sell
Buy: 0
Sell: 10
Neutral: 0


Summary:Strong Sell","Jun 17, 2021 08:09PM GMT"
usd_jpy,110.29 -0.41    -0.37%,16:09:40,2021-06-17 20:10:11.104546,"Prev. Close: 110.69
Bid/Ask: 110.27 / 110.30
Day's Range: 110.17 - 110.83",Sell,"Summary:Sell
Moving Averages:NeutralBuy (6)Sell (6)
Technical Indicators:Strong SellBuy (0)Sell (8)","Name
S3
S2
S1
Pivot Points
R1
R2
R3
Classic
110.18
110.22
110.24
110.28
110.31
110.34
110.37
Fibonacci
110.22
110.24
110.26
110.28
110.30
110.32
110.34
Camarilla
110.25
110.26
110.26
110.28
110.28
110.28
110.29
Woodie's
110.18
110.22
110.24
110.28
110.31
110.34
110.37
DeMark's
-
-
110.26
110.29
110.32
-
-","Technical IndicatorsJun 17, 2021 08:09PM GMT
Name
Value
Action
RSI(14)
43.213
Sell
STOCH(9,6)
17.150
Oversold
STOCHRSI(14)
18.030
Oversold
MACD(12,26)
-0.020
Sell
ADX(14)
34.221
Sell
Williams %R
-80.671
Oversold
CCI(14)
-71.5075
Sell
ATR(14)
0.1254
Less Volatility
Highs/Lows(14)
-0.1036
Sell
Ultimate Oscillator
42.625
Sell
ROC
-0.334
Sell
Bull/Bear Power(13)
-0.2180
Sell
Buy: 0
Sell: 8
Neutral: 0


Summary:Strong Sell","Jun 17, 2021 08:09PM GMT"
aud_usd,0.7548 -0.0063    -0.82%,16:09:26,2021-06-17 20:10:11.107435,"Prev. Close: 0.7610
Bid/Ask: 0.7547 / 0.7548
Day's Range: 0.7540 - 0.7646",Strong Sell,"Summary:Strong Sell
Moving Averages:Strong SellBuy (0)Sell (12)
Technical Indicators:Strong SellBuy (1)Sell (8)","Name
S3
S2
S1
Pivot Points
R1
R2
R3
Classic
0.7533
0.7539
0.7543
0.7549
0.7553
0.7559
0.7562
Fibonacci
0.7539
0.7543
0.7545
0.7549
0.7553
0.7555
0.7559
Camarilla
0.7545
0.7546
0.7547
0.7549
0.7548
0.7549
0.7550
Woodie's
0.7533
0.7539
0.7543
0.7549
0.7553
0.7559
0.7562
DeMark's
-
-
0.7541
0.7548
0.7551
-
-","Technical IndicatorsJun 17, 2021 08:09PM GMT
Name
Value
Action
RSI(14)
25.786
Sell
STOCH(9,6)
16.732
Oversold
STOCHRSI(14)
62.886
Buy
MACD(12,26)
-0.003
Sell
ADX(14)
54.197
Sell
Williams %R
-91.620
Oversold
CCI(14)
-97.5163
Sell
ATR(14)
0.0018
Less Volatility
Highs/Lows(14)
-0.0016
Sell
Ultimate Oscillator
33.229
Sell
ROC
-0.971
Sell
Bull/Bear Power(13)
-0.0044
Sell
Buy: 1
Sell: 8
Neutral: 0


Summary:Strong Sell","Jun 17, 2021 08:09PM GMT"
eur_gbp,0.8550 -0.0024    -0.27%,16:09:40,2021-06-17 20:10:11.110242,"Prev. Close: 0.8573
Bid/Ask: 0.8548 / 0.8551
Day's Range: 0.8542 - 0.8580",Strong Sell,"Summary:Strong Sell
Moving Averages:Strong SellBuy (0)Sell (12)
Technical Indicators:Strong SellBuy (1)Sell (9)","Name
S3
S2
S1
Pivot Points
R1
R2
R3
Classic
0.8538
0.8543
0.8547
0.8551
0.8555
0.8559
0.8563
Fibonacci
0.8543
0.8546
0.8548
0.8551
0.8554
0.8556
0.8559
Camarilla
0.8548
0.8549
0.8550
0.8551
0.8551
0.8552
0.8553
Woodie's
0.8538
0.8543
0.8547
0.8551
0.8555
0.8559
0.8563
DeMark's
-
-
0.8545
0.8550
0.8553
-
-","Technical IndicatorsJun 17, 2021 08:09PM GMT
Name
Value
Action
RSI(14)
34.128
Sell
STOCH(9,6)
40.988
Sell
STOCHRSI(14)
54.958
Neutral
MACD(12,26)
-0.001
Sell
ADX(14)
43.306
Sell
Williams %R
-73.333
Sell
CCI(14)
-135.5437
Sell
ATR(14)
0.0011
High Volatility
Highs/Lows(14)
-0.0000
Sell
Ultimate Oscillator
55.220
Buy
ROC
-0.187
Sell
Bull/Bear Power(13)
-0.0022
Sell
Buy: 1
Sell: 9
Neutral: 1


Summary:Strong Sell","Jun 17, 2021 08:09PM GMT"
usd_cad,1.2360 +0.0083    +0.68%,16:09:44,2021-06-17 20:10:11.113067,"Prev. Close: 1.2276
Bid/Ask: 1.2359 / 1.2360
Day's Range: 1.2261 - 1.2378",Strong Buy,"Summary:Strong Buy
Moving Averages:BuyBuy (12)Sell (0)
Technical Indicators:Strong BuyBuy (8)Sell (0)","Name
S3
S2
S1
Pivot Points
R1
R2
R3
Classic
1.2333
1.2339
1.2349
1.2356
1.2366
1.2373
1.2383
Fibonacci
1.2339
1.2346
1.2350
1.2356
1.2362
1.2366
1.2373
Camarilla
1.2354
1.2356
1.2357
1.2356
1.2361
1.2362
1.2364
Woodie's
1.2335
1.2340
1.2351
1.2357
1.2368
1.2374
1.2385
DeMark's
-
-
1.2352
1.2357
1.2369
-
-","Technical IndicatorsJun 17, 2021 08:09PM GMT
Name
Value
Action
RSI(14)
72.624
Buy
STOCH(9,6)
75.144
Buy
STOCHRSI(14)
49.336
Neutral
MACD(12,26)
0.003
Buy
ADX(14)
43.639
Buy
Williams %R
-15.983
Overbought
CCI(14)
110.8565
Buy
ATR(14)
0.0026
High Volatility
Highs/Lows(14)
0.0015
Buy
Ultimate Oscillator
70.740
Overbought
ROC
0.660
Buy
Bull/Bear Power(13)
0.0032
Buy
Buy: 8
Sell: 0
Neutral: 1


Summary:Strong Buy","Jun 17, 2021 08:09PM GMT"
usd_chf,0.9179 +0.0094    +1.03%,16:09:34,2021-06-17 20:10:11.115890,"Prev. Close: 0.9085
Bid/Ask: 0.9177 / 0.9181
Day's Range: 0.9076 - 0.9188",Strong Buy,"Summary:Strong Buy
Moving Averages:BuyBuy (12)Sell (0)
Technical Indicators:Strong BuyBuy (7)Sell (0)","Name
S3
S2
S1
Pivot Points
R1
R2
R3
Classic
0.9165
0.9168
0.9174
0.9177
0.9182
0.9186
0.9191
Fibonacci
0.9168
0.9171
0.9174
0.9177
0.9180
0.9183
0.9186
Camarilla
0.9176
0.9177
0.9178
0.9177
0.9179
0.9180
0.9181
Woodie's
0.9165
0.9168
0.9174
0.9177
0.9182
0.9186
0.9191
DeMark's
-
-
0.9175
0.9178
0.9184
-
-","Technical IndicatorsJun 17, 2021 08:09PM GMT
Name
Value
Action
RSI(14)
77.273
Overbought
STOCH(9,6)
82.540
Overbought
STOCHRSI(14)
14.223
Oversold
MACD(12,26)
0.004
Buy
ADX(14)
43.654
Buy
Williams %R
-9.770
Overbought
CCI(14)
118.7730
Buy
ATR(14)
0.0017
High Volatility
Highs/Lows(14)
0.0015
Buy
Ultimate Oscillator
65.815
Buy
ROC
0.851
Buy
Bull/Bear Power(13)
0.0037
Buy
Buy: 7
Sell: 0
Neutral: 0


Summary:Strong Buy","Jun 17, 2021 08:09PM GMT"
nzd_chf,0.6424 +0.0019    +0.30%,16:09:42,2021-06-17 20:10:11.118724,"Prev. Close: 0.6404
Bid/Ask: 0.6423 / 0.6424
Day's Range: 0.6406 - 0.6453",Neutral,"Summary:Neutral
Moving Averages:NeutralBuy (6)Sell (6)
Technical Indicators:SellBuy (3)Sell (5)","Name
S3
S2
S1
Pivot Points
R1
R2
R3
Classic
0.6412
0.6417
0.6421
0.6426
0.6430
0.6435
0.6439
Fibonacci
0.6417
0.6420
0.6423
0.6426
0.6429
0.6432
0.6435
Camarilla
0.6422
0.6422
0.6423
0.6426
0.6425
0.6426
0.6426
Woodie's
0.6410
0.6416
0.6419
0.6425
0.6428
0.6434
0.6437
DeMark's
-
-
0.6418
0.6425
0.6428
-
-","Technical IndicatorsJun 17, 2021 08:07PM GMT
Name
Value
Action
RSI(14)
49.764
Neutral
STOCH(9,6)
55.963
Buy
STOCHRSI(14)
40.548
Sell
MACD(12,26)
0.000
Buy
ADX(14)
26.540
Buy
Williams %R
-59.141
Sell
CCI(14)
-31.0847
Neutral
ATR(14)
0.0012
Less Volatility
Highs/Lows(14)
0.0000
Neutral
Ultimate Oscillator
47.927
Sell
ROC
-0.186
Sell
Bull/Bear Power(13)
-0.0011
Sell
Buy: 3
Sell: 5
Neutral: 3


Summary:Sell","Jun 17, 2021 08:07PM GMT"
usd_cny,6.4484 +0.0515    +0.80%,11:27:22,2021-06-17 20:10:11.121519,"Prev. Close: 6.3969
Bid/Ask: 6.4477 / 6.4490
Day's Range: 6.3972 - 6.4494",Strong Buy,"Summary:Strong Buy
Moving Averages:BuyBuy (12)Sell (0)
Technical Indicators:Strong BuyBuy (7)Sell (0)","Name
S3
S2
S1
Pivot Points
R1
R2
R3
Classic
6.4380
6.4399
6.4436
6.4455
6.4492
6.4511
6.4548
Fibonacci
6.4399
6.4420
6.4434
6.4455
6.4476
6.4490
6.4511
Camarilla
6.4458
6.4463
6.4468
6.4455
6.4479
6.4484
6.4489
Woodie's
6.4390
6.4404
6.4446
6.4460
6.4502
6.4516
6.4558
DeMark's
-
-
6.4446
6.4460
6.4502
-
-","Technical IndicatorsJun 17, 2021 03:34PM GMT
Name
Value
Action
RSI(14)
85.433
Overbought
STOCH(9,6)
77.649
Buy
STOCHRSI(14)
100.000
Overbought
MACD(12,26)
0.011
Buy
ADX(14)
61.337
Buy
Williams %R
-3.426
Overbought
CCI(14)
151.8010
Buy
ATR(14)
0.0041
Less Volatility
Highs/Lows(14)
0.0141
Buy
Ultimate Oscillator
82.973
Overbought
ROC
0.391
Buy
Bull/Bear Power(13)
0.0286
Buy
Buy: 7
Sell: 0
Neutral: 0


Summary:Strong Buy","Jun 17, 2021 03:34PM GMT"
usd_hkd,7.7644 +0.0014    +0.02%,16:09:31,2021-06-17 20:10:11.124350,"Prev. Close: 7.7630
Bid/Ask: 7.7641 / 7.7646
Day's Range: 7.7625 - 7.7656",Neutral,"Summary:Neutral
Moving Averages:BuyBuy (7)Sell (5)
Technical Indicators:SellBuy (2)Sell (3)","Name
S3
S2
S1
Pivot Points
R1
R2
R3
Classic
7.7647
7.7647
7.7649
7.7649
7.7650
7.7651
7.7652
Fibonacci
7.7647
7.7648
7.7648
7.7649
7.7650
7.7650
7.7651
Camarilla
7.7649
7.7649
7.7649
7.7649
7.7650
7.7650
7.7650
Woodie's
7.7647
7.7647
7.7649
7.7649
7.7650
7.7651
7.7652
DeMark's
-
-
7.7649
7.7649
7.7650
-
-","Technical IndicatorsJun 17, 2021 08:07PM GMT
Name
Value
Action
RSI(14)
52.394
Neutral
STOCH(9,6)
48.243
Neutral
STOCHRSI(14)
14.574
Oversold
MACD(12,26)
0.000
Buy
ADX(14)
39.508
Neutral
Williams %R
-65.797
Sell
CCI(14)
-14.6535
Neutral
ATR(14)
0.0008
Less Volatility
Highs/Lows(14)
0.0000
Neutral
Ultimate Oscillator
47.445
Sell
ROC
-0.012
Sell
Bull/Bear Power(13)
0.0012
Buy
Buy: 2
Sell: 3
Neutral: 5


Summary:Sell","Jun 17, 2021 08:07PM GMT"
eur_usd,1.1902 -0.0092    -0.77%,16:10:49,2021-06-17 20:11:10.753599,"Prev. Close: 1.1994
Bid/Ask: 1.1900 / 1.1904
Day's Range: 1.1892 - 1.2007",Strong Sell,"Summary:Strong Sell
Moving Averages:Strong SellBuy (0)Sell (12)
Technical Indicators:Strong SellBuy (0)Sell (9)","Name
S3
S2
S1
Pivot Points
R1
R2
R3
Classic
1.1884
1.1892
1.1898
1.1906
1.1911
1.1920
1.1925
Fibonacci
1.1892
1.1898
1.1901
1.1906
1.1911
1.1914
1.1920
Camarilla
1.1898
1.1900
1.1901
1.1906
1.1903
1.1904
1.1906
Woodie's
1.1882
1.1891
1.1896
1.1905
1.1909
1.1919
1.1923
DeMark's
-
-
1.1895
1.1905
1.1908
-
-","Technical IndicatorsJun 17, 2021 08:09PM GMT
Name
Value
Action
RSI(14)
25.006
Sell
STOCH(9,6)
20.879
Sell
STOCHRSI(14)
77.907
Overbought
MACD(12,26)
-0.004
Sell
ADX(14)
43.940
Sell
Williams %R
-90.770
Oversold
CCI(14)
-138.7314
Sell
ATR(14)
0.0021
Less Volatility
Highs/Lows(14)
-0.0018
Sell
Ultimate Oscillator
35.790
Sell
ROC
-0.717
Sell
Bull/Bear Power(13)
-0.0056
Sell
Buy: 0
Sell: 9
Neutral: 0


Summary:Strong Sell","Jun 17, 2021 08:09PM GMT"
gbp_usd,1.3922 -0.0066    -0.47%,16:10:35,2021-06-17 20:11:10.757236,"Prev. Close: 1.3987
Bid/Ask: 1.3921 / 1.3922
Day's Range: 1.3896 - 1.4010",Strong Sell,"Summary:Strong Sell
Moving Averages:SellBuy (1)Sell (11)
Technical Indicators:Strong SellBuy (0)Sell (10)","Name
S3
S2
S1
Pivot Points
R1
R2
R3
Classic
1.3904
1.3911
1.3916
1.3923
1.3929
1.3935
1.3941
Fibonacci
1.3911
1.3916
1.3918
1.3923
1.3928
1.3930
1.3935
Camarilla
1.3917
1.3918
1.3919
1.3923
1.3922
1.3923
1.3924
Woodie's
1.3902
1.3910
1.3914
1.3922
1.3927
1.3934
1.3939
DeMark's
-
-
1.3913
1.3921
1.3925
-
-","Technical IndicatorsJun 17, 2021 08:09PM GMT
Name
Value
Action
RSI(14)
34.483
Sell
STOCH(9,6)
26.501
Sell
STOCHRSI(14)
92.987
Overbought
MACD(12,26)
-0.003
Sell
ADX(14)
42.842
Sell
Williams %R
-76.555
Sell
CCI(14)
-83.1430
Sell
ATR(14)
0.0026
High Volatility
Highs/Lows(14)
-0.0010
Sell
Ultimate Oscillator
33.243
Sell
ROC
-0.525
Sell
Bull/Bear Power(13)
-0.0037
Sell
Buy: 0
Sell: 10
Neutral: 0


Summary:Strong Sell","Jun 17, 2021 08:09PM GMT"
usd_jpy,110.29 -0.41    -0.37%,16:10:35,2021-06-17 20:11:10.760153,"Prev. Close: 110.69
Bid/Ask: 110.27 / 110.30
Day's Range: 110.17 - 110.83",Sell,"Summary:Sell
Moving Averages:NeutralBuy (6)Sell (6)
Technical Indicators:Strong SellBuy (0)Sell (8)","Name
S3
S2
S1
Pivot Points
R1
R2
R3
Classic
110.18
110.22
110.24
110.28
110.31
110.34
110.37
Fibonacci
110.22
110.24
110.26
110.28
110.30
110.32
110.34
Camarilla
110.25
110.26
110.26
110.28
110.28
110.28
110.29
Woodie's
110.18
110.22
110.24
110.28
110.31
110.34
110.37
DeMark's
-
-
110.26
110.29
110.32
-
-","Technical IndicatorsJun 17, 2021 08:10PM GMT
Name
Value
Action
RSI(14)
43.213
Sell
STOCH(9,6)
17.150
Oversold
STOCHRSI(14)
18.030
Oversold
MACD(12,26)
-0.020
Sell
ADX(14)
34.221
Sell
Williams %R
-80.671
Oversold
CCI(14)
-71.5075
Sell
ATR(14)
0.1254
Less Volatility
Highs/Lows(14)
-0.1036
Sell
Ultimate Oscillator
42.625
Sell
ROC
-0.334
Sell
Bull/Bear Power(13)
-0.2180
Sell
Buy: 0
Sell: 8
Neutral: 0


Summary:Strong Sell","Jun 17, 2021 08:10PM GMT"
aud_usd,0.7548 -0.0063    -0.82%,16:10:53,2021-06-17 20:11:10.762958,"Prev. Close: 0.7610
Bid/Ask: 0.7547 / 0.7548
Day's Range: 0.7540 - 0.7646",Strong Sell,"Summary:Strong Sell
Moving Averages:Strong SellBuy (0)Sell (12)
Technical Indicators:Strong SellBuy (1)Sell (8)","Name
S3
S2
S1
Pivot Points
R1
R2
R3
Classic
0.7533
0.7539
0.7543
0.7549
0.7553
0.7559
0.7562
Fibonacci
0.7539
0.7543
0.7545
0.7549
0.7553
0.7555
0.7559
Camarilla
0.7545
0.7546
0.7547
0.7549
0.7548
0.7549
0.7550
Woodie's
0.7533
0.7539
0.7543
0.7549
0.7553
0.7559
0.7562
DeMark's
-
-
0.7541
0.7548
0.7551
-
-","Technical IndicatorsJun 17, 2021 08:09PM GMT
Name
Value
Action
RSI(14)
25.786
Sell
STOCH(9,6)
16.732
Oversold
STOCHRSI(14)
62.886
Buy
MACD(12,26)
-0.003
Sell
ADX(14)
54.197
Sell
Williams %R
-91.620
Oversold
CCI(14)
-97.5163
Sell
ATR(14)
0.0018
Less Volatility
Highs/Lows(14)
-0.0016
Sell
Ultimate Oscillator
33.229
Sell
ROC
-0.971
Sell
Bull/Bear Power(13)
-0.0044
Sell
Buy: 1
Sell: 8
Neutral: 0


Summary:Strong Sell","Jun 17, 2021 08:09PM GMT"
eur_gbp,0.8550 -0.0024    -0.27%,16:10:49,2021-06-17 20:11:10.765716,"Prev. Close: 0.8573
Bid/Ask: 0.8547 / 0.8552
Day's Range: 0.8542 - 0.8580",Strong Sell,"Summary:Strong Sell
Moving Averages:Strong SellBuy (0)Sell (12)
Technical Indicators:Strong SellBuy (1)Sell (9)","Name
S3
S2
S1
Pivot Points
R1
R2
R3
Classic
0.8538
0.8543
0.8547
0.8551
0.8555
0.8559
0.8563
Fibonacci
0.8543
0.8546
0.8548
0.8551
0.8554
0.8556
0.8559
Camarilla
0.8548
0.8549
0.8550
0.8551
0.8551
0.8552
0.8553
Woodie's
0.8538
0.8543
0.8547
0.8551
0.8555
0.8559
0.8563
DeMark's
-
-
0.8545
0.8550
0.8553
-
-","Technical IndicatorsJun 17, 2021 08:09PM GMT
Name
Value
Action
RSI(14)
34.128
Sell
STOCH(9,6)
40.988
Sell
STOCHRSI(14)
54.958
Neutral
MACD(12,26)
-0.001
Sell
ADX(14)
43.306
Sell
Williams %R
-73.333
Sell
CCI(14)
-135.5437
Sell
ATR(14)
0.0011
High Volatility
Highs/Lows(14)
-0.0000
Sell
Ultimate Oscillator
55.220
Buy
ROC
-0.187
Sell
Bull/Bear Power(13)
-0.0022
Sell
Buy: 1
Sell: 9
Neutral: 1


Summary:Strong Sell","Jun 17, 2021 08:09PM GMT"
usd_cad,1.2359 +0.0083    +0.67%,16:10:52,2021-06-17 20:11:10.768494,"Prev. Close: 1.2276
Bid/Ask: 1.2358 / 1.2359
Day's Range: 1.2261 - 1.2378",Strong Buy,"Summary:Strong Buy
Moving Averages:BuyBuy (12)Sell (0)
Technical Indicators:Strong BuyBuy (8)Sell (0)","Name
S3
S2
S1
Pivot Points
R1
R2
R3
Classic
1.2333
1.2339
1.2349
1.2356
1.2366
1.2373
1.2383
Fibonacci
1.2339
1.2346
1.2350
1.2356
1.2362
1.2366
1.2373
Camarilla
1.2354
1.2356
1.2357
1.2356
1.2361
1.2362
1.2364
Woodie's
1.2335
1.2340
1.2351
1.2357
1.2368
1.2374
1.2385
DeMark's
-
-
1.2352
1.2357
1.2369
-
-","Technical IndicatorsJun 17, 2021 08:09PM GMT
Name
Value
Action
RSI(14)
72.624
Buy
STOCH(9,6)
75.144
Buy
STOCHRSI(14)
49.336
Neutral
MACD(12,26)
0.003
Buy
ADX(14)
43.639
Buy
Williams %R
-15.983
Overbought
CCI(14)
110.8565
Buy
ATR(14)
0.0026
High Volatility
Highs/Lows(14)
0.0015
Buy
Ultimate Oscillator
70.740
Overbought
ROC
0.660
Buy
Bull/Bear Power(13)
0.0032
Buy
Buy: 8
Sell: 0
Neutral: 1


Summary:Strong Buy","Jun 17, 2021 08:09PM GMT"
usd_chf,0.9179 +0.0094    +1.03%,16:10:45,2021-06-17 20:11:10.771275,"Prev. Close: 0.9085
Bid/Ask: 0.9177 / 0.9181
Day's Range: 0.9076 - 0.9188",Strong Buy,"Summary:Strong Buy
Moving Averages:BuyBuy (12)Sell (0)
Technical Indicators:Strong BuyBuy (7)Sell (0)","Name
S3
S2
S1
Pivot Points
R1
R2
R3
Classic
0.9165
0.9168
0.9174
0.9177
0.9182
0.9186
0.9191
Fibonacci
0.9168
0.9171
0.9174
0.9177
0.9180
0.9183
0.9186
Camarilla
0.9176
0.9177
0.9178
0.9177
0.9179
0.9180
0.9181
Woodie's
0.9165
0.9168
0.9174
0.9177
0.9182
0.9186
0.9191
DeMark's
-
-
0.9175
0.9178
0.9184
-
-","Technical IndicatorsJun 17, 2021 08:09PM GMT
Name
Value
Action
RSI(14)
77.273
Overbought
STOCH(9,6)
82.540
Overbought
STOCHRSI(14)
14.223
Oversold
MACD(12,26)
0.004
Buy
ADX(14)
43.654
Buy
Williams %R
-9.770
Overbought
CCI(14)
118.7730
Buy
ATR(14)
0.0017
High Volatility
Highs/Lows(14)
0.0015
Buy
Ultimate Oscillator
65.815
Buy
ROC
0.851
Buy
Bull/Bear Power(13)
0.0037
Buy
Buy: 7
Sell: 0
Neutral: 0


Summary:Strong Buy","Jun 17, 2021 08:09PM GMT"
nzd_chf,0.6424 +0.0020    +0.31%,16:10:48,2021-06-17 20:11:10.774033,"Prev. Close: 0.6404
Bid/Ask: 0.6422 / 0.6426
Day's Range: 0.6406 - 0.6453",Neutral,"Summary:Neutral
Moving Averages:NeutralBuy (6)Sell (6)
Technical Indicators:SellBuy (3)Sell (5)","Name
S3
S2
S1
Pivot Points
R1
R2
R3
Classic
0.6412
0.6417
0.6421
0.6426
0.6430
0.6435
0.6439
Fibonacci
0.6417
0.6420
0.6423
0.6426
0.6429
0.6432
0.6435
Camarilla
0.6422
0.6422
0.6423
0.6426
0.6425
0.6426
0.6426
Woodie's
0.6410
0.6416
0.6419
0.6425
0.6428
0.6434
0.6437
DeMark's
-
-
0.6418
0.6425
0.6428
-
-","Technical IndicatorsJun 17, 2021 08:09PM GMT
Name
Value
Action
RSI(14)
49.764
Neutral
STOCH(9,6)
55.963
Buy
STOCHRSI(14)
40.548
Sell
MACD(12,26)
0.000
Buy
ADX(14)
26.540
Buy
Williams %R
-59.141
Sell
CCI(14)
-31.0847
Neutral
ATR(14)
0.0012
Less Volatility
Highs/Lows(14)
0.0000
Neutral
Ultimate Oscillator
47.927
Sell
ROC
-0.186
Sell
Bull/Bear Power(13)
-0.0011
Sell
Buy: 3
Sell: 5
Neutral: 3


Summary:Sell","Jun 17, 2021 08:09PM GMT"
usd_cny,6.4484 +0.0515    +0.80%,11:27:22,2021-06-17 20:11:10.776803,"Prev. Close: 6.3969
Bid/Ask: 6.4477 / 6.4490
Day's Range: 6.3972 - 6.4494",Strong Buy,"Summary:Strong Buy
Moving Averages:BuyBuy (12)Sell (0)
Technical Indicators:Strong BuyBuy (7)Sell (0)","Name
S3
S2
S1
Pivot Points
R1
R2
R3
Classic
6.4380
6.4399
6.4436
6.4455
6.4492
6.4511
6.4548
Fibonacci
6.4399
6.4420
6.4434
6.4455
6.4476
6.4490
6.4511
Camarilla
6.4458
6.4463
6.4468
6.4455
6.4479
6.4484
6.4489
Woodie's
6.4390
6.4404
6.4446
6.4460
6.4502
6.4516
6.4558
DeMark's
-
-
6.4446
6.4460
6.4502
-
-","Technical IndicatorsJun 17, 2021 03:34PM GMT
Name
Value
Action
RSI(14)
85.433
Overbought
STOCH(9,6)
77.649
Buy
STOCHRSI(14)
100.000
Overbought
MACD(12,26)
0.011
Buy
ADX(14)
61.337
Buy
Williams %R
-3.426
Overbought
CCI(14)
151.8010
Buy
ATR(14)
0.0041
Less Volatility
Highs/Lows(14)
0.0141
Buy
Ultimate Oscillator
82.973
Overbought
ROC
0.391
Buy
Bull/Bear Power(13)
0.0286
Buy
Buy: 7
Sell: 0
Neutral: 0


Summary:Strong Buy","Jun 17, 2021 03:34PM GMT"
usd_hkd,7.7643 +0.0013    +0.02%,16:10:53,2021-06-17 20:11:10.779590,"Prev. Close: 7.7630
Bid/Ask: 7.7642 / 7.7644
Day's Range: 7.7625 - 7.7656",Neutral,"Summary:Neutral
Moving Averages:BuyBuy (7)Sell (5)
Technical Indicators:SellBuy (2)Sell (3)","Name
S3
S2
S1
Pivot Points
R1
R2
R3
Classic
7.7647
7.7647
7.7649
7.7649
7.7650
7.7651
7.7652
Fibonacci
7.7647
7.7648
7.7648
7.7649
7.7650
7.7650
7.7651
Camarilla
7.7649
7.7649
7.7649
7.7649
7.7650
7.7650
7.7650
Woodie's
7.7647
7.7647
7.7649
7.7649
7.7650
7.7651
7.7652
DeMark's
-
-
7.7649
7.7649
7.7650
-
-","Technical IndicatorsJun 17, 2021 08:09PM GMT
Name
Value
Action
RSI(14)
51.966
Neutral
STOCH(9,6)
47.804
Neutral
STOCHRSI(14)
11.692
Oversold
MACD(12,26)
0.000
Buy
ADX(14)
39.642
Neutral
Williams %R
-68.432
Sell
CCI(14)
-22.9778
Neutral
ATR(14)
0.0008
Less Volatility
Highs/Lows(14)
0.0000
Neutral
Ultimate Oscillator
47.054
Sell
ROC
-0.013
Sell
Bull/Bear Power(13)
0.0012
Buy
Buy: 2
Sell: 3
Neutral: 5


Summary:Sell","Jun 17, 2021 08:09PM GMT"
eur_usd,1.1904 -0.0091    -0.75%,16:11:38,2021-06-17 20:12:10.922492,"Prev. Close: 1.1994
Bid/Ask: 1.1903 / 1.1904
Day's Range: 1.1892 - 1.2007",Strong Sell,"Summary:Strong Sell
Moving Averages:Strong SellBuy (0)Sell (12)
Technical Indicators:Strong SellBuy (0)Sell (9)","Name
S3
S2
S1
Pivot Points
R1
R2
R3
Classic
1.1884
1.1892
1.1898
1.1906
1.1911
1.1920
1.1925
Fibonacci
1.1892
1.1898
1.1901
1.1906
1.1911
1.1914
1.1920
Camarilla
1.1898
1.1900
1.1901
1.1906
1.1903
1.1904
1.1906
Woodie's
1.1882
1.1891
1.1896
1.1905
1.1909
1.1919
1.1923
DeMark's
-
-
1.1895
1.1905
1.1908
-
-","Technical IndicatorsJun 17, 2021 08:11PM GMT
Name
Value
Action
RSI(14)
26.004
Sell
STOCH(9,6)
21.585
Sell
STOCHRSI(14)
85.887
Overbought
MACD(12,26)
-0.004
Sell
ADX(14)
43.940
Sell
Williams %R
-88.205
Oversold
CCI(14)
-135.6957
Sell
ATR(14)
0.0021
Less Volatility
Highs/Lows(14)
-0.0015
Sell
Ultimate Oscillator
37.207
Sell
ROC
-0.697
Sell
Bull/Bear Power(13)
-0.0056
Sell
Buy: 0
Sell: 9
Neutral: 0


Summary:Strong Sell","Jun 17, 2021 08:11PM GMT"
gbp_usd,1.3922 -0.0066    -0.47%,16:11:33,2021-06-17 20:12:10.926124,"Prev. Close: 1.3987
Bid/Ask: 1.3921 / 1.3922
Day's Range: 1.3896 - 1.4010",Strong Sell,"Summary:Strong Sell
Moving Averages:SellBuy (1)Sell (11)
Technical Indicators:Strong SellBuy (0)Sell (10)","Name
S3
S2
S1
Pivot Points
R1
R2
R3
Classic
1.3904
1.3911
1.3916
1.3923
1.3929
1.3935
1.3941
Fibonacci
1.3911
1.3916
1.3918
1.3923
1.3928
1.3930
1.3935
Camarilla
1.3917
1.3918
1.3919
1.3923
1.3922
1.3923
1.3924
Woodie's
1.3902
1.3910
1.3914
1.3922
1.3927
1.3934
1.3939
DeMark's
-
-
1.3913
1.3921
1.3925
-
-","Technical IndicatorsJun 17, 2021 08:11PM GMT
Name
Value
Action
RSI(14)
35.060
Sell
STOCH(9,6)
26.877
Sell
STOCHRSI(14)
97.725
Overbought
MACD(12,26)
-0.003
Sell
ADX(14)
42.842
Sell
Williams %R
-75.120
Sell
CCI(14)
-81.6729
Sell
ATR(14)
0.0026
High Volatility
Highs/Lows(14)
-0.0009
Sell
Ultimate Oscillator
33.968
Sell
ROC
-0.515
Sell
Bull/Bear Power(13)
-0.0037
Sell
Buy: 0
Sell: 10
Neutral: 0


Summary:Strong Sell","Jun 17, 2021 08:11PM GMT"
usd_jpy,110.29 -0.41    -0.37%,16:11:39,2021-06-17 20:12:10.929108,"Prev. Close: 110.69
Bid/Ask: 110.27 / 110.30
Day's Range: 110.17 - 110.83",Sell,"Summary:Sell
Moving Averages:NeutralBuy (6)Sell (6)
Technical Indicators:Strong SellBuy (0)Sell (8)","Name
S3
S2
S1
Pivot Points
R1
R2
R3
Classic
110.18
110.22
110.24
110.28
110.31
110.34
110.37
Fibonacci
110.22
110.24
110.26
110.28
110.30
110.32
110.34
Camarilla
110.25
110.26
110.26
110.28
110.28
110.28
110.29
Woodie's
110.18
110.22
110.24
110.28
110.31
110.34
110.37
DeMark's
-
-
110.26
110.29
110.32
-
-","Technical IndicatorsJun 17, 2021 08:11PM GMT
Name
Value
Action
RSI(14)
43.213
Sell
STOCH(9,6)
17.150
Oversold
STOCHRSI(14)
18.030
Oversold
MACD(12,26)
-0.020
Sell
ADX(14)
34.221
Sell
Williams %R
-80.671
Oversold
CCI(14)
-71.5075
Sell
ATR(14)
0.1254
Less Volatility
Highs/Lows(14)
-0.1036
Sell
Ultimate Oscillator
42.625
Sell
ROC
-0.334
Sell
Bull/Bear Power(13)
-0.2180
Sell
Buy: 0
Sell: 8
Neutral: 0


Summary:Strong Sell","Jun 17, 2021 08:11PM GMT"
aud_usd,0.7549 -0.0062    -0.81%,16:11:30,2021-06-17 20:12:10.931940,"Prev. Close: 0.7610
Bid/Ask: 0.7548 / 0.7549
Day's Range: 0.7540 - 0.7646",Strong Sell,"Summary:Strong Sell
Moving Averages:Strong SellBuy (0)Sell (12)
Technical Indicators:Strong SellBuy (1)Sell (8)","Name
S3
S2
S1
Pivot Points
R1
R2
R3
Classic
0.7533
0.7539
0.7543
0.7549
0.7553
0.7559
0.7562
Fibonacci
0.7539
0.7543
0.7545
0.7549
0.7553
0.7555
0.7559
Camarilla
0.7545
0.7546
0.7547
0.7549
0.7548
0.7549
0.7550
Woodie's
0.7533
0.7539
0.7543
0.7549
0.7553
0.7559
0.7562
DeMark's
-
-
0.7541
0.7548
0.7551
-
-","Technical IndicatorsJun 17, 2021 08:11PM GMT
Name
Value
Action
RSI(14)
25.786
Sell
STOCH(9,6)
16.732
Oversold
STOCHRSI(14)
62.886
Buy
MACD(12,26)
-0.003
Sell
ADX(14)
54.197
Sell
Williams %R
-91.620
Oversold
CCI(14)
-97.5163
Sell
ATR(14)
0.0018
Less Volatility
Highs/Lows(14)
-0.0016
Sell
Ultimate Oscillator
33.229
Sell
ROC
-0.971
Sell
Bull/Bear Power(13)
-0.0044
Sell
Buy: 1
Sell: 8
Neutral: 0


Summary:Strong Sell","Jun 17, 2021 08:11PM GMT"
eur_gbp,0.8551 -0.0022    -0.26%,16:11:38,2021-06-17 20:12:10.934787,"Prev. Close: 0.8573
Bid/Ask: 0.8549 / 0.8553
Day's Range: 0.8542 - 0.8580",Strong Sell,"Summary:Strong Sell
Moving Averages:Strong SellBuy (0)Sell (12)
Technical Indicators:Strong SellBuy (1)Sell (9)","Name
S3
S2
S1
Pivot Points
R1
R2
R3
Classic
0.8538
0.8543
0.8547
0.8551
0.8555
0.8559
0.8563
Fibonacci
0.8543
0.8546
0.8548
0.8551
0.8554
0.8556
0.8559
Camarilla
0.8548
0.8549
0.8550
0.8551
0.8551
0.8552
0.8553
Woodie's
0.8538
0.8543
0.8547
0.8551
0.8555
0.8559
0.8563
DeMark's
-
-
0.8545
0.8550
0.8553
-
-","Technical IndicatorsJun 17, 2021 08:11PM GMT
Name
Value
Action
RSI(14)
34.128
Sell
STOCH(9,6)
40.988
Sell
STOCHRSI(14)
54.958
Neutral
MACD(12,26)
-0.001
Sell
ADX(14)
43.306
Sell
Williams %R
-73.333
Sell
CCI(14)
-135.5437
Sell
ATR(14)
0.0011
High Volatility
Highs/Lows(14)
-0.0000
Sell
Ultimate Oscillator
55.220
Buy
ROC
-0.187
Sell
Bull/Bear Power(13)
-0.0022
Sell
Buy: 1
Sell: 9
Neutral: 1


Summary:Strong Sell","Jun 17, 2021 08:11PM GMT"
usd_cad,1.2357 +0.0080    +0.66%,16:11:42,2021-06-17 20:12:10.937677,"Prev. Close: 1.2276
Bid/Ask: 1.2356 / 1.2357
Day's Range: 1.2261 - 1.2378",Strong Buy,"Summary:Strong Buy
Moving Averages:BuyBuy (12)Sell (0)
Technical Indicators:Strong BuyBuy (9)Sell (1)","Name
S3
S2
S1
Pivot Points
R1
R2
R3
Classic
1.2333
1.2339
1.2349
1.2356
1.2366
1.2373
1.2383
Fibonacci
1.2339
1.2346
1.2350
1.2356
1.2362
1.2366
1.2373
Camarilla
1.2354
1.2356
1.2357
1.2356
1.2361
1.2362
1.2364
Woodie's
1.2335
1.2340
1.2351
1.2357
1.2368
1.2374
1.2385
DeMark's
-
-
1.2352
1.2357
1.2369
-
-","Technical IndicatorsJun 17, 2021 08:11PM GMT
Name
Value
Action
RSI(14)
71.048
Buy
STOCH(9,6)
74.437
Buy
STOCHRSI(14)
37.449
Sell
MACD(12,26)
0.003
Buy
ADX(14)
43.639
Buy
Williams %R
-19.179
Overbought
CCI(14)
106.9335
Buy
ATR(14)
0.0026
High Volatility
Highs/Lows(14)
0.0012
Buy
Ultimate Oscillator
69.132
Buy
ROC
0.631
Buy
Bull/Bear Power(13)
0.0032
Buy
Buy: 9
Sell: 1
Neutral: 0


Summary:Strong Buy","Jun 17, 2021 08:11PM GMT"
usd_chf,0.9179 +0.0094    +1.03%,16:11:37,2021-06-17 20:12:10.940544,"Prev. Close: 0.9085
Bid/Ask: 0.9178 / 0.9179
Day's Range: 0.9076 - 0.9188",Strong Buy,"Summary:Strong Buy
Moving Averages:BuyBuy (12)Sell (0)
Technical Indicators:Strong BuyBuy (7)Sell (0)","Name
S3
S2
S1
Pivot Points
R1
R2
R3
Classic
0.9165
0.9168
0.9174
0.9177
0.9182
0.9186
0.9191
Fibonacci
0.9168
0.9171
0.9174
0.9177
0.9180
0.9183
0.9186
Camarilla
0.9176
0.9177
0.9178
0.9177
0.9179
0.9180
0.9181
Woodie's
0.9165
0.9168
0.9174
0.9177
0.9182
0.9186
0.9191
DeMark's
-
-
0.9175
0.9178
0.9184
-
-","Technical IndicatorsJun 17, 2021 08:11PM GMT
Name
Value
Action
RSI(14)
76.720
Overbought
STOCH(9,6)
82.077
Overbought
STOCHRSI(14)
9.331
Oversold
MACD(12,26)
0.004
Buy
ADX(14)
43.654
Buy
Williams %R
-11.494
Overbought
CCI(14)
116.8852
Buy
ATR(14)
0.0017
High Volatility
Highs/Lows(14)
0.0013
Buy
Ultimate Oscillator
64.740
Buy
ROC
0.835
Buy
Bull/Bear Power(13)
0.0037
Buy
Buy: 7
Sell: 0
Neutral: 0


Summary:Strong Buy","Jun 17, 2021 08:11PM GMT"
nzd_chf,0.6424 +0.0020    +0.31%,16:11:42,2021-06-17 20:12:10.943357,"Prev. Close: 0.6404
Bid/Ask: 0.6423 / 0.6425
Day's Range: 0.6406 - 0.6453",Neutral,"Summary:Neutral
Moving Averages:NeutralBuy (6)Sell (6)
Technical Indicators:SellBuy (3)Sell (5)","Name
S3
S2
S1
Pivot Points
R1
R2
R3
Classic
0.6412
0.6417
0.6421
0.6426
0.6430
0.6435
0.6439
Fibonacci
0.6417
0.6420
0.6423
0.6426
0.6429
0.6432
0.6435
Camarilla
0.6422
0.6422
0.6423
0.6426
0.6425
0.6426
0.6426
Woodie's
0.6410
0.6416
0.6419
0.6425
0.6428
0.6434
0.6437
DeMark's
-
-
0.6418
0.6425
0.6428
-
-","Technical IndicatorsJun 17, 2021 08:11PM GMT
Name
Value
Action
RSI(14)
49.764
Neutral
STOCH(9,6)
55.963
Buy
STOCHRSI(14)
40.548
Sell
MACD(12,26)
0.000
Buy
ADX(14)
26.540
Buy
Williams %R
-59.141
Sell
CCI(14)
-32.4531
Neutral
ATR(14)
0.0012
Less Volatility
Highs/Lows(14)
0.0000
Neutral
Ultimate Oscillator
48.230
Sell
ROC
-0.186
Sell
Bull/Bear Power(13)
-0.0011
Sell
Buy: 3
Sell: 5
Neutral: 3


Summary:Sell","Jun 17, 2021 08:11PM GMT"
usd_cny,6.4484 +0.0515    +0.80%,11:27:22,2021-06-17 20:12:10.946136,"Prev. Close: 6.3969
Bid/Ask: 6.4477 / 6.4490
Day's Range: 6.3972 - 6.4494",Strong Buy,"Summary:Strong Buy
Moving Averages:BuyBuy (12)Sell (0)
Technical Indicators:Strong BuyBuy (7)Sell (0)","Name
S3
S2
S1
Pivot Points
R1
R2
R3
Classic
6.4380
6.4399
6.4436
6.4455
6.4492
6.4511
6.4548
Fibonacci
6.4399
6.4420
6.4434
6.4455
6.4476
6.4490
6.4511
Camarilla
6.4458
6.4463
6.4468
6.4455
6.4479
6.4484
6.4489
Woodie's
6.4390
6.4404
6.4446
6.4460
6.4502
6.4516
6.4558
DeMark's
-
-
6.4446
6.4460
6.4502
-
-","Technical IndicatorsJun 17, 2021 03:34PM GMT
Name
Value
Action
RSI(14)
85.433
Overbought
STOCH(9,6)
77.649
Buy
STOCHRSI(14)
100.000
Overbought
MACD(12,26)
0.011
Buy
ADX(14)
61.337
Buy
Williams %R
-3.426
Overbought
CCI(14)
151.8010
Buy
ATR(14)
0.0041
Less Volatility
Highs/Lows(14)
0.0141
Buy
Ultimate Oscillator
82.973
Overbought
ROC
0.391
Buy
Bull/Bear Power(13)
0.0286
Buy
Buy: 7
Sell: 0
Neutral: 0


Summary:Strong Buy","Jun 17, 2021 03:34PM GMT"
usd_hkd,7.7643 +0.0013    +0.02%,16:11:33,2021-06-17 20:12:10.948928,"Prev. Close: 7.7630
Bid/Ask: 7.7642 / 7.7644
Day's Range: 7.7625 - 7.7656",Neutral,"Summary:Neutral
Moving Averages:BuyBuy (7)Sell (5)
Technical Indicators:SellBuy (2)Sell (3)","Name
S3
S2
S1
Pivot Points
R1
R2
R3
Classic
7.7647
7.7647
7.7649
7.7649
7.7650
7.7651
7.7652
Fibonacci
7.7647
7.7648
7.7648
7.7649
7.7650
7.7650
7.7651
Camarilla
7.7649
7.7649
7.7649
7.7649
7.7650
7.7650
7.7650
Woodie's
7.7647
7.7647
7.7649
7.7649
7.7650
7.7651
7.7652
DeMark's
-
-
7.7649
7.7649
7.7650
-
-","Technical IndicatorsJun 17, 2021 08:11PM GMT
Name
Value
Action
RSI(14)
52.394
Neutral
STOCH(9,6)
48.243
Neutral
STOCHRSI(14)
14.574
Oversold
MACD(12,26)
0.000
Buy
ADX(14)
39.642
Neutral
Williams %R
-65.797
Sell
CCI(14)
-18.8346
Neutral
ATR(14)
0.0008
Less Volatility
Highs/Lows(14)
0.0000
Neutral
Ultimate Oscillator
47.888
Sell
ROC
-0.012
Sell
Bull/Bear Power(13)
0.0012
Buy
Buy: 2
Sell: 3
Neutral: 5


Summary:Sell","Jun 17, 2021 08:11PM GMT"
eur_usd,1.1904 -0.0091    -0.75%,16:12:52,2021-06-17 20:13:10.920129,"Prev. Close: 1.1994
Bid/Ask: 1.1903 / 1.1904
Day's Range: 1.1892 - 1.2007",Strong Sell,"Summary:Strong Sell
Moving Averages:Strong SellBuy (0)Sell (12)
Technical Indicators:Strong SellBuy (0)Sell (9)","Name
S3
S2
S1
Pivot Points
R1
R2
R3
Classic
1.1884
1.1892
1.1898
1.1906
1.1911
1.1920
1.1925
Fibonacci
1.1892
1.1898
1.1901
1.1906
1.1911
1.1914
1.1920
Camarilla
1.1898
1.1900
1.1901
1.1906
1.1903
1.1904
1.1906
Woodie's
1.1882
1.1891
1.1896
1.1905
1.1909
1.1919
1.1923
DeMark's
-
-
1.1895
1.1905
1.1908
-
-","Technical IndicatorsJun 17, 2021 08:11PM GMT
Name
Value
Action
RSI(14)
26.004
Sell
STOCH(9,6)
21.585
Sell
STOCHRSI(14)
85.887
Overbought
MACD(12,26)
-0.004
Sell
ADX(14)
43.940
Sell
Williams %R
-88.205
Oversold
CCI(14)
-135.6957
Sell
ATR(14)
0.0021
Less Volatility
Highs/Lows(14)
-0.0015
Sell
Ultimate Oscillator
37.207
Sell
ROC
-0.697
Sell
Bull/Bear Power(13)
-0.0056
Sell
Buy: 0
Sell: 9
Neutral: 0


Summary:Strong Sell","Jun 17, 2021 08:11PM GMT"
gbp_usd,1.3922 -0.0066    -0.47%,16:12:42,2021-06-17 20:13:10.923836,"Prev. Close: 1.3987
Bid/Ask: 1.3921 / 1.3922
Day's Range: 1.3896 - 1.4010",Strong Sell,"Summary:Strong Sell
Moving Averages:SellBuy (1)Sell (11)
Technical Indicators:Strong SellBuy (0)Sell (10)","Name
S3
S2
S1
Pivot Points
R1
R2
R3
Classic
1.3904
1.3911
1.3916
1.3923
1.3929
1.3935
1.3941
Fibonacci
1.3911
1.3916
1.3918
1.3923
1.3928
1.3930
1.3935
Camarilla
1.3917
1.3918
1.3919
1.3923
1.3922
1.3923
1.3924
Woodie's
1.3902
1.3910
1.3914
1.3922
1.3927
1.3934
1.3939
DeMark's
-
-
1.3913
1.3921
1.3925
-
-","Technical IndicatorsJun 17, 2021 08:11PM GMT
Name
Value
Action
RSI(14)
35.060
Sell
STOCH(9,6)
26.877
Sell
STOCHRSI(14)
97.725
Overbought
MACD(12,26)
-0.003
Sell
ADX(14)
42.842
Sell
Williams %R
-75.120
Sell
CCI(14)
-81.6729
Sell
ATR(14)
0.0026
High Volatility
Highs/Lows(14)
-0.0009
Sell
Ultimate Oscillator
33.968
Sell
ROC
-0.515
Sell
Bull/Bear Power(13)
-0.0037
Sell
Buy: 0
Sell: 10
Neutral: 0


Summary:Strong Sell","Jun 17, 2021 08:11PM GMT"
usd_jpy,110.29 -0.41    -0.37%,16:12:30,2021-06-17 20:13:10.926883,"Prev. Close: 110.69
Bid/Ask: 110.27 / 110.30
Day's Range: 110.17 - 110.83",Sell,"Summary:Sell
Moving Averages:NeutralBuy (6)Sell (6)
Technical Indicators:Strong SellBuy (0)Sell (8)","Name
S3
S2
S1
Pivot Points
R1
R2
R3
Classic
110.18
110.22
110.24
110.28
110.31
110.34
110.37
Fibonacci
110.22
110.24
110.26
110.28
110.30
110.32
110.34
Camarilla
110.25
110.26
110.26
110.28
110.28
110.28
110.29
Woodie's
110.18
110.22
110.24
110.28
110.31
110.34
110.37
DeMark's
-
-
110.26
110.29
110.32
-
-","Technical IndicatorsJun 17, 2021 08:11PM GMT
Name
Value
Action
RSI(14)
43.213
Sell
STOCH(9,6)
17.150
Oversold
STOCHRSI(14)
18.030
Oversold
MACD(12,26)
-0.020
Sell
ADX(14)
34.221
Sell
Williams %R
-80.671
Oversold
CCI(14)
-71.5075
Sell
ATR(14)
0.1254
Less Volatility
Highs/Lows(14)
-0.1036
Sell
Ultimate Oscillator
42.625
Sell
ROC
-0.334
Sell
Bull/Bear Power(13)
-0.2180
Sell
Buy: 0
Sell: 8
Neutral: 0


Summary:Strong Sell","Jun 17, 2021 08:11PM GMT"
aud_usd,0.7548 -0.0062    -0.81%,16:12:44,2021-06-17 20:13:10.929741,"Prev. Close: 0.7610
Bid/Ask: 0.7547 / 0.7549
Day's Range: 0.7540 - 0.7646",Strong Sell,"Summary:Strong Sell
Moving Averages:Strong SellBuy (0)Sell (12)
Technical Indicators:Strong SellBuy (1)Sell (8)","Name
S3
S2
S1
Pivot Points
R1
R2
R3
Classic
0.7533
0.7539
0.7543
0.7549
0.7553
0.7559
0.7562
Fibonacci
0.7539
0.7543
0.7545
0.7549
0.7553
0.7555
0.7559
Camarilla
0.7545
0.7546
0.7547
0.7549
0.7548
0.7549
0.7550
Woodie's
0.7533
0.7539
0.7543
0.7549
0.7553
0.7559
0.7562
DeMark's
-
-
0.7541
0.7548
0.7551
-
-","Technical IndicatorsJun 17, 2021 08:11PM GMT
Name
Value
Action
RSI(14)
25.786
Sell
STOCH(9,6)
16.732
Oversold
STOCHRSI(14)
62.886
Buy
MACD(12,26)
-0.003
Sell
ADX(14)
54.197
Sell
Williams %R
-91.620
Oversold
CCI(14)
-97.5163
Sell
ATR(14)
0.0018
Less Volatility
Highs/Lows(14)
-0.0016
Sell
Ultimate Oscillator
33.229
Sell
ROC
-0.971
Sell
Bull/Bear Power(13)
-0.0044
Sell
Buy: 1
Sell: 8
Neutral: 0


Summary:Strong Sell","Jun 17, 2021 08:11PM GMT"
eur_gbp,0.8551 -0.0022    -0.26%,16:12:52,2021-06-17 20:13:10.932614,"Prev. Close: 0.8573
Bid/Ask: 0.8549 / 0.8553
Day's Range: 0.8542 - 0.8580",Strong Sell,"Summary:Strong Sell
Moving Averages:Strong SellBuy (0)Sell (12)
Technical Indicators:Strong SellBuy (1)Sell (9)","Name
S3
S2
S1
Pivot Points
R1
R2
R3
Classic
0.8538
0.8543
0.8547
0.8551
0.8555
0.8559
0.8563
Fibonacci
0.8543
0.8546
0.8548
0.8551
0.8554
0.8556
0.8559
Camarilla
0.8548
0.8549
0.8550
0.8551
0.8551
0.8552
0.8553
Woodie's
0.8538
0.8543
0.8547
0.8551
0.8555
0.8559
0.8563
DeMark's
-
-
0.8545
0.8550
0.8553
-
-","Technical IndicatorsJun 17, 2021 08:11PM GMT
Name
Value
Action
RSI(14)
34.128
Sell
STOCH(9,6)
40.988
Sell
STOCHRSI(14)
54.958
Neutral
MACD(12,26)
-0.001
Sell
ADX(14)
43.306
Sell
Williams %R
-73.333
Sell
CCI(14)
-135.5437
Sell
ATR(14)
0.0011
High Volatility
Highs/Lows(14)
-0.0000
Sell
Ultimate Oscillator
55.220
Buy
ROC
-0.187
Sell
Bull/Bear Power(13)
-0.0022
Sell
Buy: 1
Sell: 9
Neutral: 1


Summary:Strong Sell","Jun 17, 2021 08:11PM GMT"
usd_cad,1.2358 +0.0082    +0.67%,16:12:52,2021-06-17 20:13:10.935463,"Prev. Close: 1.2276
Bid/Ask: 1.2356 / 1.2360
Day's Range: 1.2261 - 1.2378",Strong Buy,"Summary:Strong Buy
Moving Averages:BuyBuy (12)Sell (0)
Technical Indicators:Strong BuyBuy (9)Sell (1)","Name
S3
S2
S1
Pivot Points
R1
R2
R3
Classic
1.2333
1.2339
1.2349
1.2356
1.2366
1.2373
1.2383
Fibonacci
1.2339
1.2346
1.2350
1.2356
1.2362
1.2366
1.2373
Camarilla
1.2354
1.2356
1.2357
1.2356
1.2361
1.2362
1.2364
Woodie's
1.2335
1.2340
1.2351
1.2357
1.2368
1.2374
1.2385
DeMark's
-
-
1.2352
1.2357
1.2369
-
-","Technical IndicatorsJun 17, 2021 08:11PM GMT
Name
Value
Action
RSI(14)
71.048
Buy
STOCH(9,6)
74.437
Buy
STOCHRSI(14)
37.449
Sell
MACD(12,26)
0.003
Buy
ADX(14)
43.639
Buy
Williams %R
-19.179
Overbought
CCI(14)
106.9335
Buy
ATR(14)
0.0026
High Volatility
Highs/Lows(14)
0.0012
Buy
Ultimate Oscillator
69.132
Buy
ROC
0.631
Buy
Bull/Bear Power(13)
0.0032
Buy
Buy: 9
Sell: 1
Neutral: 0


Summary:Strong Buy","Jun 17, 2021 08:11PM GMT"
usd_chf,0.9178 +0.0092    +1.02%,16:12:50,2021-06-17 20:13:10.938249,"Prev. Close: 0.9085
Bid/Ask: 0.9176 / 0.9179
Day's Range: 0.9076 - 0.9188",Strong Buy,"Summary:Strong Buy
Moving Averages:BuyBuy (12)Sell (0)
Technical Indicators:Strong BuyBuy (7)Sell (0)","Name
S3
S2
S1
Pivot Points
R1
R2
R3
Classic
0.9165
0.9168
0.9174
0.9177
0.9182
0.9186
0.9191
Fibonacci
0.9168
0.9171
0.9174
0.9177
0.9180
0.9183
0.9186
Camarilla
0.9176
0.9177
0.9178
0.9177
0.9179
0.9180
0.9181
Woodie's
0.9165
0.9168
0.9174
0.9177
0.9182
0.9186
0.9191
DeMark's
-
-
0.9175
0.9178
0.9184
-
-","Technical IndicatorsJun 17, 2021 08:11PM GMT
Name
Value
Action
RSI(14)
76.720
Overbought
STOCH(9,6)
82.077
Overbought
STOCHRSI(14)
9.331
Oversold
MACD(12,26)
0.004
Buy
ADX(14)
43.654
Buy
Williams %R
-11.494
Overbought
CCI(14)
116.8852
Buy
ATR(14)
0.0017
High Volatility
Highs/Lows(14)
0.0013
Buy
Ultimate Oscillator
64.740
Buy
ROC
0.835
Buy
Bull/Bear Power(13)
0.0037
Buy
Buy: 7
Sell: 0
Neutral: 0


Summary:Strong Buy","Jun 17, 2021 08:11PM GMT"
nzd_chf,0.6424 +0.0019    +0.30%,16:12:51,2021-06-17 20:13:10.941053,"Prev. Close: 0.6404
Bid/Ask: 0.6422 / 0.6425
Day's Range: 0.6406 - 0.6453",Neutral,"Summary:Neutral
Moving Averages:NeutralBuy (6)Sell (6)
Technical Indicators:SellBuy (3)Sell (5)","Name
S3
S2
S1
Pivot Points
R1
R2
R3
Classic
0.6412
0.6417
0.6421
0.6426
0.6430
0.6435
0.6439
Fibonacci
0.6417
0.6420
0.6423
0.6426
0.6429
0.6432
0.6435
Camarilla
0.6422
0.6422
0.6423
0.6426
0.6425
0.6426
0.6426
Woodie's
0.6410
0.6416
0.6419
0.6425
0.6428
0.6434
0.6437
DeMark's
-
-
0.6418
0.6425
0.6428
-
-","Technical IndicatorsJun 17, 2021 08:11PM GMT
Name
Value
Action
RSI(14)
49.764
Neutral
STOCH(9,6)
55.963
Buy
STOCHRSI(14)
40.548
Sell
MACD(12,26)
0.000
Buy
ADX(14)
26.540
Buy
Williams %R
-59.141
Sell
CCI(14)
-32.4531
Neutral
ATR(14)
0.0012
Less Volatility
Highs/Lows(14)
0.0000
Neutral
Ultimate Oscillator
48.230
Sell
ROC
-0.186
Sell
Bull/Bear Power(13)
-0.0011
Sell
Buy: 3
Sell: 5
Neutral: 3


Summary:Sell","Jun 17, 2021 08:11PM GMT"
usd_cny,6.4484 +0.0515    +0.80%,11:27:22,2021-06-17 20:13:10.943851,"Prev. Close: 6.3969
Bid/Ask: 6.4477 / 6.4490
Day's Range: 6.3972 - 6.4494",Strong Buy,"Summary:Strong Buy
Moving Averages:BuyBuy (12)Sell (0)
Technical Indicators:Strong BuyBuy (7)Sell (0)","Name
S3
S2
S1
Pivot Points
R1
R2
R3
Classic
6.4380
6.4399
6.4436
6.4455
6.4492
6.4511
6.4548
Fibonacci
6.4399
6.4420
6.4434
6.4455
6.4476
6.4490
6.4511
Camarilla
6.4458
6.4463
6.4468
6.4455
6.4479
6.4484
6.4489
Woodie's
6.4390
6.4404
6.4446
6.4460
6.4502
6.4516
6.4558
DeMark's
-
-
6.4446
6.4460
6.4502
-
-","Technical IndicatorsJun 17, 2021 03:34PM GMT
Name
Value
Action
RSI(14)
85.433
Overbought
STOCH(9,6)
77.649
Buy
STOCHRSI(14)
100.000
Overbought
MACD(12,26)
0.011
Buy
ADX(14)
61.337
Buy
Williams %R
-3.426
Overbought
CCI(14)
151.8010
Buy
ATR(14)
0.0041
Less Volatility
Highs/Lows(14)
0.0141
Buy
Ultimate Oscillator
82.973
Overbought
ROC
0.391
Buy
Bull/Bear Power(13)
0.0286
Buy
Buy: 7
Sell: 0
Neutral: 0


Summary:Strong Buy","Jun 17, 2021 03:34PM GMT"
usd_hkd,7.7642 +0.0011    +0.01%,16:12:31,2021-06-17 20:13:10.946764,"Prev. Close: 7.7630
Bid/Ask: 7.7640 / 7.7643
Day's Range: 7.7625 - 7.7656",Neutral,"Summary:Neutral
Moving Averages:BuyBuy (7)Sell (5)
Technical Indicators:SellBuy (2)Sell (3)","Name
S3
S2
S1
Pivot Points
R1
R2
R3
Classic
7.7647
7.7647
7.7649
7.7649
7.7650
7.7651
7.7652
Fibonacci
7.7647
7.7648
7.7648
7.7649
7.7650
7.7650
7.7651
Camarilla
7.7649
7.7649
7.7649
7.7649
7.7650
7.7650
7.7650
Woodie's
7.7647
7.7647
7.7649
7.7649
7.7650
7.7651
7.7652
DeMark's
-
-
7.7649
7.7649
7.7650
-
-","Technical IndicatorsJun 17, 2021 08:11PM GMT
Name
Value
Action
RSI(14)
52.394
Neutral
STOCH(9,6)
48.243
Neutral
STOCHRSI(14)
14.574
Oversold
MACD(12,26)
0.000
Buy
ADX(14)
39.642
Neutral
Williams %R
-65.797
Sell
CCI(14)
-18.8346
Neutral
ATR(14)
0.0008
Less Volatility
Highs/Lows(14)
0.0000
Neutral
Ultimate Oscillator
47.888
Sell
ROC
-0.012
Sell
Bull/Bear Power(13)
0.0012
Buy
Buy: 2
Sell: 3
Neutral: 5


Summary:Sell","Jun 17, 2021 08:11PM GMT"
eur_usd,1.1902 -0.0092    -0.77%,16:13:39,2021-06-17 20:14:10.933424,"Prev. Close: 1.1994
Bid/Ask: 1.1900 / 1.1904
Day's Range: 1.1892 - 1.2007",Strong Sell,"Summary:Strong Sell
Moving Averages:Strong SellBuy (0)Sell (12)
Technical Indicators:Strong SellBuy (0)Sell (9)","Name
S3
S2
S1
Pivot Points
R1
R2
R3
Classic
1.1884
1.1892
1.1898
1.1906
1.1911
1.1920
1.1925
Fibonacci
1.1892
1.1898
1.1901
1.1906
1.1911
1.1914
1.1920
Camarilla
1.1898
1.1900
1.1901
1.1906
1.1903
1.1904
1.1906
Woodie's
1.1882
1.1891
1.1896
1.1905
1.1909
1.1919
1.1923
DeMark's
-
-
1.1895
1.1905
1.1908
-
-","Technical IndicatorsJun 17, 2021 08:13PM GMT
Name
Value
Action
RSI(14)
26.004
Sell
STOCH(9,6)
21.585
Sell
STOCHRSI(14)
85.887
Overbought
MACD(12,26)
-0.004
Sell
ADX(14)
43.896
Sell
Williams %R
-88.205
Oversold
CCI(14)
-135.0866
Sell
ATR(14)
0.0021
Less Volatility
Highs/Lows(14)
-0.0015
Sell
Ultimate Oscillator
37.097
Sell
ROC
-0.697
Sell
Bull/Bear Power(13)
-0.0055
Sell
Buy: 0
Sell: 9
Neutral: 0


Summary:Strong Sell","Jun 17, 2021 08:13PM GMT"
gbp_usd,1.3922 -0.0066    -0.47%,16:13:32,2021-06-17 20:14:10.937100,"Prev. Close: 1.3987
Bid/Ask: 1.3921 / 1.3922
Day's Range: 1.3896 - 1.4010",Strong Sell,"Summary:Strong Sell
Moving Averages:SellBuy (1)Sell (11)
Technical Indicators:Strong SellBuy (0)Sell (10)","Name
S3
S2
S1
Pivot Points
R1
R2
R3
Classic
1.3904
1.3911
1.3916
1.3923
1.3929
1.3935
1.3941
Fibonacci
1.3911
1.3916
1.3918
1.3923
1.3928
1.3930
1.3935
Camarilla
1.3917
1.3918
1.3919
1.3923
1.3922
1.3923
1.3924
Woodie's
1.3902
1.3910
1.3914
1.3922
1.3927
1.3934
1.3939
DeMark's
-
-
1.3913
1.3921
1.3925
-
-","Technical IndicatorsJun 17, 2021 08:13PM GMT
Name
Value
Action
RSI(14)
35.060
Sell
STOCH(9,6)
26.877
Sell
STOCHRSI(14)
97.725
Overbought
MACD(12,26)
-0.003
Sell
ADX(14)
42.842
Sell
Williams %R
-75.120
Sell
CCI(14)
-81.6729
Sell
ATR(14)
0.0026
High Volatility
Highs/Lows(14)
-0.0009
Sell
Ultimate Oscillator
33.968
Sell
ROC
-0.515
Sell
Bull/Bear Power(13)
-0.0037
Sell
Buy: 0
Sell: 10
Neutral: 0


Summary:Strong Sell","Jun 17, 2021 08:13PM GMT"
usd_jpy,110.29 -0.41    -0.37%,16:13:40,2021-06-17 20:14:10.940058,"Prev. Close: 110.69
Bid/Ask: 110.27 / 110.30
Day's Range: 110.17 - 110.83",Strong Sell,"Summary:Strong Sell
Moving Averages:SellBuy (5)Sell (7)
Technical Indicators:Strong SellBuy (0)Sell (8)","Name
S3
S2
S1
Pivot Points
R1
R2
R3
Classic
110.18
110.22
110.24
110.28
110.31
110.34
110.37
Fibonacci
110.22
110.24
110.26
110.28
110.30
110.32
110.34
Camarilla
110.25
110.26
110.26
110.28
110.28
110.28
110.29
Woodie's
110.18
110.22
110.24
110.28
110.31
110.34
110.37
DeMark's
-
-
110.26
110.29
110.32
-
-","Technical IndicatorsJun 17, 2021 08:13PM GMT
Name
Value
Action
RSI(14)
42.564
Sell
STOCH(9,6)
16.844
Oversold
STOCHRSI(14)
15.666
Oversold
MACD(12,26)
-0.020
Sell
ADX(14)
34.221
Sell
Williams %R
-82.352
Oversold
CCI(14)
-72.6412
Sell
ATR(14)
0.1254
Less Volatility
Highs/Lows(14)
-0.1136
Sell
Ultimate Oscillator
41.747
Sell
ROC
-0.343
Sell
Bull/Bear Power(13)
-0.2160
Sell
Buy: 0
Sell: 8
Neutral: 0


Summary:Strong Sell","Jun 17, 2021 08:13PM GMT"
aud_usd,0.7548 -0.0062    -0.81%,16:13:32,2021-06-17 20:14:10.942910,"Prev. Close: 0.7610
Bid/Ask: 0.7547 / 0.7549
Day's Range: 0.7540 - 0.7646",Strong Sell,"Summary:Strong Sell
Moving Averages:Strong SellBuy (0)Sell (12)
Technical Indicators:Strong SellBuy (1)Sell (8)","Name
S3
S2
S1
Pivot Points
R1
R2
R3
Classic
0.7533
0.7539
0.7543
0.7549
0.7553
0.7559
0.7562
Fibonacci
0.7539
0.7543
0.7545
0.7549
0.7553
0.7555
0.7559
Camarilla
0.7545
0.7546
0.7547
0.7549
0.7548
0.7549
0.7550
Woodie's
0.7533
0.7539
0.7543
0.7549
0.7553
0.7559
0.7562
DeMark's
-
-
0.7541
0.7548
0.7551
-
-","Technical IndicatorsJun 17, 2021 08:13PM GMT
Name
Value
Action
RSI(14)
26.611
Sell
STOCH(9,6)
17.208
Oversold
STOCHRSI(14)
69.666
Buy
MACD(12,26)
-0.003
Sell
ADX(14)
54.197
Sell
Williams %R
-89.944
Oversold
CCI(14)
-95.9622
Sell
ATR(14)
0.0018
Less Volatility
Highs/Lows(14)
-0.0015
Sell
Ultimate Oscillator
34.379
Sell
ROC
-0.951
Sell
Bull/Bear Power(13)
-0.0044
Sell
Buy: 1
Sell: 8
Neutral: 0


Summary:Strong Sell","Jun 17, 2021 08:13PM GMT"
eur_gbp,0.8551 -0.0022    -0.26%,16:13:41,2021-06-17 20:14:10.945708,"Prev. Close: 0.8573
Bid/Ask: 0.8549 / 0.8552
Day's Range: 0.8542 - 0.8580",Strong Sell,"Summary:Strong Sell
Moving Averages:Strong SellBuy (0)Sell (12)
Technical Indicators:Strong SellBuy (2)Sell (8)","Name
S3
S2
S1
Pivot Points
R1
R2
R3
Classic
0.8538
0.8543
0.8547
0.8551
0.8555
0.8559
0.8563
Fibonacci
0.8543
0.8546
0.8548
0.8551
0.8554
0.8556
0.8559
Camarilla
0.8548
0.8549
0.8550
0.8551
0.8551
0.8552
0.8553
Woodie's
0.8538
0.8543
0.8547
0.8551
0.8555
0.8559
0.8563
DeMark's
-
-
0.8545
0.8550
0.8553
-
-","Technical IndicatorsJun 17, 2021 08:13PM GMT
Name
Value
Action
RSI(14)
34.785
Sell
STOCH(9,6)
41.605
Sell
STOCHRSI(14)
57.809
Buy
MACD(12,26)
-0.001
Sell
ADX(14)
43.306
Sell
Williams %R
-69.999
Sell
CCI(14)
-130.4334
Sell
ATR(14)
0.0011
High Volatility
Highs/Lows(14)
0.0000
Neutral
Ultimate Oscillator
56.442
Buy
ROC
-0.175
Sell
Bull/Bear Power(13)
-0.0022
Sell
Buy: 2
Sell: 8
Neutral: 1


Summary:Strong Sell","Jun 17, 2021 08:13PM GMT"
usd_cad,1.2358 +0.0082    +0.67%,16:13:39,2021-06-17 20:14:10.948609,"Prev. Close: 1.2276
Bid/Ask: 1.2356 / 1.2360
Day's Range: 1.2261 - 1.2378",Strong Buy,"Summary:Strong Buy
Moving Averages:BuyBuy (12)Sell (0)
Technical Indicators:Strong BuyBuy (9)Sell (1)","Name
S3
S2
S1
Pivot Points
R1
R2
R3
Classic
1.2333
1.2339
1.2349
1.2356
1.2366
1.2373
1.2383
Fibonacci
1.2339
1.2346
1.2350
1.2356
1.2362
1.2366
1.2373
Camarilla
1.2354
1.2356
1.2357
1.2356
1.2361
1.2362
1.2364
Woodie's
1.2335
1.2340
1.2351
1.2357
1.2368
1.2374
1.2385
DeMark's
-
-
1.2352
1.2357
1.2369
-
-","Technical IndicatorsJun 17, 2021 08:13PM GMT
Name
Value
Action
RSI(14)
70.781
Buy
STOCH(9,6)
74.336
Buy
STOCHRSI(14)
35.435
Sell
MACD(12,26)
0.003
Buy
ADX(14)
43.639
Buy
Williams %R
-19.635
Overbought
CCI(14)
106.3706
Buy
ATR(14)
0.0026
High Volatility
Highs/Lows(14)
0.0011
Buy
Ultimate Oscillator
68.902
Buy
ROC
0.627
Buy
Bull/Bear Power(13)
0.0032
Buy
Buy: 9
Sell: 1
Neutral: 0


Summary:Strong Buy","Jun 17, 2021 08:13PM GMT"
usd_chf,0.9179 +0.0094    +1.03%,16:13:37,2021-06-17 20:14:10.951494,"Prev. Close: 0.9085
Bid/Ask: 0.9178 / 0.9179
Day's Range: 0.9076 - 0.9188",Strong Buy,"Summary:Strong Buy
Moving Averages:Strong BuyBuy (11)Sell (1)
Technical Indicators:Strong BuyBuy (7)Sell (0)","Name
S3
S2
S1
Pivot Points
R1
R2
R3
Classic
0.9165
0.9168
0.9174
0.9177
0.9182
0.9186
0.9191
Fibonacci
0.9168
0.9171
0.9174
0.9177
0.9180
0.9183
0.9186
Camarilla
0.9176
0.9177
0.9178
0.9177
0.9179
0.9180
0.9181
Woodie's
0.9165
0.9168
0.9174
0.9177
0.9182
0.9186
0.9191
DeMark's
-
-
0.9175
0.9178
0.9184
-
-","Technical IndicatorsJun 17, 2021 08:13PM GMT
Name
Value
Action
RSI(14)
76.376
Overbought
STOCH(9,6)
81.923
Overbought
STOCHRSI(14)
6.289
Oversold
MACD(12,26)
0.004
Buy
ADX(14)
43.654
Buy
Williams %R
-12.069
Overbought
CCI(14)
115.6213
Buy
ATR(14)
0.0017
High Volatility
Highs/Lows(14)
0.0013
Buy
Ultimate Oscillator
64.515
Buy
ROC
0.829
Buy
Bull/Bear Power(13)
0.0037
Buy
Buy: 7
Sell: 0
Neutral: 0


Summary:Strong Buy","Jun 17, 2021 08:13PM GMT"
nzd_chf,0.6424 +0.0019    +0.30%,16:13:40,2021-06-17 20:14:10.954293,"Prev. Close: 0.6404
Bid/Ask: 0.6420 / 0.6427
Day's Range: 0.6406 - 0.6453",Sell,"Summary:Sell
Moving Averages:SellBuy (4)Sell (8)
Technical Indicators:SellBuy (2)Sell (5)","Name
S3
S2
S1
Pivot Points
R1
R2
R3
Classic
0.6412
0.6417
0.6421
0.6426
0.6430
0.6435
0.6439
Fibonacci
0.6417
0.6420
0.6423
0.6426
0.6429
0.6432
0.6435
Camarilla
0.6422
0.6422
0.6423
0.6426
0.6425
0.6426
0.6426
Woodie's
0.6410
0.6416
0.6419
0.6425
0.6428
0.6434
0.6437
DeMark's
-
-
0.6418
0.6425
0.6428
-
-","Technical IndicatorsJun 17, 2021 08:13PM GMT
Name
Value
Action
RSI(14)
48.610
Neutral
STOCH(9,6)
54.963
Neutral
STOCHRSI(14)
36.125
Sell
MACD(12,26)
0.000
Buy
ADX(14)
26.540
Buy
Williams %R
-62.366
Sell
CCI(14)
-36.5321
Neutral
ATR(14)
0.0012
Less Volatility
Highs/Lows(14)
0.0000
Neutral
Ultimate Oscillator
46.395
Sell
ROC
-0.210
Sell
Bull/Bear Power(13)
-0.0011
Sell
Buy: 2
Sell: 5
Neutral: 4


Summary:Sell","Jun 17, 2021 08:13PM GMT"
usd_cny,6.4484 +0.0515    +0.80%,11:27:22,2021-06-17 20:14:10.957093,"Prev. Close: 6.3969
Bid/Ask: 6.4477 / 6.4490
Day's Range: 6.3972 - 6.4494",Strong Buy,"Summary:Strong Buy
Moving Averages:BuyBuy (12)Sell (0)
Technical Indicators:Strong BuyBuy (7)Sell (0)","Name
S3
S2
S1
Pivot Points
R1
R2
R3
Classic
6.4380
6.4399
6.4436
6.4455
6.4492
6.4511
6.4548
Fibonacci
6.4399
6.4420
6.4434
6.4455
6.4476
6.4490
6.4511
Camarilla
6.4458
6.4463
6.4468
6.4455
6.4479
6.4484
6.4489
Woodie's
6.4390
6.4404
6.4446
6.4460
6.4502
6.4516
6.4558
DeMark's
-
-
6.4446
6.4460
6.4502
-
-","Technical IndicatorsJun 17, 2021 03:34PM GMT
Name
Value
Action
RSI(14)
85.433
Overbought
STOCH(9,6)
77.649
Buy
STOCHRSI(14)
100.000
Overbought
MACD(12,26)
0.011
Buy
ADX(14)
61.337
Buy
Williams %R
-3.426
Overbought
CCI(14)
151.8010
Buy
ATR(14)
0.0041
Less Volatility
Highs/Lows(14)
0.0141
Buy
Ultimate Oscillator
82.973
Overbought
ROC
0.391
Buy
Bull/Bear Power(13)
0.0286
Buy
Buy: 7
Sell: 0
Neutral: 0


Summary:Strong Buy","Jun 17, 2021 03:34PM GMT"
usd_hkd,7.7642 +0.0011    +0.01%,16:13:34,2021-06-17 20:14:10.959896,"Prev. Close: 7.7630
Bid/Ask: 7.7640 / 7.7643
Day's Range: 7.7625 - 7.7656",Neutral,"Summary:Neutral
Moving Averages:NeutralBuy (6)Sell (6)
Technical Indicators:SellBuy (2)Sell (3)","Name
S3
S2
S1
Pivot Points
R1
R2
R3
Classic
7.7647
7.7647
7.7649
7.7649
7.7650
7.7651
7.7652
Fibonacci
7.7647
7.7648
7.7648
7.7649
7.7650
7.7650
7.7651
Camarilla
7.7649
7.7649
7.7649
7.7649
7.7650
7.7650
7.7650
Woodie's
7.7647
7.7647
7.7649
7.7649
7.7650
7.7651
7.7652
DeMark's
-
-
7.7649
7.7649
7.7650
-
-","Technical IndicatorsJun 17, 2021 08:13PM GMT
Name
Value
Action
RSI(14)
52.394
Neutral
STOCH(9,6)
48.243
Neutral
STOCHRSI(14)
14.574
Oversold
MACD(12,26)
0.000
Buy
ADX(14)
39.642
Neutral
Williams %R
-65.797
Sell
CCI(14)
-18.8346
Neutral
ATR(14)
0.0008
Less Volatility
Highs/Lows(14)
0.0000
Neutral
Ultimate Oscillator
47.888
Sell
ROC
-0.012
Sell
Bull/Bear Power(13)
0.0012
Buy
Buy: 2
Sell: 3
Neutral: 5


Summary:Sell","Jun 17, 2021 08:13PM GMT"
eur_usd,1.1903 -0.0091    -0.76%,16:14:49,2021-06-17 20:15:10.792316,"Prev. Close: 1.1994
Bid/Ask: 1.1901 / 1.1905
Day's Range: 1.1892 - 1.2007",Strong Sell,"Summary:Strong Sell
Moving Averages:Strong SellBuy (0)Sell (12)
Technical Indicators:Strong SellBuy (0)Sell (9)","Name
S3
S2
S1
Pivot Points
R1
R2
R3
Classic
1.1884
1.1892
1.1898
1.1906
1.1911
1.1920
1.1925
Fibonacci
1.1892
1.1898
1.1901
1.1906
1.1911
1.1914
1.1920
Camarilla
1.1898
1.1900
1.1901
1.1906
1.1903
1.1904
1.1906
Woodie's
1.1882
1.1891
1.1896
1.1905
1.1909
1.1919
1.1923
DeMark's
-
-
1.1895
1.1905
1.1908
-
-","Technical IndicatorsJun 17, 2021 08:13PM GMT
Name
Value
Action
RSI(14)
26.004
Sell
STOCH(9,6)
21.585
Sell
STOCHRSI(14)
85.887
Overbought
MACD(12,26)
-0.004
Sell
ADX(14)
43.896
Sell
Williams %R
-88.205
Oversold
CCI(14)
-135.0866
Sell
ATR(14)
0.0021
Less Volatility
Highs/Lows(14)
-0.0015
Sell
Ultimate Oscillator
37.097
Sell
ROC
-0.697
Sell
Bull/Bear Power(13)
-0.0055
Sell
Buy: 0
Sell: 9
Neutral: 0


Summary:Strong Sell","Jun 17, 2021 08:13PM GMT"
gbp_usd,1.3922 -0.0066    -0.47%,16:14:41,2021-06-17 20:15:10.795967,"Prev. Close: 1.3987
Bid/Ask: 1.3921 / 1.3922
Day's Range: 1.3896 - 1.4010",Strong Sell,"Summary:Strong Sell
Moving Averages:SellBuy (1)Sell (11)
Technical Indicators:Strong SellBuy (0)Sell (10)","Name
S3
S2
S1
Pivot Points
R1
R2
R3
Classic
1.3904
1.3911
1.3916
1.3923
1.3929
1.3935
1.3941
Fibonacci
1.3911
1.3916
1.3918
1.3923
1.3928
1.3930
1.3935
Camarilla
1.3917
1.3918
1.3919
1.3923
1.3922
1.3923
1.3924
Woodie's
1.3902
1.3910
1.3914
1.3922
1.3927
1.3934
1.3939
DeMark's
-
-
1.3913
1.3921
1.3925
-
-","Technical IndicatorsJun 17, 2021 08:13PM GMT
Name
Value
Action
RSI(14)
35.060
Sell
STOCH(9,6)
26.877
Sell
STOCHRSI(14)
97.725
Overbought
MACD(12,26)
-0.003
Sell
ADX(14)
42.842
Sell
Williams %R
-75.120
Sell
CCI(14)
-81.6729
Sell
ATR(14)
0.0026
High Volatility
Highs/Lows(14)
-0.0009
Sell
Ultimate Oscillator
33.968
Sell
ROC
-0.515
Sell
Bull/Bear Power(13)
-0.0037
Sell
Buy: 0
Sell: 10
Neutral: 0


Summary:Strong Sell","Jun 17, 2021 08:13PM GMT"
usd_jpy,110.29 -0.41    -0.37%,16:14:32,2021-06-17 20:15:10.798870,"Prev. Close: 110.69
Bid/Ask: 110.27 / 110.30
Day's Range: 110.17 - 110.83",Strong Sell,"Summary:Strong Sell
Moving Averages:SellBuy (5)Sell (7)
Technical Indicators:Strong SellBuy (0)Sell (8)","Name
S3
S2
S1
Pivot Points
R1
R2
R3
Classic
110.18
110.22
110.24
110.28
110.31
110.34
110.37
Fibonacci
110.22
110.24
110.26
110.28
110.30
110.32
110.34
Camarilla
110.25
110.26
110.26
110.28
110.28
110.28
110.29
Woodie's
110.18
110.22
110.24
110.28
110.31
110.34
110.37
DeMark's
-
-
110.26
110.29
110.32
-
-","Technical IndicatorsJun 17, 2021 08:13PM GMT
Name
Value
Action
RSI(14)
42.564
Sell
STOCH(9,6)
16.844
Oversold
STOCHRSI(14)
15.666
Oversold
MACD(12,26)
-0.020
Sell
ADX(14)
34.221
Sell
Williams %R
-82.352
Oversold
CCI(14)
-72.6412
Sell
ATR(14)
0.1254
Less Volatility
Highs/Lows(14)
-0.1136
Sell
Ultimate Oscillator
41.747
Sell
ROC
-0.343
Sell
Bull/Bear Power(13)
-0.2160
Sell
Buy: 0
Sell: 8
Neutral: 0


Summary:Strong Sell","Jun 17, 2021 08:13PM GMT"
aud_usd,0.7548 -0.0062    -0.81%,16:14:43,2021-06-17 20:15:10.801687,"Prev. Close: 0.7610
Bid/Ask: 0.7547 / 0.7549
Day's Range: 0.7540 - 0.7646",Strong Sell,"Summary:Strong Sell
Moving Averages:Strong SellBuy (0)Sell (12)
Technical Indicators:Strong SellBuy (1)Sell (8)","Name
S3
S2
S1
Pivot Points
R1
R2
R3
Classic
0.7533
0.7539
0.7543
0.7549
0.7553
0.7559
0.7562
Fibonacci
0.7539
0.7543
0.7545
0.7549
0.7553
0.7555
0.7559
Camarilla
0.7545
0.7546
0.7547
0.7549
0.7548
0.7549
0.7550
Woodie's
0.7533
0.7539
0.7543
0.7549
0.7553
0.7559
0.7562
DeMark's
-
-
0.7541
0.7548
0.7551
-
-","Technical IndicatorsJun 17, 2021 08:13PM GMT
Name
Value
Action
RSI(14)
26.611
Sell
STOCH(9,6)
17.208
Oversold
STOCHRSI(14)
69.666
Buy
MACD(12,26)
-0.003
Sell
ADX(14)
54.197
Sell
Williams %R
-89.944
Oversold
CCI(14)
-95.9622
Sell
ATR(14)
0.0018
Less Volatility
Highs/Lows(14)
-0.0015
Sell
Ultimate Oscillator
34.379
Sell
ROC
-0.951
Sell
Bull/Bear Power(13)
-0.0044
Sell
Buy: 1
Sell: 8
Neutral: 0


Summary:Strong Sell","Jun 17, 2021 08:13PM GMT"
eur_gbp,0.8551 -0.0022    -0.26%,16:14:51,2021-06-17 20:15:10.804507,"Prev. Close: 0.8573
Bid/Ask: 0.8548 / 0.8553
Day's Range: 0.8542 - 0.8580",Strong Sell,"Summary:Strong Sell
Moving Averages:Strong SellBuy (0)Sell (12)
Technical Indicators:Strong SellBuy (2)Sell (8)","Name
S3
S2
S1
Pivot Points
R1
R2
R3
Classic
0.8538
0.8543
0.8547
0.8551
0.8555
0.8559
0.8563
Fibonacci
0.8543
0.8546
0.8548
0.8551
0.8554
0.8556
0.8559
Camarilla
0.8548
0.8549
0.8550
0.8551
0.8551
0.8552
0.8553
Woodie's
0.8538
0.8543
0.8547
0.8551
0.8555
0.8559
0.8563
DeMark's
-
-
0.8545
0.8550
0.8553
-
-","Technical IndicatorsJun 17, 2021 08:13PM GMT
Name
Value
Action
RSI(14)
34.785
Sell
STOCH(9,6)
41.605
Sell
STOCHRSI(14)
57.809
Buy
MACD(12,26)
-0.001
Sell
ADX(14)
43.306
Sell
Williams %R
-69.999
Sell
CCI(14)
-130.4334
Sell
ATR(14)
0.0011
High Volatility
Highs/Lows(14)
0.0000
Neutral
Ultimate Oscillator
56.442
Buy
ROC
-0.175
Sell
Bull/Bear Power(13)
-0.0022
Sell
Buy: 2
Sell: 8
Neutral: 1


Summary:Strong Sell","Jun 17, 2021 08:13PM GMT"
usd_cad,1.2355 +0.0079    +0.64%,16:14:48,2021-06-17 20:15:10.807342,"Prev. Close: 1.2276
Bid/Ask: 1.2353 / 1.2357
Day's Range: 1.2261 - 1.2378",Strong Buy,"Summary:Strong Buy
Moving Averages:BuyBuy (12)Sell (0)
Technical Indicators:Strong BuyBuy (9)Sell (1)","Name
S3
S2
S1
Pivot Points
R1
R2
R3
Classic
1.2333
1.2339
1.2349
1.2356
1.2366
1.2373
1.2383
Fibonacci
1.2339
1.2346
1.2350
1.2356
1.2362
1.2366
1.2373
Camarilla
1.2354
1.2356
1.2357
1.2356
1.2361
1.2362
1.2364
Woodie's
1.2335
1.2340
1.2351
1.2357
1.2368
1.2374
1.2385
DeMark's
-
-
1.2352
1.2357
1.2369
-
-","Technical IndicatorsJun 17, 2021 08:13PM GMT
Name
Value
Action
RSI(14)
70.781
Buy
STOCH(9,6)
74.336
Buy
STOCHRSI(14)
35.435
Sell
MACD(12,26)
0.003
Buy
ADX(14)
43.639
Buy
Williams %R
-19.635
Overbought
CCI(14)
106.3706
Buy
ATR(14)
0.0026
High Volatility
Highs/Lows(14)
0.0011
Buy
Ultimate Oscillator
68.902
Buy
ROC
0.627
Buy
Bull/Bear Power(13)
0.0032
Buy
Buy: 9
Sell: 1
Neutral: 0


Summary:Strong Buy","Jun 17, 2021 08:13PM GMT"
usd_chf,0.9178 +0.0093    +1.02%,16:14:48,2021-06-17 20:15:10.810128,"Prev. Close: 0.9085
Bid/Ask: 0.9176 / 0.9180
Day's Range: 0.9076 - 0.9188",Strong Buy,"Summary:Strong Buy
Moving Averages:Strong BuyBuy (11)Sell (1)
Technical Indicators:Strong BuyBuy (7)Sell (0)","Name
S3
S2
S1
Pivot Points
R1
R2
R3
Classic
0.9165
0.9168
0.9174
0.9177
0.9182
0.9186
0.9191
Fibonacci
0.9168
0.9171
0.9174
0.9177
0.9180
0.9183
0.9186
Camarilla
0.9176
0.9177
0.9178
0.9177
0.9179
0.9180
0.9181
Woodie's
0.9165
0.9168
0.9174
0.9177
0.9182
0.9186
0.9191
DeMark's
-
-
0.9175
0.9178
0.9184
-
-","Technical IndicatorsJun 17, 2021 08:13PM GMT
Name
Value
Action
RSI(14)
76.376
Overbought
STOCH(9,6)
81.923
Overbought
STOCHRSI(14)
6.289
Oversold
MACD(12,26)
0.004
Buy
ADX(14)
43.654
Buy
Williams %R
-12.069
Overbought
CCI(14)
115.6213
Buy
ATR(14)
0.0017
High Volatility
Highs/Lows(14)
0.0013
Buy
Ultimate Oscillator
64.515
Buy
ROC
0.829
Buy
Bull/Bear Power(13)
0.0037
Buy
Buy: 7
Sell: 0
Neutral: 0


Summary:Strong Buy","Jun 17, 2021 08:13PM GMT"
nzd_chf,0.6425 +0.0021    +0.32%,16:14:54,2021-06-17 20:15:10.812957,"Prev. Close: 0.6404
Bid/Ask: 0.6421 / 0.6428
Day's Range: 0.6406 - 0.6453",Sell,"Summary:Sell
Moving Averages:SellBuy (4)Sell (8)
Technical Indicators:SellBuy (2)Sell (5)","Name
S3
S2
S1
Pivot Points
R1
R2
R3
Classic
0.6412
0.6417
0.6421
0.6426
0.6430
0.6435
0.6439
Fibonacci
0.6417
0.6420
0.6423
0.6426
0.6429
0.6432
0.6435
Camarilla
0.6422
0.6422
0.6423
0.6426
0.6425
0.6426
0.6426
Woodie's
0.6410
0.6416
0.6419
0.6425
0.6428
0.6434
0.6437
DeMark's
-
-
0.6418
0.6425
0.6428
-
-","Technical IndicatorsJun 17, 2021 08:13PM GMT
Name
Value
Action
RSI(14)
48.610
Neutral
STOCH(9,6)
54.963
Neutral
STOCHRSI(14)
36.125
Sell
MACD(12,26)
0.000
Buy
ADX(14)
26.540
Buy
Williams %R
-62.366
Sell
CCI(14)
-36.5321
Neutral
ATR(14)
0.0012
Less Volatility
Highs/Lows(14)
0.0000
Neutral
Ultimate Oscillator
46.395
Sell
ROC
-0.210
Sell
Bull/Bear Power(13)
-0.0011
Sell
Buy: 2
Sell: 5
Neutral: 4


Summary:Sell","Jun 17, 2021 08:13PM GMT"
usd_cny,6.4484 +0.0515    +0.80%,11:27:22,2021-06-17 20:15:10.815806,"Prev. Close: 6.3969
Bid/Ask: 6.4477 / 6.4490
Day's Range: 6.3972 - 6.4494",Strong Buy,"Summary:Strong Buy
Moving Averages:BuyBuy (12)Sell (0)
Technical Indicators:Strong BuyBuy (7)Sell (0)","Name
S3
S2
S1
Pivot Points
R1
R2
R3
Classic
6.4380
6.4399
6.4436
6.4455
6.4492
6.4511
6.4548
Fibonacci
6.4399
6.4420
6.4434
6.4455
6.4476
6.4490
6.4511
Camarilla
6.4458
6.4463
6.4468
6.4455
6.4479
6.4484
6.4489
Woodie's
6.4390
6.4404
6.4446
6.4460
6.4502
6.4516
6.4558
DeMark's
-
-
6.4446
6.4460
6.4502
-
-","Technical IndicatorsJun 17, 2021 03:34PM GMT
Name
Value
Action
RSI(14)
85.433
Overbought
STOCH(9,6)
77.649
Buy
STOCHRSI(14)
100.000
Overbought
MACD(12,26)
0.011
Buy
ADX(14)
61.337
Buy
Williams %R
-3.426
Overbought
CCI(14)
151.8010
Buy
ATR(14)
0.0041
Less Volatility
Highs/Lows(14)
0.0141
Buy
Ultimate Oscillator
82.973
Overbought
ROC
0.391
Buy
Bull/Bear Power(13)
0.0286
Buy
Buy: 7
Sell: 0
Neutral: 0


Summary:Strong Buy","Jun 17, 2021 03:34PM GMT"
usd_hkd,7.7642 +0.0011    +0.01%,16:14:27,2021-06-17 20:15:10.818633,"Prev. Close: 7.7630
Bid/Ask: 7.7640 / 7.7643
Day's Range: 7.7625 - 7.7656",Neutral,"Summary:Neutral
Moving Averages:NeutralBuy (6)Sell (6)
Technical Indicators:SellBuy (2)Sell (3)","Name
S3
S2
S1
Pivot Points
R1
R2
R3
Classic
7.7647
7.7647
7.7649
7.7649
7.7650
7.7651
7.7652
Fibonacci
7.7647
7.7648
7.7648
7.7649
7.7650
7.7650
7.7651
Camarilla
7.7649
7.7649
7.7649
7.7649
7.7650
7.7650
7.7650
Woodie's
7.7647
7.7647
7.7649
7.7649
7.7650
7.7651
7.7652
DeMark's
-
-
7.7649
7.7649
7.7650
-
-","Technical IndicatorsJun 17, 2021 08:13PM GMT
Name
Value
Action
RSI(14)
51.135
Neutral
STOCH(9,6)
46.930
Neutral
STOCHRSI(14)
6.095
Oversold
MACD(12,26)
0.000
Buy
ADX(14)
40.015
Neutral
Williams %R
-73.676
Sell
CCI(14)
-46.9949
Neutral
ATR(14)
0.0009
Less Volatility
Highs/Lows(14)
0.0000
Neutral
Ultimate Oscillator
47.172
Sell
ROC
-0.014
Sell
Bull/Bear Power(13)
0.0010
Buy
Buy: 2
Sell: 3
Neutral: 5


Summary:Sell","Jun 17, 2021 08:13PM GMT"
eur_usd,1.1903 -0.0091    -0.76%,16:15:22,2021-06-17 20:16:11.010919,"Prev. Close: 1.1994
Bid/Ask: 1.1901 / 1.1905
Day's Range: 1.1892 - 1.2007",Strong Sell,"Summary:Strong Sell
Moving Averages:Strong SellBuy (0)Sell (12)
Technical Indicators:Strong SellBuy (0)Sell (9)","Name
S3
S2
S1
Pivot Points
R1
R2
R3
Classic
1.1884
1.1892
1.1898
1.1906
1.1911
1.1920
1.1925
Fibonacci
1.1892
1.1898
1.1901
1.1906
1.1911
1.1914
1.1920
Camarilla
1.1898
1.1900
1.1901
1.1906
1.1903
1.1904
1.1906
Woodie's
1.1882
1.1891
1.1896
1.1905
1.1909
1.1919
1.1923
DeMark's
-
-
1.1895
1.1905
1.1908
-
-","Technical IndicatorsJun 17, 2021 08:15PM GMT
Name
Value
Action
RSI(14)
25.734
Sell
STOCH(9,6)
21.444
Sell
STOCHRSI(14)
83.728
Overbought
MACD(12,26)
-0.004
Sell
ADX(14)
43.896
Sell
Williams %R
-88.719
Oversold
CCI(14)
-135.6972
Sell
ATR(14)
0.0021
Less Volatility
Highs/Lows(14)
-0.0016
Sell
Ultimate Oscillator
36.814
Sell
ROC
-0.701
Sell
Bull/Bear Power(13)
-0.0055
Sell
Buy: 0
Sell: 9
Neutral: 0


Summary:Strong Sell","Jun 17, 2021 08:15PM GMT"
gbp_usd,1.3922 -0.0066    -0.47%,16:15:29,2021-06-17 20:16:11.014614,"Prev. Close: 1.3987
Bid/Ask: 1.3921 / 1.3922
Day's Range: 1.3896 - 1.4010",Strong Sell,"Summary:Strong Sell
Moving Averages:SellBuy (1)Sell (11)
Technical Indicators:Strong SellBuy (0)Sell (10)","Name
S3
S2
S1
Pivot Points
R1
R2
R3
Classic
1.3904
1.3911
1.3916
1.3923
1.3929
1.3935
1.3941
Fibonacci
1.3911
1.3916
1.3918
1.3923
1.3928
1.3930
1.3935
Camarilla
1.3917
1.3918
1.3919
1.3923
1.3922
1.3923
1.3924
Woodie's
1.3902
1.3910
1.3914
1.3922
1.3927
1.3934
1.3939
DeMark's
-
-
1.3913
1.3921
1.3925
-
-","Technical IndicatorsJun 17, 2021 08:13PM GMT
Name
Value
Action
RSI(14)
35.060
Sell
STOCH(9,6)
26.877
Sell
STOCHRSI(14)
97.725
Overbought
MACD(12,26)
-0.003
Sell
ADX(14)
42.842
Sell
Williams %R
-75.120
Sell
CCI(14)
-81.6729
Sell
ATR(14)
0.0026
High Volatility
Highs/Lows(14)
-0.0009
Sell
Ultimate Oscillator
33.968
Sell
ROC
-0.515
Sell
Bull/Bear Power(13)
-0.0037
Sell
Buy: 0
Sell: 10
Neutral: 0


Summary:Strong Sell","Jun 17, 2021 08:13PM GMT"
usd_jpy,110.29 -0.41    -0.37%,16:15:43,2021-06-17 20:16:11.017608,"Prev. Close: 110.69
Bid/Ask: 110.27 / 110.30
Day's Range: 110.17 - 110.83",Sell,"Summary:Sell
Moving Averages:NeutralBuy (6)Sell (6)
Technical Indicators:Strong SellBuy (0)Sell (8)","Name
S3
S2
S1
Pivot Points
R1
R2
R3
Classic
110.18
110.22
110.24
110.28
110.31
110.34
110.37
Fibonacci
110.22
110.24
110.26
110.28
110.30
110.32
110.34
Camarilla
110.25
110.26
110.26
110.28
110.28
110.28
110.29
Woodie's
110.18
110.22
110.24
110.28
110.31
110.34
110.37
DeMark's
-
-
110.26
110.29
110.32
-
-","Technical IndicatorsJun 17, 2021 08:15PM GMT
Name
Value
Action
RSI(14)
43.213
Sell
STOCH(9,6)
17.150
Oversold
STOCHRSI(14)
18.030
Oversold
MACD(12,26)
-0.020
Sell
ADX(14)
34.221
Sell
Williams %R
-80.671
Oversold
CCI(14)
-71.5075
Sell
ATR(14)
0.1254
Less Volatility
Highs/Lows(14)
-0.1036
Sell
Ultimate Oscillator
42.625
Sell
ROC
-0.334
Sell
Bull/Bear Power(13)
-0.2180
Sell
Buy: 0
Sell: 8
Neutral: 0


Summary:Strong Sell","Jun 17, 2021 08:15PM GMT"
aud_usd,0.7548 -0.0062    -0.81%,16:15:42,2021-06-17 20:16:11.020476,"Prev. Close: 0.7610
Bid/Ask: 0.7547 / 0.7549
Day's Range: 0.7540 - 0.7646",Strong Sell,"Summary:Strong Sell
Moving Averages:Strong SellBuy (0)Sell (12)
Technical Indicators:Strong SellBuy (1)Sell (8)","Name
S3
S2
S1
Pivot Points
R1
R2
R3
Classic
0.7533
0.7539
0.7543
0.7549
0.7553
0.7559
0.7562
Fibonacci
0.7539
0.7543
0.7545
0.7549
0.7553
0.7555
0.7559
Camarilla
0.7545
0.7546
0.7547
0.7549
0.7548
0.7549
0.7550
Woodie's
0.7533
0.7539
0.7543
0.7549
0.7553
0.7559
0.7562
DeMark's
-
-
0.7541
0.7548
0.7551
-
-","Technical IndicatorsJun 17, 2021 08:15PM GMT
Name
Value
Action
RSI(14)
26.611
Sell
STOCH(9,6)
17.208
Oversold
STOCHRSI(14)
69.666
Buy
MACD(12,26)
-0.003
Sell
ADX(14)
54.197
Sell
Williams %R
-89.944
Oversold
CCI(14)
-95.9622
Sell
ATR(14)
0.0018
Less Volatility
Highs/Lows(14)
-0.0015
Sell
Ultimate Oscillator
34.379
Sell
ROC
-0.951
Sell
Bull/Bear Power(13)
-0.0044
Sell
Buy: 1
Sell: 8
Neutral: 0


Summary:Strong Sell","Jun 17, 2021 08:15PM GMT"
eur_gbp,0.8550 -0.0023    -0.27%,16:15:33,2021-06-17 20:16:11.023326,"Prev. Close: 0.8573
Bid/Ask: 0.8548 / 0.8552
Day's Range: 0.8542 - 0.8580",Strong Sell,"Summary:Strong Sell
Moving Averages:Strong SellBuy (0)Sell (12)
Technical Indicators:Strong SellBuy (2)Sell (8)","Name
S3
S2
S1
Pivot Points
R1
R2
R3
Classic
0.8538
0.8543
0.8547
0.8551
0.8555
0.8559
0.8563
Fibonacci
0.8543
0.8546
0.8548
0.8551
0.8554
0.8556
0.8559
Camarilla
0.8548
0.8549
0.8550
0.8551
0.8551
0.8552
0.8553
Woodie's
0.8538
0.8543
0.8547
0.8551
0.8555
0.8559
0.8563
DeMark's
-
-
0.8545
0.8550
0.8553
-
-","Technical IndicatorsJun 17, 2021 08:15PM GMT
Name
Value
Action
RSI(14)
34.454
Sell
STOCH(9,6)
41.297
Sell
STOCHRSI(14)
56.372
Buy
MACD(12,26)
-0.001
Sell
ADX(14)
43.306
Sell
Williams %R
-71.666
Sell
CCI(14)
-132.9967
Sell
ATR(14)
0.0011
High Volatility
Highs/Lows(14)
0.0000
Neutral
Ultimate Oscillator
55.831
Buy
ROC
-0.181
Sell
Bull/Bear Power(13)
-0.0022
Sell
Buy: 2
Sell: 8
Neutral: 1


Summary:Strong Sell","Jun 17, 2021 08:15PM GMT"
usd_cad,1.2355 +0.0079    +0.64%,16:15:36,2021-06-17 20:16:11.026133,"Prev. Close: 1.2276
Bid/Ask: 1.2353 / 1.2357
Day's Range: 1.2261 - 1.2378",Strong Buy,"Summary:Strong Buy
Moving Averages:BuyBuy (12)Sell (0)
Technical Indicators:Strong BuyBuy (9)Sell (1)","Name
S3
S2
S1
Pivot Points
R1
R2
R3
Classic
1.2333
1.2339
1.2349
1.2356
1.2366
1.2373
1.2383
Fibonacci
1.2339
1.2346
1.2350
1.2356
1.2362
1.2366
1.2373
Camarilla
1.2354
1.2356
1.2357
1.2356
1.2361
1.2362
1.2364
Woodie's
1.2335
1.2340
1.2351
1.2357
1.2368
1.2374
1.2385
DeMark's
-
-
1.2352
1.2357
1.2369
-
-","Technical IndicatorsJun 17, 2021 08:15PM GMT
Name
Value
Action
RSI(14)
71.317
Buy
STOCH(9,6)
74.538
Buy
STOCHRSI(14)
39.478
Sell
MACD(12,26)
0.003
Buy
ADX(14)
43.639
Buy
Williams %R
-18.722
Overbought
CCI(14)
107.4970
Buy
ATR(14)
0.0026
High Volatility
Highs/Lows(14)
0.0012
Buy
Ultimate Oscillator
69.362
Buy
ROC
0.635
Buy
Bull/Bear Power(13)
0.0032
Buy
Buy: 9
Sell: 1
Neutral: 0


Summary:Strong Buy","Jun 17, 2021 08:15PM GMT"
usd_chf,0.9179 +0.0094    +1.03%,16:15:37,2021-06-17 20:16:11.028939,"Prev. Close: 0.9085
Bid/Ask: 0.9178 / 0.9179
Day's Range: 0.9076 - 0.9188",Strong Buy,"Summary:Strong Buy
Moving Averages:BuyBuy (12)Sell (0)
Technical Indicators:Strong BuyBuy (7)Sell (0)","Name
S3
S2
S1
Pivot Points
R1
R2
R3
Classic
0.9165
0.9168
0.9174
0.9177
0.9182
0.9186
0.9191
Fibonacci
0.9168
0.9171
0.9174
0.9177
0.9180
0.9183
0.9186
Camarilla
0.9176
0.9177
0.9178
0.9177
0.9179
0.9180
0.9181
Woodie's
0.9165
0.9168
0.9174
0.9177
0.9182
0.9186
0.9191
DeMark's
-
-
0.9175
0.9178
0.9184
-
-","Technical IndicatorsJun 17, 2021 08:15PM GMT
Name
Value
Action
RSI(14)
76.720
Overbought
STOCH(9,6)
82.077
Overbought
STOCHRSI(14)
9.331
Oversold
MACD(12,26)
0.004
Buy
ADX(14)
43.654
Buy
Williams %R
-11.494
Overbought
CCI(14)
116.2537
Buy
ATR(14)
0.0017
High Volatility
Highs/Lows(14)
0.0013
Buy
Ultimate Oscillator
64.872
Buy
ROC
0.835
Buy
Bull/Bear Power(13)
0.0037
Buy
Buy: 7
Sell: 0
Neutral: 0


Summary:Strong Buy","Jun 17, 2021 08:15PM GMT"
nzd_chf,0.6426 +0.0022    +0.34%,16:15:42,2021-06-17 20:16:11.031743,"Prev. Close: 0.6404
Bid/Ask: 0.6424 / 0.6428
Day's Range: 0.6406 - 0.6453",Sell,"Summary:Sell
Moving Averages:SellBuy (4)Sell (8)
Technical Indicators:SellBuy (2)Sell (5)","Name
S3
S2
S1
Pivot Points
R1
R2
R3
Classic
0.6412
0.6417
0.6421
0.6426
0.6430
0.6435
0.6439
Fibonacci
0.6417
0.6420
0.6423
0.6426
0.6429
0.6432
0.6435
Camarilla
0.6422
0.6422
0.6423
0.6426
0.6425
0.6426
0.6426
Woodie's
0.6410
0.6416
0.6419
0.6425
0.6428
0.6434
0.6437
DeMark's
-
-
0.6418
0.6425
0.6428
-
-","Technical IndicatorsJun 17, 2021 08:13PM GMT
Name
Value
Action
RSI(14)
48.610
Neutral
STOCH(9,6)
54.963
Neutral
STOCHRSI(14)
36.125
Sell
MACD(12,26)
0.000
Buy
ADX(14)
26.540
Buy
Williams %R
-62.366
Sell
CCI(14)
-36.5321
Neutral
ATR(14)
0.0012
Less Volatility
Highs/Lows(14)
0.0000
Neutral
Ultimate Oscillator
46.395
Sell
ROC
-0.210
Sell
Bull/Bear Power(13)
-0.0011
Sell
Buy: 2
Sell: 5
Neutral: 4


Summary:Sell","Jun 17, 2021 08:13PM GMT"
usd_cny,6.4484 +0.0515    +0.80%,11:27:22,2021-06-17 20:16:11.034530,"Prev. Close: 6.3969
Bid/Ask: 6.4477 / 6.4490
Day's Range: 6.3972 - 6.4494",Strong Buy,"Summary:Strong Buy
Moving Averages:BuyBuy (12)Sell (0)
Technical Indicators:Strong BuyBuy (7)Sell (0)","Name
S3
S2
S1
Pivot Points
R1
R2
R3
Classic
6.4380
6.4399
6.4436
6.4455
6.4492
6.4511
6.4548
Fibonacci
6.4399
6.4420
6.4434
6.4455
6.4476
6.4490
6.4511
Camarilla
6.4458
6.4463
6.4468
6.4455
6.4479
6.4484
6.4489
Woodie's
6.4390
6.4404
6.4446
6.4460
6.4502
6.4516
6.4558
DeMark's
-
-
6.4446
6.4460
6.4502
-
-","Technical IndicatorsJun 17, 2021 03:34PM GMT
Name
Value
Action
RSI(14)
85.433
Overbought
STOCH(9,6)
77.649
Buy
STOCHRSI(14)
100.000
Overbought
MACD(12,26)
0.011
Buy
ADX(14)
61.337
Buy
Williams %R
-3.426
Overbought
CCI(14)
151.8010
Buy
ATR(14)
0.0041
Less Volatility
Highs/Lows(14)
0.0141
Buy
Ultimate Oscillator
82.973
Overbought
ROC
0.391
Buy
Bull/Bear Power(13)
0.0286
Buy
Buy: 7
Sell: 0
Neutral: 0


Summary:Strong Buy","Jun 17, 2021 03:34PM GMT"
usd_hkd,7.7642 +0.0011    +0.01%,16:15:35,2021-06-17 20:16:11.037295,"Prev. Close: 7.7630
Bid/Ask: 7.7640 / 7.7643
Day's Range: 7.7625 - 7.7656",Neutral,"Summary:Neutral
Moving Averages:NeutralBuy (6)Sell (6)
Technical Indicators:SellBuy (2)Sell (3)","Name
S3
S2
S1
Pivot Points
R1
R2
R3
Classic
7.7647
7.7647
7.7649
7.7649
7.7650
7.7651
7.7652
Fibonacci
7.7647
7.7648
7.7648
7.7649
7.7650
7.7650
7.7651
Camarilla
7.7649
7.7649
7.7649
7.7649
7.7650
7.7650
7.7650
Woodie's
7.7647
7.7647
7.7649
7.7649
7.7650
7.7651
7.7652
DeMark's
-
-
7.7649
7.7649
7.7650
-
-","Technical IndicatorsJun 17, 2021 08:15PM GMT
Name
Value
Action
RSI(14)
51.135
Neutral
STOCH(9,6)
46.930
Neutral
STOCHRSI(14)
6.095
Oversold
MACD(12,26)
0.000
Buy
ADX(14)
40.015
Neutral
Williams %R
-73.676
Sell
CCI(14)
-46.9949
Neutral
ATR(14)
0.0009
Less Volatility
Highs/Lows(14)
0.0000
Neutral
Ultimate Oscillator
47.172
Sell
ROC
-0.014
Sell
Bull/Bear Power(13)
0.0010
Buy
Buy: 2
Sell: 3
Neutral: 5


Summary:Sell","Jun 17, 2021 08:15PM GMT"
eur_usd,1.1903 -0.0091    -0.76%,16:16:55,2021-06-17 20:17:10.703180,"Prev. Close: 1.1994
Bid/Ask: 1.1901 / 1.1905
Day's Range: 1.1892 - 1.2007",Strong Sell,"Summary:Strong Sell
Moving Averages:Strong SellBuy (0)Sell (12)
Technical Indicators:Strong SellBuy (0)Sell (9)","Name
S3
S2
S1
Pivot Points
R1
R2
R3
Classic
1.1884
1.1892
1.1898
1.1906
1.1911
1.1920
1.1925
Fibonacci
1.1892
1.1898
1.1901
1.1906
1.1911
1.1914
1.1920
Camarilla
1.1898
1.1900
1.1901
1.1906
1.1903
1.1904
1.1906
Woodie's
1.1882
1.1891
1.1896
1.1905
1.1909
1.1919
1.1923
DeMark's
-
-
1.1895
1.1905
1.1908
-
-","Technical IndicatorsJun 17, 2021 08:15PM GMT
Name
Value
Action
RSI(14)
25.734
Sell
STOCH(9,6)
21.444
Sell
STOCHRSI(14)
83.728
Overbought
MACD(12,26)
-0.004
Sell
ADX(14)
43.896
Sell
Williams %R
-88.719
Oversold
CCI(14)
-135.6972
Sell
ATR(14)
0.0021
Less Volatility
Highs/Lows(14)
-0.0016
Sell
Ultimate Oscillator
36.814
Sell
ROC
-0.701
Sell
Bull/Bear Power(13)
-0.0055
Sell
Buy: 0
Sell: 9
Neutral: 0


Summary:Strong Sell","Jun 17, 2021 08:15PM GMT"
gbp_usd,1.3922 -0.0066    -0.47%,16:16:47,2021-06-17 20:17:10.706830,"Prev. Close: 1.3987
Bid/Ask: 1.3921 / 1.3922
Day's Range: 1.3896 - 1.4010",Strong Sell,"Summary:Strong Sell
Moving Averages:SellBuy (1)Sell (11)
Technical Indicators:Strong SellBuy (0)Sell (10)","Name
S3
S2
S1
Pivot Points
R1
R2
R3
Classic
1.3904
1.3911
1.3916
1.3923
1.3929
1.3935
1.3941
Fibonacci
1.3911
1.3916
1.3918
1.3923
1.3928
1.3930
1.3935
Camarilla
1.3917
1.3918
1.3919
1.3923
1.3922
1.3923
1.3924
Woodie's
1.3902
1.3910
1.3914
1.3922
1.3927
1.3934
1.3939
DeMark's
-
-
1.3913
1.3921
1.3925
-
-","Technical IndicatorsJun 17, 2021 08:15PM GMT
Name
Value
Action
RSI(14)
34.483
Sell
STOCH(9,6)
26.501
Sell
STOCHRSI(14)
92.987
Overbought
MACD(12,26)
-0.003
Sell
ADX(14)
42.842
Sell
Williams %R
-76.555
Sell
CCI(14)
-83.1430
Sell
ATR(14)
0.0026
High Volatility
Highs/Lows(14)
-0.0010
Sell
Ultimate Oscillator
33.243
Sell
ROC
-0.525
Sell
Bull/Bear Power(13)
-0.0037
Sell
Buy: 0
Sell: 10
Neutral: 0


Summary:Strong Sell","Jun 17, 2021 08:15PM GMT"
usd_jpy,110.29 -0.41    -0.37%,16:16:37,2021-06-17 20:17:10.709729,"Prev. Close: 110.69
Bid/Ask: 110.27 / 110.30
Day's Range: 110.17 - 110.83",Sell,"Summary:Sell
Moving Averages:NeutralBuy (6)Sell (6)
Technical Indicators:Strong SellBuy (0)Sell (8)","Name
S3
S2
S1
Pivot Points
R1
R2
R3
Classic
110.18
110.22
110.24
110.28
110.31
110.34
110.37
Fibonacci
110.22
110.24
110.26
110.28
110.30
110.32
110.34
Camarilla
110.25
110.26
110.26
110.28
110.28
110.28
110.29
Woodie's
110.18
110.22
110.24
110.28
110.31
110.34
110.37
DeMark's
-
-
110.26
110.29
110.32
-
-","Technical IndicatorsJun 17, 2021 08:15PM GMT
Name
Value
Action
RSI(14)
43.213
Sell
STOCH(9,6)
17.150
Oversold
STOCHRSI(14)
18.030
Oversold
MACD(12,26)
-0.020
Sell
ADX(14)
34.221
Sell
Williams %R
-80.671
Oversold
CCI(14)
-71.5075
Sell
ATR(14)
0.1254
Less Volatility
Highs/Lows(14)
-0.1036
Sell
Ultimate Oscillator
42.625
Sell
ROC
-0.334
Sell
Bull/Bear Power(13)
-0.2180
Sell
Buy: 0
Sell: 8
Neutral: 0


Summary:Strong Sell","Jun 17, 2021 08:15PM GMT"
aud_usd,0.7549 -0.0062    -0.81%,16:16:47,2021-06-17 20:17:10.712565,"Prev. Close: 0.7610
Bid/Ask: 0.7546 / 0.7551
Day's Range: 0.7540 - 0.7646",Strong Sell,"Summary:Strong Sell
Moving Averages:Strong SellBuy (0)Sell (12)
Technical Indicators:Strong SellBuy (1)Sell (8)","Name
S3
S2
S1
Pivot Points
R1
R2
R3
Classic
0.7533
0.7539
0.7543
0.7549
0.7553
0.7559
0.7562
Fibonacci
0.7539
0.7543
0.7545
0.7549
0.7553
0.7555
0.7559
Camarilla
0.7545
0.7546
0.7547
0.7549
0.7548
0.7549
0.7550
Woodie's
0.7533
0.7539
0.7543
0.7549
0.7553
0.7559
0.7562
DeMark's
-
-
0.7541
0.7548
0.7551
-
-","Technical IndicatorsJun 17, 2021 08:15PM GMT
Name
Value
Action
RSI(14)
26.611
Sell
STOCH(9,6)
17.208
Oversold
STOCHRSI(14)
69.666
Buy
MACD(12,26)
-0.003
Sell
ADX(14)
54.197
Sell
Williams %R
-89.944
Oversold
CCI(14)
-95.9622
Sell
ATR(14)
0.0018
Less Volatility
Highs/Lows(14)
-0.0015
Sell
Ultimate Oscillator
34.379
Sell
ROC
-0.951
Sell
Bull/Bear Power(13)
-0.0044
Sell
Buy: 1
Sell: 8
Neutral: 0


Summary:Strong Sell","Jun 17, 2021 08:15PM GMT"
eur_gbp,0.8550 -0.0023    -0.27%,16:16:55,2021-06-17 20:17:10.715354,"Prev. Close: 0.8573
Bid/Ask: 0.8549 / 0.8551
Day's Range: 0.8542 - 0.8580",Strong Sell,"Summary:Strong Sell
Moving Averages:Strong SellBuy (0)Sell (12)
Technical Indicators:Strong SellBuy (2)Sell (8)","Name
S3
S2
S1
Pivot Points
R1
R2
R3
Classic
0.8538
0.8543
0.8547
0.8551
0.8555
0.8559
0.8563
Fibonacci
0.8543
0.8546
0.8548
0.8551
0.8554
0.8556
0.8559
Camarilla
0.8548
0.8549
0.8550
0.8551
0.8551
0.8552
0.8553
Woodie's
0.8538
0.8543
0.8547
0.8551
0.8555
0.8559
0.8563
DeMark's
-
-
0.8545
0.8550
0.8553
-
-","Technical IndicatorsJun 17, 2021 08:15PM GMT
Name
Value
Action
RSI(14)
34.454
Sell
STOCH(9,6)
41.297
Sell
STOCHRSI(14)
56.372
Buy
MACD(12,26)
-0.001
Sell
ADX(14)
43.306
Sell
Williams %R
-71.666
Sell
CCI(14)
-132.9967
Sell
ATR(14)
0.0011
High Volatility
Highs/Lows(14)
0.0000
Neutral
Ultimate Oscillator
55.831
Buy
ROC
-0.181
Sell
Bull/Bear Power(13)
-0.0022
Sell
Buy: 2
Sell: 8
Neutral: 1


Summary:Strong Sell","Jun 17, 2021 08:15PM GMT"
usd_cad,1.2359 +0.0083    +0.68%,16:16:53,2021-06-17 20:17:10.718122,"Prev. Close: 1.2276
Bid/Ask: 1.2358 / 1.2360
Day's Range: 1.2261 - 1.2378",Strong Buy,"Summary:Strong Buy
Moving Averages:BuyBuy (12)Sell (0)
Technical Indicators:Strong BuyBuy (9)Sell (1)","Name
S3
S2
S1
Pivot Points
R1
R2
R3
Classic
1.2333
1.2339
1.2349
1.2356
1.2366
1.2373
1.2383
Fibonacci
1.2339
1.2346
1.2350
1.2356
1.2362
1.2366
1.2373
Camarilla
1.2354
1.2356
1.2357
1.2356
1.2361
1.2362
1.2364
Woodie's
1.2335
1.2340
1.2351
1.2357
1.2368
1.2374
1.2385
DeMark's
-
-
1.2352
1.2357
1.2369
-
-","Technical IndicatorsJun 17, 2021 08:15PM GMT
Name
Value
Action
RSI(14)
71.317
Buy
STOCH(9,6)
74.538
Buy
STOCHRSI(14)
39.478
Sell
MACD(12,26)
0.003
Buy
ADX(14)
43.639
Buy
Williams %R
-18.722
Overbought
CCI(14)
107.4970
Buy
ATR(14)
0.0026
High Volatility
Highs/Lows(14)
0.0012
Buy
Ultimate Oscillator
69.362
Buy
ROC
0.635
Buy
Bull/Bear Power(13)
0.0032
Buy
Buy: 9
Sell: 1
Neutral: 0


Summary:Strong Buy","Jun 17, 2021 08:15PM GMT"
usd_chf,0.9179 +0.0094    +1.03%,16:16:38,2021-06-17 20:17:10.720925,"Prev. Close: 0.9085
Bid/Ask: 0.9178 / 0.9179
Day's Range: 0.9076 - 0.9188",Strong Buy,"Summary:Strong Buy
Moving Averages:BuyBuy (12)Sell (0)
Technical Indicators:Strong BuyBuy (7)Sell (0)","Name
S3
S2
S1
Pivot Points
R1
R2
R3
Classic
0.9165
0.9168
0.9174
0.9177
0.9182
0.9186
0.9191
Fibonacci
0.9168
0.9171
0.9174
0.9177
0.9180
0.9183
0.9186
Camarilla
0.9176
0.9177
0.9178
0.9177
0.9179
0.9180
0.9181
Woodie's
0.9165
0.9168
0.9174
0.9177
0.9182
0.9186
0.9191
DeMark's
-
-
0.9175
0.9178
0.9184
-
-","Technical IndicatorsJun 17, 2021 08:17PM GMT
Name
Value
Action
RSI(14)
76.720
Overbought
STOCH(9,6)
82.077
Overbought
STOCHRSI(14)
9.331
Oversold
MACD(12,26)
0.004
Buy
ADX(14)
43.654
Buy
Williams %R
-11.494
Overbought
CCI(14)
116.2537
Buy
ATR(14)
0.0017
High Volatility
Highs/Lows(14)
0.0013
Buy
Ultimate Oscillator
64.872
Buy
ROC
0.835
Buy
Bull/Bear Power(13)
0.0037
Buy
Buy: 7
Sell: 0
Neutral: 0


Summary:Strong Buy","Jun 17, 2021 08:17PM GMT"
nzd_chf,0.6427 +0.0023    +0.36%,16:16:52,2021-06-17 20:17:10.723725,"Prev. Close: 0.6404
Bid/Ask: 0.6426 / 0.6428
Day's Range: 0.6406 - 0.6453",Neutral,"Summary:Neutral
Moving Averages:NeutralBuy (6)Sell (6)
Technical Indicators:SellBuy (3)Sell (5)","Name
S3
S2
S1
Pivot Points
R1
R2
R3
Classic
0.6412
0.6417
0.6421
0.6426
0.6430
0.6435
0.6439
Fibonacci
0.6417
0.6420
0.6423
0.6426
0.6429
0.6432
0.6435
Camarilla
0.6422
0.6422
0.6423
0.6426
0.6425
0.6426
0.6426
Woodie's
0.6410
0.6416
0.6419
0.6425
0.6428
0.6434
0.6437
DeMark's
-
-
0.6418
0.6425
0.6428
-
-","Technical IndicatorsJun 17, 2021 08:15PM GMT
Name
Value
Action
RSI(14)
49.764
Neutral
STOCH(9,6)
55.963
Buy
STOCHRSI(14)
40.548
Sell
MACD(12,26)
0.000
Buy
ADX(14)
26.540
Buy
Williams %R
-59.141
Sell
CCI(14)
-32.4531
Neutral
ATR(14)
0.0012
Less Volatility
Highs/Lows(14)
0.0000
Neutral
Ultimate Oscillator
48.230
Sell
ROC
-0.186
Sell
Bull/Bear Power(13)
-0.0011
Sell
Buy: 3
Sell: 5
Neutral: 3


Summary:Sell","Jun 17, 2021 08:15PM GMT"
usd_cny,6.4484 +0.0515    +0.80%,11:27:22,2021-06-17 20:17:10.726508,"Prev. Close: 6.3969
Bid/Ask: 6.4477 / 6.4490
Day's Range: 6.3972 - 6.4494",Strong Buy,"Summary:Strong Buy
Moving Averages:BuyBuy (12)Sell (0)
Technical Indicators:Strong BuyBuy (7)Sell (0)","Name
S3
S2
S1
Pivot Points
R1
R2
R3
Classic
6.4380
6.4399
6.4436
6.4455
6.4492
6.4511
6.4548
Fibonacci
6.4399
6.4420
6.4434
6.4455
6.4476
6.4490
6.4511
Camarilla
6.4458
6.4463
6.4468
6.4455
6.4479
6.4484
6.4489
Woodie's
6.4390
6.4404
6.4446
6.4460
6.4502
6.4516
6.4558
DeMark's
-
-
6.4446
6.4460
6.4502
-
-","Technical IndicatorsJun 17, 2021 03:34PM GMT
Name
Value
Action
RSI(14)
85.433
Overbought
STOCH(9,6)
77.649
Buy
STOCHRSI(14)
100.000
Overbought
MACD(12,26)
0.011
Buy
ADX(14)
61.337
Buy
Williams %R
-3.426
Overbought
CCI(14)
151.8010
Buy
ATR(14)
0.0041
Less Volatility
Highs/Lows(14)
0.0141
Buy
Ultimate Oscillator
82.973
Overbought
ROC
0.391
Buy
Bull/Bear Power(13)
0.0286
Buy
Buy: 7
Sell: 0
Neutral: 0


Summary:Strong Buy","Jun 17, 2021 03:34PM GMT"
usd_hkd,7.7642 +0.0011    +0.01%,16:16:54,2021-06-17 20:17:10.729276,"Prev. Close: 7.7630
Bid/Ask: 7.7640 / 7.7643
Day's Range: 7.7625 - 7.7656",Neutral,"Summary:Neutral
Moving Averages:NeutralBuy (6)Sell (6)
Technical Indicators:SellBuy (2)Sell (3)","Name
S3
S2
S1
Pivot Points
R1
R2
R3
Classic
7.7647
7.7647
7.7649
7.7649
7.7650
7.7651
7.7652
Fibonacci
7.7647
7.7648
7.7648
7.7649
7.7650
7.7650
7.7651
Camarilla
7.7649
7.7649
7.7649
7.7649
7.7650
7.7650
7.7650
Woodie's
7.7647
7.7647
7.7649
7.7649
7.7650
7.7651
7.7652
DeMark's
-
-
7.7649
7.7649
7.7650
-
-","Technical IndicatorsJun 17, 2021 08:15PM GMT
Name
Value
Action
RSI(14)
51.135
Neutral
STOCH(9,6)
46.930
Neutral
STOCHRSI(14)
6.095
Oversold
MACD(12,26)
0.000
Buy
ADX(14)
40.015
Neutral
Williams %R
-73.676
Sell
CCI(14)
-46.9949
Neutral
ATR(14)
0.0009
Less Volatility
Highs/Lows(14)
0.0000
Neutral
Ultimate Oscillator
47.172
Sell
ROC
-0.014
Sell
Bull/Bear Power(13)
0.0010
Buy
Buy: 2
Sell: 3
Neutral: 5


Summary:Sell","Jun 17, 2021 08:15PM GMT"
eur_usd,1.1902 -0.0092    -0.77%,16:17:32,2021-06-17 20:18:10.782224,"Prev. Close: 1.1994
Bid/Ask: 1.1900 / 1.1904
Day's Range: 1.1892 - 1.2007",Strong Sell,"Summary:Strong Sell
Moving Averages:Strong SellBuy (0)Sell (12)
Technical Indicators:Strong SellBuy (0)Sell (9)","Name
S3
S2
S1
Pivot Points
R1
R2
R3
Classic
1.1884
1.1892
1.1898
1.1906
1.1911
1.1920
1.1925
Fibonacci
1.1892
1.1898
1.1901
1.1906
1.1911
1.1914
1.1920
Camarilla
1.1898
1.1900
1.1901
1.1906
1.1903
1.1904
1.1906
Woodie's
1.1882
1.1891
1.1896
1.1905
1.1909
1.1919
1.1923
DeMark's
-
-
1.1895
1.1905
1.1908
-
-","Technical IndicatorsJun 17, 2021 08:17PM GMT
Name
Value
Action
RSI(14)
25.734
Sell
STOCH(9,6)
21.444
Sell
STOCHRSI(14)
83.728
Overbought
MACD(12,26)
-0.004
Sell
ADX(14)
43.896
Sell
Williams %R
-88.719
Oversold
CCI(14)
-135.6972
Sell
ATR(14)
0.0021
Less Volatility
Highs/Lows(14)
-0.0016
Sell
Ultimate Oscillator
36.814
Sell
ROC
-0.701
Sell
Bull/Bear Power(13)
-0.0055
Sell
Buy: 0
Sell: 9
Neutral: 0


Summary:Strong Sell","Jun 17, 2021 08:17PM GMT"
gbp_usd,1.3921 -0.0066    -0.48%,16:17:28,2021-06-17 20:18:10.785853,"Prev. Close: 1.3987
Bid/Ask: 1.3920 / 1.3921
Day's Range: 1.3896 - 1.4010",Strong Sell,"Summary:Strong Sell
Moving Averages:SellBuy (1)Sell (11)
Technical Indicators:Strong SellBuy (0)Sell (10)","Name
S3
S2
S1
Pivot Points
R1
R2
R3
Classic
1.3904
1.3911
1.3916
1.3923
1.3929
1.3935
1.3941
Fibonacci
1.3911
1.3916
1.3918
1.3923
1.3928
1.3930
1.3935
Camarilla
1.3917
1.3918
1.3919
1.3923
1.3922
1.3923
1.3924
Woodie's
1.3902
1.3910
1.3914
1.3922
1.3927
1.3934
1.3939
DeMark's
-
-
1.3913
1.3921
1.3925
-
-","Technical IndicatorsJun 17, 2021 08:17PM GMT
Name
Value
Action
RSI(14)
34.483
Sell
STOCH(9,6)
26.501
Sell
STOCHRSI(14)
92.987
Overbought
MACD(12,26)
-0.003
Sell
ADX(14)
42.842
Sell
Williams %R
-76.555
Sell
CCI(14)
-83.1430
Sell
ATR(14)
0.0026
High Volatility
Highs/Lows(14)
-0.0010
Sell
Ultimate Oscillator
33.243
Sell
ROC
-0.525
Sell
Bull/Bear Power(13)
-0.0037
Sell
Buy: 0
Sell: 10
Neutral: 0


Summary:Strong Sell","Jun 17, 2021 08:17PM GMT"
usd_jpy,110.29 -0.41    -0.37%,16:17:42,2021-06-17 20:18:10.788824,"Prev. Close: 110.69
Bid/Ask: 110.28 / 110.29
Day's Range: 110.17 - 110.83",Sell,"Summary:Sell
Moving Averages:NeutralBuy (6)Sell (6)
Technical Indicators:Strong SellBuy (0)Sell (8)","Name
S3
S2
S1
Pivot Points
R1
R2
R3
Classic
110.18
110.22
110.24
110.28
110.31
110.34
110.37
Fibonacci
110.22
110.24
110.26
110.28
110.30
110.32
110.34
Camarilla
110.25
110.26
110.26
110.28
110.28
110.28
110.29
Woodie's
110.18
110.22
110.24
110.28
110.31
110.34
110.37
DeMark's
-
-
110.26
110.29
110.32
-
-","Technical IndicatorsJun 17, 2021 08:17PM GMT
Name
Value
Action
RSI(14)
43.213
Sell
STOCH(9,6)
17.150
Oversold
STOCHRSI(14)
18.030
Oversold
MACD(12,26)
-0.020
Sell
ADX(14)
34.221
Sell
Williams %R
-80.671
Oversold
CCI(14)
-71.5075
Sell
ATR(14)
0.1254
Less Volatility
Highs/Lows(14)
-0.1036
Sell
Ultimate Oscillator
42.625
Sell
ROC
-0.334
Sell
Bull/Bear Power(13)
-0.2180
Sell
Buy: 0
Sell: 8
Neutral: 0


Summary:Strong Sell","Jun 17, 2021 08:17PM GMT"
aud_usd,0.7548 -0.0062    -0.81%,16:17:41,2021-06-17 20:18:10.791678,"Prev. Close: 0.7610
Bid/Ask: 0.7547 / 0.7549
Day's Range: 0.7540 - 0.7646",Strong Sell,"Summary:Strong Sell
Moving Averages:Strong SellBuy (0)Sell (12)
Technical Indicators:Strong SellBuy (1)Sell (8)","Name
S3
S2
S1
Pivot Points
R1
R2
R3
Classic
0.7533
0.7539
0.7543
0.7549
0.7553
0.7559
0.7562
Fibonacci
0.7539
0.7543
0.7545
0.7549
0.7553
0.7555
0.7559
Camarilla
0.7545
0.7546
0.7547
0.7549
0.7548
0.7549
0.7550
Woodie's
0.7533
0.7539
0.7543
0.7549
0.7553
0.7559
0.7562
DeMark's
-
-
0.7541
0.7548
0.7551
-
-","Technical IndicatorsJun 17, 2021 08:17PM GMT
Name
Value
Action
RSI(14)
26.611
Sell
STOCH(9,6)
17.208
Oversold
STOCHRSI(14)
69.666
Buy
MACD(12,26)
-0.003
Sell
ADX(14)
54.197
Sell
Williams %R
-89.944
Oversold
CCI(14)
-95.9622
Sell
ATR(14)
0.0018
Less Volatility
Highs/Lows(14)
-0.0015
Sell
Ultimate Oscillator
34.379
Sell
ROC
-0.951
Sell
Bull/Bear Power(13)
-0.0044
Sell
Buy: 1
Sell: 8
Neutral: 0


Summary:Strong Sell","Jun 17, 2021 08:17PM GMT"
eur_gbp,0.8550 -0.0024    -0.27%,16:17:41,2021-06-17 20:18:10.794482,"Prev. Close: 0.8573
Bid/Ask: 0.8549 / 0.8550
Day's Range: 0.8542 - 0.8580",Strong Sell,"Summary:Strong Sell
Moving Averages:Strong SellBuy (0)Sell (12)
Technical Indicators:Strong SellBuy (2)Sell (8)","Name
S3
S2
S1
Pivot Points
R1
R2
R3
Classic
0.8538
0.8543
0.8547
0.8551
0.8555
0.8559
0.8563
Fibonacci
0.8543
0.8546
0.8548
0.8551
0.8554
0.8556
0.8559
Camarilla
0.8548
0.8549
0.8550
0.8551
0.8551
0.8552
0.8553
Woodie's
0.8538
0.8543
0.8547
0.8551
0.8555
0.8559
0.8563
DeMark's
-
-
0.8545
0.8550
0.8553
-
-","Technical IndicatorsJun 17, 2021 08:17PM GMT
Name
Value
Action
RSI(14)
34.454
Sell
STOCH(9,6)
41.297
Sell
STOCHRSI(14)
56.372
Buy
MACD(12,26)
-0.001
Sell
ADX(14)
43.306
Sell
Williams %R
-71.666
Sell
CCI(14)
-132.9967
Sell
ATR(14)
0.0011
High Volatility
Highs/Lows(14)
0.0000
Neutral
Ultimate Oscillator
55.831
Buy
ROC
-0.181
Sell
Bull/Bear Power(13)
-0.0022
Sell
Buy: 2
Sell: 8
Neutral: 1


Summary:Strong Sell","Jun 17, 2021 08:17PM GMT"
usd_cad,1.2359 +0.0083    +0.67%,16:17:36,2021-06-17 20:18:10.797261,"Prev. Close: 1.2276
Bid/Ask: 1.2358 / 1.2359
Day's Range: 1.2261 - 1.2378",Strong Buy,"Summary:Strong Buy
Moving Averages:BuyBuy (12)Sell (0)
Technical Indicators:Strong BuyBuy (9)Sell (1)","Name
S3
S2
S1
Pivot Points
R1
R2
R3
Classic
1.2333
1.2339
1.2349
1.2356
1.2366
1.2373
1.2383
Fibonacci
1.2339
1.2346
1.2350
1.2356
1.2362
1.2366
1.2373
Camarilla
1.2354
1.2356
1.2357
1.2356
1.2361
1.2362
1.2364
Woodie's
1.2335
1.2340
1.2351
1.2357
1.2368
1.2374
1.2385
DeMark's
-
-
1.2352
1.2357
1.2369
-
-","Technical IndicatorsJun 17, 2021 08:15PM GMT
Name
Value
Action
RSI(14)
71.317
Buy
STOCH(9,6)
74.538
Buy
STOCHRSI(14)
39.478
Sell
MACD(12,26)
0.003
Buy
ADX(14)
43.639
Buy
Williams %R
-18.722
Overbought
CCI(14)
107.4970
Buy
ATR(14)
0.0026
High Volatility
Highs/Lows(14)
0.0012
Buy
Ultimate Oscillator
69.362
Buy
ROC
0.635
Buy
Bull/Bear Power(13)
0.0032
Buy
Buy: 9
Sell: 1
Neutral: 0


Summary:Strong Buy","Jun 17, 2021 08:15PM GMT"
usd_chf,0.9180 +0.0095    +1.04%,16:17:37,2021-06-17 20:18:10.800053,"Prev. Close: 0.9085
Bid/Ask: 0.9179 / 0.9180
Day's Range: 0.9076 - 0.9188",Strong Buy,"Summary:Strong Buy
Moving Averages:BuyBuy (12)Sell (0)
Technical Indicators:Strong BuyBuy (7)Sell (0)","Name
S3
S2
S1
Pivot Points
R1
R2
R3
Classic
0.9165
0.9168
0.9174
0.9177
0.9182
0.9186
0.9191
Fibonacci
0.9168
0.9171
0.9174
0.9177
0.9180
0.9183
0.9186
Camarilla
0.9176
0.9177
0.9178
0.9177
0.9179
0.9180
0.9181
Woodie's
0.9165
0.9168
0.9174
0.9177
0.9182
0.9186
0.9191
DeMark's
-
-
0.9175
0.9178
0.9184
-
-","Technical IndicatorsJun 17, 2021 08:17PM GMT
Name
Value
Action
RSI(14)
76.720
Overbought
STOCH(9,6)
82.077
Overbought
STOCHRSI(14)
9.331
Oversold
MACD(12,26)
0.004
Buy
ADX(14)
43.654
Buy
Williams %R
-11.494
Overbought
CCI(14)
116.2537
Buy
ATR(14)
0.0017
High Volatility
Highs/Lows(14)
0.0013
Buy
Ultimate Oscillator
64.872
Buy
ROC
0.835
Buy
Bull/Bear Power(13)
0.0037
Buy
Buy: 7
Sell: 0
Neutral: 0


Summary:Strong Buy","Jun 17, 2021 08:17PM GMT"
nzd_chf,0.6427 +0.0023    +0.36%,16:17:41,2021-06-17 20:18:10.802844,"Prev. Close: 0.6404
Bid/Ask: 0.6425 / 0.6429
Day's Range: 0.6406 - 0.6453",Buy,"Summary:Buy
Moving Averages:BuyBuy (9)Sell (3)
Technical Indicators:BUYBuy (3)Sell (2)","Name
S3
S2
S1
Pivot Points
R1
R2
R3
Classic
0.6412
0.6417
0.6421
0.6426
0.6430
0.6435
0.6439
Fibonacci
0.6417
0.6420
0.6423
0.6426
0.6429
0.6432
0.6435
Camarilla
0.6422
0.6422
0.6423
0.6426
0.6425
0.6426
0.6426
Woodie's
0.6410
0.6416
0.6419
0.6425
0.6428
0.6434
0.6437
DeMark's
-
-
0.6418
0.6425
0.6428
-
-","Technical IndicatorsJun 17, 2021 08:17PM GMT
Name
Value
Action
RSI(14)
51.251
Neutral
STOCH(9,6)
57.297
Buy
STOCHRSI(14)
46.248
Neutral
MACD(12,26)
0.000
Buy
ADX(14)
26.540
Buy
Williams %R
-54.839
Neutral
CCI(14)
-21.3878
Neutral
ATR(14)
0.0012
Less Volatility
Highs/Lows(14)
0.0000
Neutral
Ultimate Oscillator
49.397
Neutral
ROC
-0.155
Sell
Bull/Bear Power(13)
-0.0009
Sell
Buy: 3
Sell: 2
Neutral: 6


Summary:BUY","Jun 17, 2021 08:17PM GMT"
usd_cny,6.4484 +0.0515    +0.80%,11:27:22,2021-06-17 20:18:10.805612,"Prev. Close: 6.3969
Bid/Ask: 6.4477 / 6.4490
Day's Range: 6.3972 - 6.4494",Strong Buy,"Summary:Strong Buy
Moving Averages:BuyBuy (12)Sell (0)
Technical Indicators:Strong BuyBuy (7)Sell (0)","Name
S3
S2
S1
Pivot Points
R1
R2
R3
Classic
6.4380
6.4399
6.4436
6.4455
6.4492
6.4511
6.4548
Fibonacci
6.4399
6.4420
6.4434
6.4455
6.4476
6.4490
6.4511
Camarilla
6.4458
6.4463
6.4468
6.4455
6.4479
6.4484
6.4489
Woodie's
6.4390
6.4404
6.4446
6.4460
6.4502
6.4516
6.4558
DeMark's
-
-
6.4446
6.4460
6.4502
-
-","Technical IndicatorsJun 17, 2021 03:34PM GMT
Name
Value
Action
RSI(14)
85.433
Overbought
STOCH(9,6)
77.649
Buy
STOCHRSI(14)
100.000
Overbought
MACD(12,26)
0.011
Buy
ADX(14)
61.337
Buy
Williams %R
-3.426
Overbought
CCI(14)
151.8010
Buy
ATR(14)
0.0041
Less Volatility
Highs/Lows(14)
0.0141
Buy
Ultimate Oscillator
82.973
Overbought
ROC
0.391
Buy
Bull/Bear Power(13)
0.0286
Buy
Buy: 7
Sell: 0
Neutral: 0


Summary:Strong Buy","Jun 17, 2021 03:34PM GMT"
usd_hkd,7.7642 +0.0011    +0.01%,16:17:36,2021-06-17 20:18:10.808403,"Prev. Close: 7.7630
Bid/Ask: 7.7640 / 7.7643
Day's Range: 7.7625 - 7.7656",Neutral,"Summary:Neutral
Moving Averages:NeutralBuy (6)Sell (6)
Technical Indicators:SellBuy (2)Sell (3)","Name
S3
S2
S1
Pivot Points
R1
R2
R3
Classic
7.7647
7.7647
7.7649
7.7649
7.7650
7.7651
7.7652
Fibonacci
7.7647
7.7648
7.7648
7.7649
7.7650
7.7650
7.7651
Camarilla
7.7649
7.7649
7.7649
7.7649
7.7650
7.7650
7.7650
Woodie's
7.7647
7.7647
7.7649
7.7649
7.7650
7.7651
7.7652
DeMark's
-
-
7.7649
7.7649
7.7650
-
-","Technical IndicatorsJun 17, 2021 08:17PM GMT
Name
Value
Action
RSI(14)
51.135
Neutral
STOCH(9,6)
46.930
Neutral
STOCHRSI(14)
6.095
Oversold
MACD(12,26)
0.000
Buy
ADX(14)
40.015
Neutral
Williams %R
-73.676
Sell
CCI(14)
-46.9949
Neutral
ATR(14)
0.0009
Less Volatility
Highs/Lows(14)
0.0000
Neutral
Ultimate Oscillator
47.172
Sell
ROC
-0.014
Sell
Bull/Bear Power(13)
0.0010
Buy
Buy: 2
Sell: 3
Neutral: 5


Summary:Sell","Jun 17, 2021 08:17PM GMT"
eur_usd,1.1903 -0.0092    -0.76%,16:18:52,2021-06-17 20:19:10.649237,"Prev. Close: 1.1994
Bid/Ask: 1.1902 / 1.1903
Day's Range: 1.1892 - 1.2007",Strong Sell,"Summary:Strong Sell
Moving Averages:Strong SellBuy (0)Sell (12)
Technical Indicators:Strong SellBuy (0)Sell (9)","Name
S3
S2
S1
Pivot Points
R1
R2
R3
Classic
1.1884
1.1892
1.1898
1.1906
1.1911
1.1920
1.1925
Fibonacci
1.1892
1.1898
1.1901
1.1906
1.1911
1.1914
1.1920
Camarilla
1.1898
1.1900
1.1901
1.1906
1.1903
1.1904
1.1906
Woodie's
1.1882
1.1891
1.1896
1.1905
1.1909
1.1919
1.1923
DeMark's
-
-
1.1895
1.1905
1.1908
-
-","Technical IndicatorsJun 17, 2021 08:17PM GMT
Name
Value
Action
RSI(14)
25.734
Sell
STOCH(9,6)
21.444
Sell
STOCHRSI(14)
83.728
Overbought
MACD(12,26)
-0.004
Sell
ADX(14)
43.896
Sell
Williams %R
-88.719
Oversold
CCI(14)
-135.6972
Sell
ATR(14)
0.0021
Less Volatility
Highs/Lows(14)
-0.0016
Sell
Ultimate Oscillator
36.814
Sell
ROC
-0.701
Sell
Bull/Bear Power(13)
-0.0055
Sell
Buy: 0
Sell: 9
Neutral: 0


Summary:Strong Sell","Jun 17, 2021 08:17PM GMT"
gbp_usd,1.3923 -0.0064    -0.46%,16:18:42,2021-06-17 20:19:10.652938,"Prev. Close: 1.3987
Bid/Ask: 1.3922 / 1.3924
Day's Range: 1.3896 - 1.4010",Strong Sell,"Summary:Strong Sell
Moving Averages:SellBuy (1)Sell (11)
Technical Indicators:Strong SellBuy (0)Sell (10)","Name
S3
S2
S1
Pivot Points
R1
R2
R3
Classic
1.3904
1.3911
1.3916
1.3923
1.3929
1.3935
1.3941
Fibonacci
1.3911
1.3916
1.3918
1.3923
1.3928
1.3930
1.3935
Camarilla
1.3917
1.3918
1.3919
1.3923
1.3922
1.3923
1.3924
Woodie's
1.3902
1.3910
1.3914
1.3922
1.3927
1.3934
1.3939
DeMark's
-
-
1.3913
1.3921
1.3925
-
-","Technical IndicatorsJun 17, 2021 08:17PM GMT
Name
Value
Action
RSI(14)
34.483
Sell
STOCH(9,6)
26.501
Sell
STOCHRSI(14)
92.987
Overbought
MACD(12,26)
-0.003
Sell
ADX(14)
42.842
Sell
Williams %R
-76.555
Sell
CCI(14)
-83.1430
Sell
ATR(14)
0.0026
High Volatility
Highs/Lows(14)
-0.0010
Sell
Ultimate Oscillator
33.243
Sell
ROC
-0.525
Sell
Bull/Bear Power(13)
-0.0037
Sell
Buy: 0
Sell: 10
Neutral: 0


Summary:Strong Sell","Jun 17, 2021 08:17PM GMT"
usd_jpy,110.29 -0.41    -0.37%,16:18:37,2021-06-17 20:19:10.655938,"Prev. Close: 110.69
Bid/Ask: 110.28 / 110.29
Day's Range: 110.17 - 110.83",Sell,"Summary:Sell
Moving Averages:NeutralBuy (6)Sell (6)
Technical Indicators:Strong SellBuy (0)Sell (8)","Name
S3
S2
S1
Pivot Points
R1
R2
R3
Classic
110.18
110.22
110.24
110.28
110.31
110.34
110.37
Fibonacci
110.22
110.24
110.26
110.28
110.30
110.32
110.34
Camarilla
110.25
110.26
110.26
110.28
110.28
110.28
110.29
Woodie's
110.18
110.22
110.24
110.28
110.31
110.34
110.37
DeMark's
-
-
110.26
110.29
110.32
-
-","Technical IndicatorsJun 17, 2021 08:17PM GMT
Name
Value
Action
RSI(14)
43.213
Sell
STOCH(9,6)
17.150
Oversold
STOCHRSI(14)
18.030
Oversold
MACD(12,26)
-0.020
Sell
ADX(14)
34.221
Sell
Williams %R
-80.671
Oversold
CCI(14)
-71.5075
Sell
ATR(14)
0.1254
Less Volatility
Highs/Lows(14)
-0.1036
Sell
Ultimate Oscillator
42.625
Sell
ROC
-0.334
Sell
Bull/Bear Power(13)
-0.2180
Sell
Buy: 0
Sell: 8
Neutral: 0


Summary:Strong Sell","Jun 17, 2021 08:17PM GMT"
aud_usd,0.7549 -0.0062    -0.81%,16:18:42,2021-06-17 20:19:10.658801,"Prev. Close: 0.7610
Bid/Ask: 0.7548 / 0.7549
Day's Range: 0.7540 - 0.7646",Strong Sell,"Summary:Strong Sell
Moving Averages:Strong SellBuy (0)Sell (12)
Technical Indicators:Strong SellBuy (1)Sell (8)","Name
S3
S2
S1
Pivot Points
R1
R2
R3
Classic
0.7533
0.7539
0.7543
0.7549
0.7553
0.7559
0.7562
Fibonacci
0.7539
0.7543
0.7545
0.7549
0.7553
0.7555
0.7559
Camarilla
0.7545
0.7546
0.7547
0.7549
0.7548
0.7549
0.7550
Woodie's
0.7533
0.7539
0.7543
0.7549
0.7553
0.7559
0.7562
DeMark's
-
-
0.7541
0.7548
0.7551
-
-","Technical IndicatorsJun 17, 2021 08:17PM GMT
Name
Value
Action
RSI(14)
26.611
Sell
STOCH(9,6)
17.208
Oversold
STOCHRSI(14)
69.666
Buy
MACD(12,26)
-0.003
Sell
ADX(14)
54.197
Sell
Williams %R
-89.944
Oversold
CCI(14)
-95.9622
Sell
ATR(14)
0.0018
Less Volatility
Highs/Lows(14)
-0.0015
Sell
Ultimate Oscillator
34.379
Sell
ROC
-0.951
Sell
Bull/Bear Power(13)
-0.0044
Sell
Buy: 1
Sell: 8
Neutral: 0


Summary:Strong Sell","Jun 17, 2021 08:17PM GMT"
eur_gbp,0.8549 -0.0024    -0.28%,16:18:50,2021-06-17 20:19:10.661591,"Prev. Close: 0.8573
Bid/Ask: 0.8548 / 0.8550
Day's Range: 0.8542 - 0.8580",Strong Sell,"Summary:Strong Sell
Moving Averages:Strong SellBuy (0)Sell (12)
Technical Indicators:Strong SellBuy (2)Sell (8)","Name
S3
S2
S1
Pivot Points
R1
R2
R3
Classic
0.8538
0.8543
0.8547
0.8551
0.8555
0.8559
0.8563
Fibonacci
0.8543
0.8546
0.8548
0.8551
0.8554
0.8556
0.8559
Camarilla
0.8548
0.8549
0.8550
0.8551
0.8551
0.8552
0.8553
Woodie's
0.8538
0.8543
0.8547
0.8551
0.8555
0.8559
0.8563
DeMark's
-
-
0.8545
0.8550
0.8553
-
-","Technical IndicatorsJun 17, 2021 08:17PM GMT
Name
Value
Action
RSI(14)
34.454
Sell
STOCH(9,6)
41.297
Sell
STOCHRSI(14)
56.372
Buy
MACD(12,26)
-0.001
Sell
ADX(14)
43.306
Sell
Williams %R
-71.666
Sell
CCI(14)
-132.9967
Sell
ATR(14)
0.0011
High Volatility
Highs/Lows(14)
0.0000
Neutral
Ultimate Oscillator
55.831
Buy
ROC
-0.181
Sell
Bull/Bear Power(13)
-0.0022
Sell
Buy: 2
Sell: 8
Neutral: 1


Summary:Strong Sell","Jun 17, 2021 08:17PM GMT"
usd_cad,1.2355 +0.0079    +0.64%,16:18:46,2021-06-17 20:19:10.664413,"Prev. Close: 1.2276
Bid/Ask: 1.2353 / 1.2357
Day's Range: 1.2261 - 1.2378",Strong Buy,"Summary:Strong Buy
Moving Averages:Strong BuyBuy (11)Sell (1)
Technical Indicators:Strong BuyBuy (10)Sell (1)","Name
S3
S2
S1
Pivot Points
R1
R2
R3
Classic
1.2333
1.2339
1.2349
1.2356
1.2366
1.2373
1.2383
Fibonacci
1.2339
1.2346
1.2350
1.2356
1.2362
1.2366
1.2373
Camarilla
1.2354
1.2356
1.2357
1.2356
1.2361
1.2362
1.2364
Woodie's
1.2335
1.2340
1.2351
1.2357
1.2368
1.2374
1.2385
DeMark's
-
-
1.2352
1.2357
1.2369
-
-","Technical IndicatorsJun 17, 2021 08:17PM GMT
Name
Value
Action
RSI(14)
70.253
Buy
STOCH(9,6)
74.134
Buy
STOCHRSI(14)
31.453
Sell
MACD(12,26)
0.003
Buy
ADX(14)
43.639
Buy
Williams %R
-20.548
Buy
CCI(14)
105.2411
Buy
ATR(14)
0.0026
High Volatility
Highs/Lows(14)
0.0010
Buy
Ultimate Oscillator
68.443
Buy
ROC
0.619
Buy
Bull/Bear Power(13)
0.0032
Buy
Buy: 10
Sell: 1
Neutral: 0


Summary:Strong Buy","Jun 17, 2021 08:17PM GMT"
usd_chf,0.9179 +0.0094    +1.03%,16:18:51,2021-06-17 20:19:10.667217,"Prev. Close: 0.9085
Bid/Ask: 0.9178 / 0.9180
Day's Range: 0.9076 - 0.9188",Strong Buy,"Summary:Strong Buy
Moving Averages:BuyBuy (12)Sell (0)
Technical Indicators:Strong BuyBuy (7)Sell (0)","Name
S3
S2
S1
Pivot Points
R1
R2
R3
Classic
0.9165
0.9168
0.9174
0.9177
0.9182
0.9186
0.9191
Fibonacci
0.9168
0.9171
0.9174
0.9177
0.9180
0.9183
0.9186
Camarilla
0.9176
0.9177
0.9178
0.9177
0.9179
0.9180
0.9181
Woodie's
0.9165
0.9168
0.9174
0.9177
0.9182
0.9186
0.9191
DeMark's
-
-
0.9175
0.9178
0.9184
-
-","Technical IndicatorsJun 17, 2021 08:19PM GMT
Name
Value
Action
RSI(14)
76.720
Overbought
STOCH(9,6)
82.077
Overbought
STOCHRSI(14)
9.331
Oversold
MACD(12,26)
0.004
Buy
ADX(14)
43.654
Buy
Williams %R
-11.494
Overbought
CCI(14)
116.2537
Buy
ATR(14)
0.0017
High Volatility
Highs/Lows(14)
0.0013
Buy
Ultimate Oscillator
64.872
Buy
ROC
0.835
Buy
Bull/Bear Power(13)
0.0037
Buy
Buy: 7
Sell: 0
Neutral: 0


Summary:Strong Buy","Jun 17, 2021 08:19PM GMT"
nzd_chf,0.6427 +0.0023    +0.36%,16:18:51,2021-06-17 20:19:10.669999,"Prev. Close: 0.6404
Bid/Ask: 0.6426 / 0.6428
Day's Range: 0.6406 - 0.6453",Buy,"Summary:Buy
Moving Averages:BuyBuy (9)Sell (3)
Technical Indicators:BUYBuy (3)Sell (2)","Name
S3
S2
S1
Pivot Points
R1
R2
R3
Classic
0.6412
0.6417
0.6421
0.6426
0.6430
0.6435
0.6439
Fibonacci
0.6417
0.6420
0.6423
0.6426
0.6429
0.6432
0.6435
Camarilla
0.6422
0.6422
0.6423
0.6426
0.6425
0.6426
0.6426
Woodie's
0.6410
0.6416
0.6419
0.6425
0.6428
0.6434
0.6437
DeMark's
-
-
0.6418
0.6425
0.6428
-
-","Technical IndicatorsJun 17, 2021 08:17PM GMT
Name
Value
Action
RSI(14)
51.251
Neutral
STOCH(9,6)
57.297
Buy
STOCHRSI(14)
46.248
Neutral
MACD(12,26)
0.000
Buy
ADX(14)
26.540
Buy
Williams %R
-54.839
Neutral
CCI(14)
-21.3878
Neutral
ATR(14)
0.0012
Less Volatility
Highs/Lows(14)
0.0000
Neutral
Ultimate Oscillator
49.397
Neutral
ROC
-0.155
Sell
Bull/Bear Power(13)
-0.0009
Sell
Buy: 3
Sell: 2
Neutral: 6


Summary:BUY","Jun 17, 2021 08:17PM GMT"
usd_cny,6.4484 +0.0515    +0.80%,11:27:22,2021-06-17 20:19:10.672804,"Prev. Close: 6.3969
Bid/Ask: 6.4477 / 6.4490
Day's Range: 6.3972 - 6.4494",Strong Buy,"Summary:Strong Buy
Moving Averages:BuyBuy (12)Sell (0)
Technical Indicators:Strong BuyBuy (7)Sell (0)","Name
S3
S2
S1
Pivot Points
R1
R2
R3
Classic
6.4380
6.4399
6.4436
6.4455
6.4492
6.4511
6.4548
Fibonacci
6.4399
6.4420
6.4434
6.4455
6.4476
6.4490
6.4511
Camarilla
6.4458
6.4463
6.4468
6.4455
6.4479
6.4484
6.4489
Woodie's
6.4390
6.4404
6.4446
6.4460
6.4502
6.4516
6.4558
DeMark's
-
-
6.4446
6.4460
6.4502
-
-","Technical IndicatorsJun 17, 2021 03:34PM GMT
Name
Value
Action
RSI(14)
85.433
Overbought
STOCH(9,6)
77.649
Buy
STOCHRSI(14)
100.000
Overbought
MACD(12,26)
0.011
Buy
ADX(14)
61.337
Buy
Williams %R
-3.426
Overbought
CCI(14)
151.8010
Buy
ATR(14)
0.0041
Less Volatility
Highs/Lows(14)
0.0141
Buy
Ultimate Oscillator
82.973
Overbought
ROC
0.391
Buy
Bull/Bear Power(13)
0.0286
Buy
Buy: 7
Sell: 0
Neutral: 0


Summary:Strong Buy","Jun 17, 2021 03:34PM GMT"
usd_hkd,7.7642 +0.0011    +0.01%,16:18:37,2021-06-17 20:19:10.675606,"Prev. Close: 7.7630
Bid/Ask: 7.7640 / 7.7643
Day's Range: 7.7625 - 7.7656",Neutral,"Summary:Neutral
Moving Averages:NeutralBuy (6)Sell (6)
Technical Indicators:SellBuy (2)Sell (3)","Name
S3
S2
S1
Pivot Points
R1
R2
R3
Classic
7.7647
7.7647
7.7649
7.7649
7.7650
7.7651
7.7652
Fibonacci
7.7647
7.7648
7.7648
7.7649
7.7650
7.7650
7.7651
Camarilla
7.7649
7.7649
7.7649
7.7649
7.7650
7.7650
7.7650
Woodie's
7.7647
7.7647
7.7649
7.7649
7.7650
7.7651
7.7652
DeMark's
-
-
7.7649
7.7649
7.7650
-
-","Technical IndicatorsJun 17, 2021 08:17PM GMT
Name
Value
Action
RSI(14)
51.135
Neutral
STOCH(9,6)
46.930
Neutral
STOCHRSI(14)
6.095
Oversold
MACD(12,26)
0.000
Buy
ADX(14)
40.015
Neutral
Williams %R
-73.676
Sell
CCI(14)
-46.9949
Neutral
ATR(14)
0.0009
Less Volatility
Highs/Lows(14)
0.0000
Neutral
Ultimate Oscillator
47.172
Sell
ROC
-0.014
Sell
Bull/Bear Power(13)
0.0010
Buy
Buy: 2
Sell: 3
Neutral: 5


Summary:Sell","Jun 17, 2021 08:17PM GMT"
eur_usd,1.1904 -0.0091    -0.75%,16:19:39,2021-06-17 20:20:10.778562,"Prev. Close: 1.1994
Bid/Ask: 1.1903 / 1.1904
Day's Range: 1.1892 - 1.2007",Strong Sell,"Summary:Strong Sell
Moving Averages:Strong SellBuy (0)Sell (12)
Technical Indicators:Strong SellBuy (0)Sell (9)","Name
S3
S2
S1
Pivot Points
R1
R2
R3
Classic
1.1884
1.1892
1.1898
1.1906
1.1911
1.1920
1.1925
Fibonacci
1.1892
1.1898
1.1901
1.1906
1.1911
1.1914
1.1920
Camarilla
1.1898
1.1900
1.1901
1.1906
1.1903
1.1904
1.1906
Woodie's
1.1882
1.1891
1.1896
1.1905
1.1909
1.1919
1.1923
DeMark's
-
-
1.1895
1.1905
1.1908
-
-","Technical IndicatorsJun 17, 2021 08:19PM GMT
Name
Value
Action
RSI(14)
26.004
Sell
STOCH(9,6)
21.585
Sell
STOCHRSI(14)
85.887
Overbought
MACD(12,26)
-0.004
Sell
ADX(14)
43.896
Sell
Williams %R
-88.205
Oversold
CCI(14)
-135.0866
Sell
ATR(14)
0.0021
Less Volatility
Highs/Lows(14)
-0.0015
Sell
Ultimate Oscillator
37.097
Sell
ROC
-0.697
Sell
Bull/Bear Power(13)
-0.0055
Sell
Buy: 0
Sell: 9
Neutral: 0


Summary:Strong Sell","Jun 17, 2021 08:19PM GMT"
gbp_usd,1.3923 -0.0064    -0.46%,16:19:28,2021-06-17 20:20:10.782194,"Prev. Close: 1.3987
Bid/Ask: 1.3922 / 1.3924
Day's Range: 1.3896 - 1.4010",Strong Sell,"Summary:Strong Sell
Moving Averages:SellBuy (1)Sell (11)
Technical Indicators:Strong SellBuy (0)Sell (10)","Name
S3
S2
S1
Pivot Points
R1
R2
R3
Classic
1.3904
1.3911
1.3916
1.3923
1.3929
1.3935
1.3941
Fibonacci
1.3911
1.3916
1.3918
1.3923
1.3928
1.3930
1.3935
Camarilla
1.3917
1.3918
1.3919
1.3923
1.3922
1.3923
1.3924
Woodie's
1.3902
1.3910
1.3914
1.3922
1.3927
1.3934
1.3939
DeMark's
-
-
1.3913
1.3921
1.3925
-
-","Technical IndicatorsJun 17, 2021 08:19PM GMT
Name
Value
Action
RSI(14)
35.250
Sell
STOCH(9,6)
27.002
Sell
STOCHRSI(14)
99.286
Overbought
MACD(12,26)
-0.003
Sell
ADX(14)
42.842
Sell
Williams %R
-74.642
Sell
CCI(14)
-81.1822
Sell
ATR(14)
0.0026
High Volatility
Highs/Lows(14)
-0.0008
Sell
Ultimate Oscillator
34.209
Sell
ROC
-0.511
Sell
Bull/Bear Power(13)
-0.0037
Sell
Buy: 0
Sell: 10
Neutral: 0


Summary:Strong Sell","Jun 17, 2021 08:19PM GMT"
usd_jpy,110.29 -0.41    -0.37%,16:19:43,2021-06-17 20:20:10.785162,"Prev. Close: 110.69
Bid/Ask: 110.28 / 110.29
Day's Range: 110.17 - 110.83",Strong Sell,"Summary:Strong Sell
Moving Averages:SellBuy (5)Sell (7)
Technical Indicators:Strong SellBuy (0)Sell (8)","Name
S3
S2
S1
Pivot Points
R1
R2
R3
Classic
110.18
110.22
110.24
110.28
110.31
110.34
110.37
Fibonacci
110.22
110.24
110.26
110.28
110.30
110.32
110.34
Camarilla
110.25
110.26
110.26
110.28
110.28
110.28
110.29
Woodie's
110.18
110.22
110.24
110.28
110.31
110.34
110.37
DeMark's
-
-
110.26
110.29
110.32
-
-","Technical IndicatorsJun 17, 2021 08:19PM GMT
Name
Value
Action
RSI(14)
42.564
Sell
STOCH(9,6)
16.844
Oversold
STOCHRSI(14)
15.666
Oversold
MACD(12,26)
-0.020
Sell
ADX(14)
34.221
Sell
Williams %R
-82.352
Oversold
CCI(14)
-72.6412
Sell
ATR(14)
0.1254
Less Volatility
Highs/Lows(14)
-0.1136
Sell
Ultimate Oscillator
41.747
Sell
ROC
-0.343
Sell
Bull/Bear Power(13)
-0.2160
Sell
Buy: 0
Sell: 8
Neutral: 0


Summary:Strong Sell","Jun 17, 2021 08:19PM GMT"
aud_usd,0.7550 -0.0060    -0.80%,16:19:39,2021-06-17 20:20:10.788008,"Prev. Close: 0.7610
Bid/Ask: 0.7547 / 0.7552
Day's Range: 0.7540 - 0.7646",Strong Sell,"Summary:Strong Sell
Moving Averages:Strong SellBuy (0)Sell (12)
Technical Indicators:Strong SellBuy (1)Sell (8)","Name
S3
S2
S1
Pivot Points
R1
R2
R3
Classic
0.7533
0.7539
0.7543
0.7549
0.7553
0.7559
0.7562
Fibonacci
0.7539
0.7543
0.7545
0.7549
0.7553
0.7555
0.7559
Camarilla
0.7545
0.7546
0.7547
0.7549
0.7548
0.7549
0.7550
Woodie's
0.7533
0.7539
0.7543
0.7549
0.7553
0.7559
0.7562
DeMark's
-
-
0.7541
0.7548
0.7551
-
-","Technical IndicatorsJun 17, 2021 08:19PM GMT
Name
Value
Action
RSI(14)
26.611
Sell
STOCH(9,6)
17.208
Oversold
STOCHRSI(14)
69.666
Buy
MACD(12,26)
-0.003
Sell
ADX(14)
54.197
Sell
Williams %R
-89.944
Oversold
CCI(14)
-95.9622
Sell
ATR(14)
0.0018
Less Volatility
Highs/Lows(14)
-0.0015
Sell
Ultimate Oscillator
34.379
Sell
ROC
-0.951
Sell
Bull/Bear Power(13)
-0.0044
Sell
Buy: 1
Sell: 8
Neutral: 0


Summary:Strong Sell","Jun 17, 2021 08:19PM GMT"
eur_gbp,0.8550 -0.0024    -0.27%,16:19:36,2021-06-17 20:20:10.790821,"Prev. Close: 0.8573
Bid/Ask: 0.8548 / 0.8551
Day's Range: 0.8542 - 0.8580",Strong Sell,"Summary:Strong Sell
Moving Averages:Strong SellBuy (0)Sell (12)
Technical Indicators:Strong SellBuy (1)Sell (9)","Name
S3
S2
S1
Pivot Points
R1
R2
R3
Classic
0.8538
0.8543
0.8547
0.8551
0.8555
0.8559
0.8563
Fibonacci
0.8543
0.8546
0.8548
0.8551
0.8554
0.8556
0.8559
Camarilla
0.8548
0.8549
0.8550
0.8551
0.8551
0.8552
0.8553
Woodie's
0.8538
0.8543
0.8547
0.8551
0.8555
0.8559
0.8563
DeMark's
-
-
0.8545
0.8550
0.8553
-
-","Technical IndicatorsJun 17, 2021 08:19PM GMT
Name
Value
Action
RSI(14)
34.128
Sell
STOCH(9,6)
40.988
Sell
STOCHRSI(14)
54.958
Neutral
MACD(12,26)
-0.001
Sell
ADX(14)
43.306
Sell
Williams %R
-73.333
Sell
CCI(14)
-135.5437
Sell
ATR(14)
0.0011
High Volatility
Highs/Lows(14)
-0.0000
Sell
Ultimate Oscillator
55.220
Buy
ROC
-0.187
Sell
Bull/Bear Power(13)
-0.0022
Sell
Buy: 1
Sell: 9
Neutral: 1


Summary:Strong Sell","Jun 17, 2021 08:19PM GMT"
usd_cad,1.2357 +0.0081    +0.66%,16:19:38,2021-06-17 20:20:10.793597,"Prev. Close: 1.2276
Bid/Ask: 1.2356 / 1.2358
Day's Range: 1.2261 - 1.2378",Strong Buy,"Summary:Strong Buy
Moving Averages:BuyBuy (12)Sell (0)
Technical Indicators:Strong BuyBuy (10)Sell (1)","Name
S3
S2
S1
Pivot Points
R1
R2
R3
Classic
1.2333
1.2339
1.2349
1.2356
1.2366
1.2373
1.2383
Fibonacci
1.2339
1.2346
1.2350
1.2356
1.2362
1.2366
1.2373
Camarilla
1.2354
1.2356
1.2357
1.2356
1.2361
1.2362
1.2364
Woodie's
1.2335
1.2340
1.2351
1.2357
1.2368
1.2374
1.2385
DeMark's
-
-
1.2352
1.2357
1.2369
-
-","Technical IndicatorsJun 17, 2021 08:19PM GMT
Name
Value
Action
RSI(14)
70.516
Buy
STOCH(9,6)
74.235
Buy
STOCHRSI(14)
33.436
Sell
MACD(12,26)
0.003
Buy
ADX(14)
43.639
Buy
Williams %R
-20.091
Buy
CCI(14)
105.8069
Buy
ATR(14)
0.0026
High Volatility
Highs/Lows(14)
0.0011
Buy
Ultimate Oscillator
68.673
Buy
ROC
0.623
Buy
Bull/Bear Power(13)
0.0032
Buy
Buy: 10
Sell: 1
Neutral: 0


Summary:Strong Buy","Jun 17, 2021 08:19PM GMT"
usd_chf,0.9179 +0.0094    +1.03%,16:19:42,2021-06-17 20:20:10.796386,"Prev. Close: 0.9085
Bid/Ask: 0.9178 / 0.9179
Day's Range: 0.9076 - 0.9188",Strong Buy,"Summary:Strong Buy
Moving Averages:BuyBuy (12)Sell (0)
Technical Indicators:Strong BuyBuy (7)Sell (0)","Name
S3
S2
S1
Pivot Points
R1
R2
R3
Classic
0.9165
0.9168
0.9174
0.9177
0.9182
0.9186
0.9191
Fibonacci
0.9168
0.9171
0.9174
0.9177
0.9180
0.9183
0.9186
Camarilla
0.9176
0.9177
0.9178
0.9177
0.9179
0.9180
0.9181
Woodie's
0.9165
0.9168
0.9174
0.9177
0.9182
0.9186
0.9191
DeMark's
-
-
0.9175
0.9178
0.9184
-
-","Technical IndicatorsJun 17, 2021 08:19PM GMT
Name
Value
Action
RSI(14)
76.720
Overbought
STOCH(9,6)
82.077
Overbought
STOCHRSI(14)
9.331
Oversold
MACD(12,26)
0.004
Buy
ADX(14)
43.654
Buy
Williams %R
-11.494
Overbought
CCI(14)
116.2537
Buy
ATR(14)
0.0017
High Volatility
Highs/Lows(14)
0.0013
Buy
Ultimate Oscillator
64.872
Buy
ROC
0.835
Buy
Bull/Bear Power(13)
0.0037
Buy
Buy: 7
Sell: 0
Neutral: 0


Summary:Strong Buy","Jun 17, 2021 08:19PM GMT"
nzd_chf,0.6428 +0.0024    +0.37%,16:19:42,2021-06-17 20:20:10.799175,"Prev. Close: 0.6404
Bid/Ask: 0.6427 / 0.6429
Day's Range: 0.6406 - 0.6453",Neutral,"Summary:Neutral
Moving Averages:BuyBuy (9)Sell (3)
Technical Indicators:NeutralBuy (3)Sell (3)","Name
S3
S2
S1
Pivot Points
R1
R2
R3
Classic
0.6412
0.6417
0.6421
0.6426
0.6430
0.6435
0.6439
Fibonacci
0.6417
0.6420
0.6423
0.6426
0.6429
0.6432
0.6435
Camarilla
0.6422
0.6422
0.6423
0.6426
0.6425
0.6426
0.6426
Woodie's
0.6410
0.6416
0.6419
0.6425
0.6428
0.6434
0.6437
DeMark's
-
-
0.6418
0.6425
0.6428
-
-","Technical IndicatorsJun 17, 2021 08:19PM GMT
Name
Value
Action
RSI(14)
51.251
Neutral
STOCH(9,6)
57.297
Buy
STOCHRSI(14)
46.248
Neutral
MACD(12,26)
0.000
Buy
ADX(14)
26.540
Buy
Williams %R
-54.839
Neutral
CCI(14)
-18.5806
Neutral
ATR(14)
0.0012
Less Volatility
Highs/Lows(14)
0.0000
Neutral
Ultimate Oscillator
48.787
Sell
ROC
-0.155
Sell
Bull/Bear Power(13)
-0.0009
Sell
Buy: 3
Sell: 3
Neutral: 5


Summary:Neutral","Jun 17, 2021 08:19PM GMT"
usd_cny,6.4484 +0.0515    +0.80%,11:27:22,2021-06-17 20:20:10.801947,"Prev. Close: 6.3969
Bid/Ask: 6.4477 / 6.4490
Day's Range: 6.3972 - 6.4494",Strong Buy,"Summary:Strong Buy
Moving Averages:BuyBuy (12)Sell (0)
Technical Indicators:Strong BuyBuy (7)Sell (0)","Name
S3
S2
S1
Pivot Points
R1
R2
R3
Classic
6.4380
6.4399
6.4436
6.4455
6.4492
6.4511
6.4548
Fibonacci
6.4399
6.4420
6.4434
6.4455
6.4476
6.4490
6.4511
Camarilla
6.4458
6.4463
6.4468
6.4455
6.4479
6.4484
6.4489
Woodie's
6.4390
6.4404
6.4446
6.4460
6.4502
6.4516
6.4558
DeMark's
-
-
6.4446
6.4460
6.4502
-
-","Technical IndicatorsJun 17, 2021 03:34PM GMT
Name
Value
Action
RSI(14)
85.433
Overbought
STOCH(9,6)
77.649
Buy
STOCHRSI(14)
100.000
Overbought
MACD(12,26)
0.011
Buy
ADX(14)
61.337
Buy
Williams %R
-3.426
Overbought
CCI(14)
151.8010
Buy
ATR(14)
0.0041
Less Volatility
Highs/Lows(14)
0.0141
Buy
Ultimate Oscillator
82.973
Overbought
ROC
0.391
Buy
Bull/Bear Power(13)
0.0286
Buy
Buy: 7
Sell: 0
Neutral: 0


Summary:Strong Buy","Jun 17, 2021 03:34PM GMT"
usd_hkd,7.7642 +0.0011    +0.01%,16:19:37,2021-06-17 20:20:10.804762,"Prev. Close: 7.7630
Bid/Ask: 7.7640 / 7.7643
Day's Range: 7.7625 - 7.7656",Neutral,"Summary:Neutral
Moving Averages:NeutralBuy (6)Sell (6)
Technical Indicators:SellBuy (2)Sell (3)","Name
S3
S2
S1
Pivot Points
R1
R2
R3
Classic
7.7647
7.7647
7.7649
7.7649
7.7650
7.7651
7.7652
Fibonacci
7.7647
7.7648
7.7648
7.7649
7.7650
7.7650
7.7651
Camarilla
7.7649
7.7649
7.7649
7.7649
7.7650
7.7650
7.7650
Woodie's
7.7647
7.7647
7.7649
7.7649
7.7650
7.7651
7.7652
DeMark's
-
-
7.7649
7.7649
7.7650
-
-","Technical IndicatorsJun 17, 2021 08:19PM GMT
Name
Value
Action
RSI(14)
51.135
Neutral
STOCH(9,6)
46.930
Neutral
STOCHRSI(14)
6.095
Oversold
MACD(12,26)
0.000
Buy
ADX(14)
40.015
Neutral
Williams %R
-73.676
Sell
CCI(14)
-46.9949
Neutral
ATR(14)
0.0009
Less Volatility
Highs/Lows(14)
0.0000
Neutral
Ultimate Oscillator
47.172
Sell
ROC
-0.014
Sell
Bull/Bear Power(13)
0.0010
Buy
Buy: 2
Sell: 3
Neutral: 5


Summary:Sell","Jun 17, 2021 08:19PM GMT"
eur_usd,1.1903 -0.0091    -0.76%,16:20:51,2021-06-17 20:21:10.660163,"Prev. Close: 1.1994
Bid/Ask: 1.1901 / 1.1905
Day's Range: 1.1892 - 1.2007",Strong Sell,"Summary:Strong Sell
Moving Averages:Strong SellBuy (0)Sell (12)
Technical Indicators:Strong SellBuy (0)Sell (9)","Name
S3
S2
S1
Pivot Points
R1
R2
R3
Classic
1.1884
1.1892
1.1898
1.1906
1.1911
1.1920
1.1925
Fibonacci
1.1892
1.1898
1.1901
1.1906
1.1911
1.1914
1.1920
Camarilla
1.1898
1.1900
1.1901
1.1906
1.1903
1.1904
1.1906
Woodie's
1.1882
1.1891
1.1896
1.1905
1.1909
1.1919
1.1923
DeMark's
-
-
1.1895
1.1905
1.1908
-
-","Technical IndicatorsJun 17, 2021 08:19PM GMT
Name
Value
Action
RSI(14)
26.004
Sell
STOCH(9,6)
21.585
Sell
STOCHRSI(14)
85.887
Overbought
MACD(12,26)
-0.004
Sell
ADX(14)
43.896
Sell
Williams %R
-88.205
Oversold
CCI(14)
-135.0866
Sell
ATR(14)
0.0021
Less Volatility
Highs/Lows(14)
-0.0015
Sell
Ultimate Oscillator
37.097
Sell
ROC
-0.697
Sell
Bull/Bear Power(13)
-0.0055
Sell
Buy: 0
Sell: 9
Neutral: 0


Summary:Strong Sell","Jun 17, 2021 08:19PM GMT"
gbp_usd,1.3923 -0.0064    -0.46%,16:20:43,2021-06-17 20:21:10.663841,"Prev. Close: 1.3987
Bid/Ask: 1.3922 / 1.3924
Day's Range: 1.3896 - 1.4010",Strong Sell,"Summary:Strong Sell
Moving Averages:SellBuy (1)Sell (11)
Technical Indicators:Strong SellBuy (0)Sell (10)","Name
S3
S2
S1
Pivot Points
R1
R2
R3
Classic
1.3904
1.3911
1.3916
1.3923
1.3929
1.3935
1.3941
Fibonacci
1.3911
1.3916
1.3918
1.3923
1.3928
1.3930
1.3935
Camarilla
1.3917
1.3918
1.3919
1.3923
1.3922
1.3923
1.3924
Woodie's
1.3902
1.3910
1.3914
1.3922
1.3927
1.3934
1.3939
DeMark's
-
-
1.3913
1.3921
1.3925
-
-","Technical IndicatorsJun 17, 2021 08:19PM GMT
Name
Value
Action
RSI(14)
35.250
Sell
STOCH(9,6)
27.002
Sell
STOCHRSI(14)
99.286
Overbought
MACD(12,26)
-0.003
Sell
ADX(14)
42.842
Sell
Williams %R
-74.642
Sell
CCI(14)
-81.1822
Sell
ATR(14)
0.0026
High Volatility
Highs/Lows(14)
-0.0008
Sell
Ultimate Oscillator
34.209
Sell
ROC
-0.511
Sell
Bull/Bear Power(13)
-0.0037
Sell
Buy: 0
Sell: 10
Neutral: 0


Summary:Strong Sell","Jun 17, 2021 08:19PM GMT"
usd_jpy,110.29 -0.41    -0.37%,16:20:33,2021-06-17 20:21:10.666885,"Prev. Close: 110.69
Bid/Ask: 110.28 / 110.29
Day's Range: 110.17 - 110.83",Strong Sell,"Summary:Strong Sell
Moving Averages:SellBuy (5)Sell (7)
Technical Indicators:Strong SellBuy (0)Sell (8)","Name
S3
S2
S1
Pivot Points
R1
R2
R3
Classic
110.18
110.22
110.24
110.28
110.31
110.34
110.37
Fibonacci
110.22
110.24
110.26
110.28
110.30
110.32
110.34
Camarilla
110.25
110.26
110.26
110.28
110.28
110.28
110.29
Woodie's
110.18
110.22
110.24
110.28
110.31
110.34
110.37
DeMark's
-
-
110.26
110.29
110.32
-
-","Technical IndicatorsJun 17, 2021 08:19PM GMT
Name
Value
Action
RSI(14)
42.564
Sell
STOCH(9,6)
16.844
Oversold
STOCHRSI(14)
15.666
Oversold
MACD(12,26)
-0.020
Sell
ADX(14)
34.221
Sell
Williams %R
-82.352
Oversold
CCI(14)
-72.6412
Sell
ATR(14)
0.1254
Less Volatility
Highs/Lows(14)
-0.1136
Sell
Ultimate Oscillator
41.747
Sell
ROC
-0.343
Sell
Bull/Bear Power(13)
-0.2160
Sell
Buy: 0
Sell: 8
Neutral: 0


Summary:Strong Sell","Jun 17, 2021 08:19PM GMT"
aud_usd,0.7550 -0.0060    -0.80%,16:20:47,2021-06-17 20:21:10.669943,"Prev. Close: 0.7610
Bid/Ask: 0.7549 / 0.7550
Day's Range: 0.7540 - 0.7646",Strong Sell,"Summary:Strong Sell
Moving Averages:Strong SellBuy (0)Sell (12)
Technical Indicators:Strong SellBuy (1)Sell (8)","Name
S3
S2
S1
Pivot Points
R1
R2
R3
Classic
0.7533
0.7539
0.7543
0.7549
0.7553
0.7559
0.7562
Fibonacci
0.7539
0.7543
0.7545
0.7549
0.7553
0.7555
0.7559
Camarilla
0.7545
0.7546
0.7547
0.7549
0.7548
0.7549
0.7550
Woodie's
0.7533
0.7539
0.7543
0.7549
0.7553
0.7559
0.7562
DeMark's
-
-
0.7541
0.7548
0.7551
-
-","Technical IndicatorsJun 17, 2021 08:19PM GMT
Name
Value
Action
RSI(14)
26.611
Sell
STOCH(9,6)
17.208
Oversold
STOCHRSI(14)
69.666
Buy
MACD(12,26)
-0.003
Sell
ADX(14)
54.197
Sell
Williams %R
-89.944
Oversold
CCI(14)
-95.9622
Sell
ATR(14)
0.0018
Less Volatility
Highs/Lows(14)
-0.0015
Sell
Ultimate Oscillator
34.379
Sell
ROC
-0.951
Sell
Bull/Bear Power(13)
-0.0044
Sell
Buy: 1
Sell: 8
Neutral: 0


Summary:Strong Sell","Jun 17, 2021 08:19PM GMT"
eur_gbp,0.8550 -0.0023    -0.27%,16:20:50,2021-06-17 20:21:10.672771,"Prev. Close: 0.8573
Bid/Ask: 0.8548 / 0.8552
Day's Range: 0.8542 - 0.8580",Strong Sell,"Summary:Strong Sell
Moving Averages:Strong SellBuy (0)Sell (12)
Technical Indicators:Strong SellBuy (1)Sell (9)","Name
S3
S2
S1
Pivot Points
R1
R2
R3
Classic
0.8538
0.8543
0.8547
0.8551
0.8555
0.8559
0.8563
Fibonacci
0.8543
0.8546
0.8548
0.8551
0.8554
0.8556
0.8559
Camarilla
0.8548
0.8549
0.8550
0.8551
0.8551
0.8552
0.8553
Woodie's
0.8538
0.8543
0.8547
0.8551
0.8555
0.8559
0.8563
DeMark's
-
-
0.8545
0.8550
0.8553
-
-","Technical IndicatorsJun 17, 2021 08:19PM GMT
Name
Value
Action
RSI(14)
34.128
Sell
STOCH(9,6)
40.988
Sell
STOCHRSI(14)
54.958
Neutral
MACD(12,26)
-0.001
Sell
ADX(14)
43.306
Sell
Williams %R
-73.333
Sell
CCI(14)
-135.5437
Sell
ATR(14)
0.0011
High Volatility
Highs/Lows(14)
-0.0000
Sell
Ultimate Oscillator
55.220
Buy
ROC
-0.187
Sell
Bull/Bear Power(13)
-0.0022
Sell
Buy: 1
Sell: 9
Neutral: 1


Summary:Strong Sell","Jun 17, 2021 08:19PM GMT"
usd_cad,1.2357 +0.0080    +0.66%,16:20:43,2021-06-17 20:21:10.675591,"Prev. Close: 1.2276
Bid/Ask: 1.2356 / 1.2357
Day's Range: 1.2261 - 1.2378",Strong Buy,"Summary:Strong Buy
Moving Averages:BuyBuy (12)Sell (0)
Technical Indicators:Strong BuyBuy (10)Sell (1)","Name
S3
S2
S1
Pivot Points
R1
R2
R3
Classic
1.2333
1.2339
1.2349
1.2356
1.2366
1.2373
1.2383
Fibonacci
1.2339
1.2346
1.2350
1.2356
1.2362
1.2366
1.2373
Camarilla
1.2354
1.2356
1.2357
1.2356
1.2361
1.2362
1.2364
Woodie's
1.2335
1.2340
1.2351
1.2357
1.2368
1.2374
1.2385
DeMark's
-
-
1.2352
1.2357
1.2369
-
-","Technical IndicatorsJun 17, 2021 08:19PM GMT
Name
Value
Action
RSI(14)
70.516
Buy
STOCH(9,6)
74.235
Buy
STOCHRSI(14)
33.436
Sell
MACD(12,26)
0.003
Buy
ADX(14)
43.639
Buy
Williams %R
-20.091
Buy
CCI(14)
105.8069
Buy
ATR(14)
0.0026
High Volatility
Highs/Lows(14)
0.0011
Buy
Ultimate Oscillator
68.673
Buy
ROC
0.623
Buy
Bull/Bear Power(13)
0.0032
Buy
Buy: 10
Sell: 1
Neutral: 0


Summary:Strong Buy","Jun 17, 2021 08:19PM GMT"
usd_chf,0.9179 +0.0094    +1.03%,16:20:44,2021-06-17 20:21:10.678377,"Prev. Close: 0.9085
Bid/Ask: 0.9178 / 0.9179
Day's Range: 0.9076 - 0.9188",Strong Buy,"Summary:Strong Buy
Moving Averages:BuyBuy (12)Sell (0)
Technical Indicators:Strong BuyBuy (7)Sell (0)","Name
S3
S2
S1
Pivot Points
R1
R2
R3
Classic
0.9165
0.9168
0.9174
0.9177
0.9182
0.9186
0.9191
Fibonacci
0.9168
0.9171
0.9174
0.9177
0.9180
0.9183
0.9186
Camarilla
0.9176
0.9177
0.9178
0.9177
0.9179
0.9180
0.9181
Woodie's
0.9165
0.9168
0.9174
0.9177
0.9182
0.9186
0.9191
DeMark's
-
-
0.9175
0.9178
0.9184
-
-","Technical IndicatorsJun 17, 2021 08:21PM GMT
Name
Value
Action
RSI(14)
76.720
Overbought
STOCH(9,6)
82.077
Overbought
STOCHRSI(14)
9.331
Oversold
MACD(12,26)
0.004
Buy
ADX(14)
43.654
Buy
Williams %R
-11.494
Overbought
CCI(14)
116.2537
Buy
ATR(14)
0.0017
High Volatility
Highs/Lows(14)
0.0013
Buy
Ultimate Oscillator
64.872
Buy
ROC
0.835
Buy
Bull/Bear Power(13)
0.0037
Buy
Buy: 7
Sell: 0
Neutral: 0


Summary:Strong Buy","Jun 17, 2021 08:21PM GMT"
nzd_chf,0.6429 +0.0024    +0.38%,16:20:53,2021-06-17 20:21:10.681203,"Prev. Close: 0.6404
Bid/Ask: 0.6425 / 0.6432
Day's Range: 0.6406 - 0.6453",Neutral,"Summary:Neutral
Moving Averages:BuyBuy (9)Sell (3)
Technical Indicators:NeutralBuy (3)Sell (3)","Name
S3
S2
S1
Pivot Points
R1
R2
R3
Classic
0.6412
0.6417
0.6421
0.6426
0.6430
0.6435
0.6439
Fibonacci
0.6417
0.6420
0.6423
0.6426
0.6429
0.6432
0.6435
Camarilla
0.6422
0.6422
0.6423
0.6426
0.6425
0.6426
0.6426
Woodie's
0.6410
0.6416
0.6419
0.6425
0.6428
0.6434
0.6437
DeMark's
-
-
0.6418
0.6425
0.6428
-
-","Technical IndicatorsJun 17, 2021 08:19PM GMT
Name
Value
Action
RSI(14)
51.251
Neutral
STOCH(9,6)
57.297
Buy
STOCHRSI(14)
46.248
Neutral
MACD(12,26)
0.000
Buy
ADX(14)
26.540
Buy
Williams %R
-54.839
Neutral
CCI(14)
-18.5806
Neutral
ATR(14)
0.0012
Less Volatility
Highs/Lows(14)
0.0000
Neutral
Ultimate Oscillator
48.787
Sell
ROC
-0.155
Sell
Bull/Bear Power(13)
-0.0009
Sell
Buy: 3
Sell: 3
Neutral: 5


Summary:Neutral","Jun 17, 2021 08:19PM GMT"
usd_cny,6.4484 +0.0515    +0.80%,11:27:22,2021-06-17 20:21:10.684006,"Prev. Close: 6.3969
Bid/Ask: 6.4477 / 6.4490
Day's Range: 6.3972 - 6.4494",Strong Buy,"Summary:Strong Buy
Moving Averages:BuyBuy (12)Sell (0)
Technical Indicators:Strong BuyBuy (7)Sell (0)","Name
S3
S2
S1
Pivot Points
R1
R2
R3
Classic
6.4380
6.4399
6.4436
6.4455
6.4492
6.4511
6.4548
Fibonacci
6.4399
6.4420
6.4434
6.4455
6.4476
6.4490
6.4511
Camarilla
6.4458
6.4463
6.4468
6.4455
6.4479
6.4484
6.4489
Woodie's
6.4390
6.4404
6.4446
6.4460
6.4502
6.4516
6.4558
DeMark's
-
-
6.4446
6.4460
6.4502
-
-","Technical IndicatorsJun 17, 2021 03:34PM GMT
Name
Value
Action
RSI(14)
85.433
Overbought
STOCH(9,6)
77.649
Buy
STOCHRSI(14)
100.000
Overbought
MACD(12,26)
0.011
Buy
ADX(14)
61.337
Buy
Williams %R
-3.426
Overbought
CCI(14)
151.8010
Buy
ATR(14)
0.0041
Less Volatility
Highs/Lows(14)
0.0141
Buy
Ultimate Oscillator
82.973
Overbought
ROC
0.391
Buy
Bull/Bear Power(13)
0.0286
Buy
Buy: 7
Sell: 0
Neutral: 0


Summary:Strong Buy","Jun 17, 2021 03:34PM GMT"
usd_hkd,7.7643 +0.0013    +0.02%,16:20:36,2021-06-17 20:21:10.686794,"Prev. Close: 7.7630
Bid/Ask: 7.7642 / 7.7643
Day's Range: 7.7625 - 7.7656",Neutral,"Summary:Neutral
Moving Averages:NeutralBuy (6)Sell (6)
Technical Indicators:SellBuy (2)Sell (3)","Name
S3
S2
S1
Pivot Points
R1
R2
R3
Classic
7.7647
7.7647
7.7649
7.7649
7.7650
7.7651
7.7652
Fibonacci
7.7647
7.7648
7.7648
7.7649
7.7650
7.7650
7.7651
Camarilla
7.7649
7.7649
7.7649
7.7649
7.7650
7.7650
7.7650
Woodie's
7.7647
7.7647
7.7649
7.7649
7.7650
7.7651
7.7652
DeMark's
-
-
7.7649
7.7649
7.7650
-
-","Technical IndicatorsJun 17, 2021 08:19PM GMT
Name
Value
Action
RSI(14)
51.135
Neutral
STOCH(9,6)
46.930
Neutral
STOCHRSI(14)
6.095
Oversold
MACD(12,26)
0.000
Buy
ADX(14)
40.015
Neutral
Williams %R
-73.676
Sell
CCI(14)
-46.9949
Neutral
ATR(14)
0.0009
Less Volatility
Highs/Lows(14)
0.0000
Neutral
Ultimate Oscillator
47.172
Sell
ROC
-0.014
Sell
Bull/Bear Power(13)
0.0010
Buy
Buy: 2
Sell: 3
Neutral: 5


Summary:Sell","Jun 17, 2021 08:19PM GMT"
eur_usd,1.1904 -0.0091    -0.75%,16:21:39,2021-06-17 20:22:10.781004,"Prev. Close: 1.1994
Bid/Ask: 1.1903 / 1.1904
Day's Range: 1.1892 - 1.2007",Strong Sell,"Summary:Strong Sell
Moving Averages:Strong SellBuy (0)Sell (12)
Technical Indicators:Strong SellBuy (0)Sell (9)","Name
S3
S2
S1
Pivot Points
R1
R2
R3
Classic
1.1884
1.1892
1.1898
1.1906
1.1911
1.1920
1.1925
Fibonacci
1.1892
1.1898
1.1901
1.1906
1.1911
1.1914
1.1920
Camarilla
1.1898
1.1900
1.1901
1.1906
1.1903
1.1904
1.1906
Woodie's
1.1882
1.1891
1.1896
1.1905
1.1909
1.1919
1.1923
DeMark's
-
-
1.1895
1.1905
1.1908
-
-","Technical IndicatorsJun 17, 2021 08:21PM GMT
Name
Value
Action
RSI(14)
25.734
Sell
STOCH(9,6)
21.444
Sell
STOCHRSI(14)
83.728
Overbought
MACD(12,26)
-0.004
Sell
ADX(14)
43.896
Sell
Williams %R
-88.719
Oversold
CCI(14)
-135.6972
Sell
ATR(14)
0.0021
Less Volatility
Highs/Lows(14)
-0.0016
Sell
Ultimate Oscillator
36.814
Sell
ROC
-0.701
Sell
Bull/Bear Power(13)
-0.0055
Sell
Buy: 0
Sell: 9
Neutral: 0


Summary:Strong Sell","Jun 17, 2021 08:21PM GMT"
gbp_usd,1.3923 -0.0064    -0.46%,16:21:29,2021-06-17 20:22:10.784754,"Prev. Close: 1.3987
Bid/Ask: 1.3922 / 1.3924
Day's Range: 1.3896 - 1.4010",Strong Sell,"Summary:Strong Sell
Moving Averages:SellBuy (2)Sell (10)
Technical Indicators:Strong SellBuy (0)Sell (10)","Name
S3
S2
S1
Pivot Points
R1
R2
R3
Classic
1.3904
1.3911
1.3916
1.3923
1.3929
1.3935
1.3941
Fibonacci
1.3911
1.3916
1.3918
1.3923
1.3928
1.3930
1.3935
Camarilla
1.3917
1.3918
1.3919
1.3923
1.3922
1.3923
1.3924
Woodie's
1.3902
1.3910
1.3914
1.3922
1.3927
1.3934
1.3939
DeMark's
-
-
1.3913
1.3921
1.3925
-
-","Technical IndicatorsJun 17, 2021 08:21PM GMT
Name
Value
Action
RSI(14)
35.440
Sell
STOCH(9,6)
27.128
Sell
STOCHRSI(14)
100.000
Overbought
MACD(12,26)
-0.003
Sell
ADX(14)
42.842
Sell
Williams %R
-74.163
Sell
CCI(14)
-80.6897
Sell
ATR(14)
0.0026
High Volatility
Highs/Lows(14)
-0.0008
Sell
Ultimate Oscillator
34.452
Sell
ROC
-0.507
Sell
Bull/Bear Power(13)
-0.0037
Sell
Buy: 0
Sell: 10
Neutral: 0


Summary:Strong Sell","Jun 17, 2021 08:21PM GMT"
usd_jpy,110.29 -0.41    -0.37%,16:21:43,2021-06-17 20:22:10.787937,"Prev. Close: 110.69
Bid/Ask: 110.28 / 110.29
Day's Range: 110.17 - 110.83",Sell,"Summary:Sell
Moving Averages:NeutralBuy (6)Sell (6)
Technical Indicators:Strong SellBuy (0)Sell (8)","Name
S3
S2
S1
Pivot Points
R1
R2
R3
Classic
110.18
110.22
110.24
110.28
110.31
110.34
110.37
Fibonacci
110.22
110.24
110.26
110.28
110.30
110.32
110.34
Camarilla
110.25
110.26
110.26
110.28
110.28
110.28
110.29
Woodie's
110.18
110.22
110.24
110.28
110.31
110.34
110.37
DeMark's
-
-
110.26
110.29
110.32
-
-","Technical IndicatorsJun 17, 2021 08:21PM GMT
Name
Value
Action
RSI(14)
43.213
Sell
STOCH(9,6)
17.150
Oversold
STOCHRSI(14)
18.030
Oversold
MACD(12,26)
-0.020
Sell
ADX(14)
34.221
Sell
Williams %R
-80.671
Oversold
CCI(14)
-71.5075
Sell
ATR(14)
0.1254
Less Volatility
Highs/Lows(14)
-0.1036
Sell
Ultimate Oscillator
42.625
Sell
ROC
-0.334
Sell
Bull/Bear Power(13)
-0.2180
Sell
Buy: 0
Sell: 8
Neutral: 0


Summary:Strong Sell","Jun 17, 2021 08:21PM GMT"
aud_usd,0.7550 -0.0060    -0.80%,16:21:40,2021-06-17 20:22:10.791010,"Prev. Close: 0.7610
Bid/Ask: 0.7549 / 0.7550
Day's Range: 0.7540 - 0.7646",Strong Sell,"Summary:Strong Sell
Moving Averages:Strong SellBuy (0)Sell (12)
Technical Indicators:Strong SellBuy (1)Sell (8)","Name
S3
S2
S1
Pivot Points
R1
R2
R3
Classic
0.7533
0.7539
0.7543
0.7549
0.7553
0.7559
0.7562
Fibonacci
0.7539
0.7543
0.7545
0.7549
0.7553
0.7555
0.7559
Camarilla
0.7545
0.7546
0.7547
0.7549
0.7548
0.7549
0.7550
Woodie's
0.7533
0.7539
0.7543
0.7549
0.7553
0.7559
0.7562
DeMark's
-
-
0.7541
0.7548
0.7551
-
-","Technical IndicatorsJun 17, 2021 08:21PM GMT
Name
Value
Action
RSI(14)
26.957
Sell
STOCH(9,6)
17.367
Oversold
STOCHRSI(14)
72.510
Buy
MACD(12,26)
-0.003
Sell
ADX(14)
54.197
Sell
Williams %R
-89.386
Oversold
CCI(14)
-94.9226
Sell
ATR(14)
0.0018
Less Volatility
Highs/Lows(14)
-0.0014
Sell
Ultimate Oscillator
34.617
Sell
ROC
-0.945
Sell
Bull/Bear Power(13)
-0.0043
Sell
Buy: 1
Sell: 8
Neutral: 0


Summary:Strong Sell","Jun 17, 2021 08:21PM GMT"
eur_gbp,0.8550 -0.0024    -0.27%,16:21:43,2021-06-17 20:22:10.793976,"Prev. Close: 0.8573
Bid/Ask: 0.8549 / 0.8550
Day's Range: 0.8542 - 0.8580",Strong Sell,"Summary:Strong Sell
Moving Averages:Strong SellBuy (0)Sell (12)
Technical Indicators:Strong SellBuy (1)Sell (9)","Name
S3
S2
S1
Pivot Points
R1
R2
R3
Classic
0.8538
0.8543
0.8547
0.8551
0.8555
0.8559
0.8563
Fibonacci
0.8543
0.8546
0.8548
0.8551
0.8554
0.8556
0.8559
Camarilla
0.8548
0.8549
0.8550
0.8551
0.8551
0.8552
0.8553
Woodie's
0.8538
0.8543
0.8547
0.8551
0.8555
0.8559
0.8563
DeMark's
-
-
0.8545
0.8550
0.8553
-
-","Technical IndicatorsJun 17, 2021 08:21PM GMT
Name
Value
Action
RSI(14)
33.809
Sell
STOCH(9,6)
40.679
Sell
STOCHRSI(14)
53.573
Neutral
MACD(12,26)
-0.001
Sell
ADX(14)
43.306
Sell
Williams %R
-75.000
Sell
CCI(14)
-138.0744
Sell
ATR(14)
0.0011
High Volatility
Highs/Lows(14)
-0.0001
Sell
Ultimate Oscillator
54.609
Buy
ROC
-0.193
Sell
Bull/Bear Power(13)
-0.0022
Sell
Buy: 1
Sell: 9
Neutral: 1


Summary:Strong Sell","Jun 17, 2021 08:21PM GMT"
usd_cad,1.2357 +0.0081    +0.66%,16:21:39,2021-06-17 20:22:10.796914,"Prev. Close: 1.2276
Bid/Ask: 1.2355 / 1.2359
Day's Range: 1.2261 - 1.2378",Strong Buy,"Summary:Strong Buy
Moving Averages:BuyBuy (12)Sell (0)
Technical Indicators:Strong BuyBuy (9)Sell (1)","Name
S3
S2
S1
Pivot Points
R1
R2
R3
Classic
1.2333
1.2339
1.2349
1.2356
1.2366
1.2373
1.2383
Fibonacci
1.2339
1.2346
1.2350
1.2356
1.2362
1.2366
1.2373
Camarilla
1.2354
1.2356
1.2357
1.2356
1.2361
1.2362
1.2364
Woodie's
1.2335
1.2340
1.2351
1.2357
1.2368
1.2374
1.2385
DeMark's
-
-
1.2352
1.2357
1.2369
-
-","Technical IndicatorsJun 17, 2021 08:21PM GMT
Name
Value
Action
RSI(14)
71.048
Buy
STOCH(9,6)
74.437
Buy
STOCHRSI(14)
37.449
Sell
MACD(12,26)
0.003
Buy
ADX(14)
43.639
Buy
Williams %R
-19.179
Overbought
CCI(14)
106.9335
Buy
ATR(14)
0.0026
High Volatility
Highs/Lows(14)
0.0012
Buy
Ultimate Oscillator
69.132
Buy
ROC
0.631
Buy
Bull/Bear Power(13)
0.0032
Buy
Buy: 9
Sell: 1
Neutral: 0


Summary:Strong Buy","Jun 17, 2021 08:21PM GMT"
usd_chf,0.9179 +0.0094    +1.03%,16:21:42,2021-06-17 20:22:10.799797,"Prev. Close: 0.9085
Bid/Ask: 0.9178 / 0.9179
Day's Range: 0.9076 - 0.9188",Strong Buy,"Summary:Strong Buy
Moving Averages:BuyBuy (12)Sell (0)
Technical Indicators:Strong BuyBuy (7)Sell (0)","Name
S3
S2
S1
Pivot Points
R1
R2
R3
Classic
0.9165
0.9168
0.9174
0.9177
0.9182
0.9186
0.9191
Fibonacci
0.9168
0.9171
0.9174
0.9177
0.9180
0.9183
0.9186
Camarilla
0.9176
0.9177
0.9178
0.9177
0.9179
0.9180
0.9181
Woodie's
0.9165
0.9168
0.9174
0.9177
0.9182
0.9186
0.9191
DeMark's
-
-
0.9175
0.9178
0.9184
-
-","Technical IndicatorsJun 17, 2021 08:21PM GMT
Name
Value
Action
RSI(14)
76.720
Overbought
STOCH(9,6)
82.077
Overbought
STOCHRSI(14)
9.331
Oversold
MACD(12,26)
0.004
Buy
ADX(14)
43.654
Buy
Williams %R
-11.494
Overbought
CCI(14)
116.2537
Buy
ATR(14)
0.0017
High Volatility
Highs/Lows(14)
0.0013
Buy
Ultimate Oscillator
64.872
Buy
ROC
0.835
Buy
Bull/Bear Power(13)
0.0037
Buy
Buy: 7
Sell: 0
Neutral: 0


Summary:Strong Buy","Jun 17, 2021 08:21PM GMT"
nzd_chf,0.6427 +0.0023    +0.36%,16:21:42,2021-06-17 20:22:10.802664,"Prev. Close: 0.6404
Bid/Ask: 0.6425 / 0.6429
Day's Range: 0.6406 - 0.6453",Buy,"Summary:Buy
Moving Averages:BuyBuy (9)Sell (3)
Technical Indicators:BUYBuy (3)Sell (2)","Name
S3
S2
S1
Pivot Points
R1
R2
R3
Classic
0.6412
0.6417
0.6421
0.6426
0.6430
0.6435
0.6439
Fibonacci
0.6417
0.6420
0.6423
0.6426
0.6429
0.6432
0.6435
Camarilla
0.6422
0.6422
0.6423
0.6426
0.6425
0.6426
0.6426
Woodie's
0.6410
0.6416
0.6419
0.6425
0.6428
0.6434
0.6437
DeMark's
-
-
0.6418
0.6425
0.6428
-
-","Technical IndicatorsJun 17, 2021 08:21PM GMT
Name
Value
Action
RSI(14)
51.961
Neutral
STOCH(9,6)
57.963
Buy
STOCHRSI(14)
48.969
Neutral
MACD(12,26)
0.000
Buy
ADX(14)
26.540
Buy
Williams %R
-52.689
Neutral
CCI(14)
-15.7560
Neutral
ATR(14)
0.0012
Less Volatility
Highs/Lows(14)
0.0000
Neutral
Ultimate Oscillator
49.955
Neutral
ROC
-0.140
Sell
Bull/Bear Power(13)
-0.0009
Sell
Buy: 3
Sell: 2
Neutral: 6


Summary:BUY","Jun 17, 2021 08:21PM GMT"
usd_cny,6.4484 +0.0515    +0.80%,11:27:22,2021-06-17 20:22:10.805521,"Prev. Close: 6.3969
Bid/Ask: 6.4477 / 6.4490
Day's Range: 6.3972 - 6.4494",Strong Buy,"Summary:Strong Buy
Moving Averages:BuyBuy (12)Sell (0)
Technical Indicators:Strong BuyBuy (7)Sell (0)","Name
S3
S2
S1
Pivot Points
R1
R2
R3
Classic
6.4380
6.4399
6.4436
6.4455
6.4492
6.4511
6.4548
Fibonacci
6.4399
6.4420
6.4434
6.4455
6.4476
6.4490
6.4511
Camarilla
6.4458
6.4463
6.4468
6.4455
6.4479
6.4484
6.4489
Woodie's
6.4390
6.4404
6.4446
6.4460
6.4502
6.4516
6.4558
DeMark's
-
-
6.4446
6.4460
6.4502
-
-","Technical IndicatorsJun 17, 2021 03:34PM GMT
Name
Value
Action
RSI(14)
85.433
Overbought
STOCH(9,6)
77.649
Buy
STOCHRSI(14)
100.000
Overbought
MACD(12,26)
0.011
Buy
ADX(14)
61.337
Buy
Williams %R
-3.426
Overbought
CCI(14)
151.8010
Buy
ATR(14)
0.0041
Less Volatility
Highs/Lows(14)
0.0141
Buy
Ultimate Oscillator
82.973
Overbought
ROC
0.391
Buy
Bull/Bear Power(13)
0.0286
Buy
Buy: 7
Sell: 0
Neutral: 0


Summary:Strong Buy","Jun 17, 2021 03:34PM GMT"
usd_hkd,7.7643 +0.0013    +0.02%,16:21:38,2021-06-17 20:22:10.808404,"Prev. Close: 7.7630
Bid/Ask: 7.7642 / 7.7643
Day's Range: 7.7625 - 7.7656",Neutral,"Summary:Neutral
Moving Averages:BuyBuy (7)Sell (5)
Technical Indicators:SellBuy (2)Sell (3)","Name
S3
S2
S1
Pivot Points
R1
R2
R3
Classic
7.7647
7.7647
7.7649
7.7649
7.7650
7.7651
7.7652
Fibonacci
7.7647
7.7648
7.7648
7.7649
7.7650
7.7650
7.7651
Camarilla
7.7649
7.7649
7.7649
7.7649
7.7650
7.7650
7.7650
Woodie's
7.7647
7.7647
7.7649
7.7649
7.7650
7.7651
7.7652
DeMark's
-
-
7.7649
7.7649
7.7650
-
-","Technical IndicatorsJun 17, 2021 08:21PM GMT
Name
Value
Action
RSI(14)
51.966
Neutral
STOCH(9,6)
47.804
Neutral
STOCHRSI(14)
11.692
Oversold
MACD(12,26)
0.000
Buy
ADX(14)
40.015
Neutral
Williams %R
-68.432
Sell
CCI(14)
-39.1439
Neutral
ATR(14)
0.0009
Less Volatility
Highs/Lows(14)
0.0000
Neutral
Ultimate Oscillator
48.766
Sell
ROC
-0.013
Sell
Bull/Bear Power(13)
0.0010
Buy
Buy: 2
Sell: 3
Neutral: 5


Summary:Sell","Jun 17, 2021 08:21PM GMT"
eur_usd,1.1903 -0.0092    -0.76%,16:22:48,2021-06-17 20:23:10.701226,"Prev. Close: 1.1994
Bid/Ask: 1.1902 / 1.1903
Day's Range: 1.1892 - 1.2007",Strong Sell,"Summary:Strong Sell
Moving Averages:Strong SellBuy (0)Sell (12)
Technical Indicators:Strong SellBuy (0)Sell (9)","Name
S3
S2
S1
Pivot Points
R1
R2
R3
Classic
1.1884
1.1892
1.1898
1.1906
1.1911
1.1920
1.1925
Fibonacci
1.1892
1.1898
1.1901
1.1906
1.1911
1.1914
1.1920
Camarilla
1.1898
1.1900
1.1901
1.1906
1.1903
1.1904
1.1906
Woodie's
1.1882
1.1891
1.1896
1.1905
1.1909
1.1919
1.1923
DeMark's
-
-
1.1895
1.1905
1.1908
-
-","Technical IndicatorsJun 17, 2021 08:21PM GMT
Name
Value
Action
RSI(14)
25.734
Sell
STOCH(9,6)
21.444
Sell
STOCHRSI(14)
83.728
Overbought
MACD(12,26)
-0.004
Sell
ADX(14)
43.896
Sell
Williams %R
-88.719
Oversold
CCI(14)
-135.6972
Sell
ATR(14)
0.0021
Less Volatility
Highs/Lows(14)
-0.0016
Sell
Ultimate Oscillator
36.814
Sell
ROC
-0.701
Sell
Bull/Bear Power(13)
-0.0055
Sell
Buy: 0
Sell: 9
Neutral: 0


Summary:Strong Sell","Jun 17, 2021 08:21PM GMT"
gbp_usd,1.3923 -0.0064    -0.46%,16:22:44,2021-06-17 20:23:10.704930,"Prev. Close: 1.3987
Bid/Ask: 1.3922 / 1.3924
Day's Range: 1.3896 - 1.4010",Strong Sell,"Summary:Strong Sell
Moving Averages:SellBuy (2)Sell (10)
Technical Indicators:Strong SellBuy (0)Sell (10)","Name
S3
S2
S1
Pivot Points
R1
R2
R3
Classic
1.3904
1.3911
1.3916
1.3923
1.3929
1.3935
1.3941
Fibonacci
1.3911
1.3916
1.3918
1.3923
1.3928
1.3930
1.3935
Camarilla
1.3917
1.3918
1.3919
1.3923
1.3922
1.3923
1.3924
Woodie's
1.3902
1.3910
1.3914
1.3922
1.3927
1.3934
1.3939
DeMark's
-
-
1.3913
1.3921
1.3925
-
-","Technical IndicatorsJun 17, 2021 08:21PM GMT
Name
Value
Action
RSI(14)
35.440
Sell
STOCH(9,6)
27.128
Sell
STOCHRSI(14)
100.000
Overbought
MACD(12,26)
-0.003
Sell
ADX(14)
42.842
Sell
Williams %R
-74.163
Sell
CCI(14)
-80.6897
Sell
ATR(14)
0.0026
High Volatility
Highs/Lows(14)
-0.0008
Sell
Ultimate Oscillator
34.452
Sell
ROC
-0.507
Sell
Bull/Bear Power(13)
-0.0037
Sell
Buy: 0
Sell: 10
Neutral: 0


Summary:Strong Sell","Jun 17, 2021 08:21PM GMT"
usd_jpy,110.29 -0.41    -0.37%,16:22:33,2021-06-17 20:23:10.707969,"Prev. Close: 110.69
Bid/Ask: 110.28 / 110.29
Day's Range: 110.17 - 110.83",Sell,"Summary:Sell
Moving Averages:NeutralBuy (6)Sell (6)
Technical Indicators:Strong SellBuy (0)Sell (8)","Name
S3
S2
S1
Pivot Points
R1
R2
R3
Classic
110.18
110.22
110.24
110.28
110.31
110.34
110.37
Fibonacci
110.22
110.24
110.26
110.28
110.30
110.32
110.34
Camarilla
110.25
110.26
110.26
110.28
110.28
110.28
110.29
Woodie's
110.18
110.22
110.24
110.28
110.31
110.34
110.37
DeMark's
-
-
110.26
110.29
110.32
-
-","Technical IndicatorsJun 17, 2021 08:21PM GMT
Name
Value
Action
RSI(14)
43.213
Sell
STOCH(9,6)
17.150
Oversold
STOCHRSI(14)
18.030
Oversold
MACD(12,26)
-0.020
Sell
ADX(14)
34.221
Sell
Williams %R
-80.671
Oversold
CCI(14)
-71.5075
Sell
ATR(14)
0.1254
Less Volatility
Highs/Lows(14)
-0.1036
Sell
Ultimate Oscillator
42.625
Sell
ROC
-0.334
Sell
Bull/Bear Power(13)
-0.2180
Sell
Buy: 0
Sell: 8
Neutral: 0


Summary:Strong Sell","Jun 17, 2021 08:21PM GMT"
aud_usd,0.7549 -0.0061    -0.80%,16:22:47,2021-06-17 20:23:10.710804,"Prev. Close: 0.7610
Bid/Ask: 0.7548 / 0.7550
Day's Range: 0.7540 - 0.7646",Strong Sell,"Summary:Strong Sell
Moving Averages:Strong SellBuy (0)Sell (12)
Technical Indicators:Strong SellBuy (1)Sell (8)","Name
S3
S2
S1
Pivot Points
R1
R2
R3
Classic
0.7533
0.7539
0.7543
0.7549
0.7553
0.7559
0.7562
Fibonacci
0.7539
0.7543
0.7545
0.7549
0.7553
0.7555
0.7559
Camarilla
0.7545
0.7546
0.7547
0.7549
0.7548
0.7549
0.7550
Woodie's
0.7533
0.7539
0.7543
0.7549
0.7553
0.7559
0.7562
DeMark's
-
-
0.7541
0.7548
0.7551
-
-","Technical IndicatorsJun 17, 2021 08:21PM GMT
Name
Value
Action
RSI(14)
26.957
Sell
STOCH(9,6)
17.367
Oversold
STOCHRSI(14)
72.510
Buy
MACD(12,26)
-0.003
Sell
ADX(14)
54.197
Sell
Williams %R
-89.386
Oversold
CCI(14)
-94.9226
Sell
ATR(14)
0.0018
Less Volatility
Highs/Lows(14)
-0.0014
Sell
Ultimate Oscillator
34.617
Sell
ROC
-0.945
Sell
Bull/Bear Power(13)
-0.0043
Sell
Buy: 1
Sell: 8
Neutral: 0


Summary:Strong Sell","Jun 17, 2021 08:21PM GMT"
eur_gbp,0.8549 -0.0024    -0.29%,16:22:49,2021-06-17 20:23:10.713599,"Prev. Close: 0.8573
Bid/Ask: 0.8548 / 0.8549
Day's Range: 0.8542 - 0.8580",Strong Sell,"Summary:Strong Sell
Moving Averages:Strong SellBuy (0)Sell (12)
Technical Indicators:Strong SellBuy (1)Sell (9)","Name
S3
S2
S1
Pivot Points
R1
R2
R3
Classic
0.8538
0.8543
0.8547
0.8551
0.8555
0.8559
0.8563
Fibonacci
0.8543
0.8546
0.8548
0.8551
0.8554
0.8556
0.8559
Camarilla
0.8548
0.8549
0.8550
0.8551
0.8551
0.8552
0.8553
Woodie's
0.8538
0.8543
0.8547
0.8551
0.8555
0.8559
0.8563
DeMark's
-
-
0.8545
0.8550
0.8553
-
-","Technical IndicatorsJun 17, 2021 08:21PM GMT
Name
Value
Action
RSI(14)
33.809
Sell
STOCH(9,6)
40.679
Sell
STOCHRSI(14)
53.573
Neutral
MACD(12,26)
-0.001
Sell
ADX(14)
43.306
Sell
Williams %R
-75.000
Sell
CCI(14)
-138.0744
Sell
ATR(14)
0.0011
High Volatility
Highs/Lows(14)
-0.0001
Sell
Ultimate Oscillator
54.609
Buy
ROC
-0.193
Sell
Bull/Bear Power(13)
-0.0022
Sell
Buy: 1
Sell: 9
Neutral: 1


Summary:Strong Sell","Jun 17, 2021 08:21PM GMT"
usd_cad,1.2357 +0.0081    +0.66%,16:22:48,2021-06-17 20:23:10.716399,"Prev. Close: 1.2276
Bid/Ask: 1.2356 / 1.2358
Day's Range: 1.2261 - 1.2378",Strong Buy,"Summary:Strong Buy
Moving Averages:BuyBuy (12)Sell (0)
Technical Indicators:Strong BuyBuy (9)Sell (1)","Name
S3
S2
S1
Pivot Points
R1
R2
R3
Classic
1.2333
1.2339
1.2349
1.2356
1.2366
1.2373
1.2383
Fibonacci
1.2339
1.2346
1.2350
1.2356
1.2362
1.2366
1.2373
Camarilla
1.2354
1.2356
1.2357
1.2356
1.2361
1.2362
1.2364
Woodie's
1.2335
1.2340
1.2351
1.2357
1.2368
1.2374
1.2385
DeMark's
-
-
1.2352
1.2357
1.2369
-
-","Technical IndicatorsJun 17, 2021 08:21PM GMT
Name
Value
Action
RSI(14)
71.048
Buy
STOCH(9,6)
74.437
Buy
STOCHRSI(14)
37.449
Sell
MACD(12,26)
0.003
Buy
ADX(14)
43.639
Buy
Williams %R
-19.179
Overbought
CCI(14)
106.9335
Buy
ATR(14)
0.0026
High Volatility
Highs/Lows(14)
0.0012
Buy
Ultimate Oscillator
69.132
Buy
ROC
0.631
Buy
Bull/Bear Power(13)
0.0032
Buy
Buy: 9
Sell: 1
Neutral: 0


Summary:Strong Buy","Jun 17, 2021 08:21PM GMT"
usd_chf,0.9179 +0.0094    +1.03%,16:22:50,2021-06-17 20:23:10.719192,"Prev. Close: 0.9085
Bid/Ask: 0.9178 / 0.9179
Day's Range: 0.9076 - 0.9188",Strong Buy,"Summary:Strong Buy
Moving Averages:BuyBuy (12)Sell (0)
Technical Indicators:Strong BuyBuy (7)Sell (0)","Name
S3
S2
S1
Pivot Points
R1
R2
R3
Classic
0.9165
0.9168
0.9174
0.9177
0.9182
0.9186
0.9191
Fibonacci
0.9168
0.9171
0.9174
0.9177
0.9180
0.9183
0.9186
Camarilla
0.9176
0.9177
0.9178
0.9177
0.9179
0.9180
0.9181
Woodie's
0.9165
0.9168
0.9174
0.9177
0.9182
0.9186
0.9191
DeMark's
-
-
0.9175
0.9178
0.9184
-
-","Technical IndicatorsJun 17, 2021 08:23PM GMT
Name
Value
Action
RSI(14)
76.720
Overbought
STOCH(9,6)
82.077
Overbought
STOCHRSI(14)
9.331
Oversold
MACD(12,26)
0.004
Buy
ADX(14)
43.654
Buy
Williams %R
-11.494
Overbought
CCI(14)
116.2537
Buy
ATR(14)
0.0017
High Volatility
Highs/Lows(14)
0.0013
Buy
Ultimate Oscillator
64.872
Buy
ROC
0.835
Buy
Bull/Bear Power(13)
0.0037
Buy
Buy: 7
Sell: 0
Neutral: 0


Summary:Strong Buy","Jun 17, 2021 08:23PM GMT"
nzd_chf,0.6427 +0.0023    +0.36%,16:22:50,2021-06-17 20:23:10.721962,"Prev. Close: 0.6404
Bid/Ask: 0.6426 / 0.6428
Day's Range: 0.6406 - 0.6453",Buy,"Summary:Buy
Moving Averages:BuyBuy (9)Sell (3)
Technical Indicators:BUYBuy (3)Sell (2)","Name
S3
S2
S1
Pivot Points
R1
R2
R3
Classic
0.6412
0.6417
0.6421
0.6426
0.6430
0.6435
0.6439
Fibonacci
0.6417
0.6420
0.6423
0.6426
0.6429
0.6432
0.6435
Camarilla
0.6422
0.6422
0.6423
0.6426
0.6425
0.6426
0.6426
Woodie's
0.6410
0.6416
0.6419
0.6425
0.6428
0.6434
0.6437
DeMark's
-
-
0.6418
0.6425
0.6428
-
-","Technical IndicatorsJun 17, 2021 08:21PM GMT
Name
Value
Action
RSI(14)
51.961
Neutral
STOCH(9,6)
57.963
Buy
STOCHRSI(14)
48.969
Neutral
MACD(12,26)
0.000
Buy
ADX(14)
26.540
Buy
Williams %R
-52.689
Neutral
CCI(14)
-15.7560
Neutral
ATR(14)
0.0012
Less Volatility
Highs/Lows(14)
0.0000
Neutral
Ultimate Oscillator
49.955
Neutral
ROC
-0.140
Sell
Bull/Bear Power(13)
-0.0009
Sell
Buy: 3
Sell: 2
Neutral: 6


Summary:BUY","Jun 17, 2021 08:21PM GMT"
usd_cny,6.4484 +0.0515    +0.80%,11:27:22,2021-06-17 20:23:10.724766,"Prev. Close: 6.3969
Bid/Ask: 6.4477 / 6.4490
Day's Range: 6.3972 - 6.4494",Strong Buy,"Summary:Strong Buy
Moving Averages:BuyBuy (12)Sell (0)
Technical Indicators:Strong BuyBuy (7)Sell (0)","Name
S3
S2
S1
Pivot Points
R1
R2
R3
Classic
6.4380
6.4399
6.4436
6.4455
6.4492
6.4511
6.4548
Fibonacci
6.4399
6.4420
6.4434
6.4455
6.4476
6.4490
6.4511
Camarilla
6.4458
6.4463
6.4468
6.4455
6.4479
6.4484
6.4489
Woodie's
6.4390
6.4404
6.4446
6.4460
6.4502
6.4516
6.4558
DeMark's
-
-
6.4446
6.4460
6.4502
-
-","Technical IndicatorsJun 17, 2021 03:34PM GMT
Name
Value
Action
RSI(14)
85.433
Overbought
STOCH(9,6)
77.649
Buy
STOCHRSI(14)
100.000
Overbought
MACD(12,26)
0.011
Buy
ADX(14)
61.337
Buy
Williams %R
-3.426
Overbought
CCI(14)
151.8010
Buy
ATR(14)
0.0041
Less Volatility
Highs/Lows(14)
0.0141
Buy
Ultimate Oscillator
82.973
Overbought
ROC
0.391
Buy
Bull/Bear Power(13)
0.0286
Buy
Buy: 7
Sell: 0
Neutral: 0


Summary:Strong Buy","Jun 17, 2021 03:34PM GMT"
usd_hkd,7.7643 +0.0013    +0.02%,16:22:36,2021-06-17 20:23:10.727577,"Prev. Close: 7.7630
Bid/Ask: 7.7642 / 7.7643
Day's Range: 7.7625 - 7.7656",Neutral,"Summary:Neutral
Moving Averages:BuyBuy (7)Sell (5)
Technical Indicators:SellBuy (2)Sell (3)","Name
S3
S2
S1
Pivot Points
R1
R2
R3
Classic
7.7647
7.7647
7.7649
7.7649
7.7650
7.7651
7.7652
Fibonacci
7.7647
7.7648
7.7648
7.7649
7.7650
7.7650
7.7651
Camarilla
7.7649
7.7649
7.7649
7.7649
7.7650
7.7650
7.7650
Woodie's
7.7647
7.7647
7.7649
7.7649
7.7650
7.7651
7.7652
DeMark's
-
-
7.7649
7.7649
7.7650
-
-","Technical IndicatorsJun 17, 2021 08:21PM GMT
Name
Value
Action
RSI(14)
51.966
Neutral
STOCH(9,6)
47.804
Neutral
STOCHRSI(14)
11.692
Oversold
MACD(12,26)
0.000
Buy
ADX(14)
40.015
Neutral
Williams %R
-68.432
Sell
CCI(14)
-39.1439
Neutral
ATR(14)
0.0009
Less Volatility
Highs/Lows(14)
0.0000
Neutral
Ultimate Oscillator
48.766
Sell
ROC
-0.013
Sell
Bull/Bear Power(13)
0.0010
Buy
Buy: 2
Sell: 3
Neutral: 5


Summary:Sell","Jun 17, 2021 08:21PM GMT"
eur_usd,1.1903 -0.0092    -0.76%,16:23:42,2021-06-17 20:24:11.007662,"Prev. Close: 1.1994
Bid/Ask: 1.1902 / 1.1903
Day's Range: 1.1892 - 1.2007",Strong Sell,"Summary:Strong Sell
Moving Averages:Strong SellBuy (0)Sell (12)
Technical Indicators:Strong SellBuy (0)Sell (9)","Name
S3
S2
S1
Pivot Points
R1
R2
R3
Classic
1.1884
1.1892
1.1898
1.1906
1.1911
1.1920
1.1925
Fibonacci
1.1892
1.1898
1.1901
1.1906
1.1911
1.1914
1.1920
Camarilla
1.1898
1.1900
1.1901
1.1906
1.1903
1.1904
1.1906
Woodie's
1.1882
1.1891
1.1896
1.1905
1.1909
1.1919
1.1923
DeMark's
-
-
1.1895
1.1905
1.1908
-
-","Technical IndicatorsJun 17, 2021 08:23PM GMT
Name
Value
Action
RSI(14)
25.734
Sell
STOCH(9,6)
21.444
Sell
STOCHRSI(14)
83.728
Overbought
MACD(12,26)
-0.004
Sell
ADX(14)
43.896
Sell
Williams %R
-88.719
Oversold
CCI(14)
-135.6972
Sell
ATR(14)
0.0021
Less Volatility
Highs/Lows(14)
-0.0016
Sell
Ultimate Oscillator
36.814
Sell
ROC
-0.701
Sell
Bull/Bear Power(13)
-0.0055
Sell
Buy: 0
Sell: 9
Neutral: 0


Summary:Strong Sell","Jun 17, 2021 08:23PM GMT"
gbp_usd,1.3923 -0.0064    -0.46%,16:23:30,2021-06-17 20:24:11.011391,"Prev. Close: 1.3987
Bid/Ask: 1.3922 / 1.3924
Day's Range: 1.3896 - 1.4010",Strong Sell,"Summary:Strong Sell
Moving Averages:SellBuy (1)Sell (11)
Technical Indicators:Strong SellBuy (0)Sell (10)","Name
S3
S2
S1
Pivot Points
R1
R2
R3
Classic
1.3904
1.3911
1.3916
1.3923
1.3929
1.3935
1.3941
Fibonacci
1.3911
1.3916
1.3918
1.3923
1.3928
1.3930
1.3935
Camarilla
1.3917
1.3918
1.3919
1.3923
1.3922
1.3923
1.3924
Woodie's
1.3902
1.3910
1.3914
1.3922
1.3927
1.3934
1.3939
DeMark's
-
-
1.3913
1.3921
1.3925
-
-","Technical IndicatorsJun 17, 2021 08:23PM GMT
Name
Value
Action
RSI(14)
35.627
Sell
STOCH(9,6)
27.253
Sell
STOCHRSI(14)
100.000
Overbought
MACD(12,26)
-0.003
Sell
ADX(14)
42.842
Sell
Williams %R
-73.685
Sell
CCI(14)
-80.1978
Sell
ATR(14)
0.0026
High Volatility
Highs/Lows(14)
-0.0007
Sell
Ultimate Oscillator
34.693
Sell
ROC
-0.504
Sell
Bull/Bear Power(13)
-0.0037
Sell
Buy: 0
Sell: 10
Neutral: 0


Summary:Strong Sell","Jun 17, 2021 08:23PM GMT"
usd_jpy,110.29 -0.41    -0.37%,16:23:40,2021-06-17 20:24:11.014446,"Prev. Close: 110.69
Bid/Ask: 110.28 / 110.29
Day's Range: 110.17 - 110.83",Sell,"Summary:Sell
Moving Averages:NeutralBuy (6)Sell (6)
Technical Indicators:Strong SellBuy (0)Sell (8)","Name
S3
S2
S1
Pivot Points
R1
R2
R3
Classic
110.18
110.22
110.24
110.28
110.31
110.34
110.37
Fibonacci
110.22
110.24
110.26
110.28
110.30
110.32
110.34
Camarilla
110.25
110.26
110.26
110.28
110.28
110.28
110.29
Woodie's
110.18
110.22
110.24
110.28
110.31
110.34
110.37
DeMark's
-
-
110.26
110.29
110.32
-
-","Technical IndicatorsJun 17, 2021 08:23PM GMT
Name
Value
Action
RSI(14)
43.213
Sell
STOCH(9,6)
17.150
Oversold
STOCHRSI(14)
18.030
Oversold
MACD(12,26)
-0.020
Sell
ADX(14)
34.221
Sell
Williams %R
-80.671
Oversold
CCI(14)
-71.5075
Sell
ATR(14)
0.1254
Less Volatility
Highs/Lows(14)
-0.1036
Sell
Ultimate Oscillator
42.625
Sell
ROC
-0.334
Sell
Bull/Bear Power(13)
-0.2180
Sell
Buy: 0
Sell: 8
Neutral: 0


Summary:Strong Sell","Jun 17, 2021 08:23PM GMT"
aud_usd,0.7549 -0.0062    -0.81%,16:23:42,2021-06-17 20:24:11.017288,"Prev. Close: 0.7610
Bid/Ask: 0.7548 / 0.7549
Day's Range: 0.7540 - 0.7646",Strong Sell,"Summary:Strong Sell
Moving Averages:Strong SellBuy (0)Sell (12)
Technical Indicators:Strong SellBuy (1)Sell (8)","Name
S3
S2
S1
Pivot Points
R1
R2
R3
Classic
0.7533
0.7539
0.7543
0.7549
0.7553
0.7559
0.7562
Fibonacci
0.7539
0.7543
0.7545
0.7549
0.7553
0.7555
0.7559
Camarilla
0.7545
0.7546
0.7547
0.7549
0.7548
0.7549
0.7550
Woodie's
0.7533
0.7539
0.7543
0.7549
0.7553
0.7559
0.7562
DeMark's
-
-
0.7541
0.7548
0.7551
-
-","Technical IndicatorsJun 17, 2021 08:23PM GMT
Name
Value
Action
RSI(14)
26.611
Sell
STOCH(9,6)
17.208
Oversold
STOCHRSI(14)
69.666
Buy
MACD(12,26)
-0.003
Sell
ADX(14)
54.197
Sell
Williams %R
-89.944
Oversold
CCI(14)
-95.4427
Sell
ATR(14)
0.0018
Less Volatility
Highs/Lows(14)
-0.0015
Sell
Ultimate Oscillator
34.236
Sell
ROC
-0.951
Sell
Bull/Bear Power(13)
-0.0043
Sell
Buy: 1
Sell: 8
Neutral: 0


Summary:Strong Sell","Jun 17, 2021 08:23PM GMT"
eur_gbp,0.8549 -0.0024    -0.29%,16:23:37,2021-06-17 20:24:11.020111,"Prev. Close: 0.8573
Bid/Ask: 0.8546 / 0.8551
Day's Range: 0.8542 - 0.8580",Strong Sell,"Summary:Strong Sell
Moving Averages:Strong SellBuy (0)Sell (12)
Technical Indicators:Strong SellBuy (1)Sell (9)","Name
S3
S2
S1
Pivot Points
R1
R2
R3
Classic
0.8538
0.8543
0.8547
0.8551
0.8555
0.8559
0.8563
Fibonacci
0.8543
0.8546
0.8548
0.8551
0.8554
0.8556
0.8559
Camarilla
0.8548
0.8549
0.8550
0.8551
0.8551
0.8552
0.8553
Woodie's
0.8538
0.8543
0.8547
0.8551
0.8555
0.8559
0.8563
DeMark's
-
-
0.8545
0.8550
0.8553
-
-","Technical IndicatorsJun 17, 2021 08:23PM GMT
Name
Value
Action
RSI(14)
33.809
Sell
STOCH(9,6)
40.679
Sell
STOCHRSI(14)
53.573
Neutral
MACD(12,26)
-0.001
Sell
ADX(14)
43.306
Sell
Williams %R
-75.000
Sell
CCI(14)
-138.0744
Sell
ATR(14)
0.0011
High Volatility
Highs/Lows(14)
-0.0001
Sell
Ultimate Oscillator
54.609
Buy
ROC
-0.193
Sell
Bull/Bear Power(13)
-0.0022
Sell
Buy: 1
Sell: 9
Neutral: 1


Summary:Strong Sell","Jun 17, 2021 08:23PM GMT"
usd_cad,1.2357 +0.0080    +0.66%,16:23:40,2021-06-17 20:24:11.022955,"Prev. Close: 1.2276
Bid/Ask: 1.2356 / 1.2357
Day's Range: 1.2261 - 1.2378",Strong Buy,"Summary:Strong Buy
Moving Averages:BuyBuy (12)Sell (0)
Technical Indicators:Strong BuyBuy (9)Sell (1)","Name
S3
S2
S1
Pivot Points
R1
R2
R3
Classic
1.2333
1.2339
1.2349
1.2356
1.2366
1.2373
1.2383
Fibonacci
1.2339
1.2346
1.2350
1.2356
1.2362
1.2366
1.2373
Camarilla
1.2354
1.2356
1.2357
1.2356
1.2361
1.2362
1.2364
Woodie's
1.2335
1.2340
1.2351
1.2357
1.2368
1.2374
1.2385
DeMark's
-
-
1.2352
1.2357
1.2369
-
-","Technical IndicatorsJun 17, 2021 08:23PM GMT
Name
Value
Action
RSI(14)
71.048
Buy
STOCH(9,6)
74.437
Buy
STOCHRSI(14)
37.449
Sell
MACD(12,26)
0.003
Buy
ADX(14)
43.639
Buy
Williams %R
-19.179
Overbought
CCI(14)
106.9335
Buy
ATR(14)
0.0026
High Volatility
Highs/Lows(14)
0.0012
Buy
Ultimate Oscillator
69.132
Buy
ROC
0.631
Buy
Bull/Bear Power(13)
0.0032
Buy
Buy: 9
Sell: 1
Neutral: 0


Summary:Strong Buy","Jun 17, 2021 08:23PM GMT"
usd_chf,0.9179 +0.0094    +1.03%,16:23:22,2021-06-17 20:24:11.025756,"Prev. Close: 0.9085
Bid/Ask: 0.9178 / 0.9179
Day's Range: 0.9076 - 0.9188",Strong Buy,"Summary:Strong Buy
Moving Averages:BuyBuy (12)Sell (0)
Technical Indicators:Strong BuyBuy (7)Sell (0)","Name
S3
S2
S1
Pivot Points
R1
R2
R3
Classic
0.9165
0.9168
0.9174
0.9177
0.9182
0.9186
0.9191
Fibonacci
0.9168
0.9171
0.9174
0.9177
0.9180
0.9183
0.9186
Camarilla
0.9176
0.9177
0.9178
0.9177
0.9179
0.9180
0.9181
Woodie's
0.9165
0.9168
0.9174
0.9177
0.9182
0.9186
0.9191
DeMark's
-
-
0.9175
0.9178
0.9184
-
-","Technical IndicatorsJun 17, 2021 08:23PM GMT
Name
Value
Action
RSI(14)
76.720
Overbought
STOCH(9,6)
82.077
Overbought
STOCHRSI(14)
9.331
Oversold
MACD(12,26)
0.004
Buy
ADX(14)
43.654
Buy
Williams %R
-11.494
Overbought
CCI(14)
116.2537
Buy
ATR(14)
0.0017
High Volatility
Highs/Lows(14)
0.0013
Buy
Ultimate Oscillator
64.872
Buy
ROC
0.835
Buy
Bull/Bear Power(13)
0.0037
Buy
Buy: 7
Sell: 0
Neutral: 0


Summary:Strong Buy","Jun 17, 2021 08:23PM GMT"
nzd_chf,0.6427 +0.0023    +0.36%,16:23:22,2021-06-17 20:24:11.028563,"Prev. Close: 0.6404
Bid/Ask: 0.6426 / 0.6428
Day's Range: 0.6406 - 0.6453",Neutral,"Summary:Neutral
Moving Averages:BuyBuy (9)Sell (3)
Technical Indicators:NeutralBuy (3)Sell (3)","Name
S3
S2
S1
Pivot Points
R1
R2
R3
Classic
0.6412
0.6417
0.6421
0.6426
0.6430
0.6435
0.6439
Fibonacci
0.6417
0.6420
0.6423
0.6426
0.6429
0.6432
0.6435
Camarilla
0.6422
0.6422
0.6423
0.6426
0.6425
0.6426
0.6426
Woodie's
0.6410
0.6416
0.6419
0.6425
0.6428
0.6434
0.6437
DeMark's
-
-
0.6418
0.6425
0.6428
-
-","Technical IndicatorsJun 17, 2021 08:23PM GMT
Name
Value
Action
RSI(14)
51.251
Neutral
STOCH(9,6)
57.297
Buy
STOCHRSI(14)
46.248
Neutral
MACD(12,26)
0.000
Buy
ADX(14)
26.540
Buy
Williams %R
-54.839
Neutral
CCI(14)
-18.5806
Neutral
ATR(14)
0.0012
Less Volatility
Highs/Lows(14)
0.0000
Neutral
Ultimate Oscillator
48.787
Sell
ROC
-0.155
Sell
Bull/Bear Power(13)
-0.0009
Sell
Buy: 3
Sell: 3
Neutral: 5


Summary:Neutral","Jun 17, 2021 08:23PM GMT"
usd_cny,6.4484 +0.0515    +0.80%,11:27:22,2021-06-17 20:24:11.031380,"Prev. Close: 6.3969
Bid/Ask: 6.4477 / 6.4490
Day's Range: 6.3972 - 6.4494",Strong Buy,"Summary:Strong Buy
Moving Averages:BuyBuy (12)Sell (0)
Technical Indicators:Strong BuyBuy (7)Sell (0)","Name
S3
S2
S1
Pivot Points
R1
R2
R3
Classic
6.4380
6.4399
6.4436
6.4455
6.4492
6.4511
6.4548
Fibonacci
6.4399
6.4420
6.4434
6.4455
6.4476
6.4490
6.4511
Camarilla
6.4458
6.4463
6.4468
6.4455
6.4479
6.4484
6.4489
Woodie's
6.4390
6.4404
6.4446
6.4460
6.4502
6.4516
6.4558
DeMark's
-
-
6.4446
6.4460
6.4502
-
-","Technical IndicatorsJun 17, 2021 03:34PM GMT
Name
Value
Action
RSI(14)
85.433
Overbought
STOCH(9,6)
77.649
Buy
STOCHRSI(14)
100.000
Overbought
MACD(12,26)
0.011
Buy
ADX(14)
61.337
Buy
Williams %R
-3.426
Overbought
CCI(14)
151.8010
Buy
ATR(14)
0.0041
Less Volatility
Highs/Lows(14)
0.0141
Buy
Ultimate Oscillator
82.973
Overbought
ROC
0.391
Buy
Bull/Bear Power(13)
0.0286
Buy
Buy: 7
Sell: 0
Neutral: 0


Summary:Strong Buy","Jun 17, 2021 03:34PM GMT"
usd_hkd,7.7643 +0.0013    +0.02%,16:23:39,2021-06-17 20:24:11.034171,"Prev. Close: 7.7630
Bid/Ask: 7.7642 / 7.7643
Day's Range: 7.7625 - 7.7656",Neutral,"Summary:Neutral
Moving Averages:BuyBuy (7)Sell (5)
Technical Indicators:SellBuy (2)Sell (3)","Name
S3
S2
S1
Pivot Points
R1
R2
R3
Classic
7.7647
7.7647
7.7649
7.7649
7.7650
7.7651
7.7652
Fibonacci
7.7647
7.7648
7.7648
7.7649
7.7650
7.7650
7.7651
Camarilla
7.7649
7.7649
7.7649
7.7649
7.7650
7.7650
7.7650
Woodie's
7.7647
7.7647
7.7649
7.7649
7.7650
7.7651
7.7652
DeMark's
-
-
7.7649
7.7649
7.7650
-
-","Technical IndicatorsJun 17, 2021 08:23PM GMT
Name
Value
Action
RSI(14)
51.966
Neutral
STOCH(9,6)
47.804
Neutral
STOCHRSI(14)
11.692
Oversold
MACD(12,26)
0.000
Buy
ADX(14)
40.015
Neutral
Williams %R
-68.432
Sell
CCI(14)
-39.1439
Neutral
ATR(14)
0.0009
Less Volatility
Highs/Lows(14)
0.0000
Neutral
Ultimate Oscillator
48.766
Sell
ROC
-0.013
Sell
Bull/Bear Power(13)
0.0010
Buy
Buy: 2
Sell: 3
Neutral: 5


Summary:Sell","Jun 17, 2021 08:23PM GMT"
eur_usd,1.1903 -0.0091    -0.76%,16:24:43,2021-06-17 20:25:10.605156,"Prev. Close: 1.1994
Bid/Ask: 1.1901 / 1.1905
Day's Range: 1.1892 - 1.2007",Strong Sell,"Summary:Strong Sell
Moving Averages:Strong SellBuy (0)Sell (12)
Technical Indicators:Strong SellBuy (0)Sell (9)","Name
S3
S2
S1
Pivot Points
R1
R2
R3
Classic
1.1884
1.1892
1.1898
1.1906
1.1911
1.1920
1.1925
Fibonacci
1.1892
1.1898
1.1901
1.1906
1.1911
1.1914
1.1920
Camarilla
1.1898
1.1900
1.1901
1.1906
1.1903
1.1904
1.1906
Woodie's
1.1882
1.1891
1.1896
1.1905
1.1909
1.1919
1.1923
DeMark's
-
-
1.1895
1.1905
1.1908
-
-","Technical IndicatorsJun 17, 2021 08:23PM GMT
Name
Value
Action
RSI(14)
25.734
Sell
STOCH(9,6)
21.444
Sell
STOCHRSI(14)
83.728
Overbought
MACD(12,26)
-0.004
Sell
ADX(14)
43.896
Sell
Williams %R
-88.719
Oversold
CCI(14)
-135.6972
Sell
ATR(14)
0.0021
Less Volatility
Highs/Lows(14)
-0.0016
Sell
Ultimate Oscillator
36.814
Sell
ROC
-0.701
Sell
Bull/Bear Power(13)
-0.0055
Sell
Buy: 0
Sell: 9
Neutral: 0


Summary:Strong Sell","Jun 17, 2021 08:23PM GMT"
gbp_usd,1.3923 -0.0064    -0.46%,16:24:39,2021-06-17 20:25:10.608826,"Prev. Close: 1.3987
Bid/Ask: 1.3922 / 1.3924
Day's Range: 1.3896 - 1.4010",Strong Sell,"Summary:Strong Sell
Moving Averages:SellBuy (1)Sell (11)
Technical Indicators:Strong SellBuy (0)Sell (10)","Name
S3
S2
S1
Pivot Points
R1
R2
R3
Classic
1.3904
1.3911
1.3916
1.3923
1.3929
1.3935
1.3941
Fibonacci
1.3911
1.3916
1.3918
1.3923
1.3928
1.3930
1.3935
Camarilla
1.3917
1.3918
1.3919
1.3923
1.3922
1.3923
1.3924
Woodie's
1.3902
1.3910
1.3914
1.3922
1.3927
1.3934
1.3939
DeMark's
-
-
1.3913
1.3921
1.3925
-
-","Technical IndicatorsJun 17, 2021 08:23PM GMT
Name
Value
Action
RSI(14)
35.627
Sell
STOCH(9,6)
27.253
Sell
STOCHRSI(14)
100.000
Overbought
MACD(12,26)
-0.003
Sell
ADX(14)
42.842
Sell
Williams %R
-73.685
Sell
CCI(14)
-80.1978
Sell
ATR(14)
0.0026
High Volatility
Highs/Lows(14)
-0.0007
Sell
Ultimate Oscillator
34.693
Sell
ROC
-0.504
Sell
Bull/Bear Power(13)
-0.0037
Sell
Buy: 0
Sell: 10
Neutral: 0


Summary:Strong Sell","Jun 17, 2021 08:23PM GMT"
usd_jpy,110.29 -0.41    -0.37%,16:24:38,2021-06-17 20:25:10.611980,"Prev. Close: 110.69
Bid/Ask: 110.28 / 110.29
Day's Range: 110.17 - 110.83",Sell,"Summary:Sell
Moving Averages:NeutralBuy (6)Sell (6)
Technical Indicators:Strong SellBuy (0)Sell (8)","Name
S3
S2
S1
Pivot Points
R1
R2
R3
Classic
110.18
110.22
110.24
110.28
110.31
110.34
110.37
Fibonacci
110.22
110.24
110.26
110.28
110.30
110.32
110.34
Camarilla
110.25
110.26
110.26
110.28
110.28
110.28
110.29
Woodie's
110.18
110.22
110.24
110.28
110.31
110.34
110.37
DeMark's
-
-
110.26
110.29
110.32
-
-","Technical IndicatorsJun 17, 2021 08:23PM GMT
Name
Value
Action
RSI(14)
43.213
Sell
STOCH(9,6)
17.150
Oversold
STOCHRSI(14)
18.030
Oversold
MACD(12,26)
-0.020
Sell
ADX(14)
34.221
Sell
Williams %R
-80.671
Oversold
CCI(14)
-71.5075
Sell
ATR(14)
0.1254
Less Volatility
Highs/Lows(14)
-0.1036
Sell
Ultimate Oscillator
42.625
Sell
ROC
-0.334
Sell
Bull/Bear Power(13)
-0.2180
Sell
Buy: 0
Sell: 8
Neutral: 0


Summary:Strong Sell","Jun 17, 2021 08:23PM GMT"
aud_usd,0.7548 -0.0062    -0.81%,16:24:49,2021-06-17 20:25:10.614954,"Prev. Close: 0.7610
Bid/Ask: 0.7547 / 0.7549
Day's Range: 0.7540 - 0.7646",Strong Sell,"Summary:Strong Sell
Moving Averages:Strong SellBuy (0)Sell (12)
Technical Indicators:Strong SellBuy (1)Sell (8)","Name
S3
S2
S1
Pivot Points
R1
R2
R3
Classic
0.7533
0.7539
0.7543
0.7549
0.7553
0.7559
0.7562
Fibonacci
0.7539
0.7543
0.7545
0.7549
0.7553
0.7555
0.7559
Camarilla
0.7545
0.7546
0.7547
0.7549
0.7548
0.7549
0.7550
Woodie's
0.7533
0.7539
0.7543
0.7549
0.7553
0.7559
0.7562
DeMark's
-
-
0.7541
0.7548
0.7551
-
-","Technical IndicatorsJun 17, 2021 08:23PM GMT
Name
Value
Action
RSI(14)
26.611
Sell
STOCH(9,6)
17.208
Oversold
STOCHRSI(14)
69.666
Buy
MACD(12,26)
-0.003
Sell
ADX(14)
54.197
Sell
Williams %R
-89.944
Oversold
CCI(14)
-95.4427
Sell
ATR(14)
0.0018
Less Volatility
Highs/Lows(14)
-0.0015
Sell
Ultimate Oscillator
34.236
Sell
ROC
-0.951
Sell
Bull/Bear Power(13)
-0.0043
Sell
Buy: 1
Sell: 8
Neutral: 0


Summary:Strong Sell","Jun 17, 2021 08:23PM GMT"
eur_gbp,0.8549 -0.0024    -0.29%,16:24:43,2021-06-17 20:25:10.617796,"Prev. Close: 0.8573
Bid/Ask: 0.8547 / 0.8550
Day's Range: 0.8542 - 0.8580",Strong Sell,"Summary:Strong Sell
Moving Averages:Strong SellBuy (0)Sell (12)
Technical Indicators:Strong SellBuy (1)Sell (9)","Name
S3
S2
S1
Pivot Points
R1
R2
R3
Classic
0.8538
0.8543
0.8547
0.8551
0.8555
0.8559
0.8563
Fibonacci
0.8543
0.8546
0.8548
0.8551
0.8554
0.8556
0.8559
Camarilla
0.8548
0.8549
0.8550
0.8551
0.8551
0.8552
0.8553
Woodie's
0.8538
0.8543
0.8547
0.8551
0.8555
0.8559
0.8563
DeMark's
-
-
0.8545
0.8550
0.8553
-
-","Technical IndicatorsJun 17, 2021 08:23PM GMT
Name
Value
Action
RSI(14)
33.809
Sell
STOCH(9,6)
40.679
Sell
STOCHRSI(14)
53.573
Neutral
MACD(12,26)
-0.001
Sell
ADX(14)
43.306
Sell
Williams %R
-75.000
Sell
CCI(14)
-138.0744
Sell
ATR(14)
0.0011
High Volatility
Highs/Lows(14)
-0.0001
Sell
Ultimate Oscillator
54.609
Buy
ROC
-0.193
Sell
Bull/Bear Power(13)
-0.0022
Sell
Buy: 1
Sell: 9
Neutral: 1


Summary:Strong Sell","Jun 17, 2021 08:23PM GMT"
usd_cad,1.2357 +0.0081    +0.66%,16:24:53,2021-06-17 20:25:10.620656,"Prev. Close: 1.2276
Bid/Ask: 1.2356 / 1.2358
Day's Range: 1.2261 - 1.2378",Strong Buy,"Summary:Strong Buy
Moving Averages:BuyBuy (12)Sell (0)
Technical Indicators:Strong BuyBuy (9)Sell (1)","Name
S3
S2
S1
Pivot Points
R1
R2
R3
Classic
1.2333
1.2339
1.2349
1.2356
1.2366
1.2373
1.2383
Fibonacci
1.2339
1.2346
1.2350
1.2356
1.2362
1.2366
1.2373
Camarilla
1.2354
1.2356
1.2357
1.2356
1.2361
1.2362
1.2364
Woodie's
1.2335
1.2340
1.2351
1.2357
1.2368
1.2374
1.2385
DeMark's
-
-
1.2352
1.2357
1.2369
-
-","Technical IndicatorsJun 17, 2021 08:23PM GMT
Name
Value
Action
RSI(14)
71.048
Buy
STOCH(9,6)
74.437
Buy
STOCHRSI(14)
37.449
Sell
MACD(12,26)
0.003
Buy
ADX(14)
43.639
Buy
Williams %R
-19.179
Overbought
CCI(14)
106.9335
Buy
ATR(14)
0.0026
High Volatility
Highs/Lows(14)
0.0012
Buy
Ultimate Oscillator
69.132
Buy
ROC
0.631
Buy
Bull/Bear Power(13)
0.0032
Buy
Buy: 9
Sell: 1
Neutral: 0


Summary:Strong Buy","Jun 17, 2021 08:23PM GMT"
usd_chf,0.9179 +0.0094    +1.03%,16:24:29,2021-06-17 20:25:10.623469,"Prev. Close: 0.9085
Bid/Ask: 0.9178 / 0.9179
Day's Range: 0.9076 - 0.9188",Strong Buy,"Summary:Strong Buy
Moving Averages:BuyBuy (12)Sell (0)
Technical Indicators:Strong BuyBuy (7)Sell (0)","Name
S3
S2
S1
Pivot Points
R1
R2
R3
Classic
0.9165
0.9168
0.9174
0.9177
0.9182
0.9186
0.9191
Fibonacci
0.9168
0.9171
0.9174
0.9177
0.9180
0.9183
0.9186
Camarilla
0.9176
0.9177
0.9178
0.9177
0.9179
0.9180
0.9181
Woodie's
0.9165
0.9168
0.9174
0.9177
0.9182
0.9186
0.9191
DeMark's
-
-
0.9175
0.9178
0.9184
-
-","Technical IndicatorsJun 17, 2021 08:25PM GMT
Name
Value
Action
RSI(14)
76.720
Overbought
STOCH(9,6)
82.077
Overbought
STOCHRSI(14)
9.331
Oversold
MACD(12,26)
0.004
Buy
ADX(14)
43.654
Buy
Williams %R
-11.494
Overbought
CCI(14)
116.2537
Buy
ATR(14)
0.0017
High Volatility
Highs/Lows(14)
0.0013
Buy
Ultimate Oscillator
64.872
Buy
ROC
0.835
Buy
Bull/Bear Power(13)
0.0037
Buy
Buy: 7
Sell: 0
Neutral: 0


Summary:Strong Buy","Jun 17, 2021 08:25PM GMT"
nzd_chf,0.6427 +0.0023    +0.36%,16:24:55,2021-06-17 20:25:10.626244,"Prev. Close: 0.6404
Bid/Ask: 0.6426 / 0.6428
Day's Range: 0.6406 - 0.6453",Neutral,"Summary:Neutral
Moving Averages:BuyBuy (9)Sell (3)
Technical Indicators:NeutralBuy (3)Sell (3)","Name
S3
S2
S1
Pivot Points
R1
R2
R3
Classic
0.6412
0.6417
0.6421
0.6426
0.6430
0.6435
0.6439
Fibonacci
0.6417
0.6420
0.6423
0.6426
0.6429
0.6432
0.6435
Camarilla
0.6422
0.6422
0.6423
0.6426
0.6425
0.6426
0.6426
Woodie's
0.6410
0.6416
0.6419
0.6425
0.6428
0.6434
0.6437
DeMark's
-
-
0.6418
0.6425
0.6428
-
-","Technical IndicatorsJun 17, 2021 08:23PM GMT
Name
Value
Action
RSI(14)
51.251
Neutral
STOCH(9,6)
57.297
Buy
STOCHRSI(14)
46.248
Neutral
MACD(12,26)
0.000
Buy
ADX(14)
26.540
Buy
Williams %R
-54.839
Neutral
CCI(14)
-18.5806
Neutral
ATR(14)
0.0012
Less Volatility
Highs/Lows(14)
0.0000
Neutral
Ultimate Oscillator
48.787
Sell
ROC
-0.155
Sell
Bull/Bear Power(13)
-0.0009
Sell
Buy: 3
Sell: 3
Neutral: 5


Summary:Neutral","Jun 17, 2021 08:23PM GMT"
usd_cny,6.4484 +0.0515    +0.80%,11:27:22,2021-06-17 20:25:10.629046,"Prev. Close: 6.3969
Bid/Ask: 6.4477 / 6.4490
Day's Range: 6.3972 - 6.4494",Strong Buy,"Summary:Strong Buy
Moving Averages:BuyBuy (12)Sell (0)
Technical Indicators:Strong BuyBuy (7)Sell (0)","Name
S3
S2
S1
Pivot Points
R1
R2
R3
Classic
6.4380
6.4399
6.4436
6.4455
6.4492
6.4511
6.4548
Fibonacci
6.4399
6.4420
6.4434
6.4455
6.4476
6.4490
6.4511
Camarilla
6.4458
6.4463
6.4468
6.4455
6.4479
6.4484
6.4489
Woodie's
6.4390
6.4404
6.4446
6.4460
6.4502
6.4516
6.4558
DeMark's
-
-
6.4446
6.4460
6.4502
-
-","Technical IndicatorsJun 17, 2021 03:34PM GMT
Name
Value
Action
RSI(14)
85.433
Overbought
STOCH(9,6)
77.649
Buy
STOCHRSI(14)
100.000
Overbought
MACD(12,26)
0.011
Buy
ADX(14)
61.337
Buy
Williams %R
-3.426
Overbought
CCI(14)
151.8010
Buy
ATR(14)
0.0041
Less Volatility
Highs/Lows(14)
0.0141
Buy
Ultimate Oscillator
82.973
Overbought
ROC
0.391
Buy
Bull/Bear Power(13)
0.0286
Buy
Buy: 7
Sell: 0
Neutral: 0


Summary:Strong Buy","Jun 17, 2021 03:34PM GMT"
usd_hkd,7.7643 +0.0013    +0.02%,16:24:38,2021-06-17 20:25:10.631863,"Prev. Close: 7.7630
Bid/Ask: 7.7642 / 7.7643
Day's Range: 7.7625 - 7.7656",Neutral,"Summary:Neutral
Moving Averages:BuyBuy (7)Sell (5)
Technical Indicators:SellBuy (2)Sell (3)","Name
S3
S2
S1
Pivot Points
R1
R2
R3
Classic
7.7647
7.7647
7.7649
7.7649
7.7650
7.7651
7.7652
Fibonacci
7.7647
7.7648
7.7648
7.7649
7.7650
7.7650
7.7651
Camarilla
7.7649
7.7649
7.7649
7.7649
7.7650
7.7650
7.7650
Woodie's
7.7647
7.7647
7.7649
7.7649
7.7650
7.7651
7.7652
DeMark's
-
-
7.7649
7.7649
7.7650
-
-","Technical IndicatorsJun 17, 2021 08:23PM GMT
Name
Value
Action
RSI(14)
51.966
Neutral
STOCH(9,6)
47.804
Neutral
STOCHRSI(14)
11.692
Oversold
MACD(12,26)
0.000
Buy
ADX(14)
40.015
Neutral
Williams %R
-68.432
Sell
CCI(14)
-39.1439
Neutral
ATR(14)
0.0009
Less Volatility
Highs/Lows(14)
0.0000
Neutral
Ultimate Oscillator
48.766
Sell
ROC
-0.013
Sell
Bull/Bear Power(13)
0.0010
Buy
Buy: 2
Sell: 3
Neutral: 5


Summary:Sell","Jun 17, 2021 08:23PM GMT"
eur_usd,1.1904 -0.0090    -0.75%,16:25:38,2021-06-17 20:26:10.128983,"Prev. Close: 1.1994
Bid/Ask: 1.1902 / 1.1906
Day's Range: 1.1892 - 1.2007",Strong Sell,"Summary:Strong Sell
Moving Averages:Strong SellBuy (0)Sell (12)
Technical Indicators:Strong SellBuy (0)Sell (9)","Name
S3
S2
S1
Pivot Points
R1
R2
R3
Classic
1.1884
1.1892
1.1898
1.1906
1.1911
1.1920
1.1925
Fibonacci
1.1892
1.1898
1.1901
1.1906
1.1911
1.1914
1.1920
Camarilla
1.1898
1.1900
1.1901
1.1906
1.1903
1.1904
1.1906
Woodie's
1.1882
1.1891
1.1896
1.1905
1.1909
1.1919
1.1923
DeMark's
-
-
1.1895
1.1905
1.1908
-
-","Technical IndicatorsJun 17, 2021 08:23PM GMT
Name
Value
Action
RSI(14)
25.734
Sell
STOCH(9,6)
21.444
Sell
STOCHRSI(14)
83.728
Overbought
MACD(12,26)
-0.004
Sell
ADX(14)
43.896
Sell
Williams %R
-88.719
Oversold
CCI(14)
-135.6972
Sell
ATR(14)
0.0021
Less Volatility
Highs/Lows(14)
-0.0016
Sell
Ultimate Oscillator
36.814
Sell
ROC
-0.701
Sell
Bull/Bear Power(13)
-0.0055
Sell
Buy: 0
Sell: 9
Neutral: 0


Summary:Strong Sell","Jun 17, 2021 08:23PM GMT"
gbp_usd,1.3923 -0.0064    -0.46%,16:25:28,2021-06-17 20:26:10.132743,"Prev. Close: 1.3987
Bid/Ask: 1.3922 / 1.3924
Day's Range: 1.3896 - 1.4010",Strong Sell,"Summary:Strong Sell
Moving Averages:SellBuy (1)Sell (11)
Technical Indicators:Strong SellBuy (0)Sell (10)","Name
S3
S2
S1
Pivot Points
R1
R2
R3
Classic
1.3904
1.3911
1.3916
1.3923
1.3929
1.3935
1.3941
Fibonacci
1.3911
1.3916
1.3918
1.3923
1.3928
1.3930
1.3935
Camarilla
1.3917
1.3918
1.3919
1.3923
1.3922
1.3923
1.3924
Woodie's
1.3902
1.3910
1.3914
1.3922
1.3927
1.3934
1.3939
DeMark's
-
-
1.3913
1.3921
1.3925
-
-","Technical IndicatorsJun 17, 2021 08:25PM GMT
Name
Value
Action
RSI(14)
35.627
Sell
STOCH(9,6)
27.253
Sell
STOCHRSI(14)
100.000
Overbought
MACD(12,26)
-0.003
Sell
ADX(14)
42.842
Sell
Williams %R
-73.685
Sell
CCI(14)
-80.1978
Sell
ATR(14)
0.0026
High Volatility
Highs/Lows(14)
-0.0007
Sell
Ultimate Oscillator
34.693
Sell
ROC
-0.504
Sell
Bull/Bear Power(13)
-0.0037
Sell
Buy: 0
Sell: 10
Neutral: 0


Summary:Strong Sell","Jun 17, 2021 08:25PM GMT"
usd_jpy,110.29 -0.41    -0.37%,16:25:40,2021-06-17 20:26:10.135805,"Prev. Close: 110.69
Bid/Ask: 110.28 / 110.29
Day's Range: 110.17 - 110.83",Sell,"Summary:Sell
Moving Averages:NeutralBuy (6)Sell (6)
Technical Indicators:Strong SellBuy (0)Sell (8)","Name
S3
S2
S1
Pivot Points
R1
R2
R3
Classic
110.18
110.22
110.24
110.28
110.31
110.34
110.37
Fibonacci
110.22
110.24
110.26
110.28
110.30
110.32
110.34
Camarilla
110.25
110.26
110.26
110.28
110.28
110.28
110.29
Woodie's
110.18
110.22
110.24
110.28
110.31
110.34
110.37
DeMark's
-
-
110.26
110.29
110.32
-
-","Technical IndicatorsJun 17, 2021 08:25PM GMT
Name
Value
Action
RSI(14)
43.213
Sell
STOCH(9,6)
17.150
Oversold
STOCHRSI(14)
18.030
Oversold
MACD(12,26)
-0.020
Sell
ADX(14)
34.221
Sell
Williams %R
-80.671
Oversold
CCI(14)
-71.5075
Sell
ATR(14)
0.1254
Less Volatility
Highs/Lows(14)
-0.1036
Sell
Ultimate Oscillator
42.625
Sell
ROC
-0.334
Sell
Bull/Bear Power(13)
-0.2180
Sell
Buy: 0
Sell: 8
Neutral: 0


Summary:Strong Sell","Jun 17, 2021 08:25PM GMT"
aud_usd,0.7548 -0.0062    -0.81%,16:25:39,2021-06-17 20:26:10.138734,"Prev. Close: 0.7610
Bid/Ask: 0.7547 / 0.7549
Day's Range: 0.7540 - 0.7646",Strong Sell,"Summary:Strong Sell
Moving Averages:Strong SellBuy (0)Sell (12)
Technical Indicators:Strong SellBuy (1)Sell (8)","Name
S3
S2
S1
Pivot Points
R1
R2
R3
Classic
0.7533
0.7539
0.7543
0.7549
0.7553
0.7559
0.7562
Fibonacci
0.7539
0.7543
0.7545
0.7549
0.7553
0.7555
0.7559
Camarilla
0.7545
0.7546
0.7547
0.7549
0.7548
0.7549
0.7550
Woodie's
0.7533
0.7539
0.7543
0.7549
0.7553
0.7559
0.7562
DeMark's
-
-
0.7541
0.7548
0.7551
-
-","Technical IndicatorsJun 17, 2021 08:25PM GMT
Name
Value
Action
RSI(14)
26.611
Sell
STOCH(9,6)
17.208
Oversold
STOCHRSI(14)
69.666
Buy
MACD(12,26)
-0.003
Sell
ADX(14)
54.197
Sell
Williams %R
-89.944
Oversold
CCI(14)
-95.4427
Sell
ATR(14)
0.0018
Less Volatility
Highs/Lows(14)
-0.0015
Sell
Ultimate Oscillator
34.236
Sell
ROC
-0.951
Sell
Bull/Bear Power(13)
-0.0043
Sell
Buy: 1
Sell: 8
Neutral: 0


Summary:Strong Sell","Jun 17, 2021 08:25PM GMT"
eur_gbp,0.8549 -0.0024    -0.29%,16:25:43,2021-06-17 20:26:10.141581,"Prev. Close: 0.8573
Bid/Ask: 0.8548 / 0.8549
Day's Range: 0.8542 - 0.8580",Strong Sell,"Summary:Strong Sell
Moving Averages:Strong SellBuy (0)Sell (12)
Technical Indicators:Strong SellBuy (1)Sell (9)","Name
S3
S2
S1
Pivot Points
R1
R2
R3
Classic
0.8538
0.8543
0.8547
0.8551
0.8555
0.8559
0.8563
Fibonacci
0.8543
0.8546
0.8548
0.8551
0.8554
0.8556
0.8559
Camarilla
0.8548
0.8549
0.8550
0.8551
0.8551
0.8552
0.8553
Woodie's
0.8538
0.8543
0.8547
0.8551
0.8555
0.8559
0.8563
DeMark's
-
-
0.8545
0.8550
0.8553
-
-","Technical IndicatorsJun 17, 2021 08:25PM GMT
Name
Value
Action
RSI(14)
33.495
Sell
STOCH(9,6)
40.370
Sell
STOCHRSI(14)
52.211
Neutral
MACD(12,26)
-0.001
Sell
ADX(14)
43.306
Sell
Williams %R
-76.667
Sell
CCI(14)
-140.5892
Sell
ATR(14)
0.0011
High Volatility
Highs/Lows(14)
-0.0001
Sell
Ultimate Oscillator
53.998
Buy
ROC
-0.198
Sell
Bull/Bear Power(13)
-0.0022
Sell
Buy: 1
Sell: 9
Neutral: 1


Summary:Strong Sell","Jun 17, 2021 08:25PM GMT"
usd_cad,1.2357 +0.0081    +0.66%,16:25:38,2021-06-17 20:26:10.144431,"Prev. Close: 1.2276
Bid/Ask: 1.2356 / 1.2358
Day's Range: 1.2261 - 1.2378",Strong Buy,"Summary:Strong Buy
Moving Averages:BuyBuy (12)Sell (0)
Technical Indicators:Strong BuyBuy (9)Sell (1)","Name
S3
S2
S1
Pivot Points
R1
R2
R3
Classic
1.2333
1.2339
1.2349
1.2356
1.2366
1.2373
1.2383
Fibonacci
1.2339
1.2346
1.2350
1.2356
1.2362
1.2366
1.2373
Camarilla
1.2354
1.2356
1.2357
1.2356
1.2361
1.2362
1.2364
Woodie's
1.2335
1.2340
1.2351
1.2357
1.2368
1.2374
1.2385
DeMark's
-
-
1.2352
1.2357
1.2369
-
-","Technical IndicatorsJun 17, 2021 08:25PM GMT
Name
Value
Action
RSI(14)
71.317
Buy
STOCH(9,6)
74.538
Buy
STOCHRSI(14)
39.478
Sell
MACD(12,26)
0.003
Buy
ADX(14)
43.639
Buy
Williams %R
-18.722
Overbought
CCI(14)
107.4970
Buy
ATR(14)
0.0026
High Volatility
Highs/Lows(14)
0.0012
Buy
Ultimate Oscillator
69.362
Buy
ROC
0.635
Buy
Bull/Bear Power(13)
0.0032
Buy
Buy: 9
Sell: 1
Neutral: 0


Summary:Strong Buy","Jun 17, 2021 08:25PM GMT"
usd_chf,0.9179 +0.0094    +1.03%,16:25:40,2021-06-17 20:26:10.147262,"Prev. Close: 0.9085
Bid/Ask: 0.9178 / 0.9179
Day's Range: 0.9076 - 0.9188",Strong Buy,"Summary:Strong Buy
Moving Averages:BuyBuy (12)Sell (0)
Technical Indicators:Strong BuyBuy (7)Sell (0)","Name
S3
S2
S1
Pivot Points
R1
R2
R3
Classic
0.9165
0.9168
0.9174
0.9177
0.9182
0.9186
0.9191
Fibonacci
0.9168
0.9171
0.9174
0.9177
0.9180
0.9183
0.9186
Camarilla
0.9176
0.9177
0.9178
0.9177
0.9179
0.9180
0.9181
Woodie's
0.9165
0.9168
0.9174
0.9177
0.9182
0.9186
0.9191
DeMark's
-
-
0.9175
0.9178
0.9184
-
-","Technical IndicatorsJun 17, 2021 08:25PM GMT
Name
Value
Action
RSI(14)
76.720
Overbought
STOCH(9,6)
82.077
Overbought
STOCHRSI(14)
9.331
Oversold
MACD(12,26)
0.004
Buy
ADX(14)
43.654
Buy
Williams %R
-11.494
Overbought
CCI(14)
116.2537
Buy
ATR(14)
0.0017
High Volatility
Highs/Lows(14)
0.0013
Buy
Ultimate Oscillator
64.872
Buy
ROC
0.835
Buy
Bull/Bear Power(13)
0.0037
Buy
Buy: 7
Sell: 0
Neutral: 0


Summary:Strong Buy","Jun 17, 2021 08:25PM GMT"
nzd_chf,0.6427 +0.0023    +0.36%,16:25:42,2021-06-17 20:26:10.150079,"Prev. Close: 0.6404
Bid/Ask: 0.6426 / 0.6428
Day's Range: 0.6406 - 0.6453",Neutral,"Summary:Neutral
Moving Averages:BuyBuy (9)Sell (3)
Technical Indicators:NeutralBuy (3)Sell (3)","Name
S3
S2
S1
Pivot Points
R1
R2
R3
Classic
0.6412
0.6417
0.6421
0.6426
0.6430
0.6435
0.6439
Fibonacci
0.6417
0.6420
0.6423
0.6426
0.6429
0.6432
0.6435
Camarilla
0.6422
0.6422
0.6423
0.6426
0.6425
0.6426
0.6426
Woodie's
0.6410
0.6416
0.6419
0.6425
0.6428
0.6434
0.6437
DeMark's
-
-
0.6418
0.6425
0.6428
-
-","Technical IndicatorsJun 17, 2021 08:23PM GMT
Name
Value
Action
RSI(14)
51.251
Neutral
STOCH(9,6)
57.297
Buy
STOCHRSI(14)
46.248
Neutral
MACD(12,26)
0.000
Buy
ADX(14)
26.540
Buy
Williams %R
-54.839
Neutral
CCI(14)
-18.5806
Neutral
ATR(14)
0.0012
Less Volatility
Highs/Lows(14)
0.0000
Neutral
Ultimate Oscillator
48.787
Sell
ROC
-0.155
Sell
Bull/Bear Power(13)
-0.0009
Sell
Buy: 3
Sell: 3
Neutral: 5


Summary:Neutral","Jun 17, 2021 08:23PM GMT"
usd_cny,6.4484 +0.0515    +0.80%,11:27:22,2021-06-17 20:26:10.152990,"Prev. Close: 6.3969
Bid/Ask: 6.4477 / 6.4490
Day's Range: 6.3972 - 6.4494",Strong Buy,"Summary:Strong Buy
Moving Averages:BuyBuy (12)Sell (0)
Technical Indicators:Strong BuyBuy (7)Sell (0)","Name
S3
S2
S1
Pivot Points
R1
R2
R3
Classic
6.4380
6.4399
6.4436
6.4455
6.4492
6.4511
6.4548
Fibonacci
6.4399
6.4420
6.4434
6.4455
6.4476
6.4490
6.4511
Camarilla
6.4458
6.4463
6.4468
6.4455
6.4479
6.4484
6.4489
Woodie's
6.4390
6.4404
6.4446
6.4460
6.4502
6.4516
6.4558
DeMark's
-
-
6.4446
6.4460
6.4502
-
-","Technical IndicatorsJun 17, 2021 03:34PM GMT
Name
Value
Action
RSI(14)
85.433
Overbought
STOCH(9,6)
77.649
Buy
STOCHRSI(14)
100.000
Overbought
MACD(12,26)
0.011
Buy
ADX(14)
61.337
Buy
Williams %R
-3.426
Overbought
CCI(14)
151.8010
Buy
ATR(14)
0.0041
Less Volatility
Highs/Lows(14)
0.0141
Buy
Ultimate Oscillator
82.973
Overbought
ROC
0.391
Buy
Bull/Bear Power(13)
0.0286
Buy
Buy: 7
Sell: 0
Neutral: 0


Summary:Strong Buy","Jun 17, 2021 03:34PM GMT"
usd_hkd,7.7642 +0.0011    +0.01%,16:25:28,2021-06-17 20:26:10.155811,"Prev. Close: 7.7630
Bid/Ask: 7.7641 / 7.7642
Day's Range: 7.7625 - 7.7656",Neutral,"Summary:Neutral
Moving Averages:BuyBuy (7)Sell (5)
Technical Indicators:SellBuy (2)Sell (3)","Name
S3
S2
S1
Pivot Points
R1
R2
R3
Classic
7.7647
7.7647
7.7649
7.7649
7.7650
7.7651
7.7652
Fibonacci
7.7647
7.7648
7.7648
7.7649
7.7650
7.7650
7.7651
Camarilla
7.7649
7.7649
7.7649
7.7649
7.7650
7.7650
7.7650
Woodie's
7.7647
7.7647
7.7649
7.7649
7.7650
7.7651
7.7652
DeMark's
-
-
7.7649
7.7649
7.7650
-
-","Technical IndicatorsJun 17, 2021 08:23PM GMT
Name
Value
Action
RSI(14)
51.966
Neutral
STOCH(9,6)
47.804
Neutral
STOCHRSI(14)
11.692
Oversold
MACD(12,26)
0.000
Buy
ADX(14)
40.015
Neutral
Williams %R
-68.432
Sell
CCI(14)
-39.1439
Neutral
ATR(14)
0.0009
Less Volatility
Highs/Lows(14)
0.0000
Neutral
Ultimate Oscillator
48.766
Sell
ROC
-0.013
Sell
Bull/Bear Power(13)
0.0010
Buy
Buy: 2
Sell: 3
Neutral: 5


Summary:Sell","Jun 17, 2021 08:23PM GMT"
eur_usd,1.1905 -0.0089    -0.74%,16:26:52,2021-06-17 20:27:10.123902,"Prev. Close: 1.1994
Bid/Ask: 1.1903 / 1.1907
Day's Range: 1.1892 - 1.2007",Strong Sell,"Summary:Strong Sell
Moving Averages:Strong SellBuy (0)Sell (12)
Technical Indicators:Strong SellBuy (0)Sell (9)","Name
S3
S2
S1
Pivot Points
R1
R2
R3
Classic
1.1884
1.1892
1.1898
1.1906
1.1911
1.1920
1.1925
Fibonacci
1.1892
1.1898
1.1901
1.1906
1.1911
1.1914
1.1920
Camarilla
1.1898
1.1900
1.1901
1.1906
1.1903
1.1904
1.1906
Woodie's
1.1882
1.1891
1.1896
1.1905
1.1909
1.1919
1.1923
DeMark's
-
-
1.1895
1.1905
1.1908
-
-","Technical IndicatorsJun 17, 2021 08:25PM GMT
Name
Value
Action
RSI(14)
25.734
Sell
STOCH(9,6)
21.444
Sell
STOCHRSI(14)
83.728
Overbought
MACD(12,26)
-0.004
Sell
ADX(14)
43.896
Sell
Williams %R
-88.719
Oversold
CCI(14)
-135.6972
Sell
ATR(14)
0.0021
Less Volatility
Highs/Lows(14)
-0.0016
Sell
Ultimate Oscillator
36.814
Sell
ROC
-0.701
Sell
Bull/Bear Power(13)
-0.0055
Sell
Buy: 0
Sell: 9
Neutral: 0


Summary:Strong Sell","Jun 17, 2021 08:25PM GMT"
gbp_usd,1.3924 -0.0063    -0.45%,16:26:48,2021-06-17 20:27:10.127607,"Prev. Close: 1.3987
Bid/Ask: 1.3923 / 1.3925
Day's Range: 1.3896 - 1.4010",Strong Sell,"Summary:Strong Sell
Moving Averages:SellBuy (1)Sell (11)
Technical Indicators:Strong SellBuy (0)Sell (10)","Name
S3
S2
S1
Pivot Points
R1
R2
R3
Classic
1.3904
1.3911
1.3916
1.3923
1.3929
1.3935
1.3941
Fibonacci
1.3911
1.3916
1.3918
1.3923
1.3928
1.3930
1.3935
Camarilla
1.3917
1.3918
1.3919
1.3923
1.3922
1.3923
1.3924
Woodie's
1.3902
1.3910
1.3914
1.3922
1.3927
1.3934
1.3939
DeMark's
-
-
1.3913
1.3921
1.3925
-
-","Technical IndicatorsJun 17, 2021 08:25PM GMT
Name
Value
Action
RSI(14)
35.627
Sell
STOCH(9,6)
27.253
Sell
STOCHRSI(14)
100.000
Overbought
MACD(12,26)
-0.003
Sell
ADX(14)
42.842
Sell
Williams %R
-73.685
Sell
CCI(14)
-80.1978
Sell
ATR(14)
0.0026
High Volatility
Highs/Lows(14)
-0.0007
Sell
Ultimate Oscillator
34.693
Sell
ROC
-0.504
Sell
Bull/Bear Power(13)
-0.0037
Sell
Buy: 0
Sell: 10
Neutral: 0


Summary:Strong Sell","Jun 17, 2021 08:25PM GMT"
usd_jpy,110.29 -0.41    -0.37%,16:26:38,2021-06-17 20:27:10.130632,"Prev. Close: 110.69
Bid/Ask: 110.28 / 110.29
Day's Range: 110.17 - 110.83",Sell,"Summary:Sell
Moving Averages:NeutralBuy (6)Sell (6)
Technical Indicators:Strong SellBuy (0)Sell (8)","Name
S3
S2
S1
Pivot Points
R1
R2
R3
Classic
110.18
110.22
110.24
110.28
110.31
110.34
110.37
Fibonacci
110.22
110.24
110.26
110.28
110.30
110.32
110.34
Camarilla
110.25
110.26
110.26
110.28
110.28
110.28
110.29
Woodie's
110.18
110.22
110.24
110.28
110.31
110.34
110.37
DeMark's
-
-
110.26
110.29
110.32
-
-","Technical IndicatorsJun 17, 2021 08:25PM GMT
Name
Value
Action
RSI(14)
43.213
Sell
STOCH(9,6)
17.150
Oversold
STOCHRSI(14)
18.030
Oversold
MACD(12,26)
-0.020
Sell
ADX(14)
34.221
Sell
Williams %R
-80.671
Oversold
CCI(14)
-71.5075
Sell
ATR(14)
0.1254
Less Volatility
Highs/Lows(14)
-0.1036
Sell
Ultimate Oscillator
42.625
Sell
ROC
-0.334
Sell
Bull/Bear Power(13)
-0.2180
Sell
Buy: 0
Sell: 8
Neutral: 0


Summary:Strong Sell","Jun 17, 2021 08:25PM GMT"
aud_usd,0.7550 -0.0060    -0.80%,16:26:43,2021-06-17 20:27:10.133511,"Prev. Close: 0.7610
Bid/Ask: 0.7549 / 0.7550
Day's Range: 0.7540 - 0.7646",Strong Sell,"Summary:Strong Sell
Moving Averages:Strong SellBuy (0)Sell (12)
Technical Indicators:Strong SellBuy (1)Sell (8)","Name
S3
S2
S1
Pivot Points
R1
R2
R3
Classic
0.7533
0.7539
0.7543
0.7549
0.7553
0.7559
0.7562
Fibonacci
0.7539
0.7543
0.7545
0.7549
0.7553
0.7555
0.7559
Camarilla
0.7545
0.7546
0.7547
0.7549
0.7548
0.7549
0.7550
Woodie's
0.7533
0.7539
0.7543
0.7549
0.7553
0.7559
0.7562
DeMark's
-
-
0.7541
0.7548
0.7551
-
-","Technical IndicatorsJun 17, 2021 08:25PM GMT
Name
Value
Action
RSI(14)
26.611
Sell
STOCH(9,6)
17.208
Oversold
STOCHRSI(14)
69.666
Buy
MACD(12,26)
-0.003
Sell
ADX(14)
54.197
Sell
Williams %R
-89.944
Oversold
CCI(14)
-95.4427
Sell
ATR(14)
0.0018
Less Volatility
Highs/Lows(14)
-0.0015
Sell
Ultimate Oscillator
34.236
Sell
ROC
-0.951
Sell
Bull/Bear Power(13)
-0.0043
Sell
Buy: 1
Sell: 8
Neutral: 0


Summary:Strong Sell","Jun 17, 2021 08:25PM GMT"
eur_gbp,0.8550 -0.0024    -0.27%,16:26:47,2021-06-17 20:27:10.136370,"Prev. Close: 0.8573
Bid/Ask: 0.8548 / 0.8551
Day's Range: 0.8542 - 0.8580",Strong Sell,"Summary:Strong Sell
Moving Averages:Strong SellBuy (0)Sell (12)
Technical Indicators:Strong SellBuy (1)Sell (9)","Name
S3
S2
S1
Pivot Points
R1
R2
R3
Classic
0.8538
0.8543
0.8547
0.8551
0.8555
0.8559
0.8563
Fibonacci
0.8543
0.8546
0.8548
0.8551
0.8554
0.8556
0.8559
Camarilla
0.8548
0.8549
0.8550
0.8551
0.8551
0.8552
0.8553
Woodie's
0.8538
0.8543
0.8547
0.8551
0.8555
0.8559
0.8563
DeMark's
-
-
0.8545
0.8550
0.8553
-
-","Technical IndicatorsJun 17, 2021 08:25PM GMT
Name
Value
Action
RSI(14)
33.495
Sell
STOCH(9,6)
40.370
Sell
STOCHRSI(14)
52.211
Neutral
MACD(12,26)
-0.001
Sell
ADX(14)
43.306
Sell
Williams %R
-76.667
Sell
CCI(14)
-140.5892
Sell
ATR(14)
0.0011
High Volatility
Highs/Lows(14)
-0.0001
Sell
Ultimate Oscillator
53.998
Buy
ROC
-0.198
Sell
Bull/Bear Power(13)
-0.0022
Sell
Buy: 1
Sell: 9
Neutral: 1


Summary:Strong Sell","Jun 17, 2021 08:25PM GMT"
usd_cad,1.2356 +0.0080    +0.65%,16:26:50,2021-06-17 20:27:10.139218,"Prev. Close: 1.2276
Bid/Ask: 1.2355 / 1.2357
Day's Range: 1.2261 - 1.2378",Strong Buy,"Summary:Strong Buy
Moving Averages:BuyBuy (12)Sell (0)
Technical Indicators:Strong BuyBuy (9)Sell (1)","Name
S3
S2
S1
Pivot Points
R1
R2
R3
Classic
1.2333
1.2339
1.2349
1.2356
1.2366
1.2373
1.2383
Fibonacci
1.2339
1.2346
1.2350
1.2356
1.2362
1.2366
1.2373
Camarilla
1.2354
1.2356
1.2357
1.2356
1.2361
1.2362
1.2364
Woodie's
1.2335
1.2340
1.2351
1.2357
1.2368
1.2374
1.2385
DeMark's
-
-
1.2352
1.2357
1.2369
-
-","Technical IndicatorsJun 17, 2021 08:25PM GMT
Name
Value
Action
RSI(14)
71.317
Buy
STOCH(9,6)
74.538
Buy
STOCHRSI(14)
39.478
Sell
MACD(12,26)
0.003
Buy
ADX(14)
43.639
Buy
Williams %R
-18.722
Overbought
CCI(14)
107.4970
Buy
ATR(14)
0.0026
High Volatility
Highs/Lows(14)
0.0012
Buy
Ultimate Oscillator
69.362
Buy
ROC
0.635
Buy
Bull/Bear Power(13)
0.0032
Buy
Buy: 9
Sell: 1
Neutral: 0


Summary:Strong Buy","Jun 17, 2021 08:25PM GMT"
usd_chf,0.9178 +0.0092    +1.02%,16:26:31,2021-06-17 20:27:10.142028,"Prev. Close: 0.9085
Bid/Ask: 0.9177 / 0.9178
Day's Range: 0.9076 - 0.9188",Strong Buy,"Summary:Strong Buy
Moving Averages:Strong BuyBuy (11)Sell (1)
Technical Indicators:Strong BuyBuy (7)Sell (0)","Name
S3
S2
S1
Pivot Points
R1
R2
R3
Classic
0.9165
0.9168
0.9174
0.9177
0.9182
0.9186
0.9191
Fibonacci
0.9168
0.9171
0.9174
0.9177
0.9180
0.9183
0.9186
Camarilla
0.9176
0.9177
0.9178
0.9177
0.9179
0.9180
0.9181
Woodie's
0.9165
0.9168
0.9174
0.9177
0.9182
0.9186
0.9191
DeMark's
-
-
0.9175
0.9178
0.9184
-
-","Technical IndicatorsJun 17, 2021 08:27PM GMT
Name
Value
Action
RSI(14)
76.376
Overbought
STOCH(9,6)
81.923
Overbought
STOCHRSI(14)
6.289
Oversold
MACD(12,26)
0.004
Buy
ADX(14)
43.654
Buy
Williams %R
-12.069
Overbought
CCI(14)
115.6213
Buy
ATR(14)
0.0017
High Volatility
Highs/Lows(14)
0.0013
Buy
Ultimate Oscillator
64.515
Buy
ROC
0.829
Buy
Bull/Bear Power(13)
0.0037
Buy
Buy: 7
Sell: 0
Neutral: 0


Summary:Strong Buy","Jun 17, 2021 08:27PM GMT"
nzd_chf,0.6426 +0.0022    +0.34%,16:26:48,2021-06-17 20:27:10.144862,"Prev. Close: 0.6404
Bid/Ask: 0.6424 / 0.6428
Day's Range: 0.6406 - 0.6453",Neutral,"Summary:Neutral
Moving Averages:BuyBuy (9)Sell (3)
Technical Indicators:NeutralBuy (3)Sell (3)","Name
S3
S2
S1
Pivot Points
R1
R2
R3
Classic
0.6412
0.6417
0.6421
0.6426
0.6430
0.6435
0.6439
Fibonacci
0.6417
0.6420
0.6423
0.6426
0.6429
0.6432
0.6435
Camarilla
0.6422
0.6422
0.6423
0.6426
0.6425
0.6426
0.6426
Woodie's
0.6410
0.6416
0.6419
0.6425
0.6428
0.6434
0.6437
DeMark's
-
-
0.6418
0.6425
0.6428
-
-","Technical IndicatorsJun 17, 2021 08:25PM GMT
Name
Value
Action
RSI(14)
51.251
Neutral
STOCH(9,6)
57.297
Buy
STOCHRSI(14)
46.248
Neutral
MACD(12,26)
0.000
Buy
ADX(14)
26.540
Buy
Williams %R
-54.839
Neutral
CCI(14)
-18.5806
Neutral
ATR(14)
0.0012
Less Volatility
Highs/Lows(14)
0.0000
Neutral
Ultimate Oscillator
48.787
Sell
ROC
-0.155
Sell
Bull/Bear Power(13)
-0.0009
Sell
Buy: 3
Sell: 3
Neutral: 5


Summary:Neutral","Jun 17, 2021 08:25PM GMT"
usd_cny,6.4484 +0.0515    +0.80%,11:27:22,2021-06-17 20:27:10.147708,"Prev. Close: 6.3969
Bid/Ask: 6.4477 / 6.4490
Day's Range: 6.3972 - 6.4494",Strong Buy,"Summary:Strong Buy
Moving Averages:BuyBuy (12)Sell (0)
Technical Indicators:Strong BuyBuy (7)Sell (0)","Name
S3
S2
S1
Pivot Points
R1
R2
R3
Classic
6.4380
6.4399
6.4436
6.4455
6.4492
6.4511
6.4548
Fibonacci
6.4399
6.4420
6.4434
6.4455
6.4476
6.4490
6.4511
Camarilla
6.4458
6.4463
6.4468
6.4455
6.4479
6.4484
6.4489
Woodie's
6.4390
6.4404
6.4446
6.4460
6.4502
6.4516
6.4558
DeMark's
-
-
6.4446
6.4460
6.4502
-
-","Technical IndicatorsJun 17, 2021 03:34PM GMT
Name
Value
Action
RSI(14)
85.433
Overbought
STOCH(9,6)
77.649
Buy
STOCHRSI(14)
100.000
Overbought
MACD(12,26)
0.011
Buy
ADX(14)
61.337
Buy
Williams %R
-3.426
Overbought
CCI(14)
151.8010
Buy
ATR(14)
0.0041
Less Volatility
Highs/Lows(14)
0.0141
Buy
Ultimate Oscillator
82.973
Overbought
ROC
0.391
Buy
Bull/Bear Power(13)
0.0286
Buy
Buy: 7
Sell: 0
Neutral: 0


Summary:Strong Buy","Jun 17, 2021 03:34PM GMT"
usd_hkd,7.7643 +0.0013    +0.02%,16:26:39,2021-06-17 20:27:10.150548,"Prev. Close: 7.7630
Bid/Ask: 7.7642 / 7.7643
Day's Range: 7.7625 - 7.7656",Neutral,"Summary:Neutral
Moving Averages:BuyBuy (7)Sell (5)
Technical Indicators:SellBuy (2)Sell (3)","Name
S3
S2
S1
Pivot Points
R1
R2
R3
Classic
7.7647
7.7647
7.7649
7.7649
7.7650
7.7651
7.7652
Fibonacci
7.7647
7.7648
7.7648
7.7649
7.7650
7.7650
7.7651
Camarilla
7.7649
7.7649
7.7649
7.7649
7.7650
7.7650
7.7650
Woodie's
7.7647
7.7647
7.7649
7.7649
7.7650
7.7651
7.7652
DeMark's
-
-
7.7649
7.7649
7.7650
-
-","Technical IndicatorsJun 17, 2021 08:25PM GMT
Name
Value
Action
RSI(14)
51.966
Neutral
STOCH(9,6)
47.804
Neutral
STOCHRSI(14)
11.692
Oversold
MACD(12,26)
0.000
Buy
ADX(14)
40.015
Neutral
Williams %R
-68.432
Sell
CCI(14)
-39.1439
Neutral
ATR(14)
0.0009
Less Volatility
Highs/Lows(14)
0.0000
Neutral
Ultimate Oscillator
48.766
Sell
ROC
-0.013
Sell
Bull/Bear Power(13)
0.0010
Buy
Buy: 2
Sell: 3
Neutral: 5


Summary:Sell","Jun 17, 2021 08:25PM GMT"
eur_usd,1.1905 -0.0089    -0.74%,16:27:32,2021-06-17 20:28:10.252640,"Prev. Close: 1.1994
Bid/Ask: 1.1903 / 1.1907
Day's Range: 1.1892 - 1.2007",Strong Sell,"Summary:Strong Sell
Moving Averages:Strong SellBuy (0)Sell (12)
Technical Indicators:Strong SellBuy (0)Sell (9)","Name
S3
S2
S1
Pivot Points
R1
R2
R3
Classic
1.1884
1.1892
1.1898
1.1906
1.1911
1.1920
1.1925
Fibonacci
1.1892
1.1898
1.1901
1.1906
1.1911
1.1914
1.1920
Camarilla
1.1898
1.1900
1.1901
1.1906
1.1903
1.1904
1.1906
Woodie's
1.1882
1.1891
1.1896
1.1905
1.1909
1.1919
1.1923
DeMark's
-
-
1.1895
1.1905
1.1908
-
-","Technical IndicatorsJun 17, 2021 08:25PM GMT
Name
Value
Action
RSI(14)
25.734
Sell
STOCH(9,6)
21.444
Sell
STOCHRSI(14)
83.728
Overbought
MACD(12,26)
-0.004
Sell
ADX(14)
43.896
Sell
Williams %R
-88.719
Oversold
CCI(14)
-135.6972
Sell
ATR(14)
0.0021
Less Volatility
Highs/Lows(14)
-0.0016
Sell
Ultimate Oscillator
36.814
Sell
ROC
-0.701
Sell
Bull/Bear Power(13)
-0.0055
Sell
Buy: 0
Sell: 9
Neutral: 0


Summary:Strong Sell","Jun 17, 2021 08:25PM GMT"
gbp_usd,1.3925 -0.0062    -0.44%,16:27:28,2021-06-17 20:28:10.256376,"Prev. Close: 1.3987
Bid/Ask: 1.3924 / 1.3926
Day's Range: 1.3896 - 1.4010",Strong Sell,"Summary:Strong Sell
Moving Averages:SellBuy (2)Sell (10)
Technical Indicators:Strong SellBuy (0)Sell (10)","Name
S3
S2
S1
Pivot Points
R1
R2
R3
Classic
1.3904
1.3911
1.3916
1.3923
1.3929
1.3935
1.3941
Fibonacci
1.3911
1.3916
1.3918
1.3923
1.3928
1.3930
1.3935
Camarilla
1.3917
1.3918
1.3919
1.3923
1.3922
1.3923
1.3924
Woodie's
1.3902
1.3910
1.3914
1.3922
1.3927
1.3934
1.3939
DeMark's
-
-
1.3913
1.3921
1.3925
-
-","Technical IndicatorsJun 17, 2021 08:27PM GMT
Name
Value
Action
RSI(14)
36.000
Sell
STOCH(9,6)
27.504
Sell
STOCHRSI(14)
100.000
Overbought
MACD(12,26)
-0.003
Sell
ADX(14)
42.842
Sell
Williams %R
-72.728
Sell
CCI(14)
-78.2221
Sell
ATR(14)
0.0026
High Volatility
Highs/Lows(14)
-0.0006
Sell
Ultimate Oscillator
35.002
Sell
ROC
-0.497
Sell
Bull/Bear Power(13)
-0.0036
Sell
Buy: 0
Sell: 10
Neutral: 0


Summary:Strong Sell","Jun 17, 2021 08:27PM GMT"
usd_jpy,110.29 -0.41    -0.37%,16:27:38,2021-06-17 20:28:10.259381,"Prev. Close: 110.69
Bid/Ask: 110.28 / 110.29
Day's Range: 110.17 - 110.83",Strong Sell,"Summary:Strong Sell
Moving Averages:SellBuy (5)Sell (7)
Technical Indicators:Strong SellBuy (0)Sell (8)","Name
S3
S2
S1
Pivot Points
R1
R2
R3
Classic
110.18
110.22
110.24
110.28
110.31
110.34
110.37
Fibonacci
110.22
110.24
110.26
110.28
110.30
110.32
110.34
Camarilla
110.25
110.26
110.26
110.28
110.28
110.28
110.29
Woodie's
110.18
110.22
110.24
110.28
110.31
110.34
110.37
DeMark's
-
-
110.26
110.29
110.32
-
-","Technical IndicatorsJun 17, 2021 08:27PM GMT
Name
Value
Action
RSI(14)
42.890
Sell
STOCH(9,6)
16.997
Oversold
STOCHRSI(14)
16.854
Oversold
MACD(12,26)
-0.020
Sell
ADX(14)
34.221
Sell
Williams %R
-81.513
Oversold
CCI(14)
-72.0751
Sell
ATR(14)
0.1254
Less Volatility
Highs/Lows(14)
-0.1086
Sell
Ultimate Oscillator
42.186
Sell
ROC
-0.339
Sell
Bull/Bear Power(13)
-0.2160
Sell
Buy: 0
Sell: 8
Neutral: 0


Summary:Strong Sell","Jun 17, 2021 08:27PM GMT"
aud_usd,0.7550 -0.0060    -0.80%,16:27:14,2021-06-17 20:28:10.262228,"Prev. Close: 0.7610
Bid/Ask: 0.7549 / 0.7550
Day's Range: 0.7540 - 0.7646",Strong Sell,"Summary:Strong Sell
Moving Averages:Strong SellBuy (0)Sell (12)
Technical Indicators:Strong SellBuy (0)Sell (8)","Name
S3
S2
S1
Pivot Points
R1
R2
R3
Classic
0.7533
0.7539
0.7543
0.7549
0.7553
0.7559
0.7562
Fibonacci
0.7539
0.7543
0.7545
0.7549
0.7553
0.7555
0.7559
Camarilla
0.7545
0.7546
0.7547
0.7549
0.7548
0.7549
0.7550
Woodie's
0.7533
0.7539
0.7543
0.7549
0.7553
0.7559
0.7562
DeMark's
-
-
0.7541
0.7548
0.7551
-
-","Technical IndicatorsJun 17, 2021 08:27PM GMT
Name
Value
Action
RSI(14)
27.300
Sell
STOCH(9,6)
17.525
Oversold
STOCHRSI(14)
75.329
Overbought
MACD(12,26)
-0.003
Sell
ADX(14)
54.197
Sell
Williams %R
-88.827
Oversold
CCI(14)
-94.4018
Sell
ATR(14)
0.0018
Less Volatility
Highs/Lows(14)
-0.0014
Sell
Ultimate Oscillator
34.999
Sell
ROC
-0.938
Sell
Bull/Bear Power(13)
-0.0043
Sell
Buy: 0
Sell: 8
Neutral: 0


Summary:Strong Sell","Jun 17, 2021 08:27PM GMT"
eur_gbp,0.8549 -0.0024    -0.29%,16:27:36,2021-06-17 20:28:10.265041,"Prev. Close: 0.8573
Bid/Ask: 0.8548 / 0.8549
Day's Range: 0.8542 - 0.8580",Strong Sell,"Summary:Strong Sell
Moving Averages:Strong SellBuy (0)Sell (12)
Technical Indicators:Strong SellBuy (2)Sell (8)","Name
S3
S2
S1
Pivot Points
R1
R2
R3
Classic
0.8538
0.8543
0.8547
0.8551
0.8555
0.8559
0.8563
Fibonacci
0.8543
0.8546
0.8548
0.8551
0.8554
0.8556
0.8559
Camarilla
0.8548
0.8549
0.8550
0.8551
0.8551
0.8552
0.8553
Woodie's
0.8538
0.8543
0.8547
0.8551
0.8555
0.8559
0.8563
DeMark's
-
-
0.8545
0.8550
0.8553
-
-","Technical IndicatorsJun 17, 2021 08:27PM GMT
Name
Value
Action
RSI(14)
34.454
Sell
STOCH(9,6)
41.297
Sell
STOCHRSI(14)
56.372
Buy
MACD(12,26)
-0.001
Sell
ADX(14)
43.306
Sell
Williams %R
-71.666
Sell
CCI(14)
-132.9967
Sell
ATR(14)
0.0011
High Volatility
Highs/Lows(14)
0.0000
Neutral
Ultimate Oscillator
55.831
Buy
ROC
-0.181
Sell
Bull/Bear Power(13)
-0.0022
Sell
Buy: 2
Sell: 8
Neutral: 1


Summary:Strong Sell","Jun 17, 2021 08:27PM GMT"
usd_cad,1.2352 +0.0076    +0.62%,16:27:37,2021-06-17 20:28:10.267854,"Prev. Close: 1.2276
Bid/Ask: 1.2350 / 1.2354
Day's Range: 1.2261 - 1.2378",Strong Buy,"Summary:Strong Buy
Moving Averages:BuyBuy (12)Sell (0)
Technical Indicators:Strong BuyBuy (9)Sell (1)","Name
S3
S2
S1
Pivot Points
R1
R2
R3
Classic
1.2333
1.2339
1.2349
1.2356
1.2366
1.2373
1.2383
Fibonacci
1.2339
1.2346
1.2350
1.2356
1.2362
1.2366
1.2373
Camarilla
1.2354
1.2356
1.2357
1.2356
1.2361
1.2362
1.2364
Woodie's
1.2335
1.2340
1.2351
1.2357
1.2368
1.2374
1.2385
DeMark's
-
-
1.2352
1.2357
1.2369
-
-","Technical IndicatorsJun 17, 2021 08:25PM GMT
Name
Value
Action
RSI(14)
71.317
Buy
STOCH(9,6)
74.538
Buy
STOCHRSI(14)
39.478
Sell
MACD(12,26)
0.003
Buy
ADX(14)
43.639
Buy
Williams %R
-18.722
Overbought
CCI(14)
107.4970
Buy
ATR(14)
0.0026
High Volatility
Highs/Lows(14)
0.0012
Buy
Ultimate Oscillator
69.362
Buy
ROC
0.635
Buy
Bull/Bear Power(13)
0.0032
Buy
Buy: 9
Sell: 1
Neutral: 0


Summary:Strong Buy","Jun 17, 2021 08:25PM GMT"
usd_chf,0.9178 +0.0092    +1.02%,16:27:41,2021-06-17 20:28:10.270656,"Prev. Close: 0.9085
Bid/Ask: 0.9177 / 0.9178
Day's Range: 0.9076 - 0.9188",Strong Buy,"Summary:Strong Buy
Moving Averages:Strong BuyBuy (11)Sell (1)
Technical Indicators:Strong BuyBuy (7)Sell (0)","Name
S3
S2
S1
Pivot Points
R1
R2
R3
Classic
0.9165
0.9168
0.9174
0.9177
0.9182
0.9186
0.9191
Fibonacci
0.9168
0.9171
0.9174
0.9177
0.9180
0.9183
0.9186
Camarilla
0.9176
0.9177
0.9178
0.9177
0.9179
0.9180
0.9181
Woodie's
0.9165
0.9168
0.9174
0.9177
0.9182
0.9186
0.9191
DeMark's
-
-
0.9175
0.9178
0.9184
-
-","Technical IndicatorsJun 17, 2021 08:27PM GMT
Name
Value
Action
RSI(14)
76.376
Overbought
STOCH(9,6)
81.923
Overbought
STOCHRSI(14)
6.289
Oversold
MACD(12,26)
0.004
Buy
ADX(14)
43.654
Buy
Williams %R
-12.069
Overbought
CCI(14)
115.6213
Buy
ATR(14)
0.0017
High Volatility
Highs/Lows(14)
0.0013
Buy
Ultimate Oscillator
64.515
Buy
ROC
0.829
Buy
Bull/Bear Power(13)
0.0037
Buy
Buy: 7
Sell: 0
Neutral: 0


Summary:Strong Buy","Jun 17, 2021 08:27PM GMT"
nzd_chf,0.6426 +0.0022    +0.34%,16:27:41,2021-06-17 20:28:10.273442,"Prev. Close: 0.6404
Bid/Ask: 0.6425 / 0.6426
Day's Range: 0.6406 - 0.6453",Neutral,"Summary:Neutral
Moving Averages:BuyBuy (9)Sell (3)
Technical Indicators:NeutralBuy (3)Sell (3)","Name
S3
S2
S1
Pivot Points
R1
R2
R3
Classic
0.6412
0.6417
0.6421
0.6426
0.6430
0.6435
0.6439
Fibonacci
0.6417
0.6420
0.6423
0.6426
0.6429
0.6432
0.6435
Camarilla
0.6422
0.6422
0.6423
0.6426
0.6425
0.6426
0.6426
Woodie's
0.6410
0.6416
0.6419
0.6425
0.6428
0.6434
0.6437
DeMark's
-
-
0.6418
0.6425
0.6428
-
-","Technical IndicatorsJun 17, 2021 08:25PM GMT
Name
Value
Action
RSI(14)
51.251
Neutral
STOCH(9,6)
57.297
Buy
STOCHRSI(14)
46.248
Neutral
MACD(12,26)
0.000
Buy
ADX(14)
26.540
Buy
Williams %R
-54.839
Neutral
CCI(14)
-18.5806
Neutral
ATR(14)
0.0012
Less Volatility
Highs/Lows(14)
0.0000
Neutral
Ultimate Oscillator
48.787
Sell
ROC
-0.155
Sell
Bull/Bear Power(13)
-0.0009
Sell
Buy: 3
Sell: 3
Neutral: 5


Summary:Neutral","Jun 17, 2021 08:25PM GMT"
usd_cny,6.4484 +0.0515    +0.80%,11:27:22,2021-06-17 20:28:10.276252,"Prev. Close: 6.3969
Bid/Ask: 6.4477 / 6.4490
Day's Range: 6.3972 - 6.4494",Strong Buy,"Summary:Strong Buy
Moving Averages:BuyBuy (12)Sell (0)
Technical Indicators:Strong BuyBuy (7)Sell (0)","Name
S3
S2
S1
Pivot Points
R1
R2
R3
Classic
6.4380
6.4399
6.4436
6.4455
6.4492
6.4511
6.4548
Fibonacci
6.4399
6.4420
6.4434
6.4455
6.4476
6.4490
6.4511
Camarilla
6.4458
6.4463
6.4468
6.4455
6.4479
6.4484
6.4489
Woodie's
6.4390
6.4404
6.4446
6.4460
6.4502
6.4516
6.4558
DeMark's
-
-
6.4446
6.4460
6.4502
-
-","Technical IndicatorsJun 17, 2021 03:34PM GMT
Name
Value
Action
RSI(14)
85.433
Overbought
STOCH(9,6)
77.649
Buy
STOCHRSI(14)
100.000
Overbought
MACD(12,26)
0.011
Buy
ADX(14)
61.337
Buy
Williams %R
-3.426
Overbought
CCI(14)
151.8010
Buy
ATR(14)
0.0041
Less Volatility
Highs/Lows(14)
0.0141
Buy
Ultimate Oscillator
82.973
Overbought
ROC
0.391
Buy
Bull/Bear Power(13)
0.0286
Buy
Buy: 7
Sell: 0
Neutral: 0


Summary:Strong Buy","Jun 17, 2021 03:34PM GMT"
usd_hkd,7.7643 +0.0013    +0.02%,16:27:42,2021-06-17 20:28:10.279073,"Prev. Close: 7.7630
Bid/Ask: 7.7642 / 7.7643
Day's Range: 7.7625 - 7.7656",Neutral,"Summary:Neutral
Moving Averages:BuyBuy (7)Sell (5)
Technical Indicators:SellBuy (2)Sell (3)","Name
S3
S2
S1
Pivot Points
R1
R2
R3
Classic
7.7647
7.7647
7.7649
7.7649
7.7650
7.7651
7.7652
Fibonacci
7.7647
7.7648
7.7648
7.7649
7.7650
7.7650
7.7651
Camarilla
7.7649
7.7649
7.7649
7.7649
7.7650
7.7650
7.7650
Woodie's
7.7647
7.7647
7.7649
7.7649
7.7650
7.7651
7.7652
DeMark's
-
-
7.7649
7.7649
7.7650
-
-","Technical IndicatorsJun 17, 2021 08:27PM GMT
Name
Value
Action
RSI(14)
51.966
Neutral
STOCH(9,6)
47.804
Neutral
STOCHRSI(14)
11.692
Oversold
MACD(12,26)
0.000
Buy
ADX(14)
40.015
Neutral
Williams %R
-68.432
Sell
CCI(14)
-39.1439
Neutral
ATR(14)
0.0009
Less Volatility
Highs/Lows(14)
0.0000
Neutral
Ultimate Oscillator
48.766
Sell
ROC
-0.013
Sell
Bull/Bear Power(13)
0.0010
Buy
Buy: 2
Sell: 3
Neutral: 5


Summary:Sell","Jun 17, 2021 08:27PM GMT"
eur_usd,1.1904 -0.0090    -0.75%,16:28:50,2021-06-17 20:29:10.176710,"Prev. Close: 1.1994
Bid/Ask: 1.1902 / 1.1906
Day's Range: 1.1892 - 1.2007",Strong Sell,"Summary:Strong Sell
Moving Averages:Strong SellBuy (0)Sell (12)
Technical Indicators:Strong SellBuy (0)Sell (9)","Name
S3
S2
S1
Pivot Points
R1
R2
R3
Classic
1.1884
1.1892
1.1898
1.1906
1.1911
1.1920
1.1925
Fibonacci
1.1892
1.1898
1.1901
1.1906
1.1911
1.1914
1.1920
Camarilla
1.1898
1.1900
1.1901
1.1906
1.1903
1.1904
1.1906
Woodie's
1.1882
1.1891
1.1896
1.1905
1.1909
1.1919
1.1923
DeMark's
-
-
1.1895
1.1905
1.1908
-
-","Technical IndicatorsJun 17, 2021 08:27PM GMT
Name
Value
Action
RSI(14)
27.062
Sell
STOCH(9,6)
22.150
Sell
STOCHRSI(14)
94.347
Overbought
MACD(12,26)
-0.004
Sell
ADX(14)
43.815
Sell
Williams %R
-86.155
Oversold
CCI(14)
-130.7941
Sell
ATR(14)
0.0021
Less Volatility
Highs/Lows(14)
-0.0013
Sell
Ultimate Oscillator
37.890
Sell
ROC
-0.680
Sell
Bull/Bear Power(13)
-0.0054
Sell
Buy: 0
Sell: 9
Neutral: 0


Summary:Strong Sell","Jun 17, 2021 08:27PM GMT"
gbp_usd,1.3925 -0.0062    -0.44%,16:28:46,2021-06-17 20:29:10.180438,"Prev. Close: 1.3987
Bid/Ask: 1.3924 / 1.3926
Day's Range: 1.3896 - 1.4010",Strong Sell,"Summary:Strong Sell
Moving Averages:SellBuy (2)Sell (10)
Technical Indicators:Strong SellBuy (0)Sell (10)","Name
S3
S2
S1
Pivot Points
R1
R2
R3
Classic
1.3904
1.3911
1.3916
1.3923
1.3929
1.3935
1.3941
Fibonacci
1.3911
1.3916
1.3918
1.3923
1.3928
1.3930
1.3935
Camarilla
1.3917
1.3918
1.3919
1.3923
1.3922
1.3923
1.3924
Woodie's
1.3902
1.3910
1.3914
1.3922
1.3927
1.3934
1.3939
DeMark's
-
-
1.3913
1.3921
1.3925
-
-","Technical IndicatorsJun 17, 2021 08:27PM GMT
Name
Value
Action
RSI(14)
36.000
Sell
STOCH(9,6)
27.504
Sell
STOCHRSI(14)
100.000
Overbought
MACD(12,26)
-0.003
Sell
ADX(14)
42.842
Sell
Williams %R
-72.728
Sell
CCI(14)
-78.2221
Sell
ATR(14)
0.0026
High Volatility
Highs/Lows(14)
-0.0006
Sell
Ultimate Oscillator
35.002
Sell
ROC
-0.497
Sell
Bull/Bear Power(13)
-0.0036
Sell
Buy: 0
Sell: 10
Neutral: 0


Summary:Strong Sell","Jun 17, 2021 08:27PM GMT"
usd_jpy,110.29 -0.41    -0.37%,16:28:38,2021-06-17 20:29:10.183568,"Prev. Close: 110.69
Bid/Ask: 110.28 / 110.29
Day's Range: 110.17 - 110.83",Strong Sell,"Summary:Strong Sell
Moving Averages:SellBuy (5)Sell (7)
Technical Indicators:Strong SellBuy (0)Sell (8)","Name
S3
S2
S1
Pivot Points
R1
R2
R3
Classic
110.18
110.22
110.24
110.28
110.31
110.34
110.37
Fibonacci
110.22
110.24
110.26
110.28
110.30
110.32
110.34
Camarilla
110.25
110.26
110.26
110.28
110.28
110.28
110.29
Woodie's
110.18
110.22
110.24
110.28
110.31
110.34
110.37
DeMark's
-
-
110.26
110.29
110.32
-
-","Technical IndicatorsJun 17, 2021 08:27PM GMT
Name
Value
Action
RSI(14)
42.890
Sell
STOCH(9,6)
16.997
Oversold
STOCHRSI(14)
16.854
Oversold
MACD(12,26)
-0.020
Sell
ADX(14)
34.221
Sell
Williams %R
-81.513
Oversold
CCI(14)
-72.0751
Sell
ATR(14)
0.1254
Less Volatility
Highs/Lows(14)
-0.1086
Sell
Ultimate Oscillator
42.186
Sell
ROC
-0.339
Sell
Bull/Bear Power(13)
-0.2160
Sell
Buy: 0
Sell: 8
Neutral: 0


Summary:Strong Sell","Jun 17, 2021 08:27PM GMT"
aud_usd,0.7549 -0.0061    -0.80%,16:28:32,2021-06-17 20:29:10.186488,"Prev. Close: 0.7610
Bid/Ask: 0.7548 / 0.7550
Day's Range: 0.7540 - 0.7646",Strong Sell,"Summary:Strong Sell
Moving Averages:Strong SellBuy (0)Sell (12)
Technical Indicators:Strong SellBuy (0)Sell (8)","Name
S3
S2
S1
Pivot Points
R1
R2
R3
Classic
0.7533
0.7539
0.7543
0.7549
0.7553
0.7559
0.7562
Fibonacci
0.7539
0.7543
0.7545
0.7549
0.7553
0.7555
0.7559
Camarilla
0.7545
0.7546
0.7547
0.7549
0.7548
0.7549
0.7550
Woodie's
0.7533
0.7539
0.7543
0.7549
0.7553
0.7559
0.7562
DeMark's
-
-
0.7541
0.7548
0.7551
-
-","Technical IndicatorsJun 17, 2021 08:27PM GMT
Name
Value
Action
RSI(14)
27.300
Sell
STOCH(9,6)
17.525
Oversold
STOCHRSI(14)
75.329
Overbought
MACD(12,26)
-0.003
Sell
ADX(14)
54.197
Sell
Williams %R
-88.827
Oversold
CCI(14)
-94.4018
Sell
ATR(14)
0.0018
Less Volatility
Highs/Lows(14)
-0.0014
Sell
Ultimate Oscillator
34.999
Sell
ROC
-0.938
Sell
Bull/Bear Power(13)
-0.0043
Sell
Buy: 0
Sell: 8
Neutral: 0


Summary:Strong Sell","Jun 17, 2021 08:27PM GMT"
eur_gbp,0.8549 -0.0024    -0.28%,16:28:33,2021-06-17 20:29:10.189312,"Prev. Close: 0.8573
Bid/Ask: 0.8548 / 0.8550
Day's Range: 0.8542 - 0.8580",Strong Sell,"Summary:Strong Sell
Moving Averages:Strong SellBuy (0)Sell (12)
Technical Indicators:Strong SellBuy (2)Sell (8)","Name
S3
S2
S1
Pivot Points
R1
R2
R3
Classic
0.8538
0.8543
0.8547
0.8551
0.8555
0.8559
0.8563
Fibonacci
0.8543
0.8546
0.8548
0.8551
0.8554
0.8556
0.8559
Camarilla
0.8548
0.8549
0.8550
0.8551
0.8551
0.8552
0.8553
Woodie's
0.8538
0.8543
0.8547
0.8551
0.8555
0.8559
0.8563
DeMark's
-
-
0.8545
0.8550
0.8553
-
-","Technical IndicatorsJun 17, 2021 08:27PM GMT
Name
Value
Action
RSI(14)
34.454
Sell
STOCH(9,6)
41.297
Sell
STOCHRSI(14)
56.372
Buy
MACD(12,26)
-0.001
Sell
ADX(14)
43.306
Sell
Williams %R
-71.666
Sell
CCI(14)
-132.9967
Sell
ATR(14)
0.0011
High Volatility
Highs/Lows(14)
0.0000
Neutral
Ultimate Oscillator
55.831
Buy
ROC
-0.181
Sell
Bull/Bear Power(13)
-0.0022
Sell
Buy: 2
Sell: 8
Neutral: 1


Summary:Strong Sell","Jun 17, 2021 08:27PM GMT"
usd_cad,1.2357 +0.0080    +0.66%,16:28:43,2021-06-17 20:29:10.192131,"Prev. Close: 1.2276
Bid/Ask: 1.2356 / 1.2357
Day's Range: 1.2261 - 1.2378",Strong Buy,"Summary:Strong Buy
Moving Averages:BuyBuy (12)Sell (0)
Technical Indicators:Strong BuyBuy (10)Sell (1)","Name
S3
S2
S1
Pivot Points
R1
R2
R3
Classic
1.2333
1.2339
1.2349
1.2356
1.2366
1.2373
1.2383
Fibonacci
1.2339
1.2346
1.2350
1.2356
1.2362
1.2366
1.2373
Camarilla
1.2354
1.2356
1.2357
1.2356
1.2361
1.2362
1.2364
Woodie's
1.2335
1.2340
1.2351
1.2357
1.2368
1.2374
1.2385
DeMark's
-
-
1.2352
1.2357
1.2369
-
-","Technical IndicatorsJun 17, 2021 08:27PM GMT
Name
Value
Action
RSI(14)
70.516
Buy
STOCH(9,6)
74.235
Buy
STOCHRSI(14)
33.436
Sell
MACD(12,26)
0.003
Buy
ADX(14)
43.639
Buy
Williams %R
-20.091
Buy
CCI(14)
104.6759
Buy
ATR(14)
0.0026
High Volatility
Highs/Lows(14)
0.0011
Buy
Ultimate Oscillator
68.824
Buy
ROC
0.623
Buy
Bull/Bear Power(13)
0.0031
Buy
Buy: 10
Sell: 1
Neutral: 0


Summary:Strong Buy","Jun 17, 2021 08:27PM GMT"
usd_chf,0.9178 +0.0092    +1.02%,16:28:07,2021-06-17 20:29:10.194950,"Prev. Close: 0.9085
Bid/Ask: 0.9177 / 0.9178
Day's Range: 0.9076 - 0.9188",Strong Buy,"Summary:Strong Buy
Moving Averages:Strong BuyBuy (11)Sell (1)
Technical Indicators:Strong BuyBuy (7)Sell (0)","Name
S3
S2
S1
Pivot Points
R1
R2
R3
Classic
0.9165
0.9168
0.9174
0.9177
0.9182
0.9186
0.9191
Fibonacci
0.9168
0.9171
0.9174
0.9177
0.9180
0.9183
0.9186
Camarilla
0.9176
0.9177
0.9178
0.9177
0.9179
0.9180
0.9181
Woodie's
0.9165
0.9168
0.9174
0.9177
0.9182
0.9186
0.9191
DeMark's
-
-
0.9175
0.9178
0.9184
-
-","Technical IndicatorsJun 17, 2021 08:29PM GMT
Name
Value
Action
RSI(14)
76.376
Overbought
STOCH(9,6)
81.923
Overbought
STOCHRSI(14)
6.289
Oversold
MACD(12,26)
0.004
Buy
ADX(14)
43.654
Buy
Williams %R
-12.069
Overbought
CCI(14)
115.6213
Buy
ATR(14)
0.0017
High Volatility
Highs/Lows(14)
0.0013
Buy
Ultimate Oscillator
64.515
Buy
ROC
0.829
Buy
Bull/Bear Power(13)
0.0037
Buy
Buy: 7
Sell: 0
Neutral: 0


Summary:Strong Buy","Jun 17, 2021 08:29PM GMT"
nzd_chf,0.6427 +0.0022    +0.35%,16:28:52,2021-06-17 20:29:10.197725,"Prev. Close: 0.6404
Bid/Ask: 0.6426 / 0.6427
Day's Range: 0.6406 - 0.6453",Neutral,"Summary:Neutral
Moving Averages:NeutralBuy (6)Sell (6)
Technical Indicators:SellBuy (3)Sell (5)","Name
S3
S2
S1
Pivot Points
R1
R2
R3
Classic
0.6412
0.6417
0.6421
0.6426
0.6430
0.6435
0.6439
Fibonacci
0.6417
0.6420
0.6423
0.6426
0.6429
0.6432
0.6435
Camarilla
0.6422
0.6422
0.6423
0.6426
0.6425
0.6426
0.6426
Woodie's
0.6410
0.6416
0.6419
0.6425
0.6428
0.6434
0.6437
DeMark's
-
-
0.6418
0.6425
0.6428
-
-","Technical IndicatorsJun 17, 2021 08:27PM GMT
Name
Value
Action
RSI(14)
50.144
Neutral
STOCH(9,6)
56.297
Buy
STOCHRSI(14)
42.005
Sell
MACD(12,26)
0.000
Buy
ADX(14)
26.540
Buy
Williams %R
-58.065
Sell
CCI(14)
-22.7875
Neutral
ATR(14)
0.0012
Less Volatility
Highs/Lows(14)
0.0000
Neutral
Ultimate Oscillator
47.033
Sell
ROC
-0.179
Sell
Bull/Bear Power(13)
-0.0009
Sell
Buy: 3
Sell: 5
Neutral: 3


Summary:Sell","Jun 17, 2021 08:27PM GMT"
usd_cny,6.4484 +0.0515    +0.80%,11:27:22,2021-06-17 20:29:10.200517,"Prev. Close: 6.3969
Bid/Ask: 6.4477 / 6.4490
Day's Range: 6.3972 - 6.4494",Strong Buy,"Summary:Strong Buy
Moving Averages:BuyBuy (12)Sell (0)
Technical Indicators:Strong BuyBuy (7)Sell (0)","Name
S3
S2
S1
Pivot Points
R1
R2
R3
Classic
6.4380
6.4399
6.4436
6.4455
6.4492
6.4511
6.4548
Fibonacci
6.4399
6.4420
6.4434
6.4455
6.4476
6.4490
6.4511
Camarilla
6.4458
6.4463
6.4468
6.4455
6.4479
6.4484
6.4489
Woodie's
6.4390
6.4404
6.4446
6.4460
6.4502
6.4516
6.4558
DeMark's
-
-
6.4446
6.4460
6.4502
-
-","Technical IndicatorsJun 17, 2021 03:34PM GMT
Name
Value
Action
RSI(14)
85.433
Overbought
STOCH(9,6)
77.649
Buy
STOCHRSI(14)
100.000
Overbought
MACD(12,26)
0.011
Buy
ADX(14)
61.337
Buy
Williams %R
-3.426
Overbought
CCI(14)
151.8010
Buy
ATR(14)
0.0041
Less Volatility
Highs/Lows(14)
0.0141
Buy
Ultimate Oscillator
82.973
Overbought
ROC
0.391
Buy
Bull/Bear Power(13)
0.0286
Buy
Buy: 7
Sell: 0
Neutral: 0


Summary:Strong Buy","Jun 17, 2021 03:34PM GMT"
usd_hkd,7.7643 +0.0013    +0.02%,16:28:44,2021-06-17 20:29:10.203317,"Prev. Close: 7.7630
Bid/Ask: 7.7642 / 7.7643
Day's Range: 7.7625 - 7.7656",Neutral,"Summary:Neutral
Moving Averages:BuyBuy (7)Sell (5)
Technical Indicators:SellBuy (2)Sell (3)","Name
S3
S2
S1
Pivot Points
R1
R2
R3
Classic
7.7647
7.7647
7.7649
7.7649
7.7650
7.7651
7.7652
Fibonacci
7.7647
7.7648
7.7648
7.7649
7.7650
7.7650
7.7651
Camarilla
7.7649
7.7649
7.7649
7.7649
7.7650
7.7650
7.7650
Woodie's
7.7647
7.7647
7.7649
7.7649
7.7650
7.7651
7.7652
DeMark's
-
-
7.7649
7.7649
7.7650
-
-","Technical IndicatorsJun 17, 2021 08:27PM GMT
Name
Value
Action
RSI(14)
51.966
Neutral
STOCH(9,6)
47.804
Neutral
STOCHRSI(14)
11.692
Oversold
MACD(12,26)
0.000
Buy
ADX(14)
40.015
Neutral
Williams %R
-68.432
Sell
CCI(14)
-39.1439
Neutral
ATR(14)
0.0009
Less Volatility
Highs/Lows(14)
0.0000
Neutral
Ultimate Oscillator
48.766
Sell
ROC
-0.013
Sell
Bull/Bear Power(13)
0.0010
Buy
Buy: 2
Sell: 3
Neutral: 5


Summary:Sell","Jun 17, 2021 08:27PM GMT"
eur_usd,1.1904 -0.0091    -0.75%,16:29:38,2021-06-17 20:30:10.325406,"Prev. Close: 1.1994
Bid/Ask: 1.1903 / 1.1904
Day's Range: 1.1892 - 1.2007",Strong Sell,"Summary:Strong Sell
Moving Averages:Strong SellBuy (0)Sell (12)
Technical Indicators:Strong SellBuy (0)Sell (9)","Name
S3
S2
S1
Pivot Points
R1
R2
R3
Classic
1.1884
1.1892
1.1898
1.1906
1.1911
1.1920
1.1925
Fibonacci
1.1892
1.1898
1.1901
1.1906
1.1911
1.1914
1.1920
Camarilla
1.1898
1.1900
1.1901
1.1906
1.1903
1.1904
1.1906
Woodie's
1.1882
1.1891
1.1896
1.1905
1.1909
1.1919
1.1923
DeMark's
-
-
1.1895
1.1905
1.1908
-
-","Technical IndicatorsJun 17, 2021 08:27PM GMT
Name
Value
Action
RSI(14)
27.062
Sell
STOCH(9,6)
22.150
Sell
STOCHRSI(14)
94.347
Overbought
MACD(12,26)
-0.004
Sell
ADX(14)
43.815
Sell
Williams %R
-86.155
Oversold
CCI(14)
-130.7941
Sell
ATR(14)
0.0021
Less Volatility
Highs/Lows(14)
-0.0013
Sell
Ultimate Oscillator
37.890
Sell
ROC
-0.680
Sell
Bull/Bear Power(13)
-0.0054
Sell
Buy: 0
Sell: 9
Neutral: 0


Summary:Strong Sell","Jun 17, 2021 08:27PM GMT"
gbp_usd,1.3923 -0.0064    -0.46%,16:29:36,2021-06-17 20:30:10.329130,"Prev. Close: 1.3987
Bid/Ask: 1.3921 / 1.3925
Day's Range: 1.3896 - 1.4010",Strong Sell,"Summary:Strong Sell
Moving Averages:SellBuy (2)Sell (10)
Technical Indicators:Strong SellBuy (0)Sell (10)","Name
S3
S2
S1
Pivot Points
R1
R2
R3
Classic
1.3904
1.3911
1.3916
1.3923
1.3929
1.3935
1.3941
Fibonacci
1.3911
1.3916
1.3918
1.3923
1.3928
1.3930
1.3935
Camarilla
1.3917
1.3918
1.3919
1.3923
1.3922
1.3923
1.3924
Woodie's
1.3902
1.3910
1.3914
1.3922
1.3927
1.3934
1.3939
DeMark's
-
-
1.3913
1.3921
1.3925
-
-","Technical IndicatorsJun 17, 2021 08:29PM GMT
Name
Value
Action
RSI(14)
36.368
Sell
STOCH(9,6)
27.754
Sell
STOCHRSI(14)
100.000
Overbought
MACD(12,26)
-0.003
Sell
ADX(14)
42.842
Sell
Williams %R
-71.771
Sell
CCI(14)
-76.2372
Sell
ATR(14)
0.0026
High Volatility
Highs/Lows(14)
-0.0005
Sell
Ultimate Oscillator
35.307
Sell
ROC
-0.489
Sell
Bull/Bear Power(13)
-0.0035
Sell
Buy: 0
Sell: 10
Neutral: 0


Summary:Strong Sell","Jun 17, 2021 08:29PM GMT"
usd_jpy,110.27 -0.42    -0.38%,16:29:40,2021-06-17 20:30:10.332081,"Prev. Close: 110.69
Bid/Ask: 110.26 / 110.27
Day's Range: 110.17 - 110.83",Strong Sell,"Summary:Strong Sell
Moving Averages:SellBuy (5)Sell (7)
Technical Indicators:Strong SellBuy (0)Sell (8)","Name
S3
S2
S1
Pivot Points
R1
R2
R3
Classic
110.18
110.22
110.24
110.28
110.31
110.34
110.37
Fibonacci
110.22
110.24
110.26
110.28
110.30
110.32
110.34
Camarilla
110.25
110.26
110.26
110.28
110.28
110.28
110.29
Woodie's
110.18
110.22
110.24
110.28
110.31
110.34
110.37
DeMark's
-
-
110.26
110.29
110.32
-
-","Technical IndicatorsJun 17, 2021 08:29PM GMT
Name
Value
Action
RSI(14)
42.564
Sell
STOCH(9,6)
16.844
Oversold
STOCHRSI(14)
15.666
Oversold
MACD(12,26)
-0.020
Sell
ADX(14)
34.221
Sell
Williams %R
-82.352
Oversold
CCI(14)
-72.6412
Sell
ATR(14)
0.1254
Less Volatility
Highs/Lows(14)
-0.1136
Sell
Ultimate Oscillator
41.747
Sell
ROC
-0.343
Sell
Bull/Bear Power(13)
-0.2160
Sell
Buy: 0
Sell: 8
Neutral: 0


Summary:Strong Sell","Jun 17, 2021 08:29PM GMT"
aud_usd,0.7550 -0.0060    -0.80%,16:29:39,2021-06-17 20:30:10.334915,"Prev. Close: 0.7610
Bid/Ask: 0.7549 / 0.7550
Day's Range: 0.7540 - 0.7646",Strong Sell,"Summary:Strong Sell
Moving Averages:Strong SellBuy (0)Sell (12)
Technical Indicators:Strong SellBuy (0)Sell (8)","Name
S3
S2
S1
Pivot Points
R1
R2
R3
Classic
0.7533
0.7539
0.7543
0.7549
0.7553
0.7559
0.7562
Fibonacci
0.7539
0.7543
0.7545
0.7549
0.7553
0.7555
0.7559
Camarilla
0.7545
0.7546
0.7547
0.7549
0.7548
0.7549
0.7550
Woodie's
0.7533
0.7539
0.7543
0.7549
0.7553
0.7559
0.7562
DeMark's
-
-
0.7541
0.7548
0.7551
-
-","Technical IndicatorsJun 17, 2021 08:29PM GMT
Name
Value
Action
RSI(14)
27.300
Sell
STOCH(9,6)
17.525
Oversold
STOCHRSI(14)
75.329
Overbought
MACD(12,26)
-0.003
Sell
ADX(14)
54.197
Sell
Williams %R
-88.827
Oversold
CCI(14)
-94.4018
Sell
ATR(14)
0.0018
Less Volatility
Highs/Lows(14)
-0.0014
Sell
Ultimate Oscillator
34.999
Sell
ROC
-0.938
Sell
Bull/Bear Power(13)
-0.0043
Sell
Buy: 0
Sell: 8
Neutral: 0


Summary:Strong Sell","Jun 17, 2021 08:29PM GMT"
eur_gbp,0.8549 -0.0024    -0.28%,16:29:44,2021-06-17 20:30:10.337694,"Prev. Close: 0.8573
Bid/Ask: 0.8548 / 0.8550
Day's Range: 0.8542 - 0.8580",Strong Sell,"Summary:Strong Sell
Moving Averages:Strong SellBuy (0)Sell (12)
Technical Indicators:Strong SellBuy (1)Sell (9)","Name
S3
S2
S1
Pivot Points
R1
R2
R3
Classic
0.8538
0.8543
0.8547
0.8551
0.8555
0.8559
0.8563
Fibonacci
0.8543
0.8546
0.8548
0.8551
0.8554
0.8556
0.8559
Camarilla
0.8548
0.8549
0.8550
0.8551
0.8551
0.8552
0.8553
Woodie's
0.8538
0.8543
0.8547
0.8551
0.8555
0.8559
0.8563
DeMark's
-
-
0.8545
0.8550
0.8553
-
-","Technical IndicatorsJun 17, 2021 08:29PM GMT
Name
Value
Action
RSI(14)
33.187
Sell
STOCH(9,6)
40.062
Sell
STOCHRSI(14)
50.874
Neutral
MACD(12,26)
-0.001
Sell
ADX(14)
43.306
Sell
Williams %R
-78.334
Sell
CCI(14)
-143.0882
Sell
ATR(14)
0.0011
High Volatility
Highs/Lows(14)
-0.0002
Sell
Ultimate Oscillator
53.387
Buy
ROC
-0.204
Sell
Bull/Bear Power(13)
-0.0022
Sell
Buy: 1
Sell: 9
Neutral: 1


Summary:Strong Sell","Jun 17, 2021 08:29PM GMT"
usd_cad,1.2357 +0.0081    +0.66%,16:29:38,2021-06-17 20:30:10.340506,"Prev. Close: 1.2276
Bid/Ask: 1.2356 / 1.2358
Day's Range: 1.2261 - 1.2378",Strong Buy,"Summary:Strong Buy
Moving Averages:BuyBuy (12)Sell (0)
Technical Indicators:Strong BuyBuy (10)Sell (1)","Name
S3
S2
S1
Pivot Points
R1
R2
R3
Classic
1.2333
1.2339
1.2349
1.2356
1.2366
1.2373
1.2383
Fibonacci
1.2339
1.2346
1.2350
1.2356
1.2362
1.2366
1.2373
Camarilla
1.2354
1.2356
1.2357
1.2356
1.2361
1.2362
1.2364
Woodie's
1.2335
1.2340
1.2351
1.2357
1.2368
1.2374
1.2385
DeMark's
-
-
1.2352
1.2357
1.2369
-
-","Technical IndicatorsJun 17, 2021 08:27PM GMT
Name
Value
Action
RSI(14)
70.516
Buy
STOCH(9,6)
74.235
Buy
STOCHRSI(14)
33.436
Sell
MACD(12,26)
0.003
Buy
ADX(14)
43.639
Buy
Williams %R
-20.091
Buy
CCI(14)
104.6759
Buy
ATR(14)
0.0026
High Volatility
Highs/Lows(14)
0.0011
Buy
Ultimate Oscillator
68.824
Buy
ROC
0.623
Buy
Bull/Bear Power(13)
0.0031
Buy
Buy: 10
Sell: 1
Neutral: 0


Summary:Strong Buy","Jun 17, 2021 08:27PM GMT"
usd_chf,0.9179 +0.0094    +1.03%,16:29:42,2021-06-17 20:30:10.343329,"Prev. Close: 0.9085
Bid/Ask: 0.9177 / 0.9181
Day's Range: 0.9076 - 0.9188",Strong Buy,"Summary:Strong Buy
Moving Averages:Strong BuyBuy (11)Sell (1)
Technical Indicators:Strong BuyBuy (7)Sell (0)","Name
S3
S2
S1
Pivot Points
R1
R2
R3
Classic
0.9165
0.9168
0.9174
0.9177
0.9182
0.9186
0.9191
Fibonacci
0.9168
0.9171
0.9174
0.9177
0.9180
0.9183
0.9186
Camarilla
0.9176
0.9177
0.9178
0.9177
0.9179
0.9180
0.9181
Woodie's
0.9165
0.9168
0.9174
0.9177
0.9182
0.9186
0.9191
DeMark's
-
-
0.9175
0.9178
0.9184
-
-","Technical IndicatorsJun 17, 2021 08:29PM GMT
Name
Value
Action
RSI(14)
76.376
Overbought
STOCH(9,6)
81.923
Overbought
STOCHRSI(14)
6.289
Oversold
MACD(12,26)
0.004
Buy
ADX(14)
43.654
Buy
Williams %R
-12.069
Overbought
CCI(14)
115.6213
Buy
ATR(14)
0.0017
High Volatility
Highs/Lows(14)
0.0013
Buy
Ultimate Oscillator
64.515
Buy
ROC
0.829
Buy
Bull/Bear Power(13)
0.0037
Buy
Buy: 7
Sell: 0
Neutral: 0


Summary:Strong Buy","Jun 17, 2021 08:29PM GMT"
nzd_chf,0.6427 +0.0023    +0.36%,16:29:42,2021-06-17 20:30:10.346131,"Prev. Close: 0.6404
Bid/Ask: 0.6425 / 0.6429
Day's Range: 0.6406 - 0.6453",Neutral,"Summary:Neutral
Moving Averages:BuyBuy (8)Sell (4)
Technical Indicators:SellBuy (3)Sell (5)","Name
S3
S2
S1
Pivot Points
R1
R2
R3
Classic
0.6412
0.6417
0.6421
0.6426
0.6430
0.6435
0.6439
Fibonacci
0.6417
0.6420
0.6423
0.6426
0.6429
0.6432
0.6435
Camarilla
0.6422
0.6422
0.6423
0.6426
0.6425
0.6426
0.6426
Woodie's
0.6410
0.6416
0.6419
0.6425
0.6428
0.6434
0.6437
DeMark's
-
-
0.6418
0.6425
0.6428
-
-","Technical IndicatorsJun 17, 2021 08:29PM GMT
Name
Value
Action
RSI(14)
50.887
Neutral
STOCH(9,6)
56.963
Buy
STOCHRSI(14)
44.852
Sell
MACD(12,26)
0.000
Buy
ADX(14)
26.540
Buy
Williams %R
-55.914
Sell
CCI(14)
-19.9872
Neutral
ATR(14)
0.0012
Less Volatility
Highs/Lows(14)
0.0000
Neutral
Ultimate Oscillator
48.202
Sell
ROC
-0.163
Sell
Bull/Bear Power(13)
-0.0009
Sell
Buy: 3
Sell: 5
Neutral: 3


Summary:Sell","Jun 17, 2021 08:29PM GMT"
usd_cny,6.4484 +0.0515    +0.80%,11:27:22,2021-06-17 20:30:10.348942,"Prev. Close: 6.3969
Bid/Ask: 6.4477 / 6.4490
Day's Range: 6.3972 - 6.4494",Strong Buy,"Summary:Strong Buy
Moving Averages:BuyBuy (12)Sell (0)
Technical Indicators:Strong BuyBuy (7)Sell (0)","Name
S3
S2
S1
Pivot Points
R1
R2
R3
Classic
6.4380
6.4399
6.4436
6.4455
6.4492
6.4511
6.4548
Fibonacci
6.4399
6.4420
6.4434
6.4455
6.4476
6.4490
6.4511
Camarilla
6.4458
6.4463
6.4468
6.4455
6.4479
6.4484
6.4489
Woodie's
6.4390
6.4404
6.4446
6.4460
6.4502
6.4516
6.4558
DeMark's
-
-
6.4446
6.4460
6.4502
-
-","Technical IndicatorsJun 17, 2021 03:34PM GMT
Name
Value
Action
RSI(14)
85.433
Overbought
STOCH(9,6)
77.649
Buy
STOCHRSI(14)
100.000
Overbought
MACD(12,26)
0.011
Buy
ADX(14)
61.337
Buy
Williams %R
-3.426
Overbought
CCI(14)
151.8010
Buy
ATR(14)
0.0041
Less Volatility
Highs/Lows(14)
0.0141
Buy
Ultimate Oscillator
82.973
Overbought
ROC
0.391
Buy
Bull/Bear Power(13)
0.0286
Buy
Buy: 7
Sell: 0
Neutral: 0


Summary:Strong Buy","Jun 17, 2021 03:34PM GMT"
usd_hkd,7.7642 +0.0011    +0.01%,16:29:28,2021-06-17 20:30:10.351751,"Prev. Close: 7.7630
Bid/Ask: 7.7641 / 7.7642
Day's Range: 7.7625 - 7.7656",Neutral,"Summary:Neutral
Moving Averages:BuyBuy (7)Sell (5)
Technical Indicators:SellBuy (2)Sell (3)","Name
S3
S2
S1
Pivot Points
R1
R2
R3
Classic
7.7647
7.7647
7.7649
7.7649
7.7650
7.7651
7.7652
Fibonacci
7.7647
7.7648
7.7648
7.7649
7.7650
7.7650
7.7651
Camarilla
7.7649
7.7649
7.7649
7.7649
7.7650
7.7650
7.7650
Woodie's
7.7647
7.7647
7.7649
7.7649
7.7650
7.7651
7.7652
DeMark's
-
-
7.7649
7.7649
7.7650
-
-","Technical IndicatorsJun 17, 2021 08:29PM GMT
Name
Value
Action
RSI(14)
51.966
Neutral
STOCH(9,6)
47.804
Neutral
STOCHRSI(14)
11.692
Oversold
MACD(12,26)
0.000
Buy
ADX(14)
40.015
Neutral
Williams %R
-68.432
Sell
CCI(14)
-39.1439
Neutral
ATR(14)
0.0009
Less Volatility
Highs/Lows(14)
0.0000
Neutral
Ultimate Oscillator
48.766
Sell
ROC
-0.013
Sell
Bull/Bear Power(13)
0.0010
Buy
Buy: 2
Sell: 3
Neutral: 5


Summary:Sell","Jun 17, 2021 08:29PM GMT"
eur_usd,1.1905 -0.0089    -0.74%,16:30:51,2021-06-17 20:31:10.498302,"Prev. Close: 1.1994
Bid/Ask: 1.1904 / 1.1906
Day's Range: 1.1892 - 1.2007",Strong Sell,"Summary:Strong Sell
Moving Averages:Strong SellBuy (0)Sell (12)
Technical Indicators:Strong SellBuy (0)Sell (9)","Name
S3
S2
S1
Pivot Points
R1
R2
R3
Classic
1.1884
1.1892
1.1898
1.1906
1.1911
1.1920
1.1925
Fibonacci
1.1892
1.1898
1.1901
1.1906
1.1911
1.1914
1.1920
Camarilla
1.1898
1.1900
1.1901
1.1906
1.1903
1.1904
1.1906
Woodie's
1.1882
1.1891
1.1896
1.1905
1.1909
1.1919
1.1923
DeMark's
-
-
1.1895
1.1905
1.1908
-
-","Technical IndicatorsJun 17, 2021 08:29PM GMT
Name
Value
Action
RSI(14)
26.004
Sell
STOCH(9,6)
21.585
Sell
STOCHRSI(14)
85.887
Overbought
MACD(12,26)
-0.004
Sell
ADX(14)
43.815
Sell
Williams %R
-88.205
Oversold
CCI(14)
-133.2524
Sell
ATR(14)
0.0021
Less Volatility
Highs/Lows(14)
-0.0015
Sell
Ultimate Oscillator
36.772
Sell
ROC
-0.697
Sell
Bull/Bear Power(13)
-0.0054
Sell
Buy: 0
Sell: 9
Neutral: 0


Summary:Strong Sell","Jun 17, 2021 08:29PM GMT"
gbp_usd,1.3925 -0.0062    -0.44%,16:30:38,2021-06-17 20:31:10.502054,"Prev. Close: 1.3987
Bid/Ask: 1.3923 / 1.3927
Day's Range: 1.3896 - 1.4010",Strong Sell,"Summary:Strong Sell
Moving Averages:SellBuy (2)Sell (10)
Technical Indicators:Strong SellBuy (0)Sell (10)","Name
S3
S2
S1
Pivot Points
R1
R2
R3
Classic
1.3904
1.3911
1.3916
1.3923
1.3929
1.3935
1.3941
Fibonacci
1.3911
1.3916
1.3918
1.3923
1.3928
1.3930
1.3935
Camarilla
1.3917
1.3918
1.3919
1.3923
1.3922
1.3923
1.3924
Woodie's
1.3902
1.3910
1.3914
1.3922
1.3927
1.3934
1.3939
DeMark's
-
-
1.3913
1.3921
1.3925
-
-","Technical IndicatorsJun 17, 2021 08:29PM GMT
Name
Value
Action
RSI(14)
36.368
Sell
STOCH(9,6)
27.754
Sell
STOCHRSI(14)
100.000
Overbought
MACD(12,26)
-0.003
Sell
ADX(14)
42.842
Sell
Williams %R
-71.771
Sell
CCI(14)
-76.2372
Sell
ATR(14)
0.0026
High Volatility
Highs/Lows(14)
-0.0005
Sell
Ultimate Oscillator
35.307
Sell
ROC
-0.489
Sell
Bull/Bear Power(13)
-0.0035
Sell
Buy: 0
Sell: 10
Neutral: 0


Summary:Strong Sell","Jun 17, 2021 08:29PM GMT"
usd_jpy,110.28 -0.41    -0.37%,16:30:35,2021-06-17 20:31:10.505152,"Prev. Close: 110.69
Bid/Ask: 110.27 / 110.28
Day's Range: 110.17 - 110.83",Strong Sell,"Summary:Strong Sell
Moving Averages:SellBuy (5)Sell (7)
Technical Indicators:Strong SellBuy (0)Sell (8)","Name
S3
S2
S1
Pivot Points
R1
R2
R3
Classic
110.18
110.22
110.24
110.28
110.31
110.34
110.37
Fibonacci
110.22
110.24
110.26
110.28
110.30
110.32
110.34
Camarilla
110.25
110.26
110.26
110.28
110.28
110.28
110.29
Woodie's
110.18
110.22
110.24
110.28
110.31
110.34
110.37
DeMark's
-
-
110.26
110.29
110.32
-
-","Technical IndicatorsJun 17, 2021 08:29PM GMT
Name
Value
Action
RSI(14)
42.564
Sell
STOCH(9,6)
16.844
Oversold
STOCHRSI(14)
15.666
Oversold
MACD(12,26)
-0.020
Sell
ADX(14)
34.221
Sell
Williams %R
-82.352
Oversold
CCI(14)
-72.6412
Sell
ATR(14)
0.1254
Less Volatility
Highs/Lows(14)
-0.1136
Sell
Ultimate Oscillator
41.747
Sell
ROC
-0.343
Sell
Bull/Bear Power(13)
-0.2160
Sell
Buy: 0
Sell: 8
Neutral: 0


Summary:Strong Sell","Jun 17, 2021 08:29PM GMT"
aud_usd,0.7550 -0.0060    -0.80%,16:30:52,2021-06-17 20:31:10.508087,"Prev. Close: 0.7610
Bid/Ask: 0.7549 / 0.7550
Day's Range: 0.7540 - 0.7646",Strong Sell,"Summary:Strong Sell
Moving Averages:Strong SellBuy (0)Sell (12)
Technical Indicators:Strong SellBuy (0)Sell (8)","Name
S3
S2
S1
Pivot Points
R1
R2
R3
Classic
0.7533
0.7539
0.7543
0.7549
0.7553
0.7559
0.7562
Fibonacci
0.7539
0.7543
0.7545
0.7549
0.7553
0.7555
0.7559
Camarilla
0.7545
0.7546
0.7547
0.7549
0.7548
0.7549
0.7550
Woodie's
0.7533
0.7539
0.7543
0.7549
0.7553
0.7559
0.7562
DeMark's
-
-
0.7541
0.7548
0.7551
-
-","Technical IndicatorsJun 17, 2021 08:29PM GMT
Name
Value
Action
RSI(14)
27.300
Sell
STOCH(9,6)
17.525
Oversold
STOCHRSI(14)
75.329
Overbought
MACD(12,26)
-0.003
Sell
ADX(14)
54.197
Sell
Williams %R
-88.827
Oversold
CCI(14)
-94.4018
Sell
ATR(14)
0.0018
Less Volatility
Highs/Lows(14)
-0.0014
Sell
Ultimate Oscillator
34.999
Sell
ROC
-0.938
Sell
Bull/Bear Power(13)
-0.0043
Sell
Buy: 0
Sell: 8
Neutral: 0


Summary:Strong Sell","Jun 17, 2021 08:29PM GMT"
eur_gbp,0.8548 -0.0025    -0.29%,16:30:34,2021-06-17 20:31:10.510993,"Prev. Close: 0.8573
Bid/Ask: 0.8547 / 0.8549
Day's Range: 0.8542 - 0.8580",Strong Sell,"Summary:Strong Sell
Moving Averages:Strong SellBuy (0)Sell (12)
Technical Indicators:Strong SellBuy (1)Sell (9)","Name
S3
S2
S1
Pivot Points
R1
R2
R3
Classic
0.8538
0.8543
0.8547
0.8551
0.8555
0.8559
0.8563
Fibonacci
0.8543
0.8546
0.8548
0.8551
0.8554
0.8556
0.8559
Camarilla
0.8548
0.8549
0.8550
0.8551
0.8551
0.8552
0.8553
Woodie's
0.8538
0.8543
0.8547
0.8551
0.8555
0.8559
0.8563
DeMark's
-
-
0.8545
0.8550
0.8553
-
-","Technical IndicatorsJun 17, 2021 08:29PM GMT
Name
Value
Action
RSI(14)
33.187
Sell
STOCH(9,6)
40.062
Sell
STOCHRSI(14)
50.874
Neutral
MACD(12,26)
-0.001
Sell
ADX(14)
43.306
Sell
Williams %R
-78.334
Sell
CCI(14)
-143.0882
Sell
ATR(14)
0.0011
High Volatility
Highs/Lows(14)
-0.0002
Sell
Ultimate Oscillator
53.387
Buy
ROC
-0.204
Sell
Bull/Bear Power(13)
-0.0022
Sell
Buy: 1
Sell: 9
Neutral: 1


Summary:Strong Sell","Jun 17, 2021 08:29PM GMT"
usd_cad,1.2357 +0.0080    +0.66%,16:30:49,2021-06-17 20:31:10.513822,"Prev. Close: 1.2276
Bid/Ask: 1.2356 / 1.2357
Day's Range: 1.2261 - 1.2378",Strong Buy,"Summary:Strong Buy
Moving Averages:BuyBuy (12)Sell (0)
Technical Indicators:Strong BuyBuy (9)Sell (1)","Name
S3
S2
S1
Pivot Points
R1
R2
R3
Classic
1.2333
1.2339
1.2349
1.2356
1.2366
1.2373
1.2383
Fibonacci
1.2339
1.2346
1.2350
1.2356
1.2362
1.2366
1.2373
Camarilla
1.2354
1.2356
1.2357
1.2356
1.2361
1.2362
1.2364
Woodie's
1.2335
1.2340
1.2351
1.2357
1.2368
1.2374
1.2385
DeMark's
-
-
1.2352
1.2357
1.2369
-
-","Technical IndicatorsJun 17, 2021 08:29PM GMT
Name
Value
Action
RSI(14)
71.317
Buy
STOCH(9,6)
74.538
Buy
STOCHRSI(14)
39.478
Sell
MACD(12,26)
0.003
Buy
ADX(14)
43.639
Buy
Williams %R
-18.722
Overbought
CCI(14)
106.3706
Buy
ATR(14)
0.0026
High Volatility
Highs/Lows(14)
0.0012
Buy
Ultimate Oscillator
69.509
Buy
ROC
0.635
Buy
Bull/Bear Power(13)
0.0031
Buy
Buy: 9
Sell: 1
Neutral: 0


Summary:Strong Buy","Jun 17, 2021 08:29PM GMT"
usd_chf,0.9179 +0.0094    +1.03%,16:30:36,2021-06-17 20:31:10.516659,"Prev. Close: 0.9085
Bid/Ask: 0.9177 / 0.9181
Day's Range: 0.9076 - 0.9188",Strong Buy,"Summary:Strong Buy
Moving Averages:Strong BuyBuy (11)Sell (1)
Technical Indicators:Strong BuyBuy (7)Sell (0)","Name
S3
S2
S1
Pivot Points
R1
R2
R3
Classic
0.9165
0.9168
0.9174
0.9177
0.9182
0.9186
0.9191
Fibonacci
0.9168
0.9171
0.9174
0.9177
0.9180
0.9183
0.9186
Camarilla
0.9176
0.9177
0.9178
0.9177
0.9179
0.9180
0.9181
Woodie's
0.9165
0.9168
0.9174
0.9177
0.9182
0.9186
0.9191
DeMark's
-
-
0.9175
0.9178
0.9184
-
-","Technical IndicatorsJun 17, 2021 08:29PM GMT
Name
Value
Action
RSI(14)
76.376
Overbought
STOCH(9,6)
81.923
Overbought
STOCHRSI(14)
6.289
Oversold
MACD(12,26)
0.004
Buy
ADX(14)
43.654
Buy
Williams %R
-12.069
Overbought
CCI(14)
115.6213
Buy
ATR(14)
0.0017
High Volatility
Highs/Lows(14)
0.0013
Buy
Ultimate Oscillator
64.515
Buy
ROC
0.829
Buy
Bull/Bear Power(13)
0.0037
Buy
Buy: 7
Sell: 0
Neutral: 0


Summary:Strong Buy","Jun 17, 2021 08:29PM GMT"
nzd_chf,0.6426 +0.0022    +0.34%,16:30:53,2021-06-17 20:31:10.519484,"Prev. Close: 0.6404
Bid/Ask: 0.6424 / 0.6428
Day's Range: 0.6406 - 0.6453",Neutral,"Summary:Neutral
Moving Averages:BuyBuy (8)Sell (4)
Technical Indicators:SellBuy (3)Sell (5)","Name
S3
S2
S1
Pivot Points
R1
R2
R3
Classic
0.6412
0.6417
0.6421
0.6426
0.6430
0.6435
0.6439
Fibonacci
0.6417
0.6420
0.6423
0.6426
0.6429
0.6432
0.6435
Camarilla
0.6422
0.6422
0.6423
0.6426
0.6425
0.6426
0.6426
Woodie's
0.6410
0.6416
0.6419
0.6425
0.6428
0.6434
0.6437
DeMark's
-
-
0.6418
0.6425
0.6428
-
-","Technical IndicatorsJun 17, 2021 08:29PM GMT
Name
Value
Action
RSI(14)
50.887
Neutral
STOCH(9,6)
56.963
Buy
STOCHRSI(14)
44.852
Sell
MACD(12,26)
0.000
Buy
ADX(14)
26.540
Buy
Williams %R
-55.914
Sell
CCI(14)
-19.9872
Neutral
ATR(14)
0.0012
Less Volatility
Highs/Lows(14)
0.0000
Neutral
Ultimate Oscillator
48.202
Sell
ROC
-0.163
Sell
Bull/Bear Power(13)
-0.0009
Sell
Buy: 3
Sell: 5
Neutral: 3


Summary:Sell","Jun 17, 2021 08:29PM GMT"
usd_cny,6.4484 +0.0515    +0.80%,11:27:22,2021-06-17 20:31:10.522276,"Prev. Close: 6.3969
Bid/Ask: 6.4477 / 6.4490
Day's Range: 6.3972 - 6.4494",Strong Buy,"Summary:Strong Buy
Moving Averages:BuyBuy (12)Sell (0)
Technical Indicators:Strong BuyBuy (7)Sell (0)","Name
S3
S2
S1
Pivot Points
R1
R2
R3
Classic
6.4380
6.4399
6.4436
6.4455
6.4492
6.4511
6.4548
Fibonacci
6.4399
6.4420
6.4434
6.4455
6.4476
6.4490
6.4511
Camarilla
6.4458
6.4463
6.4468
6.4455
6.4479
6.4484
6.4489
Woodie's
6.4390
6.4404
6.4446
6.4460
6.4502
6.4516
6.4558
DeMark's
-
-
6.4446
6.4460
6.4502
-
-","Technical IndicatorsJun 17, 2021 03:34PM GMT
Name
Value
Action
RSI(14)
85.433
Overbought
STOCH(9,6)
77.649
Buy
STOCHRSI(14)
100.000
Overbought
MACD(12,26)
0.011
Buy
ADX(14)
61.337
Buy
Williams %R
-3.426
Overbought
CCI(14)
151.8010
Buy
ATR(14)
0.0041
Less Volatility
Highs/Lows(14)
0.0141
Buy
Ultimate Oscillator
82.973
Overbought
ROC
0.391
Buy
Bull/Bear Power(13)
0.0286
Buy
Buy: 7
Sell: 0
Neutral: 0


Summary:Strong Buy","Jun 17, 2021 03:34PM GMT"
usd_hkd,7.7642 +0.0011    +0.01%,16:30:29,2021-06-17 20:31:10.525087,"Prev. Close: 7.7630
Bid/Ask: 7.7641 / 7.7642
Day's Range: 7.7625 - 7.7656",Neutral,"Summary:Neutral
Moving Averages:BuyBuy (7)Sell (5)
Technical Indicators:SellBuy (2)Sell (3)","Name
S3
S2
S1
Pivot Points
R1
R2
R3
Classic
7.7647
7.7647
7.7649
7.7649
7.7650
7.7651
7.7652
Fibonacci
7.7647
7.7648
7.7648
7.7649
7.7650
7.7650
7.7651
Camarilla
7.7649
7.7649
7.7649
7.7649
7.7650
7.7650
7.7650
Woodie's
7.7647
7.7647
7.7649
7.7649
7.7650
7.7651
7.7652
DeMark's
-
-
7.7649
7.7649
7.7650
-
-","Technical IndicatorsJun 17, 2021 08:29PM GMT
Name
Value
Action
RSI(14)
51.966
Neutral
STOCH(9,6)
47.804
Neutral
STOCHRSI(14)
11.692
Oversold
MACD(12,26)
0.000
Buy
ADX(14)
40.015
Neutral
Williams %R
-68.432
Sell
CCI(14)
-39.1439
Neutral
ATR(14)
0.0009
Less Volatility
Highs/Lows(14)
0.0000
Neutral
Ultimate Oscillator
48.766
Sell
ROC
-0.013
Sell
Bull/Bear Power(13)
0.0010
Buy
Buy: 2
Sell: 3
Neutral: 5


Summary:Sell","Jun 17, 2021 08:29PM GMT"
eur_usd,1.1906 -0.0088    -0.73%,16:31:36,2021-06-17 20:32:10.369793,"Prev. Close: 1.1994
Bid/Ask: 1.1904 / 1.1908
Day's Range: 1.1892 - 1.2007",Strong Sell,"Summary:Strong Sell
Moving Averages:Strong SellBuy (0)Sell (12)
Technical Indicators:Strong SellBuy (0)Sell (9)","Name
S3
S2
S1
Pivot Points
R1
R2
R3
Classic
1.1884
1.1892
1.1898
1.1906
1.1911
1.1920
1.1925
Fibonacci
1.1892
1.1898
1.1901
1.1906
1.1911
1.1914
1.1920
Camarilla
1.1898
1.1900
1.1901
1.1906
1.1903
1.1904
1.1906
Woodie's
1.1882
1.1891
1.1896
1.1905
1.1909
1.1919
1.1923
DeMark's
-
-
1.1895
1.1905
1.1908
-
-","Technical IndicatorsJun 17, 2021 08:29PM GMT
Name
Value
Action
RSI(14)
26.004
Sell
STOCH(9,6)
21.585
Sell
STOCHRSI(14)
85.887
Overbought
MACD(12,26)
-0.004
Sell
ADX(14)
43.815
Sell
Williams %R
-88.205
Oversold
CCI(14)
-133.2524
Sell
ATR(14)
0.0021
Less Volatility
Highs/Lows(14)
-0.0015
Sell
Ultimate Oscillator
36.772
Sell
ROC
-0.697
Sell
Bull/Bear Power(13)
-0.0054
Sell
Buy: 0
Sell: 9
Neutral: 0


Summary:Strong Sell","Jun 17, 2021 08:29PM GMT"
gbp_usd,1.3925 -0.0062    -0.44%,16:31:32,2021-06-17 20:32:10.373619,"Prev. Close: 1.3987
Bid/Ask: 1.3924 / 1.3926
Day's Range: 1.3896 - 1.4010",Strong Sell,"Summary:Strong Sell
Moving Averages:SellBuy (2)Sell (10)
Technical Indicators:Strong SellBuy (0)Sell (10)","Name
S3
S2
S1
Pivot Points
R1
R2
R3
Classic
1.3904
1.3911
1.3916
1.3923
1.3929
1.3935
1.3941
Fibonacci
1.3911
1.3916
1.3918
1.3923
1.3928
1.3930
1.3935
Camarilla
1.3917
1.3918
1.3919
1.3923
1.3922
1.3923
1.3924
Woodie's
1.3902
1.3910
1.3914
1.3922
1.3927
1.3934
1.3939
DeMark's
-
-
1.3913
1.3921
1.3925
-
-","Technical IndicatorsJun 17, 2021 08:31PM GMT
Name
Value
Action
RSI(14)
36.185
Sell
STOCH(9,6)
27.629
Sell
STOCHRSI(14)
100.000
Overbought
MACD(12,26)
-0.003
Sell
ADX(14)
42.842
Sell
Williams %R
-72.249
Sell
CCI(14)
-76.7337
Sell
ATR(14)
0.0026
High Volatility
Highs/Lows(14)
-0.0006
Sell
Ultimate Oscillator
35.068
Sell
ROC
-0.493
Sell
Bull/Bear Power(13)
-0.0035
Sell
Buy: 0
Sell: 10
Neutral: 0


Summary:Strong Sell","Jun 17, 2021 08:31PM GMT"
usd_jpy,110.27 -0.42    -0.38%,16:31:40,2021-06-17 20:32:10.376775,"Prev. Close: 110.69
Bid/Ask: 110.26 / 110.27
Day's Range: 110.17 - 110.83",Strong Sell,"Summary:Strong Sell
Moving Averages:SellBuy (5)Sell (7)
Technical Indicators:Strong SellBuy (0)Sell (8)","Name
S3
S2
S1
Pivot Points
R1
R2
R3
Classic
110.18
110.22
110.24
110.28
110.31
110.34
110.37
Fibonacci
110.22
110.24
110.26
110.28
110.30
110.32
110.34
Camarilla
110.25
110.26
110.26
110.28
110.28
110.28
110.29
Woodie's
110.18
110.22
110.24
110.28
110.31
110.34
110.37
DeMark's
-
-
110.26
110.29
110.32
-
-","Technical IndicatorsJun 17, 2021 08:31PM GMT
Name
Value
Action
RSI(14)
42.564
Sell
STOCH(9,6)
16.844
Oversold
STOCHRSI(14)
15.666
Oversold
MACD(12,26)
-0.020
Sell
ADX(14)
34.221
Sell
Williams %R
-82.352
Oversold
CCI(14)
-72.6412
Sell
ATR(14)
0.1254
Less Volatility
Highs/Lows(14)
-0.1136
Sell
Ultimate Oscillator
41.747
Sell
ROC
-0.343
Sell
Bull/Bear Power(13)
-0.2160
Sell
Buy: 0
Sell: 8
Neutral: 0


Summary:Strong Sell","Jun 17, 2021 08:31PM GMT"
aud_usd,0.7551 -0.0060    -0.78%,16:31:40,2021-06-17 20:32:10.379761,"Prev. Close: 0.7610
Bid/Ask: 0.7550 / 0.7551
Day's Range: 0.7540 - 0.7646",Strong Sell,"Summary:Strong Sell
Moving Averages:Strong SellBuy (0)Sell (12)
Technical Indicators:Strong SellBuy (0)Sell (8)","Name
S3
S2
S1
Pivot Points
R1
R2
R3
Classic
0.7533
0.7539
0.7543
0.7549
0.7553
0.7559
0.7562
Fibonacci
0.7539
0.7543
0.7545
0.7549
0.7553
0.7555
0.7559
Camarilla
0.7545
0.7546
0.7547
0.7549
0.7548
0.7549
0.7550
Woodie's
0.7533
0.7539
0.7543
0.7549
0.7553
0.7559
0.7562
DeMark's
-
-
0.7541
0.7548
0.7551
-
-","Technical IndicatorsJun 17, 2021 08:31PM GMT
Name
Value
Action
RSI(14)
27.640
Sell
STOCH(9,6)
17.684
Oversold
STOCHRSI(14)
78.123
Overbought
MACD(12,26)
-0.003
Sell
ADX(14)
54.197
Sell
Williams %R
-88.268
Oversold
CCI(14)
-93.8804
Sell
ATR(14)
0.0018
Less Volatility
Highs/Lows(14)
-0.0013
Sell
Ultimate Oscillator
35.381
Sell
ROC
-0.932
Sell
Bull/Bear Power(13)
-0.0043
Sell
Buy: 0
Sell: 8
Neutral: 0


Summary:Strong Sell","Jun 17, 2021 08:31PM GMT"
eur_gbp,0.8550 -0.0024    -0.27%,16:31:39,2021-06-17 20:32:10.382776,"Prev. Close: 0.8573
Bid/Ask: 0.8548 / 0.8551
Day's Range: 0.8542 - 0.8580",Strong Sell,"Summary:Strong Sell
Moving Averages:Strong SellBuy (0)Sell (12)
Technical Indicators:Strong SellBuy (1)Sell (9)","Name
S3
S2
S1
Pivot Points
R1
R2
R3
Classic
0.8538
0.8543
0.8547
0.8551
0.8555
0.8559
0.8563
Fibonacci
0.8543
0.8546
0.8548
0.8551
0.8554
0.8556
0.8559
Camarilla
0.8548
0.8549
0.8550
0.8551
0.8551
0.8552
0.8553
Woodie's
0.8538
0.8543
0.8547
0.8551
0.8555
0.8559
0.8563
DeMark's
-
-
0.8545
0.8550
0.8553
-
-","Technical IndicatorsJun 17, 2021 08:31PM GMT
Name
Value
Action
RSI(14)
33.809
Sell
STOCH(9,6)
40.679
Sell
STOCHRSI(14)
53.573
Neutral
MACD(12,26)
-0.001
Sell
ADX(14)
43.306
Sell
Williams %R
-75.000
Sell
CCI(14)
-138.0744
Sell
ATR(14)
0.0011
High Volatility
Highs/Lows(14)
-0.0001
Sell
Ultimate Oscillator
54.609
Buy
ROC
-0.193
Sell
Bull/Bear Power(13)
-0.0022
Sell
Buy: 1
Sell: 9
Neutral: 1


Summary:Strong Sell","Jun 17, 2021 08:31PM GMT"
usd_cad,1.2353 +0.0077    +0.63%,16:31:40,2021-06-17 20:32:10.385727,"Prev. Close: 1.2276
Bid/Ask: 1.2351 / 1.2355
Day's Range: 1.2261 - 1.2378",Strong Buy,"Summary:Strong Buy
Moving Averages:BuyBuy (12)Sell (0)
Technical Indicators:Strong BuyBuy (9)Sell (1)","Name
S3
S2
S1
Pivot Points
R1
R2
R3
Classic
1.2333
1.2339
1.2349
1.2356
1.2366
1.2373
1.2383
Fibonacci
1.2339
1.2346
1.2350
1.2356
1.2362
1.2366
1.2373
Camarilla
1.2354
1.2356
1.2357
1.2356
1.2361
1.2362
1.2364
Woodie's
1.2335
1.2340
1.2351
1.2357
1.2368
1.2374
1.2385
DeMark's
-
-
1.2352
1.2357
1.2369
-
-","Technical IndicatorsJun 17, 2021 08:29PM GMT
Name
Value
Action
RSI(14)
71.317
Buy
STOCH(9,6)
74.538
Buy
STOCHRSI(14)
39.478
Sell
MACD(12,26)
0.003
Buy
ADX(14)
43.639
Buy
Williams %R
-18.722
Overbought
CCI(14)
106.3706
Buy
ATR(14)
0.0026
High Volatility
Highs/Lows(14)
0.0012
Buy
Ultimate Oscillator
69.509
Buy
ROC
0.635
Buy
Bull/Bear Power(13)
0.0031
Buy
Buy: 9
Sell: 1
Neutral: 0


Summary:Strong Buy","Jun 17, 2021 08:29PM GMT"
usd_chf,0.9178 +0.0092    +1.02%,16:31:43,2021-06-17 20:32:10.388662,"Prev. Close: 0.9085
Bid/Ask: 0.9177 / 0.9178
Day's Range: 0.9076 - 0.9188",Strong Buy,"Summary:Strong Buy
Moving Averages:BuyBuy (12)Sell (0)
Technical Indicators:Strong BuyBuy (7)Sell (0)","Name
S3
S2
S1
Pivot Points
R1
R2
R3
Classic
0.9165
0.9168
0.9174
0.9177
0.9182
0.9186
0.9191
Fibonacci
0.9168
0.9171
0.9174
0.9177
0.9180
0.9183
0.9186
Camarilla
0.9176
0.9177
0.9178
0.9177
0.9179
0.9180
0.9181
Woodie's
0.9165
0.9168
0.9174
0.9177
0.9182
0.9186
0.9191
DeMark's
-
-
0.9175
0.9178
0.9184
-
-","Technical IndicatorsJun 17, 2021 08:31PM GMT
Name
Value
Action
RSI(14)
77.273
Overbought
STOCH(9,6)
82.540
Overbought
STOCHRSI(14)
14.223
Oversold
MACD(12,26)
0.004
Buy
ADX(14)
43.654
Buy
Williams %R
-9.770
Overbought
CCI(14)
118.1444
Buy
ATR(14)
0.0017
High Volatility
Highs/Lows(14)
0.0015
Buy
Ultimate Oscillator
65.943
Buy
ROC
0.851
Buy
Bull/Bear Power(13)
0.0037
Buy
Buy: 7
Sell: 0
Neutral: 0


Summary:Strong Buy","Jun 17, 2021 08:31PM GMT"
nzd_chf,0.6426 +0.0022    +0.34%,16:31:38,2021-06-17 20:32:10.391580,"Prev. Close: 0.6404
Bid/Ask: 0.6425 / 0.6426
Day's Range: 0.6406 - 0.6453",Neutral,"Summary:Neutral
Moving Averages:NeutralBuy (6)Sell (6)
Technical Indicators:SellBuy (3)Sell (5)","Name
S3
S2
S1
Pivot Points
R1
R2
R3
Classic
0.6412
0.6417
0.6421
0.6426
0.6430
0.6435
0.6439
Fibonacci
0.6417
0.6420
0.6423
0.6426
0.6429
0.6432
0.6435
Camarilla
0.6422
0.6422
0.6423
0.6426
0.6425
0.6426
0.6426
Woodie's
0.6410
0.6416
0.6419
0.6425
0.6428
0.6434
0.6437
DeMark's
-
-
0.6418
0.6425
0.6428
-
-","Technical IndicatorsJun 17, 2021 08:31PM GMT
Name
Value
Action
RSI(14)
50.518
Neutral
STOCH(9,6)
56.630
Buy
STOCHRSI(14)
43.438
Sell
MACD(12,26)
0.000
Buy
ADX(14)
26.540
Buy
Williams %R
-56.990
Sell
CCI(14)
-21.3895
Neutral
ATR(14)
0.0012
Less Volatility
Highs/Lows(14)
0.0000
Neutral
Ultimate Oscillator
47.617
Sell
ROC
-0.171
Sell
Bull/Bear Power(13)
-0.0009
Sell
Buy: 3
Sell: 5
Neutral: 3


Summary:Sell","Jun 17, 2021 08:31PM GMT"
usd_cny,6.4484 +0.0515    +0.80%,11:27:22,2021-06-17 20:32:10.394476,"Prev. Close: 6.3969
Bid/Ask: 6.4477 / 6.4490
Day's Range: 6.3972 - 6.4494",Strong Buy,"Summary:Strong Buy
Moving Averages:BuyBuy (12)Sell (0)
Technical Indicators:Strong BuyBuy (7)Sell (0)","Name
S3
S2
S1
Pivot Points
R1
R2
R3
Classic
6.4380
6.4399
6.4436
6.4455
6.4492
6.4511
6.4548
Fibonacci
6.4399
6.4420
6.4434
6.4455
6.4476
6.4490
6.4511
Camarilla
6.4458
6.4463
6.4468
6.4455
6.4479
6.4484
6.4489
Woodie's
6.4390
6.4404
6.4446
6.4460
6.4502
6.4516
6.4558
DeMark's
-
-
6.4446
6.4460
6.4502
-
-","Technical IndicatorsJun 17, 2021 03:34PM GMT
Name
Value
Action
RSI(14)
85.433
Overbought
STOCH(9,6)
77.649
Buy
STOCHRSI(14)
100.000
Overbought
MACD(12,26)
0.011
Buy
ADX(14)
61.337
Buy
Williams %R
-3.426
Overbought
CCI(14)
151.8010
Buy
ATR(14)
0.0041
Less Volatility
Highs/Lows(14)
0.0141
Buy
Ultimate Oscillator
82.973
Overbought
ROC
0.391
Buy
Bull/Bear Power(13)
0.0286
Buy
Buy: 7
Sell: 0
Neutral: 0


Summary:Strong Buy","Jun 17, 2021 03:34PM GMT"
usd_hkd,7.7644 +0.0014    +0.02%,16:31:32,2021-06-17 20:32:10.397310,"Prev. Close: 7.7630
Bid/Ask: 7.7641 / 7.7646
Day's Range: 7.7625 - 7.7656",Neutral,"Summary:Neutral
Moving Averages:BuyBuy (7)Sell (5)
Technical Indicators:SellBuy (2)Sell (3)","Name
S3
S2
S1
Pivot Points
R1
R2
R3
Classic
7.7647
7.7647
7.7649
7.7649
7.7650
7.7651
7.7652
Fibonacci
7.7647
7.7648
7.7648
7.7649
7.7650
7.7650
7.7651
Camarilla
7.7649
7.7649
7.7649
7.7649
7.7650
7.7650
7.7650
Woodie's
7.7647
7.7647
7.7649
7.7649
7.7650
7.7651
7.7652
DeMark's
-
-
7.7649
7.7649
7.7650
-
-","Technical IndicatorsJun 17, 2021 08:31PM GMT
Name
Value
Action
RSI(14)
51.966
Neutral
STOCH(9,6)
47.804
Neutral
STOCHRSI(14)
11.692
Oversold
MACD(12,26)
0.000
Buy
ADX(14)
40.015
Neutral
Williams %R
-68.432
Sell
CCI(14)
-39.1439
Neutral
ATR(14)
0.0009
Less Volatility
Highs/Lows(14)
0.0000
Neutral
Ultimate Oscillator
48.766
Sell
ROC
-0.013
Sell
Bull/Bear Power(13)
0.0010
Buy
Buy: 2
Sell: 3
Neutral: 5


Summary:Sell","Jun 17, 2021 08:31PM GMT"
eur_usd,1.1909 -0.0085    -0.71%,16:32:49,2021-06-17 20:33:10.264668,"Prev. Close: 1.1994
Bid/Ask: 1.1907 / 1.1911
Day's Range: 1.1892 - 1.2007",Strong Sell,"Summary:Strong Sell
Moving Averages:Strong SellBuy (0)Sell (12)
Technical Indicators:Strong SellBuy (0)Sell (9)","Name
S3
S2
S1
Pivot Points
R1
R2
R3
Classic
1.1884
1.1892
1.1898
1.1906
1.1911
1.1920
1.1925
Fibonacci
1.1892
1.1898
1.1901
1.1906
1.1911
1.1914
1.1920
Camarilla
1.1898
1.1900
1.1901
1.1906
1.1903
1.1904
1.1906
Woodie's
1.1882
1.1891
1.1896
1.1905
1.1909
1.1919
1.1923
DeMark's
-
-
1.1895
1.1905
1.1908
-
-","Technical IndicatorsJun 17, 2021 08:31PM GMT
Name
Value
Action
RSI(14)
26.800
Sell
STOCH(9,6)
22.009
Sell
STOCHRSI(14)
92.252
Overbought
MACD(12,26)
-0.004
Sell
ADX(14)
43.815
Sell
Williams %R
-86.667
Oversold
CCI(14)
-131.4098
Sell
ATR(14)
0.0021
Less Volatility
Highs/Lows(14)
-0.0014
Sell
Ultimate Oscillator
37.610
Sell
ROC
-0.684
Sell
Bull/Bear Power(13)
-0.0054
Sell
Buy: 0
Sell: 9
Neutral: 0


Summary:Strong Sell","Jun 17, 2021 08:31PM GMT"
gbp_usd,1.3927 -0.0060    -0.43%,16:32:43,2021-06-17 20:33:10.268378,"Prev. Close: 1.3987
Bid/Ask: 1.3926 / 1.3927
Day's Range: 1.3896 - 1.4010",Strong Sell,"Summary:Strong Sell
Moving Averages:SellBuy (2)Sell (10)
Technical Indicators:Strong SellBuy (0)Sell (10)","Name
S3
S2
S1
Pivot Points
R1
R2
R3
Classic
1.3904
1.3911
1.3916
1.3923
1.3929
1.3935
1.3941
Fibonacci
1.3911
1.3916
1.3918
1.3923
1.3928
1.3930
1.3935
Camarilla
1.3917
1.3918
1.3919
1.3923
1.3922
1.3923
1.3924
Woodie's
1.3902
1.3910
1.3914
1.3922
1.3927
1.3934
1.3939
DeMark's
-
-
1.3913
1.3921
1.3925
-
-","Technical IndicatorsJun 17, 2021 08:31PM GMT
Name
Value
Action
RSI(14)
36.185
Sell
STOCH(9,6)
27.629
Sell
STOCHRSI(14)
100.000
Overbought
MACD(12,26)
-0.003
Sell
ADX(14)
42.842
Sell
Williams %R
-72.249
Sell
CCI(14)
-76.7337
Sell
ATR(14)
0.0026
High Volatility
Highs/Lows(14)
-0.0006
Sell
Ultimate Oscillator
35.068
Sell
ROC
-0.493
Sell
Bull/Bear Power(13)
-0.0035
Sell
Buy: 0
Sell: 10
Neutral: 0


Summary:Strong Sell","Jun 17, 2021 08:31PM GMT"
usd_jpy,110.26 -0.43    -0.39%,16:32:30,2021-06-17 20:33:10.271330,"Prev. Close: 110.69
Bid/Ask: 110.24 / 110.27
Day's Range: 110.17 - 110.83",Strong Sell,"Summary:Strong Sell
Moving Averages:SellBuy (5)Sell (7)
Technical Indicators:Strong SellBuy (0)Sell (8)","Name
S3
S2
S1
Pivot Points
R1
R2
R3
Classic
110.18
110.22
110.24
110.28
110.31
110.34
110.37
Fibonacci
110.22
110.24
110.26
110.28
110.30
110.32
110.34
Camarilla
110.25
110.26
110.26
110.28
110.28
110.28
110.29
Woodie's
110.18
110.22
110.24
110.28
110.31
110.34
110.37
DeMark's
-
-
110.26
110.29
110.32
-
-","Technical IndicatorsJun 17, 2021 08:31PM GMT
Name
Value
Action
RSI(14)
42.564
Sell
STOCH(9,6)
16.844
Oversold
STOCHRSI(14)
15.666
Oversold
MACD(12,26)
-0.020
Sell
ADX(14)
34.221
Sell
Williams %R
-82.352
Oversold
CCI(14)
-72.6412
Sell
ATR(14)
0.1254
Less Volatility
Highs/Lows(14)
-0.1136
Sell
Ultimate Oscillator
41.747
Sell
ROC
-0.343
Sell
Bull/Bear Power(13)
-0.2160
Sell
Buy: 0
Sell: 8
Neutral: 0


Summary:Strong Sell","Jun 17, 2021 08:31PM GMT"
aud_usd,0.7552 -0.0058    -0.76%,16:32:55,2021-06-17 20:33:10.274134,"Prev. Close: 0.7610
Bid/Ask: 0.7551 / 0.7553
Day's Range: 0.7540 - 0.7646",Strong Sell,"Summary:Strong Sell
Moving Averages:Strong SellBuy (0)Sell (12)
Technical Indicators:Strong SellBuy (0)Sell (8)","Name
S3
S2
S1
Pivot Points
R1
R2
R3
Classic
0.7533
0.7539
0.7543
0.7549
0.7553
0.7559
0.7562
Fibonacci
0.7539
0.7543
0.7545
0.7549
0.7553
0.7555
0.7559
Camarilla
0.7545
0.7546
0.7547
0.7549
0.7548
0.7549
0.7550
Woodie's
0.7533
0.7539
0.7543
0.7549
0.7553
0.7559
0.7562
DeMark's
-
-
0.7541
0.7548
0.7551
-
-","Technical IndicatorsJun 17, 2021 08:31PM GMT
Name
Value
Action
RSI(14)
27.640
Sell
STOCH(9,6)
17.684
Oversold
STOCHRSI(14)
78.123
Overbought
MACD(12,26)
-0.003
Sell
ADX(14)
54.197
Sell
Williams %R
-88.268
Oversold
CCI(14)
-93.8804
Sell
ATR(14)
0.0018
Less Volatility
Highs/Lows(14)
-0.0013
Sell
Ultimate Oscillator
35.381
Sell
ROC
-0.932
Sell
Bull/Bear Power(13)
-0.0043
Sell
Buy: 0
Sell: 8
Neutral: 0


Summary:Strong Sell","Jun 17, 2021 08:31PM GMT"
eur_gbp,0.8551 -0.0022    -0.26%,16:32:29,2021-06-17 20:33:10.276958,"Prev. Close: 0.8573
Bid/Ask: 0.8549 / 0.8552
Day's Range: 0.8542 - 0.8580",Strong Sell,"Summary:Strong Sell
Moving Averages:Strong SellBuy (0)Sell (12)
Technical Indicators:Strong SellBuy (1)Sell (9)","Name
S3
S2
S1
Pivot Points
R1
R2
R3
Classic
0.8538
0.8543
0.8547
0.8551
0.8555
0.8559
0.8563
Fibonacci
0.8543
0.8546
0.8548
0.8551
0.8554
0.8556
0.8559
Camarilla
0.8548
0.8549
0.8550
0.8551
0.8551
0.8552
0.8553
Woodie's
0.8538
0.8543
0.8547
0.8551
0.8555
0.8559
0.8563
DeMark's
-
-
0.8545
0.8550
0.8553
-
-","Technical IndicatorsJun 17, 2021 08:31PM GMT
Name
Value
Action
RSI(14)
33.809
Sell
STOCH(9,6)
40.679
Sell
STOCHRSI(14)
53.573
Neutral
MACD(12,26)
-0.001
Sell
ADX(14)
43.306
Sell
Williams %R
-75.000
Sell
CCI(14)
-138.0744
Sell
ATR(14)
0.0011
High Volatility
Highs/Lows(14)
-0.0001
Sell
Ultimate Oscillator
54.609
Buy
ROC
-0.193
Sell
Bull/Bear Power(13)
-0.0022
Sell
Buy: 1
Sell: 9
Neutral: 1


Summary:Strong Sell","Jun 17, 2021 08:31PM GMT"
usd_cad,1.2357 +0.0080    +0.66%,16:32:48,2021-06-17 20:33:10.279774,"Prev. Close: 1.2276
Bid/Ask: 1.2356 / 1.2357
Day's Range: 1.2261 - 1.2378",Strong Buy,"Summary:Strong Buy
Moving Averages:BuyBuy (12)Sell (0)
Technical Indicators:Strong BuyBuy (9)Sell (1)","Name
S3
S2
S1
Pivot Points
R1
R2
R3
Classic
1.2333
1.2339
1.2349
1.2356
1.2366
1.2373
1.2383
Fibonacci
1.2339
1.2346
1.2350
1.2356
1.2362
1.2366
1.2373
Camarilla
1.2354
1.2356
1.2357
1.2356
1.2361
1.2362
1.2364
Woodie's
1.2335
1.2340
1.2351
1.2357
1.2368
1.2374
1.2385
DeMark's
-
-
1.2352
1.2357
1.2369
-
-","Technical IndicatorsJun 17, 2021 08:31PM GMT
Name
Value
Action
RSI(14)
70.781
Buy
STOCH(9,6)
74.336
Buy
STOCHRSI(14)
35.435
Sell
MACD(12,26)
0.003
Buy
ADX(14)
43.639
Buy
Williams %R
-19.635
Overbought
CCI(14)
105.2411
Buy
ATR(14)
0.0026
High Volatility
Highs/Lows(14)
0.0011
Buy
Ultimate Oscillator
69.052
Buy
ROC
0.627
Buy
Bull/Bear Power(13)
0.0031
Buy
Buy: 9
Sell: 1
Neutral: 0


Summary:Strong Buy","Jun 17, 2021 08:31PM GMT"
usd_chf,0.9176 +0.0091    +1.00%,16:32:33,2021-06-17 20:33:10.282591,"Prev. Close: 0.9085
Bid/Ask: 0.9175 / 0.9176
Day's Range: 0.9076 - 0.9188",Strong Buy,"Summary:Strong Buy
Moving Averages:Strong BuyBuy (11)Sell (1)
Technical Indicators:Strong BuyBuy (7)Sell (0)","Name
S3
S2
S1
Pivot Points
R1
R2
R3
Classic
0.9165
0.9168
0.9174
0.9177
0.9182
0.9186
0.9191
Fibonacci
0.9168
0.9171
0.9174
0.9177
0.9180
0.9183
0.9186
Camarilla
0.9176
0.9177
0.9178
0.9177
0.9179
0.9180
0.9181
Woodie's
0.9165
0.9168
0.9174
0.9177
0.9182
0.9186
0.9191
DeMark's
-
-
0.9175
0.9178
0.9184
-
-","Technical IndicatorsJun 17, 2021 08:33PM GMT
Name
Value
Action
RSI(14)
75.030
Overbought
STOCH(9,6)
81.305
Overbought
STOCHRSI(14)
0.000
Oversold
MACD(12,26)
0.004
Buy
ADX(14)
43.654
Buy
Williams %R
-14.367
Overbought
CCI(14)
111.1681
Buy
ATR(14)
0.0017
High Volatility
Highs/Lows(14)
0.0011
Buy
Ultimate Oscillator
63.499
Buy
ROC
0.808
Buy
Bull/Bear Power(13)
0.0036
Buy
Buy: 7
Sell: 0
Neutral: 0


Summary:Strong Buy","Jun 17, 2021 08:33PM GMT"
nzd_chf,0.6426 +0.0022    +0.34%,16:32:54,2021-06-17 20:33:10.285389,"Prev. Close: 0.6404
Bid/Ask: 0.6425 / 0.6427
Day's Range: 0.6406 - 0.6453",Neutral,"Summary:Neutral
Moving Averages:NeutralBuy (6)Sell (6)
Technical Indicators:SellBuy (3)Sell (5)","Name
S3
S2
S1
Pivot Points
R1
R2
R3
Classic
0.6412
0.6417
0.6421
0.6426
0.6430
0.6435
0.6439
Fibonacci
0.6417
0.6420
0.6423
0.6426
0.6429
0.6432
0.6435
Camarilla
0.6422
0.6422
0.6423
0.6426
0.6425
0.6426
0.6426
Woodie's
0.6410
0.6416
0.6419
0.6425
0.6428
0.6434
0.6437
DeMark's
-
-
0.6418
0.6425
0.6428
-
-","Technical IndicatorsJun 17, 2021 08:31PM GMT
Name
Value
Action
RSI(14)
50.518
Neutral
STOCH(9,6)
56.630
Buy
STOCHRSI(14)
43.438
Sell
MACD(12,26)
0.000
Buy
ADX(14)
26.540
Buy
Williams %R
-56.990
Sell
CCI(14)
-21.3895
Neutral
ATR(14)
0.0012
Less Volatility
Highs/Lows(14)
0.0000
Neutral
Ultimate Oscillator
47.617
Sell
ROC
-0.171
Sell
Bull/Bear Power(13)
-0.0009
Sell
Buy: 3
Sell: 5
Neutral: 3


Summary:Sell","Jun 17, 2021 08:31PM GMT"
usd_cny,6.4484 +0.0515    +0.80%,11:27:22,2021-06-17 20:33:10.288222,"Prev. Close: 6.3969
Bid/Ask: 6.4477 / 6.4490
Day's Range: 6.3972 - 6.4494",Strong Buy,"Summary:Strong Buy
Moving Averages:BuyBuy (12)Sell (0)
Technical Indicators:Strong BuyBuy (7)Sell (0)","Name
S3
S2
S1
Pivot Points
R1
R2
R3
Classic
6.4380
6.4399
6.4436
6.4455
6.4492
6.4511
6.4548
Fibonacci
6.4399
6.4420
6.4434
6.4455
6.4476
6.4490
6.4511
Camarilla
6.4458
6.4463
6.4468
6.4455
6.4479
6.4484
6.4489
Woodie's
6.4390
6.4404
6.4446
6.4460
6.4502
6.4516
6.4558
DeMark's
-
-
6.4446
6.4460
6.4502
-
-","Technical IndicatorsJun 17, 2021 03:34PM GMT
Name
Value
Action
RSI(14)
85.433
Overbought
STOCH(9,6)
77.649
Buy
STOCHRSI(14)
100.000
Overbought
MACD(12,26)
0.011
Buy
ADX(14)
61.337
Buy
Williams %R
-3.426
Overbought
CCI(14)
151.8010
Buy
ATR(14)
0.0041
Less Volatility
Highs/Lows(14)
0.0141
Buy
Ultimate Oscillator
82.973
Overbought
ROC
0.391
Buy
Bull/Bear Power(13)
0.0286
Buy
Buy: 7
Sell: 0
Neutral: 0


Summary:Strong Buy","Jun 17, 2021 03:34PM GMT"
usd_hkd,7.7643 +0.0013    +0.02%,16:32:46,2021-06-17 20:33:10.291041,"Prev. Close: 7.7630
Bid/Ask: 7.7640 / 7.7646
Day's Range: 7.7625 - 7.7656",Neutral,"Summary:Neutral
Moving Averages:BuyBuy (7)Sell (5)
Technical Indicators:SellBuy (2)Sell (3)","Name
S3
S2
S1
Pivot Points
R1
R2
R3
Classic
7.7647
7.7647
7.7649
7.7649
7.7650
7.7651
7.7652
Fibonacci
7.7647
7.7648
7.7648
7.7649
7.7650
7.7650
7.7651
Camarilla
7.7649
7.7649
7.7649
7.7649
7.7650
7.7650
7.7650
Woodie's
7.7647
7.7647
7.7649
7.7649
7.7650
7.7651
7.7652
DeMark's
-
-
7.7649
7.7649
7.7650
-
-","Technical IndicatorsJun 17, 2021 08:31PM GMT
Name
Value
Action
RSI(14)
51.966
Neutral
STOCH(9,6)
47.804
Neutral
STOCHRSI(14)
11.692
Oversold
MACD(12,26)
0.000
Buy
ADX(14)
40.015
Neutral
Williams %R
-68.432
Sell
CCI(14)
-39.1439
Neutral
ATR(14)
0.0009
Less Volatility
Highs/Lows(14)
0.0000
Neutral
Ultimate Oscillator
48.766
Sell
ROC
-0.013
Sell
Bull/Bear Power(13)
0.0010
Buy
Buy: 2
Sell: 3
Neutral: 5


Summary:Sell","Jun 17, 2021 08:31PM GMT"
eur_usd,1.1910 -0.0084    -0.70%,16:33:34,2021-06-17 20:34:10.500056,"Prev. Close: 1.1994
Bid/Ask: 1.1909 / 1.1910
Day's Range: 1.1892 - 1.2007",Strong Sell,"Summary:Strong Sell
Moving Averages:SellBuy (1)Sell (11)
Technical Indicators:Strong SellBuy (0)Sell (9)","Name
S3
S2
S1
Pivot Points
R1
R2
R3
Classic
1.1884
1.1892
1.1898
1.1906
1.1911
1.1920
1.1925
Fibonacci
1.1892
1.1898
1.1901
1.1906
1.1911
1.1914
1.1920
Camarilla
1.1898
1.1900
1.1901
1.1906
1.1903
1.1904
1.1906
Woodie's
1.1882
1.1891
1.1896
1.1905
1.1909
1.1919
1.1923
DeMark's
-
-
1.1895
1.1905
1.1908
-
-","Technical IndicatorsJun 17, 2021 08:33PM GMT
Name
Value
Action
RSI(14)
29.090
Sell
STOCH(9,6)
23.280
Sell
STOCHRSI(14)
100.000
Overbought
MACD(12,26)
-0.004
Sell
ADX(14)
43.723
Sell
Williams %R
-82.051
Oversold
CCI(14)
-120.1700
Sell
ATR(14)
0.0022
High Volatility
Highs/Lows(14)
-0.0009
Sell
Ultimate Oscillator
39.092
Sell
ROC
-0.647
Sell
Bull/Bear Power(13)
-0.0050
Sell
Buy: 0
Sell: 9
Neutral: 0


Summary:Strong Sell","Jun 17, 2021 08:33PM GMT"
gbp_usd,1.3927 -0.0060    -0.43%,16:33:30,2021-06-17 20:34:10.503801,"Prev. Close: 1.3987
Bid/Ask: 1.3926 / 1.3927
Day's Range: 1.3896 - 1.4010",Strong Sell,"Summary:Strong Sell
Moving Averages:SellBuy (2)Sell (10)
Technical Indicators:Strong SellBuy (0)Sell (10)","Name
S3
S2
S1
Pivot Points
R1
R2
R3
Classic
1.3904
1.3911
1.3916
1.3923
1.3929
1.3935
1.3941
Fibonacci
1.3911
1.3916
1.3918
1.3923
1.3928
1.3930
1.3935
Camarilla
1.3917
1.3918
1.3919
1.3923
1.3922
1.3923
1.3924
Woodie's
1.3902
1.3910
1.3914
1.3922
1.3927
1.3934
1.3939
DeMark's
-
-
1.3913
1.3921
1.3925
-
-","Technical IndicatorsJun 17, 2021 08:33PM GMT
Name
Value
Action
RSI(14)
36.732
Sell
STOCH(9,6)
28.005
Sell
STOCHRSI(14)
100.000
Overbought
MACD(12,26)
-0.003
Sell
ADX(14)
42.842
Sell
Williams %R
-70.814
Sell
CCI(14)
-73.2426
Sell
ATR(14)
0.0026
High Volatility
Highs/Lows(14)
-0.0004
Sell
Ultimate Oscillator
35.435
Sell
ROC
-0.482
Sell
Bull/Bear Power(13)
-0.0033
Sell
Buy: 0
Sell: 10
Neutral: 0


Summary:Strong Sell","Jun 17, 2021 08:33PM GMT"
usd_jpy,110.25 -0.45    -0.40%,16:33:40,2021-06-17 20:34:10.506884,"Prev. Close: 110.69
Bid/Ask: 110.24 / 110.25
Day's Range: 110.17 - 110.83",Strong Sell,"Summary:Strong Sell
Moving Averages:SellBuy (4)Sell (8)
Technical Indicators:Strong SellBuy (0)Sell (8)","Name
S3
S2
S1
Pivot Points
R1
R2
R3
Classic
110.18
110.22
110.24
110.28
110.31
110.34
110.37
Fibonacci
110.22
110.24
110.26
110.28
110.30
110.32
110.34
Camarilla
110.25
110.26
110.26
110.28
110.28
110.28
110.29
Woodie's
110.18
110.22
110.24
110.28
110.31
110.34
110.37
DeMark's
-
-
110.26
110.29
110.32
-
-","Technical IndicatorsJun 17, 2021 08:33PM GMT
Name
Value
Action
RSI(14)
41.283
Sell
STOCH(9,6)
16.080
Oversold
STOCHRSI(14)
10.999
Oversold
MACD(12,26)
-0.020
Sell
ADX(14)
35.040
Sell
Williams %R
-86.554
Oversold
CCI(14)
-78.2635
Sell
ATR(14)
0.1271
Less Volatility
Highs/Lows(14)
-0.1368
Sell
Ultimate Oscillator
40.880
Sell
ROC
-0.366
Sell
Bull/Bear Power(13)
-0.2330
Sell
Buy: 0
Sell: 8
Neutral: 0


Summary:Strong Sell","Jun 17, 2021 08:33PM GMT"
aud_usd,0.7553 -0.0057    -0.76%,16:33:33,2021-06-17 20:34:10.509814,"Prev. Close: 0.7610
Bid/Ask: 0.7552 / 0.7553
Day's Range: 0.7540 - 0.7646",Strong Sell,"Summary:Strong Sell
Moving Averages:SellBuy (1)Sell (11)
Technical Indicators:Strong SellBuy (0)Sell (8)","Name
S3
S2
S1
Pivot Points
R1
R2
R3
Classic
0.7533
0.7539
0.7543
0.7549
0.7553
0.7559
0.7562
Fibonacci
0.7539
0.7543
0.7545
0.7549
0.7553
0.7555
0.7559
Camarilla
0.7545
0.7546
0.7547
0.7549
0.7548
0.7549
0.7550
Woodie's
0.7533
0.7539
0.7543
0.7549
0.7553
0.7559
0.7562
DeMark's
-
-
0.7541
0.7548
0.7551
-
-","Technical IndicatorsJun 17, 2021 08:33PM GMT
Name
Value
Action
RSI(14)
28.640
Sell
STOCH(9,6)
18.160
Oversold
STOCHRSI(14)
86.341
Overbought
MACD(12,26)
-0.003
Sell
ADX(14)
54.197
Sell
Williams %R
-86.592
Oversold
CCI(14)
-90.2121
Sell
ATR(14)
0.0018
Less Volatility
Highs/Lows(14)
-0.0012
Sell
Ultimate Oscillator
35.922
Sell
ROC
-0.912
Sell
Bull/Bear Power(13)
-0.0041
Sell
Buy: 0
Sell: 8
Neutral: 0


Summary:Strong Sell","Jun 17, 2021 08:33PM GMT"
eur_gbp,0.8552 -0.0022    -0.25%,16:33:29,2021-06-17 20:34:10.512748,"Prev. Close: 0.8573
Bid/Ask: 0.8550 / 0.8553
Day's Range: 0.8542 - 0.8580",Strong Sell,"Summary:Strong Sell
Moving Averages:Strong SellBuy (0)Sell (12)
Technical Indicators:Strong SellBuy (2)Sell (8)","Name
S3
S2
S1
Pivot Points
R1
R2
R3
Classic
0.8538
0.8543
0.8547
0.8551
0.8555
0.8559
0.8563
Fibonacci
0.8543
0.8546
0.8548
0.8551
0.8554
0.8556
0.8559
Camarilla
0.8548
0.8549
0.8550
0.8551
0.8551
0.8552
0.8553
Woodie's
0.8538
0.8543
0.8547
0.8551
0.8555
0.8559
0.8563
DeMark's
-
-
0.8545
0.8550
0.8553
-
-","Technical IndicatorsJun 17, 2021 08:33PM GMT
Name
Value
Action
RSI(14)
36.616
Sell
STOCH(9,6)
42.531
Sell
STOCHRSI(14)
65.754
Buy
MACD(12,26)
-0.001
Sell
ADX(14)
43.306
Sell
Williams %R
-65.000
Sell
CCI(14)
-114.7087
Sell
ATR(14)
0.0011
High Volatility
Highs/Lows(14)
0.0000
Neutral
Ultimate Oscillator
57.199
Buy
ROC
-0.158
Sell
Bull/Bear Power(13)
-0.0021
Sell
Buy: 2
Sell: 8
Neutral: 1


Summary:Strong Sell","Jun 17, 2021 08:33PM GMT"
usd_cad,1.2355 +0.0079    +0.64%,16:33:40,2021-06-17 20:34:10.515687,"Prev. Close: 1.2276
Bid/Ask: 1.2353 / 1.2357
Day's Range: 1.2261 - 1.2378",Strong Buy,"Summary:Strong Buy
Moving Averages:Strong BuyBuy (11)Sell (1)
Technical Indicators:Strong BuyBuy (10)Sell (1)","Name
S3
S2
S1
Pivot Points
R1
R2
R3
Classic
1.2333
1.2339
1.2349
1.2356
1.2366
1.2373
1.2383
Fibonacci
1.2339
1.2346
1.2350
1.2356
1.2362
1.2366
1.2373
Camarilla
1.2354
1.2356
1.2357
1.2356
1.2361
1.2362
1.2364
Woodie's
1.2335
1.2340
1.2351
1.2357
1.2368
1.2374
1.2385
DeMark's
-
-
1.2352
1.2357
1.2369
-
-","Technical IndicatorsJun 17, 2021 08:33PM GMT
Name
Value
Action
RSI(14)
70.253
Buy
STOCH(9,6)
74.134
Buy
STOCHRSI(14)
31.453
Sell
MACD(12,26)
0.003
Buy
ADX(14)
43.639
Buy
Williams %R
-20.548
Buy
CCI(14)
104.1085
Buy
ATR(14)
0.0026
High Volatility
Highs/Lows(14)
0.0010
Buy
Ultimate Oscillator
68.595
Buy
ROC
0.619
Buy
Bull/Bear Power(13)
0.0031
Buy
Buy: 10
Sell: 1
Neutral: 0


Summary:Strong Buy","Jun 17, 2021 08:33PM GMT"
usd_chf,0.9176 +0.0091    +1.00%,16:33:44,2021-06-17 20:34:10.518638,"Prev. Close: 0.9085
Bid/Ask: 0.9175 / 0.9176
Day's Range: 0.9076 - 0.9188",Strong Buy,"Summary:Strong Buy
Moving Averages:Strong BuyBuy (11)Sell (1)
Technical Indicators:Strong BuyBuy (7)Sell (0)","Name
S3
S2
S1
Pivot Points
R1
R2
R3
Classic
0.9165
0.9168
0.9174
0.9177
0.9182
0.9186
0.9191
Fibonacci
0.9168
0.9171
0.9174
0.9177
0.9180
0.9183
0.9186
Camarilla
0.9176
0.9177
0.9178
0.9177
0.9179
0.9180
0.9181
Woodie's
0.9165
0.9168
0.9174
0.9177
0.9182
0.9186
0.9191
DeMark's
-
-
0.9175
0.9178
0.9184
-
-","Technical IndicatorsJun 17, 2021 08:33PM GMT
Name
Value
Action
RSI(14)
75.030
Overbought
STOCH(9,6)
81.305
Overbought
STOCHRSI(14)
0.000
Oversold
MACD(12,26)
0.004
Buy
ADX(14)
43.654
Buy
Williams %R
-14.367
Overbought
CCI(14)
111.1681
Buy
ATR(14)
0.0017
High Volatility
Highs/Lows(14)
0.0011
Buy
Ultimate Oscillator
63.499
Buy
ROC
0.808
Buy
Bull/Bear Power(13)
0.0036
Buy
Buy: 7
Sell: 0
Neutral: 0


Summary:Strong Buy","Jun 17, 2021 08:33PM GMT"
nzd_chf,0.6427 +0.0022    +0.35%,16:33:42,2021-06-17 20:34:10.521547,"Prev. Close: 0.6404
Bid/Ask: 0.6425 / 0.6428
Day's Range: 0.6406 - 0.6453",Neutral,"Summary:Neutral
Moving Averages:NeutralBuy (6)Sell (6)
Technical Indicators:SellBuy (3)Sell (5)","Name
S3
S2
S1
Pivot Points
R1
R2
R3
Classic
0.6412
0.6417
0.6421
0.6426
0.6430
0.6435
0.6439
Fibonacci
0.6417
0.6420
0.6423
0.6426
0.6429
0.6432
0.6435
Camarilla
0.6422
0.6422
0.6423
0.6426
0.6425
0.6426
0.6426
Woodie's
0.6410
0.6416
0.6419
0.6425
0.6428
0.6434
0.6437
DeMark's
-
-
0.6418
0.6425
0.6428
-
-","Technical IndicatorsJun 17, 2021 08:33PM GMT
Name
Value
Action
RSI(14)
50.518
Neutral
STOCH(9,6)
56.630
Buy
STOCHRSI(14)
43.438
Sell
MACD(12,26)
0.000
Buy
ADX(14)
26.540
Buy
Williams %R
-56.990
Sell
CCI(14)
-21.3895
Neutral
ATR(14)
0.0012
Less Volatility
Highs/Lows(14)
0.0000
Neutral
Ultimate Oscillator
47.617
Sell
ROC
-0.171
Sell
Bull/Bear Power(13)
-0.0009
Sell
Buy: 3
Sell: 5
Neutral: 3


Summary:Sell","Jun 17, 2021 08:33PM GMT"
usd_cny,6.4484 +0.0515    +0.80%,11:27:22,2021-06-17 20:34:10.524455,"Prev. Close: 6.3969
Bid/Ask: 6.4477 / 6.4490
Day's Range: 6.3972 - 6.4494",Strong Buy,"Summary:Strong Buy
Moving Averages:BuyBuy (12)Sell (0)
Technical Indicators:Strong BuyBuy (7)Sell (0)","Name
S3
S2
S1
Pivot Points
R1
R2
R3
Classic
6.4380
6.4399
6.4436
6.4455
6.4492
6.4511
6.4548
Fibonacci
6.4399
6.4420
6.4434
6.4455
6.4476
6.4490
6.4511
Camarilla
6.4458
6.4463
6.4468
6.4455
6.4479
6.4484
6.4489
Woodie's
6.4390
6.4404
6.4446
6.4460
6.4502
6.4516
6.4558
DeMark's
-
-
6.4446
6.4460
6.4502
-
-","Technical IndicatorsJun 17, 2021 03:34PM GMT
Name
Value
Action
RSI(14)
85.433
Overbought
STOCH(9,6)
77.649
Buy
STOCHRSI(14)
100.000
Overbought
MACD(12,26)
0.011
Buy
ADX(14)
61.337
Buy
Williams %R
-3.426
Overbought
CCI(14)
151.8010
Buy
ATR(14)
0.0041
Less Volatility
Highs/Lows(14)
0.0141
Buy
Ultimate Oscillator
82.973
Overbought
ROC
0.391
Buy
Bull/Bear Power(13)
0.0286
Buy
Buy: 7
Sell: 0
Neutral: 0


Summary:Strong Buy","Jun 17, 2021 03:34PM GMT"
usd_hkd,7.7644 +0.0014    +0.02%,16:33:32,2021-06-17 20:34:10.527353,"Prev. Close: 7.7630
Bid/Ask: 7.7641 / 7.7646
Day's Range: 7.7625 - 7.7656",Neutral,"Summary:Neutral
Moving Averages:BuyBuy (7)Sell (5)
Technical Indicators:SellBuy (2)Sell (3)","Name
S3
S2
S1
Pivot Points
R1
R2
R3
Classic
7.7647
7.7647
7.7649
7.7649
7.7650
7.7651
7.7652
Fibonacci
7.7647
7.7648
7.7648
7.7649
7.7650
7.7650
7.7651
Camarilla
7.7649
7.7649
7.7649
7.7649
7.7650
7.7650
7.7650
Woodie's
7.7647
7.7647
7.7649
7.7649
7.7650
7.7651
7.7652
DeMark's
-
-
7.7649
7.7649
7.7650
-
-","Technical IndicatorsJun 17, 2021 08:33PM GMT
Name
Value
Action
RSI(14)
51.966
Neutral
STOCH(9,6)
47.804
Neutral
STOCHRSI(14)
11.692
Oversold
MACD(12,26)
0.000
Buy
ADX(14)
40.015
Neutral
Williams %R
-68.432
Sell
CCI(14)
-39.1439
Neutral
ATR(14)
0.0009
Less Volatility
Highs/Lows(14)
0.0000
Neutral
Ultimate Oscillator
48.766
Sell
ROC
-0.013
Sell
Bull/Bear Power(13)
0.0010
Buy
Buy: 2
Sell: 3
Neutral: 5


Summary:Sell","Jun 17, 2021 08:33PM GMT"
eur_usd,1.1910 -0.0084    -0.70%,16:34:49,2021-06-17 20:35:18.015554,"Prev. Close: 1.1994
Bid/Ask: 1.1909 / 1.1910
Day's Range: 1.1892 - 1.2007",Strong Sell,"Summary:Strong Sell
Moving Averages:SellBuy (1)Sell (11)
Technical Indicators:Strong SellBuy (0)Sell (9)","Name
S3
S2
S1
Pivot Points
R1
R2
R3
Classic
1.1884
1.1892
1.1898
1.1906
1.1911
1.1920
1.1925
Fibonacci
1.1892
1.1898
1.1901
1.1906
1.1911
1.1914
1.1920
Camarilla
1.1898
1.1900
1.1901
1.1906
1.1903
1.1904
1.1906
Woodie's
1.1882
1.1891
1.1896
1.1905
1.1909
1.1919
1.1923
DeMark's
-
-
1.1895
1.1905
1.1908
-
-","Technical IndicatorsJun 17, 2021 08:33PM GMT
Name
Value
Action
RSI(14)
29.090
Sell
STOCH(9,6)
23.280
Sell
STOCHRSI(14)
100.000
Overbought
MACD(12,26)
-0.004
Sell
ADX(14)
43.723
Sell
Williams %R
-82.051
Oversold
CCI(14)
-120.1700
Sell
ATR(14)
0.0022
High Volatility
Highs/Lows(14)
-0.0009
Sell
Ultimate Oscillator
39.092
Sell
ROC
-0.647
Sell
Bull/Bear Power(13)
-0.0050
Sell
Buy: 0
Sell: 9
Neutral: 0


Summary:Strong Sell","Jun 17, 2021 08:33PM GMT"
gbp_usd,1.3929 -0.0059    -0.42%,16:34:43,2021-06-17 20:35:18.019294,"Prev. Close: 1.3987
Bid/Ask: 1.3926 / 1.3931
Day's Range: 1.3896 - 1.4010",Strong Sell,"Summary:Strong Sell
Moving Averages:SellBuy (2)Sell (10)
Technical Indicators:Strong SellBuy (0)Sell (10)","Name
S3
S2
S1
Pivot Points
R1
R2
R3
Classic
1.3904
1.3911
1.3916
1.3923
1.3929
1.3935
1.3941
Fibonacci
1.3911
1.3916
1.3918
1.3923
1.3928
1.3930
1.3935
Camarilla
1.3917
1.3918
1.3919
1.3923
1.3922
1.3923
1.3924
Woodie's
1.3902
1.3910
1.3914
1.3922
1.3927
1.3934
1.3939
DeMark's
-
-
1.3913
1.3921
1.3925
-
-","Technical IndicatorsJun 17, 2021 08:33PM GMT
Name
Value
Action
RSI(14)
36.732
Sell
STOCH(9,6)
28.005
Sell
STOCHRSI(14)
100.000
Overbought
MACD(12,26)
-0.003
Sell
ADX(14)
42.842
Sell
Williams %R
-70.814
Sell
CCI(14)
-73.2426
Sell
ATR(14)
0.0026
High Volatility
Highs/Lows(14)
-0.0004
Sell
Ultimate Oscillator
35.435
Sell
ROC
-0.482
Sell
Bull/Bear Power(13)
-0.0033
Sell
Buy: 0
Sell: 10
Neutral: 0


Summary:Strong Sell","Jun 17, 2021 08:33PM GMT"
usd_jpy,110.25 -0.45    -0.40%,16:34:33,2021-06-17 20:35:18.022257,"Prev. Close: 110.69
Bid/Ask: 110.24 / 110.25
Day's Range: 110.17 - 110.83",Strong Sell,"Summary:Strong Sell
Moving Averages:SellBuy (4)Sell (8)
Technical Indicators:Strong SellBuy (0)Sell (8)","Name
S3
S2
S1
Pivot Points
R1
R2
R3
Classic
110.18
110.22
110.24
110.28
110.31
110.34
110.37
Fibonacci
110.22
110.24
110.26
110.28
110.30
110.32
110.34
Camarilla
110.25
110.26
110.26
110.28
110.28
110.28
110.29
Woodie's
110.18
110.22
110.24
110.28
110.31
110.34
110.37
DeMark's
-
-
110.26
110.29
110.32
-
-","Technical IndicatorsJun 17, 2021 08:33PM GMT
Name
Value
Action
RSI(14)
41.283
Sell
STOCH(9,6)
16.080
Oversold
STOCHRSI(14)
10.999
Oversold
MACD(12,26)
-0.020
Sell
ADX(14)
35.040
Sell
Williams %R
-86.554
Oversold
CCI(14)
-78.2635
Sell
ATR(14)
0.1271
Less Volatility
Highs/Lows(14)
-0.1368
Sell
Ultimate Oscillator
40.880
Sell
ROC
-0.366
Sell
Bull/Bear Power(13)
-0.2330
Sell
Buy: 0
Sell: 8
Neutral: 0


Summary:Strong Sell","Jun 17, 2021 08:33PM GMT"
aud_usd,0.7553 -0.0057    -0.76%,16:34:53,2021-06-17 20:35:18.025123,"Prev. Close: 0.7610
Bid/Ask: 0.7552 / 0.7553
Day's Range: 0.7540 - 0.7646",Strong Sell,"Summary:Strong Sell
Moving Averages:SellBuy (1)Sell (11)
Technical Indicators:Strong SellBuy (0)Sell (8)","Name
S3
S2
S1
Pivot Points
R1
R2
R3
Classic
0.7533
0.7539
0.7543
0.7549
0.7553
0.7559
0.7562
Fibonacci
0.7539
0.7543
0.7545
0.7549
0.7553
0.7555
0.7559
Camarilla
0.7545
0.7546
0.7547
0.7549
0.7548
0.7549
0.7550
Woodie's
0.7533
0.7539
0.7543
0.7549
0.7553
0.7559
0.7562
DeMark's
-
-
0.7541
0.7548
0.7551
-
-","Technical IndicatorsJun 17, 2021 08:33PM GMT
Name
Value
Action
RSI(14)
28.640
Sell
STOCH(9,6)
18.160
Oversold
STOCHRSI(14)
86.341
Overbought
MACD(12,26)
-0.003
Sell
ADX(14)
54.197
Sell
Williams %R
-86.592
Oversold
CCI(14)
-90.2121
Sell
ATR(14)
0.0018
Less Volatility
Highs/Lows(14)
-0.0012
Sell
Ultimate Oscillator
35.922
Sell
ROC
-0.912
Sell
Bull/Bear Power(13)
-0.0041
Sell
Buy: 0
Sell: 8
Neutral: 0


Summary:Strong Sell","Jun 17, 2021 08:33PM GMT"
eur_gbp,0.8550 -0.0023    -0.27%,16:34:55,2021-06-17 20:35:18.027968,"Prev. Close: 0.8573
Bid/Ask: 0.8548 / 0.8552
Day's Range: 0.8542 - 0.8580",Strong Sell,"Summary:Strong Sell
Moving Averages:Strong SellBuy (0)Sell (12)
Technical Indicators:Strong SellBuy (2)Sell (8)","Name
S3
S2
S1
Pivot Points
R1
R2
R3
Classic
0.8538
0.8543
0.8547
0.8551
0.8555
0.8559
0.8563
Fibonacci
0.8543
0.8546
0.8548
0.8551
0.8554
0.8556
0.8559
Camarilla
0.8548
0.8549
0.8550
0.8551
0.8551
0.8552
0.8553
Woodie's
0.8538
0.8543
0.8547
0.8551
0.8555
0.8559
0.8563
DeMark's
-
-
0.8545
0.8550
0.8553
-
-","Technical IndicatorsJun 17, 2021 08:33PM GMT
Name
Value
Action
RSI(14)
36.616
Sell
STOCH(9,6)
42.531
Sell
STOCHRSI(14)
65.754
Buy
MACD(12,26)
-0.001
Sell
ADX(14)
43.306
Sell
Williams %R
-65.000
Sell
CCI(14)
-114.7087
Sell
ATR(14)
0.0011
High Volatility
Highs/Lows(14)
0.0000
Neutral
Ultimate Oscillator
57.199
Buy
ROC
-0.158
Sell
Bull/Bear Power(13)
-0.0021
Sell
Buy: 2
Sell: 8
Neutral: 1


Summary:Strong Sell","Jun 17, 2021 08:33PM GMT"
usd_cad,1.2354 +0.0077    +0.63%,16:34:50,2021-06-17 20:35:18.030906,"Prev. Close: 1.2276
Bid/Ask: 1.2352 / 1.2355
Day's Range: 1.2261 - 1.2378",Strong Buy,"Summary:Strong Buy
Moving Averages:Strong BuyBuy (11)Sell (1)
Technical Indicators:Strong BuyBuy (10)Sell (1)","Name
S3
S2
S1
Pivot Points
R1
R2
R3
Classic
1.2333
1.2339
1.2349
1.2356
1.2366
1.2373
1.2383
Fibonacci
1.2339
1.2346
1.2350
1.2356
1.2362
1.2366
1.2373
Camarilla
1.2354
1.2356
1.2357
1.2356
1.2361
1.2362
1.2364
Woodie's
1.2335
1.2340
1.2351
1.2357
1.2368
1.2374
1.2385
DeMark's
-
-
1.2352
1.2357
1.2369
-
-","Technical IndicatorsJun 17, 2021 08:33PM GMT
Name
Value
Action
RSI(14)
70.253
Buy
STOCH(9,6)
74.134
Buy
STOCHRSI(14)
31.453
Sell
MACD(12,26)
0.003
Buy
ADX(14)
43.639
Buy
Williams %R
-20.548
Buy
CCI(14)
104.1085
Buy
ATR(14)
0.0026
High Volatility
Highs/Lows(14)
0.0010
Buy
Ultimate Oscillator
68.595
Buy
ROC
0.619
Buy
Bull/Bear Power(13)
0.0031
Buy
Buy: 10
Sell: 1
Neutral: 0


Summary:Strong Buy","Jun 17, 2021 08:33PM GMT"
usd_chf,0.9176 +0.0091    +1.00%,16:34:41,2021-06-17 20:35:18.033720,"Prev. Close: 0.9085
Bid/Ask: 0.9175 / 0.9176
Day's Range: 0.9076 - 0.9188",Strong Buy,"Summary:Strong Buy
Moving Averages:Strong BuyBuy (11)Sell (1)
Technical Indicators:Strong BuyBuy (8)Sell (0)","Name
S3
S2
S1
Pivot Points
R1
R2
R3
Classic
0.9165
0.9168
0.9174
0.9177
0.9182
0.9186
0.9191
Fibonacci
0.9168
0.9171
0.9174
0.9177
0.9180
0.9183
0.9186
Camarilla
0.9176
0.9177
0.9178
0.9177
0.9179
0.9180
0.9181
Woodie's
0.9165
0.9168
0.9174
0.9177
0.9182
0.9186
0.9191
DeMark's
-
-
0.9175
0.9178
0.9184
-
-","Technical IndicatorsJun 17, 2021 08:35PM GMT
Name
Value
Action
RSI(14)
74.700
Buy
STOCH(9,6)
81.151
Overbought
STOCHRSI(14)
0.000
Oversold
MACD(12,26)
0.004
Buy
ADX(14)
43.654
Buy
Williams %R
-14.942
Overbought
CCI(14)
108.6007
Buy
ATR(14)
0.0017
High Volatility
Highs/Lows(14)
0.0010
Buy
Ultimate Oscillator
63.551
Buy
ROC
0.802
Buy
Bull/Bear Power(13)
0.0034
Buy
Buy: 8
Sell: 0
Neutral: 0


Summary:Strong Buy","Jun 17, 2021 08:35PM GMT"
nzd_chf,0.6427 +0.0022    +0.35%,16:34:49,2021-06-17 20:35:18.036561,"Prev. Close: 0.6404
Bid/Ask: 0.6425 / 0.6428
Day's Range: 0.6406 - 0.6453",Neutral,"Summary:Neutral
Moving Averages:NeutralBuy (6)Sell (6)
Technical Indicators:SellBuy (3)Sell (5)","Name
S3
S2
S1
Pivot Points
R1
R2
R3
Classic
0.6412
0.6417
0.6421
0.6426
0.6430
0.6435
0.6439
Fibonacci
0.6417
0.6420
0.6423
0.6426
0.6429
0.6432
0.6435
Camarilla
0.6422
0.6422
0.6423
0.6426
0.6425
0.6426
0.6426
Woodie's
0.6410
0.6416
0.6419
0.6425
0.6428
0.6434
0.6437
DeMark's
-
-
0.6418
0.6425
0.6428
-
-","Technical IndicatorsJun 17, 2021 08:33PM GMT
Name
Value
Action
RSI(14)
50.518
Neutral
STOCH(9,6)
56.630
Buy
STOCHRSI(14)
43.438
Sell
MACD(12,26)
0.000
Buy
ADX(14)
26.540
Buy
Williams %R
-56.990
Sell
CCI(14)
-21.3895
Neutral
ATR(14)
0.0012
Less Volatility
Highs/Lows(14)
0.0000
Neutral
Ultimate Oscillator
47.617
Sell
ROC
-0.171
Sell
Bull/Bear Power(13)
-0.0009
Sell
Buy: 3
Sell: 5
Neutral: 3


Summary:Sell","Jun 17, 2021 08:33PM GMT"
usd_cny,6.4484 +0.0515    +0.80%,11:27:22,2021-06-17 20:35:18.039413,"Prev. Close: 6.3969
Bid/Ask: 6.4477 / 6.4490
Day's Range: 6.3972 - 6.4494",Strong Buy,"Summary:Strong Buy
Moving Averages:BuyBuy (12)Sell (0)
Technical Indicators:Strong BuyBuy (7)Sell (0)","Name
S3
S2
S1
Pivot Points
R1
R2
R3
Classic
6.4380
6.4399
6.4436
6.4455
6.4492
6.4511
6.4548
Fibonacci
6.4399
6.4420
6.4434
6.4455
6.4476
6.4490
6.4511
Camarilla
6.4458
6.4463
6.4468
6.4455
6.4479
6.4484
6.4489
Woodie's
6.4390
6.4404
6.4446
6.4460
6.4502
6.4516
6.4558
DeMark's
-
-
6.4446
6.4460
6.4502
-
-","Technical IndicatorsJun 17, 2021 03:34PM GMT
Name
Value
Action
RSI(14)
85.433
Overbought
STOCH(9,6)
77.649
Buy
STOCHRSI(14)
100.000
Overbought
MACD(12,26)
0.011
Buy
ADX(14)
61.337
Buy
Williams %R
-3.426
Overbought
CCI(14)
151.8010
Buy
ATR(14)
0.0041
Less Volatility
Highs/Lows(14)
0.0141
Buy
Ultimate Oscillator
82.973
Overbought
ROC
0.391
Buy
Bull/Bear Power(13)
0.0286
Buy
Buy: 7
Sell: 0
Neutral: 0


Summary:Strong Buy","Jun 17, 2021 03:34PM GMT"
usd_hkd,7.7644 +0.0014    +0.02%,16:34:53,2021-06-17 20:35:18.042220,"Prev. Close: 7.7630
Bid/Ask: 7.7643 / 7.7644
Day's Range: 7.7625 - 7.7656",Neutral,"Summary:Neutral
Moving Averages:BuyBuy (7)Sell (5)
Technical Indicators:SellBuy (2)Sell (3)","Name
S3
S2
S1
Pivot Points
R1
R2
R3
Classic
7.7647
7.7647
7.7649
7.7649
7.7650
7.7651
7.7652
Fibonacci
7.7647
7.7648
7.7648
7.7649
7.7650
7.7650
7.7651
Camarilla
7.7649
7.7649
7.7649
7.7649
7.7650
7.7650
7.7650
Woodie's
7.7647
7.7647
7.7649
7.7649
7.7650
7.7651
7.7652
DeMark's
-
-
7.7649
7.7649
7.7650
-
-","Technical IndicatorsJun 17, 2021 08:33PM GMT
Name
Value
Action
RSI(14)
51.966
Neutral
STOCH(9,6)
47.804
Neutral
STOCHRSI(14)
11.692
Oversold
MACD(12,26)
0.000
Buy
ADX(14)
40.015
Neutral
Williams %R
-68.432
Sell
CCI(14)
-39.1439
Neutral
ATR(14)
0.0009
Less Volatility
Highs/Lows(14)
0.0000
Neutral
Ultimate Oscillator
48.766
Sell
ROC
-0.013
Sell
Bull/Bear Power(13)
0.0010
Buy
Buy: 2
Sell: 3
Neutral: 5


Summary:Sell","Jun 17, 2021 08:33PM GMT"
eur_usd,1.1910 -0.0084    -0.70%,16:35:44,2021-06-17 20:36:18.249208,"Prev. Close: 1.1994
Bid/Ask: 1.1909 / 1.1910
Day's Range: 1.1892 - 1.2007",Strong Sell,"Summary:Strong Sell
Moving Averages:SellBuy (1)Sell (11)
Technical Indicators:Strong SellBuy (0)Sell (9)","Name
S3
S2
S1
Pivot Points
R1
R2
R3
Classic
1.1884
1.1892
1.1898
1.1906
1.1911
1.1920
1.1925
Fibonacci
1.1892
1.1898
1.1901
1.1906
1.1911
1.1914
1.1920
Camarilla
1.1898
1.1900
1.1901
1.1906
1.1903
1.1904
1.1906
Woodie's
1.1882
1.1891
1.1896
1.1905
1.1909
1.1919
1.1923
DeMark's
-
-
1.1895
1.1905
1.1908
-
-","Technical IndicatorsJun 17, 2021 08:35PM GMT
Name
Value
Action
RSI(14)
28.842
Sell
STOCH(9,6)
23.139
Sell
STOCHRSI(14)
100.000
Overbought
MACD(12,26)
-0.004
Sell
ADX(14)
43.723
Sell
Williams %R
-82.565
Oversold
CCI(14)
-120.8035
Sell
ATR(14)
0.0022
High Volatility
Highs/Lows(14)
-0.0010
Sell
Ultimate Oscillator
38.820
Sell
ROC
-0.651
Sell
Bull/Bear Power(13)
-0.0050
Sell
Buy: 0
Sell: 9
Neutral: 0


Summary:Strong Sell","Jun 17, 2021 08:35PM GMT"
gbp_usd,1.3928 -0.0060    -0.43%,16:35:32,2021-06-17 20:36:18.252961,"Prev. Close: 1.3987
Bid/Ask: 1.3926 / 1.3929
Day's Range: 1.3896 - 1.4010",Strong Sell,"Summary:Strong Sell
Moving Averages:SellBuy (2)Sell (10)
Technical Indicators:Strong SellBuy (0)Sell (10)","Name
S3
S2
S1
Pivot Points
R1
R2
R3
Classic
1.3904
1.3911
1.3916
1.3923
1.3929
1.3935
1.3941
Fibonacci
1.3911
1.3916
1.3918
1.3923
1.3928
1.3930
1.3935
Camarilla
1.3917
1.3918
1.3919
1.3923
1.3922
1.3923
1.3924
Woodie's
1.3902
1.3910
1.3914
1.3922
1.3927
1.3934
1.3939
DeMark's
-
-
1.3913
1.3921
1.3925
-
-","Technical IndicatorsJun 17, 2021 08:35PM GMT
Name
Value
Action
RSI(14)
37.271
Sell
STOCH(9,6)
28.381
Sell
STOCHRSI(14)
100.000
Overbought
MACD(12,26)
-0.003
Sell
ADX(14)
42.842
Sell
Williams %R
-69.379
Sell
CCI(14)
-70.7317
Sell
ATR(14)
0.0026
High Volatility
Highs/Lows(14)
-0.0003
Sell
Ultimate Oscillator
35.967
Sell
ROC
-0.472
Sell
Bull/Bear Power(13)
-0.0032
Sell
Buy: 0
Sell: 10
Neutral: 0


Summary:Strong Sell","Jun 17, 2021 08:35PM GMT"
usd_jpy,110.25 -0.45    -0.40%,16:35:44,2021-06-17 20:36:18.255948,"Prev. Close: 110.69
Bid/Ask: 110.24 / 110.25
Day's Range: 110.17 - 110.83",Strong Sell,"Summary:Strong Sell
Moving Averages:SellBuy (4)Sell (8)
Technical Indicators:Strong SellBuy (0)Sell (8)","Name
S3
S2
S1
Pivot Points
R1
R2
R3
Classic
110.18
110.22
110.24
110.28
110.31
110.34
110.37
Fibonacci
110.22
110.24
110.26
110.28
110.30
110.32
110.34
Camarilla
110.25
110.26
110.26
110.28
110.28
110.28
110.29
Woodie's
110.18
110.22
110.24
110.28
110.31
110.34
110.37
DeMark's
-
-
110.26
110.29
110.32
-
-","Technical IndicatorsJun 17, 2021 08:35PM GMT
Name
Value
Action
RSI(14)
41.283
Sell
STOCH(9,6)
16.080
Oversold
STOCHRSI(14)
10.999
Oversold
MACD(12,26)
-0.020
Sell
ADX(14)
35.040
Sell
Williams %R
-86.554
Oversold
CCI(14)
-78.2635
Sell
ATR(14)
0.1271
Less Volatility
Highs/Lows(14)
-0.1368
Sell
Ultimate Oscillator
40.880
Sell
ROC
-0.366
Sell
Bull/Bear Power(13)
-0.2330
Sell
Buy: 0
Sell: 8
Neutral: 0


Summary:Strong Sell","Jun 17, 2021 08:35PM GMT"
aud_usd,0.7552 -0.0059    -0.77%,16:35:44,2021-06-17 20:36:18.258802,"Prev. Close: 0.7610
Bid/Ask: 0.7551 / 0.7552
Day's Range: 0.7540 - 0.7646",Strong Sell,"Summary:Strong Sell
Moving Averages:SellBuy (1)Sell (11)
Technical Indicators:Strong SellBuy (0)Sell (8)","Name
S3
S2
S1
Pivot Points
R1
R2
R3
Classic
0.7533
0.7539
0.7543
0.7549
0.7553
0.7559
0.7562
Fibonacci
0.7539
0.7543
0.7545
0.7549
0.7553
0.7555
0.7559
Camarilla
0.7545
0.7546
0.7547
0.7549
0.7548
0.7549
0.7550
Woodie's
0.7533
0.7539
0.7543
0.7549
0.7553
0.7559
0.7562
DeMark's
-
-
0.7541
0.7548
0.7551
-
-","Technical IndicatorsJun 17, 2021 08:35PM GMT
Name
Value
Action
RSI(14)
29.291
Sell
STOCH(9,6)
18.478
Oversold
STOCHRSI(14)
91.691
Overbought
MACD(12,26)
-0.003
Sell
ADX(14)
54.197
Sell
Williams %R
-85.475
Oversold
CCI(14)
-88.6313
Sell
ATR(14)
0.0018
Less Volatility
Highs/Lows(14)
-0.0011
Sell
Ultimate Oscillator
36.521
Sell
ROC
-0.899
Sell
Bull/Bear Power(13)
-0.0041
Sell
Buy: 0
Sell: 8
Neutral: 0


Summary:Strong Sell","Jun 17, 2021 08:35PM GMT"
eur_gbp,0.8551 -0.0022    -0.26%,16:35:44,2021-06-17 20:36:18.261615,"Prev. Close: 0.8573
Bid/Ask: 0.8549 / 0.8553
Day's Range: 0.8542 - 0.8580",Strong Sell,"Summary:Strong Sell
Moving Averages:Strong SellBuy (0)Sell (12)
Technical Indicators:Strong SellBuy (2)Sell (8)","Name
S3
S2
S1
Pivot Points
R1
R2
R3
Classic
0.8538
0.8543
0.8547
0.8551
0.8555
0.8559
0.8563
Fibonacci
0.8543
0.8546
0.8548
0.8551
0.8554
0.8556
0.8559
Camarilla
0.8548
0.8549
0.8550
0.8551
0.8551
0.8552
0.8553
Woodie's
0.8538
0.8543
0.8547
0.8551
0.8555
0.8559
0.8563
DeMark's
-
-
0.8545
0.8550
0.8553
-
-","Technical IndicatorsJun 17, 2021 08:35PM GMT
Name
Value
Action
RSI(14)
34.454
Sell
STOCH(9,6)
41.297
Sell
STOCHRSI(14)
56.372
Buy
MACD(12,26)
-0.001
Sell
ADX(14)
43.306
Sell
Williams %R
-71.666
Sell
CCI(14)
-125.2604
Sell
ATR(14)
0.0011
High Volatility
Highs/Lows(14)
0.0000
Neutral
Ultimate Oscillator
54.809
Buy
ROC
-0.181
Sell
Bull/Bear Power(13)
-0.0021
Sell
Buy: 2
Sell: 8
Neutral: 1


Summary:Strong Sell","Jun 17, 2021 08:35PM GMT"
usd_cad,1.2355 +0.0079    +0.64%,16:35:42,2021-06-17 20:36:18.264461,"Prev. Close: 1.2276
Bid/Ask: 1.2354 / 1.2356
Day's Range: 1.2261 - 1.2378",Strong Buy,"Summary:Strong Buy
Moving Averages:BuyBuy (12)Sell (0)
Technical Indicators:Strong BuyBuy (10)Sell (1)","Name
S3
S2
S1
Pivot Points
R1
R2
R3
Classic
1.2333
1.2339
1.2349
1.2356
1.2366
1.2373
1.2383
Fibonacci
1.2339
1.2346
1.2350
1.2356
1.2362
1.2366
1.2373
Camarilla
1.2354
1.2356
1.2357
1.2356
1.2361
1.2362
1.2364
Woodie's
1.2335
1.2340
1.2351
1.2357
1.2368
1.2374
1.2385
DeMark's
-
-
1.2352
1.2357
1.2369
-
-","Technical IndicatorsJun 17, 2021 08:35PM GMT
Name
Value
Action
RSI(14)
70.516
Buy
STOCH(9,6)
74.235
Buy
STOCHRSI(14)
33.436
Sell
MACD(12,26)
0.003
Buy
ADX(14)
43.639
Buy
Williams %R
-20.091
Buy
CCI(14)
104.6759
Buy
ATR(14)
0.0026
High Volatility
Highs/Lows(14)
0.0011
Buy
Ultimate Oscillator
68.824
Buy
ROC
0.623
Buy
Bull/Bear Power(13)
0.0031
Buy
Buy: 10
Sell: 1
Neutral: 0


Summary:Strong Buy","Jun 17, 2021 08:35PM GMT"
usd_chf,0.9176 +0.0091    +1.00%,16:35:40,2021-06-17 20:36:18.267299,"Prev. Close: 0.9085
Bid/Ask: 0.9174 / 0.9178
Day's Range: 0.9076 - 0.9188",Strong Buy,"Summary:Strong Buy
Moving Averages:Strong BuyBuy (11)Sell (1)
Technical Indicators:Strong BuyBuy (8)Sell (0)","Name
S3
S2
S1
Pivot Points
R1
R2
R3
Classic
0.9165
0.9168
0.9174
0.9177
0.9182
0.9186
0.9191
Fibonacci
0.9168
0.9171
0.9174
0.9177
0.9180
0.9183
0.9186
Camarilla
0.9176
0.9177
0.9178
0.9177
0.9179
0.9180
0.9181
Woodie's
0.9165
0.9168
0.9174
0.9177
0.9182
0.9186
0.9191
DeMark's
-
-
0.9175
0.9178
0.9184
-
-","Technical IndicatorsJun 17, 2021 08:35PM GMT
Name
Value
Action
RSI(14)
74.700
Buy
STOCH(9,6)
81.151
Overbought
STOCHRSI(14)
0.000
Oversold
MACD(12,26)
0.004
Buy
ADX(14)
43.654
Buy
Williams %R
-14.942
Overbought
CCI(14)
108.6007
Buy
ATR(14)
0.0017
High Volatility
Highs/Lows(14)
0.0010
Buy
Ultimate Oscillator
63.551
Buy
ROC
0.802
Buy
Bull/Bear Power(13)
0.0034
Buy
Buy: 8
Sell: 0
Neutral: 0


Summary:Strong Buy","Jun 17, 2021 08:35PM GMT"
nzd_chf,0.6427 +0.0022    +0.35%,16:35:42,2021-06-17 20:36:18.270121,"Prev. Close: 0.6404
Bid/Ask: 0.6425 / 0.6428
Day's Range: 0.6406 - 0.6453",Neutral,"Summary:Neutral
Moving Averages:NeutralBuy (6)Sell (6)
Technical Indicators:SellBuy (3)Sell (5)","Name
S3
S2
S1
Pivot Points
R1
R2
R3
Classic
0.6412
0.6417
0.6421
0.6426
0.6430
0.6435
0.6439
Fibonacci
0.6417
0.6420
0.6423
0.6426
0.6429
0.6432
0.6435
Camarilla
0.6422
0.6422
0.6423
0.6426
0.6425
0.6426
0.6426
Woodie's
0.6410
0.6416
0.6419
0.6425
0.6428
0.6434
0.6437
DeMark's
-
-
0.6418
0.6425
0.6428
-
-","Technical IndicatorsJun 17, 2021 08:35PM GMT
Name
Value
Action
RSI(14)
50.518
Neutral
STOCH(9,6)
56.630
Buy
STOCHRSI(14)
43.438
Sell
MACD(12,26)
0.000
Buy
ADX(14)
26.540
Buy
Williams %R
-56.990
Sell
CCI(14)
-21.3895
Neutral
ATR(14)
0.0012
Less Volatility
Highs/Lows(14)
0.0000
Neutral
Ultimate Oscillator
47.617
Sell
ROC
-0.171
Sell
Bull/Bear Power(13)
-0.0009
Sell
Buy: 3
Sell: 5
Neutral: 3


Summary:Sell","Jun 17, 2021 08:35PM GMT"
usd_cny,6.4484 +0.0515    +0.80%,11:27:22,2021-06-17 20:36:18.272946,"Prev. Close: 6.3969
Bid/Ask: 6.4477 / 6.4490
Day's Range: 6.3972 - 6.4494",Strong Buy,"Summary:Strong Buy
Moving Averages:BuyBuy (12)Sell (0)
Technical Indicators:Strong BuyBuy (7)Sell (0)","Name
S3
S2
S1
Pivot Points
R1
R2
R3
Classic
6.4380
6.4399
6.4436
6.4455
6.4492
6.4511
6.4548
Fibonacci
6.4399
6.4420
6.4434
6.4455
6.4476
6.4490
6.4511
Camarilla
6.4458
6.4463
6.4468
6.4455
6.4479
6.4484
6.4489
Woodie's
6.4390
6.4404
6.4446
6.4460
6.4502
6.4516
6.4558
DeMark's
-
-
6.4446
6.4460
6.4502
-
-","Technical IndicatorsJun 17, 2021 03:34PM GMT
Name
Value
Action
RSI(14)
85.433
Overbought
STOCH(9,6)
77.649
Buy
STOCHRSI(14)
100.000
Overbought
MACD(12,26)
0.011
Buy
ADX(14)
61.337
Buy
Williams %R
-3.426
Overbought
CCI(14)
151.8010
Buy
ATR(14)
0.0041
Less Volatility
Highs/Lows(14)
0.0141
Buy
Ultimate Oscillator
82.973
Overbought
ROC
0.391
Buy
Bull/Bear Power(13)
0.0286
Buy
Buy: 7
Sell: 0
Neutral: 0


Summary:Strong Buy","Jun 17, 2021 03:34PM GMT"
usd_hkd,7.7644 +0.0014    +0.02%,16:35:35,2021-06-17 20:36:18.275988,"Prev. Close: 7.7630
Bid/Ask: 7.7643 / 7.7644
Day's Range: 7.7625 - 7.7656",Buy,"Summary:Buy
Moving Averages:BuyBuy (8)Sell (4)
Technical Indicators:BUYBuy (3)Sell (2)","Name
S3
S2
S1
Pivot Points
R1
R2
R3
Classic
7.7647
7.7647
7.7649
7.7649
7.7650
7.7651
7.7652
Fibonacci
7.7647
7.7648
7.7648
7.7649
7.7650
7.7650
7.7651
Camarilla
7.7649
7.7649
7.7649
7.7649
7.7650
7.7650
7.7650
Woodie's
7.7647
7.7647
7.7649
7.7649
7.7650
7.7651
7.7652
DeMark's
-
-
7.7649
7.7649
7.7650
-
-","Technical IndicatorsJun 17, 2021 08:35PM GMT
Name
Value
Action
RSI(14)
53.272
Neutral
STOCH(9,6)
49.122
Neutral
STOCHRSI(14)
20.488
Oversold
MACD(12,26)
0.000
Buy
ADX(14)
40.015
Neutral
Williams %R
-60.527
Sell
CCI(14)
-27.0447
Neutral
ATR(14)
0.0009
Less Volatility
Highs/Lows(14)
0.0000
Neutral
Ultimate Oscillator
51.169
Buy
ROC
-0.011
Sell
Bull/Bear Power(13)
0.0010
Buy
Buy: 3
Sell: 2
Neutral: 5


Summary:BUY","Jun 17, 2021 08:35PM GMT"
eur_usd,1.1909 -0.0085    -0.71%,16:36:54,2021-06-17 20:37:18.683613,"Prev. Close: 1.1994
Bid/Ask: 1.1907 / 1.1911
Day's Range: 1.1892 - 1.2007",Strong Sell,"Summary:Strong Sell
Moving Averages:SellBuy (1)Sell (11)
Technical Indicators:Strong SellBuy (0)Sell (9)","Name
S3
S2
S1
Pivot Points
R1
R2
R3
Classic
1.1884
1.1892
1.1898
1.1906
1.1911
1.1920
1.1925
Fibonacci
1.1892
1.1898
1.1901
1.1906
1.1911
1.1914
1.1920
Camarilla
1.1898
1.1900
1.1901
1.1906
1.1903
1.1904
1.1906
Woodie's
1.1882
1.1891
1.1896
1.1905
1.1909
1.1919
1.1923
DeMark's
-
-
1.1895
1.1905
1.1908
-
-","Technical IndicatorsJun 17, 2021 08:35PM GMT
Name
Value
Action
RSI(14)
28.842
Sell
STOCH(9,6)
23.139
Sell
STOCHRSI(14)
100.000
Overbought
MACD(12,26)
-0.004
Sell
ADX(14)
43.723
Sell
Williams %R
-82.565
Oversold
CCI(14)
-120.8035
Sell
ATR(14)
0.0022
High Volatility
Highs/Lows(14)
-0.0010
Sell
Ultimate Oscillator
38.820
Sell
ROC
-0.651
Sell
Bull/Bear Power(13)
-0.0050
Sell
Buy: 0
Sell: 9
Neutral: 0


Summary:Strong Sell","Jun 17, 2021 08:35PM GMT"
gbp_usd,1.3927 -0.0060    -0.43%,16:36:46,2021-06-17 20:37:18.687383,"Prev. Close: 1.3987
Bid/Ask: 1.3926 / 1.3928
Day's Range: 1.3896 - 1.4010",Strong Sell,"Summary:Strong Sell
Moving Averages:SellBuy (2)Sell (10)
Technical Indicators:Strong SellBuy (0)Sell (10)","Name
S3
S2
S1
Pivot Points
R1
R2
R3
Classic
1.3904
1.3911
1.3916
1.3923
1.3929
1.3935
1.3941
Fibonacci
1.3911
1.3916
1.3918
1.3923
1.3928
1.3930
1.3935
Camarilla
1.3917
1.3918
1.3919
1.3923
1.3922
1.3923
1.3924
Woodie's
1.3902
1.3910
1.3914
1.3922
1.3927
1.3934
1.3939
DeMark's
-
-
1.3913
1.3921
1.3925
-
-","Technical IndicatorsJun 17, 2021 08:35PM GMT
Name
Value
Action
RSI(14)
37.271
Sell
STOCH(9,6)
28.381
Sell
STOCHRSI(14)
100.000
Overbought
MACD(12,26)
-0.003
Sell
ADX(14)
42.842
Sell
Williams %R
-69.379
Sell
CCI(14)
-70.7317
Sell
ATR(14)
0.0026
High Volatility
Highs/Lows(14)
-0.0003
Sell
Ultimate Oscillator
35.967
Sell
ROC
-0.472
Sell
Bull/Bear Power(13)
-0.0032
Sell
Buy: 0
Sell: 10
Neutral: 0


Summary:Strong Sell","Jun 17, 2021 08:35PM GMT"
usd_jpy,110.25 -0.45    -0.40%,16:36:38,2021-06-17 20:37:18.690510,"Prev. Close: 110.69
Bid/Ask: 110.24 / 110.25
Day's Range: 110.17 - 110.83",Strong Sell,"Summary:Strong Sell
Moving Averages:SellBuy (4)Sell (8)
Technical Indicators:Strong SellBuy (0)Sell (8)","Name
S3
S2
S1
Pivot Points
R1
R2
R3
Classic
110.18
110.22
110.24
110.28
110.31
110.34
110.37
Fibonacci
110.22
110.24
110.26
110.28
110.30
110.32
110.34
Camarilla
110.25
110.26
110.26
110.28
110.28
110.28
110.29
Woodie's
110.18
110.22
110.24
110.28
110.31
110.34
110.37
DeMark's
-
-
110.26
110.29
110.32
-
-","Technical IndicatorsJun 17, 2021 08:35PM GMT
Name
Value
Action
RSI(14)
41.283
Sell
STOCH(9,6)
16.080
Oversold
STOCHRSI(14)
10.999
Oversold
MACD(12,26)
-0.020
Sell
ADX(14)
35.040
Sell
Williams %R
-86.554
Oversold
CCI(14)
-78.2635
Sell
ATR(14)
0.1271
Less Volatility
Highs/Lows(14)
-0.1368
Sell
Ultimate Oscillator
40.880
Sell
ROC
-0.366
Sell
Bull/Bear Power(13)
-0.2330
Sell
Buy: 0
Sell: 8
Neutral: 0


Summary:Strong Sell","Jun 17, 2021 08:35PM GMT"
aud_usd,0.7552 -0.0059    -0.77%,16:36:48,2021-06-17 20:37:18.693495,"Prev. Close: 0.7610
Bid/Ask: 0.7551 / 0.7552
Day's Range: 0.7540 - 0.7646",Strong Sell,"Summary:Strong Sell
Moving Averages:SellBuy (1)Sell (11)
Technical Indicators:Strong SellBuy (0)Sell (8)","Name
S3
S2
S1
Pivot Points
R1
R2
R3
Classic
0.7533
0.7539
0.7543
0.7549
0.7553
0.7559
0.7562
Fibonacci
0.7539
0.7543
0.7545
0.7549
0.7553
0.7555
0.7559
Camarilla
0.7545
0.7546
0.7547
0.7549
0.7548
0.7549
0.7550
Woodie's
0.7533
0.7539
0.7543
0.7549
0.7553
0.7559
0.7562
DeMark's
-
-
0.7541
0.7548
0.7551
-
-","Technical IndicatorsJun 17, 2021 08:37PM GMT
Name
Value
Action
RSI(14)
28.640
Sell
STOCH(9,6)
18.160
Oversold
STOCHRSI(14)
86.341
Overbought
MACD(12,26)
-0.003
Sell
ADX(14)
54.197
Sell
Williams %R
-86.592
Oversold
CCI(14)
-89.6860
Sell
ATR(14)
0.0018
Less Volatility
Highs/Lows(14)
-0.0012
Sell
Ultimate Oscillator
35.775
Sell
ROC
-0.912
Sell
Bull/Bear Power(13)
-0.0041
Sell
Buy: 0
Sell: 8
Neutral: 0


Summary:Strong Sell","Jun 17, 2021 08:37PM GMT"
eur_gbp,0.8551 -0.0022    -0.26%,16:36:54,2021-06-17 20:37:18.696418,"Prev. Close: 0.8573
Bid/Ask: 0.8549 / 0.8553
Day's Range: 0.8542 - 0.8580",Strong Sell,"Summary:Strong Sell
Moving Averages:Strong SellBuy (0)Sell (12)
Technical Indicators:Strong SellBuy (2)Sell (8)","Name
S3
S2
S1
Pivot Points
R1
R2
R3
Classic
0.8538
0.8543
0.8547
0.8551
0.8555
0.8559
0.8563
Fibonacci
0.8543
0.8546
0.8548
0.8551
0.8554
0.8556
0.8559
Camarilla
0.8548
0.8549
0.8550
0.8551
0.8551
0.8552
0.8553
Woodie's
0.8538
0.8543
0.8547
0.8551
0.8555
0.8559
0.8563
DeMark's
-
-
0.8545
0.8550
0.8553
-
-","Technical IndicatorsJun 17, 2021 08:37PM GMT
Name
Value
Action
RSI(14)
34.785
Sell
STOCH(9,6)
41.605
Sell
STOCHRSI(14)
57.809
Buy
MACD(12,26)
-0.001
Sell
ADX(14)
43.306
Sell
Williams %R
-69.999
Sell
CCI(14)
-122.6473
Sell
ATR(14)
0.0011
High Volatility
Highs/Lows(14)
0.0000
Neutral
Ultimate Oscillator
55.407
Buy
ROC
-0.175
Sell
Bull/Bear Power(13)
-0.0021
Sell
Buy: 2
Sell: 8
Neutral: 1


Summary:Strong Sell","Jun 17, 2021 08:37PM GMT"
usd_cad,1.2352 +0.0076    +0.62%,16:36:49,2021-06-17 20:37:18.699271,"Prev. Close: 1.2276
Bid/Ask: 1.2350 / 1.2354
Day's Range: 1.2261 - 1.2378",Strong Buy,"Summary:Strong Buy
Moving Averages:BuyBuy (12)Sell (0)
Technical Indicators:Strong BuyBuy (10)Sell (1)","Name
S3
S2
S1
Pivot Points
R1
R2
R3
Classic
1.2333
1.2339
1.2349
1.2356
1.2366
1.2373
1.2383
Fibonacci
1.2339
1.2346
1.2350
1.2356
1.2362
1.2366
1.2373
Camarilla
1.2354
1.2356
1.2357
1.2356
1.2361
1.2362
1.2364
Woodie's
1.2335
1.2340
1.2351
1.2357
1.2368
1.2374
1.2385
DeMark's
-
-
1.2352
1.2357
1.2369
-
-","Technical IndicatorsJun 17, 2021 08:35PM GMT
Name
Value
Action
RSI(14)
70.516
Buy
STOCH(9,6)
74.235
Buy
STOCHRSI(14)
33.436
Sell
MACD(12,26)
0.003
Buy
ADX(14)
43.639
Buy
Williams %R
-20.091
Buy
CCI(14)
104.6759
Buy
ATR(14)
0.0026
High Volatility
Highs/Lows(14)
0.0011
Buy
Ultimate Oscillator
68.824
Buy
ROC
0.623
Buy
Bull/Bear Power(13)
0.0031
Buy
Buy: 10
Sell: 1
Neutral: 0


Summary:Strong Buy","Jun 17, 2021 08:35PM GMT"
usd_chf,0.9176 +0.0091    +1.00%,16:36:43,2021-06-17 20:37:18.702090,"Prev. Close: 0.9085
Bid/Ask: 0.9175 / 0.9176
Day's Range: 0.9076 - 0.9188",Strong Buy,"Summary:Strong Buy
Moving Averages:Strong BuyBuy (11)Sell (1)
Technical Indicators:Strong BuyBuy (7)Sell (0)","Name
S3
S2
S1
Pivot Points
R1
R2
R3
Classic
0.9165
0.9168
0.9174
0.9177
0.9182
0.9186
0.9191
Fibonacci
0.9168
0.9171
0.9174
0.9177
0.9180
0.9183
0.9186
Camarilla
0.9176
0.9177
0.9178
0.9177
0.9179
0.9180
0.9181
Woodie's
0.9165
0.9168
0.9174
0.9177
0.9182
0.9186
0.9191
DeMark's
-
-
0.9175
0.9178
0.9184
-
-","Technical IndicatorsJun 17, 2021 08:37PM GMT
Name
Value
Action
RSI(14)
76.035
Overbought
STOCH(9,6)
81.768
Overbought
STOCHRSI(14)
3.273
Oversold
MACD(12,26)
0.004
Buy
ADX(14)
43.654
Buy
Williams %R
-12.644
Overbought
CCI(14)
111.1673
Buy
ATR(14)
0.0017
High Volatility
Highs/Lows(14)
0.0012
Buy
Ultimate Oscillator
64.944
Buy
ROC
0.824
Buy
Bull/Bear Power(13)
0.0034
Buy
Buy: 7
Sell: 0
Neutral: 0


Summary:Strong Buy","Jun 17, 2021 08:37PM GMT"
nzd_chf,0.6427 +0.0022    +0.35%,16:36:54,2021-06-17 20:37:18.704919,"Prev. Close: 0.6404
Bid/Ask: 0.6425 / 0.6428
Day's Range: 0.6406 - 0.6453",Neutral,"Summary:Neutral
Moving Averages:NeutralBuy (6)Sell (6)
Technical Indicators:SellBuy (3)Sell (5)","Name
S3
S2
S1
Pivot Points
R1
R2
R3
Classic
0.6412
0.6417
0.6421
0.6426
0.6430
0.6435
0.6439
Fibonacci
0.6417
0.6420
0.6423
0.6426
0.6429
0.6432
0.6435
Camarilla
0.6422
0.6422
0.6423
0.6426
0.6425
0.6426
0.6426
Woodie's
0.6410
0.6416
0.6419
0.6425
0.6428
0.6434
0.6437
DeMark's
-
-
0.6418
0.6425
0.6428
-
-","Technical IndicatorsJun 17, 2021 08:35PM GMT
Name
Value
Action
RSI(14)
50.518
Neutral
STOCH(9,6)
56.630
Buy
STOCHRSI(14)
43.438
Sell
MACD(12,26)
0.000
Buy
ADX(14)
26.540
Buy
Williams %R
-56.990
Sell
CCI(14)
-21.3895
Neutral
ATR(14)
0.0012
Less Volatility
Highs/Lows(14)
0.0000
Neutral
Ultimate Oscillator
47.617
Sell
ROC
-0.171
Sell
Bull/Bear Power(13)
-0.0009
Sell
Buy: 3
Sell: 5
Neutral: 3


Summary:Sell","Jun 17, 2021 08:35PM GMT"
usd_cny,6.4484 +0.0515    +0.80%,11:27:22,2021-06-17 20:37:18.707751,"Prev. Close: 6.3969
Bid/Ask: 6.4477 / 6.4490
Day's Range: 6.3972 - 6.4494",Strong Buy,"Summary:Strong Buy
Moving Averages:BuyBuy (12)Sell (0)
Technical Indicators:Strong BuyBuy (7)Sell (0)","Name
S3
S2
S1
Pivot Points
R1
R2
R3
Classic
6.4380
6.4399
6.4436
6.4455
6.4492
6.4511
6.4548
Fibonacci
6.4399
6.4420
6.4434
6.4455
6.4476
6.4490
6.4511
Camarilla
6.4458
6.4463
6.4468
6.4455
6.4479
6.4484
6.4489
Woodie's
6.4390
6.4404
6.4446
6.4460
6.4502
6.4516
6.4558
DeMark's
-
-
6.4446
6.4460
6.4502
-
-","Technical IndicatorsJun 17, 2021 03:34PM GMT
Name
Value
Action
RSI(14)
85.433
Overbought
STOCH(9,6)
77.649
Buy
STOCHRSI(14)
100.000
Overbought
MACD(12,26)
0.011
Buy
ADX(14)
61.337
Buy
Williams %R
-3.426
Overbought
CCI(14)
151.8010
Buy
ATR(14)
0.0041
Less Volatility
Highs/Lows(14)
0.0141
Buy
Ultimate Oscillator
82.973
Overbought
ROC
0.391
Buy
Bull/Bear Power(13)
0.0286
Buy
Buy: 7
Sell: 0
Neutral: 0


Summary:Strong Buy","Jun 17, 2021 03:34PM GMT"
usd_hkd,7.7644 +0.0014    +0.02%,16:36:42,2021-06-17 20:37:18.710576,"Prev. Close: 7.7630
Bid/Ask: 7.7643 / 7.7644
Day's Range: 7.7625 - 7.7656",Buy,"Summary:Buy
Moving Averages:BuyBuy (8)Sell (4)
Technical Indicators:BUYBuy (3)Sell (2)","Name
S3
S2
S1
Pivot Points
R1
R2
R3
Classic
7.7647
7.7647
7.7649
7.7649
7.7650
7.7651
7.7652
Fibonacci
7.7647
7.7648
7.7648
7.7649
7.7650
7.7650
7.7651
Camarilla
7.7649
7.7649
7.7649
7.7649
7.7650
7.7650
7.7650
Woodie's
7.7647
7.7647
7.7649
7.7649
7.7650
7.7651
7.7652
DeMark's
-
-
7.7649
7.7649
7.7650
-
-","Technical IndicatorsJun 17, 2021 08:35PM GMT
Name
Value
Action
RSI(14)
53.272
Neutral
STOCH(9,6)
49.122
Neutral
STOCHRSI(14)
20.488
Oversold
MACD(12,26)
0.000
Buy
ADX(14)
40.015
Neutral
Williams %R
-60.527
Sell
CCI(14)
-27.0447
Neutral
ATR(14)
0.0009
Less Volatility
Highs/Lows(14)
0.0000
Neutral
Ultimate Oscillator
51.169
Buy
ROC
-0.011
Sell
Bull/Bear Power(13)
0.0010
Buy
Buy: 3
Sell: 2
Neutral: 5


Summary:BUY","Jun 17, 2021 08:35PM GMT"
eur_usd,1.1909 -0.0085    -0.71%,16:37:36,2021-06-17 20:38:18.248263,"Prev. Close: 1.1994
Bid/Ask: 1.1907 / 1.1911
Day's Range: 1.1892 - 1.2007",Strong Sell,"Summary:Strong Sell
Moving Averages:SellBuy (1)Sell (11)
Technical Indicators:Strong SellBuy (0)Sell (9)","Name
S3
S2
S1
Pivot Points
R1
R2
R3
Classic
1.1884
1.1892
1.1898
1.1906
1.1911
1.1920
1.1925
Fibonacci
1.1892
1.1898
1.1901
1.1906
1.1911
1.1914
1.1920
Camarilla
1.1898
1.1900
1.1901
1.1906
1.1903
1.1904
1.1906
Woodie's
1.1882
1.1891
1.1896
1.1905
1.1909
1.1919
1.1923
DeMark's
-
-
1.1895
1.1905
1.1908
-
-","Technical IndicatorsJun 17, 2021 08:37PM GMT
Name
Value
Action
RSI(14)
29.090
Sell
STOCH(9,6)
23.280
Sell
STOCHRSI(14)
100.000
Overbought
MACD(12,26)
-0.004
Sell
ADX(14)
43.723
Sell
Williams %R
-82.051
Oversold
CCI(14)
-120.1700
Sell
ATR(14)
0.0022
High Volatility
Highs/Lows(14)
-0.0009
Sell
Ultimate Oscillator
39.092
Sell
ROC
-0.647
Sell
Bull/Bear Power(13)
-0.0050
Sell
Buy: 0
Sell: 9
Neutral: 0


Summary:Strong Sell","Jun 17, 2021 08:37PM GMT"
gbp_usd,1.3927 -0.0060    -0.43%,16:37:32,2021-06-17 20:38:18.252017,"Prev. Close: 1.3987
Bid/Ask: 1.3926 / 1.3928
Day's Range: 1.3896 - 1.4010",Strong Sell,"Summary:Strong Sell
Moving Averages:SellBuy (2)Sell (10)
Technical Indicators:Strong SellBuy (0)Sell (10)","Name
S3
S2
S1
Pivot Points
R1
R2
R3
Classic
1.3904
1.3911
1.3916
1.3923
1.3929
1.3935
1.3941
Fibonacci
1.3911
1.3916
1.3918
1.3923
1.3928
1.3930
1.3935
Camarilla
1.3917
1.3918
1.3919
1.3923
1.3922
1.3923
1.3924
Woodie's
1.3902
1.3910
1.3914
1.3922
1.3927
1.3934
1.3939
DeMark's
-
-
1.3913
1.3921
1.3925
-
-","Technical IndicatorsJun 17, 2021 08:37PM GMT
Name
Value
Action
RSI(14)
36.913
Sell
STOCH(9,6)
28.130
Sell
STOCHRSI(14)
100.000
Overbought
MACD(12,26)
-0.003
Sell
ADX(14)
42.842
Sell
Williams %R
-70.336
Sell
CCI(14)
-71.7381
Sell
ATR(14)
0.0026
High Volatility
Highs/Lows(14)
-0.0004
Sell
Ultimate Oscillator
35.497
Sell
ROC
-0.479
Sell
Bull/Bear Power(13)
-0.0032
Sell
Buy: 0
Sell: 10
Neutral: 0


Summary:Strong Sell","Jun 17, 2021 08:37PM GMT"
usd_jpy,110.25 -0.45    -0.40%,16:37:39,2021-06-17 20:38:18.255152,"Prev. Close: 110.69
Bid/Ask: 110.24 / 110.25
Day's Range: 110.17 - 110.83",Strong Sell,"Summary:Strong Sell
Moving Averages:SellBuy (4)Sell (8)
Technical Indicators:Strong SellBuy (0)Sell (8)","Name
S3
S2
S1
Pivot Points
R1
R2
R3
Classic
110.18
110.22
110.24
110.28
110.31
110.34
110.37
Fibonacci
110.22
110.24
110.26
110.28
110.30
110.32
110.34
Camarilla
110.25
110.26
110.26
110.28
110.28
110.28
110.29
Woodie's
110.18
110.22
110.24
110.28
110.31
110.34
110.37
DeMark's
-
-
110.26
110.29
110.32
-
-","Technical IndicatorsJun 17, 2021 08:37PM GMT
Name
Value
Action
RSI(14)
41.516
Sell
STOCH(9,6)
16.233
Oversold
STOCHRSI(14)
11.848
Oversold
MACD(12,26)
-0.020
Sell
ADX(14)
35.040
Sell
Williams %R
-85.714
Oversold
CCI(14)
-77.7048
Sell
ATR(14)
0.1271
Less Volatility
Highs/Lows(14)
-0.1318
Sell
Ultimate Oscillator
41.308
Sell
ROC
-0.361
Sell
Bull/Bear Power(13)
-0.2350
Sell
Buy: 0
Sell: 8
Neutral: 0


Summary:Strong Sell","Jun 17, 2021 08:37PM GMT"
aud_usd,0.7552 -0.0059    -0.77%,16:37:39,2021-06-17 20:38:18.258082,"Prev. Close: 0.7610
Bid/Ask: 0.7551 / 0.7552
Day's Range: 0.7540 - 0.7646",Strong Sell,"Summary:Strong Sell
Moving Averages:SellBuy (1)Sell (11)
Technical Indicators:Strong SellBuy (0)Sell (8)","Name
S3
S2
S1
Pivot Points
R1
R2
R3
Classic
0.7533
0.7539
0.7543
0.7549
0.7553
0.7559
0.7562
Fibonacci
0.7539
0.7543
0.7545
0.7549
0.7553
0.7555
0.7559
Camarilla
0.7545
0.7546
0.7547
0.7549
0.7548
0.7549
0.7550
Woodie's
0.7533
0.7539
0.7543
0.7549
0.7553
0.7559
0.7562
DeMark's
-
-
0.7541
0.7548
0.7551
-
-","Technical IndicatorsJun 17, 2021 08:37PM GMT
Name
Value
Action
RSI(14)
28.640
Sell
STOCH(9,6)
18.160
Oversold
STOCHRSI(14)
86.341
Overbought
MACD(12,26)
-0.003
Sell
ADX(14)
54.197
Sell
Williams %R
-86.592
Oversold
CCI(14)
-89.6860
Sell
ATR(14)
0.0018
Less Volatility
Highs/Lows(14)
-0.0012
Sell
Ultimate Oscillator
35.775
Sell
ROC
-0.912
Sell
Bull/Bear Power(13)
-0.0041
Sell
Buy: 0
Sell: 8
Neutral: 0


Summary:Strong Sell","Jun 17, 2021 08:37PM GMT"
eur_gbp,0.8551 -0.0022    -0.26%,16:37:38,2021-06-17 20:38:18.260982,"Prev. Close: 0.8573
Bid/Ask: 0.8549 / 0.8553
Day's Range: 0.8542 - 0.8580",Strong Sell,"Summary:Strong Sell
Moving Averages:Strong SellBuy (0)Sell (12)
Technical Indicators:Strong SellBuy (2)Sell (8)","Name
S3
S2
S1
Pivot Points
R1
R2
R3
Classic
0.8538
0.8543
0.8547
0.8551
0.8555
0.8559
0.8563
Fibonacci
0.8543
0.8546
0.8548
0.8551
0.8554
0.8556
0.8559
Camarilla
0.8548
0.8549
0.8550
0.8551
0.8551
0.8552
0.8553
Woodie's
0.8538
0.8543
0.8547
0.8551
0.8555
0.8559
0.8563
DeMark's
-
-
0.8545
0.8550
0.8553
-
-","Technical IndicatorsJun 17, 2021 08:37PM GMT
Name
Value
Action
RSI(14)
34.785
Sell
STOCH(9,6)
41.605
Sell
STOCHRSI(14)
57.809
Buy
MACD(12,26)
-0.001
Sell
ADX(14)
43.306
Sell
Williams %R
-69.999
Sell
CCI(14)
-122.6473
Sell
ATR(14)
0.0011
High Volatility
Highs/Lows(14)
0.0000
Neutral
Ultimate Oscillator
55.407
Buy
ROC
-0.175
Sell
Bull/Bear Power(13)
-0.0021
Sell
Buy: 2
Sell: 8
Neutral: 1


Summary:Strong Sell","Jun 17, 2021 08:37PM GMT"
usd_cad,1.2353 +0.0077    +0.63%,16:37:42,2021-06-17 20:38:18.263845,"Prev. Close: 1.2276
Bid/Ask: 1.2352 / 1.2354
Day's Range: 1.2261 - 1.2378",Strong Buy,"Summary:Strong Buy
Moving Averages:Strong BuyBuy (11)Sell (1)
Technical Indicators:Strong BuyBuy (10)Sell (1)","Name
S3
S2
S1
Pivot Points
R1
R2
R3
Classic
1.2333
1.2339
1.2349
1.2356
1.2366
1.2373
1.2383
Fibonacci
1.2339
1.2346
1.2350
1.2356
1.2362
1.2366
1.2373
Camarilla
1.2354
1.2356
1.2357
1.2356
1.2361
1.2362
1.2364
Woodie's
1.2335
1.2340
1.2351
1.2357
1.2368
1.2374
1.2385
DeMark's
-
-
1.2352
1.2357
1.2369
-
-","Technical IndicatorsJun 17, 2021 08:37PM GMT
Name
Value
Action
RSI(14)
70.253
Buy
STOCH(9,6)
74.134
Buy
STOCHRSI(14)
31.453
Sell
MACD(12,26)
0.003
Buy
ADX(14)
43.639
Buy
Williams %R
-20.548
Buy
CCI(14)
104.1085
Buy
ATR(14)
0.0026
High Volatility
Highs/Lows(14)
0.0010
Buy
Ultimate Oscillator
68.595
Buy
ROC
0.619
Buy
Bull/Bear Power(13)
0.0031
Buy
Buy: 10
Sell: 1
Neutral: 0


Summary:Strong Buy","Jun 17, 2021 08:37PM GMT"
usd_chf,0.9180 +0.0095    +1.04%,16:37:36,2021-06-17 20:38:18.266694,"Prev. Close: 0.9085
Bid/Ask: 0.9178 / 0.9181
Day's Range: 0.9076 - 0.9188",Strong Buy,"Summary:Strong Buy
Moving Averages:Strong BuyBuy (11)Sell (1)
Technical Indicators:Strong BuyBuy (7)Sell (0)","Name
S3
S2
S1
Pivot Points
R1
R2
R3
Classic
0.9165
0.9168
0.9174
0.9177
0.9182
0.9186
0.9191
Fibonacci
0.9168
0.9171
0.9174
0.9177
0.9180
0.9183
0.9186
Camarilla
0.9176
0.9177
0.9178
0.9177
0.9179
0.9180
0.9181
Woodie's
0.9165
0.9168
0.9174
0.9177
0.9182
0.9186
0.9191
DeMark's
-
-
0.9175
0.9178
0.9184
-
-","Technical IndicatorsJun 17, 2021 08:37PM GMT
Name
Value
Action
RSI(14)
76.035
Overbought
STOCH(9,6)
81.768
Overbought
STOCHRSI(14)
3.273
Oversold
MACD(12,26)
0.004
Buy
ADX(14)
43.654
Buy
Williams %R
-12.644
Overbought
CCI(14)
111.1673
Buy
ATR(14)
0.0017
High Volatility
Highs/Lows(14)
0.0012
Buy
Ultimate Oscillator
64.944
Buy
ROC
0.824
Buy
Bull/Bear Power(13)
0.0034
Buy
Buy: 7
Sell: 0
Neutral: 0


Summary:Strong Buy","Jun 17, 2021 08:37PM GMT"
nzd_chf,0.6430 +0.0026    +0.40%,16:37:36,2021-06-17 20:38:18.269552,"Prev. Close: 0.6404
Bid/Ask: 0.6428 / 0.6431
Day's Range: 0.6406 - 0.6453",Buy,"Summary:Buy
Moving Averages:BuyBuy (9)Sell (3)
Technical Indicators:BUYBuy (3)Sell (2)","Name
S3
S2
S1
Pivot Points
R1
R2
R3
Classic
0.6412
0.6417
0.6421
0.6426
0.6430
0.6435
0.6439
Fibonacci
0.6417
0.6420
0.6423
0.6426
0.6429
0.6432
0.6435
Camarilla
0.6422
0.6422
0.6423
0.6426
0.6425
0.6426
0.6426
Woodie's
0.6410
0.6416
0.6419
0.6425
0.6428
0.6434
0.6437
DeMark's
-
-
0.6418
0.6425
0.6428
-
-","Technical IndicatorsJun 17, 2021 08:37PM GMT
Name
Value
Action
RSI(14)
52.309
Neutral
STOCH(9,6)
58.296
Buy
STOCHRSI(14)
50.303
Neutral
MACD(12,26)
0.000
Buy
ADX(14)
26.540
Buy
Williams %R
-51.614
Neutral
CCI(14)
-14.3363
Neutral
ATR(14)
0.0012
Less Volatility
Highs/Lows(14)
0.0000
Neutral
Ultimate Oscillator
50.540
Neutral
ROC
-0.132
Sell
Bull/Bear Power(13)
-0.0009
Sell
Buy: 3
Sell: 2
Neutral: 6


Summary:BUY","Jun 17, 2021 08:37PM GMT"
usd_cny,6.4484 +0.0515    +0.80%,11:27:22,2021-06-17 20:38:18.272417,"Prev. Close: 6.3969
Bid/Ask: 6.4477 / 6.4490
Day's Range: 6.3972 - 6.4494",Strong Buy,"Summary:Strong Buy
Moving Averages:BuyBuy (12)Sell (0)
Technical Indicators:Strong BuyBuy (7)Sell (0)","Name
S3
S2
S1
Pivot Points
R1
R2
R3
Classic
6.4380
6.4399
6.4436
6.4455
6.4492
6.4511
6.4548
Fibonacci
6.4399
6.4420
6.4434
6.4455
6.4476
6.4490
6.4511
Camarilla
6.4458
6.4463
6.4468
6.4455
6.4479
6.4484
6.4489
Woodie's
6.4390
6.4404
6.4446
6.4460
6.4502
6.4516
6.4558
DeMark's
-
-
6.4446
6.4460
6.4502
-
-","Technical IndicatorsJun 17, 2021 03:34PM GMT
Name
Value
Action
RSI(14)
85.433
Overbought
STOCH(9,6)
77.649
Buy
STOCHRSI(14)
100.000
Overbought
MACD(12,26)
0.011
Buy
ADX(14)
61.337
Buy
Williams %R
-3.426
Overbought
CCI(14)
151.8010
Buy
ATR(14)
0.0041
Less Volatility
Highs/Lows(14)
0.0141
Buy
Ultimate Oscillator
82.973
Overbought
ROC
0.391
Buy
Bull/Bear Power(13)
0.0286
Buy
Buy: 7
Sell: 0
Neutral: 0


Summary:Strong Buy","Jun 17, 2021 03:34PM GMT"
usd_hkd,7.7644 +0.0014    +0.02%,16:37:30,2021-06-17 20:38:18.275265,"Prev. Close: 7.7630
Bid/Ask: 7.7643 / 7.7644
Day's Range: 7.7625 - 7.7656",Buy,"Summary:Buy
Moving Averages:BuyBuy (8)Sell (4)
Technical Indicators:BUYBuy (3)Sell (2)","Name
S3
S2
S1
Pivot Points
R1
R2
R3
Classic
7.7647
7.7647
7.7649
7.7649
7.7650
7.7651
7.7652
Fibonacci
7.7647
7.7648
7.7648
7.7649
7.7650
7.7650
7.7651
Camarilla
7.7649
7.7649
7.7649
7.7649
7.7650
7.7650
7.7650
Woodie's
7.7647
7.7647
7.7649
7.7649
7.7650
7.7651
7.7652
DeMark's
-
-
7.7649
7.7649
7.7650
-
-","Technical IndicatorsJun 17, 2021 08:35PM GMT
Name
Value
Action
RSI(14)
53.272
Neutral
STOCH(9,6)
49.122
Neutral
STOCHRSI(14)
20.488
Oversold
MACD(12,26)
0.000
Buy
ADX(14)
40.015
Neutral
Williams %R
-60.527
Sell
CCI(14)
-27.0447
Neutral
ATR(14)
0.0009
Less Volatility
Highs/Lows(14)
0.0000
Neutral
Ultimate Oscillator
51.169
Buy
ROC
-0.011
Sell
Bull/Bear Power(13)
0.0010
Buy
Buy: 3
Sell: 2
Neutral: 5


Summary:BUY","Jun 17, 2021 08:35PM GMT"
eur_usd,1.1908 -0.0086    -0.72%,16:38:54,2021-06-17 20:39:18.362820,"Prev. Close: 1.1994
Bid/Ask: 1.1906 / 1.1910
Day's Range: 1.1892 - 1.2007",Strong Sell,"Summary:Strong Sell
Moving Averages:SellBuy (1)Sell (11)
Technical Indicators:Strong SellBuy (0)Sell (9)","Name
S3
S2
S1
Pivot Points
R1
R2
R3
Classic
1.1884
1.1892
1.1898
1.1906
1.1911
1.1920
1.1925
Fibonacci
1.1892
1.1898
1.1901
1.1906
1.1911
1.1914
1.1920
Camarilla
1.1898
1.1900
1.1901
1.1906
1.1903
1.1904
1.1906
Woodie's
1.1882
1.1891
1.1896
1.1905
1.1909
1.1919
1.1923
DeMark's
-
-
1.1895
1.1905
1.1908
-
-","Technical IndicatorsJun 17, 2021 08:37PM GMT
Name
Value
Action
RSI(14)
29.090
Sell
STOCH(9,6)
23.280
Sell
STOCHRSI(14)
100.000
Overbought
MACD(12,26)
-0.004
Sell
ADX(14)
43.723
Sell
Williams %R
-82.051
Oversold
CCI(14)
-120.1700
Sell
ATR(14)
0.0022
High Volatility
Highs/Lows(14)
-0.0009
Sell
Ultimate Oscillator
39.092
Sell
ROC
-0.647
Sell
Bull/Bear Power(13)
-0.0050
Sell
Buy: 0
Sell: 9
Neutral: 0


Summary:Strong Sell","Jun 17, 2021 08:37PM GMT"
gbp_usd,1.3927 -0.0060    -0.43%,16:38:42,2021-06-17 20:39:18.366607,"Prev. Close: 1.3987
Bid/Ask: 1.3926 / 1.3928
Day's Range: 1.3896 - 1.4010",Strong Sell,"Summary:Strong Sell
Moving Averages:SellBuy (2)Sell (10)
Technical Indicators:Strong SellBuy (0)Sell (10)","Name
S3
S2
S1
Pivot Points
R1
R2
R3
Classic
1.3904
1.3911
1.3916
1.3923
1.3929
1.3935
1.3941
Fibonacci
1.3911
1.3916
1.3918
1.3923
1.3928
1.3930
1.3935
Camarilla
1.3917
1.3918
1.3919
1.3923
1.3922
1.3923
1.3924
Woodie's
1.3902
1.3910
1.3914
1.3922
1.3927
1.3934
1.3939
DeMark's
-
-
1.3913
1.3921
1.3925
-
-","Technical IndicatorsJun 17, 2021 08:37PM GMT
Name
Value
Action
RSI(14)
36.913
Sell
STOCH(9,6)
28.130
Sell
STOCHRSI(14)
100.000
Overbought
MACD(12,26)
-0.003
Sell
ADX(14)
42.842
Sell
Williams %R
-70.336
Sell
CCI(14)
-71.7381
Sell
ATR(14)
0.0026
High Volatility
Highs/Lows(14)
-0.0004
Sell
Ultimate Oscillator
35.497
Sell
ROC
-0.479
Sell
Bull/Bear Power(13)
-0.0032
Sell
Buy: 0
Sell: 10
Neutral: 0


Summary:Strong Sell","Jun 17, 2021 08:37PM GMT"
usd_jpy,110.26 -0.43    -0.39%,16:38:38,2021-06-17 20:39:18.369664,"Prev. Close: 110.69
Bid/Ask: 110.25 / 110.26
Day's Range: 110.17 - 110.83",Strong Sell,"Summary:Strong Sell
Moving Averages:SellBuy (4)Sell (8)
Technical Indicators:Strong SellBuy (0)Sell (8)","Name
S3
S2
S1
Pivot Points
R1
R2
R3
Classic
110.18
110.22
110.24
110.28
110.31
110.34
110.37
Fibonacci
110.22
110.24
110.26
110.28
110.30
110.32
110.34
Camarilla
110.25
110.26
110.26
110.28
110.28
110.28
110.29
Woodie's
110.18
110.22
110.24
110.28
110.31
110.34
110.37
DeMark's
-
-
110.26
110.29
110.32
-
-","Technical IndicatorsJun 17, 2021 08:37PM GMT
Name
Value
Action
RSI(14)
41.516
Sell
STOCH(9,6)
16.233
Oversold
STOCHRSI(14)
11.848
Oversold
MACD(12,26)
-0.020
Sell
ADX(14)
35.040
Sell
Williams %R
-85.714
Oversold
CCI(14)
-77.7048
Sell
ATR(14)
0.1271
Less Volatility
Highs/Lows(14)
-0.1318
Sell
Ultimate Oscillator
41.308
Sell
ROC
-0.361
Sell
Bull/Bear Power(13)
-0.2350
Sell
Buy: 0
Sell: 8
Neutral: 0


Summary:Strong Sell","Jun 17, 2021 08:37PM GMT"
aud_usd,0.7552 -0.0059    -0.77%,16:38:54,2021-06-17 20:39:18.372610,"Prev. Close: 0.7610
Bid/Ask: 0.7551 / 0.7552
Day's Range: 0.7540 - 0.7646",Strong Sell,"Summary:Strong Sell
Moving Averages:SellBuy (1)Sell (11)
Technical Indicators:Strong SellBuy (0)Sell (8)","Name
S3
S2
S1
Pivot Points
R1
R2
R3
Classic
0.7533
0.7539
0.7543
0.7549
0.7553
0.7559
0.7562
Fibonacci
0.7539
0.7543
0.7545
0.7549
0.7553
0.7555
0.7559
Camarilla
0.7545
0.7546
0.7547
0.7549
0.7548
0.7549
0.7550
Woodie's
0.7533
0.7539
0.7543
0.7549
0.7553
0.7559
0.7562
DeMark's
-
-
0.7541
0.7548
0.7551
-
-","Technical IndicatorsJun 17, 2021 08:39PM GMT
Name
Value
Action
RSI(14)
28.640
Sell
STOCH(9,6)
18.160
Oversold
STOCHRSI(14)
86.341
Overbought
MACD(12,26)
-0.003
Sell
ADX(14)
54.197
Sell
Williams %R
-86.592
Oversold
CCI(14)
-89.6860
Sell
ATR(14)
0.0018
Less Volatility
Highs/Lows(14)
-0.0012
Sell
Ultimate Oscillator
35.775
Sell
ROC
-0.912
Sell
Bull/Bear Power(13)
-0.0041
Sell
Buy: 0
Sell: 8
Neutral: 0


Summary:Strong Sell","Jun 17, 2021 08:39PM GMT"
eur_gbp,0.8550 -0.0023    -0.27%,16:38:54,2021-06-17 20:39:18.375516,"Prev. Close: 0.8573
Bid/Ask: 0.8548 / 0.8552
Day's Range: 0.8542 - 0.8580",Strong Sell,"Summary:Strong Sell
Moving Averages:Strong SellBuy (0)Sell (12)
Technical Indicators:Strong SellBuy (2)Sell (8)","Name
S3
S2
S1
Pivot Points
R1
R2
R3
Classic
0.8538
0.8543
0.8547
0.8551
0.8555
0.8559
0.8563
Fibonacci
0.8543
0.8546
0.8548
0.8551
0.8554
0.8556
0.8559
Camarilla
0.8548
0.8549
0.8550
0.8551
0.8551
0.8552
0.8553
Woodie's
0.8538
0.8543
0.8547
0.8551
0.8555
0.8559
0.8563
DeMark's
-
-
0.8545
0.8550
0.8553
-
-","Technical IndicatorsJun 17, 2021 08:39PM GMT
Name
Value
Action
RSI(14)
34.454
Sell
STOCH(9,6)
41.297
Sell
STOCHRSI(14)
56.372
Buy
MACD(12,26)
-0.001
Sell
ADX(14)
43.306
Sell
Williams %R
-71.666
Sell
CCI(14)
-125.2604
Sell
ATR(14)
0.0011
High Volatility
Highs/Lows(14)
0.0000
Neutral
Ultimate Oscillator
54.809
Buy
ROC
-0.181
Sell
Bull/Bear Power(13)
-0.0021
Sell
Buy: 2
Sell: 8
Neutral: 1


Summary:Strong Sell","Jun 17, 2021 08:39PM GMT"
usd_cad,1.2351 +0.0075    +0.61%,16:38:52,2021-06-17 20:39:18.378361,"Prev. Close: 1.2276
Bid/Ask: 1.2349 / 1.2353
Day's Range: 1.2261 - 1.2378",Strong Buy,"Summary:Strong Buy
Moving Averages:Strong BuyBuy (11)Sell (1)
Technical Indicators:Strong BuyBuy (10)Sell (1)","Name
S3
S2
S1
Pivot Points
R1
R2
R3
Classic
1.2333
1.2339
1.2349
1.2356
1.2366
1.2373
1.2383
Fibonacci
1.2339
1.2346
1.2350
1.2356
1.2362
1.2366
1.2373
Camarilla
1.2354
1.2356
1.2357
1.2356
1.2361
1.2362
1.2364
Woodie's
1.2335
1.2340
1.2351
1.2357
1.2368
1.2374
1.2385
DeMark's
-
-
1.2352
1.2357
1.2369
-
-","Technical IndicatorsJun 17, 2021 08:37PM GMT
Name
Value
Action
RSI(14)
70.253
Buy
STOCH(9,6)
74.134
Buy
STOCHRSI(14)
31.453
Sell
MACD(12,26)
0.003
Buy
ADX(14)
43.639
Buy
Williams %R
-20.548
Buy
CCI(14)
104.1085
Buy
ATR(14)
0.0026
High Volatility
Highs/Lows(14)
0.0010
Buy
Ultimate Oscillator
68.595
Buy
ROC
0.619
Buy
Bull/Bear Power(13)
0.0031
Buy
Buy: 10
Sell: 1
Neutral: 0


Summary:Strong Buy","Jun 17, 2021 08:37PM GMT"
usd_chf,0.9180 +0.0095    +1.04%,16:38:45,2021-06-17 20:39:18.381214,"Prev. Close: 0.9085
Bid/Ask: 0.9178 / 0.9181
Day's Range: 0.9076 - 0.9188",Strong Buy,"Summary:Strong Buy
Moving Averages:Strong BuyBuy (11)Sell (1)
Technical Indicators:Strong BuyBuy (7)Sell (0)","Name
S3
S2
S1
Pivot Points
R1
R2
R3
Classic
0.9165
0.9168
0.9174
0.9177
0.9182
0.9186
0.9191
Fibonacci
0.9168
0.9171
0.9174
0.9177
0.9180
0.9183
0.9186
Camarilla
0.9176
0.9177
0.9178
0.9177
0.9179
0.9180
0.9181
Woodie's
0.9165
0.9168
0.9174
0.9177
0.9182
0.9186
0.9191
DeMark's
-
-
0.9175
0.9178
0.9184
-
-","Technical IndicatorsJun 17, 2021 08:37PM GMT
Name
Value
Action
RSI(14)
76.035
Overbought
STOCH(9,6)
81.768
Overbought
STOCHRSI(14)
3.273
Oversold
MACD(12,26)
0.004
Buy
ADX(14)
43.654
Buy
Williams %R
-12.644
Overbought
CCI(14)
111.1673
Buy
ATR(14)
0.0017
High Volatility
Highs/Lows(14)
0.0012
Buy
Ultimate Oscillator
64.944
Buy
ROC
0.824
Buy
Bull/Bear Power(13)
0.0034
Buy
Buy: 7
Sell: 0
Neutral: 0


Summary:Strong Buy","Jun 17, 2021 08:37PM GMT"
nzd_chf,0.6430 +0.0026    +0.40%,16:38:54,2021-06-17 20:39:18.384061,"Prev. Close: 0.6404
Bid/Ask: 0.6428 / 0.6431
Day's Range: 0.6406 - 0.6453",Buy,"Summary:Buy
Moving Averages:BuyBuy (9)Sell (3)
Technical Indicators:BUYBuy (3)Sell (2)","Name
S3
S2
S1
Pivot Points
R1
R2
R3
Classic
0.6412
0.6417
0.6421
0.6426
0.6430
0.6435
0.6439
Fibonacci
0.6417
0.6420
0.6423
0.6426
0.6429
0.6432
0.6435
Camarilla
0.6422
0.6422
0.6423
0.6426
0.6425
0.6426
0.6426
Woodie's
0.6410
0.6416
0.6419
0.6425
0.6428
0.6434
0.6437
DeMark's
-
-
0.6418
0.6425
0.6428
-
-","Technical IndicatorsJun 17, 2021 08:37PM GMT
Name
Value
Action
RSI(14)
52.309
Neutral
STOCH(9,6)
58.296
Buy
STOCHRSI(14)
50.303
Neutral
MACD(12,26)
0.000
Buy
ADX(14)
26.540
Buy
Williams %R
-51.614
Neutral
CCI(14)
-14.3363
Neutral
ATR(14)
0.0012
Less Volatility
Highs/Lows(14)
0.0000
Neutral
Ultimate Oscillator
50.540
Neutral
ROC
-0.132
Sell
Bull/Bear Power(13)
-0.0009
Sell
Buy: 3
Sell: 2
Neutral: 6


Summary:BUY","Jun 17, 2021 08:37PM GMT"
usd_cny,6.4484 +0.0515    +0.80%,11:27:22,2021-06-17 20:39:18.386915,"Prev. Close: 6.3969
Bid/Ask: 6.4477 / 6.4490
Day's Range: 6.3972 - 6.4494",Strong Buy,"Summary:Strong Buy
Moving Averages:BuyBuy (12)Sell (0)
Technical Indicators:Strong BuyBuy (7)Sell (0)","Name
S3
S2
S1
Pivot Points
R1
R2
R3
Classic
6.4380
6.4399
6.4436
6.4455
6.4492
6.4511
6.4548
Fibonacci
6.4399
6.4420
6.4434
6.4455
6.4476
6.4490
6.4511
Camarilla
6.4458
6.4463
6.4468
6.4455
6.4479
6.4484
6.4489
Woodie's
6.4390
6.4404
6.4446
6.4460
6.4502
6.4516
6.4558
DeMark's
-
-
6.4446
6.4460
6.4502
-
-","Technical IndicatorsJun 17, 2021 03:34PM GMT
Name
Value
Action
RSI(14)
85.433
Overbought
STOCH(9,6)
77.649
Buy
STOCHRSI(14)
100.000
Overbought
MACD(12,26)
0.011
Buy
ADX(14)
61.337
Buy
Williams %R
-3.426
Overbought
CCI(14)
151.8010
Buy
ATR(14)
0.0041
Less Volatility
Highs/Lows(14)
0.0141
Buy
Ultimate Oscillator
82.973
Overbought
ROC
0.391
Buy
Bull/Bear Power(13)
0.0286
Buy
Buy: 7
Sell: 0
Neutral: 0


Summary:Strong Buy","Jun 17, 2021 03:34PM GMT"
usd_hkd,7.7644 +0.0014    +0.02%,16:38:40,2021-06-17 20:39:18.389730,"Prev. Close: 7.7630
Bid/Ask: 7.7643 / 7.7644
Day's Range: 7.7625 - 7.7656",Neutral,"Summary:Neutral
Moving Averages:BuyBuy (7)Sell (5)
Technical Indicators:NeutralBuy (2)Sell (2)","Name
S3
S2
S1
Pivot Points
R1
R2
R3
Classic
7.7647
7.7647
7.7649
7.7649
7.7650
7.7651
7.7652
Fibonacci
7.7647
7.7648
7.7648
7.7649
7.7650
7.7650
7.7651
Camarilla
7.7649
7.7649
7.7649
7.7649
7.7650
7.7650
7.7650
Woodie's
7.7647
7.7647
7.7649
7.7649
7.7650
7.7651
7.7652
DeMark's
-
-
7.7649
7.7649
7.7650
-
-","Technical IndicatorsJun 17, 2021 08:37PM GMT
Name
Value
Action
RSI(14)
52.829
Neutral
STOCH(9,6)
48.683
Neutral
STOCHRSI(14)
17.504
Oversold
MACD(12,26)
0.000
Buy
ADX(14)
40.015
Neutral
Williams %R
-63.162
Sell
CCI(14)
-31.1140
Neutral
ATR(14)
0.0009
Less Volatility
Highs/Lows(14)
0.0000
Neutral
Ultimate Oscillator
50.368
Neutral
ROC
-0.012
Sell
Bull/Bear Power(13)
0.0010
Buy
Buy: 2
Sell: 2
Neutral: 6


Summary:Neutral","Jun 17, 2021 08:37PM GMT"
eur_usd,1.1908 -0.0086    -0.72%,16:39:33,2021-06-17 20:40:18.347534,"Prev. Close: 1.1994
Bid/Ask: 1.1907 / 1.1908
Day's Range: 1.1892 - 1.2007",Strong Sell,"Summary:Strong Sell
Moving Averages:SellBuy (1)Sell (11)
Technical Indicators:Strong SellBuy (0)Sell (9)","Name
S3
S2
S1
Pivot Points
R1
R2
R3
Classic
1.1884
1.1892
1.1898
1.1906
1.1911
1.1920
1.1925
Fibonacci
1.1892
1.1898
1.1901
1.1906
1.1911
1.1914
1.1920
Camarilla
1.1898
1.1900
1.1901
1.1906
1.1903
1.1904
1.1906
Woodie's
1.1882
1.1891
1.1896
1.1905
1.1909
1.1919
1.1923
DeMark's
-
-
1.1895
1.1905
1.1908
-
-","Technical IndicatorsJun 17, 2021 08:39PM GMT
Name
Value
Action
RSI(14)
28.090
Sell
STOCH(9,6)
22.715
Sell
STOCHRSI(14)
100.000
Overbought
MACD(12,26)
-0.004
Sell
ADX(14)
43.723
Sell
Williams %R
-84.103
Oversold
CCI(14)
-122.6952
Sell
ATR(14)
0.0022
High Volatility
Highs/Lows(14)
-0.0011
Sell
Ultimate Oscillator
38.006
Sell
ROC
-0.663
Sell
Bull/Bear Power(13)
-0.0050
Sell
Buy: 0
Sell: 9
Neutral: 0


Summary:Strong Sell","Jun 17, 2021 08:39PM GMT"
gbp_usd,1.3927 -0.0060    -0.43%,16:39:33,2021-06-17 20:40:18.351276,"Prev. Close: 1.3987
Bid/Ask: 1.3926 / 1.3928
Day's Range: 1.3896 - 1.4010",Strong Sell,"Summary:Strong Sell
Moving Averages:SellBuy (2)Sell (10)
Technical Indicators:Strong SellBuy (0)Sell (10)","Name
S3
S2
S1
Pivot Points
R1
R2
R3
Classic
1.3904
1.3911
1.3916
1.3923
1.3929
1.3935
1.3941
Fibonacci
1.3911
1.3916
1.3918
1.3923
1.3928
1.3930
1.3935
Camarilla
1.3917
1.3918
1.3919
1.3923
1.3922
1.3923
1.3924
Woodie's
1.3902
1.3910
1.3914
1.3922
1.3927
1.3934
1.3939
DeMark's
-
-
1.3913
1.3921
1.3925
-
-","Technical IndicatorsJun 17, 2021 08:39PM GMT
Name
Value
Action
RSI(14)
36.913
Sell
STOCH(9,6)
28.130
Sell
STOCHRSI(14)
100.000
Overbought
MACD(12,26)
-0.003
Sell
ADX(14)
42.842
Sell
Williams %R
-70.336
Sell
CCI(14)
-71.7381
Sell
ATR(14)
0.0026
High Volatility
Highs/Lows(14)
-0.0004
Sell
Ultimate Oscillator
35.497
Sell
ROC
-0.479
Sell
Bull/Bear Power(13)
-0.0032
Sell
Buy: 0
Sell: 10
Neutral: 0


Summary:Strong Sell","Jun 17, 2021 08:39PM GMT"
usd_jpy,110.26 -0.43    -0.39%,16:39:38,2021-06-17 20:40:18.354316,"Prev. Close: 110.69
Bid/Ask: 110.25 / 110.26
Day's Range: 110.17 - 110.83",Strong Sell,"Summary:Strong Sell
Moving Averages:SellBuy (4)Sell (8)
Technical Indicators:Strong SellBuy (0)Sell (8)","Name
S3
S2
S1
Pivot Points
R1
R2
R3
Classic
110.18
110.22
110.24
110.28
110.31
110.34
110.37
Fibonacci
110.22
110.24
110.26
110.28
110.30
110.32
110.34
Camarilla
110.25
110.26
110.26
110.28
110.28
110.28
110.29
Woodie's
110.18
110.22
110.24
110.28
110.31
110.34
110.37
DeMark's
-
-
110.26
110.29
110.32
-
-","Technical IndicatorsJun 17, 2021 08:37PM GMT
Name
Value
Action
RSI(14)
41.516
Sell
STOCH(9,6)
16.233
Oversold
STOCHRSI(14)
11.848
Oversold
MACD(12,26)
-0.020
Sell
ADX(14)
35.040
Sell
Williams %R
-85.714
Oversold
CCI(14)
-77.7048
Sell
ATR(14)
0.1271
Less Volatility
Highs/Lows(14)
-0.1318
Sell
Ultimate Oscillator
41.308
Sell
ROC
-0.361
Sell
Bull/Bear Power(13)
-0.2350
Sell
Buy: 0
Sell: 8
Neutral: 0


Summary:Strong Sell","Jun 17, 2021 08:37PM GMT"
aud_usd,0.7552 -0.0059    -0.77%,16:39:31,2021-06-17 20:40:18.357225,"Prev. Close: 0.7610
Bid/Ask: 0.7551 / 0.7552
Day's Range: 0.7540 - 0.7646",Strong Sell,"Summary:Strong Sell
Moving Averages:SellBuy (1)Sell (11)
Technical Indicators:Strong SellBuy (0)Sell (8)","Name
S3
S2
S1
Pivot Points
R1
R2
R3
Classic
0.7533
0.7539
0.7543
0.7549
0.7553
0.7559
0.7562
Fibonacci
0.7539
0.7543
0.7545
0.7549
0.7553
0.7555
0.7559
Camarilla
0.7545
0.7546
0.7547
0.7549
0.7548
0.7549
0.7550
Woodie's
0.7533
0.7539
0.7543
0.7549
0.7553
0.7559
0.7562
DeMark's
-
-
0.7541
0.7548
0.7551
-
-","Technical IndicatorsJun 17, 2021 08:39PM GMT
Name
Value
Action
RSI(14)
28.640
Sell
STOCH(9,6)
18.160
Oversold
STOCHRSI(14)
86.341
Overbought
MACD(12,26)
-0.003
Sell
ADX(14)
54.197
Sell
Williams %R
-86.592
Oversold
CCI(14)
-89.6860
Sell
ATR(14)
0.0018
Less Volatility
Highs/Lows(14)
-0.0012
Sell
Ultimate Oscillator
35.775
Sell
ROC
-0.912
Sell
Bull/Bear Power(13)
-0.0041
Sell
Buy: 0
Sell: 8
Neutral: 0


Summary:Strong Sell","Jun 17, 2021 08:39PM GMT"
eur_gbp,0.8550 -0.0023    -0.27%,16:39:44,2021-06-17 20:40:18.360096,"Prev. Close: 0.8573
Bid/Ask: 0.8548 / 0.8552
Day's Range: 0.8542 - 0.8580",Strong Sell,"Summary:Strong Sell
Moving Averages:Strong SellBuy (0)Sell (12)
Technical Indicators:Strong SellBuy (2)Sell (8)","Name
S3
S2
S1
Pivot Points
R1
R2
R3
Classic
0.8538
0.8543
0.8547
0.8551
0.8555
0.8559
0.8563
Fibonacci
0.8543
0.8546
0.8548
0.8551
0.8554
0.8556
0.8559
Camarilla
0.8548
0.8549
0.8550
0.8551
0.8551
0.8552
0.8553
Woodie's
0.8538
0.8543
0.8547
0.8551
0.8555
0.8559
0.8563
DeMark's
-
-
0.8545
0.8550
0.8553
-
-","Technical IndicatorsJun 17, 2021 08:40PM GMT
Name
Value
Action
RSI(14)
34.454
Sell
STOCH(9,6)
41.297
Sell
STOCHRSI(14)
56.372
Buy
MACD(12,26)
-0.001
Sell
ADX(14)
43.306
Sell
Williams %R
-71.666
Sell
CCI(14)
-125.2604
Sell
ATR(14)
0.0011
High Volatility
Highs/Lows(14)
0.0000
Neutral
Ultimate Oscillator
54.809
Buy
ROC
-0.181
Sell
Bull/Bear Power(13)
-0.0021
Sell
Buy: 2
Sell: 8
Neutral: 1


Summary:Strong Sell","Jun 17, 2021 08:40PM GMT"
usd_cad,1.2354 +0.0077    +0.63%,16:39:38,2021-06-17 20:40:18.362971,"Prev. Close: 1.2276
Bid/Ask: 1.2353 / 1.2354
Day's Range: 1.2261 - 1.2378",Strong Buy,"Summary:Strong Buy
Moving Averages:Strong BuyBuy (11)Sell (1)
Technical Indicators:Strong BuyBuy (10)Sell (1)","Name
S3
S2
S1
Pivot Points
R1
R2
R3
Classic
1.2333
1.2339
1.2349
1.2356
1.2366
1.2373
1.2383
Fibonacci
1.2339
1.2346
1.2350
1.2356
1.2362
1.2366
1.2373
Camarilla
1.2354
1.2356
1.2357
1.2356
1.2361
1.2362
1.2364
Woodie's
1.2335
1.2340
1.2351
1.2357
1.2368
1.2374
1.2385
DeMark's
-
-
1.2352
1.2357
1.2369
-
-","Technical IndicatorsJun 17, 2021 08:39PM GMT
Name
Value
Action
RSI(14)
69.733
Buy
STOCH(9,6)
73.932
Buy
STOCHRSI(14)
27.531
Sell
MACD(12,26)
0.003
Buy
ADX(14)
43.639
Buy
Williams %R
-21.462
Buy
CCI(14)
101.8341
Buy
ATR(14)
0.0026
High Volatility
Highs/Lows(14)
0.0009
Buy
Ultimate Oscillator
68.291
Buy
ROC
0.611
Buy
Bull/Bear Power(13)
0.0030
Buy
Buy: 10
Sell: 1
Neutral: 0


Summary:Strong Buy","Jun 17, 2021 08:39PM GMT"
usd_chf,0.9180 +0.0095    +1.04%,16:39:42,2021-06-17 20:40:18.365796,"Prev. Close: 0.9085
Bid/Ask: 0.9179 / 0.9180
Day's Range: 0.9076 - 0.9188",Strong Buy,"Summary:Strong Buy
Moving Averages:BuyBuy (12)Sell (0)
Technical Indicators:Strong BuyBuy (7)Sell (0)","Name
S3
S2
S1
Pivot Points
R1
R2
R3
Classic
0.9165
0.9168
0.9174
0.9177
0.9182
0.9186
0.9191
Fibonacci
0.9168
0.9171
0.9174
0.9177
0.9180
0.9183
0.9186
Camarilla
0.9176
0.9177
0.9178
0.9177
0.9179
0.9180
0.9181
Woodie's
0.9165
0.9168
0.9174
0.9177
0.9182
0.9186
0.9191
DeMark's
-
-
0.9175
0.9178
0.9184
-
-","Technical IndicatorsJun 17, 2021 08:39PM GMT
Name
Value
Action
RSI(14)
77.375
Overbought
STOCH(9,6)
82.694
Overbought
STOCHRSI(14)
15.125
Oversold
MACD(12,26)
0.004
Buy
ADX(14)
43.654
Buy
Williams %R
-9.196
Overbought
CCI(14)
114.9878
Buy
ATR(14)
0.0017
High Volatility
Highs/Lows(14)
0.0015
Buy
Ultimate Oscillator
67.032
Buy
ROC
0.857
Buy
Bull/Bear Power(13)
0.0034
Buy
Buy: 7
Sell: 0
Neutral: 0


Summary:Strong Buy","Jun 17, 2021 08:39PM GMT"
nzd_chf,0.6431 +0.0027    +0.42%,16:39:40,2021-06-17 20:40:18.368638,"Prev. Close: 0.6404
Bid/Ask: 0.6429 / 0.6433
Day's Range: 0.6406 - 0.6453",Buy,"Summary:Buy
Moving Averages:BuyBuy (9)Sell (3)
Technical Indicators:BUYBuy (3)Sell (2)","Name
S3
S2
S1
Pivot Points
R1
R2
R3
Classic
0.6412
0.6417
0.6421
0.6426
0.6430
0.6435
0.6439
Fibonacci
0.6417
0.6420
0.6423
0.6426
0.6429
0.6432
0.6435
Camarilla
0.6422
0.6422
0.6423
0.6426
0.6425
0.6426
0.6426
Woodie's
0.6410
0.6416
0.6419
0.6425
0.6428
0.6434
0.6437
DeMark's
-
-
0.6418
0.6425
0.6428
-
-","Technical IndicatorsJun 17, 2021 08:39PM GMT
Name
Value
Action
RSI(14)
52.989
Neutral
STOCH(9,6)
58.963
Buy
STOCHRSI(14)
52.909
Neutral
MACD(12,26)
0.000
Buy
ADX(14)
26.540
Buy
Williams %R
-49.463
Neutral
CCI(14)
-7.1714
Neutral
ATR(14)
0.0012
Less Volatility
Highs/Lows(14)
0.0000
Neutral
Ultimate Oscillator
50.763
Neutral
ROC
-0.117
Sell
Bull/Bear Power(13)
-0.0007
Sell
Buy: 3
Sell: 2
Neutral: 6


Summary:BUY","Jun 17, 2021 08:39PM GMT"
usd_cny,6.4484 +0.0515    +0.80%,11:27:22,2021-06-17 20:40:18.371491,"Prev. Close: 6.3969
Bid/Ask: 6.4477 / 6.4490
Day's Range: 6.3972 - 6.4494",Strong Buy,"Summary:Strong Buy
Moving Averages:BuyBuy (12)Sell (0)
Technical Indicators:Strong BuyBuy (7)Sell (0)","Name
S3
S2
S1
Pivot Points
R1
R2
R3
Classic
6.4380
6.4399
6.4436
6.4455
6.4492
6.4511
6.4548
Fibonacci
6.4399
6.4420
6.4434
6.4455
6.4476
6.4490
6.4511
Camarilla
6.4458
6.4463
6.4468
6.4455
6.4479
6.4484
6.4489
Woodie's
6.4390
6.4404
6.4446
6.4460
6.4502
6.4516
6.4558
DeMark's
-
-
6.4446
6.4460
6.4502
-
-","Technical IndicatorsJun 17, 2021 03:34PM GMT
Name
Value
Action
RSI(14)
85.433
Overbought
STOCH(9,6)
77.649
Buy
STOCHRSI(14)
100.000
Overbought
MACD(12,26)
0.011
Buy
ADX(14)
61.337
Buy
Williams %R
-3.426
Overbought
CCI(14)
151.8010
Buy
ATR(14)
0.0041
Less Volatility
Highs/Lows(14)
0.0141
Buy
Ultimate Oscillator
82.973
Overbought
ROC
0.391
Buy
Bull/Bear Power(13)
0.0286
Buy
Buy: 7
Sell: 0
Neutral: 0


Summary:Strong Buy","Jun 17, 2021 03:34PM GMT"
usd_hkd,7.7643 +0.0013    +0.02%,16:39:28,2021-06-17 20:40:18.374317,"Prev. Close: 7.7630
Bid/Ask: 7.7642 / 7.7643
Day's Range: 7.7625 - 7.7656",Neutral,"Summary:Neutral
Moving Averages:BuyBuy (7)Sell (5)
Technical Indicators:NeutralBuy (2)Sell (2)","Name
S3
S2
S1
Pivot Points
R1
R2
R3
Classic
7.7647
7.7647
7.7649
7.7649
7.7650
7.7651
7.7652
Fibonacci
7.7647
7.7648
7.7648
7.7649
7.7650
7.7650
7.7651
Camarilla
7.7649
7.7649
7.7649
7.7649
7.7650
7.7650
7.7650
Woodie's
7.7647
7.7647
7.7649
7.7649
7.7650
7.7651
7.7652
DeMark's
-
-
7.7649
7.7649
7.7650
-
-","Technical IndicatorsJun 17, 2021 08:39PM GMT
Name
Value
Action
RSI(14)
52.829
Neutral
STOCH(9,6)
48.683
Neutral
STOCHRSI(14)
17.504
Oversold
MACD(12,26)
0.000
Buy
ADX(14)
40.015
Neutral
Williams %R
-63.162
Sell
CCI(14)
-31.1140
Neutral
ATR(14)
0.0009
Less Volatility
Highs/Lows(14)
0.0000
Neutral
Ultimate Oscillator
50.368
Neutral
ROC
-0.012
Sell
Bull/Bear Power(13)
0.0010
Buy
Buy: 2
Sell: 2
Neutral: 6


Summary:Neutral","Jun 17, 2021 08:39PM GMT"
eur_usd,1.1908 -0.0086    -0.72%,16:40:55,2021-06-17 20:41:18.551127,"Prev. Close: 1.1994
Bid/Ask: 1.1907 / 1.1908
Day's Range: 1.1892 - 1.2007",Strong Sell,"Summary:Strong Sell
Moving Averages:SellBuy (1)Sell (11)
Technical Indicators:Strong SellBuy (0)Sell (9)","Name
S3
S2
S1
Pivot Points
R1
R2
R3
Classic
1.1884
1.1892
1.1898
1.1906
1.1911
1.1920
1.1925
Fibonacci
1.1892
1.1898
1.1901
1.1906
1.1911
1.1914
1.1920
Camarilla
1.1898
1.1900
1.1901
1.1906
1.1903
1.1904
1.1906
Woodie's
1.1882
1.1891
1.1896
1.1905
1.1909
1.1919
1.1923
DeMark's
-
-
1.1895
1.1905
1.1908
-
-","Technical IndicatorsJun 17, 2021 08:40PM GMT
Name
Value
Action
RSI(14)
28.090
Sell
STOCH(9,6)
22.715
Sell
STOCHRSI(14)
100.000
Overbought
MACD(12,26)
-0.004
Sell
ADX(14)
43.723
Sell
Williams %R
-84.103
Oversold
CCI(14)
-122.6952
Sell
ATR(14)
0.0022
High Volatility
Highs/Lows(14)
-0.0011
Sell
Ultimate Oscillator
38.006
Sell
ROC
-0.663
Sell
Bull/Bear Power(13)
-0.0050
Sell
Buy: 0
Sell: 9
Neutral: 0


Summary:Strong Sell","Jun 17, 2021 08:40PM GMT"
gbp_usd,1.3927 -0.0060    -0.43%,16:40:45,2021-06-17 20:41:18.554844,"Prev. Close: 1.3987
Bid/Ask: 1.3926 / 1.3927
Day's Range: 1.3896 - 1.4010",Strong Sell,"Summary:Strong Sell
Moving Averages:SellBuy (2)Sell (10)
Technical Indicators:Strong SellBuy (0)Sell (10)","Name
S3
S2
S1
Pivot Points
R1
R2
R3
Classic
1.3904
1.3911
1.3916
1.3923
1.3929
1.3935
1.3941
Fibonacci
1.3911
1.3916
1.3918
1.3923
1.3928
1.3930
1.3935
Camarilla
1.3917
1.3918
1.3919
1.3923
1.3922
1.3923
1.3924
Woodie's
1.3902
1.3910
1.3914
1.3922
1.3927
1.3934
1.3939
DeMark's
-
-
1.3913
1.3921
1.3925
-
-","Technical IndicatorsJun 17, 2021 08:40PM GMT
Name
Value
Action
RSI(14)
36.913
Sell
STOCH(9,6)
28.130
Sell
STOCHRSI(14)
100.000
Overbought
MACD(12,26)
-0.003
Sell
ADX(14)
42.842
Sell
Williams %R
-70.336
Sell
CCI(14)
-71.7381
Sell
ATR(14)
0.0026
High Volatility
Highs/Lows(14)
-0.0004
Sell
Ultimate Oscillator
35.497
Sell
ROC
-0.479
Sell
Bull/Bear Power(13)
-0.0032
Sell
Buy: 0
Sell: 10
Neutral: 0


Summary:Strong Sell","Jun 17, 2021 08:40PM GMT"
usd_jpy,110.26 -0.43    -0.39%,16:40:39,2021-06-17 20:41:18.557834,"Prev. Close: 110.69
Bid/Ask: 110.25 / 110.26
Day's Range: 110.17 - 110.83",Strong Sell,"Summary:Strong Sell
Moving Averages:SellBuy (4)Sell (8)
Technical Indicators:Strong SellBuy (0)Sell (8)","Name
S3
S2
S1
Pivot Points
R1
R2
R3
Classic
110.18
110.22
110.24
110.28
110.31
110.34
110.37
Fibonacci
110.22
110.24
110.26
110.28
110.30
110.32
110.34
Camarilla
110.25
110.26
110.26
110.28
110.28
110.28
110.29
Woodie's
110.18
110.22
110.24
110.28
110.31
110.34
110.37
DeMark's
-
-
110.26
110.29
110.32
-
-","Technical IndicatorsJun 17, 2021 08:39PM GMT
Name
Value
Action
RSI(14)
41.516
Sell
STOCH(9,6)
16.233
Oversold
STOCHRSI(14)
11.848
Oversold
MACD(12,26)
-0.020
Sell
ADX(14)
35.040
Sell
Williams %R
-85.714
Oversold
CCI(14)
-77.7048
Sell
ATR(14)
0.1271
Less Volatility
Highs/Lows(14)
-0.1318
Sell
Ultimate Oscillator
41.308
Sell
ROC
-0.361
Sell
Bull/Bear Power(13)
-0.2350
Sell
Buy: 0
Sell: 8
Neutral: 0


Summary:Strong Sell","Jun 17, 2021 08:39PM GMT"
aud_usd,0.7552 -0.0059    -0.77%,16:40:55,2021-06-17 20:41:18.560712,"Prev. Close: 0.7610
Bid/Ask: 0.7551 / 0.7552
Day's Range: 0.7540 - 0.7646",Strong Sell,"Summary:Strong Sell
Moving Averages:SellBuy (1)Sell (11)
Technical Indicators:Strong SellBuy (0)Sell (8)","Name
S3
S2
S1
Pivot Points
R1
R2
R3
Classic
0.7533
0.7539
0.7543
0.7549
0.7553
0.7559
0.7562
Fibonacci
0.7539
0.7543
0.7545
0.7549
0.7553
0.7555
0.7559
Camarilla
0.7545
0.7546
0.7547
0.7549
0.7548
0.7549
0.7550
Woodie's
0.7533
0.7539
0.7543
0.7549
0.7553
0.7559
0.7562
DeMark's
-
-
0.7541
0.7548
0.7551
-
-","Technical IndicatorsJun 17, 2021 08:40PM GMT
Name
Value
Action
RSI(14)
28.640
Sell
STOCH(9,6)
18.160
Oversold
STOCHRSI(14)
86.341
Overbought
MACD(12,26)
-0.003
Sell
ADX(14)
54.197
Sell
Williams %R
-86.592
Oversold
CCI(14)
-89.6860
Sell
ATR(14)
0.0018
Less Volatility
Highs/Lows(14)
-0.0012
Sell
Ultimate Oscillator
35.775
Sell
ROC
-0.912
Sell
Bull/Bear Power(13)
-0.0041
Sell
Buy: 0
Sell: 8
Neutral: 0


Summary:Strong Sell","Jun 17, 2021 08:40PM GMT"
eur_gbp,0.8550 -0.0023    -0.27%,16:40:52,2021-06-17 20:41:18.563566,"Prev. Close: 0.8573
Bid/Ask: 0.8548 / 0.8552
Day's Range: 0.8542 - 0.8580",Strong Sell,"Summary:Strong Sell
Moving Averages:Strong SellBuy (0)Sell (12)
Technical Indicators:Strong SellBuy (2)Sell (8)","Name
S3
S2
S1
Pivot Points
R1
R2
R3
Classic
0.8538
0.8543
0.8547
0.8551
0.8555
0.8559
0.8563
Fibonacci
0.8543
0.8546
0.8548
0.8551
0.8554
0.8556
0.8559
Camarilla
0.8548
0.8549
0.8550
0.8551
0.8551
0.8552
0.8553
Woodie's
0.8538
0.8543
0.8547
0.8551
0.8555
0.8559
0.8563
DeMark's
-
-
0.8545
0.8550
0.8553
-
-","Technical IndicatorsJun 17, 2021 08:40PM GMT
Name
Value
Action
RSI(14)
34.454
Sell
STOCH(9,6)
41.297
Sell
STOCHRSI(14)
56.372
Buy
MACD(12,26)
-0.001
Sell
ADX(14)
43.306
Sell
Williams %R
-71.666
Sell
CCI(14)
-125.2604
Sell
ATR(14)
0.0011
High Volatility
Highs/Lows(14)
0.0000
Neutral
Ultimate Oscillator
54.809
Buy
ROC
-0.181
Sell
Bull/Bear Power(13)
-0.0021
Sell
Buy: 2
Sell: 8
Neutral: 1


Summary:Strong Sell","Jun 17, 2021 08:40PM GMT"
usd_cad,1.2354 +0.0078    +0.64%,16:40:54,2021-06-17 20:41:18.566402,"Prev. Close: 1.2276
Bid/Ask: 1.2353 / 1.2355
Day's Range: 1.2261 - 1.2378",Strong Buy,"Summary:Strong Buy
Moving Averages:Strong BuyBuy (11)Sell (1)
Technical Indicators:Strong BuyBuy (10)Sell (1)","Name
S3
S2
S1
Pivot Points
R1
R2
R3
Classic
1.2333
1.2339
1.2349
1.2356
1.2366
1.2373
1.2383
Fibonacci
1.2339
1.2346
1.2350
1.2356
1.2362
1.2366
1.2373
Camarilla
1.2354
1.2356
1.2357
1.2356
1.2361
1.2362
1.2364
Woodie's
1.2335
1.2340
1.2351
1.2357
1.2368
1.2374
1.2385
DeMark's
-
-
1.2352
1.2357
1.2369
-
-","Technical IndicatorsJun 17, 2021 08:40PM GMT
Name
Value
Action
RSI(14)
69.733
Buy
STOCH(9,6)
73.932
Buy
STOCHRSI(14)
27.531
Sell
MACD(12,26)
0.003
Buy
ADX(14)
43.639
Buy
Williams %R
-21.462
Buy
CCI(14)
101.8341
Buy
ATR(14)
0.0026
High Volatility
Highs/Lows(14)
0.0009
Buy
Ultimate Oscillator
68.291
Buy
ROC
0.611
Buy
Bull/Bear Power(13)
0.0030
Buy
Buy: 10
Sell: 1
Neutral: 0


Summary:Strong Buy","Jun 17, 2021 08:40PM GMT"
usd_chf,0.9180 +0.0095    +1.04%,16:40:27,2021-06-17 20:41:18.569256,"Prev. Close: 0.9085
Bid/Ask: 0.9179 / 0.9180
Day's Range: 0.9076 - 0.9188",Strong Buy,"Summary:Strong Buy
Moving Averages:BuyBuy (12)Sell (0)
Technical Indicators:Strong BuyBuy (7)Sell (0)","Name
S3
S2
S1
Pivot Points
R1
R2
R3
Classic
0.9165
0.9168
0.9174
0.9177
0.9182
0.9186
0.9191
Fibonacci
0.9168
0.9171
0.9174
0.9177
0.9180
0.9183
0.9186
Camarilla
0.9176
0.9177
0.9178
0.9177
0.9179
0.9180
0.9181
Woodie's
0.9165
0.9168
0.9174
0.9177
0.9182
0.9186
0.9191
DeMark's
-
-
0.9175
0.9178
0.9184
-
-","Technical IndicatorsJun 17, 2021 08:41PM GMT
Name
Value
Action
RSI(14)
77.273
Overbought
STOCH(9,6)
82.540
Overbought
STOCHRSI(14)
14.223
Oversold
MACD(12,26)
0.004
Buy
ADX(14)
43.783
Buy
Williams %R
-9.770
Overbought
CCI(14)
115.6213
Buy
ATR(14)
0.0017
High Volatility
Highs/Lows(14)
0.0015
Buy
Ultimate Oscillator
66.232
Buy
ROC
0.851
Buy
Bull/Bear Power(13)
0.0035
Buy
Buy: 7
Sell: 0
Neutral: 0


Summary:Strong Buy","Jun 17, 2021 08:41PM GMT"
nzd_chf,0.6431 +0.0027    +0.41%,16:40:53,2021-06-17 20:41:18.572102,"Prev. Close: 0.6404
Bid/Ask: 0.6429 / 0.6432
Day's Range: 0.6406 - 0.6453",Buy,"Summary:Buy
Moving Averages:BuyBuy (9)Sell (3)
Technical Indicators:BUYBuy (3)Sell (2)","Name
S3
S2
S1
Pivot Points
R1
R2
R3
Classic
0.6412
0.6417
0.6421
0.6426
0.6430
0.6435
0.6439
Fibonacci
0.6417
0.6420
0.6423
0.6426
0.6429
0.6432
0.6435
Camarilla
0.6422
0.6422
0.6423
0.6426
0.6425
0.6426
0.6426
Woodie's
0.6410
0.6416
0.6419
0.6425
0.6428
0.6434
0.6437
DeMark's
-
-
0.6418
0.6425
0.6428
-
-","Technical IndicatorsJun 17, 2021 08:40PM GMT
Name
Value
Action
RSI(14)
53.322
Neutral
STOCH(9,6)
59.297
Buy
STOCHRSI(14)
54.186
Neutral
MACD(12,26)
0.000
Buy
ADX(14)
26.540
Buy
Williams %R
-48.387
Neutral
CCI(14)
-2.8187
Neutral
ATR(14)
0.0012
Less Volatility
Highs/Lows(14)
0.0000
Neutral
Ultimate Oscillator
50.720
Neutral
ROC
-0.109
Sell
Bull/Bear Power(13)
-0.0006
Sell
Buy: 3
Sell: 2
Neutral: 6


Summary:BUY","Jun 17, 2021 08:40PM GMT"
usd_cny,6.4484 +0.0515    +0.80%,11:27:22,2021-06-17 20:41:18.574948,"Prev. Close: 6.3969
Bid/Ask: 6.4477 / 6.4490
Day's Range: 6.3972 - 6.4494",Strong Buy,"Summary:Strong Buy
Moving Averages:BuyBuy (12)Sell (0)
Technical Indicators:Strong BuyBuy (7)Sell (0)","Name
S3
S2
S1
Pivot Points
R1
R2
R3
Classic
6.4380
6.4399
6.4436
6.4455
6.4492
6.4511
6.4548
Fibonacci
6.4399
6.4420
6.4434
6.4455
6.4476
6.4490
6.4511
Camarilla
6.4458
6.4463
6.4468
6.4455
6.4479
6.4484
6.4489
Woodie's
6.4390
6.4404
6.4446
6.4460
6.4502
6.4516
6.4558
DeMark's
-
-
6.4446
6.4460
6.4502
-
-","Technical IndicatorsJun 17, 2021 03:34PM GMT
Name
Value
Action
RSI(14)
85.433
Overbought
STOCH(9,6)
77.649
Buy
STOCHRSI(14)
100.000
Overbought
MACD(12,26)
0.011
Buy
ADX(14)
61.337
Buy
Williams %R
-3.426
Overbought
CCI(14)
151.8010
Buy
ATR(14)
0.0041
Less Volatility
Highs/Lows(14)
0.0141
Buy
Ultimate Oscillator
82.973
Overbought
ROC
0.391
Buy
Bull/Bear Power(13)
0.0286
Buy
Buy: 7
Sell: 0
Neutral: 0


Summary:Strong Buy","Jun 17, 2021 03:34PM GMT"
usd_hkd,7.7643 +0.0013    +0.02%,16:40:29,2021-06-17 20:41:18.577766,"Prev. Close: 7.7630
Bid/Ask: 7.7642 / 7.7643
Day's Range: 7.7625 - 7.7656",Neutral,"Summary:Neutral
Moving Averages:BuyBuy (7)Sell (5)
Technical Indicators:SellBuy (2)Sell (3)","Name
S3
S2
S1
Pivot Points
R1
R2
R3
Classic
7.7647
7.7647
7.7649
7.7649
7.7650
7.7651
7.7652
Fibonacci
7.7647
7.7648
7.7648
7.7649
7.7650
7.7650
7.7651
Camarilla
7.7649
7.7649
7.7649
7.7649
7.7650
7.7650
7.7650
Woodie's
7.7647
7.7647
7.7649
7.7649
7.7650
7.7651
7.7652
DeMark's
-
-
7.7649
7.7649
7.7650
-
-","Technical IndicatorsJun 17, 2021 08:41PM GMT
Name
Value
Action
RSI(14)
51.966
Neutral
STOCH(9,6)
47.804
Neutral
STOCHRSI(14)
11.692
Oversold
MACD(12,26)
0.000
Buy
ADX(14)
40.015
Neutral
Williams %R
-68.432
Sell
CCI(14)
-39.1439
Neutral
ATR(14)
0.0009
Less Volatility
Highs/Lows(14)
0.0000
Neutral
Ultimate Oscillator
48.766
Sell
ROC
-0.013
Sell
Bull/Bear Power(13)
0.0010
Buy
Buy: 2
Sell: 3
Neutral: 5


Summary:Sell","Jun 17, 2021 08:41PM GMT"
eur_usd,1.1908 -0.0086    -0.72%,,2021-06-17 20:42:18.102336,"Prev. Close: 1.1994
Bid/Ask: 1.1907 / 1.1908
Day's Range: 1.1892 - 1.2007",Strong Sell,"Summary:Strong Sell
Moving Averages:SellBuy (1)Sell (11)
Technical Indicators:Strong SellBuy (0)Sell (9)","Name
S3
S2
S1
Pivot Points
R1
R2
R3
Classic
1.1884
1.1892
1.1898
1.1906
1.1911
1.1920
1.1925
Fibonacci
1.1892
1.1898
1.1901
1.1906
1.1911
1.1914
1.1920
Camarilla
1.1898
1.1900
1.1901
1.1906
1.1903
1.1904
1.1906
Woodie's
1.1882
1.1891
1.1896
1.1905
1.1909
1.1919
1.1923
DeMark's
-
-
1.1895
1.1905
1.1908
-
-","Technical IndicatorsJun 17, 2021 08:41PM GMT
Name
Value
Action
RSI(14)
28.342
Sell
STOCH(9,6)
22.856
Sell
STOCHRSI(14)
100.000
Overbought
MACD(12,26)
-0.004
Sell
ADX(14)
43.723
Sell
Williams %R
-83.591
Oversold
CCI(14)
-122.0661
Sell
ATR(14)
0.0022
High Volatility
Highs/Lows(14)
-0.0011
Sell
Ultimate Oscillator
38.277
Sell
ROC
-0.659
Sell
Bull/Bear Power(13)
-0.0050
Sell
Buy: 0
Sell: 9
Neutral: 0


Summary:Strong Sell","Jun 17, 2021 08:41PM GMT"
gbp_usd,1.3927 -0.0060    -0.43%,16:41:28,2021-06-17 20:42:18.106115,"Prev. Close: 1.3987
Bid/Ask: 1.3926 / 1.3928
Day's Range: 1.3896 - 1.4010",Strong Sell,"Summary:Strong Sell
Moving Averages:SellBuy (2)Sell (10)
Technical Indicators:Strong SellBuy (0)Sell (10)","Name
S3
S2
S1
Pivot Points
R1
R2
R3
Classic
1.3904
1.3911
1.3916
1.3923
1.3929
1.3935
1.3941
Fibonacci
1.3911
1.3916
1.3918
1.3923
1.3928
1.3930
1.3935
Camarilla
1.3917
1.3918
1.3919
1.3923
1.3922
1.3923
1.3924
Woodie's
1.3902
1.3910
1.3914
1.3922
1.3927
1.3934
1.3939
DeMark's
-
-
1.3913
1.3921
1.3925
-
-","Technical IndicatorsJun 17, 2021 08:41PM GMT
Name
Value
Action
RSI(14)
36.913
Sell
STOCH(9,6)
28.130
Sell
STOCHRSI(14)
100.000
Overbought
MACD(12,26)
-0.003
Sell
ADX(14)
42.842
Sell
Williams %R
-70.336
Sell
CCI(14)
-71.7381
Sell
ATR(14)
0.0026
High Volatility
Highs/Lows(14)
-0.0004
Sell
Ultimate Oscillator
35.497
Sell
ROC
-0.479
Sell
Bull/Bear Power(13)
-0.0032
Sell
Buy: 0
Sell: 10
Neutral: 0


Summary:Strong Sell","Jun 17, 2021 08:41PM GMT"
usd_jpy,110.26 -0.43    -0.39%,16:41:39,2021-06-17 20:42:18.109271,"Prev. Close: 110.69
Bid/Ask: 110.25 / 110.27
Day's Range: 110.17 - 110.83",Strong Sell,"Summary:Strong Sell
Moving Averages:SellBuy (4)Sell (8)
Technical Indicators:Strong SellBuy (0)Sell (8)","Name
S3
S2
S1
Pivot Points
R1
R2
R3
Classic
110.18
110.22
110.24
110.28
110.31
110.34
110.37
Fibonacci
110.22
110.24
110.26
110.28
110.30
110.32
110.34
Camarilla
110.25
110.26
110.26
110.28
110.28
110.28
110.29
Woodie's
110.18
110.22
110.24
110.28
110.31
110.34
110.37
DeMark's
-
-
110.26
110.29
110.32
-
-","Technical IndicatorsJun 17, 2021 08:39PM GMT
Name
Value
Action
RSI(14)
41.516
Sell
STOCH(9,6)
16.233
Oversold
STOCHRSI(14)
11.848
Oversold
MACD(12,26)
-0.020
Sell
ADX(14)
35.040
Sell
Williams %R
-85.714
Oversold
CCI(14)
-77.7048
Sell
ATR(14)
0.1271
Less Volatility
Highs/Lows(14)
-0.1318
Sell
Ultimate Oscillator
41.308
Sell
ROC
-0.361
Sell
Bull/Bear Power(13)
-0.2350
Sell
Buy: 0
Sell: 8
Neutral: 0


Summary:Strong Sell","Jun 17, 2021 08:39PM GMT"
aud_usd,0.7552 -0.0059    -0.77%,16:41:43,2021-06-17 20:42:18.112301,"Prev. Close: 0.7610
Bid/Ask: 0.7551 / 0.7552
Day's Range: 0.7540 - 0.7646",Strong Sell,"Summary:Strong Sell
Moving Averages:SellBuy (1)Sell (11)
Technical Indicators:Strong SellBuy (0)Sell (8)","Name
S3
S2
S1
Pivot Points
R1
R2
R3
Classic
0.7533
0.7539
0.7543
0.7549
0.7553
0.7559
0.7562
Fibonacci
0.7539
0.7543
0.7545
0.7549
0.7553
0.7555
0.7559
Camarilla
0.7545
0.7546
0.7547
0.7549
0.7548
0.7549
0.7550
Woodie's
0.7533
0.7539
0.7543
0.7549
0.7553
0.7559
0.7562
DeMark's
-
-
0.7541
0.7548
0.7551
-
-","Technical IndicatorsJun 17, 2021 08:41PM GMT
Name
Value
Action
RSI(14)
28.640
Sell
STOCH(9,6)
18.160
Oversold
STOCHRSI(14)
86.341
Overbought
MACD(12,26)
-0.003
Sell
ADX(14)
54.197
Sell
Williams %R
-86.592
Oversold
CCI(14)
-89.6860
Sell
ATR(14)
0.0018
Less Volatility
Highs/Lows(14)
-0.0012
Sell
Ultimate Oscillator
35.775
Sell
ROC
-0.912
Sell
Bull/Bear Power(13)
-0.0041
Sell
Buy: 0
Sell: 8
Neutral: 0


Summary:Strong Sell","Jun 17, 2021 08:41PM GMT"
eur_gbp,0.8550 -0.0023    -0.27%,16:41:43,2021-06-17 20:42:18.115241,"Prev. Close: 0.8573
Bid/Ask: 0.8548 / 0.8552
Day's Range: 0.8542 - 0.8580",Strong Sell,"Summary:Strong Sell
Moving Averages:Strong SellBuy (0)Sell (12)
Technical Indicators:Strong SellBuy (2)Sell (8)","Name
S3
S2
S1
Pivot Points
R1
R2
R3
Classic
0.8538
0.8543
0.8547
0.8551
0.8555
0.8559
0.8563
Fibonacci
0.8543
0.8546
0.8548
0.8551
0.8554
0.8556
0.8559
Camarilla
0.8548
0.8549
0.8550
0.8551
0.8551
0.8552
0.8553
Woodie's
0.8538
0.8543
0.8547
0.8551
0.8555
0.8559
0.8563
DeMark's
-
-
0.8545
0.8550
0.8553
-
-","Technical IndicatorsJun 17, 2021 08:41PM GMT
Name
Value
Action
RSI(14)
34.454
Sell
STOCH(9,6)
41.297
Sell
STOCHRSI(14)
56.372
Buy
MACD(12,26)
-0.001
Sell
ADX(14)
43.306
Sell
Williams %R
-71.666
Sell
CCI(14)
-125.2604
Sell
ATR(14)
0.0011
High Volatility
Highs/Lows(14)
0.0000
Neutral
Ultimate Oscillator
54.809
Buy
ROC
-0.181
Sell
Bull/Bear Power(13)
-0.0021
Sell
Buy: 2
Sell: 8
Neutral: 1


Summary:Strong Sell","Jun 17, 2021 08:41PM GMT"
usd_cad,1.2354 +0.0077    +0.63%,16:41:39,2021-06-17 20:42:18.118105,"Prev. Close: 1.2276
Bid/Ask: 1.2353 / 1.2354
Day's Range: 1.2261 - 1.2378",Strong Buy,"Summary:Strong Buy
Moving Averages:Strong BuyBuy (11)Sell (1)
Technical Indicators:Strong BuyBuy (10)Sell (1)","Name
S3
S2
S1
Pivot Points
R1
R2
R3
Classic
1.2333
1.2339
1.2349
1.2356
1.2366
1.2373
1.2383
Fibonacci
1.2339
1.2346
1.2350
1.2356
1.2362
1.2366
1.2373
Camarilla
1.2354
1.2356
1.2357
1.2356
1.2361
1.2362
1.2364
Woodie's
1.2335
1.2340
1.2351
1.2357
1.2368
1.2374
1.2385
DeMark's
-
-
1.2352
1.2357
1.2369
-
-","Technical IndicatorsJun 17, 2021 08:41PM GMT
Name
Value
Action
RSI(14)
69.476
Buy
STOCH(9,6)
73.831
Buy
STOCHRSI(14)
25.592
Sell
MACD(12,26)
0.003
Buy
ADX(14)
43.639
Buy
Williams %R
-21.918
Buy
CCI(14)
101.2642
Buy
ATR(14)
0.0026
High Volatility
Highs/Lows(14)
0.0009
Buy
Ultimate Oscillator
68.064
Buy
ROC
0.607
Buy
Bull/Bear Power(13)
0.0030
Buy
Buy: 10
Sell: 1
Neutral: 0


Summary:Strong Buy","Jun 17, 2021 08:41PM GMT"
usd_chf,0.9180 +0.0095    +1.04%,16:41:26,2021-06-17 20:42:18.120973,"Prev. Close: 0.9085
Bid/Ask: 0.9179 / 0.9180
Day's Range: 0.9076 - 0.9188",Strong Buy,"Summary:Strong Buy
Moving Averages:BuyBuy (12)Sell (0)
Technical Indicators:Strong BuyBuy (7)Sell (0)","Name
S3
S2
S1
Pivot Points
R1
R2
R3
Classic
0.9165
0.9168
0.9174
0.9177
0.9182
0.9186
0.9191
Fibonacci
0.9168
0.9171
0.9174
0.9177
0.9180
0.9183
0.9186
Camarilla
0.9176
0.9177
0.9178
0.9177
0.9179
0.9180
0.9181
Woodie's
0.9165
0.9168
0.9174
0.9177
0.9182
0.9186
0.9191
DeMark's
-
-
0.9175
0.9178
0.9184
-
-","Technical IndicatorsJun 17, 2021 08:41PM GMT
Name
Value
Action
RSI(14)
77.273
Overbought
STOCH(9,6)
82.540
Overbought
STOCHRSI(14)
14.223
Oversold
MACD(12,26)
0.004
Buy
ADX(14)
43.783
Buy
Williams %R
-9.770
Overbought
CCI(14)
115.6213
Buy
ATR(14)
0.0017
High Volatility
Highs/Lows(14)
0.0015
Buy
Ultimate Oscillator
66.232
Buy
ROC
0.851
Buy
Bull/Bear Power(13)
0.0035
Buy
Buy: 7
Sell: 0
Neutral: 0


Summary:Strong Buy","Jun 17, 2021 08:41PM GMT"
nzd_chf,0.6431 +0.0027    +0.42%,16:41:42,2021-06-17 20:42:18.123822,"Prev. Close: 0.6404
Bid/Ask: 0.6430 / 0.6432
Day's Range: 0.6406 - 0.6453",Buy,"Summary:Buy
Moving Averages:BuyBuy (9)Sell (3)
Technical Indicators:BUYBuy (3)Sell (2)","Name
S3
S2
S1
Pivot Points
R1
R2
R3
Classic
0.6412
0.6417
0.6421
0.6426
0.6430
0.6435
0.6439
Fibonacci
0.6417
0.6420
0.6423
0.6426
0.6429
0.6432
0.6435
Camarilla
0.6422
0.6422
0.6423
0.6426
0.6425
0.6426
0.6426
Woodie's
0.6410
0.6416
0.6419
0.6425
0.6428
0.6434
0.6437
DeMark's
-
-
0.6418
0.6425
0.6428
-
-","Technical IndicatorsJun 17, 2021 08:40PM GMT
Name
Value
Action
RSI(14)
53.322
Neutral
STOCH(9,6)
59.297
Buy
STOCHRSI(14)
54.186
Neutral
MACD(12,26)
0.000
Buy
ADX(14)
26.540
Buy
Williams %R
-48.387
Neutral
CCI(14)
-2.8187
Neutral
ATR(14)
0.0012
Less Volatility
Highs/Lows(14)
0.0000
Neutral
Ultimate Oscillator
50.720
Neutral
ROC
-0.109
Sell
Bull/Bear Power(13)
-0.0006
Sell
Buy: 3
Sell: 2
Neutral: 6


Summary:BUY","Jun 17, 2021 08:40PM GMT"
usd_cny,6.4484 +0.0515    +0.80%,11:27:22,2021-06-17 20:42:18.126648,"Prev. Close: 6.3969
Bid/Ask: 6.4477 / 6.4490
Day's Range: 6.3972 - 6.4494",Strong Buy,"Summary:Strong Buy
Moving Averages:BuyBuy (12)Sell (0)
Technical Indicators:Strong BuyBuy (7)Sell (0)","Name
S3
S2
S1
Pivot Points
R1
R2
R3
Classic
6.4380
6.4399
6.4436
6.4455
6.4492
6.4511
6.4548
Fibonacci
6.4399
6.4420
6.4434
6.4455
6.4476
6.4490
6.4511
Camarilla
6.4458
6.4463
6.4468
6.4455
6.4479
6.4484
6.4489
Woodie's
6.4390
6.4404
6.4446
6.4460
6.4502
6.4516
6.4558
DeMark's
-
-
6.4446
6.4460
6.4502
-
-","Technical IndicatorsJun 17, 2021 03:34PM GMT
Name
Value
Action
RSI(14)
85.433
Overbought
STOCH(9,6)
77.649
Buy
STOCHRSI(14)
100.000
Overbought
MACD(12,26)
0.011
Buy
ADX(14)
61.337
Buy
Williams %R
-3.426
Overbought
CCI(14)
151.8010
Buy
ATR(14)
0.0041
Less Volatility
Highs/Lows(14)
0.0141
Buy
Ultimate Oscillator
82.973
Overbought
ROC
0.391
Buy
Bull/Bear Power(13)
0.0286
Buy
Buy: 7
Sell: 0
Neutral: 0


Summary:Strong Buy","Jun 17, 2021 03:34PM GMT"
usd_hkd,7.7643 +0.0013    +0.02%,16:41:42,2021-06-17 20:42:18.129459,"Prev. Close: 7.7630
Bid/Ask: 7.7641 / 7.7644
Day's Range: 7.7625 - 7.7656",Neutral,"Summary:Neutral
Moving Averages:BuyBuy (7)Sell (5)
Technical Indicators:SellBuy (2)Sell (3)","Name
S3
S2
S1
Pivot Points
R1
R2
R3
Classic
7.7647
7.7647
7.7649
7.7649
7.7650
7.7651
7.7652
Fibonacci
7.7647
7.7648
7.7648
7.7649
7.7650
7.7650
7.7651
Camarilla
7.7649
7.7649
7.7649
7.7649
7.7650
7.7650
7.7650
Woodie's
7.7647
7.7647
7.7649
7.7649
7.7650
7.7651
7.7652
DeMark's
-
-
7.7649
7.7649
7.7650
-
-","Technical IndicatorsJun 17, 2021 08:41PM GMT
Name
Value
Action
RSI(14)
51.966
Neutral
STOCH(9,6)
47.804
Neutral
STOCHRSI(14)
11.692
Oversold
MACD(12,26)
0.000
Buy
ADX(14)
40.015
Neutral
Williams %R
-68.432
Sell
CCI(14)
-39.1439
Neutral
ATR(14)
0.0009
Less Volatility
Highs/Lows(14)
0.0000
Neutral
Ultimate Oscillator
48.766
Sell
ROC
-0.013
Sell
Bull/Bear Power(13)
0.0010
Buy
Buy: 2
Sell: 3
Neutral: 5


Summary:Sell","Jun 17, 2021 08:41PM GMT"
eur_usd,1.1908 -0.0086    -0.72%,16:42:53,2021-06-17 20:43:18.332145,"Prev. Close: 1.1994
Bid/Ask: 1.1906 / 1.1910
Day's Range: 1.1892 - 1.2007",Strong Sell,"Summary:Strong Sell
Moving Averages:SellBuy (1)Sell (11)
Technical Indicators:Strong SellBuy (0)Sell (9)","Name
S3
S2
S1
Pivot Points
R1
R2
R3
Classic
1.1884
1.1892
1.1898
1.1906
1.1911
1.1920
1.1925
Fibonacci
1.1892
1.1898
1.1901
1.1906
1.1911
1.1914
1.1920
Camarilla
1.1898
1.1900
1.1901
1.1906
1.1903
1.1904
1.1906
Woodie's
1.1882
1.1891
1.1896
1.1905
1.1909
1.1919
1.1923
DeMark's
-
-
1.1895
1.1905
1.1908
-
-","Technical IndicatorsJun 17, 2021 08:41PM GMT
Name
Value
Action
RSI(14)
28.342
Sell
STOCH(9,6)
22.856
Sell
STOCHRSI(14)
100.000
Overbought
MACD(12,26)
-0.004
Sell
ADX(14)
43.723
Sell
Williams %R
-83.591
Oversold
CCI(14)
-122.0661
Sell
ATR(14)
0.0022
High Volatility
Highs/Lows(14)
-0.0011
Sell
Ultimate Oscillator
38.277
Sell
ROC
-0.659
Sell
Bull/Bear Power(13)
-0.0050
Sell
Buy: 0
Sell: 9
Neutral: 0


Summary:Strong Sell","Jun 17, 2021 08:41PM GMT"
gbp_usd,1.3927 -0.0060    -0.43%,16:42:43,2021-06-17 20:43:18.335938,"Prev. Close: 1.3987
Bid/Ask: 1.3926 / 1.3928
Day's Range: 1.3896 - 1.4010",Strong Sell,"Summary:Strong Sell
Moving Averages:SellBuy (2)Sell (10)
Technical Indicators:Strong SellBuy (0)Sell (10)","Name
S3
S2
S1
Pivot Points
R1
R2
R3
Classic
1.3904
1.3911
1.3916
1.3923
1.3929
1.3935
1.3941
Fibonacci
1.3911
1.3916
1.3918
1.3923
1.3928
1.3930
1.3935
Camarilla
1.3917
1.3918
1.3919
1.3923
1.3922
1.3923
1.3924
Woodie's
1.3902
1.3910
1.3914
1.3922
1.3927
1.3934
1.3939
DeMark's
-
-
1.3913
1.3921
1.3925
-
-","Technical IndicatorsJun 17, 2021 08:41PM GMT
Name
Value
Action
RSI(14)
36.913
Sell
STOCH(9,6)
28.130
Sell
STOCHRSI(14)
100.000
Overbought
MACD(12,26)
-0.003
Sell
ADX(14)
42.842
Sell
Williams %R
-70.336
Sell
CCI(14)
-71.7381
Sell
ATR(14)
0.0026
High Volatility
Highs/Lows(14)
-0.0004
Sell
Ultimate Oscillator
35.497
Sell
ROC
-0.479
Sell
Bull/Bear Power(13)
-0.0032
Sell
Buy: 0
Sell: 10
Neutral: 0


Summary:Strong Sell","Jun 17, 2021 08:41PM GMT"
usd_jpy,110.26 -0.43    -0.39%,16:42:33,2021-06-17 20:43:18.338965,"Prev. Close: 110.69
Bid/Ask: 110.25 / 110.26
Day's Range: 110.17 - 110.83",Strong Sell,"Summary:Strong Sell
Moving Averages:SellBuy (4)Sell (8)
Technical Indicators:Strong SellBuy (0)Sell (8)","Name
S3
S2
S1
Pivot Points
R1
R2
R3
Classic
110.18
110.22
110.24
110.28
110.31
110.34
110.37
Fibonacci
110.22
110.24
110.26
110.28
110.30
110.32
110.34
Camarilla
110.25
110.26
110.26
110.28
110.28
110.28
110.29
Woodie's
110.18
110.22
110.24
110.28
110.31
110.34
110.37
DeMark's
-
-
110.26
110.29
110.32
-
-","Technical IndicatorsJun 17, 2021 08:41PM GMT
Name
Value
Action
RSI(14)
41.516
Sell
STOCH(9,6)
16.233
Oversold
STOCHRSI(14)
11.848
Oversold
MACD(12,26)
-0.020
Sell
ADX(14)
35.040
Sell
Williams %R
-85.714
Oversold
CCI(14)
-77.7048
Sell
ATR(14)
0.1271
Less Volatility
Highs/Lows(14)
-0.1318
Sell
Ultimate Oscillator
41.308
Sell
ROC
-0.361
Sell
Bull/Bear Power(13)
-0.2350
Sell
Buy: 0
Sell: 8
Neutral: 0


Summary:Strong Sell","Jun 17, 2021 08:41PM GMT"
aud_usd,0.7552 -0.0059    -0.77%,16:42:43,2021-06-17 20:43:18.341844,"Prev. Close: 0.7610
Bid/Ask: 0.7551 / 0.7552
Day's Range: 0.7540 - 0.7646",Strong Sell,"Summary:Strong Sell
Moving Averages:SellBuy (1)Sell (11)
Technical Indicators:Strong SellBuy (0)Sell (8)","Name
S3
S2
S1
Pivot Points
R1
R2
R3
Classic
0.7533
0.7539
0.7543
0.7549
0.7553
0.7559
0.7562
Fibonacci
0.7539
0.7543
0.7545
0.7549
0.7553
0.7555
0.7559
Camarilla
0.7545
0.7546
0.7547
0.7549
0.7548
0.7549
0.7550
Woodie's
0.7533
0.7539
0.7543
0.7549
0.7553
0.7559
0.7562
DeMark's
-
-
0.7541
0.7548
0.7551
-
-","Technical IndicatorsJun 17, 2021 08:41PM GMT
Name
Value
Action
RSI(14)
28.640
Sell
STOCH(9,6)
18.160
Oversold
STOCHRSI(14)
86.341
Overbought
MACD(12,26)
-0.003
Sell
ADX(14)
54.197
Sell
Williams %R
-86.592
Oversold
CCI(14)
-89.6860
Sell
ATR(14)
0.0018
Less Volatility
Highs/Lows(14)
-0.0012
Sell
Ultimate Oscillator
35.775
Sell
ROC
-0.912
Sell
Bull/Bear Power(13)
-0.0041
Sell
Buy: 0
Sell: 8
Neutral: 0


Summary:Strong Sell","Jun 17, 2021 08:41PM GMT"
eur_gbp,0.8550 -0.0023    -0.27%,16:42:52,2021-06-17 20:43:18.344728,"Prev. Close: 0.8573
Bid/Ask: 0.8548 / 0.8552
Day's Range: 0.8542 - 0.8580",Strong Sell,"Summary:Strong Sell
Moving Averages:Strong SellBuy (0)Sell (12)
Technical Indicators:Strong SellBuy (2)Sell (8)","Name
S3
S2
S1
Pivot Points
R1
R2
R3
Classic
0.8538
0.8543
0.8547
0.8551
0.8555
0.8559
0.8563
Fibonacci
0.8543
0.8546
0.8548
0.8551
0.8554
0.8556
0.8559
Camarilla
0.8548
0.8549
0.8550
0.8551
0.8551
0.8552
0.8553
Woodie's
0.8538
0.8543
0.8547
0.8551
0.8555
0.8559
0.8563
DeMark's
-
-
0.8545
0.8550
0.8553
-
-","Technical IndicatorsJun 17, 2021 08:41PM GMT
Name
Value
Action
RSI(14)
34.454
Sell
STOCH(9,6)
41.297
Sell
STOCHRSI(14)
56.372
Buy
MACD(12,26)
-0.001
Sell
ADX(14)
43.306
Sell
Williams %R
-71.666
Sell
CCI(14)
-125.2604
Sell
ATR(14)
0.0011
High Volatility
Highs/Lows(14)
0.0000
Neutral
Ultimate Oscillator
54.809
Buy
ROC
-0.181
Sell
Bull/Bear Power(13)
-0.0021
Sell
Buy: 2
Sell: 8
Neutral: 1


Summary:Strong Sell","Jun 17, 2021 08:41PM GMT"
usd_cad,1.2355 +0.0079    +0.64%,16:42:52,2021-06-17 20:43:18.347608,"Prev. Close: 1.2276
Bid/Ask: 1.2354 / 1.2356
Day's Range: 1.2261 - 1.2378",Strong Buy,"Summary:Strong Buy
Moving Averages:Strong BuyBuy (11)Sell (1)
Technical Indicators:Strong BuyBuy (10)Sell (1)","Name
S3
S2
S1
Pivot Points
R1
R2
R3
Classic
1.2333
1.2339
1.2349
1.2356
1.2366
1.2373
1.2383
Fibonacci
1.2339
1.2346
1.2350
1.2356
1.2362
1.2366
1.2373
Camarilla
1.2354
1.2356
1.2357
1.2356
1.2361
1.2362
1.2364
Woodie's
1.2335
1.2340
1.2351
1.2357
1.2368
1.2374
1.2385
DeMark's
-
-
1.2352
1.2357
1.2369
-
-","Technical IndicatorsJun 17, 2021 08:41PM GMT
Name
Value
Action
RSI(14)
69.476
Buy
STOCH(9,6)
73.831
Buy
STOCHRSI(14)
25.592
Sell
MACD(12,26)
0.003
Buy
ADX(14)
43.639
Buy
Williams %R
-21.918
Buy
CCI(14)
101.2642
Buy
ATR(14)
0.0026
High Volatility
Highs/Lows(14)
0.0009
Buy
Ultimate Oscillator
68.064
Buy
ROC
0.607
Buy
Bull/Bear Power(13)
0.0030
Buy
Buy: 10
Sell: 1
Neutral: 0


Summary:Strong Buy","Jun 17, 2021 08:41PM GMT"
usd_chf,0.9180 +0.0095    +1.04%,16:42:43,2021-06-17 20:43:18.350520,"Prev. Close: 0.9085
Bid/Ask: 0.9179 / 0.9180
Day's Range: 0.9076 - 0.9188",Strong Buy,"Summary:Strong Buy
Moving Averages:BuyBuy (12)Sell (0)
Technical Indicators:Strong BuyBuy (7)Sell (0)","Name
S3
S2
S1
Pivot Points
R1
R2
R3
Classic
0.9165
0.9168
0.9174
0.9177
0.9182
0.9186
0.9191
Fibonacci
0.9168
0.9171
0.9174
0.9177
0.9180
0.9183
0.9186
Camarilla
0.9176
0.9177
0.9178
0.9177
0.9179
0.9180
0.9181
Woodie's
0.9165
0.9168
0.9174
0.9177
0.9182
0.9186
0.9191
DeMark's
-
-
0.9175
0.9178
0.9184
-
-","Technical IndicatorsJun 17, 2021 08:43PM GMT
Name
Value
Action
RSI(14)
77.273
Overbought
STOCH(9,6)
82.540
Overbought
STOCHRSI(14)
14.223
Oversold
MACD(12,26)
0.004
Buy
ADX(14)
43.783
Buy
Williams %R
-9.770
Overbought
CCI(14)
115.6213
Buy
ATR(14)
0.0017
High Volatility
Highs/Lows(14)
0.0015
Buy
Ultimate Oscillator
66.232
Buy
ROC
0.851
Buy
Bull/Bear Power(13)
0.0035
Buy
Buy: 7
Sell: 0
Neutral: 0


Summary:Strong Buy","Jun 17, 2021 08:43PM GMT"
nzd_chf,0.6430 +0.0026    +0.41%,16:42:55,2021-06-17 20:43:18.353379,"Prev. Close: 0.6404
Bid/Ask: 0.6428 / 0.6432
Day's Range: 0.6406 - 0.6453",Buy,"Summary:Buy
Moving Averages:BuyBuy (10)Sell (2)
Technical Indicators:BUYBuy (5)Sell (2)","Name
S3
S2
S1
Pivot Points
R1
R2
R3
Classic
0.6412
0.6417
0.6421
0.6426
0.6430
0.6435
0.6439
Fibonacci
0.6417
0.6420
0.6423
0.6426
0.6429
0.6432
0.6435
Camarilla
0.6422
0.6422
0.6423
0.6426
0.6425
0.6426
0.6426
Woodie's
0.6410
0.6416
0.6419
0.6425
0.6428
0.6434
0.6437
DeMark's
-
-
0.6418
0.6425
0.6428
-
-","Technical IndicatorsJun 17, 2021 08:42PM GMT
Name
Value
Action
RSI(14)
53.974
Neutral
STOCH(9,6)
59.963
Buy
STOCHRSI(14)
56.685
Buy
MACD(12,26)
0.000
Buy
ADX(14)
26.540
Buy
Williams %R
-46.237
Neutral
CCI(14)
0.1060
Neutral
ATR(14)
0.0012
Less Volatility
Highs/Lows(14)
0.0000
Neutral
Ultimate Oscillator
51.848
Buy
ROC
-0.093
Sell
Bull/Bear Power(13)
-0.0006
Sell
Buy: 5
Sell: 2
Neutral: 4


Summary:BUY","Jun 17, 2021 08:42PM GMT"
usd_cny,6.4484 +0.0515    +0.80%,11:27:22,2021-06-17 20:43:18.356256,"Prev. Close: 6.3969
Bid/Ask: 6.4477 / 6.4490
Day's Range: 6.3972 - 6.4494",Strong Buy,"Summary:Strong Buy
Moving Averages:BuyBuy (12)Sell (0)
Technical Indicators:Strong BuyBuy (7)Sell (0)","Name
S3
S2
S1
Pivot Points
R1
R2
R3
Classic
6.4380
6.4399
6.4436
6.4455
6.4492
6.4511
6.4548
Fibonacci
6.4399
6.4420
6.4434
6.4455
6.4476
6.4490
6.4511
Camarilla
6.4458
6.4463
6.4468
6.4455
6.4479
6.4484
6.4489
Woodie's
6.4390
6.4404
6.4446
6.4460
6.4502
6.4516
6.4558
DeMark's
-
-
6.4446
6.4460
6.4502
-
-","Technical IndicatorsJun 17, 2021 03:34PM GMT
Name
Value
Action
RSI(14)
85.433
Overbought
STOCH(9,6)
77.649
Buy
STOCHRSI(14)
100.000
Overbought
MACD(12,26)
0.011
Buy
ADX(14)
61.337
Buy
Williams %R
-3.426
Overbought
CCI(14)
151.8010
Buy
ATR(14)
0.0041
Less Volatility
Highs/Lows(14)
0.0141
Buy
Ultimate Oscillator
82.973
Overbought
ROC
0.391
Buy
Bull/Bear Power(13)
0.0286
Buy
Buy: 7
Sell: 0
Neutral: 0


Summary:Strong Buy","Jun 17, 2021 03:34PM GMT"
usd_hkd,7.7642 +0.0011    +0.01%,16:42:50,2021-06-17 20:43:18.359088,"Prev. Close: 7.7630
Bid/Ask: 7.7640 / 7.7643
Day's Range: 7.7625 - 7.7656",Neutral,"Summary:Neutral
Moving Averages:NeutralBuy (6)Sell (6)
Technical Indicators:SellBuy (2)Sell (3)","Name
S3
S2
S1
Pivot Points
R1
R2
R3
Classic
7.7647
7.7647
7.7649
7.7649
7.7650
7.7651
7.7652
Fibonacci
7.7647
7.7648
7.7648
7.7649
7.7650
7.7650
7.7651
Camarilla
7.7649
7.7649
7.7649
7.7649
7.7650
7.7650
7.7650
Woodie's
7.7647
7.7647
7.7649
7.7649
7.7650
7.7651
7.7652
DeMark's
-
-
7.7649
7.7649
7.7650
-
-","Technical IndicatorsJun 17, 2021 08:43PM GMT
Name
Value
Action
RSI(14)
51.135
Neutral
STOCH(9,6)
46.930
Neutral
STOCHRSI(14)
6.095
Oversold
MACD(12,26)
0.000
Buy
ADX(14)
40.015
Neutral
Williams %R
-73.676
Sell
CCI(14)
-46.9949
Neutral
ATR(14)
0.0009
Less Volatility
Highs/Lows(14)
0.0000
Neutral
Ultimate Oscillator
47.172
Sell
ROC
-0.014
Sell
Bull/Bear Power(13)
0.0010
Buy
Buy: 2
Sell: 3
Neutral: 5


Summary:Sell","Jun 17, 2021 08:43PM GMT"
eur_usd,1.1909 -0.0086    -0.71%,16:43:40,2021-06-17 20:44:18.875193,"Prev. Close: 1.1994
Bid/Ask: 1.1908 / 1.1909
Day's Range: 1.1892 - 1.2007",Strong Sell,"Summary:Strong Sell
Moving Averages:SellBuy (1)Sell (11)
Technical Indicators:Strong SellBuy (0)Sell (9)","Name
S3
S2
S1
Pivot Points
R1
R2
R3
Classic
1.1884
1.1892
1.1898
1.1906
1.1911
1.1920
1.1925
Fibonacci
1.1892
1.1898
1.1901
1.1906
1.1911
1.1914
1.1920
Camarilla
1.1898
1.1900
1.1901
1.1906
1.1903
1.1904
1.1906
Woodie's
1.1882
1.1891
1.1896
1.1905
1.1909
1.1919
1.1923
DeMark's
-
-
1.1895
1.1905
1.1908
-
-","Technical IndicatorsJun 17, 2021 08:43PM GMT
Name
Value
Action
RSI(14)
28.593
Sell
STOCH(9,6)
22.998
Sell
STOCHRSI(14)
100.000
Overbought
MACD(12,26)
-0.004
Sell
ADX(14)
43.723
Sell
Williams %R
-83.077
Oversold
CCI(14)
-121.4346
Sell
ATR(14)
0.0022
High Volatility
Highs/Lows(14)
-0.0010
Sell
Ultimate Oscillator
38.549
Sell
ROC
-0.655
Sell
Bull/Bear Power(13)
-0.0050
Sell
Buy: 0
Sell: 9
Neutral: 0


Summary:Strong Sell","Jun 17, 2021 08:43PM GMT"
gbp_usd,1.3926 -0.0061    -0.44%,16:43:33,2021-06-17 20:44:18.878987,"Prev. Close: 1.3987
Bid/Ask: 1.3924 / 1.3928
Day's Range: 1.3896 - 1.4010",Strong Sell,"Summary:Strong Sell
Moving Averages:SellBuy (2)Sell (10)
Technical Indicators:Strong SellBuy (0)Sell (10)","Name
S3
S2
S1
Pivot Points
R1
R2
R3
Classic
1.3904
1.3911
1.3916
1.3923
1.3929
1.3935
1.3941
Fibonacci
1.3911
1.3916
1.3918
1.3923
1.3928
1.3930
1.3935
Camarilla
1.3917
1.3918
1.3919
1.3923
1.3922
1.3923
1.3924
Woodie's
1.3902
1.3910
1.3914
1.3922
1.3927
1.3934
1.3939
DeMark's
-
-
1.3913
1.3921
1.3925
-
-","Technical IndicatorsJun 17, 2021 08:43PM GMT
Name
Value
Action
RSI(14)
36.913
Sell
STOCH(9,6)
28.130
Sell
STOCHRSI(14)
100.000
Overbought
MACD(12,26)
-0.003
Sell
ADX(14)
42.842
Sell
Williams %R
-70.336
Sell
CCI(14)
-71.7381
Sell
ATR(14)
0.0026
High Volatility
Highs/Lows(14)
-0.0004
Sell
Ultimate Oscillator
35.497
Sell
ROC
-0.479
Sell
Bull/Bear Power(13)
-0.0032
Sell
Buy: 0
Sell: 10
Neutral: 0


Summary:Strong Sell","Jun 17, 2021 08:43PM GMT"
usd_jpy,110.26 -0.43    -0.39%,16:43:39,2021-06-17 20:44:18.882109,"Prev. Close: 110.69
Bid/Ask: 110.25 / 110.26
Day's Range: 110.17 - 110.83",Strong Sell,"Summary:Strong Sell
Moving Averages:SellBuy (4)Sell (8)
Technical Indicators:Strong SellBuy (0)Sell (8)","Name
S3
S2
S1
Pivot Points
R1
R2
R3
Classic
110.18
110.22
110.24
110.28
110.31
110.34
110.37
Fibonacci
110.22
110.24
110.26
110.28
110.30
110.32
110.34
Camarilla
110.25
110.26
110.26
110.28
110.28
110.28
110.29
Woodie's
110.18
110.22
110.24
110.28
110.31
110.34
110.37
DeMark's
-
-
110.26
110.29
110.32
-
-","Technical IndicatorsJun 17, 2021 08:41PM GMT
Name
Value
Action
RSI(14)
41.516
Sell
STOCH(9,6)
16.233
Oversold
STOCHRSI(14)
11.848
Oversold
MACD(12,26)
-0.020
Sell
ADX(14)
35.040
Sell
Williams %R
-85.714
Oversold
CCI(14)
-77.7048
Sell
ATR(14)
0.1271
Less Volatility
Highs/Lows(14)
-0.1318
Sell
Ultimate Oscillator
41.308
Sell
ROC
-0.361
Sell
Bull/Bear Power(13)
-0.2350
Sell
Buy: 0
Sell: 8
Neutral: 0


Summary:Strong Sell","Jun 17, 2021 08:41PM GMT"
aud_usd,0.7552 -0.0059    -0.77%,16:43:42,2021-06-17 20:44:18.885087,"Prev. Close: 0.7610
Bid/Ask: 0.7551 / 0.7552
Day's Range: 0.7540 - 0.7646",Strong Sell,"Summary:Strong Sell
Moving Averages:SellBuy (1)Sell (11)
Technical Indicators:Strong SellBuy (0)Sell (8)","Name
S3
S2
S1
Pivot Points
R1
R2
R3
Classic
0.7533
0.7539
0.7543
0.7549
0.7553
0.7559
0.7562
Fibonacci
0.7539
0.7543
0.7545
0.7549
0.7553
0.7555
0.7559
Camarilla
0.7545
0.7546
0.7547
0.7549
0.7548
0.7549
0.7550
Woodie's
0.7533
0.7539
0.7543
0.7549
0.7553
0.7559
0.7562
DeMark's
-
-
0.7541
0.7548
0.7551
-
-","Technical IndicatorsJun 17, 2021 08:43PM GMT
Name
Value
Action
RSI(14)
28.967
Sell
STOCH(9,6)
18.319
Oversold
STOCHRSI(14)
89.029
Overbought
MACD(12,26)
-0.003
Sell
ADX(14)
54.197
Sell
Williams %R
-86.033
Oversold
CCI(14)
-89.1587
Sell
ATR(14)
0.0018
Less Volatility
Highs/Lows(14)
-0.0011
Sell
Ultimate Oscillator
36.148
Sell
ROC
-0.905
Sell
Bull/Bear Power(13)
-0.0041
Sell
Buy: 0
Sell: 8
Neutral: 0


Summary:Strong Sell","Jun 17, 2021 08:43PM GMT"
eur_gbp,0.8551 -0.0022    -0.26%,16:43:41,2021-06-17 20:44:18.887980,"Prev. Close: 0.8573
Bid/Ask: 0.8549 / 0.8553
Day's Range: 0.8542 - 0.8580",Strong Sell,"Summary:Strong Sell
Moving Averages:Strong SellBuy (0)Sell (12)
Technical Indicators:Strong SellBuy (2)Sell (8)","Name
S3
S2
S1
Pivot Points
R1
R2
R3
Classic
0.8538
0.8543
0.8547
0.8551
0.8555
0.8559
0.8563
Fibonacci
0.8543
0.8546
0.8548
0.8551
0.8554
0.8556
0.8559
Camarilla
0.8548
0.8549
0.8550
0.8551
0.8551
0.8552
0.8553
Woodie's
0.8538
0.8543
0.8547
0.8551
0.8555
0.8559
0.8563
DeMark's
-
-
0.8545
0.8550
0.8553
-
-","Technical IndicatorsJun 17, 2021 08:43PM GMT
Name
Value
Action
RSI(14)
34.785
Sell
STOCH(9,6)
41.605
Sell
STOCHRSI(14)
57.809
Buy
MACD(12,26)
-0.001
Sell
ADX(14)
43.306
Sell
Williams %R
-69.999
Sell
CCI(14)
-122.6473
Sell
ATR(14)
0.0011
High Volatility
Highs/Lows(14)
0.0000
Neutral
Ultimate Oscillator
55.407
Buy
ROC
-0.175
Sell
Bull/Bear Power(13)
-0.0021
Sell
Buy: 2
Sell: 8
Neutral: 1


Summary:Strong Sell","Jun 17, 2021 08:43PM GMT"
usd_cad,1.2355 +0.0078    +0.64%,16:43:42,2021-06-17 20:44:18.890835,"Prev. Close: 1.2276
Bid/Ask: 1.2354 / 1.2355
Day's Range: 1.2261 - 1.2378",Strong Buy,"Summary:Strong Buy
Moving Averages:Strong BuyBuy (11)Sell (1)
Technical Indicators:Strong BuyBuy (10)Sell (1)","Name
S3
S2
S1
Pivot Points
R1
R2
R3
Classic
1.2333
1.2339
1.2349
1.2356
1.2366
1.2373
1.2383
Fibonacci
1.2339
1.2346
1.2350
1.2356
1.2362
1.2366
1.2373
Camarilla
1.2354
1.2356
1.2357
1.2356
1.2361
1.2362
1.2364
Woodie's
1.2335
1.2340
1.2351
1.2357
1.2368
1.2374
1.2385
DeMark's
-
-
1.2352
1.2357
1.2369
-
-","Technical IndicatorsJun 17, 2021 08:43PM GMT
Name
Value
Action
RSI(14)
70.253
Buy
STOCH(9,6)
74.134
Buy
STOCHRSI(14)
31.453
Sell
MACD(12,26)
0.003
Buy
ADX(14)
43.639
Buy
Williams %R
-20.548
Buy
CCI(14)
102.9728
Buy
ATR(14)
0.0026
High Volatility
Highs/Lows(14)
0.0010
Buy
Ultimate Oscillator
68.745
Buy
ROC
0.619
Buy
Bull/Bear Power(13)
0.0030
Buy
Buy: 10
Sell: 1
Neutral: 0


Summary:Strong Buy","Jun 17, 2021 08:43PM GMT"
usd_chf,0.9179 +0.0094    +1.03%,16:43:52,2021-06-17 20:44:18.893660,"Prev. Close: 0.9085
Bid/Ask: 0.9177 / 0.9181
Day's Range: 0.9076 - 0.9188",Strong Buy,"Summary:Strong Buy
Moving Averages:BuyBuy (12)Sell (0)
Technical Indicators:Strong BuyBuy (7)Sell (0)","Name
S3
S2
S1
Pivot Points
R1
R2
R3
Classic
0.9165
0.9168
0.9174
0.9177
0.9182
0.9186
0.9191
Fibonacci
0.9168
0.9171
0.9174
0.9177
0.9180
0.9183
0.9186
Camarilla
0.9176
0.9177
0.9178
0.9177
0.9179
0.9180
0.9181
Woodie's
0.9165
0.9168
0.9174
0.9177
0.9182
0.9186
0.9191
DeMark's
-
-
0.9175
0.9178
0.9184
-
-","Technical IndicatorsJun 17, 2021 08:43PM GMT
Name
Value
Action
RSI(14)
77.273
Overbought
STOCH(9,6)
82.540
Overbought
STOCHRSI(14)
14.223
Oversold
MACD(12,26)
0.004
Buy
ADX(14)
43.783
Buy
Williams %R
-9.770
Overbought
CCI(14)
115.6213
Buy
ATR(14)
0.0017
High Volatility
Highs/Lows(14)
0.0015
Buy
Ultimate Oscillator
66.232
Buy
ROC
0.851
Buy
Bull/Bear Power(13)
0.0035
Buy
Buy: 7
Sell: 0
Neutral: 0


Summary:Strong Buy","Jun 17, 2021 08:43PM GMT"
nzd_chf,0.6430 +0.0026    +0.41%,16:43:42,2021-06-17 20:44:18.896493,"Prev. Close: 0.6404
Bid/Ask: 0.6427 / 0.6433
Day's Range: 0.6406 - 0.6453",Buy,"Summary:Buy
Moving Averages:BuyBuy (9)Sell (3)
Technical Indicators:BUYBuy (3)Sell (2)","Name
S3
S2
S1
Pivot Points
R1
R2
R3
Classic
0.6412
0.6417
0.6421
0.6426
0.6430
0.6435
0.6439
Fibonacci
0.6417
0.6420
0.6423
0.6426
0.6429
0.6432
0.6435
Camarilla
0.6422
0.6422
0.6423
0.6426
0.6425
0.6426
0.6426
Woodie's
0.6410
0.6416
0.6419
0.6425
0.6428
0.6434
0.6437
DeMark's
-
-
0.6418
0.6425
0.6428
-
-","Technical IndicatorsJun 17, 2021 08:43PM GMT
Name
Value
Action
RSI(14)
53.322
Neutral
STOCH(9,6)
58.748
Buy
STOCHRSI(14)
54.186
Neutral
MACD(12,26)
0.000
Buy
ADX(14)
26.844
Buy
Williams %R
-48.387
Neutral
CCI(14)
-1.3604
Neutral
ATR(14)
0.0012
Less Volatility
Highs/Lows(14)
0.0000
Neutral
Ultimate Oscillator
50.419
Neutral
ROC
-0.109
Sell
Bull/Bear Power(13)
-0.0006
Sell
Buy: 3
Sell: 2
Neutral: 6


Summary:BUY","Jun 17, 2021 08:43PM GMT"
usd_cny,6.4484 +0.0515    +0.80%,11:27:22,2021-06-17 20:44:18.899314,"Prev. Close: 6.3969
Bid/Ask: 6.4477 / 6.4490
Day's Range: 6.3972 - 6.4494",Strong Buy,"Summary:Strong Buy
Moving Averages:BuyBuy (12)Sell (0)
Technical Indicators:Strong BuyBuy (7)Sell (0)","Name
S3
S2
S1
Pivot Points
R1
R2
R3
Classic
6.4380
6.4399
6.4436
6.4455
6.4492
6.4511
6.4548
Fibonacci
6.4399
6.4420
6.4434
6.4455
6.4476
6.4490
6.4511
Camarilla
6.4458
6.4463
6.4468
6.4455
6.4479
6.4484
6.4489
Woodie's
6.4390
6.4404
6.4446
6.4460
6.4502
6.4516
6.4558
DeMark's
-
-
6.4446
6.4460
6.4502
-
-","Technical IndicatorsJun 17, 2021 03:34PM GMT
Name
Value
Action
RSI(14)
85.433
Overbought
STOCH(9,6)
77.649
Buy
STOCHRSI(14)
100.000
Overbought
MACD(12,26)
0.011
Buy
ADX(14)
61.337
Buy
Williams %R
-3.426
Overbought
CCI(14)
151.8010
Buy
ATR(14)
0.0041
Less Volatility
Highs/Lows(14)
0.0141
Buy
Ultimate Oscillator
82.973
Overbought
ROC
0.391
Buy
Bull/Bear Power(13)
0.0286
Buy
Buy: 7
Sell: 0
Neutral: 0


Summary:Strong Buy","Jun 17, 2021 03:34PM GMT"
usd_hkd,7.7642 +0.0011    +0.01%,16:43:30,2021-06-17 20:44:18.902102,"Prev. Close: 7.7630
Bid/Ask: 7.7641 / 7.7642
Day's Range: 7.7625 - 7.7656",Neutral,"Summary:Neutral
Moving Averages:NeutralBuy (6)Sell (6)
Technical Indicators:SellBuy (2)Sell (3)","Name
S3
S2
S1
Pivot Points
R1
R2
R3
Classic
7.7647
7.7647
7.7649
7.7649
7.7650
7.7651
7.7652
Fibonacci
7.7647
7.7648
7.7648
7.7649
7.7650
7.7650
7.7651
Camarilla
7.7649
7.7649
7.7649
7.7649
7.7650
7.7650
7.7650
Woodie's
7.7647
7.7647
7.7649
7.7649
7.7650
7.7651
7.7652
DeMark's
-
-
7.7649
7.7649
7.7650
-
-","Technical IndicatorsJun 17, 2021 08:43PM GMT
Name
Value
Action
RSI(14)
51.135
Neutral
STOCH(9,6)
46.930
Neutral
STOCHRSI(14)
6.095
Oversold
MACD(12,26)
0.000
Buy
ADX(14)
40.015
Neutral
Williams %R
-73.676
Sell
CCI(14)
-46.9949
Neutral
ATR(14)
0.0009
Less Volatility
Highs/Lows(14)
0.0000
Neutral
Ultimate Oscillator
47.172
Sell
ROC
-0.014
Sell
Bull/Bear Power(13)
0.0010
Buy
Buy: 2
Sell: 3
Neutral: 5


Summary:Sell","Jun 17, 2021 08:43PM GMT"
eur_usd,1.1909 -0.0086    -0.71%,16:44:54,2021-06-17 20:45:10.569113,"Prev. Close: 1.1994
Bid/Ask: 1.1908 / 1.1909
Day's Range: 1.1892 - 1.2007",Strong Sell,"Summary:Strong Sell
Moving Averages:SellBuy (1)Sell (11)
Technical Indicators:Strong SellBuy (0)Sell (9)","Name
S3
S2
S1
Pivot Points
R1
R2
R3
Classic
1.1884
1.1892
1.1898
1.1906
1.1911
1.1920
1.1925
Fibonacci
1.1892
1.1898
1.1901
1.1906
1.1911
1.1914
1.1920
Camarilla
1.1898
1.1900
1.1901
1.1906
1.1903
1.1904
1.1906
Woodie's
1.1882
1.1891
1.1896
1.1905
1.1909
1.1919
1.1923
DeMark's
-
-
1.1895
1.1905
1.1908
-
-","Technical IndicatorsJun 17, 2021 08:43PM GMT
Name
Value
Action
RSI(14)
28.593
Sell
STOCH(9,6)
22.998
Sell
STOCHRSI(14)
100.000
Overbought
MACD(12,26)
-0.004
Sell
ADX(14)
43.723
Sell
Williams %R
-83.077
Oversold
CCI(14)
-121.4346
Sell
ATR(14)
0.0022
High Volatility
Highs/Lows(14)
-0.0010
Sell
Ultimate Oscillator
38.549
Sell
ROC
-0.655
Sell
Bull/Bear Power(13)
-0.0050
Sell
Buy: 0
Sell: 9
Neutral: 0


Summary:Strong Sell","Jun 17, 2021 08:43PM GMT"
gbp_usd,1.3926 -0.0061    -0.44%,16:44:45,2021-06-17 20:45:10.572950,"Prev. Close: 1.3987
Bid/Ask: 1.3925 / 1.3927
Day's Range: 1.3896 - 1.4010",Strong Sell,"Summary:Strong Sell
Moving Averages:SellBuy (2)Sell (10)
Technical Indicators:Strong SellBuy (0)Sell (10)","Name
S3
S2
S1
Pivot Points
R1
R2
R3
Classic
1.3904
1.3911
1.3916
1.3923
1.3929
1.3935
1.3941
Fibonacci
1.3911
1.3916
1.3918
1.3923
1.3928
1.3930
1.3935
Camarilla
1.3917
1.3918
1.3919
1.3923
1.3922
1.3923
1.3924
Woodie's
1.3902
1.3910
1.3914
1.3922
1.3927
1.3934
1.3939
DeMark's
-
-
1.3913
1.3921
1.3925
-
-","Technical IndicatorsJun 17, 2021 08:43PM GMT
Name
Value
Action
RSI(14)
36.913
Sell
STOCH(9,6)
28.130
Sell
STOCHRSI(14)
100.000
Overbought
MACD(12,26)
-0.003
Sell
ADX(14)
42.842
Sell
Williams %R
-70.336
Sell
CCI(14)
-71.7381
Sell
ATR(14)
0.0026
High Volatility
Highs/Lows(14)
-0.0004
Sell
Ultimate Oscillator
35.497
Sell
ROC
-0.479
Sell
Bull/Bear Power(13)
-0.0032
Sell
Buy: 0
Sell: 10
Neutral: 0


Summary:Strong Sell","Jun 17, 2021 08:43PM GMT"
usd_jpy,110.26 -0.43    -0.39%,16:44:34,2021-06-17 20:45:10.575981,"Prev. Close: 110.69
Bid/Ask: 110.25 / 110.26
Day's Range: 110.17 - 110.83",Strong Sell,"Summary:Strong Sell
Moving Averages:SellBuy (4)Sell (8)
Technical Indicators:Strong SellBuy (0)Sell (8)","Name
S3
S2
S1
Pivot Points
R1
R2
R3
Classic
110.18
110.22
110.24
110.28
110.31
110.34
110.37
Fibonacci
110.22
110.24
110.26
110.28
110.30
110.32
110.34
Camarilla
110.25
110.26
110.26
110.28
110.28
110.28
110.29
Woodie's
110.18
110.22
110.24
110.28
110.31
110.34
110.37
DeMark's
-
-
110.26
110.29
110.32
-
-","Technical IndicatorsJun 17, 2021 08:43PM GMT
Name
Value
Action
RSI(14)
41.516
Sell
STOCH(9,6)
16.233
Oversold
STOCHRSI(14)
11.848
Oversold
MACD(12,26)
-0.020
Sell
ADX(14)
35.040
Sell
Williams %R
-85.714
Oversold
CCI(14)
-77.7048
Sell
ATR(14)
0.1271
Less Volatility
Highs/Lows(14)
-0.1318
Sell
Ultimate Oscillator
41.308
Sell
ROC
-0.361
Sell
Bull/Bear Power(13)
-0.2350
Sell
Buy: 0
Sell: 8
Neutral: 0


Summary:Strong Sell","Jun 17, 2021 08:43PM GMT"
aud_usd,0.7552 -0.0059    -0.77%,16:44:43,2021-06-17 20:45:10.578864,"Prev. Close: 0.7610
Bid/Ask: 0.7551 / 0.7552
Day's Range: 0.7540 - 0.7646",Strong Sell,"Summary:Strong Sell
Moving Averages:SellBuy (1)Sell (11)
Technical Indicators:Strong SellBuy (0)Sell (8)","Name
S3
S2
S1
Pivot Points
R1
R2
R3
Classic
0.7533
0.7539
0.7543
0.7549
0.7553
0.7559
0.7562
Fibonacci
0.7539
0.7543
0.7545
0.7549
0.7553
0.7555
0.7559
Camarilla
0.7545
0.7546
0.7547
0.7549
0.7548
0.7549
0.7550
Woodie's
0.7533
0.7539
0.7543
0.7549
0.7553
0.7559
0.7562
DeMark's
-
-
0.7541
0.7548
0.7551
-
-","Technical IndicatorsJun 17, 2021 08:43PM GMT
Name
Value
Action
RSI(14)
28.967
Sell
STOCH(9,6)
18.319
Oversold
STOCHRSI(14)
89.029
Overbought
MACD(12,26)
-0.003
Sell
ADX(14)
54.197
Sell
Williams %R
-86.033
Oversold
CCI(14)
-89.1587
Sell
ATR(14)
0.0018
Less Volatility
Highs/Lows(14)
-0.0011
Sell
Ultimate Oscillator
36.148
Sell
ROC
-0.905
Sell
Bull/Bear Power(13)
-0.0041
Sell
Buy: 0
Sell: 8
Neutral: 0


Summary:Strong Sell","Jun 17, 2021 08:43PM GMT"
eur_gbp,0.8552 -0.0021    -0.24%,16:44:54,2021-06-17 20:45:10.581686,"Prev. Close: 0.8573
Bid/Ask: 0.8551 / 0.8553
Day's Range: 0.8542 - 0.8580",Strong Sell,"Summary:Strong Sell
Moving Averages:Strong SellBuy (0)Sell (12)
Technical Indicators:Strong SellBuy (2)Sell (8)","Name
S3
S2
S1
Pivot Points
R1
R2
R3
Classic
0.8538
0.8543
0.8547
0.8551
0.8555
0.8559
0.8563
Fibonacci
0.8543
0.8546
0.8548
0.8551
0.8554
0.8556
0.8559
Camarilla
0.8548
0.8549
0.8550
0.8551
0.8551
0.8552
0.8553
Woodie's
0.8538
0.8543
0.8547
0.8551
0.8555
0.8559
0.8563
DeMark's
-
-
0.8545
0.8550
0.8553
-
-","Technical IndicatorsJun 17, 2021 08:43PM GMT
Name
Value
Action
RSI(14)
34.785
Sell
STOCH(9,6)
41.605
Sell
STOCHRSI(14)
57.809
Buy
MACD(12,26)
-0.001
Sell
ADX(14)
43.306
Sell
Williams %R
-69.999
Sell
CCI(14)
-122.6473
Sell
ATR(14)
0.0011
High Volatility
Highs/Lows(14)
0.0000
Neutral
Ultimate Oscillator
55.407
Buy
ROC
-0.175
Sell
Bull/Bear Power(13)
-0.0021
Sell
Buy: 2
Sell: 8
Neutral: 1


Summary:Strong Sell","Jun 17, 2021 08:43PM GMT"
usd_cad,1.2356 +0.0080    +0.65%,16:44:54,2021-06-17 20:45:10.584532,"Prev. Close: 1.2276
Bid/Ask: 1.2355 / 1.2356
Day's Range: 1.2261 - 1.2378",Strong Buy,"Summary:Strong Buy
Moving Averages:Strong BuyBuy (11)Sell (1)
Technical Indicators:Strong BuyBuy (10)Sell (1)","Name
S3
S2
S1
Pivot Points
R1
R2
R3
Classic
1.2333
1.2339
1.2349
1.2356
1.2366
1.2373
1.2383
Fibonacci
1.2339
1.2346
1.2350
1.2356
1.2362
1.2366
1.2373
Camarilla
1.2354
1.2356
1.2357
1.2356
1.2361
1.2362
1.2364
Woodie's
1.2335
1.2340
1.2351
1.2357
1.2368
1.2374
1.2385
DeMark's
-
-
1.2352
1.2357
1.2369
-
-","Technical IndicatorsJun 17, 2021 08:43PM GMT
Name
Value
Action
RSI(14)
70.253
Buy
STOCH(9,6)
74.134
Buy
STOCHRSI(14)
31.453
Sell
MACD(12,26)
0.003
Buy
ADX(14)
43.639
Buy
Williams %R
-20.548
Buy
CCI(14)
102.9728
Buy
ATR(14)
0.0026
High Volatility
Highs/Lows(14)
0.0010
Buy
Ultimate Oscillator
68.745
Buy
ROC
0.619
Buy
Bull/Bear Power(13)
0.0030
Buy
Buy: 10
Sell: 1
Neutral: 0


Summary:Strong Buy","Jun 17, 2021 08:43PM GMT"
usd_chf,0.9179 +0.0094    +1.03%,16:44:46,2021-06-17 20:45:10.587356,"Prev. Close: 0.9085
Bid/Ask: 0.9177 / 0.9181
Day's Range: 0.9076 - 0.9188",Strong Buy,"Summary:Strong Buy
Moving Averages:BuyBuy (12)Sell (0)
Technical Indicators:Strong BuyBuy (7)Sell (0)","Name
S3
S2
S1
Pivot Points
R1
R2
R3
Classic
0.9165
0.9168
0.9174
0.9177
0.9182
0.9186
0.9191
Fibonacci
0.9168
0.9171
0.9174
0.9177
0.9180
0.9183
0.9186
Camarilla
0.9176
0.9177
0.9178
0.9177
0.9179
0.9180
0.9181
Woodie's
0.9165
0.9168
0.9174
0.9177
0.9182
0.9186
0.9191
DeMark's
-
-
0.9175
0.9178
0.9184
-
-","Technical IndicatorsJun 17, 2021 08:43PM GMT
Name
Value
Action
RSI(14)
77.273
Overbought
STOCH(9,6)
82.540
Overbought
STOCHRSI(14)
14.223
Oversold
MACD(12,26)
0.004
Buy
ADX(14)
43.783
Buy
Williams %R
-9.770
Overbought
CCI(14)
115.6213
Buy
ATR(14)
0.0017
High Volatility
Highs/Lows(14)
0.0015
Buy
Ultimate Oscillator
66.232
Buy
ROC
0.851
Buy
Bull/Bear Power(13)
0.0035
Buy
Buy: 7
Sell: 0
Neutral: 0


Summary:Strong Buy","Jun 17, 2021 08:43PM GMT"
nzd_chf,0.6430 +0.0026    +0.41%,16:44:46,2021-06-17 20:45:10.590163,"Prev. Close: 0.6404
Bid/Ask: 0.6427 / 0.6433
Day's Range: 0.6406 - 0.6453",Buy,"Summary:Buy
Moving Averages:BuyBuy (9)Sell (3)
Technical Indicators:BUYBuy (3)Sell (2)","Name
S3
S2
S1
Pivot Points
R1
R2
R3
Classic
0.6412
0.6417
0.6421
0.6426
0.6430
0.6435
0.6439
Fibonacci
0.6417
0.6420
0.6423
0.6426
0.6429
0.6432
0.6435
Camarilla
0.6422
0.6422
0.6423
0.6426
0.6425
0.6426
0.6426
Woodie's
0.6410
0.6416
0.6419
0.6425
0.6428
0.6434
0.6437
DeMark's
-
-
0.6418
0.6425
0.6428
-
-","Technical IndicatorsJun 17, 2021 08:43PM GMT
Name
Value
Action
RSI(14)
53.322
Neutral
STOCH(9,6)
58.748
Buy
STOCHRSI(14)
54.186
Neutral
MACD(12,26)
0.000
Buy
ADX(14)
26.844
Buy
Williams %R
-48.387
Neutral
CCI(14)
-1.3604
Neutral
ATR(14)
0.0012
Less Volatility
Highs/Lows(14)
0.0000
Neutral
Ultimate Oscillator
50.419
Neutral
ROC
-0.109
Sell
Bull/Bear Power(13)
-0.0006
Sell
Buy: 3
Sell: 2
Neutral: 6


Summary:BUY","Jun 17, 2021 08:43PM GMT"
usd_cny,6.4484 +0.0515    +0.80%,11:27:22,2021-06-17 20:45:10.592994,"Prev. Close: 6.3969
Bid/Ask: 6.4477 / 6.4490
Day's Range: 6.3972 - 6.4494",Strong Buy,"Summary:Strong Buy
Moving Averages:BuyBuy (12)Sell (0)
Technical Indicators:Strong BuyBuy (7)Sell (0)","Name
S3
S2
S1
Pivot Points
R1
R2
R3
Classic
6.4380
6.4399
6.4436
6.4455
6.4492
6.4511
6.4548
Fibonacci
6.4399
6.4420
6.4434
6.4455
6.4476
6.4490
6.4511
Camarilla
6.4458
6.4463
6.4468
6.4455
6.4479
6.4484
6.4489
Woodie's
6.4390
6.4404
6.4446
6.4460
6.4502
6.4516
6.4558
DeMark's
-
-
6.4446
6.4460
6.4502
-
-","Technical IndicatorsJun 17, 2021 03:34PM GMT
Name
Value
Action
RSI(14)
85.433
Overbought
STOCH(9,6)
77.649
Buy
STOCHRSI(14)
100.000
Overbought
MACD(12,26)
0.011
Buy
ADX(14)
61.337
Buy
Williams %R
-3.426
Overbought
CCI(14)
151.8010
Buy
ATR(14)
0.0041
Less Volatility
Highs/Lows(14)
0.0141
Buy
Ultimate Oscillator
82.973
Overbought
ROC
0.391
Buy
Bull/Bear Power(13)
0.0286
Buy
Buy: 7
Sell: 0
Neutral: 0


Summary:Strong Buy","Jun 17, 2021 03:34PM GMT"
usd_hkd,7.7642 +0.0011    +0.01%,16:44:29,2021-06-17 20:45:10.595818,"Prev. Close: 7.7630
Bid/Ask: 7.7641 / 7.7642
Day's Range: 7.7625 - 7.7656",Neutral,"Summary:Neutral
Moving Averages:NeutralBuy (6)Sell (6)
Technical Indicators:SellBuy (2)Sell (3)","Name
S3
S2
S1
Pivot Points
R1
R2
R3
Classic
7.7647
7.7647
7.7649
7.7649
7.7650
7.7651
7.7652
Fibonacci
7.7647
7.7648
7.7648
7.7649
7.7650
7.7650
7.7651
Camarilla
7.7649
7.7649
7.7649
7.7649
7.7650
7.7650
7.7650
Woodie's
7.7647
7.7647
7.7649
7.7649
7.7650
7.7651
7.7652
DeMark's
-
-
7.7649
7.7649
7.7650
-
-","Technical IndicatorsJun 17, 2021 08:43PM GMT
Name
Value
Action
RSI(14)
51.135
Neutral
STOCH(9,6)
46.930
Neutral
STOCHRSI(14)
6.095
Oversold
MACD(12,26)
0.000
Buy
ADX(14)
40.015
Neutral
Williams %R
-73.676
Sell
CCI(14)
-46.9949
Neutral
ATR(14)
0.0009
Less Volatility
Highs/Lows(14)
0.0000
Neutral
Ultimate Oscillator
47.172
Sell
ROC
-0.014
Sell
Bull/Bear Power(13)
0.0010
Buy
Buy: 2
Sell: 3
Neutral: 5


Summary:Sell","Jun 17, 2021 08:43PM GMT"
eur_usd,1.1909 -0.0086    -0.71%,16:45:37,2021-06-17 20:46:10.763725,"Prev. Close: 1.1994
Bid/Ask: 1.1908 / 1.1909
Day's Range: 1.1892 - 1.2007",Strong Sell,"Summary:Strong Sell
Moving Averages:SellBuy (1)Sell (11)
Technical Indicators:Strong SellBuy (0)Sell (9)","Name
S3
S2
S1
Pivot Points
R1
R2
R3
Classic
1.1884
1.1892
1.1898
1.1906
1.1911
1.1920
1.1925
Fibonacci
1.1892
1.1898
1.1901
1.1906
1.1911
1.1914
1.1920
Camarilla
1.1898
1.1900
1.1901
1.1906
1.1903
1.1904
1.1906
Woodie's
1.1882
1.1891
1.1896
1.1905
1.1909
1.1919
1.1923
DeMark's
-
-
1.1895
1.1905
1.1908
-
-","Technical IndicatorsJun 17, 2021 08:45PM GMT
Name
Value
Action
RSI(14)
28.593
Sell
STOCH(9,6)
22.998
Sell
STOCHRSI(14)
100.000
Overbought
MACD(12,26)
-0.004
Sell
ADX(14)
43.723
Sell
Williams %R
-83.077
Oversold
CCI(14)
-121.4346
Sell
ATR(14)
0.0022
High Volatility
Highs/Lows(14)
-0.0010
Sell
Ultimate Oscillator
38.549
Sell
ROC
-0.655
Sell
Bull/Bear Power(13)
-0.0050
Sell
Buy: 0
Sell: 9
Neutral: 0


Summary:Strong Sell","Jun 17, 2021 08:45PM GMT"
gbp_usd,1.3925 -0.0063    -0.45%,16:45:35,2021-06-17 20:46:10.767499,"Prev. Close: 1.3987
Bid/Ask: 1.3924 / 1.3925
Day's Range: 1.3896 - 1.4010",Strong Sell,"Summary:Strong Sell
Moving Averages:SellBuy (2)Sell (10)
Technical Indicators:Strong SellBuy (0)Sell (10)","Name
S3
S2
S1
Pivot Points
R1
R2
R3
Classic
1.3904
1.3911
1.3916
1.3923
1.3929
1.3935
1.3941
Fibonacci
1.3911
1.3916
1.3918
1.3923
1.3928
1.3930
1.3935
Camarilla
1.3917
1.3918
1.3919
1.3923
1.3922
1.3923
1.3924
Woodie's
1.3902
1.3910
1.3914
1.3922
1.3927
1.3934
1.3939
DeMark's
-
-
1.3913
1.3921
1.3925
-
-","Technical IndicatorsJun 17, 2021 08:43PM GMT
Name
Value
Action
RSI(14)
36.913
Sell
STOCH(9,6)
28.130
Sell
STOCHRSI(14)
100.000
Overbought
MACD(12,26)
-0.003
Sell
ADX(14)
42.842
Sell
Williams %R
-70.336
Sell
CCI(14)
-71.7381
Sell
ATR(14)
0.0026
High Volatility
Highs/Lows(14)
-0.0004
Sell
Ultimate Oscillator
35.497
Sell
ROC
-0.479
Sell
Bull/Bear Power(13)
-0.0032
Sell
Buy: 0
Sell: 10
Neutral: 0


Summary:Strong Sell","Jun 17, 2021 08:43PM GMT"
usd_jpy,110.26 -0.43    -0.39%,16:45:40,2021-06-17 20:46:10.770494,"Prev. Close: 110.69
Bid/Ask: 110.25 / 110.27
Day's Range: 110.17 - 110.83",Strong Sell,"Summary:Strong Sell
Moving Averages:SellBuy (4)Sell (8)
Technical Indicators:Strong SellBuy (0)Sell (8)","Name
S3
S2
S1
Pivot Points
R1
R2
R3
Classic
110.18
110.22
110.24
110.28
110.31
110.34
110.37
Fibonacci
110.22
110.24
110.26
110.28
110.30
110.32
110.34
Camarilla
110.25
110.26
110.26
110.28
110.28
110.28
110.29
Woodie's
110.18
110.22
110.24
110.28
110.31
110.34
110.37
DeMark's
-
-
110.26
110.29
110.32
-
-","Technical IndicatorsJun 17, 2021 08:45PM GMT
Name
Value
Action
RSI(14)
41.516
Sell
STOCH(9,6)
16.233
Oversold
STOCHRSI(14)
11.848
Oversold
MACD(12,26)
-0.020
Sell
ADX(14)
35.040
Sell
Williams %R
-85.714
Oversold
CCI(14)
-77.7048
Sell
ATR(14)
0.1271
Less Volatility
Highs/Lows(14)
-0.1318
Sell
Ultimate Oscillator
41.308
Sell
ROC
-0.361
Sell
Bull/Bear Power(13)
-0.2350
Sell
Buy: 0
Sell: 8
Neutral: 0


Summary:Strong Sell","Jun 17, 2021 08:45PM GMT"
aud_usd,0.7551 -0.0060    -0.78%,16:45:38,2021-06-17 20:46:10.773323,"Prev. Close: 0.7610
Bid/Ask: 0.7548 / 0.7553
Day's Range: 0.7540 - 0.7646",Strong Sell,"Summary:Strong Sell
Moving Averages:SellBuy (1)Sell (11)
Technical Indicators:Strong SellBuy (0)Sell (8)","Name
S3
S2
S1
Pivot Points
R1
R2
R3
Classic
0.7533
0.7539
0.7543
0.7549
0.7553
0.7559
0.7562
Fibonacci
0.7539
0.7543
0.7545
0.7549
0.7553
0.7555
0.7559
Camarilla
0.7545
0.7546
0.7547
0.7549
0.7548
0.7549
0.7550
Woodie's
0.7533
0.7539
0.7543
0.7549
0.7553
0.7559
0.7562
DeMark's
-
-
0.7541
0.7548
0.7551
-
-","Technical IndicatorsJun 17, 2021 08:43PM GMT
Name
Value
Action
RSI(14)
28.967
Sell
STOCH(9,6)
18.319
Oversold
STOCHRSI(14)
89.029
Overbought
MACD(12,26)
-0.003
Sell
ADX(14)
54.197
Sell
Williams %R
-86.033
Oversold
CCI(14)
-89.1587
Sell
ATR(14)
0.0018
Less Volatility
Highs/Lows(14)
-0.0011
Sell
Ultimate Oscillator
36.148
Sell
ROC
-0.905
Sell
Bull/Bear Power(13)
-0.0041
Sell
Buy: 0
Sell: 8
Neutral: 0


Summary:Strong Sell","Jun 17, 2021 08:43PM GMT"
eur_gbp,0.8552 -0.0022    -0.25%,16:45:40,2021-06-17 20:46:10.776160,"Prev. Close: 0.8573
Bid/Ask: 0.8549 / 0.8554
Day's Range: 0.8542 - 0.8580",Strong Sell,"Summary:Strong Sell
Moving Averages:Strong SellBuy (0)Sell (12)
Technical Indicators:Strong SellBuy (2)Sell (8)","Name
S3
S2
S1
Pivot Points
R1
R2
R3
Classic
0.8538
0.8543
0.8547
0.8551
0.8555
0.8559
0.8563
Fibonacci
0.8543
0.8546
0.8548
0.8551
0.8554
0.8556
0.8559
Camarilla
0.8548
0.8549
0.8550
0.8551
0.8551
0.8552
0.8553
Woodie's
0.8538
0.8543
0.8547
0.8551
0.8555
0.8559
0.8563
DeMark's
-
-
0.8545
0.8550
0.8553
-
-","Technical IndicatorsJun 17, 2021 08:43PM GMT
Name
Value
Action
RSI(14)
34.785
Sell
STOCH(9,6)
41.605
Sell
STOCHRSI(14)
57.809
Buy
MACD(12,26)
-0.001
Sell
ADX(14)
43.306
Sell
Williams %R
-69.999
Sell
CCI(14)
-122.6473
Sell
ATR(14)
0.0011
High Volatility
Highs/Lows(14)
0.0000
Neutral
Ultimate Oscillator
55.407
Buy
ROC
-0.175
Sell
Bull/Bear Power(13)
-0.0021
Sell
Buy: 2
Sell: 8
Neutral: 1


Summary:Strong Sell","Jun 17, 2021 08:43PM GMT"
usd_cad,1.2354 +0.0078    +0.64%,16:45:40,2021-06-17 20:46:10.778977,"Prev. Close: 1.2276
Bid/Ask: 1.2352 / 1.2356
Day's Range: 1.2261 - 1.2378",Strong Buy,"Summary:Strong Buy
Moving Averages:Strong BuyBuy (11)Sell (1)
Technical Indicators:Strong BuyBuy (10)Sell (1)","Name
S3
S2
S1
Pivot Points
R1
R2
R3
Classic
1.2333
1.2339
1.2349
1.2356
1.2366
1.2373
1.2383
Fibonacci
1.2339
1.2346
1.2350
1.2356
1.2362
1.2366
1.2373
Camarilla
1.2354
1.2356
1.2357
1.2356
1.2361
1.2362
1.2364
Woodie's
1.2335
1.2340
1.2351
1.2357
1.2368
1.2374
1.2385
DeMark's
-
-
1.2352
1.2357
1.2369
-
-","Technical IndicatorsJun 17, 2021 08:43PM GMT
Name
Value
Action
RSI(14)
70.253
Buy
STOCH(9,6)
74.134
Buy
STOCHRSI(14)
31.453
Sell
MACD(12,26)
0.003
Buy
ADX(14)
43.639
Buy
Williams %R
-20.548
Buy
CCI(14)
102.9728
Buy
ATR(14)
0.0026
High Volatility
Highs/Lows(14)
0.0010
Buy
Ultimate Oscillator
68.745
Buy
ROC
0.619
Buy
Bull/Bear Power(13)
0.0030
Buy
Buy: 10
Sell: 1
Neutral: 0


Summary:Strong Buy","Jun 17, 2021 08:43PM GMT"
usd_chf,0.9179 +0.0094    +1.03%,16:45:42,2021-06-17 20:46:10.781764,"Prev. Close: 0.9085
Bid/Ask: 0.9178 / 0.9179
Day's Range: 0.9076 - 0.9188",Strong Buy,"Summary:Strong Buy
Moving Averages:BuyBuy (12)Sell (0)
Technical Indicators:Strong BuyBuy (7)Sell (0)","Name
S3
S2
S1
Pivot Points
R1
R2
R3
Classic
0.9165
0.9168
0.9174
0.9177
0.9182
0.9186
0.9191
Fibonacci
0.9168
0.9171
0.9174
0.9177
0.9180
0.9183
0.9186
Camarilla
0.9176
0.9177
0.9178
0.9177
0.9179
0.9180
0.9181
Woodie's
0.9165
0.9168
0.9174
0.9177
0.9182
0.9186
0.9191
DeMark's
-
-
0.9175
0.9178
0.9184
-
-","Technical IndicatorsJun 17, 2021 08:45PM GMT
Name
Value
Action
RSI(14)
77.273
Overbought
STOCH(9,6)
82.540
Overbought
STOCHRSI(14)
14.223
Oversold
MACD(12,26)
0.004
Buy
ADX(14)
43.783
Buy
Williams %R
-9.770
Overbought
CCI(14)
115.6213
Buy
ATR(14)
0.0017
High Volatility
Highs/Lows(14)
0.0015
Buy
Ultimate Oscillator
66.232
Buy
ROC
0.851
Buy
Bull/Bear Power(13)
0.0035
Buy
Buy: 7
Sell: 0
Neutral: 0


Summary:Strong Buy","Jun 17, 2021 08:45PM GMT"
nzd_chf,0.6428 +0.0024    +0.37%,16:45:42,2021-06-17 20:46:10.784593,"Prev. Close: 0.6404
Bid/Ask: 0.6427 / 0.6429
Day's Range: 0.6406 - 0.6453",Neutral,"Summary:Neutral
Moving Averages:BuyBuy (9)Sell (3)
Technical Indicators:NeutralBuy (3)Sell (3)","Name
S3
S2
S1
Pivot Points
R1
R2
R3
Classic
0.6412
0.6417
0.6421
0.6426
0.6430
0.6435
0.6439
Fibonacci
0.6417
0.6420
0.6423
0.6426
0.6429
0.6432
0.6435
Camarilla
0.6422
0.6422
0.6423
0.6426
0.6425
0.6426
0.6426
Woodie's
0.6410
0.6416
0.6419
0.6425
0.6428
0.6434
0.6437
DeMark's
-
-
0.6418
0.6425
0.6428
-
-","Technical IndicatorsJun 17, 2021 08:45PM GMT
Name
Value
Action
RSI(14)
51.961
Neutral
STOCH(9,6)
57.441
Buy
STOCHRSI(14)
48.969
Neutral
MACD(12,26)
0.000
Buy
ADX(14)
26.844
Buy
Williams %R
-52.689
Neutral
CCI(14)
-7.1732
Neutral
ATR(14)
0.0012
Less Volatility
Highs/Lows(14)
0.0000
Neutral
Ultimate Oscillator
48.180
Sell
ROC
-0.140
Sell
Bull/Bear Power(13)
-0.0006
Sell
Buy: 3
Sell: 3
Neutral: 5


Summary:Neutral","Jun 17, 2021 08:45PM GMT"
usd_cny,6.4484 +0.0515    +0.80%,11:27:22,2021-06-17 20:46:10.787420,"Prev. Close: 6.3969
Bid/Ask: 6.4477 / 6.4490
Day's Range: 6.3972 - 6.4494",Strong Buy,"Summary:Strong Buy
Moving Averages:BuyBuy (12)Sell (0)
Technical Indicators:Strong BuyBuy (7)Sell (0)","Name
S3
S2
S1
Pivot Points
R1
R2
R3
Classic
6.4380
6.4399
6.4436
6.4455
6.4492
6.4511
6.4548
Fibonacci
6.4399
6.4420
6.4434
6.4455
6.4476
6.4490
6.4511
Camarilla
6.4458
6.4463
6.4468
6.4455
6.4479
6.4484
6.4489
Woodie's
6.4390
6.4404
6.4446
6.4460
6.4502
6.4516
6.4558
DeMark's
-
-
6.4446
6.4460
6.4502
-
-","Technical IndicatorsJun 17, 2021 03:34PM GMT
Name
Value
Action
RSI(14)
85.433
Overbought
STOCH(9,6)
77.649
Buy
STOCHRSI(14)
100.000
Overbought
MACD(12,26)
0.011
Buy
ADX(14)
61.337
Buy
Williams %R
-3.426
Overbought
CCI(14)
151.8010
Buy
ATR(14)
0.0041
Less Volatility
Highs/Lows(14)
0.0141
Buy
Ultimate Oscillator
82.973
Overbought
ROC
0.391
Buy
Bull/Bear Power(13)
0.0286
Buy
Buy: 7
Sell: 0
Neutral: 0


Summary:Strong Buy","Jun 17, 2021 03:34PM GMT"
usd_hkd,7.7644 +0.0014    +0.02%,16:45:42,2021-06-17 20:46:10.790241,"Prev. Close: 7.7630
Bid/Ask: 7.7643 / 7.7645
Day's Range: 7.7625 - 7.7656",Neutral,"Summary:Neutral
Moving Averages:BuyBuy (7)Sell (5)
Technical Indicators:NeutralBuy (2)Sell (2)","Name
S3
S2
S1
Pivot Points
R1
R2
R3
Classic
7.7647
7.7647
7.7649
7.7649
7.7650
7.7651
7.7652
Fibonacci
7.7647
7.7648
7.7648
7.7649
7.7650
7.7650
7.7651
Camarilla
7.7649
7.7649
7.7649
7.7649
7.7650
7.7650
7.7650
Woodie's
7.7647
7.7647
7.7649
7.7649
7.7650
7.7651
7.7652
DeMark's
-
-
7.7649
7.7649
7.7650
-
-","Technical IndicatorsJun 17, 2021 08:45PM GMT
Name
Value
Action
RSI(14)
52.829
Neutral
STOCH(9,6)
48.683
Neutral
STOCHRSI(14)
17.504
Oversold
MACD(12,26)
0.000
Buy
ADX(14)
40.015
Neutral
Williams %R
-63.162
Sell
CCI(14)
-31.1140
Neutral
ATR(14)
0.0009
Less Volatility
Highs/Lows(14)
0.0000
Neutral
Ultimate Oscillator
50.368
Neutral
ROC
-0.012
Sell
Bull/Bear Power(13)
0.0010
Buy
Buy: 2
Sell: 2
Neutral: 6


Summary:Neutral","Jun 17, 2021 08:45PM GMT"
eur_usd,1.1908 -0.0086    -0.72%,16:46:28,2021-06-17 20:47:10.132173,"Prev. Close: 1.1994
Bid/Ask: 1.1907 / 1.1908
Day's Range: 1.1892 - 1.2007",Strong Sell,"Summary:Strong Sell
Moving Averages:SellBuy (1)Sell (11)
Technical Indicators:Strong SellBuy (0)Sell (9)","Name
S3
S2
S1
Pivot Points
R1
R2
R3
Classic
1.1884
1.1892
1.1898
1.1906
1.1911
1.1920
1.1925
Fibonacci
1.1892
1.1898
1.1901
1.1906
1.1911
1.1914
1.1920
Camarilla
1.1898
1.1900
1.1901
1.1906
1.1903
1.1904
1.1906
Woodie's
1.1882
1.1891
1.1896
1.1905
1.1909
1.1919
1.1923
DeMark's
-
-
1.1895
1.1905
1.1908
-
-","Technical IndicatorsJun 17, 2021 08:45PM GMT
Name
Value
Action
RSI(14)
28.593
Sell
STOCH(9,6)
22.998
Sell
STOCHRSI(14)
100.000
Overbought
MACD(12,26)
-0.004
Sell
ADX(14)
43.723
Sell
Williams %R
-83.077
Oversold
CCI(14)
-121.4346
Sell
ATR(14)
0.0022
High Volatility
Highs/Lows(14)
-0.0010
Sell
Ultimate Oscillator
38.549
Sell
ROC
-0.655
Sell
Bull/Bear Power(13)
-0.0050
Sell
Buy: 0
Sell: 9
Neutral: 0


Summary:Strong Sell","Jun 17, 2021 08:45PM GMT"
gbp_usd,1.3925 -0.0062    -0.44%,16:46:45,2021-06-17 20:47:10.135948,"Prev. Close: 1.3987
Bid/Ask: 1.3924 / 1.3926
Day's Range: 1.3896 - 1.4010",Strong Sell,"Summary:Strong Sell
Moving Averages:SellBuy (2)Sell (10)
Technical Indicators:Strong SellBuy (0)Sell (10)","Name
S3
S2
S1
Pivot Points
R1
R2
R3
Classic
1.3904
1.3911
1.3916
1.3923
1.3929
1.3935
1.3941
Fibonacci
1.3911
1.3916
1.3918
1.3923
1.3928
1.3930
1.3935
Camarilla
1.3917
1.3918
1.3919
1.3923
1.3922
1.3923
1.3924
Woodie's
1.3902
1.3910
1.3914
1.3922
1.3927
1.3934
1.3939
DeMark's
-
-
1.3913
1.3921
1.3925
-
-","Technical IndicatorsJun 17, 2021 08:45PM GMT
Name
Value
Action
RSI(14)
36.000
Sell
STOCH(9,6)
27.504
Sell
STOCHRSI(14)
100.000
Overbought
MACD(12,26)
-0.003
Sell
ADX(14)
42.842
Sell
Williams %R
-72.728
Sell
CCI(14)
-74.2432
Sell
ATR(14)
0.0026
High Volatility
Highs/Lows(14)
-0.0006
Sell
Ultimate Oscillator
34.322
Sell
ROC
-0.497
Sell
Bull/Bear Power(13)
-0.0032
Sell
Buy: 0
Sell: 10
Neutral: 0


Summary:Strong Sell","Jun 17, 2021 08:45PM GMT"
usd_jpy,110.26 -0.43    -0.39%,16:46:36,2021-06-17 20:47:10.138917,"Prev. Close: 110.69
Bid/Ask: 110.25 / 110.27
Day's Range: 110.17 - 110.83",Strong Sell,"Summary:Strong Sell
Moving Averages:SellBuy (4)Sell (8)
Technical Indicators:Strong SellBuy (0)Sell (8)","Name
S3
S2
S1
Pivot Points
R1
R2
R3
Classic
110.18
110.22
110.24
110.28
110.31
110.34
110.37
Fibonacci
110.22
110.24
110.26
110.28
110.30
110.32
110.34
Camarilla
110.25
110.26
110.26
110.28
110.28
110.28
110.29
Woodie's
110.18
110.22
110.24
110.28
110.31
110.34
110.37
DeMark's
-
-
110.26
110.29
110.32
-
-","Technical IndicatorsJun 17, 2021 08:45PM GMT
Name
Value
Action
RSI(14)
41.516
Sell
STOCH(9,6)
16.233
Oversold
STOCHRSI(14)
11.848
Oversold
MACD(12,26)
-0.020
Sell
ADX(14)
35.040
Sell
Williams %R
-85.714
Oversold
CCI(14)
-77.7048
Sell
ATR(14)
0.1271
Less Volatility
Highs/Lows(14)
-0.1318
Sell
Ultimate Oscillator
41.308
Sell
ROC
-0.361
Sell
Bull/Bear Power(13)
-0.2350
Sell
Buy: 0
Sell: 8
Neutral: 0


Summary:Strong Sell","Jun 17, 2021 08:45PM GMT"
aud_usd,0.7551 -0.0060    -0.78%,16:46:50,2021-06-17 20:47:10.141749,"Prev. Close: 0.7610
Bid/Ask: 0.7550 / 0.7551
Day's Range: 0.7540 - 0.7646",Strong Sell,"Summary:Strong Sell
Moving Averages:SellBuy (1)Sell (11)
Technical Indicators:Strong SellBuy (0)Sell (8)","Name
S3
S2
S1
Pivot Points
R1
R2
R3
Classic
0.7533
0.7539
0.7543
0.7549
0.7553
0.7559
0.7562
Fibonacci
0.7539
0.7543
0.7545
0.7549
0.7553
0.7555
0.7559
Camarilla
0.7545
0.7546
0.7547
0.7549
0.7548
0.7549
0.7550
Woodie's
0.7533
0.7539
0.7543
0.7549
0.7553
0.7559
0.7562
DeMark's
-
-
0.7541
0.7548
0.7551
-
-","Technical IndicatorsJun 17, 2021 08:45PM GMT
Name
Value
Action
RSI(14)
28.640
Sell
STOCH(9,6)
18.160
Oversold
STOCHRSI(14)
86.341
Overbought
MACD(12,26)
-0.003
Sell
ADX(14)
54.197
Sell
Williams %R
-86.592
Oversold
CCI(14)
-89.6860
Sell
ATR(14)
0.0018
Less Volatility
Highs/Lows(14)
-0.0012
Sell
Ultimate Oscillator
35.775
Sell
ROC
-0.912
Sell
Bull/Bear Power(13)
-0.0041
Sell
Buy: 0
Sell: 8
Neutral: 0


Summary:Strong Sell","Jun 17, 2021 08:45PM GMT"
eur_gbp,0.8552 -0.0022    -0.25%,16:46:55,2021-06-17 20:47:10.144590,"Prev. Close: 0.8573
Bid/Ask: 0.8549 / 0.8554
Day's Range: 0.8542 - 0.8580",Strong Sell,"Summary:Strong Sell
Moving Averages:Strong SellBuy (0)Sell (12)
Technical Indicators:Strong SellBuy (2)Sell (8)","Name
S3
S2
S1
Pivot Points
R1
R2
R3
Classic
0.8538
0.8543
0.8547
0.8551
0.8555
0.8559
0.8563
Fibonacci
0.8543
0.8546
0.8548
0.8551
0.8554
0.8556
0.8559
Camarilla
0.8548
0.8549
0.8550
0.8551
0.8551
0.8552
0.8553
Woodie's
0.8538
0.8543
0.8547
0.8551
0.8555
0.8559
0.8563
DeMark's
-
-
0.8545
0.8550
0.8553
-
-","Technical IndicatorsJun 17, 2021 08:45PM GMT
Name
Value
Action
RSI(14)
37.204
Sell
STOCH(9,6)
42.840
Sell
STOCHRSI(14)
68.305
Buy
MACD(12,26)
-0.001
Sell
ADX(14)
43.306
Sell
Williams %R
-63.333
Sell
CCI(14)
-109.3272
Sell
ATR(14)
0.0011
High Volatility
Highs/Lows(14)
0.0000
Neutral
Ultimate Oscillator
57.444
Buy
ROC
-0.152
Sell
Bull/Bear Power(13)
-0.0020
Sell
Buy: 2
Sell: 8
Neutral: 1


Summary:Strong Sell","Jun 17, 2021 08:45PM GMT"
usd_cad,1.2357 +0.0080    +0.66%,16:46:54,2021-06-17 20:47:10.147416,"Prev. Close: 1.2276
Bid/Ask: 1.2355 / 1.2358
Day's Range: 1.2261 - 1.2378",Strong Buy,"Summary:Strong Buy
Moving Averages:BuyBuy (12)Sell (0)
Technical Indicators:Strong BuyBuy (9)Sell (1)","Name
S3
S2
S1
Pivot Points
R1
R2
R3
Classic
1.2333
1.2339
1.2349
1.2356
1.2366
1.2373
1.2383
Fibonacci
1.2339
1.2346
1.2350
1.2356
1.2362
1.2366
1.2373
Camarilla
1.2354
1.2356
1.2357
1.2356
1.2361
1.2362
1.2364
Woodie's
1.2335
1.2340
1.2351
1.2357
1.2368
1.2374
1.2385
DeMark's
-
-
1.2352
1.2357
1.2369
-
-","Technical IndicatorsJun 17, 2021 08:45PM GMT
Name
Value
Action
RSI(14)
71.048
Buy
STOCH(9,6)
74.437
Buy
STOCHRSI(14)
37.449
Sell
MACD(12,26)
0.003
Buy
ADX(14)
43.639
Buy
Williams %R
-19.179
Overbought
CCI(14)
104.6745
Buy
ATR(14)
0.0026
High Volatility
Highs/Lows(14)
0.0012
Buy
Ultimate Oscillator
69.427
Buy
ROC
0.631
Buy
Bull/Bear Power(13)
0.0030
Buy
Buy: 9
Sell: 1
Neutral: 0


Summary:Strong Buy","Jun 17, 2021 08:45PM GMT"
usd_chf,0.9179 +0.0094    +1.03%,16:46:44,2021-06-17 20:47:10.150217,"Prev. Close: 0.9085
Bid/Ask: 0.9178 / 0.9179
Day's Range: 0.9076 - 0.9188",Strong Buy,"Summary:Strong Buy
Moving Averages:BuyBuy (12)Sell (0)
Technical Indicators:Strong BuyBuy (7)Sell (0)","Name
S3
S2
S1
Pivot Points
R1
R2
R3
Classic
0.9165
0.9168
0.9174
0.9177
0.9182
0.9186
0.9191
Fibonacci
0.9168
0.9171
0.9174
0.9177
0.9180
0.9183
0.9186
Camarilla
0.9176
0.9177
0.9178
0.9177
0.9179
0.9180
0.9181
Woodie's
0.9165
0.9168
0.9174
0.9177
0.9182
0.9186
0.9191
DeMark's
-
-
0.9175
0.9178
0.9184
-
-","Technical IndicatorsJun 17, 2021 08:46PM GMT
Name
Value
Action
RSI(14)
76.720
Overbought
STOCH(9,6)
82.077
Overbought
STOCHRSI(14)
9.331
Oversold
MACD(12,26)
0.004
Buy
ADX(14)
43.783
Buy
Williams %R
-11.494
Overbought
CCI(14)
113.7188
Buy
ATR(14)
0.0017
High Volatility
Highs/Lows(14)
0.0013
Buy
Ultimate Oscillator
65.197
Buy
ROC
0.835
Buy
Bull/Bear Power(13)
0.0035
Buy
Buy: 7
Sell: 0
Neutral: 0


Summary:Strong Buy","Jun 17, 2021 08:46PM GMT"
nzd_chf,0.6429 +0.0024    +0.38%,16:46:50,2021-06-17 20:47:10.153048,"Prev. Close: 0.6404
Bid/Ask: 0.6426 / 0.6431
Day's Range: 0.6406 - 0.6453",Neutral,"Summary:Neutral
Moving Averages:BuyBuy (9)Sell (3)
Technical Indicators:NeutralBuy (3)Sell (3)","Name
S3
S2
S1
Pivot Points
R1
R2
R3
Classic
0.6412
0.6417
0.6421
0.6426
0.6430
0.6435
0.6439
Fibonacci
0.6417
0.6420
0.6423
0.6426
0.6429
0.6432
0.6435
Camarilla
0.6422
0.6422
0.6423
0.6426
0.6425
0.6426
0.6426
Woodie's
0.6410
0.6416
0.6419
0.6425
0.6428
0.6434
0.6437
DeMark's
-
-
0.6418
0.6425
0.6428
-
-","Technical IndicatorsJun 17, 2021 08:45PM GMT
Name
Value
Action
RSI(14)
51.961
Neutral
STOCH(9,6)
57.441
Buy
STOCHRSI(14)
48.969
Neutral
MACD(12,26)
0.000
Buy
ADX(14)
26.844
Buy
Williams %R
-52.689
Neutral
CCI(14)
-7.1732
Neutral
ATR(14)
0.0012
Less Volatility
Highs/Lows(14)
0.0000
Neutral
Ultimate Oscillator
48.180
Sell
ROC
-0.140
Sell
Bull/Bear Power(13)
-0.0006
Sell
Buy: 3
Sell: 3
Neutral: 5


Summary:Neutral","Jun 17, 2021 08:45PM GMT"
usd_cny,6.4484 +0.0515    +0.80%,11:27:22,2021-06-17 20:47:10.155892,"Prev. Close: 6.3969
Bid/Ask: 6.4477 / 6.4490
Day's Range: 6.3972 - 6.4494",Strong Buy,"Summary:Strong Buy
Moving Averages:BuyBuy (12)Sell (0)
Technical Indicators:Strong BuyBuy (7)Sell (0)","Name
S3
S2
S1
Pivot Points
R1
R2
R3
Classic
6.4380
6.4399
6.4436
6.4455
6.4492
6.4511
6.4548
Fibonacci
6.4399
6.4420
6.4434
6.4455
6.4476
6.4490
6.4511
Camarilla
6.4458
6.4463
6.4468
6.4455
6.4479
6.4484
6.4489
Woodie's
6.4390
6.4404
6.4446
6.4460
6.4502
6.4516
6.4558
DeMark's
-
-
6.4446
6.4460
6.4502
-
-","Technical IndicatorsJun 17, 2021 03:34PM GMT
Name
Value
Action
RSI(14)
85.433
Overbought
STOCH(9,6)
77.649
Buy
STOCHRSI(14)
100.000
Overbought
MACD(12,26)
0.011
Buy
ADX(14)
61.337
Buy
Williams %R
-3.426
Overbought
CCI(14)
151.8010
Buy
ATR(14)
0.0041
Less Volatility
Highs/Lows(14)
0.0141
Buy
Ultimate Oscillator
82.973
Overbought
ROC
0.391
Buy
Bull/Bear Power(13)
0.0286
Buy
Buy: 7
Sell: 0
Neutral: 0


Summary:Strong Buy","Jun 17, 2021 03:34PM GMT"
usd_hkd,7.7644 +0.0014    +0.02%,16:46:55,2021-06-17 20:47:10.158720,"Prev. Close: 7.7630
Bid/Ask: 7.7642 / 7.7645
Day's Range: 7.7625 - 7.7656",Neutral,"Summary:Neutral
Moving Averages:BuyBuy (7)Sell (5)
Technical Indicators:NeutralBuy (2)Sell (2)","Name
S3
S2
S1
Pivot Points
R1
R2
R3
Classic
7.7647
7.7647
7.7649
7.7649
7.7650
7.7651
7.7652
Fibonacci
7.7647
7.7648
7.7648
7.7649
7.7650
7.7650
7.7651
Camarilla
7.7649
7.7649
7.7649
7.7649
7.7650
7.7650
7.7650
Woodie's
7.7647
7.7647
7.7649
7.7649
7.7650
7.7651
7.7652
DeMark's
-
-
7.7649
7.7649
7.7650
-
-","Technical IndicatorsJun 17, 2021 08:45PM GMT
Name
Value
Action
RSI(14)
52.829
Neutral
STOCH(9,6)
48.683
Neutral
STOCHRSI(14)
17.504
Oversold
MACD(12,26)
0.000
Buy
ADX(14)
40.015
Neutral
Williams %R
-63.162
Sell
CCI(14)
-31.1140
Neutral
ATR(14)
0.0009
Less Volatility
Highs/Lows(14)
0.0000
Neutral
Ultimate Oscillator
50.368
Neutral
ROC
-0.012
Sell
Bull/Bear Power(13)
0.0010
Buy
Buy: 2
Sell: 2
Neutral: 6


Summary:Neutral","Jun 17, 2021 08:45PM GMT"
eur_usd,1.1908 -0.0086    -0.72%,16:47:38,2021-06-17 20:48:10.671518,"Prev. Close: 1.1994
Bid/Ask: 1.1907 / 1.1908
Day's Range: 1.1892 - 1.2007",Strong Sell,"Summary:Strong Sell
Moving Averages:SellBuy (1)Sell (11)
Technical Indicators:Strong SellBuy (0)Sell (9)","Name
S3
S2
S1
Pivot Points
R1
R2
R3
Classic
1.1884
1.1892
1.1898
1.1906
1.1911
1.1920
1.1925
Fibonacci
1.1892
1.1898
1.1901
1.1906
1.1911
1.1914
1.1920
Camarilla
1.1898
1.1900
1.1901
1.1906
1.1903
1.1904
1.1906
Woodie's
1.1882
1.1891
1.1896
1.1905
1.1909
1.1919
1.1923
DeMark's
-
-
1.1895
1.1905
1.1908
-
-","Technical IndicatorsJun 17, 2021 08:47PM GMT
Name
Value
Action
RSI(14)
28.090
Sell
STOCH(9,6)
22.715
Sell
STOCHRSI(14)
100.000
Overbought
MACD(12,26)
-0.004
Sell
ADX(14)
43.723
Sell
Williams %R
-84.103
Oversold
CCI(14)
-122.6952
Sell
ATR(14)
0.0022
High Volatility
Highs/Lows(14)
-0.0011
Sell
Ultimate Oscillator
38.006
Sell
ROC
-0.663
Sell
Bull/Bear Power(13)
-0.0050
Sell
Buy: 0
Sell: 9
Neutral: 0


Summary:Strong Sell","Jun 17, 2021 08:47PM GMT"
gbp_usd,1.3925 -0.0062    -0.44%,16:47:33,2021-06-17 20:48:10.675405,"Prev. Close: 1.3987
Bid/Ask: 1.3924 / 1.3926
Day's Range: 1.3896 - 1.4010",Strong Sell,"Summary:Strong Sell
Moving Averages:SellBuy (2)Sell (10)
Technical Indicators:Strong SellBuy (0)Sell (10)","Name
S3
S2
S1
Pivot Points
R1
R2
R3
Classic
1.3904
1.3911
1.3916
1.3923
1.3929
1.3935
1.3941
Fibonacci
1.3911
1.3916
1.3918
1.3923
1.3928
1.3930
1.3935
Camarilla
1.3917
1.3918
1.3919
1.3923
1.3922
1.3923
1.3924
Woodie's
1.3902
1.3910
1.3914
1.3922
1.3927
1.3934
1.3939
DeMark's
-
-
1.3913
1.3921
1.3925
-
-","Technical IndicatorsJun 17, 2021 08:45PM GMT
Name
Value
Action
RSI(14)
36.000
Sell
STOCH(9,6)
27.504
Sell
STOCHRSI(14)
100.000
Overbought
MACD(12,26)
-0.003
Sell
ADX(14)
42.842
Sell
Williams %R
-72.728
Sell
CCI(14)
-74.2432
Sell
ATR(14)
0.0026
High Volatility
Highs/Lows(14)
-0.0006
Sell
Ultimate Oscillator
34.322
Sell
ROC
-0.497
Sell
Bull/Bear Power(13)
-0.0032
Sell
Buy: 0
Sell: 10
Neutral: 0


Summary:Strong Sell","Jun 17, 2021 08:45PM GMT"
usd_jpy,110.27 -0.42    -0.38%,16:47:39,2021-06-17 20:48:10.678451,"Prev. Close: 110.69
Bid/Ask: 110.26 / 110.27
Day's Range: 110.17 - 110.83",Strong Sell,"Summary:Strong Sell
Moving Averages:SellBuy (5)Sell (7)
Technical Indicators:Strong SellBuy (0)Sell (8)","Name
S3
S2
S1
Pivot Points
R1
R2
R3
Classic
110.18
110.22
110.24
110.28
110.31
110.34
110.37
Fibonacci
110.22
110.24
110.26
110.28
110.30
110.32
110.34
Camarilla
110.25
110.26
110.26
110.28
110.28
110.28
110.29
Woodie's
110.18
110.22
110.24
110.28
110.31
110.34
110.37
DeMark's
-
-
110.26
110.29
110.32
-
-","Technical IndicatorsJun 17, 2021 08:47PM GMT
Name
Value
Action
RSI(14)
41.753
Sell
STOCH(9,6)
16.386
Oversold
STOCHRSI(14)
12.711
Oversold
MACD(12,26)
-0.020
Sell
ADX(14)
35.040
Sell
Williams %R
-84.873
Oversold
CCI(14)
-77.1445
Sell
ATR(14)
0.1271
Less Volatility
Highs/Lows(14)
-0.1268
Sell
Ultimate Oscillator
41.736
Sell
ROC
-0.357
Sell
Bull/Bear Power(13)
-0.2350
Sell
Buy: 0
Sell: 8
Neutral: 0


Summary:Strong Sell","Jun 17, 2021 08:47PM GMT"
aud_usd,0.7551 -0.0060    -0.78%,16:47:42,2021-06-17 20:48:10.681324,"Prev. Close: 0.7610
Bid/Ask: 0.7550 / 0.7551
Day's Range: 0.7540 - 0.7646",Strong Sell,"Summary:Strong Sell
Moving Averages:Strong SellBuy (0)Sell (12)
Technical Indicators:Strong SellBuy (0)Sell (8)","Name
S3
S2
S1
Pivot Points
R1
R2
R3
Classic
0.7533
0.7539
0.7543
0.7549
0.7553
0.7559
0.7562
Fibonacci
0.7539
0.7543
0.7545
0.7549
0.7553
0.7555
0.7559
Camarilla
0.7545
0.7546
0.7547
0.7549
0.7548
0.7549
0.7550
Woodie's
0.7533
0.7539
0.7543
0.7549
0.7553
0.7559
0.7562
DeMark's
-
-
0.7541
0.7548
0.7551
-
-","Technical IndicatorsJun 17, 2021 08:47PM GMT
Name
Value
Action
RSI(14)
27.640
Sell
STOCH(9,6)
17.684
Oversold
STOCHRSI(14)
78.123
Overbought
MACD(12,26)
-0.003
Sell
ADX(14)
54.197
Sell
Williams %R
-88.268
Oversold
CCI(14)
-91.2640
Sell
ATR(14)
0.0018
Less Volatility
Highs/Lows(14)
-0.0013
Sell
Ultimate Oscillator
34.657
Sell
ROC
-0.932
Sell
Bull/Bear Power(13)
-0.0041
Sell
Buy: 0
Sell: 8
Neutral: 0


Summary:Strong Sell","Jun 17, 2021 08:47PM GMT"
eur_gbp,0.8551 -0.0022    -0.26%,16:47:38,2021-06-17 20:48:10.684163,"Prev. Close: 0.8573
Bid/Ask: 0.8550 / 0.8552
Day's Range: 0.8542 - 0.8580",Strong Sell,"Summary:Strong Sell
Moving Averages:Strong SellBuy (0)Sell (12)
Technical Indicators:Strong SellBuy (2)Sell (8)","Name
S3
S2
S1
Pivot Points
R1
R2
R3
Classic
0.8538
0.8543
0.8547
0.8551
0.8555
0.8559
0.8563
Fibonacci
0.8543
0.8546
0.8548
0.8551
0.8554
0.8556
0.8559
Camarilla
0.8548
0.8549
0.8550
0.8551
0.8551
0.8552
0.8553
Woodie's
0.8538
0.8543
0.8547
0.8551
0.8555
0.8559
0.8563
DeMark's
-
-
0.8545
0.8550
0.8553
-
-","Technical IndicatorsJun 17, 2021 08:45PM GMT
Name
Value
Action
RSI(14)
37.204
Sell
STOCH(9,6)
42.840
Sell
STOCHRSI(14)
68.305
Buy
MACD(12,26)
-0.001
Sell
ADX(14)
43.306
Sell
Williams %R
-63.333
Sell
CCI(14)
-109.3272
Sell
ATR(14)
0.0011
High Volatility
Highs/Lows(14)
0.0000
Neutral
Ultimate Oscillator
57.444
Buy
ROC
-0.152
Sell
Bull/Bear Power(13)
-0.0020
Sell
Buy: 2
Sell: 8
Neutral: 1


Summary:Strong Sell","Jun 17, 2021 08:45PM GMT"
usd_cad,1.2357 +0.0080    +0.66%,16:47:37,2021-06-17 20:48:10.686995,"Prev. Close: 1.2276
Bid/Ask: 1.2356 / 1.2357
Day's Range: 1.2261 - 1.2378",Strong Buy,"Summary:Strong Buy
Moving Averages:BuyBuy (12)Sell (0)
Technical Indicators:Strong BuyBuy (9)Sell (1)","Name
S3
S2
S1
Pivot Points
R1
R2
R3
Classic
1.2333
1.2339
1.2349
1.2356
1.2366
1.2373
1.2383
Fibonacci
1.2339
1.2346
1.2350
1.2356
1.2362
1.2366
1.2373
Camarilla
1.2354
1.2356
1.2357
1.2356
1.2361
1.2362
1.2364
Woodie's
1.2335
1.2340
1.2351
1.2357
1.2368
1.2374
1.2385
DeMark's
-
-
1.2352
1.2357
1.2369
-
-","Technical IndicatorsJun 17, 2021 08:45PM GMT
Name
Value
Action
RSI(14)
71.048
Buy
STOCH(9,6)
74.437
Buy
STOCHRSI(14)
37.449
Sell
MACD(12,26)
0.003
Buy
ADX(14)
43.639
Buy
Williams %R
-19.179
Overbought
CCI(14)
104.6745
Buy
ATR(14)
0.0026
High Volatility
Highs/Lows(14)
0.0012
Buy
Ultimate Oscillator
69.427
Buy
ROC
0.631
Buy
Bull/Bear Power(13)
0.0030
Buy
Buy: 9
Sell: 1
Neutral: 0


Summary:Strong Buy","Jun 17, 2021 08:45PM GMT"
usd_chf,0.9179 +0.0094    +1.03%,16:47:27,2021-06-17 20:48:10.689818,"Prev. Close: 0.9085
Bid/Ask: 0.9178 / 0.9179
Day's Range: 0.9076 - 0.9188",Strong Buy,"Summary:Strong Buy
Moving Averages:BuyBuy (12)Sell (0)
Technical Indicators:Strong BuyBuy (7)Sell (0)","Name
S3
S2
S1
Pivot Points
R1
R2
R3
Classic
0.9165
0.9168
0.9174
0.9177
0.9182
0.9186
0.9191
Fibonacci
0.9168
0.9171
0.9174
0.9177
0.9180
0.9183
0.9186
Camarilla
0.9176
0.9177
0.9178
0.9177
0.9179
0.9180
0.9181
Woodie's
0.9165
0.9168
0.9174
0.9177
0.9182
0.9186
0.9191
DeMark's
-
-
0.9175
0.9178
0.9184
-
-","Technical IndicatorsJun 17, 2021 08:46PM GMT
Name
Value
Action
RSI(14)
76.720
Overbought
STOCH(9,6)
82.077
Overbought
STOCHRSI(14)
9.331
Oversold
MACD(12,26)
0.004
Buy
ADX(14)
43.783
Buy
Williams %R
-11.494
Overbought
CCI(14)
113.7188
Buy
ATR(14)
0.0017
High Volatility
Highs/Lows(14)
0.0013
Buy
Ultimate Oscillator
65.197
Buy
ROC
0.835
Buy
Bull/Bear Power(13)
0.0035
Buy
Buy: 7
Sell: 0
Neutral: 0


Summary:Strong Buy","Jun 17, 2021 08:46PM GMT"
nzd_chf,0.6429 +0.0024    +0.38%,16:47:42,2021-06-17 20:48:10.692651,"Prev. Close: 0.6404
Bid/Ask: 0.6427 / 0.6430
Day's Range: 0.6406 - 0.6453",Neutral,"Summary:Neutral
Moving Averages:BuyBuy (9)Sell (3)
Technical Indicators:NeutralBuy (3)Sell (3)","Name
S3
S2
S1
Pivot Points
R1
R2
R3
Classic
0.6412
0.6417
0.6421
0.6426
0.6430
0.6435
0.6439
Fibonacci
0.6417
0.6420
0.6423
0.6426
0.6429
0.6432
0.6435
Camarilla
0.6422
0.6422
0.6423
0.6426
0.6425
0.6426
0.6426
Woodie's
0.6410
0.6416
0.6419
0.6425
0.6428
0.6434
0.6437
DeMark's
-
-
0.6418
0.6425
0.6428
-
-","Technical IndicatorsJun 17, 2021 08:47PM GMT
Name
Value
Action
RSI(14)
51.961
Neutral
STOCH(9,6)
57.441
Buy
STOCHRSI(14)
48.969
Neutral
MACD(12,26)
0.000
Buy
ADX(14)
26.844
Buy
Williams %R
-52.689
Neutral
CCI(14)
-7.1732
Neutral
ATR(14)
0.0012
Less Volatility
Highs/Lows(14)
0.0000
Neutral
Ultimate Oscillator
48.180
Sell
ROC
-0.140
Sell
Bull/Bear Power(13)
-0.0006
Sell
Buy: 3
Sell: 3
Neutral: 5


Summary:Neutral","Jun 17, 2021 08:47PM GMT"
usd_cny,6.4484 +0.0515    +0.80%,11:27:22,2021-06-17 20:48:10.695488,"Prev. Close: 6.3969
Bid/Ask: 6.4477 / 6.4490
Day's Range: 6.3972 - 6.4494",Strong Buy,"Summary:Strong Buy
Moving Averages:BuyBuy (12)Sell (0)
Technical Indicators:Strong BuyBuy (7)Sell (0)","Name
S3
S2
S1
Pivot Points
R1
R2
R3
Classic
6.4380
6.4399
6.4436
6.4455
6.4492
6.4511
6.4548
Fibonacci
6.4399
6.4420
6.4434
6.4455
6.4476
6.4490
6.4511
Camarilla
6.4458
6.4463
6.4468
6.4455
6.4479
6.4484
6.4489
Woodie's
6.4390
6.4404
6.4446
6.4460
6.4502
6.4516
6.4558
DeMark's
-
-
6.4446
6.4460
6.4502
-
-","Technical IndicatorsJun 17, 2021 03:34PM GMT
Name
Value
Action
RSI(14)
85.433
Overbought
STOCH(9,6)
77.649
Buy
STOCHRSI(14)
100.000
Overbought
MACD(12,26)
0.011
Buy
ADX(14)
61.337
Buy
Williams %R
-3.426
Overbought
CCI(14)
151.8010
Buy
ATR(14)
0.0041
Less Volatility
Highs/Lows(14)
0.0141
Buy
Ultimate Oscillator
82.973
Overbought
ROC
0.391
Buy
Bull/Bear Power(13)
0.0286
Buy
Buy: 7
Sell: 0
Neutral: 0


Summary:Strong Buy","Jun 17, 2021 03:34PM GMT"
usd_hkd,7.7644 +0.0014    +0.02%,16:47:32,2021-06-17 20:48:10.698300,"Prev. Close: 7.7630
Bid/Ask: 7.7643 / 7.7645
Day's Range: 7.7625 - 7.7656",Neutral,"Summary:Neutral
Moving Averages:BuyBuy (7)Sell (5)
Technical Indicators:SellBuy (2)Sell (3)","Name
S3
S2
S1
Pivot Points
R1
R2
R3
Classic
7.7647
7.7647
7.7649
7.7649
7.7650
7.7651
7.7652
Fibonacci
7.7647
7.7648
7.7648
7.7649
7.7650
7.7650
7.7651
Camarilla
7.7649
7.7649
7.7649
7.7649
7.7650
7.7650
7.7650
Woodie's
7.7647
7.7647
7.7649
7.7649
7.7650
7.7651
7.7652
DeMark's
-
-
7.7649
7.7649
7.7650
-
-","Technical IndicatorsJun 17, 2021 08:47PM GMT
Name
Value
Action
RSI(14)
51.966
Neutral
STOCH(9,6)
47.804
Neutral
STOCHRSI(14)
11.692
Oversold
MACD(12,26)
0.000
Buy
ADX(14)
40.015
Neutral
Williams %R
-68.432
Sell
CCI(14)
-39.1439
Neutral
ATR(14)
0.0009
Less Volatility
Highs/Lows(14)
0.0000
Neutral
Ultimate Oscillator
48.766
Sell
ROC
-0.013
Sell
Bull/Bear Power(13)
0.0010
Buy
Buy: 2
Sell: 3
Neutral: 5


Summary:Sell","Jun 17, 2021 08:47PM GMT"
eur_usd,1.1907 -0.0087    -0.73%,16:48:46,2021-06-17 20:49:10.454866,"Prev. Close: 1.1994
Bid/Ask: 1.1905 / 1.1909
Day's Range: 1.1892 - 1.2007",Strong Sell,"Summary:Strong Sell
Moving Averages:SellBuy (1)Sell (11)
Technical Indicators:Strong SellBuy (0)Sell (9)","Name
S3
S2
S1
Pivot Points
R1
R2
R3
Classic
1.1884
1.1892
1.1898
1.1906
1.1911
1.1920
1.1925
Fibonacci
1.1892
1.1898
1.1901
1.1906
1.1911
1.1914
1.1920
Camarilla
1.1898
1.1900
1.1901
1.1906
1.1903
1.1904
1.1906
Woodie's
1.1882
1.1891
1.1896
1.1905
1.1909
1.1919
1.1923
DeMark's
-
-
1.1895
1.1905
1.1908
-
-","Technical IndicatorsJun 17, 2021 08:47PM GMT
Name
Value
Action
RSI(14)
28.090
Sell
STOCH(9,6)
22.715
Sell
STOCHRSI(14)
100.000
Overbought
MACD(12,26)
-0.004
Sell
ADX(14)
43.723
Sell
Williams %R
-84.103
Oversold
CCI(14)
-122.6952
Sell
ATR(14)
0.0022
High Volatility
Highs/Lows(14)
-0.0011
Sell
Ultimate Oscillator
38.006
Sell
ROC
-0.663
Sell
Bull/Bear Power(13)
-0.0050
Sell
Buy: 0
Sell: 9
Neutral: 0


Summary:Strong Sell","Jun 17, 2021 08:47PM GMT"
gbp_usd,1.3925 -0.0063    -0.45%,16:48:52,2021-06-17 20:49:10.458698,"Prev. Close: 1.3987
Bid/Ask: 1.3924 / 1.3925
Day's Range: 1.3896 - 1.4010",Strong Sell,"Summary:Strong Sell
Moving Averages:SellBuy (2)Sell (10)
Technical Indicators:Strong SellBuy (0)Sell (10)","Name
S3
S2
S1
Pivot Points
R1
R2
R3
Classic
1.3904
1.3911
1.3916
1.3923
1.3929
1.3935
1.3941
Fibonacci
1.3911
1.3916
1.3918
1.3923
1.3928
1.3930
1.3935
Camarilla
1.3917
1.3918
1.3919
1.3923
1.3922
1.3923
1.3924
Woodie's
1.3902
1.3910
1.3914
1.3922
1.3927
1.3934
1.3939
DeMark's
-
-
1.3913
1.3921
1.3925
-
-","Technical IndicatorsJun 17, 2021 08:47PM GMT
Name
Value
Action
RSI(14)
36.185
Sell
STOCH(9,6)
27.629
Sell
STOCHRSI(14)
100.000
Overbought
MACD(12,26)
-0.003
Sell
ADX(14)
42.842
Sell
Williams %R
-72.249
Sell
CCI(14)
-73.7426
Sell
ATR(14)
0.0026
High Volatility
Highs/Lows(14)
-0.0006
Sell
Ultimate Oscillator
34.558
Sell
ROC
-0.493
Sell
Bull/Bear Power(13)
-0.0032
Sell
Buy: 0
Sell: 10
Neutral: 0


Summary:Strong Sell","Jun 17, 2021 08:47PM GMT"
usd_jpy,110.26 -0.43    -0.39%,16:48:40,2021-06-17 20:49:10.461857,"Prev. Close: 110.69
Bid/Ask: 110.25 / 110.27
Day's Range: 110.17 - 110.83",Strong Sell,"Summary:Strong Sell
Moving Averages:SellBuy (5)Sell (7)
Technical Indicators:Strong SellBuy (0)Sell (8)","Name
S3
S2
S1
Pivot Points
R1
R2
R3
Classic
110.18
110.22
110.24
110.28
110.31
110.34
110.37
Fibonacci
110.22
110.24
110.26
110.28
110.30
110.32
110.34
Camarilla
110.25
110.26
110.26
110.28
110.28
110.28
110.29
Woodie's
110.18
110.22
110.24
110.28
110.31
110.34
110.37
DeMark's
-
-
110.26
110.29
110.32
-
-","Technical IndicatorsJun 17, 2021 08:47PM GMT
Name
Value
Action
RSI(14)
41.753
Sell
STOCH(9,6)
16.386
Oversold
STOCHRSI(14)
12.711
Oversold
MACD(12,26)
-0.020
Sell
ADX(14)
35.040
Sell
Williams %R
-84.873
Oversold
CCI(14)
-77.1445
Sell
ATR(14)
0.1271
Less Volatility
Highs/Lows(14)
-0.1268
Sell
Ultimate Oscillator
41.736
Sell
ROC
-0.357
Sell
Bull/Bear Power(13)
-0.2350
Sell
Buy: 0
Sell: 8
Neutral: 0


Summary:Strong Sell","Jun 17, 2021 08:47PM GMT"
aud_usd,0.7551 -0.0060    -0.78%,16:48:54,2021-06-17 20:49:10.464884,"Prev. Close: 0.7610
Bid/Ask: 0.7550 / 0.7551
Day's Range: 0.7540 - 0.7646",Strong Sell,"Summary:Strong Sell
Moving Averages:Strong SellBuy (0)Sell (12)
Technical Indicators:Strong SellBuy (0)Sell (8)","Name
S3
S2
S1
Pivot Points
R1
R2
R3
Classic
0.7533
0.7539
0.7543
0.7549
0.7553
0.7559
0.7562
Fibonacci
0.7539
0.7543
0.7545
0.7549
0.7553
0.7555
0.7559
Camarilla
0.7545
0.7546
0.7547
0.7549
0.7548
0.7549
0.7550
Woodie's
0.7533
0.7539
0.7543
0.7549
0.7553
0.7559
0.7562
DeMark's
-
-
0.7541
0.7548
0.7551
-
-","Technical IndicatorsJun 17, 2021 08:47PM GMT
Name
Value
Action
RSI(14)
27.640
Sell
STOCH(9,6)
17.684
Oversold
STOCHRSI(14)
78.123
Overbought
MACD(12,26)
-0.003
Sell
ADX(14)
54.197
Sell
Williams %R
-88.268
Oversold
CCI(14)
-91.2640
Sell
ATR(14)
0.0018
Less Volatility
Highs/Lows(14)
-0.0013
Sell
Ultimate Oscillator
34.657
Sell
ROC
-0.932
Sell
Bull/Bear Power(13)
-0.0041
Sell
Buy: 0
Sell: 8
Neutral: 0


Summary:Strong Sell","Jun 17, 2021 08:47PM GMT"
eur_gbp,0.8551 -0.0022    -0.26%,16:48:52,2021-06-17 20:49:10.467844,"Prev. Close: 0.8573
Bid/Ask: 0.8549 / 0.8553
Day's Range: 0.8542 - 0.8580",Strong Sell,"Summary:Strong Sell
Moving Averages:Strong SellBuy (0)Sell (12)
Technical Indicators:Strong SellBuy (2)Sell (8)","Name
S3
S2
S1
Pivot Points
R1
R2
R3
Classic
0.8538
0.8543
0.8547
0.8551
0.8555
0.8559
0.8563
Fibonacci
0.8543
0.8546
0.8548
0.8551
0.8554
0.8556
0.8559
Camarilla
0.8548
0.8549
0.8550
0.8551
0.8551
0.8552
0.8553
Woodie's
0.8538
0.8543
0.8547
0.8551
0.8555
0.8559
0.8563
DeMark's
-
-
0.8545
0.8550
0.8553
-
-","Technical IndicatorsJun 17, 2021 08:47PM GMT
Name
Value
Action
RSI(14)
36.616
Sell
STOCH(9,6)
42.531
Sell
STOCHRSI(14)
65.754
Buy
MACD(12,26)
-0.001
Sell
ADX(14)
43.306
Sell
Williams %R
-65.000
Sell
CCI(14)
-112.0268
Sell
ATR(14)
0.0011
High Volatility
Highs/Lows(14)
0.0000
Neutral
Ultimate Oscillator
56.851
Buy
ROC
-0.158
Sell
Bull/Bear Power(13)
-0.0020
Sell
Buy: 2
Sell: 8
Neutral: 1


Summary:Strong Sell","Jun 17, 2021 08:47PM GMT"
usd_cad,1.2358 +0.0082    +0.67%,16:48:55,2021-06-17 20:49:10.470765,"Prev. Close: 1.2276
Bid/Ask: 1.2356 / 1.2360
Day's Range: 1.2261 - 1.2378",Strong Buy,"Summary:Strong Buy
Moving Averages:BuyBuy (12)Sell (0)
Technical Indicators:Strong BuyBuy (9)Sell (1)","Name
S3
S2
S1
Pivot Points
R1
R2
R3
Classic
1.2333
1.2339
1.2349
1.2356
1.2366
1.2373
1.2383
Fibonacci
1.2339
1.2346
1.2350
1.2356
1.2362
1.2366
1.2373
Camarilla
1.2354
1.2356
1.2357
1.2356
1.2361
1.2362
1.2364
Woodie's
1.2335
1.2340
1.2351
1.2357
1.2368
1.2374
1.2385
DeMark's
-
-
1.2352
1.2357
1.2369
-
-","Technical IndicatorsJun 17, 2021 08:47PM GMT
Name
Value
Action
RSI(14)
71.317
Buy
STOCH(9,6)
74.538
Buy
STOCHRSI(14)
39.478
Sell
MACD(12,26)
0.003
Buy
ADX(14)
43.639
Buy
Williams %R
-18.722
Overbought
CCI(14)
105.2411
Buy
ATR(14)
0.0026
High Volatility
Highs/Lows(14)
0.0012
Buy
Ultimate Oscillator
69.655
Buy
ROC
0.635
Buy
Bull/Bear Power(13)
0.0030
Buy
Buy: 9
Sell: 1
Neutral: 0


Summary:Strong Buy","Jun 17, 2021 08:47PM GMT"
usd_chf,0.9179 +0.0094    +1.03%,16:48:40,2021-06-17 20:49:10.473646,"Prev. Close: 0.9085
Bid/Ask: 0.9177 / 0.9181
Day's Range: 0.9076 - 0.9188",Strong Buy,"Summary:Strong Buy
Moving Averages:BuyBuy (12)Sell (0)
Technical Indicators:Strong BuyBuy (7)Sell (0)","Name
S3
S2
S1
Pivot Points
R1
R2
R3
Classic
0.9165
0.9168
0.9174
0.9177
0.9182
0.9186
0.9191
Fibonacci
0.9168
0.9171
0.9174
0.9177
0.9180
0.9183
0.9186
Camarilla
0.9176
0.9177
0.9178
0.9177
0.9179
0.9180
0.9181
Woodie's
0.9165
0.9168
0.9174
0.9177
0.9182
0.9186
0.9191
DeMark's
-
-
0.9175
0.9178
0.9184
-
-","Technical IndicatorsJun 17, 2021 08:48PM GMT
Name
Value
Action
RSI(14)
76.720
Overbought
STOCH(9,6)
82.077
Overbought
STOCHRSI(14)
9.331
Oversold
MACD(12,26)
0.004
Buy
ADX(14)
43.783
Buy
Williams %R
-11.494
Overbought
CCI(14)
113.7188
Buy
ATR(14)
0.0017
High Volatility
Highs/Lows(14)
0.0013
Buy
Ultimate Oscillator
65.197
Buy
ROC
0.835
Buy
Bull/Bear Power(13)
0.0035
Buy
Buy: 7
Sell: 0
Neutral: 0


Summary:Strong Buy","Jun 17, 2021 08:48PM GMT"
nzd_chf,0.6428 +0.0024    +0.37%,16:48:54,2021-06-17 20:49:10.476540,"Prev. Close: 0.6404
Bid/Ask: 0.6427 / 0.6429
Day's Range: 0.6406 - 0.6453",Neutral,"Summary:Neutral
Moving Averages:BuyBuy (9)Sell (3)
Technical Indicators:NeutralBuy (3)Sell (3)","Name
S3
S2
S1
Pivot Points
R1
R2
R3
Classic
0.6412
0.6417
0.6421
0.6426
0.6430
0.6435
0.6439
Fibonacci
0.6417
0.6420
0.6423
0.6426
0.6429
0.6432
0.6435
Camarilla
0.6422
0.6422
0.6423
0.6426
0.6425
0.6426
0.6426
Woodie's
0.6410
0.6416
0.6419
0.6425
0.6428
0.6434
0.6437
DeMark's
-
-
0.6418
0.6425
0.6428
-
-","Technical IndicatorsJun 17, 2021 08:47PM GMT
Name
Value
Action
RSI(14)
51.961
Neutral
STOCH(9,6)
57.441
Buy
STOCHRSI(14)
48.969
Neutral
MACD(12,26)
0.000
Buy
ADX(14)
26.844
Buy
Williams %R
-52.689
Neutral
CCI(14)
-7.1732
Neutral
ATR(14)
0.0012
Less Volatility
Highs/Lows(14)
0.0000
Neutral
Ultimate Oscillator
48.180
Sell
ROC
-0.140
Sell
Bull/Bear Power(13)
-0.0006
Sell
Buy: 3
Sell: 3
Neutral: 5


Summary:Neutral","Jun 17, 2021 08:47PM GMT"
usd_cny,6.4484 +0.0515    +0.80%,11:27:22,2021-06-17 20:49:10.479488,"Prev. Close: 6.3969
Bid/Ask: 6.4477 / 6.4490
Day's Range: 6.3972 - 6.4494",Strong Buy,"Summary:Strong Buy
Moving Averages:BuyBuy (12)Sell (0)
Technical Indicators:Strong BuyBuy (7)Sell (0)","Name
S3
S2
S1
Pivot Points
R1
R2
R3
Classic
6.4380
6.4399
6.4436
6.4455
6.4492
6.4511
6.4548
Fibonacci
6.4399
6.4420
6.4434
6.4455
6.4476
6.4490
6.4511
Camarilla
6.4458
6.4463
6.4468
6.4455
6.4479
6.4484
6.4489
Woodie's
6.4390
6.4404
6.4446
6.4460
6.4502
6.4516
6.4558
DeMark's
-
-
6.4446
6.4460
6.4502
-
-","Technical IndicatorsJun 17, 2021 03:34PM GMT
Name
Value
Action
RSI(14)
85.433
Overbought
STOCH(9,6)
77.649
Buy
STOCHRSI(14)
100.000
Overbought
MACD(12,26)
0.011
Buy
ADX(14)
61.337
Buy
Williams %R
-3.426
Overbought
CCI(14)
151.8010
Buy
ATR(14)
0.0041
Less Volatility
Highs/Lows(14)
0.0141
Buy
Ultimate Oscillator
82.973
Overbought
ROC
0.391
Buy
Bull/Bear Power(13)
0.0286
Buy
Buy: 7
Sell: 0
Neutral: 0


Summary:Strong Buy","Jun 17, 2021 03:34PM GMT"
usd_hkd,7.7644 +0.0014    +0.02%,16:48:40,2021-06-17 20:49:10.482445,"Prev. Close: 7.7630
Bid/Ask: 7.7641 / 7.7646
Day's Range: 7.7625 - 7.7656",Neutral,"Summary:Neutral
Moving Averages:BuyBuy (7)Sell (5)
Technical Indicators:SellBuy (2)Sell (3)","Name
S3
S2
S1
Pivot Points
R1
R2
R3
Classic
7.7647
7.7647
7.7649
7.7649
7.7650
7.7651
7.7652
Fibonacci
7.7647
7.7648
7.7648
7.7649
7.7650
7.7650
7.7651
Camarilla
7.7649
7.7649
7.7649
7.7649
7.7650
7.7650
7.7650
Woodie's
7.7647
7.7647
7.7649
7.7649
7.7650
7.7651
7.7652
DeMark's
-
-
7.7649
7.7649
7.7650
-
-","Technical IndicatorsJun 17, 2021 08:47PM GMT
Name
Value
Action
RSI(14)
51.966
Neutral
STOCH(9,6)
47.804
Neutral
STOCHRSI(14)
11.692
Oversold
MACD(12,26)
0.000
Buy
ADX(14)
40.015
Neutral
Williams %R
-68.432
Sell
CCI(14)
-39.1439
Neutral
ATR(14)
0.0009
Less Volatility
Highs/Lows(14)
0.0000
Neutral
Ultimate Oscillator
48.766
Sell
ROC
-0.013
Sell
Bull/Bear Power(13)
0.0010
Buy
Buy: 2
Sell: 3
Neutral: 5


Summary:Sell","Jun 17, 2021 08:47PM GMT"
eur_usd,1.1908 -0.0086    -0.72%,16:49:39,2021-06-17 20:50:10.349058,"Prev. Close: 1.1994
Bid/Ask: 1.1906 / 1.1910
Day's Range: 1.1892 - 1.2007",Strong Sell,"Summary:Strong Sell
Moving Averages:SellBuy (1)Sell (11)
Technical Indicators:Strong SellBuy (0)Sell (9)","Name
S3
S2
S1
Pivot Points
R1
R2
R3
Classic
1.1884
1.1892
1.1898
1.1906
1.1911
1.1920
1.1925
Fibonacci
1.1892
1.1898
1.1901
1.1906
1.1911
1.1914
1.1920
Camarilla
1.1898
1.1900
1.1901
1.1906
1.1903
1.1904
1.1906
Woodie's
1.1882
1.1891
1.1896
1.1905
1.1909
1.1919
1.1923
DeMark's
-
-
1.1895
1.1905
1.1908
-
-","Technical IndicatorsJun 17, 2021 08:47PM GMT
Name
Value
Action
RSI(14)
28.090
Sell
STOCH(9,6)
22.715
Sell
STOCHRSI(14)
100.000
Overbought
MACD(12,26)
-0.004
Sell
ADX(14)
43.723
Sell
Williams %R
-84.103
Oversold
CCI(14)
-122.6952
Sell
ATR(14)
0.0022
High Volatility
Highs/Lows(14)
-0.0011
Sell
Ultimate Oscillator
38.006
Sell
ROC
-0.663
Sell
Bull/Bear Power(13)
-0.0050
Sell
Buy: 0
Sell: 9
Neutral: 0


Summary:Strong Sell","Jun 17, 2021 08:47PM GMT"
gbp_usd,1.3925 -0.0062    -0.44%,16:49:32,2021-06-17 20:50:10.352904,"Prev. Close: 1.3987
Bid/Ask: 1.3924 / 1.3926
Day's Range: 1.3896 - 1.4010",Strong Sell,"Summary:Strong Sell
Moving Averages:SellBuy (2)Sell (10)
Technical Indicators:Strong SellBuy (0)Sell (10)","Name
S3
S2
S1
Pivot Points
R1
R2
R3
Classic
1.3904
1.3911
1.3916
1.3923
1.3929
1.3935
1.3941
Fibonacci
1.3911
1.3916
1.3918
1.3923
1.3928
1.3930
1.3935
Camarilla
1.3917
1.3918
1.3919
1.3923
1.3922
1.3923
1.3924
Woodie's
1.3902
1.3910
1.3914
1.3922
1.3927
1.3934
1.3939
DeMark's
-
-
1.3913
1.3921
1.3925
-
-","Technical IndicatorsJun 17, 2021 08:49PM GMT
Name
Value
Action
RSI(14)
36.000
Sell
STOCH(9,6)
27.504
Sell
STOCHRSI(14)
100.000
Overbought
MACD(12,26)
-0.003
Sell
ADX(14)
42.842
Sell
Williams %R
-72.728
Sell
CCI(14)
-74.2432
Sell
ATR(14)
0.0026
High Volatility
Highs/Lows(14)
-0.0006
Sell
Ultimate Oscillator
34.322
Sell
ROC
-0.497
Sell
Bull/Bear Power(13)
-0.0032
Sell
Buy: 0
Sell: 10
Neutral: 0


Summary:Strong Sell","Jun 17, 2021 08:49PM GMT"
usd_jpy,110.25 -0.45    -0.40%,16:49:39,2021-06-17 20:50:10.356173,"Prev. Close: 110.69
Bid/Ask: 110.24 / 110.25
Day's Range: 110.17 - 110.83",Strong Sell,"Summary:Strong Sell
Moving Averages:SellBuy (5)Sell (7)
Technical Indicators:Strong SellBuy (0)Sell (8)","Name
S3
S2
S1
Pivot Points
R1
R2
R3
Classic
110.18
110.22
110.24
110.28
110.31
110.34
110.37
Fibonacci
110.22
110.24
110.26
110.28
110.30
110.32
110.34
Camarilla
110.25
110.26
110.26
110.28
110.28
110.28
110.29
Woodie's
110.18
110.22
110.24
110.28
110.31
110.34
110.37
DeMark's
-
-
110.26
110.29
110.32
-
-","Technical IndicatorsJun 17, 2021 08:49PM GMT
Name
Value
Action
RSI(14)
41.753
Sell
STOCH(9,6)
16.386
Oversold
STOCHRSI(14)
12.711
Oversold
MACD(12,26)
-0.020
Sell
ADX(14)
35.040
Sell
Williams %R
-84.873
Oversold
CCI(14)
-77.1445
Sell
ATR(14)
0.1271
Less Volatility
Highs/Lows(14)
-0.1268
Sell
Ultimate Oscillator
41.736
Sell
ROC
-0.357
Sell
Bull/Bear Power(13)
-0.2350
Sell
Buy: 0
Sell: 8
Neutral: 0


Summary:Strong Sell","Jun 17, 2021 08:49PM GMT"
aud_usd,0.7551 -0.0060    -0.78%,16:49:44,2021-06-17 20:50:10.359267,"Prev. Close: 0.7610
Bid/Ask: 0.7550 / 0.7551
Day's Range: 0.7540 - 0.7646",Strong Sell,"Summary:Strong Sell
Moving Averages:Strong SellBuy (0)Sell (12)
Technical Indicators:Strong SellBuy (0)Sell (8)","Name
S3
S2
S1
Pivot Points
R1
R2
R3
Classic
0.7533
0.7539
0.7543
0.7549
0.7553
0.7559
0.7562
Fibonacci
0.7539
0.7543
0.7545
0.7549
0.7553
0.7555
0.7559
Camarilla
0.7545
0.7546
0.7547
0.7549
0.7548
0.7549
0.7550
Woodie's
0.7533
0.7539
0.7543
0.7549
0.7553
0.7559
0.7562
DeMark's
-
-
0.7541
0.7548
0.7551
-
-","Technical IndicatorsJun 17, 2021 08:49PM GMT
Name
Value
Action
RSI(14)
27.640
Sell
STOCH(9,6)
17.684
Oversold
STOCHRSI(14)
78.123
Overbought
MACD(12,26)
-0.003
Sell
ADX(14)
54.197
Sell
Williams %R
-88.268
Oversold
CCI(14)
-91.2640
Sell
ATR(14)
0.0018
Less Volatility
Highs/Lows(14)
-0.0013
Sell
Ultimate Oscillator
34.657
Sell
ROC
-0.932
Sell
Bull/Bear Power(13)
-0.0041
Sell
Buy: 0
Sell: 8
Neutral: 0


Summary:Strong Sell","Jun 17, 2021 08:49PM GMT"
eur_gbp,0.8551 -0.0022    -0.26%,16:49:41,2021-06-17 20:50:10.362279,"Prev. Close: 0.8573
Bid/Ask: 0.8549 / 0.8553
Day's Range: 0.8542 - 0.8580",Strong Sell,"Summary:Strong Sell
Moving Averages:Strong SellBuy (0)Sell (12)
Technical Indicators:Strong SellBuy (2)Sell (8)","Name
S3
S2
S1
Pivot Points
R1
R2
R3
Classic
0.8538
0.8543
0.8547
0.8551
0.8555
0.8559
0.8563
Fibonacci
0.8543
0.8546
0.8548
0.8551
0.8554
0.8556
0.8559
Camarilla
0.8548
0.8549
0.8550
0.8551
0.8551
0.8552
0.8553
Woodie's
0.8538
0.8543
0.8547
0.8551
0.8555
0.8559
0.8563
DeMark's
-
-
0.8545
0.8550
0.8553
-
-","Technical IndicatorsJun 17, 2021 08:49PM GMT
Name
Value
Action
RSI(14)
36.616
Sell
STOCH(9,6)
42.531
Sell
STOCHRSI(14)
65.754
Buy
MACD(12,26)
-0.001
Sell
ADX(14)
43.306
Sell
Williams %R
-65.000
Sell
CCI(14)
-112.0268
Sell
ATR(14)
0.0011
High Volatility
Highs/Lows(14)
0.0000
Neutral
Ultimate Oscillator
56.851
Buy
ROC
-0.158
Sell
Bull/Bear Power(13)
-0.0020
Sell
Buy: 2
Sell: 8
Neutral: 1


Summary:Strong Sell","Jun 17, 2021 08:49PM GMT"
usd_cad,1.2358 +0.0082    +0.67%,16:49:39,2021-06-17 20:50:10.365286,"Prev. Close: 1.2276
Bid/Ask: 1.2356 / 1.2360
Day's Range: 1.2261 - 1.2378",Strong Buy,"Summary:Strong Buy
Moving Averages:BuyBuy (12)Sell (0)
Technical Indicators:Strong BuyBuy (9)Sell (1)","Name
S3
S2
S1
Pivot Points
R1
R2
R3
Classic
1.2333
1.2339
1.2349
1.2356
1.2366
1.2373
1.2383
Fibonacci
1.2339
1.2346
1.2350
1.2356
1.2362
1.2366
1.2373
Camarilla
1.2354
1.2356
1.2357
1.2356
1.2361
1.2362
1.2364
Woodie's
1.2335
1.2340
1.2351
1.2357
1.2368
1.2374
1.2385
DeMark's
-
-
1.2352
1.2357
1.2369
-
-","Technical IndicatorsJun 17, 2021 08:47PM GMT
Name
Value
Action
RSI(14)
71.317
Buy
STOCH(9,6)
74.538
Buy
STOCHRSI(14)
39.478
Sell
MACD(12,26)
0.003
Buy
ADX(14)
43.639
Buy
Williams %R
-18.722
Overbought
CCI(14)
105.2411
Buy
ATR(14)
0.0026
High Volatility
Highs/Lows(14)
0.0012
Buy
Ultimate Oscillator
69.655
Buy
ROC
0.635
Buy
Bull/Bear Power(13)
0.0030
Buy
Buy: 9
Sell: 1
Neutral: 0


Summary:Strong Buy","Jun 17, 2021 08:47PM GMT"
usd_chf,0.9179 +0.0094    +1.03%,16:49:36,2021-06-17 20:50:10.368260,"Prev. Close: 0.9085
Bid/Ask: 0.9178 / 0.9180
Day's Range: 0.9076 - 0.9188",Strong Buy,"Summary:Strong Buy
Moving Averages:BuyBuy (12)Sell (0)
Technical Indicators:Strong BuyBuy (7)Sell (0)","Name
S3
S2
S1
Pivot Points
R1
R2
R3
Classic
0.9165
0.9168
0.9174
0.9177
0.9182
0.9186
0.9191
Fibonacci
0.9168
0.9171
0.9174
0.9177
0.9180
0.9183
0.9186
Camarilla
0.9176
0.9177
0.9178
0.9177
0.9179
0.9180
0.9181
Woodie's
0.9165
0.9168
0.9174
0.9177
0.9182
0.9186
0.9191
DeMark's
-
-
0.9175
0.9178
0.9184
-
-","Technical IndicatorsJun 17, 2021 08:48PM GMT
Name
Value
Action
RSI(14)
76.720
Overbought
STOCH(9,6)
82.077
Overbought
STOCHRSI(14)
9.331
Oversold
MACD(12,26)
0.004
Buy
ADX(14)
43.783
Buy
Williams %R
-11.494
Overbought
CCI(14)
113.7188
Buy
ATR(14)
0.0017
High Volatility
Highs/Lows(14)
0.0013
Buy
Ultimate Oscillator
65.197
Buy
ROC
0.835
Buy
Bull/Bear Power(13)
0.0035
Buy
Buy: 7
Sell: 0
Neutral: 0


Summary:Strong Buy","Jun 17, 2021 08:48PM GMT"
nzd_chf,0.6430 +0.0026    +0.40%,16:49:40,2021-06-17 20:50:10.371176,"Prev. Close: 0.6404
Bid/Ask: 0.6427 / 0.6432
Day's Range: 0.6406 - 0.6453",Buy,"Summary:Buy
Moving Averages:BuyBuy (9)Sell (3)
Technical Indicators:BUYBuy (3)Sell (2)","Name
S3
S2
S1
Pivot Points
R1
R2
R3
Classic
0.6412
0.6417
0.6421
0.6426
0.6430
0.6435
0.6439
Fibonacci
0.6417
0.6420
0.6423
0.6426
0.6429
0.6432
0.6435
Camarilla
0.6422
0.6422
0.6423
0.6426
0.6425
0.6426
0.6426
Woodie's
0.6410
0.6416
0.6419
0.6425
0.6428
0.6434
0.6437
DeMark's
-
-
0.6418
0.6425
0.6428
-
-","Technical IndicatorsJun 17, 2021 08:49PM GMT
Name
Value
Action
RSI(14)
52.651
Neutral
STOCH(9,6)
58.094
Buy
STOCHRSI(14)
51.614
Neutral
MACD(12,26)
0.000
Buy
ADX(14)
26.844
Buy
Williams %R
-50.538
Neutral
CCI(14)
-4.2759
Neutral
ATR(14)
0.0012
Less Volatility
Highs/Lows(14)
0.0000
Neutral
Ultimate Oscillator
49.300
Neutral
ROC
-0.124
Sell
Bull/Bear Power(13)
-0.0006
Sell
Buy: 3
Sell: 2
Neutral: 6


Summary:BUY","Jun 17, 2021 08:49PM GMT"
usd_cny,6.4484 +0.0515    +0.80%,11:27:22,2021-06-17 20:50:10.374037,"Prev. Close: 6.3969
Bid/Ask: 6.4477 / 6.4490
Day's Range: 6.3972 - 6.4494",Strong Buy,"Summary:Strong Buy
Moving Averages:BuyBuy (12)Sell (0)
Technical Indicators:Strong BuyBuy (7)Sell (0)","Name
S3
S2
S1
Pivot Points
R1
R2
R3
Classic
6.4380
6.4399
6.4436
6.4455
6.4492
6.4511
6.4548
Fibonacci
6.4399
6.4420
6.4434
6.4455
6.4476
6.4490
6.4511
Camarilla
6.4458
6.4463
6.4468
6.4455
6.4479
6.4484
6.4489
Woodie's
6.4390
6.4404
6.4446
6.4460
6.4502
6.4516
6.4558
DeMark's
-
-
6.4446
6.4460
6.4502
-
-","Technical IndicatorsJun 17, 2021 03:34PM GMT
Name
Value
Action
RSI(14)
85.433
Overbought
STOCH(9,6)
77.649
Buy
STOCHRSI(14)
100.000
Overbought
MACD(12,26)
0.011
Buy
ADX(14)
61.337
Buy
Williams %R
-3.426
Overbought
CCI(14)
151.8010
Buy
ATR(14)
0.0041
Less Volatility
Highs/Lows(14)
0.0141
Buy
Ultimate Oscillator
82.973
Overbought
ROC
0.391
Buy
Bull/Bear Power(13)
0.0286
Buy
Buy: 7
Sell: 0
Neutral: 0


Summary:Strong Buy","Jun 17, 2021 03:34PM GMT"
usd_hkd,7.7644 +0.0014    +0.02%,16:49:43,2021-06-17 20:50:10.376939,"Prev. Close: 7.7630
Bid/Ask: 7.7642 / 7.7645
Day's Range: 7.7625 - 7.7656",Neutral,"Summary:Neutral
Moving Averages:BuyBuy (7)Sell (5)
Technical Indicators:NeutralBuy (2)Sell (2)","Name
S3
S2
S1
Pivot Points
R1
R2
R3
Classic
7.7647
7.7647
7.7649
7.7649
7.7650
7.7651
7.7652
Fibonacci
7.7647
7.7648
7.7648
7.7649
7.7650
7.7650
7.7651
Camarilla
7.7649
7.7649
7.7649
7.7649
7.7650
7.7650
7.7650
Woodie's
7.7647
7.7647
7.7649
7.7649
7.7650
7.7651
7.7652
DeMark's
-
-
7.7649
7.7649
7.7650
-
-","Technical IndicatorsJun 17, 2021 08:49PM GMT
Name
Value
Action
RSI(14)
52.829
Neutral
STOCH(9,6)
48.683
Neutral
STOCHRSI(14)
17.504
Oversold
MACD(12,26)
0.000
Buy
ADX(14)
40.015
Neutral
Williams %R
-63.162
Sell
CCI(14)
-31.1140
Neutral
ATR(14)
0.0009
Less Volatility
Highs/Lows(14)
0.0000
Neutral
Ultimate Oscillator
50.368
Neutral
ROC
-0.012
Sell
Bull/Bear Power(13)
0.0010
Buy
Buy: 2
Sell: 2
Neutral: 6


Summary:Neutral","Jun 17, 2021 08:49PM GMT"
eur_usd,1.1907 -0.0088    -0.73%,16:50:46,2021-06-17 20:51:10.480632,"Prev. Close: 1.1994
Bid/Ask: 1.1906 / 1.1907
Day's Range: 1.1892 - 1.2007",Strong Sell,"Summary:Strong Sell
Moving Averages:SellBuy (1)Sell (11)
Technical Indicators:Strong SellBuy (0)Sell (9)","Name
S3
S2
S1
Pivot Points
R1
R2
R3
Classic
1.1884
1.1892
1.1898
1.1906
1.1911
1.1920
1.1925
Fibonacci
1.1892
1.1898
1.1901
1.1906
1.1911
1.1914
1.1920
Camarilla
1.1898
1.1900
1.1901
1.1906
1.1903
1.1904
1.1906
Woodie's
1.1882
1.1891
1.1896
1.1905
1.1909
1.1919
1.1923
DeMark's
-
-
1.1895
1.1905
1.1908
-
-","Technical IndicatorsJun 17, 2021 08:49PM GMT
Name
Value
Action
RSI(14)
28.342
Sell
STOCH(9,6)
22.856
Sell
STOCHRSI(14)
100.000
Overbought
MACD(12,26)
-0.004
Sell
ADX(14)
43.723
Sell
Williams %R
-83.591
Oversold
CCI(14)
-122.0661
Sell
ATR(14)
0.0022
High Volatility
Highs/Lows(14)
-0.0011
Sell
Ultimate Oscillator
38.277
Sell
ROC
-0.659
Sell
Bull/Bear Power(13)
-0.0050
Sell
Buy: 0
Sell: 9
Neutral: 0


Summary:Strong Sell","Jun 17, 2021 08:49PM GMT"
gbp_usd,1.3925 -0.0063    -0.45%,16:50:47,2021-06-17 20:51:10.484501,"Prev. Close: 1.3987
Bid/Ask: 1.3922 / 1.3927
Day's Range: 1.3896 - 1.4010",Strong Sell,"Summary:Strong Sell
Moving Averages:SellBuy (2)Sell (10)
Technical Indicators:Strong SellBuy (0)Sell (10)","Name
S3
S2
S1
Pivot Points
R1
R2
R3
Classic
1.3904
1.3911
1.3916
1.3923
1.3929
1.3935
1.3941
Fibonacci
1.3911
1.3916
1.3918
1.3923
1.3928
1.3930
1.3935
Camarilla
1.3917
1.3918
1.3919
1.3923
1.3922
1.3923
1.3924
Woodie's
1.3902
1.3910
1.3914
1.3922
1.3927
1.3934
1.3939
DeMark's
-
-
1.3913
1.3921
1.3925
-
-","Technical IndicatorsJun 17, 2021 08:49PM GMT
Name
Value
Action
RSI(14)
36.000
Sell
STOCH(9,6)
27.504
Sell
STOCHRSI(14)
100.000
Overbought
MACD(12,26)
-0.003
Sell
ADX(14)
42.842
Sell
Williams %R
-72.728
Sell
CCI(14)
-74.2432
Sell
ATR(14)
0.0026
High Volatility
Highs/Lows(14)
-0.0006
Sell
Ultimate Oscillator
34.322
Sell
ROC
-0.497
Sell
Bull/Bear Power(13)
-0.0032
Sell
Buy: 0
Sell: 10
Neutral: 0


Summary:Strong Sell","Jun 17, 2021 08:49PM GMT"
usd_jpy,110.25 -0.45    -0.40%,16:50:34,2021-06-17 20:51:10.487680,"Prev. Close: 110.69
Bid/Ask: 110.24 / 110.25
Day's Range: 110.17 - 110.83",Strong Sell,"Summary:Strong Sell
Moving Averages:SellBuy (4)Sell (8)
Technical Indicators:Strong SellBuy (0)Sell (8)","Name
S3
S2
S1
Pivot Points
R1
R2
R3
Classic
110.18
110.22
110.24
110.28
110.31
110.34
110.37
Fibonacci
110.22
110.24
110.26
110.28
110.30
110.32
110.34
Camarilla
110.25
110.26
110.26
110.28
110.28
110.28
110.29
Woodie's
110.18
110.22
110.24
110.28
110.31
110.34
110.37
DeMark's
-
-
110.26
110.29
110.32
-
-","Technical IndicatorsJun 17, 2021 08:50PM GMT
Name
Value
Action
RSI(14)
41.052
Sell
STOCH(9,6)
15.927
Oversold
STOCHRSI(14)
10.157
Oversold
MACD(12,26)
-0.020
Sell
ADX(14)
35.040
Sell
Williams %R
-87.394
Oversold
CCI(14)
-78.8214
Sell
ATR(14)
0.1271
Less Volatility
Highs/Lows(14)
-0.1418
Sell
Ultimate Oscillator
40.453
Sell
ROC
-0.371
Sell
Bull/Bear Power(13)
-0.2310
Sell
Buy: 0
Sell: 8
Neutral: 0


Summary:Strong Sell","Jun 17, 2021 08:50PM GMT"
aud_usd,0.7551 -0.0060    -0.78%,16:50:51,2021-06-17 20:51:10.490651,"Prev. Close: 0.7610
Bid/Ask: 0.7550 / 0.7551
Day's Range: 0.7540 - 0.7646",Strong Sell,"Summary:Strong Sell
Moving Averages:Strong SellBuy (0)Sell (12)
Technical Indicators:Strong SellBuy (0)Sell (8)","Name
S3
S2
S1
Pivot Points
R1
R2
R3
Classic
0.7533
0.7539
0.7543
0.7549
0.7553
0.7559
0.7562
Fibonacci
0.7539
0.7543
0.7545
0.7549
0.7553
0.7555
0.7559
Camarilla
0.7545
0.7546
0.7547
0.7549
0.7548
0.7549
0.7550
Woodie's
0.7533
0.7539
0.7543
0.7549
0.7553
0.7559
0.7562
DeMark's
-
-
0.7541
0.7548
0.7551
-
-","Technical IndicatorsJun 17, 2021 08:49PM GMT
Name
Value
Action
RSI(14)
27.640
Sell
STOCH(9,6)
17.684
Oversold
STOCHRSI(14)
78.123
Overbought
MACD(12,26)
-0.003
Sell
ADX(14)
54.197
Sell
Williams %R
-88.268
Oversold
CCI(14)
-91.2640
Sell
ATR(14)
0.0018
Less Volatility
Highs/Lows(14)
-0.0013
Sell
Ultimate Oscillator
34.657
Sell
ROC
-0.932
Sell
Bull/Bear Power(13)
-0.0041
Sell
Buy: 0
Sell: 8
Neutral: 0


Summary:Strong Sell","Jun 17, 2021 08:49PM GMT"
eur_gbp,0.8551 -0.0022    -0.26%,16:50:55,2021-06-17 20:51:10.493552,"Prev. Close: 0.8573
Bid/Ask: 0.8550 / 0.8552
Day's Range: 0.8542 - 0.8580",Strong Sell,"Summary:Strong Sell
Moving Averages:Strong SellBuy (0)Sell (12)
Technical Indicators:Strong SellBuy (2)Sell (8)","Name
S3
S2
S1
Pivot Points
R1
R2
R3
Classic
0.8538
0.8543
0.8547
0.8551
0.8555
0.8559
0.8563
Fibonacci
0.8543
0.8546
0.8548
0.8551
0.8554
0.8556
0.8559
Camarilla
0.8548
0.8549
0.8550
0.8551
0.8551
0.8552
0.8553
Woodie's
0.8538
0.8543
0.8547
0.8551
0.8555
0.8559
0.8563
DeMark's
-
-
0.8545
0.8550
0.8553
-
-","Technical IndicatorsJun 17, 2021 08:49PM GMT
Name
Value
Action
RSI(14)
36.616
Sell
STOCH(9,6)
42.531
Sell
STOCHRSI(14)
65.754
Buy
MACD(12,26)
-0.001
Sell
ADX(14)
43.306
Sell
Williams %R
-65.000
Sell
CCI(14)
-112.0268
Sell
ATR(14)
0.0011
High Volatility
Highs/Lows(14)
0.0000
Neutral
Ultimate Oscillator
56.851
Buy
ROC
-0.158
Sell
Bull/Bear Power(13)
-0.0020
Sell
Buy: 2
Sell: 8
Neutral: 1


Summary:Strong Sell","Jun 17, 2021 08:49PM GMT"
usd_cad,1.2354 +0.0078    +0.64%,16:50:50,2021-06-17 20:51:10.496449,"Prev. Close: 1.2276
Bid/Ask: 1.2352 / 1.2356
Day's Range: 1.2261 - 1.2378",Strong Buy,"Summary:Strong Buy
Moving Averages:Strong BuyBuy (11)Sell (1)
Technical Indicators:Strong BuyBuy (10)Sell (1)","Name
S3
S2
S1
Pivot Points
R1
R2
R3
Classic
1.2333
1.2339
1.2349
1.2356
1.2366
1.2373
1.2383
Fibonacci
1.2339
1.2346
1.2350
1.2356
1.2362
1.2366
1.2373
Camarilla
1.2354
1.2356
1.2357
1.2356
1.2361
1.2362
1.2364
Woodie's
1.2335
1.2340
1.2351
1.2357
1.2368
1.2374
1.2385
DeMark's
-
-
1.2352
1.2357
1.2369
-
-","Technical IndicatorsJun 17, 2021 08:49PM GMT
Name
Value
Action
RSI(14)
69.733
Buy
STOCH(9,6)
73.932
Buy
STOCHRSI(14)
27.531
Sell
MACD(12,26)
0.003
Buy
ADX(14)
43.639
Buy
Williams %R
-21.462
Buy
CCI(14)
101.8341
Buy
ATR(14)
0.0026
High Volatility
Highs/Lows(14)
0.0009
Buy
Ultimate Oscillator
68.291
Buy
ROC
0.611
Buy
Bull/Bear Power(13)
0.0030
Buy
Buy: 10
Sell: 1
Neutral: 0


Summary:Strong Buy","Jun 17, 2021 08:49PM GMT"
usd_chf,0.9180 +0.0095    +1.05%,16:50:43,2021-06-17 20:51:10.499328,"Prev. Close: 0.9085
Bid/Ask: 0.9178 / 0.9182
Day's Range: 0.9076 - 0.9188",Strong Buy,"Summary:Strong Buy
Moving Averages:BuyBuy (12)Sell (0)
Technical Indicators:Strong BuyBuy (7)Sell (0)","Name
S3
S2
S1
Pivot Points
R1
R2
R3
Classic
0.9165
0.9168
0.9174
0.9177
0.9182
0.9186
0.9191
Fibonacci
0.9168
0.9171
0.9174
0.9177
0.9180
0.9183
0.9186
Camarilla
0.9176
0.9177
0.9178
0.9177
0.9179
0.9180
0.9181
Woodie's
0.9165
0.9168
0.9174
0.9177
0.9182
0.9186
0.9191
DeMark's
-
-
0.9175
0.9178
0.9184
-
-","Technical IndicatorsJun 17, 2021 08:49PM GMT
Name
Value
Action
RSI(14)
77.375
Overbought
STOCH(9,6)
82.694
Overbought
STOCHRSI(14)
15.125
Oversold
MACD(12,26)
0.004
Buy
ADX(14)
43.783
Buy
Williams %R
-9.196
Overbought
CCI(14)
116.2537
Buy
ATR(14)
0.0017
High Volatility
Highs/Lows(14)
0.0015
Buy
Ultimate Oscillator
66.577
Buy
ROC
0.857
Buy
Bull/Bear Power(13)
0.0035
Buy
Buy: 7
Sell: 0
Neutral: 0


Summary:Strong Buy","Jun 17, 2021 08:49PM GMT"
nzd_chf,0.6430 +0.0026    +0.41%,16:50:43,2021-06-17 20:51:10.502190,"Prev. Close: 0.6404
Bid/Ask: 0.6428 / 0.6432
Day's Range: 0.6406 - 0.6453",Buy,"Summary:Buy
Moving Averages:BuyBuy (9)Sell (3)
Technical Indicators:BUYBuy (3)Sell (2)","Name
S3
S2
S1
Pivot Points
R1
R2
R3
Classic
0.6412
0.6417
0.6421
0.6426
0.6430
0.6435
0.6439
Fibonacci
0.6417
0.6420
0.6423
0.6426
0.6429
0.6432
0.6435
Camarilla
0.6422
0.6422
0.6423
0.6426
0.6425
0.6426
0.6426
Woodie's
0.6410
0.6416
0.6419
0.6425
0.6428
0.6434
0.6437
DeMark's
-
-
0.6418
0.6425
0.6428
-
-","Technical IndicatorsJun 17, 2021 08:49PM GMT
Name
Value
Action
RSI(14)
52.651
Neutral
STOCH(9,6)
58.094
Buy
STOCHRSI(14)
51.614
Neutral
MACD(12,26)
0.000
Buy
ADX(14)
26.844
Buy
Williams %R
-50.538
Neutral
CCI(14)
-4.2759
Neutral
ATR(14)
0.0012
Less Volatility
Highs/Lows(14)
0.0000
Neutral
Ultimate Oscillator
49.300
Neutral
ROC
-0.124
Sell
Bull/Bear Power(13)
-0.0006
Sell
Buy: 3
Sell: 2
Neutral: 6


Summary:BUY","Jun 17, 2021 08:49PM GMT"
usd_cny,6.4484 +0.0515    +0.80%,11:27:22,2021-06-17 20:51:10.505076,"Prev. Close: 6.3969
Bid/Ask: 6.4477 / 6.4490
Day's Range: 6.3972 - 6.4494",Strong Buy,"Summary:Strong Buy
Moving Averages:BuyBuy (12)Sell (0)
Technical Indicators:Strong BuyBuy (7)Sell (0)","Name
S3
S2
S1
Pivot Points
R1
R2
R3
Classic
6.4380
6.4399
6.4436
6.4455
6.4492
6.4511
6.4548
Fibonacci
6.4399
6.4420
6.4434
6.4455
6.4476
6.4490
6.4511
Camarilla
6.4458
6.4463
6.4468
6.4455
6.4479
6.4484
6.4489
Woodie's
6.4390
6.4404
6.4446
6.4460
6.4502
6.4516
6.4558
DeMark's
-
-
6.4446
6.4460
6.4502
-
-","Technical IndicatorsJun 17, 2021 03:34PM GMT
Name
Value
Action
RSI(14)
85.433
Overbought
STOCH(9,6)
77.649
Buy
STOCHRSI(14)
100.000
Overbought
MACD(12,26)
0.011
Buy
ADX(14)
61.337
Buy
Williams %R
-3.426
Overbought
CCI(14)
151.8010
Buy
ATR(14)
0.0041
Less Volatility
Highs/Lows(14)
0.0141
Buy
Ultimate Oscillator
82.973
Overbought
ROC
0.391
Buy
Bull/Bear Power(13)
0.0286
Buy
Buy: 7
Sell: 0
Neutral: 0


Summary:Strong Buy","Jun 17, 2021 03:34PM GMT"
usd_hkd,7.7644 +0.0014    +0.02%,16:50:45,2021-06-17 20:51:10.507958,"Prev. Close: 7.7630
Bid/Ask: 7.7643 / 7.7644
Day's Range: 7.7625 - 7.7656",Neutral,"Summary:Neutral
Moving Averages:BuyBuy (7)Sell (5)
Technical Indicators:NeutralBuy (2)Sell (2)","Name
S3
S2
S1
Pivot Points
R1
R2
R3
Classic
7.7647
7.7647
7.7649
7.7649
7.7650
7.7651
7.7652
Fibonacci
7.7647
7.7648
7.7648
7.7649
7.7650
7.7650
7.7651
Camarilla
7.7649
7.7649
7.7649
7.7649
7.7650
7.7650
7.7650
Woodie's
7.7647
7.7647
7.7649
7.7649
7.7650
7.7651
7.7652
DeMark's
-
-
7.7649
7.7649
7.7650
-
-","Technical IndicatorsJun 17, 2021 08:50PM GMT
Name
Value
Action
RSI(14)
52.829
Neutral
STOCH(9,6)
48.683
Neutral
STOCHRSI(14)
17.504
Oversold
MACD(12,26)
0.000
Buy
ADX(14)
40.015
Neutral
Williams %R
-63.162
Sell
CCI(14)
-31.1140
Neutral
ATR(14)
0.0009
Less Volatility
Highs/Lows(14)
0.0000
Neutral
Ultimate Oscillator
50.368
Neutral
ROC
-0.012
Sell
Bull/Bear Power(13)
0.0010
Buy
Buy: 2
Sell: 2
Neutral: 6


Summary:Neutral","Jun 17, 2021 08:50PM GMT"
eur_usd,1.1908 -0.0086    -0.72%,16:51:41,2021-06-17 20:52:10.280434,"Prev. Close: 1.1994
Bid/Ask: 1.1906 / 1.1910
Day's Range: 1.1892 - 1.2007",Strong Sell,"Summary:Strong Sell
Moving Averages:SellBuy (1)Sell (11)
Technical Indicators:Strong SellBuy (0)Sell (9)","Name
S3
S2
S1
Pivot Points
R1
R2
R3
Classic
1.1884
1.1892
1.1898
1.1906
1.1911
1.1920
1.1925
Fibonacci
1.1892
1.1898
1.1901
1.1906
1.1911
1.1914
1.1920
Camarilla
1.1898
1.1900
1.1901
1.1906
1.1903
1.1904
1.1906
Woodie's
1.1882
1.1891
1.1896
1.1905
1.1909
1.1919
1.1923
DeMark's
-
-
1.1895
1.1905
1.1908
-
-","Technical IndicatorsJun 17, 2021 08:49PM GMT
Name
Value
Action
RSI(14)
28.342
Sell
STOCH(9,6)
22.856
Sell
STOCHRSI(14)
100.000
Overbought
MACD(12,26)
-0.004
Sell
ADX(14)
43.723
Sell
Williams %R
-83.591
Oversold
CCI(14)
-122.0661
Sell
ATR(14)
0.0022
High Volatility
Highs/Lows(14)
-0.0011
Sell
Ultimate Oscillator
38.277
Sell
ROC
-0.659
Sell
Bull/Bear Power(13)
-0.0050
Sell
Buy: 0
Sell: 9
Neutral: 0


Summary:Strong Sell","Jun 17, 2021 08:49PM GMT"
gbp_usd,1.3925 -0.0062    -0.44%,16:51:36,2021-06-17 20:52:10.284285,"Prev. Close: 1.3987
Bid/Ask: 1.3923 / 1.3927
Day's Range: 1.3896 - 1.4010",Strong Sell,"Summary:Strong Sell
Moving Averages:SellBuy (2)Sell (10)
Technical Indicators:Strong SellBuy (0)Sell (10)","Name
S3
S2
S1
Pivot Points
R1
R2
R3
Classic
1.3904
1.3911
1.3916
1.3923
1.3929
1.3935
1.3941
Fibonacci
1.3911
1.3916
1.3918
1.3923
1.3928
1.3930
1.3935
Camarilla
1.3917
1.3918
1.3919
1.3923
1.3922
1.3923
1.3924
Woodie's
1.3902
1.3910
1.3914
1.3922
1.3927
1.3934
1.3939
DeMark's
-
-
1.3913
1.3921
1.3925
-
-","Technical IndicatorsJun 17, 2021 08:51PM GMT
Name
Value
Action
RSI(14)
36.185
Sell
STOCH(9,6)
27.629
Sell
STOCHRSI(14)
100.000
Overbought
MACD(12,26)
-0.003
Sell
ADX(14)
42.842
Sell
Williams %R
-72.249
Sell
CCI(14)
-73.7426
Sell
ATR(14)
0.0026
High Volatility
Highs/Lows(14)
-0.0006
Sell
Ultimate Oscillator
34.558
Sell
ROC
-0.493
Sell
Bull/Bear Power(13)
-0.0032
Sell
Buy: 0
Sell: 10
Neutral: 0


Summary:Strong Sell","Jun 17, 2021 08:51PM GMT"
usd_jpy,110.25 -0.45    -0.40%,16:51:41,2021-06-17 20:52:10.287424,"Prev. Close: 110.69
Bid/Ask: 110.24 / 110.25
Day's Range: 110.17 - 110.83",Strong Sell,"Summary:Strong Sell
Moving Averages:SellBuy (4)Sell (8)
Technical Indicators:Strong SellBuy (0)Sell (8)","Name
S3
S2
S1
Pivot Points
R1
R2
R3
Classic
110.18
110.22
110.24
110.28
110.31
110.34
110.37
Fibonacci
110.22
110.24
110.26
110.28
110.30
110.32
110.34
Camarilla
110.25
110.26
110.26
110.28
110.28
110.28
110.29
Woodie's
110.18
110.22
110.24
110.28
110.31
110.34
110.37
DeMark's
-
-
110.26
110.29
110.32
-
-","Technical IndicatorsJun 17, 2021 08:50PM GMT
Name
Value
Action
RSI(14)
41.052
Sell
STOCH(9,6)
15.927
Oversold
STOCHRSI(14)
10.157
Oversold
MACD(12,26)
-0.020
Sell
ADX(14)
35.040
Sell
Williams %R
-87.394
Oversold
CCI(14)
-78.8214
Sell
ATR(14)
0.1271
Less Volatility
Highs/Lows(14)
-0.1418
Sell
Ultimate Oscillator
40.453
Sell
ROC
-0.371
Sell
Bull/Bear Power(13)
-0.2310
Sell
Buy: 0
Sell: 8
Neutral: 0


Summary:Strong Sell","Jun 17, 2021 08:50PM GMT"
aud_usd,0.7551 -0.0059    -0.78%,16:51:33,2021-06-17 20:52:10.290374,"Prev. Close: 0.7610
Bid/Ask: 0.7550 / 0.7552
Day's Range: 0.7540 - 0.7646",Strong Sell,"Summary:Strong Sell
Moving Averages:SellBuy (1)Sell (11)
Technical Indicators:Strong SellBuy (0)Sell (8)","Name
S3
S2
S1
Pivot Points
R1
R2
R3
Classic
0.7533
0.7539
0.7543
0.7549
0.7553
0.7559
0.7562
Fibonacci
0.7539
0.7543
0.7545
0.7549
0.7553
0.7555
0.7559
Camarilla
0.7545
0.7546
0.7547
0.7549
0.7548
0.7549
0.7550
Woodie's
0.7533
0.7539
0.7543
0.7549
0.7553
0.7559
0.7562
DeMark's
-
-
0.7541
0.7548
0.7551
-
-","Technical IndicatorsJun 17, 2021 08:51PM GMT
Name
Value
Action
RSI(14)
27.976
Sell
STOCH(9,6)
17.843
Oversold
STOCHRSI(14)
80.884
Overbought
MACD(12,26)
-0.003
Sell
ADX(14)
54.197
Sell
Williams %R
-87.709
Oversold
CCI(14)
-90.7387
Sell
ATR(14)
0.0018
Less Volatility
Highs/Lows(14)
-0.0013
Sell
Ultimate Oscillator
35.030
Sell
ROC
-0.925
Sell
Bull/Bear Power(13)
-0.0041
Sell
Buy: 0
Sell: 8
Neutral: 0


Summary:Strong Sell","Jun 17, 2021 08:51PM GMT"
eur_gbp,0.8551 -0.0022    -0.26%,16:51:42,2021-06-17 20:52:10.293273,"Prev. Close: 0.8573
Bid/Ask: 0.8549 / 0.8553
Day's Range: 0.8542 - 0.8580",Strong Sell,"Summary:Strong Sell
Moving Averages:Strong SellBuy (0)Sell (12)
Technical Indicators:Strong SellBuy (2)Sell (8)","Name
S3
S2
S1
Pivot Points
R1
R2
R3
Classic
0.8538
0.8543
0.8547
0.8551
0.8555
0.8559
0.8563
Fibonacci
0.8543
0.8546
0.8548
0.8551
0.8554
0.8556
0.8559
Camarilla
0.8548
0.8549
0.8550
0.8551
0.8551
0.8552
0.8553
Woodie's
0.8538
0.8543
0.8547
0.8551
0.8555
0.8559
0.8563
DeMark's
-
-
0.8545
0.8550
0.8553
-
-","Technical IndicatorsJun 17, 2021 08:51PM GMT
Name
Value
Action
RSI(14)
34.785
Sell
STOCH(9,6)
41.605
Sell
STOCHRSI(14)
57.809
Buy
MACD(12,26)
-0.001
Sell
ADX(14)
43.306
Sell
Williams %R
-69.999
Sell
CCI(14)
-120.0172
Sell
ATR(14)
0.0011
High Volatility
Highs/Lows(14)
0.0000
Neutral
Ultimate Oscillator
55.072
Buy
ROC
-0.175
Sell
Bull/Bear Power(13)
-0.0020
Sell
Buy: 2
Sell: 8
Neutral: 1


Summary:Strong Sell","Jun 17, 2021 08:51PM GMT"
usd_cad,1.2355 +0.0079    +0.64%,16:51:40,2021-06-17 20:52:10.296163,"Prev. Close: 1.2276
Bid/Ask: 1.2353 / 1.2357
Day's Range: 1.2261 - 1.2378",Strong Buy,"Summary:Strong Buy
Moving Averages:Strong BuyBuy (11)Sell (1)
Technical Indicators:Strong BuyBuy (10)Sell (0)","Name
S3
S2
S1
Pivot Points
R1
R2
R3
Classic
1.2333
1.2339
1.2349
1.2356
1.2366
1.2373
1.2383
Fibonacci
1.2339
1.2346
1.2350
1.2356
1.2362
1.2366
1.2373
Camarilla
1.2354
1.2356
1.2357
1.2356
1.2361
1.2362
1.2364
Woodie's
1.2335
1.2340
1.2351
1.2357
1.2368
1.2374
1.2385
DeMark's
-
-
1.2352
1.2357
1.2369
-
-","Technical IndicatorsJun 17, 2021 08:51PM GMT
Name
Value
Action
RSI(14)
68.716
Buy
STOCH(9,6)
73.528
Buy
STOCHRSI(14)
19.860
Oversold
MACD(12,26)
0.003
Buy
ADX(14)
43.639
Buy
Williams %R
-23.288
Buy
CCI(14)
99.5485
Buy
ATR(14)
0.0026
High Volatility
Highs/Lows(14)
0.0007
Buy
Ultimate Oscillator
67.382
Buy
ROC
0.595
Buy
Bull/Bear Power(13)
0.0030
Buy
Buy: 10
Sell: 0
Neutral: 0


Summary:Strong Buy","Jun 17, 2021 08:51PM GMT"
usd_chf,0.9180 +0.0095    +1.04%,16:51:35,2021-06-17 20:52:10.299043,"Prev. Close: 0.9085
Bid/Ask: 0.9179 / 0.9180
Day's Range: 0.9076 - 0.9188",Strong Buy,"Summary:Strong Buy
Moving Averages:BuyBuy (12)Sell (0)
Technical Indicators:Strong BuyBuy (7)Sell (0)","Name
S3
S2
S1
Pivot Points
R1
R2
R3
Classic
0.9165
0.9168
0.9174
0.9177
0.9182
0.9186
0.9191
Fibonacci
0.9168
0.9171
0.9174
0.9177
0.9180
0.9183
0.9186
Camarilla
0.9176
0.9177
0.9178
0.9177
0.9179
0.9180
0.9181
Woodie's
0.9165
0.9168
0.9174
0.9177
0.9182
0.9186
0.9191
DeMark's
-
-
0.9175
0.9178
0.9184
-
-","Technical IndicatorsJun 17, 2021 08:49PM GMT
Name
Value
Action
RSI(14)
77.375
Overbought
STOCH(9,6)
82.694
Overbought
STOCHRSI(14)
15.125
Oversold
MACD(12,26)
0.004
Buy
ADX(14)
43.783
Buy
Williams %R
-9.196
Overbought
CCI(14)
116.2537
Buy
ATR(14)
0.0017
High Volatility
Highs/Lows(14)
0.0015
Buy
Ultimate Oscillator
66.577
Buy
ROC
0.857
Buy
Bull/Bear Power(13)
0.0035
Buy
Buy: 7
Sell: 0
Neutral: 0


Summary:Strong Buy","Jun 17, 2021 08:49PM GMT"
nzd_chf,0.6430 +0.0026    +0.41%,16:51:42,2021-06-17 20:52:10.301900,"Prev. Close: 0.6404
Bid/Ask: 0.6429 / 0.6431
Day's Range: 0.6406 - 0.6453",Buy,"Summary:Buy
Moving Averages:BuyBuy (9)Sell (3)
Technical Indicators:BUYBuy (4)Sell (2)","Name
S3
S2
S1
Pivot Points
R1
R2
R3
Classic
0.6412
0.6417
0.6421
0.6426
0.6430
0.6435
0.6439
Fibonacci
0.6417
0.6420
0.6423
0.6426
0.6429
0.6432
0.6435
Camarilla
0.6422
0.6422
0.6423
0.6426
0.6425
0.6426
0.6426
Woodie's
0.6410
0.6416
0.6419
0.6425
0.6428
0.6434
0.6437
DeMark's
-
-
0.6418
0.6425
0.6428
-
-","Technical IndicatorsJun 17, 2021 08:51PM GMT
Name
Value
Action
RSI(14)
53.650
Neutral
STOCH(9,6)
59.075
Buy
STOCHRSI(14)
55.443
Buy
MACD(12,26)
0.000
Buy
ADX(14)
26.844
Buy
Williams %R
-47.312
Neutral
CCI(14)
0.1042
Neutral
ATR(14)
0.0012
Less Volatility
Highs/Lows(14)
0.0000
Neutral
Ultimate Oscillator
50.979
Neutral
ROC
-0.101
Sell
Bull/Bear Power(13)
-0.0006
Sell
Buy: 4
Sell: 2
Neutral: 5


Summary:BUY","Jun 17, 2021 08:51PM GMT"
usd_cny,6.4484 +0.0515    +0.80%,11:27:22,2021-06-17 20:52:10.304785,"Prev. Close: 6.3969
Bid/Ask: 6.4477 / 6.4490
Day's Range: 6.3972 - 6.4494",Strong Buy,"Summary:Strong Buy
Moving Averages:BuyBuy (12)Sell (0)
Technical Indicators:Strong BuyBuy (7)Sell (0)","Name
S3
S2
S1
Pivot Points
R1
R2
R3
Classic
6.4380
6.4399
6.4436
6.4455
6.4492
6.4511
6.4548
Fibonacci
6.4399
6.4420
6.4434
6.4455
6.4476
6.4490
6.4511
Camarilla
6.4458
6.4463
6.4468
6.4455
6.4479
6.4484
6.4489
Woodie's
6.4390
6.4404
6.4446
6.4460
6.4502
6.4516
6.4558
DeMark's
-
-
6.4446
6.4460
6.4502
-
-","Technical IndicatorsJun 17, 2021 03:34PM GMT
Name
Value
Action
RSI(14)
85.433
Overbought
STOCH(9,6)
77.649
Buy
STOCHRSI(14)
100.000
Overbought
MACD(12,26)
0.011
Buy
ADX(14)
61.337
Buy
Williams %R
-3.426
Overbought
CCI(14)
151.8010
Buy
ATR(14)
0.0041
Less Volatility
Highs/Lows(14)
0.0141
Buy
Ultimate Oscillator
82.973
Overbought
ROC
0.391
Buy
Bull/Bear Power(13)
0.0286
Buy
Buy: 7
Sell: 0
Neutral: 0


Summary:Strong Buy","Jun 17, 2021 03:34PM GMT"
usd_hkd,7.7643 +0.0013    +0.02%,16:51:28,2021-06-17 20:52:10.307662,"Prev. Close: 7.7630
Bid/Ask: 7.7642 / 7.7643
Day's Range: 7.7625 - 7.7656",Neutral,"Summary:Neutral
Moving Averages:BuyBuy (7)Sell (5)
Technical Indicators:NeutralBuy (2)Sell (2)","Name
S3
S2
S1
Pivot Points
R1
R2
R3
Classic
7.7647
7.7647
7.7649
7.7649
7.7650
7.7651
7.7652
Fibonacci
7.7647
7.7648
7.7648
7.7649
7.7650
7.7650
7.7651
Camarilla
7.7649
7.7649
7.7649
7.7649
7.7650
7.7650
7.7650
Woodie's
7.7647
7.7647
7.7649
7.7649
7.7650
7.7651
7.7652
DeMark's
-
-
7.7649
7.7649
7.7650
-
-","Technical IndicatorsJun 17, 2021 08:50PM GMT
Name
Value
Action
RSI(14)
52.829
Neutral
STOCH(9,6)
48.683
Neutral
STOCHRSI(14)
17.504
Oversold
MACD(12,26)
0.000
Buy
ADX(14)
40.015
Neutral
Williams %R
-63.162
Sell
CCI(14)
-31.1140
Neutral
ATR(14)
0.0009
Less Volatility
Highs/Lows(14)
0.0000
Neutral
Ultimate Oscillator
50.368
Neutral
ROC
-0.012
Sell
Bull/Bear Power(13)
0.0010
Buy
Buy: 2
Sell: 2
Neutral: 6


Summary:Neutral","Jun 17, 2021 08:50PM GMT"
eur_usd,1.1908 -0.0086    -0.72%,16:52:51,2021-06-17 20:53:10.736060,"Prev. Close: 1.1994
Bid/Ask: 1.1907 / 1.1908
Day's Range: 1.1892 - 1.2007",Strong Sell,"Summary:Strong Sell
Moving Averages:SellBuy (1)Sell (11)
Technical Indicators:Strong SellBuy (0)Sell (9)","Name
S3
S2
S1
Pivot Points
R1
R2
R3
Classic
1.1884
1.1892
1.1898
1.1906
1.1911
1.1920
1.1925
Fibonacci
1.1892
1.1898
1.1901
1.1906
1.1911
1.1914
1.1920
Camarilla
1.1898
1.1900
1.1901
1.1906
1.1903
1.1904
1.1906
Woodie's
1.1882
1.1891
1.1896
1.1905
1.1909
1.1919
1.1923
DeMark's
-
-
1.1895
1.1905
1.1908
-
-","Technical IndicatorsJun 17, 2021 08:51PM GMT
Name
Value
Action
RSI(14)
28.090
Sell
STOCH(9,6)
22.715
Sell
STOCHRSI(14)
100.000
Overbought
MACD(12,26)
-0.004
Sell
ADX(14)
43.723
Sell
Williams %R
-84.103
Oversold
CCI(14)
-122.6952
Sell
ATR(14)
0.0022
High Volatility
Highs/Lows(14)
-0.0011
Sell
Ultimate Oscillator
38.006
Sell
ROC
-0.663
Sell
Bull/Bear Power(13)
-0.0050
Sell
Buy: 0
Sell: 9
Neutral: 0


Summary:Strong Sell","Jun 17, 2021 08:51PM GMT"
gbp_usd,1.3926 -0.0062    -0.44%,16:52:44,2021-06-17 20:53:10.739878,"Prev. Close: 1.3987
Bid/Ask: 1.3924 / 1.3927
Day's Range: 1.3896 - 1.4010",Strong Sell,"Summary:Strong Sell
Moving Averages:SellBuy (2)Sell (10)
Technical Indicators:Strong SellBuy (0)Sell (10)","Name
S3
S2
S1
Pivot Points
R1
R2
R3
Classic
1.3904
1.3911
1.3916
1.3923
1.3929
1.3935
1.3941
Fibonacci
1.3911
1.3916
1.3918
1.3923
1.3928
1.3930
1.3935
Camarilla
1.3917
1.3918
1.3919
1.3923
1.3922
1.3923
1.3924
Woodie's
1.3902
1.3910
1.3914
1.3922
1.3927
1.3934
1.3939
DeMark's
-
-
1.3913
1.3921
1.3925
-
-","Technical IndicatorsJun 17, 2021 08:51PM GMT
Name
Value
Action
RSI(14)
36.185
Sell
STOCH(9,6)
27.629
Sell
STOCHRSI(14)
100.000
Overbought
MACD(12,26)
-0.003
Sell
ADX(14)
42.842
Sell
Williams %R
-72.249
Sell
CCI(14)
-73.7426
Sell
ATR(14)
0.0026
High Volatility
Highs/Lows(14)
-0.0006
Sell
Ultimate Oscillator
34.558
Sell
ROC
-0.493
Sell
Bull/Bear Power(13)
-0.0032
Sell
Buy: 0
Sell: 10
Neutral: 0


Summary:Strong Sell","Jun 17, 2021 08:51PM GMT"
usd_jpy,110.24 -0.45    -0.41%,16:52:35,2021-06-17 20:53:10.743035,"Prev. Close: 110.69
Bid/Ask: 110.23 / 110.25
Day's Range: 110.17 - 110.83",Strong Sell,"Summary:Strong Sell
Moving Averages:SellBuy (4)Sell (8)
Technical Indicators:Strong SellBuy (0)Sell (8)","Name
S3
S2
S1
Pivot Points
R1
R2
R3
Classic
110.18
110.22
110.24
110.28
110.31
110.34
110.37
Fibonacci
110.22
110.24
110.26
110.28
110.30
110.32
110.34
Camarilla
110.25
110.26
110.26
110.28
110.28
110.28
110.29
Woodie's
110.18
110.22
110.24
110.28
110.31
110.34
110.37
DeMark's
-
-
110.26
110.29
110.32
-
-","Technical IndicatorsJun 17, 2021 08:52PM GMT
Name
Value
Action
RSI(14)
40.824
Sell
STOCH(9,6)
15.774
Oversold
STOCHRSI(14)
9.327
Oversold
MACD(12,26)
-0.020
Sell
ADX(14)
35.299
Sell
Williams %R
-88.235
Oversold
CCI(14)
-79.9368
Sell
ATR(14)
0.1275
Less Volatility
Highs/Lows(14)
-0.1464
Sell
Ultimate Oscillator
40.286
Sell
ROC
-0.375
Sell
Bull/Bear Power(13)
-0.2360
Sell
Buy: 0
Sell: 8
Neutral: 0


Summary:Strong Sell","Jun 17, 2021 08:52PM GMT"
aud_usd,0.7551 -0.0059    -0.78%,16:52:51,2021-06-17 20:53:10.745978,"Prev. Close: 0.7610
Bid/Ask: 0.7550 / 0.7552
Day's Range: 0.7540 - 0.7646",Strong Sell,"Summary:Strong Sell
Moving Averages:SellBuy (1)Sell (11)
Technical Indicators:Strong SellBuy (0)Sell (8)","Name
S3
S2
S1
Pivot Points
R1
R2
R3
Classic
0.7533
0.7539
0.7543
0.7549
0.7553
0.7559
0.7562
Fibonacci
0.7539
0.7543
0.7545
0.7549
0.7553
0.7555
0.7559
Camarilla
0.7545
0.7546
0.7547
0.7549
0.7548
0.7549
0.7550
Woodie's
0.7533
0.7539
0.7543
0.7549
0.7553
0.7559
0.7562
DeMark's
-
-
0.7541
0.7548
0.7551
-
-","Technical IndicatorsJun 17, 2021 08:51PM GMT
Name
Value
Action
RSI(14)
27.976
Sell
STOCH(9,6)
17.843
Oversold
STOCHRSI(14)
80.884
Overbought
MACD(12,26)
-0.003
Sell
ADX(14)
54.197
Sell
Williams %R
-87.709
Oversold
CCI(14)
-90.7387
Sell
ATR(14)
0.0018
Less Volatility
Highs/Lows(14)
-0.0013
Sell
Ultimate Oscillator
35.030
Sell
ROC
-0.925
Sell
Bull/Bear Power(13)
-0.0041
Sell
Buy: 0
Sell: 8
Neutral: 0


Summary:Strong Sell","Jun 17, 2021 08:51PM GMT"
eur_gbp,0.8551 -0.0022    -0.26%,16:52:53,2021-06-17 20:53:10.748888,"Prev. Close: 0.8573
Bid/Ask: 0.8550 / 0.8552
Day's Range: 0.8542 - 0.8580",Strong Sell,"Summary:Strong Sell
Moving Averages:Strong SellBuy (0)Sell (12)
Technical Indicators:Strong SellBuy (2)Sell (8)","Name
S3
S2
S1
Pivot Points
R1
R2
R3
Classic
0.8538
0.8543
0.8547
0.8551
0.8555
0.8559
0.8563
Fibonacci
0.8543
0.8546
0.8548
0.8551
0.8554
0.8556
0.8559
Camarilla
0.8548
0.8549
0.8550
0.8551
0.8551
0.8552
0.8553
Woodie's
0.8538
0.8543
0.8547
0.8551
0.8555
0.8559
0.8563
DeMark's
-
-
0.8545
0.8550
0.8553
-
-","Technical IndicatorsJun 17, 2021 08:51PM GMT
Name
Value
Action
RSI(14)
34.785
Sell
STOCH(9,6)
41.605
Sell
STOCHRSI(14)
57.809
Buy
MACD(12,26)
-0.001
Sell
ADX(14)
43.306
Sell
Williams %R
-69.999
Sell
CCI(14)
-120.0172
Sell
ATR(14)
0.0011
High Volatility
Highs/Lows(14)
0.0000
Neutral
Ultimate Oscillator
55.072
Buy
ROC
-0.175
Sell
Bull/Bear Power(13)
-0.0020
Sell
Buy: 2
Sell: 8
Neutral: 1


Summary:Strong Sell","Jun 17, 2021 08:51PM GMT"
usd_cad,1.2353 +0.0077    +0.63%,16:52:48,2021-06-17 20:53:10.751768,"Prev. Close: 1.2276
Bid/Ask: 1.2351 / 1.2355
Day's Range: 1.2261 - 1.2378",Strong Buy,"Summary:Strong Buy
Moving Averages:Strong BuyBuy (11)Sell (1)
Technical Indicators:Strong BuyBuy (10)Sell (0)","Name
S3
S2
S1
Pivot Points
R1
R2
R3
Classic
1.2333
1.2339
1.2349
1.2356
1.2366
1.2373
1.2383
Fibonacci
1.2339
1.2346
1.2350
1.2356
1.2362
1.2366
1.2373
Camarilla
1.2354
1.2356
1.2357
1.2356
1.2361
1.2362
1.2364
Woodie's
1.2335
1.2340
1.2351
1.2357
1.2368
1.2374
1.2385
DeMark's
-
-
1.2352
1.2357
1.2369
-
-","Technical IndicatorsJun 17, 2021 08:51PM GMT
Name
Value
Action
RSI(14)
68.716
Buy
STOCH(9,6)
73.528
Buy
STOCHRSI(14)
19.860
Oversold
MACD(12,26)
0.003
Buy
ADX(14)
43.639
Buy
Williams %R
-23.288
Buy
CCI(14)
99.5485
Buy
ATR(14)
0.0026
High Volatility
Highs/Lows(14)
0.0007
Buy
Ultimate Oscillator
67.382
Buy
ROC
0.595
Buy
Bull/Bear Power(13)
0.0030
Buy
Buy: 10
Sell: 0
Neutral: 0


Summary:Strong Buy","Jun 17, 2021 08:51PM GMT"
usd_chf,0.9179 +0.0094    +1.03%,16:52:43,2021-06-17 20:53:10.754623,"Prev. Close: 0.9085
Bid/Ask: 0.9178 / 0.9179
Day's Range: 0.9076 - 0.9188",Strong Buy,"Summary:Strong Buy
Moving Averages:BuyBuy (12)Sell (0)
Technical Indicators:Strong BuyBuy (7)Sell (0)","Name
S3
S2
S1
Pivot Points
R1
R2
R3
Classic
0.9165
0.9168
0.9174
0.9177
0.9182
0.9186
0.9191
Fibonacci
0.9168
0.9171
0.9174
0.9177
0.9180
0.9183
0.9186
Camarilla
0.9176
0.9177
0.9178
0.9177
0.9179
0.9180
0.9181
Woodie's
0.9165
0.9168
0.9174
0.9177
0.9182
0.9186
0.9191
DeMark's
-
-
0.9175
0.9178
0.9184
-
-","Technical IndicatorsJun 17, 2021 08:51PM GMT
Name
Value
Action
RSI(14)
77.273
Overbought
STOCH(9,6)
82.540
Overbought
STOCHRSI(14)
14.223
Oversold
MACD(12,26)
0.004
Buy
ADX(14)
43.783
Buy
Williams %R
-9.770
Overbought
CCI(14)
115.6213
Buy
ATR(14)
0.0017
High Volatility
Highs/Lows(14)
0.0015
Buy
Ultimate Oscillator
66.232
Buy
ROC
0.851
Buy
Bull/Bear Power(13)
0.0035
Buy
Buy: 7
Sell: 0
Neutral: 0


Summary:Strong Buy","Jun 17, 2021 08:51PM GMT"
nzd_chf,0.6430 +0.0026    +0.40%,16:52:43,2021-06-17 20:53:10.757476,"Prev. Close: 0.6404
Bid/Ask: 0.6427 / 0.6432
Day's Range: 0.6406 - 0.6453",Buy,"Summary:Buy
Moving Averages:BuyBuy (9)Sell (3)
Technical Indicators:BUYBuy (4)Sell (2)","Name
S3
S2
S1
Pivot Points
R1
R2
R3
Classic
0.6412
0.6417
0.6421
0.6426
0.6430
0.6435
0.6439
Fibonacci
0.6417
0.6420
0.6423
0.6426
0.6429
0.6432
0.6435
Camarilla
0.6422
0.6422
0.6423
0.6426
0.6425
0.6426
0.6426
Woodie's
0.6410
0.6416
0.6419
0.6425
0.6428
0.6434
0.6437
DeMark's
-
-
0.6418
0.6425
0.6428
-
-","Technical IndicatorsJun 17, 2021 08:51PM GMT
Name
Value
Action
RSI(14)
53.650
Neutral
STOCH(9,6)
59.075
Buy
STOCHRSI(14)
55.443
Buy
MACD(12,26)
0.000
Buy
ADX(14)
26.844
Buy
Williams %R
-47.312
Neutral
CCI(14)
0.1042
Neutral
ATR(14)
0.0012
Less Volatility
Highs/Lows(14)
0.0000
Neutral
Ultimate Oscillator
50.979
Neutral
ROC
-0.101
Sell
Bull/Bear Power(13)
-0.0006
Sell
Buy: 4
Sell: 2
Neutral: 5


Summary:BUY","Jun 17, 2021 08:51PM GMT"
usd_cny,6.4484 +0.0515    +0.80%,11:27:22,2021-06-17 20:53:10.760347,"Prev. Close: 6.3969
Bid/Ask: 6.4477 / 6.4490
Day's Range: 6.3972 - 6.4494",Strong Buy,"Summary:Strong Buy
Moving Averages:BuyBuy (12)Sell (0)
Technical Indicators:Strong BuyBuy (7)Sell (0)","Name
S3
S2
S1
Pivot Points
R1
R2
R3
Classic
6.4380
6.4399
6.4436
6.4455
6.4492
6.4511
6.4548
Fibonacci
6.4399
6.4420
6.4434
6.4455
6.4476
6.4490
6.4511
Camarilla
6.4458
6.4463
6.4468
6.4455
6.4479
6.4484
6.4489
Woodie's
6.4390
6.4404
6.4446
6.4460
6.4502
6.4516
6.4558
DeMark's
-
-
6.4446
6.4460
6.4502
-
-","Technical IndicatorsJun 17, 2021 03:34PM GMT
Name
Value
Action
RSI(14)
85.433
Overbought
STOCH(9,6)
77.649
Buy
STOCHRSI(14)
100.000
Overbought
MACD(12,26)
0.011
Buy
ADX(14)
61.337
Buy
Williams %R
-3.426
Overbought
CCI(14)
151.8010
Buy
ATR(14)
0.0041
Less Volatility
Highs/Lows(14)
0.0141
Buy
Ultimate Oscillator
82.973
Overbought
ROC
0.391
Buy
Bull/Bear Power(13)
0.0286
Buy
Buy: 7
Sell: 0
Neutral: 0


Summary:Strong Buy","Jun 17, 2021 03:34PM GMT"
usd_hkd,7.7644 +0.0014    +0.02%,16:52:44,2021-06-17 20:53:10.763228,"Prev. Close: 7.7630
Bid/Ask: 7.7643 / 7.7644
Day's Range: 7.7625 - 7.7656",Neutral,"Summary:Neutral
Moving Averages:BuyBuy (7)Sell (5)
Technical Indicators:NeutralBuy (2)Sell (2)","Name
S3
S2
S1
Pivot Points
R1
R2
R3
Classic
7.7647
7.7647
7.7649
7.7649
7.7650
7.7651
7.7652
Fibonacci
7.7647
7.7648
7.7648
7.7649
7.7650
7.7650
7.7651
Camarilla
7.7649
7.7649
7.7649
7.7649
7.7650
7.7650
7.7650
Woodie's
7.7647
7.7647
7.7649
7.7649
7.7650
7.7651
7.7652
DeMark's
-
-
7.7649
7.7649
7.7650
-
-","Technical IndicatorsJun 17, 2021 08:52PM GMT
Name
Value
Action
RSI(14)
52.829
Neutral
STOCH(9,6)
48.683
Neutral
STOCHRSI(14)
17.504
Oversold
MACD(12,26)
0.000
Buy
ADX(14)
40.015
Neutral
Williams %R
-63.162
Sell
CCI(14)
-31.1140
Neutral
ATR(14)
0.0009
Less Volatility
Highs/Lows(14)
0.0000
Neutral
Ultimate Oscillator
50.368
Neutral
ROC
-0.012
Sell
Bull/Bear Power(13)
0.0010
Buy
Buy: 2
Sell: 2
Neutral: 6


Summary:Neutral","Jun 17, 2021 08:52PM GMT"
eur_usd,1.1908 -0.0086    -0.72%,16:53:33,2021-06-17 20:54:11.331032,"Prev. Close: 1.1994
Bid/Ask: 1.1907 / 1.1908
Day's Range: 1.1892 - 1.2007",Strong Sell,"Summary:Strong Sell
Moving Averages:SellBuy (1)Sell (11)
Technical Indicators:Strong SellBuy (0)Sell (9)","Name
S3
S2
S1
Pivot Points
R1
R2
R3
Classic
1.1884
1.1892
1.1898
1.1906
1.1911
1.1920
1.1925
Fibonacci
1.1892
1.1898
1.1901
1.1906
1.1911
1.1914
1.1920
Camarilla
1.1898
1.1900
1.1901
1.1906
1.1903
1.1904
1.1906
Woodie's
1.1882
1.1891
1.1896
1.1905
1.1909
1.1919
1.1923
DeMark's
-
-
1.1895
1.1905
1.1908
-
-","Technical IndicatorsJun 17, 2021 08:51PM GMT
Name
Value
Action
RSI(14)
28.090
Sell
STOCH(9,6)
22.715
Sell
STOCHRSI(14)
100.000
Overbought
MACD(12,26)
-0.004
Sell
ADX(14)
43.723
Sell
Williams %R
-84.103
Oversold
CCI(14)
-122.6952
Sell
ATR(14)
0.0022
High Volatility
Highs/Lows(14)
-0.0011
Sell
Ultimate Oscillator
38.006
Sell
ROC
-0.663
Sell
Bull/Bear Power(13)
-0.0050
Sell
Buy: 0
Sell: 9
Neutral: 0


Summary:Strong Sell","Jun 17, 2021 08:51PM GMT"
gbp_usd,1.3926 -0.0062    -0.44%,16:53:36,2021-06-17 20:54:11.334912,"Prev. Close: 1.3987
Bid/Ask: 1.3924 / 1.3927
Day's Range: 1.3896 - 1.4010",Strong Sell,"Summary:Strong Sell
Moving Averages:SellBuy (2)Sell (10)
Technical Indicators:Strong SellBuy (0)Sell (10)","Name
S3
S2
S1
Pivot Points
R1
R2
R3
Classic
1.3904
1.3911
1.3916
1.3923
1.3929
1.3935
1.3941
Fibonacci
1.3911
1.3916
1.3918
1.3923
1.3928
1.3930
1.3935
Camarilla
1.3917
1.3918
1.3919
1.3923
1.3922
1.3923
1.3924
Woodie's
1.3902
1.3910
1.3914
1.3922
1.3927
1.3934
1.3939
DeMark's
-
-
1.3913
1.3921
1.3925
-
-","Technical IndicatorsJun 17, 2021 08:53PM GMT
Name
Value
Action
RSI(14)
36.368
Sell
STOCH(9,6)
27.754
Sell
STOCHRSI(14)
100.000
Overbought
MACD(12,26)
-0.003
Sell
ADX(14)
42.842
Sell
Williams %R
-71.771
Sell
CCI(14)
-73.2426
Sell
ATR(14)
0.0026
High Volatility
Highs/Lows(14)
-0.0005
Sell
Ultimate Oscillator
34.792
Sell
ROC
-0.489
Sell
Bull/Bear Power(13)
-0.0032
Sell
Buy: 0
Sell: 10
Neutral: 0


Summary:Strong Sell","Jun 17, 2021 08:53PM GMT"
usd_jpy,110.24 -0.46    -0.41%,16:53:44,2021-06-17 20:54:11.337878,"Prev. Close: 110.69
Bid/Ask: 110.23 / 110.24
Day's Range: 110.17 - 110.83",Strong Sell,"Summary:Strong Sell
Moving Averages:SellBuy (4)Sell (8)
Technical Indicators:Strong SellBuy (0)Sell (8)","Name
S3
S2
S1
Pivot Points
R1
R2
R3
Classic
110.18
110.22
110.24
110.28
110.31
110.34
110.37
Fibonacci
110.22
110.24
110.26
110.28
110.30
110.32
110.34
Camarilla
110.25
110.26
110.26
110.28
110.28
110.28
110.29
Woodie's
110.18
110.22
110.24
110.28
110.31
110.34
110.37
DeMark's
-
-
110.26
110.29
110.32
-
-","Technical IndicatorsJun 17, 2021 08:53PM GMT
Name
Value
Action
RSI(14)
40.598
Sell
STOCH(9,6)
15.621
Oversold
STOCHRSI(14)
8.503
Oversold
MACD(12,26)
-0.020
Sell
ADX(14)
35.501
Sell
Williams %R
-89.075
Oversold
CCI(14)
-81.0476
Sell
ATR(14)
0.1279
Less Volatility
Highs/Lows(14)
-0.1511
Sell
Ultimate Oscillator
40.122
Sell
ROC
-0.380
Sell
Bull/Bear Power(13)
-0.2390
Sell
Buy: 0
Sell: 8
Neutral: 0


Summary:Strong Sell","Jun 17, 2021 08:53PM GMT"
aud_usd,0.7551 -0.0059    -0.78%,16:53:35,2021-06-17 20:54:11.340781,"Prev. Close: 0.7610
Bid/Ask: 0.7550 / 0.7552
Day's Range: 0.7540 - 0.7646",Strong Sell,"Summary:Strong Sell
Moving Averages:SellBuy (1)Sell (11)
Technical Indicators:Strong SellBuy (0)Sell (8)","Name
S3
S2
S1
Pivot Points
R1
R2
R3
Classic
0.7533
0.7539
0.7543
0.7549
0.7553
0.7559
0.7562
Fibonacci
0.7539
0.7543
0.7545
0.7549
0.7553
0.7555
0.7559
Camarilla
0.7545
0.7546
0.7547
0.7549
0.7548
0.7549
0.7550
Woodie's
0.7533
0.7539
0.7543
0.7549
0.7553
0.7559
0.7562
DeMark's
-
-
0.7541
0.7548
0.7551
-
-","Technical IndicatorsJun 17, 2021 08:53PM GMT
Name
Value
Action
RSI(14)
28.310
Sell
STOCH(9,6)
18.002
Oversold
STOCHRSI(14)
83.629
Overbought
MACD(12,26)
-0.003
Sell
ADX(14)
54.197
Sell
Williams %R
-87.151
Oversold
CCI(14)
-90.2127
Sell
ATR(14)
0.0018
Less Volatility
Highs/Lows(14)
-0.0012
Sell
Ultimate Oscillator
35.402
Sell
ROC
-0.919
Sell
Bull/Bear Power(13)
-0.0041
Sell
Buy: 0
Sell: 8
Neutral: 0


Summary:Strong Sell","Jun 17, 2021 08:53PM GMT"
eur_gbp,0.8551 -0.0022    -0.26%,16:53:40,2021-06-17 20:54:11.343673,"Prev. Close: 0.8573
Bid/Ask: 0.8550 / 0.8552
Day's Range: 0.8542 - 0.8580",Strong Sell,"Summary:Strong Sell
Moving Averages:Strong SellBuy (0)Sell (12)
Technical Indicators:Strong SellBuy (2)Sell (8)","Name
S3
S2
S1
Pivot Points
R1
R2
R3
Classic
0.8538
0.8543
0.8547
0.8551
0.8555
0.8559
0.8563
Fibonacci
0.8543
0.8546
0.8548
0.8551
0.8554
0.8556
0.8559
Camarilla
0.8548
0.8549
0.8550
0.8551
0.8551
0.8552
0.8553
Woodie's
0.8538
0.8543
0.8547
0.8551
0.8555
0.8559
0.8563
DeMark's
-
-
0.8545
0.8550
0.8553
-
-","Technical IndicatorsJun 17, 2021 08:53PM GMT
Name
Value
Action
RSI(14)
36.017
Sell
STOCH(9,6)
42.222
Sell
STOCHRSI(14)
63.155
Buy
MACD(12,26)
-0.001
Sell
ADX(14)
43.306
Sell
Williams %R
-66.667
Sell
CCI(14)
-114.7087
Sell
ATR(14)
0.0011
High Volatility
Highs/Lows(14)
0.0000
Neutral
Ultimate Oscillator
56.258
Buy
ROC
-0.163
Sell
Bull/Bear Power(13)
-0.0020
Sell
Buy: 2
Sell: 8
Neutral: 1


Summary:Strong Sell","Jun 17, 2021 08:53PM GMT"
usd_cad,1.2353 +0.0077    +0.63%,16:53:36,2021-06-17 20:54:11.346528,"Prev. Close: 1.2276
Bid/Ask: 1.2351 / 1.2355
Day's Range: 1.2261 - 1.2378",Strong Buy,"Summary:Strong Buy
Moving Averages:BuyBuy (12)Sell (0)
Technical Indicators:Strong BuyBuy (10)Sell (1)","Name
S3
S2
S1
Pivot Points
R1
R2
R3
Classic
1.2333
1.2339
1.2349
1.2356
1.2366
1.2373
1.2383
Fibonacci
1.2339
1.2346
1.2350
1.2356
1.2362
1.2366
1.2373
Camarilla
1.2354
1.2356
1.2357
1.2356
1.2361
1.2362
1.2364
Woodie's
1.2335
1.2340
1.2351
1.2357
1.2368
1.2374
1.2385
DeMark's
-
-
1.2352
1.2357
1.2369
-
-","Technical IndicatorsJun 17, 2021 08:53PM GMT
Name
Value
Action
RSI(14)
70.516
Buy
STOCH(9,6)
74.235
Buy
STOCHRSI(14)
33.436
Sell
MACD(12,26)
0.003
Buy
ADX(14)
43.639
Buy
Williams %R
-20.091
Buy
CCI(14)
103.5417
Buy
ATR(14)
0.0026
High Volatility
Highs/Lows(14)
0.0011
Buy
Ultimate Oscillator
68.973
Buy
ROC
0.623
Buy
Bull/Bear Power(13)
0.0030
Buy
Buy: 10
Sell: 1
Neutral: 0


Summary:Strong Buy","Jun 17, 2021 08:53PM GMT"
usd_chf,0.9178 +0.0092    +1.02%,16:53:32,2021-06-17 20:54:11.349390,"Prev. Close: 0.9085
Bid/Ask: 0.9177 / 0.9178
Day's Range: 0.9076 - 0.9188",Strong Buy,"Summary:Strong Buy
Moving Averages:Strong BuyBuy (11)Sell (1)
Technical Indicators:Strong BuyBuy (7)Sell (0)","Name
S3
S2
S1
Pivot Points
R1
R2
R3
Classic
0.9165
0.9168
0.9174
0.9177
0.9182
0.9186
0.9191
Fibonacci
0.9168
0.9171
0.9174
0.9177
0.9180
0.9183
0.9186
Camarilla
0.9176
0.9177
0.9178
0.9177
0.9179
0.9180
0.9181
Woodie's
0.9165
0.9168
0.9174
0.9177
0.9182
0.9186
0.9191
DeMark's
-
-
0.9175
0.9178
0.9184
-
-","Technical IndicatorsJun 17, 2021 08:53PM GMT
Name
Value
Action
RSI(14)
76.376
Overbought
STOCH(9,6)
81.923
Overbought
STOCHRSI(14)
6.289
Oversold
MACD(12,26)
0.004
Buy
ADX(14)
43.783
Buy
Williams %R
-12.069
Overbought
CCI(14)
113.0824
Buy
ATR(14)
0.0017
High Volatility
Highs/Lows(14)
0.0013
Buy
Ultimate Oscillator
64.851
Buy
ROC
0.829
Buy
Bull/Bear Power(13)
0.0035
Buy
Buy: 7
Sell: 0
Neutral: 0


Summary:Strong Buy","Jun 17, 2021 08:53PM GMT"
nzd_chf,0.6429 +0.0024    +0.38%,16:53:42,2021-06-17 20:54:11.352268,"Prev. Close: 0.6404
Bid/Ask: 0.6425 / 0.6432
Day's Range: 0.6406 - 0.6453",Buy,"Summary:Buy
Moving Averages:BuyBuy (9)Sell (3)
Technical Indicators:BUYBuy (3)Sell (2)","Name
S3
S2
S1
Pivot Points
R1
R2
R3
Classic
0.6412
0.6417
0.6421
0.6426
0.6430
0.6435
0.6439
Fibonacci
0.6417
0.6420
0.6423
0.6426
0.6429
0.6432
0.6435
Camarilla
0.6422
0.6422
0.6423
0.6426
0.6425
0.6426
0.6426
Woodie's
0.6410
0.6416
0.6419
0.6425
0.6428
0.6434
0.6437
DeMark's
-
-
0.6418
0.6425
0.6428
-
-","Technical IndicatorsJun 17, 2021 08:53PM GMT
Name
Value
Action
RSI(14)
52.651
Neutral
STOCH(9,6)
58.094
Buy
STOCHRSI(14)
51.614
Neutral
MACD(12,26)
0.000
Buy
ADX(14)
26.844
Buy
Williams %R
-50.538
Neutral
CCI(14)
-4.2759
Neutral
ATR(14)
0.0012
Less Volatility
Highs/Lows(14)
0.0000
Neutral
Ultimate Oscillator
49.300
Neutral
ROC
-0.124
Sell
Bull/Bear Power(13)
-0.0006
Sell
Buy: 3
Sell: 2
Neutral: 6


Summary:BUY","Jun 17, 2021 08:53PM GMT"
usd_cny,6.4484 +0.0515    +0.80%,11:27:22,2021-06-17 20:54:11.355141,"Prev. Close: 6.3969
Bid/Ask: 6.4477 / 6.4490
Day's Range: 6.3972 - 6.4494",Strong Buy,"Summary:Strong Buy
Moving Averages:BuyBuy (12)Sell (0)
Technical Indicators:Strong BuyBuy (7)Sell (0)","Name
S3
S2
S1
Pivot Points
R1
R2
R3
Classic
6.4380
6.4399
6.4436
6.4455
6.4492
6.4511
6.4548
Fibonacci
6.4399
6.4420
6.4434
6.4455
6.4476
6.4490
6.4511
Camarilla
6.4458
6.4463
6.4468
6.4455
6.4479
6.4484
6.4489
Woodie's
6.4390
6.4404
6.4446
6.4460
6.4502
6.4516
6.4558
DeMark's
-
-
6.4446
6.4460
6.4502
-
-","Technical IndicatorsJun 17, 2021 03:34PM GMT
Name
Value
Action
RSI(14)
85.433
Overbought
STOCH(9,6)
77.649
Buy
STOCHRSI(14)
100.000
Overbought
MACD(12,26)
0.011
Buy
ADX(14)
61.337
Buy
Williams %R
-3.426
Overbought
CCI(14)
151.8010
Buy
ATR(14)
0.0041
Less Volatility
Highs/Lows(14)
0.0141
Buy
Ultimate Oscillator
82.973
Overbought
ROC
0.391
Buy
Bull/Bear Power(13)
0.0286
Buy
Buy: 7
Sell: 0
Neutral: 0


Summary:Strong Buy","Jun 17, 2021 03:34PM GMT"
usd_hkd,7.7643 +0.0013    +0.02%,16:53:28,2021-06-17 20:54:11.357991,"Prev. Close: 7.7630
Bid/Ask: 7.7642 / 7.7643
Day's Range: 7.7625 - 7.7656",Neutral,"Summary:Neutral
Moving Averages:BuyBuy (7)Sell (5)
Technical Indicators:NeutralBuy (2)Sell (2)","Name
S3
S2
S1
Pivot Points
R1
R2
R3
Classic
7.7647
7.7647
7.7649
7.7649
7.7650
7.7651
7.7652
Fibonacci
7.7647
7.7648
7.7648
7.7649
7.7650
7.7650
7.7651
Camarilla
7.7649
7.7649
7.7649
7.7649
7.7650
7.7650
7.7650
Woodie's
7.7647
7.7647
7.7649
7.7649
7.7650
7.7651
7.7652
DeMark's
-
-
7.7649
7.7649
7.7650
-
-","Technical IndicatorsJun 17, 2021 08:54PM GMT
Name
Value
Action
RSI(14)
52.829
Neutral
STOCH(9,6)
48.683
Neutral
STOCHRSI(14)
17.504
Oversold
MACD(12,26)
0.000
Buy
ADX(14)
40.015
Neutral
Williams %R
-63.162
Sell
CCI(14)
-31.1140
Neutral
ATR(14)
0.0009
Less Volatility
Highs/Lows(14)
0.0000
Neutral
Ultimate Oscillator
50.368
Neutral
ROC
-0.012
Sell
Bull/Bear Power(13)
0.0010
Buy
Buy: 2
Sell: 2
Neutral: 6


Summary:Neutral","Jun 17, 2021 08:54PM GMT"
eur_usd,1.1907 -0.0088    -0.73%,16:54:46,2021-06-17 20:55:11.145768,"Prev. Close: 1.1994
Bid/Ask: 1.1906 / 1.1907
Day's Range: 1.1892 - 1.2007",Strong Sell,"Summary:Strong Sell
Moving Averages:SellBuy (1)Sell (11)
Technical Indicators:Strong SellBuy (0)Sell (9)","Name
S3
S2
S1
Pivot Points
R1
R2
R3
Classic
1.1884
1.1892
1.1898
1.1906
1.1911
1.1920
1.1925
Fibonacci
1.1892
1.1898
1.1901
1.1906
1.1911
1.1914
1.1920
Camarilla
1.1898
1.1900
1.1901
1.1906
1.1903
1.1904
1.1906
Woodie's
1.1882
1.1891
1.1896
1.1905
1.1909
1.1919
1.1923
DeMark's
-
-
1.1895
1.1905
1.1908
-
-","Technical IndicatorsJun 17, 2021 08:53PM GMT
Name
Value
Action
RSI(14)
28.342
Sell
STOCH(9,6)
22.856
Sell
STOCHRSI(14)
100.000
Overbought
MACD(12,26)
-0.004
Sell
ADX(14)
43.723
Sell
Williams %R
-83.591
Oversold
CCI(14)
-122.0661
Sell
ATR(14)
0.0022
High Volatility
Highs/Lows(14)
-0.0011
Sell
Ultimate Oscillator
38.277
Sell
ROC
-0.659
Sell
Bull/Bear Power(13)
-0.0050
Sell
Buy: 0
Sell: 9
Neutral: 0


Summary:Strong Sell","Jun 17, 2021 08:53PM GMT"
gbp_usd,1.3926 -0.0061    -0.44%,16:54:44,2021-06-17 20:55:11.149572,"Prev. Close: 1.3987
Bid/Ask: 1.3924 / 1.3928
Day's Range: 1.3896 - 1.4010",Strong Sell,"Summary:Strong Sell
Moving Averages:SellBuy (2)Sell (10)
Technical Indicators:Strong SellBuy (0)Sell (10)","Name
S3
S2
S1
Pivot Points
R1
R2
R3
Classic
1.3904
1.3911
1.3916
1.3923
1.3929
1.3935
1.3941
Fibonacci
1.3911
1.3916
1.3918
1.3923
1.3928
1.3930
1.3935
Camarilla
1.3917
1.3918
1.3919
1.3923
1.3922
1.3923
1.3924
Woodie's
1.3902
1.3910
1.3914
1.3922
1.3927
1.3934
1.3939
DeMark's
-
-
1.3913
1.3921
1.3925
-
-","Technical IndicatorsJun 17, 2021 08:53PM GMT
Name
Value
Action
RSI(14)
36.368
Sell
STOCH(9,6)
27.754
Sell
STOCHRSI(14)
100.000
Overbought
MACD(12,26)
-0.003
Sell
ADX(14)
42.842
Sell
Williams %R
-71.771
Sell
CCI(14)
-73.2426
Sell
ATR(14)
0.0026
High Volatility
Highs/Lows(14)
-0.0005
Sell
Ultimate Oscillator
34.792
Sell
ROC
-0.489
Sell
Bull/Bear Power(13)
-0.0032
Sell
Buy: 0
Sell: 10
Neutral: 0


Summary:Strong Sell","Jun 17, 2021 08:53PM GMT"
usd_jpy,110.24 -0.46    -0.41%,16:54:36,2021-06-17 20:55:11.152619,"Prev. Close: 110.69
Bid/Ask: 110.23 / 110.24
Day's Range: 110.17 - 110.83",Strong Sell,"Summary:Strong Sell
Moving Averages:SellBuy (4)Sell (8)
Technical Indicators:Strong SellBuy (0)Sell (8)","Name
S3
S2
S1
Pivot Points
R1
R2
R3
Classic
110.18
110.22
110.24
110.28
110.31
110.34
110.37
Fibonacci
110.22
110.24
110.26
110.28
110.30
110.32
110.34
Camarilla
110.25
110.26
110.26
110.28
110.28
110.28
110.29
Woodie's
110.18
110.22
110.24
110.28
110.31
110.34
110.37
DeMark's
-
-
110.26
110.29
110.32
-
-","Technical IndicatorsJun 17, 2021 08:53PM GMT
Name
Value
Action
RSI(14)
40.598
Sell
STOCH(9,6)
15.621
Oversold
STOCHRSI(14)
8.503
Oversold
MACD(12,26)
-0.020
Sell
ADX(14)
35.501
Sell
Williams %R
-89.075
Oversold
CCI(14)
-81.0476
Sell
ATR(14)
0.1279
Less Volatility
Highs/Lows(14)
-0.1511
Sell
Ultimate Oscillator
40.122
Sell
ROC
-0.380
Sell
Bull/Bear Power(13)
-0.2390
Sell
Buy: 0
Sell: 8
Neutral: 0


Summary:Strong Sell","Jun 17, 2021 08:53PM GMT"
aud_usd,0.7551 -0.0059    -0.78%,16:54:53,2021-06-17 20:55:11.155538,"Prev. Close: 0.7610
Bid/Ask: 0.7550 / 0.7552
Day's Range: 0.7540 - 0.7646",Strong Sell,"Summary:Strong Sell
Moving Averages:SellBuy (1)Sell (11)
Technical Indicators:Strong SellBuy (0)Sell (8)","Name
S3
S2
S1
Pivot Points
R1
R2
R3
Classic
0.7533
0.7539
0.7543
0.7549
0.7553
0.7559
0.7562
Fibonacci
0.7539
0.7543
0.7545
0.7549
0.7553
0.7555
0.7559
Camarilla
0.7545
0.7546
0.7547
0.7549
0.7548
0.7549
0.7550
Woodie's
0.7533
0.7539
0.7543
0.7549
0.7553
0.7559
0.7562
DeMark's
-
-
0.7541
0.7548
0.7551
-
-","Technical IndicatorsJun 17, 2021 08:53PM GMT
Name
Value
Action
RSI(14)
28.310
Sell
STOCH(9,6)
18.002
Oversold
STOCHRSI(14)
83.629
Overbought
MACD(12,26)
-0.003
Sell
ADX(14)
54.197
Sell
Williams %R
-87.151
Oversold
CCI(14)
-90.2127
Sell
ATR(14)
0.0018
Less Volatility
Highs/Lows(14)
-0.0012
Sell
Ultimate Oscillator
35.402
Sell
ROC
-0.919
Sell
Bull/Bear Power(13)
-0.0041
Sell
Buy: 0
Sell: 8
Neutral: 0


Summary:Strong Sell","Jun 17, 2021 08:53PM GMT"
eur_gbp,0.8550 -0.0024    -0.27%,16:54:52,2021-06-17 20:55:11.158398,"Prev. Close: 0.8573
Bid/Ask: 0.8549 / 0.8550
Day's Range: 0.8542 - 0.8580",Strong Sell,"Summary:Strong Sell
Moving Averages:Strong SellBuy (0)Sell (12)
Technical Indicators:Strong SellBuy (2)Sell (8)","Name
S3
S2
S1
Pivot Points
R1
R2
R3
Classic
0.8538
0.8543
0.8547
0.8551
0.8555
0.8559
0.8563
Fibonacci
0.8543
0.8546
0.8548
0.8551
0.8554
0.8556
0.8559
Camarilla
0.8548
0.8549
0.8550
0.8551
0.8551
0.8552
0.8553
Woodie's
0.8538
0.8543
0.8547
0.8551
0.8555
0.8559
0.8563
DeMark's
-
-
0.8545
0.8550
0.8553
-
-","Technical IndicatorsJun 17, 2021 08:53PM GMT
Name
Value
Action
RSI(14)
36.017
Sell
STOCH(9,6)
42.222
Sell
STOCHRSI(14)
63.155
Buy
MACD(12,26)
-0.001
Sell
ADX(14)
43.306
Sell
Williams %R
-66.667
Sell
CCI(14)
-114.7087
Sell
ATR(14)
0.0011
High Volatility
Highs/Lows(14)
0.0000
Neutral
Ultimate Oscillator
56.258
Buy
ROC
-0.163
Sell
Bull/Bear Power(13)
-0.0020
Sell
Buy: 2
Sell: 8
Neutral: 1


Summary:Strong Sell","Jun 17, 2021 08:53PM GMT"
usd_cad,1.2354 +0.0078    +0.64%,16:54:49,2021-06-17 20:55:11.161283,"Prev. Close: 1.2276
Bid/Ask: 1.2352 / 1.2356
Day's Range: 1.2261 - 1.2378",Strong Buy,"Summary:Strong Buy
Moving Averages:BuyBuy (12)Sell (0)
Technical Indicators:Strong BuyBuy (10)Sell (1)","Name
S3
S2
S1
Pivot Points
R1
R2
R3
Classic
1.2333
1.2339
1.2349
1.2356
1.2366
1.2373
1.2383
Fibonacci
1.2339
1.2346
1.2350
1.2356
1.2362
1.2366
1.2373
Camarilla
1.2354
1.2356
1.2357
1.2356
1.2361
1.2362
1.2364
Woodie's
1.2335
1.2340
1.2351
1.2357
1.2368
1.2374
1.2385
DeMark's
-
-
1.2352
1.2357
1.2369
-
-","Technical IndicatorsJun 17, 2021 08:53PM GMT
Name
Value
Action
RSI(14)
70.516
Buy
STOCH(9,6)
74.235
Buy
STOCHRSI(14)
33.436
Sell
MACD(12,26)
0.003
Buy
ADX(14)
43.639
Buy
Williams %R
-20.091
Buy
CCI(14)
103.5417
Buy
ATR(14)
0.0026
High Volatility
Highs/Lows(14)
0.0011
Buy
Ultimate Oscillator
68.973
Buy
ROC
0.623
Buy
Bull/Bear Power(13)
0.0030
Buy
Buy: 10
Sell: 1
Neutral: 0


Summary:Strong Buy","Jun 17, 2021 08:53PM GMT"
usd_chf,0.9179 +0.0094    +1.03%,16:54:47,2021-06-17 20:55:11.164174,"Prev. Close: 0.9085
Bid/Ask: 0.9178 / 0.9179
Day's Range: 0.9076 - 0.9188",Strong Buy,"Summary:Strong Buy
Moving Averages:Strong BuyBuy (11)Sell (1)
Technical Indicators:Strong BuyBuy (7)Sell (0)","Name
S3
S2
S1
Pivot Points
R1
R2
R3
Classic
0.9165
0.9168
0.9174
0.9177
0.9182
0.9186
0.9191
Fibonacci
0.9168
0.9171
0.9174
0.9177
0.9180
0.9183
0.9186
Camarilla
0.9176
0.9177
0.9178
0.9177
0.9179
0.9180
0.9181
Woodie's
0.9165
0.9168
0.9174
0.9177
0.9182
0.9186
0.9191
DeMark's
-
-
0.9175
0.9178
0.9184
-
-","Technical IndicatorsJun 17, 2021 08:53PM GMT
Name
Value
Action
RSI(14)
76.376
Overbought
STOCH(9,6)
81.923
Overbought
STOCHRSI(14)
6.289
Oversold
MACD(12,26)
0.004
Buy
ADX(14)
43.783
Buy
Williams %R
-12.069
Overbought
CCI(14)
113.0824
Buy
ATR(14)
0.0017
High Volatility
Highs/Lows(14)
0.0013
Buy
Ultimate Oscillator
64.851
Buy
ROC
0.829
Buy
Bull/Bear Power(13)
0.0035
Buy
Buy: 7
Sell: 0
Neutral: 0


Summary:Strong Buy","Jun 17, 2021 08:53PM GMT"
nzd_chf,0.6430 +0.0026    +0.40%,16:54:54,2021-06-17 20:55:11.167045,"Prev. Close: 0.6404
Bid/Ask: 0.6427 / 0.6432
Day's Range: 0.6406 - 0.6453",Buy,"Summary:Buy
Moving Averages:BuyBuy (9)Sell (3)
Technical Indicators:BUYBuy (3)Sell (2)","Name
S3
S2
S1
Pivot Points
R1
R2
R3
Classic
0.6412
0.6417
0.6421
0.6426
0.6430
0.6435
0.6439
Fibonacci
0.6417
0.6420
0.6423
0.6426
0.6429
0.6432
0.6435
Camarilla
0.6422
0.6422
0.6423
0.6426
0.6425
0.6426
0.6426
Woodie's
0.6410
0.6416
0.6419
0.6425
0.6428
0.6434
0.6437
DeMark's
-
-
0.6418
0.6425
0.6428
-
-","Technical IndicatorsJun 17, 2021 08:53PM GMT
Name
Value
Action
RSI(14)
52.651
Neutral
STOCH(9,6)
58.094
Buy
STOCHRSI(14)
51.614
Neutral
MACD(12,26)
0.000
Buy
ADX(14)
26.844
Buy
Williams %R
-50.538
Neutral
CCI(14)
-4.2759
Neutral
ATR(14)
0.0012
Less Volatility
Highs/Lows(14)
0.0000
Neutral
Ultimate Oscillator
49.300
Neutral
ROC
-0.124
Sell
Bull/Bear Power(13)
-0.0006
Sell
Buy: 3
Sell: 2
Neutral: 6


Summary:BUY","Jun 17, 2021 08:53PM GMT"
usd_cny,6.4484 +0.0515    +0.80%,11:27:22,2021-06-17 20:55:11.169889,"Prev. Close: 6.3969
Bid/Ask: 6.4477 / 6.4490
Day's Range: 6.3972 - 6.4494",Strong Buy,"Summary:Strong Buy
Moving Averages:BuyBuy (12)Sell (0)
Technical Indicators:Strong BuyBuy (7)Sell (0)","Name
S3
S2
S1
Pivot Points
R1
R2
R3
Classic
6.4380
6.4399
6.4436
6.4455
6.4492
6.4511
6.4548
Fibonacci
6.4399
6.4420
6.4434
6.4455
6.4476
6.4490
6.4511
Camarilla
6.4458
6.4463
6.4468
6.4455
6.4479
6.4484
6.4489
Woodie's
6.4390
6.4404
6.4446
6.4460
6.4502
6.4516
6.4558
DeMark's
-
-
6.4446
6.4460
6.4502
-
-","Technical IndicatorsJun 17, 2021 03:34PM GMT
Name
Value
Action
RSI(14)
85.433
Overbought
STOCH(9,6)
77.649
Buy
STOCHRSI(14)
100.000
Overbought
MACD(12,26)
0.011
Buy
ADX(14)
61.337
Buy
Williams %R
-3.426
Overbought
CCI(14)
151.8010
Buy
ATR(14)
0.0041
Less Volatility
Highs/Lows(14)
0.0141
Buy
Ultimate Oscillator
82.973
Overbought
ROC
0.391
Buy
Bull/Bear Power(13)
0.0286
Buy
Buy: 7
Sell: 0
Neutral: 0


Summary:Strong Buy","Jun 17, 2021 03:34PM GMT"
usd_hkd,7.7644 +0.0014    +0.02%,16:54:31,2021-06-17 20:55:11.172760,"Prev. Close: 7.7630
Bid/Ask: 7.7643 / 7.7644
Day's Range: 7.7625 - 7.7656",Neutral,"Summary:Neutral
Moving Averages:BuyBuy (7)Sell (5)
Technical Indicators:NeutralBuy (2)Sell (2)","Name
S3
S2
S1
Pivot Points
R1
R2
R3
Classic
7.7647
7.7647
7.7649
7.7649
7.7650
7.7651
7.7652
Fibonacci
7.7647
7.7648
7.7648
7.7649
7.7650
7.7650
7.7651
Camarilla
7.7649
7.7649
7.7649
7.7649
7.7650
7.7650
7.7650
Woodie's
7.7647
7.7647
7.7649
7.7649
7.7650
7.7651
7.7652
DeMark's
-
-
7.7649
7.7649
7.7650
-
-","Technical IndicatorsJun 17, 2021 08:54PM GMT
Name
Value
Action
RSI(14)
52.829
Neutral
STOCH(9,6)
48.683
Neutral
STOCHRSI(14)
17.504
Oversold
MACD(12,26)
0.000
Buy
ADX(14)
40.015
Neutral
Williams %R
-63.162
Sell
CCI(14)
-31.1140
Neutral
ATR(14)
0.0009
Less Volatility
Highs/Lows(14)
0.0000
Neutral
Ultimate Oscillator
50.368
Neutral
ROC
-0.012
Sell
Bull/Bear Power(13)
0.0010
Buy
Buy: 2
Sell: 2
Neutral: 6


Summary:Neutral","Jun 17, 2021 08:54PM GMT"
eur_usd,1.1908 -0.0086    -0.72%,16:55:44,2021-06-17 20:56:10.835260,"Prev. Close: 1.1994
Bid/Ask: 1.1906 / 1.1910
Day's Range: 1.1892 - 1.2007",Strong Sell,"Summary:Strong Sell
Moving Averages:SellBuy (1)Sell (11)
Technical Indicators:Strong SellBuy (0)Sell (9)","Name
S3
S2
S1
Pivot Points
R1
R2
R3
Classic
1.1884
1.1892
1.1898
1.1906
1.1911
1.1920
1.1925
Fibonacci
1.1892
1.1898
1.1901
1.1906
1.1911
1.1914
1.1920
Camarilla
1.1898
1.1900
1.1901
1.1906
1.1903
1.1904
1.1906
Woodie's
1.1882
1.1891
1.1896
1.1905
1.1909
1.1919
1.1923
DeMark's
-
-
1.1895
1.1905
1.1908
-
-","Technical IndicatorsJun 17, 2021 08:55PM GMT
Name
Value
Action
RSI(14)
28.342
Sell
STOCH(9,6)
22.856
Sell
STOCHRSI(14)
100.000
Overbought
MACD(12,26)
-0.004
Sell
ADX(14)
43.723
Sell
Williams %R
-83.591
Oversold
CCI(14)
-122.0661
Sell
ATR(14)
0.0022
High Volatility
Highs/Lows(14)
-0.0011
Sell
Ultimate Oscillator
38.277
Sell
ROC
-0.659
Sell
Bull/Bear Power(13)
-0.0050
Sell
Buy: 0
Sell: 9
Neutral: 0


Summary:Strong Sell","Jun 17, 2021 08:55PM GMT"
gbp_usd,1.3926 -0.0061    -0.44%,16:55:35,2021-06-17 20:56:10.839190,"Prev. Close: 1.3987
Bid/Ask: 1.3924 / 1.3928
Day's Range: 1.3896 - 1.4010",Strong Sell,"Summary:Strong Sell
Moving Averages:SellBuy (2)Sell (10)
Technical Indicators:Strong SellBuy (0)Sell (10)","Name
S3
S2
S1
Pivot Points
R1
R2
R3
Classic
1.3904
1.3911
1.3916
1.3923
1.3929
1.3935
1.3941
Fibonacci
1.3911
1.3916
1.3918
1.3923
1.3928
1.3930
1.3935
Camarilla
1.3917
1.3918
1.3919
1.3923
1.3922
1.3923
1.3924
Woodie's
1.3902
1.3910
1.3914
1.3922
1.3927
1.3934
1.3939
DeMark's
-
-
1.3913
1.3921
1.3925
-
-","Technical IndicatorsJun 17, 2021 08:55PM GMT
Name
Value
Action
RSI(14)
36.551
Sell
STOCH(9,6)
27.880
Sell
STOCHRSI(14)
100.000
Overbought
MACD(12,26)
-0.003
Sell
ADX(14)
42.842
Sell
Williams %R
-71.292
Sell
CCI(14)
-72.7409
Sell
ATR(14)
0.0026
High Volatility
Highs/Lows(14)
-0.0005
Sell
Ultimate Oscillator
35.028
Sell
ROC
-0.486
Sell
Bull/Bear Power(13)
-0.0032
Sell
Buy: 0
Sell: 10
Neutral: 0


Summary:Strong Sell","Jun 17, 2021 08:55PM GMT"
usd_jpy,110.24 -0.46    -0.41%,16:55:40,2021-06-17 20:56:10.842444,"Prev. Close: 110.69
Bid/Ask: 110.23 / 110.24
Day's Range: 110.17 - 110.83",Strong Sell,"Summary:Strong Sell
Moving Averages:SellBuy (4)Sell (8)
Technical Indicators:Strong SellBuy (0)Sell (8)","Name
S3
S2
S1
Pivot Points
R1
R2
R3
Classic
110.18
110.22
110.24
110.28
110.31
110.34
110.37
Fibonacci
110.22
110.24
110.26
110.28
110.30
110.32
110.34
Camarilla
110.25
110.26
110.26
110.28
110.28
110.28
110.29
Woodie's
110.18
110.22
110.24
110.28
110.31
110.34
110.37
DeMark's
-
-
110.26
110.29
110.32
-
-","Technical IndicatorsJun 17, 2021 08:55PM GMT
Name
Value
Action
RSI(14)
40.375
Sell
STOCH(9,6)
15.468
Oversold
STOCHRSI(14)
7.691
Oversold
MACD(12,26)
-0.020
Sell
ADX(14)
35.663
Sell
Williams %R
-89.915
Oversold
CCI(14)
-82.1555
Sell
ATR(14)
0.1282
High Volatility
Highs/Lows(14)
-0.1557
Sell
Ultimate Oscillator
39.959
Sell
ROC
-0.384
Sell
Bull/Bear Power(13)
-0.2420
Sell
Buy: 0
Sell: 8
Neutral: 0


Summary:Strong Sell","Jun 17, 2021 08:55PM GMT"
aud_usd,0.7552 -0.0058    -0.76%,16:55:41,2021-06-17 20:56:10.845508,"Prev. Close: 0.7610
Bid/Ask: 0.7551 / 0.7553
Day's Range: 0.7540 - 0.7646",Strong Sell,"Summary:Strong Sell
Moving Averages:SellBuy (1)Sell (11)
Technical Indicators:Strong SellBuy (0)Sell (8)","Name
S3
S2
S1
Pivot Points
R1
R2
R3
Classic
0.7533
0.7539
0.7543
0.7549
0.7553
0.7559
0.7562
Fibonacci
0.7539
0.7543
0.7545
0.7549
0.7553
0.7555
0.7559
Camarilla
0.7545
0.7546
0.7547
0.7549
0.7548
0.7549
0.7550
Woodie's
0.7533
0.7539
0.7543
0.7549
0.7553
0.7559
0.7562
DeMark's
-
-
0.7541
0.7548
0.7551
-
-","Technical IndicatorsJun 17, 2021 08:55PM GMT
Name
Value
Action
RSI(14)
28.640
Sell
STOCH(9,6)
18.160
Oversold
STOCHRSI(14)
86.341
Overbought
MACD(12,26)
-0.003
Sell
ADX(14)
54.197
Sell
Williams %R
-86.592
Oversold
CCI(14)
-89.6860
Sell
ATR(14)
0.0018
Less Volatility
Highs/Lows(14)
-0.0012
Sell
Ultimate Oscillator
35.775
Sell
ROC
-0.912
Sell
Bull/Bear Power(13)
-0.0041
Sell
Buy: 0
Sell: 8
Neutral: 0


Summary:Strong Sell","Jun 17, 2021 08:55PM GMT"
eur_gbp,0.8552 -0.0022    -0.25%,16:55:36,2021-06-17 20:56:10.848501,"Prev. Close: 0.8573
Bid/Ask: 0.8549 / 0.8554
Day's Range: 0.8542 - 0.8580",Strong Sell,"Summary:Strong Sell
Moving Averages:Strong SellBuy (0)Sell (12)
Technical Indicators:Strong SellBuy (2)Sell (8)","Name
S3
S2
S1
Pivot Points
R1
R2
R3
Classic
0.8538
0.8543
0.8547
0.8551
0.8555
0.8559
0.8563
Fibonacci
0.8543
0.8546
0.8548
0.8551
0.8554
0.8556
0.8559
Camarilla
0.8548
0.8549
0.8550
0.8551
0.8551
0.8552
0.8553
Woodie's
0.8538
0.8543
0.8547
0.8551
0.8555
0.8559
0.8563
DeMark's
-
-
0.8545
0.8550
0.8553
-
-","Technical IndicatorsJun 17, 2021 08:55PM GMT
Name
Value
Action
RSI(14)
34.785
Sell
STOCH(9,6)
41.605
Sell
STOCHRSI(14)
57.809
Buy
MACD(12,26)
-0.001
Sell
ADX(14)
43.306
Sell
Williams %R
-69.999
Sell
CCI(14)
-120.0172
Sell
ATR(14)
0.0011
High Volatility
Highs/Lows(14)
0.0000
Neutral
Ultimate Oscillator
55.072
Buy
ROC
-0.175
Sell
Bull/Bear Power(13)
-0.0020
Sell
Buy: 2
Sell: 8
Neutral: 1


Summary:Strong Sell","Jun 17, 2021 08:55PM GMT"
usd_cad,1.2356 +0.0080    +0.65%,16:55:42,2021-06-17 20:56:10.851459,"Prev. Close: 1.2276
Bid/Ask: 1.2355 / 1.2356
Day's Range: 1.2261 - 1.2378",Strong Buy,"Summary:Strong Buy
Moving Averages:BuyBuy (12)Sell (0)
Technical Indicators:Strong BuyBuy (9)Sell (1)","Name
S3
S2
S1
Pivot Points
R1
R2
R3
Classic
1.2333
1.2339
1.2349
1.2356
1.2366
1.2373
1.2383
Fibonacci
1.2339
1.2346
1.2350
1.2356
1.2362
1.2366
1.2373
Camarilla
1.2354
1.2356
1.2357
1.2356
1.2361
1.2362
1.2364
Woodie's
1.2335
1.2340
1.2351
1.2357
1.2368
1.2374
1.2385
DeMark's
-
-
1.2352
1.2357
1.2369
-
-","Technical IndicatorsJun 17, 2021 08:55PM GMT
Name
Value
Action
RSI(14)
70.781
Buy
STOCH(9,6)
74.336
Buy
STOCHRSI(14)
35.435
Sell
MACD(12,26)
0.003
Buy
ADX(14)
43.639
Buy
Williams %R
-19.635
Overbought
CCI(14)
104.1085
Buy
ATR(14)
0.0026
High Volatility
Highs/Lows(14)
0.0011
Buy
Ultimate Oscillator
69.200
Buy
ROC
0.627
Buy
Bull/Bear Power(13)
0.0030
Buy
Buy: 9
Sell: 1
Neutral: 0


Summary:Strong Buy","Jun 17, 2021 08:55PM GMT"
usd_chf,0.9178 +0.0093    +1.02%,16:55:32,2021-06-17 20:56:10.854436,"Prev. Close: 0.9085
Bid/Ask: 0.9176 / 0.9180
Day's Range: 0.9076 - 0.9188",Strong Buy,"Summary:Strong Buy
Moving Averages:BuyBuy (12)Sell (0)
Technical Indicators:Strong BuyBuy (7)Sell (0)","Name
S3
S2
S1
Pivot Points
R1
R2
R3
Classic
0.9165
0.9168
0.9174
0.9177
0.9182
0.9186
0.9191
Fibonacci
0.9168
0.9171
0.9174
0.9177
0.9180
0.9183
0.9186
Camarilla
0.9176
0.9177
0.9178
0.9177
0.9179
0.9180
0.9181
Woodie's
0.9165
0.9168
0.9174
0.9177
0.9182
0.9186
0.9191
DeMark's
-
-
0.9175
0.9178
0.9184
-
-","Technical IndicatorsJun 17, 2021 08:55PM GMT
Name
Value
Action
RSI(14)
76.720
Overbought
STOCH(9,6)
82.077
Overbought
STOCHRSI(14)
9.331
Oversold
MACD(12,26)
0.004
Buy
ADX(14)
43.783
Buy
Williams %R
-11.494
Overbought
CCI(14)
113.7188
Buy
ATR(14)
0.0017
High Volatility
Highs/Lows(14)
0.0013
Buy
Ultimate Oscillator
65.197
Buy
ROC
0.835
Buy
Bull/Bear Power(13)
0.0035
Buy
Buy: 7
Sell: 0
Neutral: 0


Summary:Strong Buy","Jun 17, 2021 08:55PM GMT"
nzd_chf,0.6430 +0.0026    +0.41%,16:55:36,2021-06-17 20:56:10.857338,"Prev. Close: 0.6404
Bid/Ask: 0.6427 / 0.6433
Day's Range: 0.6406 - 0.6453",Buy,"Summary:Buy
Moving Averages:BuyBuy (9)Sell (3)
Technical Indicators:BUYBuy (3)Sell (2)","Name
S3
S2
S1
Pivot Points
R1
R2
R3
Classic
0.6412
0.6417
0.6421
0.6426
0.6430
0.6435
0.6439
Fibonacci
0.6417
0.6420
0.6423
0.6426
0.6429
0.6432
0.6435
Camarilla
0.6422
0.6422
0.6423
0.6426
0.6425
0.6426
0.6426
Woodie's
0.6410
0.6416
0.6419
0.6425
0.6428
0.6434
0.6437
DeMark's
-
-
0.6418
0.6425
0.6428
-
-","Technical IndicatorsJun 17, 2021 08:55PM GMT
Name
Value
Action
RSI(14)
53.322
Neutral
STOCH(9,6)
58.748
Buy
STOCHRSI(14)
54.186
Neutral
MACD(12,26)
0.000
Buy
ADX(14)
26.844
Buy
Williams %R
-48.387
Neutral
CCI(14)
-1.3604
Neutral
ATR(14)
0.0012
Less Volatility
Highs/Lows(14)
0.0000
Neutral
Ultimate Oscillator
50.419
Neutral
ROC
-0.109
Sell
Bull/Bear Power(13)
-0.0006
Sell
Buy: 3
Sell: 2
Neutral: 6


Summary:BUY","Jun 17, 2021 08:55PM GMT"
usd_cny,6.4484 +0.0515    +0.80%,11:27:22,2021-06-17 20:56:10.860250,"Prev. Close: 6.3969
Bid/Ask: 6.4477 / 6.4490
Day's Range: 6.3972 - 6.4494",Strong Buy,"Summary:Strong Buy
Moving Averages:BuyBuy (12)Sell (0)
Technical Indicators:Strong BuyBuy (7)Sell (0)","Name
S3
S2
S1
Pivot Points
R1
R2
R3
Classic
6.4380
6.4399
6.4436
6.4455
6.4492
6.4511
6.4548
Fibonacci
6.4399
6.4420
6.4434
6.4455
6.4476
6.4490
6.4511
Camarilla
6.4458
6.4463
6.4468
6.4455
6.4479
6.4484
6.4489
Woodie's
6.4390
6.4404
6.4446
6.4460
6.4502
6.4516
6.4558
DeMark's
-
-
6.4446
6.4460
6.4502
-
-","Technical IndicatorsJun 17, 2021 03:34PM GMT
Name
Value
Action
RSI(14)
85.433
Overbought
STOCH(9,6)
77.649
Buy
STOCHRSI(14)
100.000
Overbought
MACD(12,26)
0.011
Buy
ADX(14)
61.337
Buy
Williams %R
-3.426
Overbought
CCI(14)
151.8010
Buy
ATR(14)
0.0041
Less Volatility
Highs/Lows(14)
0.0141
Buy
Ultimate Oscillator
82.973
Overbought
ROC
0.391
Buy
Bull/Bear Power(13)
0.0286
Buy
Buy: 7
Sell: 0
Neutral: 0


Summary:Strong Buy","Jun 17, 2021 03:34PM GMT"
usd_hkd,7.7643 +0.0013    +0.02%,16:55:28,2021-06-17 20:56:10.863195,"Prev. Close: 7.7630
Bid/Ask: 7.7641 / 7.7645
Day's Range: 7.7625 - 7.7656",Neutral,"Summary:Neutral
Moving Averages:BuyBuy (7)Sell (5)
Technical Indicators:NeutralBuy (2)Sell (2)","Name
S3
S2
S1
Pivot Points
R1
R2
R3
Classic
7.7647
7.7647
7.7649
7.7649
7.7650
7.7651
7.7652
Fibonacci
7.7647
7.7648
7.7648
7.7649
7.7650
7.7650
7.7651
Camarilla
7.7649
7.7649
7.7649
7.7649
7.7650
7.7650
7.7650
Woodie's
7.7647
7.7647
7.7649
7.7649
7.7650
7.7651
7.7652
DeMark's
-
-
7.7649
7.7649
7.7650
-
-","Technical IndicatorsJun 17, 2021 08:56PM GMT
Name
Value
Action
RSI(14)
52.394
Neutral
STOCH(9,6)
48.243
Neutral
STOCHRSI(14)
14.574
Oversold
MACD(12,26)
0.000
Buy
ADX(14)
40.015
Neutral
Williams %R
-65.797
Sell
CCI(14)
-35.1469
Neutral
ATR(14)
0.0009
Less Volatility
Highs/Lows(14)
0.0000
Neutral
Ultimate Oscillator
49.567
Neutral
ROC
-0.012
Sell
Bull/Bear Power(13)
0.0010
Buy
Buy: 2
Sell: 2
Neutral: 6


Summary:Neutral","Jun 17, 2021 08:56PM GMT"
eur_usd,1.1908 -0.0086    -0.72%,16:56:42,2021-06-17 20:57:10.519234,"Prev. Close: 1.1994
Bid/Ask: 1.1907 / 1.1908
Day's Range: 1.1892 - 1.2007",Strong Sell,"Summary:Strong Sell
Moving Averages:SellBuy (1)Sell (11)
Technical Indicators:Strong SellBuy (0)Sell (9)","Name
S3
S2
S1
Pivot Points
R1
R2
R3
Classic
1.1884
1.1892
1.1898
1.1906
1.1911
1.1920
1.1925
Fibonacci
1.1892
1.1898
1.1901
1.1906
1.1911
1.1914
1.1920
Camarilla
1.1898
1.1900
1.1901
1.1906
1.1903
1.1904
1.1906
Woodie's
1.1882
1.1891
1.1896
1.1905
1.1909
1.1919
1.1923
DeMark's
-
-
1.1895
1.1905
1.1908
-
-","Technical IndicatorsJun 17, 2021 08:55PM GMT
Name
Value
Action
RSI(14)
28.342
Sell
STOCH(9,6)
22.856
Sell
STOCHRSI(14)
100.000
Overbought
MACD(12,26)
-0.004
Sell
ADX(14)
43.723
Sell
Williams %R
-83.591
Oversold
CCI(14)
-122.0661
Sell
ATR(14)
0.0022
High Volatility
Highs/Lows(14)
-0.0011
Sell
Ultimate Oscillator
38.277
Sell
ROC
-0.659
Sell
Bull/Bear Power(13)
-0.0050
Sell
Buy: 0
Sell: 9
Neutral: 0


Summary:Strong Sell","Jun 17, 2021 08:55PM GMT"
gbp_usd,1.3927 -0.0060    -0.43%,16:56:46,2021-06-17 20:57:10.523038,"Prev. Close: 1.3987
Bid/Ask: 1.3925 / 1.3928
Day's Range: 1.3896 - 1.4010",Strong Sell,"Summary:Strong Sell
Moving Averages:SellBuy (2)Sell (10)
Technical Indicators:Strong SellBuy (0)Sell (10)","Name
S3
S2
S1
Pivot Points
R1
R2
R3
Classic
1.3904
1.3911
1.3916
1.3923
1.3929
1.3935
1.3941
Fibonacci
1.3911
1.3916
1.3918
1.3923
1.3928
1.3930
1.3935
Camarilla
1.3917
1.3918
1.3919
1.3923
1.3922
1.3923
1.3924
Woodie's
1.3902
1.3910
1.3914
1.3922
1.3927
1.3934
1.3939
DeMark's
-
-
1.3913
1.3921
1.3925
-
-","Technical IndicatorsJun 17, 2021 08:55PM GMT
Name
Value
Action
RSI(14)
36.551
Sell
STOCH(9,6)
27.880
Sell
STOCHRSI(14)
100.000
Overbought
MACD(12,26)
-0.003
Sell
ADX(14)
42.842
Sell
Williams %R
-71.292
Sell
CCI(14)
-72.7409
Sell
ATR(14)
0.0026
High Volatility
Highs/Lows(14)
-0.0005
Sell
Ultimate Oscillator
35.028
Sell
ROC
-0.486
Sell
Bull/Bear Power(13)
-0.0032
Sell
Buy: 0
Sell: 10
Neutral: 0


Summary:Strong Sell","Jun 17, 2021 08:55PM GMT"
usd_jpy,110.24 -0.46    -0.41%,16:56:39,2021-06-17 20:57:10.526148,"Prev. Close: 110.69
Bid/Ask: 110.23 / 110.24
Day's Range: 110.17 - 110.83",Strong Sell,"Summary:Strong Sell
Moving Averages:SellBuy (4)Sell (8)
Technical Indicators:Strong SellBuy (0)Sell (8)","Name
S3
S2
S1
Pivot Points
R1
R2
R3
Classic
110.18
110.22
110.24
110.28
110.31
110.34
110.37
Fibonacci
110.22
110.24
110.26
110.28
110.30
110.32
110.34
Camarilla
110.25
110.26
110.26
110.28
110.28
110.28
110.29
Woodie's
110.18
110.22
110.24
110.28
110.31
110.34
110.37
DeMark's
-
-
110.26
110.29
110.32
-
-","Technical IndicatorsJun 17, 2021 08:55PM GMT
Name
Value
Action
RSI(14)
40.375
Sell
STOCH(9,6)
15.468
Oversold
STOCHRSI(14)
7.691
Oversold
MACD(12,26)
-0.020
Sell
ADX(14)
35.663
Sell
Williams %R
-89.915
Oversold
CCI(14)
-82.1555
Sell
ATR(14)
0.1282
High Volatility
Highs/Lows(14)
-0.1557
Sell
Ultimate Oscillator
39.959
Sell
ROC
-0.384
Sell
Bull/Bear Power(13)
-0.2420
Sell
Buy: 0
Sell: 8
Neutral: 0


Summary:Strong Sell","Jun 17, 2021 08:55PM GMT"
aud_usd,0.7552 -0.0058    -0.76%,16:56:54,2021-06-17 20:57:10.529154,"Prev. Close: 0.7610
Bid/Ask: 0.7551 / 0.7553
Day's Range: 0.7540 - 0.7646",Strong Sell,"Summary:Strong Sell
Moving Averages:SellBuy (1)Sell (11)
Technical Indicators:Strong SellBuy (0)Sell (8)","Name
S3
S2
S1
Pivot Points
R1
R2
R3
Classic
0.7533
0.7539
0.7543
0.7549
0.7553
0.7559
0.7562
Fibonacci
0.7539
0.7543
0.7545
0.7549
0.7553
0.7555
0.7559
Camarilla
0.7545
0.7546
0.7547
0.7549
0.7548
0.7549
0.7550
Woodie's
0.7533
0.7539
0.7543
0.7549
0.7553
0.7559
0.7562
DeMark's
-
-
0.7541
0.7548
0.7551
-
-","Technical IndicatorsJun 17, 2021 08:55PM GMT
Name
Value
Action
RSI(14)
28.640
Sell
STOCH(9,6)
18.160
Oversold
STOCHRSI(14)
86.341
Overbought
MACD(12,26)
-0.003
Sell
ADX(14)
54.197
Sell
Williams %R
-86.592
Oversold
CCI(14)
-89.6860
Sell
ATR(14)
0.0018
Less Volatility
Highs/Lows(14)
-0.0012
Sell
Ultimate Oscillator
35.775
Sell
ROC
-0.912
Sell
Bull/Bear Power(13)
-0.0041
Sell
Buy: 0
Sell: 8
Neutral: 0


Summary:Strong Sell","Jun 17, 2021 08:55PM GMT"
eur_gbp,0.8550 -0.0023    -0.27%,16:56:53,2021-06-17 20:57:10.532061,"Prev. Close: 0.8573
Bid/Ask: 0.8548 / 0.8552
Day's Range: 0.8542 - 0.8580",Strong Sell,"Summary:Strong Sell
Moving Averages:Strong SellBuy (0)Sell (12)
Technical Indicators:Strong SellBuy (2)Sell (8)","Name
S3
S2
S1
Pivot Points
R1
R2
R3
Classic
0.8538
0.8543
0.8547
0.8551
0.8555
0.8559
0.8563
Fibonacci
0.8543
0.8546
0.8548
0.8551
0.8554
0.8556
0.8559
Camarilla
0.8548
0.8549
0.8550
0.8551
0.8551
0.8552
0.8553
Woodie's
0.8538
0.8543
0.8547
0.8551
0.8555
0.8559
0.8563
DeMark's
-
-
0.8545
0.8550
0.8553
-
-","Technical IndicatorsJun 17, 2021 08:55PM GMT
Name
Value
Action
RSI(14)
34.785
Sell
STOCH(9,6)
41.605
Sell
STOCHRSI(14)
57.809
Buy
MACD(12,26)
-0.001
Sell
ADX(14)
43.306
Sell
Williams %R
-69.999
Sell
CCI(14)
-120.0172
Sell
ATR(14)
0.0011
High Volatility
Highs/Lows(14)
0.0000
Neutral
Ultimate Oscillator
55.072
Buy
ROC
-0.175
Sell
Bull/Bear Power(13)
-0.0020
Sell
Buy: 2
Sell: 8
Neutral: 1


Summary:Strong Sell","Jun 17, 2021 08:55PM GMT"
usd_cad,1.2356 +0.0080    +0.65%,16:56:56,2021-06-17 20:57:10.534945,"Prev. Close: 1.2276
Bid/Ask: 1.2354 / 1.2357
Day's Range: 1.2261 - 1.2378",Strong Buy,"Summary:Strong Buy
Moving Averages:BuyBuy (12)Sell (0)
Technical Indicators:Strong BuyBuy (9)Sell (1)","Name
S3
S2
S1
Pivot Points
R1
R2
R3
Classic
1.2333
1.2339
1.2349
1.2356
1.2366
1.2373
1.2383
Fibonacci
1.2339
1.2346
1.2350
1.2356
1.2362
1.2366
1.2373
Camarilla
1.2354
1.2356
1.2357
1.2356
1.2361
1.2362
1.2364
Woodie's
1.2335
1.2340
1.2351
1.2357
1.2368
1.2374
1.2385
DeMark's
-
-
1.2352
1.2357
1.2369
-
-","Technical IndicatorsJun 17, 2021 08:55PM GMT
Name
Value
Action
RSI(14)
70.781
Buy
STOCH(9,6)
74.336
Buy
STOCHRSI(14)
35.435
Sell
MACD(12,26)
0.003
Buy
ADX(14)
43.639
Buy
Williams %R
-19.635
Overbought
CCI(14)
104.1085
Buy
ATR(14)
0.0026
High Volatility
Highs/Lows(14)
0.0011
Buy
Ultimate Oscillator
69.200
Buy
ROC
0.627
Buy
Bull/Bear Power(13)
0.0030
Buy
Buy: 9
Sell: 1
Neutral: 0


Summary:Strong Buy","Jun 17, 2021 08:55PM GMT"
usd_chf,0.9178 +0.0092    +1.02%,16:56:53,2021-06-17 20:57:10.537812,"Prev. Close: 0.9085
Bid/Ask: 0.9177 / 0.9178
Day's Range: 0.9076 - 0.9188",Strong Buy,"Summary:Strong Buy
Moving Averages:BuyBuy (12)Sell (0)
Technical Indicators:Strong BuyBuy (7)Sell (0)","Name
S3
S2
S1
Pivot Points
R1
R2
R3
Classic
0.9165
0.9168
0.9174
0.9177
0.9182
0.9186
0.9191
Fibonacci
0.9168
0.9171
0.9174
0.9177
0.9180
0.9183
0.9186
Camarilla
0.9176
0.9177
0.9178
0.9177
0.9179
0.9180
0.9181
Woodie's
0.9165
0.9168
0.9174
0.9177
0.9182
0.9186
0.9191
DeMark's
-
-
0.9175
0.9178
0.9184
-
-","Technical IndicatorsJun 17, 2021 08:55PM GMT
Name
Value
Action
RSI(14)
76.720
Overbought
STOCH(9,6)
82.077
Overbought
STOCHRSI(14)
9.331
Oversold
MACD(12,26)
0.004
Buy
ADX(14)
43.783
Buy
Williams %R
-11.494
Overbought
CCI(14)
113.7188
Buy
ATR(14)
0.0017
High Volatility
Highs/Lows(14)
0.0013
Buy
Ultimate Oscillator
65.197
Buy
ROC
0.835
Buy
Bull/Bear Power(13)
0.0035
Buy
Buy: 7
Sell: 0
Neutral: 0


Summary:Strong Buy","Jun 17, 2021 08:55PM GMT"
nzd_chf,0.6430 +0.0026    +0.41%,16:56:53,2021-06-17 20:57:10.540688,"Prev. Close: 0.6404
Bid/Ask: 0.6429 / 0.6431
Day's Range: 0.6406 - 0.6453",Buy,"Summary:Buy
Moving Averages:BuyBuy (9)Sell (3)
Technical Indicators:BUYBuy (3)Sell (2)","Name
S3
S2
S1
Pivot Points
R1
R2
R3
Classic
0.6412
0.6417
0.6421
0.6426
0.6430
0.6435
0.6439
Fibonacci
0.6417
0.6420
0.6423
0.6426
0.6429
0.6432
0.6435
Camarilla
0.6422
0.6422
0.6423
0.6426
0.6425
0.6426
0.6426
Woodie's
0.6410
0.6416
0.6419
0.6425
0.6428
0.6434
0.6437
DeMark's
-
-
0.6418
0.6425
0.6428
-
-","Technical IndicatorsJun 17, 2021 08:55PM GMT
Name
Value
Action
RSI(14)
53.322
Neutral
STOCH(9,6)
58.748
Buy
STOCHRSI(14)
54.186
Neutral
MACD(12,26)
0.000
Buy
ADX(14)
26.844
Buy
Williams %R
-48.387
Neutral
CCI(14)
-1.3604
Neutral
ATR(14)
0.0012
Less Volatility
Highs/Lows(14)
0.0000
Neutral
Ultimate Oscillator
50.419
Neutral
ROC
-0.109
Sell
Bull/Bear Power(13)
-0.0006
Sell
Buy: 3
Sell: 2
Neutral: 6


Summary:BUY","Jun 17, 2021 08:55PM GMT"
usd_cny,6.4484 +0.0515    +0.80%,11:27:22,2021-06-17 20:57:10.543591,"Prev. Close: 6.3969
Bid/Ask: 6.4477 / 6.4490
Day's Range: 6.3972 - 6.4494",Strong Buy,"Summary:Strong Buy
Moving Averages:BuyBuy (12)Sell (0)
Technical Indicators:Strong BuyBuy (7)Sell (0)","Name
S3
S2
S1
Pivot Points
R1
R2
R3
Classic
6.4380
6.4399
6.4436
6.4455
6.4492
6.4511
6.4548
Fibonacci
6.4399
6.4420
6.4434
6.4455
6.4476
6.4490
6.4511
Camarilla
6.4458
6.4463
6.4468
6.4455
6.4479
6.4484
6.4489
Woodie's
6.4390
6.4404
6.4446
6.4460
6.4502
6.4516
6.4558
DeMark's
-
-
6.4446
6.4460
6.4502
-
-","Technical IndicatorsJun 17, 2021 03:34PM GMT
Name
Value
Action
RSI(14)
85.433
Overbought
STOCH(9,6)
77.649
Buy
STOCHRSI(14)
100.000
Overbought
MACD(12,26)
0.011
Buy
ADX(14)
61.337
Buy
Williams %R
-3.426
Overbought
CCI(14)
151.8010
Buy
ATR(14)
0.0041
Less Volatility
Highs/Lows(14)
0.0141
Buy
Ultimate Oscillator
82.973
Overbought
ROC
0.391
Buy
Bull/Bear Power(13)
0.0286
Buy
Buy: 7
Sell: 0
Neutral: 0


Summary:Strong Buy","Jun 17, 2021 03:34PM GMT"
usd_hkd,7.7643 +0.0013    +0.02%,16:56:29,2021-06-17 20:57:10.546539,"Prev. Close: 7.7630
Bid/Ask: 7.7641 / 7.7645
Day's Range: 7.7625 - 7.7656",Neutral,"Summary:Neutral
Moving Averages:BuyBuy (7)Sell (5)
Technical Indicators:NeutralBuy (2)Sell (2)","Name
S3
S2
S1
Pivot Points
R1
R2
R3
Classic
7.7647
7.7647
7.7649
7.7649
7.7650
7.7651
7.7652
Fibonacci
7.7647
7.7648
7.7648
7.7649
7.7650
7.7650
7.7651
Camarilla
7.7649
7.7649
7.7649
7.7649
7.7650
7.7650
7.7650
Woodie's
7.7647
7.7647
7.7649
7.7649
7.7650
7.7651
7.7652
DeMark's
-
-
7.7649
7.7649
7.7650
-
-","Technical IndicatorsJun 17, 2021 08:56PM GMT
Name
Value
Action
RSI(14)
52.394
Neutral
STOCH(9,6)
48.243
Neutral
STOCHRSI(14)
14.574
Oversold
MACD(12,26)
0.000
Buy
ADX(14)
40.015
Neutral
Williams %R
-65.797
Sell
CCI(14)
-35.1469
Neutral
ATR(14)
0.0009
Less Volatility
Highs/Lows(14)
0.0000
Neutral
Ultimate Oscillator
49.567
Neutral
ROC
-0.012
Sell
Bull/Bear Power(13)
0.0010
Buy
Buy: 2
Sell: 2
Neutral: 6


Summary:Neutral","Jun 17, 2021 08:56PM GMT"
eur_usd,1.1908 -0.0086    -0.72%,16:57:37,2021-06-17 20:58:10.595816,"Prev. Close: 1.1994
Bid/Ask: 1.1907 / 1.1908
Day's Range: 1.1892 - 1.2007",Strong Sell,"Summary:Strong Sell
Moving Averages:SellBuy (1)Sell (11)
Technical Indicators:Strong SellBuy (0)Sell (9)","Name
S3
S2
S1
Pivot Points
R1
R2
R3
Classic
1.1884
1.1892
1.1898
1.1906
1.1911
1.1920
1.1925
Fibonacci
1.1892
1.1898
1.1901
1.1906
1.1911
1.1914
1.1920
Camarilla
1.1898
1.1900
1.1901
1.1906
1.1903
1.1904
1.1906
Woodie's
1.1882
1.1891
1.1896
1.1905
1.1909
1.1919
1.1923
DeMark's
-
-
1.1895
1.1905
1.1908
-
-","Technical IndicatorsJun 17, 2021 08:57PM GMT
Name
Value
Action
RSI(14)
28.342
Sell
STOCH(9,6)
22.856
Sell
STOCHRSI(14)
100.000
Overbought
MACD(12,26)
-0.004
Sell
ADX(14)
43.723
Sell
Williams %R
-83.591
Oversold
CCI(14)
-122.0661
Sell
ATR(14)
0.0022
High Volatility
Highs/Lows(14)
-0.0011
Sell
Ultimate Oscillator
38.277
Sell
ROC
-0.659
Sell
Bull/Bear Power(13)
-0.0050
Sell
Buy: 0
Sell: 9
Neutral: 0


Summary:Strong Sell","Jun 17, 2021 08:57PM GMT"
gbp_usd,1.3926 -0.0061    -0.44%,16:57:28,2021-06-17 20:58:10.599648,"Prev. Close: 1.3987
Bid/Ask: 1.3924 / 1.3928
Day's Range: 1.3896 - 1.4010",Strong Sell,"Summary:Strong Sell
Moving Averages:SellBuy (2)Sell (10)
Technical Indicators:Strong SellBuy (0)Sell (10)","Name
S3
S2
S1
Pivot Points
R1
R2
R3
Classic
1.3904
1.3911
1.3916
1.3923
1.3929
1.3935
1.3941
Fibonacci
1.3911
1.3916
1.3918
1.3923
1.3928
1.3930
1.3935
Camarilla
1.3917
1.3918
1.3919
1.3923
1.3922
1.3923
1.3924
Woodie's
1.3902
1.3910
1.3914
1.3922
1.3927
1.3934
1.3939
DeMark's
-
-
1.3913
1.3921
1.3925
-
-","Technical IndicatorsJun 17, 2021 08:57PM GMT
Name
Value
Action
RSI(14)
36.551
Sell
STOCH(9,6)
27.880
Sell
STOCHRSI(14)
100.000
Overbought
MACD(12,26)
-0.003
Sell
ADX(14)
42.842
Sell
Williams %R
-71.292
Sell
CCI(14)
-72.7409
Sell
ATR(14)
0.0026
High Volatility
Highs/Lows(14)
-0.0005
Sell
Ultimate Oscillator
35.028
Sell
ROC
-0.486
Sell
Bull/Bear Power(13)
-0.0032
Sell
Buy: 0
Sell: 10
Neutral: 0


Summary:Strong Sell","Jun 17, 2021 08:57PM GMT"
usd_jpy,110.24 -0.46    -0.41%,16:57:40,2021-06-17 20:58:10.602743,"Prev. Close: 110.69
Bid/Ask: 110.23 / 110.24
Day's Range: 110.17 - 110.83",Strong Sell,"Summary:Strong Sell
Moving Averages:SellBuy (4)Sell (8)
Technical Indicators:Strong SellBuy (0)Sell (8)","Name
S3
S2
S1
Pivot Points
R1
R2
R3
Classic
110.18
110.22
110.24
110.28
110.31
110.34
110.37
Fibonacci
110.22
110.24
110.26
110.28
110.30
110.32
110.34
Camarilla
110.25
110.26
110.26
110.28
110.28
110.28
110.29
Woodie's
110.18
110.22
110.24
110.28
110.31
110.34
110.37
DeMark's
-
-
110.26
110.29
110.32
-
-","Technical IndicatorsJun 17, 2021 08:55PM GMT
Name
Value
Action
RSI(14)
40.375
Sell
STOCH(9,6)
15.468
Oversold
STOCHRSI(14)
7.691
Oversold
MACD(12,26)
-0.020
Sell
ADX(14)
35.663
Sell
Williams %R
-89.915
Oversold
CCI(14)
-82.1555
Sell
ATR(14)
0.1282
High Volatility
Highs/Lows(14)
-0.1557
Sell
Ultimate Oscillator
39.959
Sell
ROC
-0.384
Sell
Bull/Bear Power(13)
-0.2420
Sell
Buy: 0
Sell: 8
Neutral: 0


Summary:Strong Sell","Jun 17, 2021 08:55PM GMT"
aud_usd,0.7552 -0.0059    -0.77%,16:57:34,2021-06-17 20:58:10.605682,"Prev. Close: 0.7610
Bid/Ask: 0.7551 / 0.7552
Day's Range: 0.7540 - 0.7646",Strong Sell,"Summary:Strong Sell
Moving Averages:SellBuy (1)Sell (11)
Technical Indicators:Strong SellBuy (0)Sell (8)","Name
S3
S2
S1
Pivot Points
R1
R2
R3
Classic
0.7533
0.7539
0.7543
0.7549
0.7553
0.7559
0.7562
Fibonacci
0.7539
0.7543
0.7545
0.7549
0.7553
0.7555
0.7559
Camarilla
0.7545
0.7546
0.7547
0.7549
0.7548
0.7549
0.7550
Woodie's
0.7533
0.7539
0.7543
0.7549
0.7553
0.7559
0.7562
DeMark's
-
-
0.7541
0.7548
0.7551
-
-","Technical IndicatorsJun 17, 2021 08:57PM GMT
Name
Value
Action
RSI(14)
28.967
Sell
STOCH(9,6)
18.319
Oversold
STOCHRSI(14)
89.029
Overbought
MACD(12,26)
-0.003
Sell
ADX(14)
54.197
Sell
Williams %R
-86.033
Oversold
CCI(14)
-89.1587
Sell
ATR(14)
0.0018
Less Volatility
Highs/Lows(14)
-0.0011
Sell
Ultimate Oscillator
36.148
Sell
ROC
-0.905
Sell
Bull/Bear Power(13)
-0.0041
Sell
Buy: 0
Sell: 8
Neutral: 0


Summary:Strong Sell","Jun 17, 2021 08:57PM GMT"
eur_gbp,0.8551 -0.0022    -0.26%,16:57:33,2021-06-17 20:58:10.608591,"Prev. Close: 0.8573
Bid/Ask: 0.8548 / 0.8553
Day's Range: 0.8542 - 0.8580",Strong Sell,"Summary:Strong Sell
Moving Averages:Strong SellBuy (0)Sell (12)
Technical Indicators:Strong SellBuy (2)Sell (8)","Name
S3
S2
S1
Pivot Points
R1
R2
R3
Classic
0.8538
0.8543
0.8547
0.8551
0.8555
0.8559
0.8563
Fibonacci
0.8543
0.8546
0.8548
0.8551
0.8554
0.8556
0.8559
Camarilla
0.8548
0.8549
0.8550
0.8551
0.8551
0.8552
0.8553
Woodie's
0.8538
0.8543
0.8547
0.8551
0.8555
0.8559
0.8563
DeMark's
-
-
0.8545
0.8550
0.8553
-
-","Technical IndicatorsJun 17, 2021 08:55PM GMT
Name
Value
Action
RSI(14)
34.785
Sell
STOCH(9,6)
41.605
Sell
STOCHRSI(14)
57.809
Buy
MACD(12,26)
-0.001
Sell
ADX(14)
43.306
Sell
Williams %R
-69.999
Sell
CCI(14)
-120.0172
Sell
ATR(14)
0.0011
High Volatility
Highs/Lows(14)
0.0000
Neutral
Ultimate Oscillator
55.072
Buy
ROC
-0.175
Sell
Bull/Bear Power(13)
-0.0020
Sell
Buy: 2
Sell: 8
Neutral: 1


Summary:Strong Sell","Jun 17, 2021 08:55PM GMT"
usd_cad,1.2356 +0.0080    +0.65%,16:57:41,2021-06-17 20:58:10.611469,"Prev. Close: 1.2276
Bid/Ask: 1.2355 / 1.2356
Day's Range: 1.2261 - 1.2378",Strong Buy,"Summary:Strong Buy
Moving Averages:BuyBuy (12)Sell (0)
Technical Indicators:Strong BuyBuy (10)Sell (1)","Name
S3
S2
S1
Pivot Points
R1
R2
R3
Classic
1.2333
1.2339
1.2349
1.2356
1.2366
1.2373
1.2383
Fibonacci
1.2339
1.2346
1.2350
1.2356
1.2362
1.2366
1.2373
Camarilla
1.2354
1.2356
1.2357
1.2356
1.2361
1.2362
1.2364
Woodie's
1.2335
1.2340
1.2351
1.2357
1.2368
1.2374
1.2385
DeMark's
-
-
1.2352
1.2357
1.2369
-
-","Technical IndicatorsJun 17, 2021 08:57PM GMT
Name
Value
Action
RSI(14)
70.516
Buy
STOCH(9,6)
74.235
Buy
STOCHRSI(14)
33.436
Sell
MACD(12,26)
0.003
Buy
ADX(14)
43.639
Buy
Williams %R
-20.091
Buy
CCI(14)
103.5417
Buy
ATR(14)
0.0026
High Volatility
Highs/Lows(14)
0.0011
Buy
Ultimate Oscillator
68.973
Buy
ROC
0.623
Buy
Bull/Bear Power(13)
0.0030
Buy
Buy: 10
Sell: 1
Neutral: 0


Summary:Strong Buy","Jun 17, 2021 08:57PM GMT"
usd_chf,0.9178 +0.0093    +1.02%,16:57:42,2021-06-17 20:58:10.614306,"Prev. Close: 0.9085
Bid/Ask: 0.9176 / 0.9180
Day's Range: 0.9076 - 0.9188",Strong Buy,"Summary:Strong Buy
Moving Averages:Strong BuyBuy (11)Sell (1)
Technical Indicators:Strong BuyBuy (7)Sell (0)","Name
S3
S2
S1
Pivot Points
R1
R2
R3
Classic
0.9165
0.9168
0.9174
0.9177
0.9182
0.9186
0.9191
Fibonacci
0.9168
0.9171
0.9174
0.9177
0.9180
0.9183
0.9186
Camarilla
0.9176
0.9177
0.9178
0.9177
0.9179
0.9180
0.9181
Woodie's
0.9165
0.9168
0.9174
0.9177
0.9182
0.9186
0.9191
DeMark's
-
-
0.9175
0.9178
0.9184
-
-","Technical IndicatorsJun 17, 2021 08:57PM GMT
Name
Value
Action
RSI(14)
76.376
Overbought
STOCH(9,6)
81.923
Overbought
STOCHRSI(14)
6.289
Oversold
MACD(12,26)
0.004
Buy
ADX(14)
43.783
Buy
Williams %R
-12.069
Overbought
CCI(14)
113.0824
Buy
ATR(14)
0.0017
High Volatility
Highs/Lows(14)
0.0013
Buy
Ultimate Oscillator
64.851
Buy
ROC
0.829
Buy
Bull/Bear Power(13)
0.0035
Buy
Buy: 7
Sell: 0
Neutral: 0


Summary:Strong Buy","Jun 17, 2021 08:57PM GMT"
nzd_chf,0.6431 +0.0027    +0.41%,16:57:42,2021-06-17 20:58:10.617161,"Prev. Close: 0.6404
Bid/Ask: 0.6429 / 0.6432
Day's Range: 0.6406 - 0.6453",Buy,"Summary:Buy
Moving Averages:BuyBuy (9)Sell (3)
Technical Indicators:BUYBuy (3)Sell (2)","Name
S3
S2
S1
Pivot Points
R1
R2
R3
Classic
0.6412
0.6417
0.6421
0.6426
0.6430
0.6435
0.6439
Fibonacci
0.6417
0.6420
0.6423
0.6426
0.6429
0.6432
0.6435
Camarilla
0.6422
0.6422
0.6423
0.6426
0.6425
0.6426
0.6426
Woodie's
0.6410
0.6416
0.6419
0.6425
0.6428
0.6434
0.6437
DeMark's
-
-
0.6418
0.6425
0.6428
-
-","Technical IndicatorsJun 17, 2021 08:57PM GMT
Name
Value
Action
RSI(14)
53.322
Neutral
STOCH(9,6)
58.748
Buy
STOCHRSI(14)
54.186
Neutral
MACD(12,26)
0.000
Buy
ADX(14)
26.844
Buy
Williams %R
-48.387
Neutral
CCI(14)
-1.3604
Neutral
ATR(14)
0.0012
Less Volatility
Highs/Lows(14)
0.0000
Neutral
Ultimate Oscillator
50.419
Neutral
ROC
-0.109
Sell
Bull/Bear Power(13)
-0.0006
Sell
Buy: 3
Sell: 2
Neutral: 6


Summary:BUY","Jun 17, 2021 08:57PM GMT"
usd_cny,6.4484 +0.0515    +0.80%,11:27:22,2021-06-17 20:58:10.620015,"Prev. Close: 6.3969
Bid/Ask: 6.4477 / 6.4490
Day's Range: 6.3972 - 6.4494",Strong Buy,"Summary:Strong Buy
Moving Averages:BuyBuy (12)Sell (0)
Technical Indicators:Strong BuyBuy (7)Sell (0)","Name
S3
S2
S1
Pivot Points
R1
R2
R3
Classic
6.4380
6.4399
6.4436
6.4455
6.4492
6.4511
6.4548
Fibonacci
6.4399
6.4420
6.4434
6.4455
6.4476
6.4490
6.4511
Camarilla
6.4458
6.4463
6.4468
6.4455
6.4479
6.4484
6.4489
Woodie's
6.4390
6.4404
6.4446
6.4460
6.4502
6.4516
6.4558
DeMark's
-
-
6.4446
6.4460
6.4502
-
-","Technical IndicatorsJun 17, 2021 03:34PM GMT
Name
Value
Action
RSI(14)
85.433
Overbought
STOCH(9,6)
77.649
Buy
STOCHRSI(14)
100.000
Overbought
MACD(12,26)
0.011
Buy
ADX(14)
61.337
Buy
Williams %R
-3.426
Overbought
CCI(14)
151.8010
Buy
ATR(14)
0.0041
Less Volatility
Highs/Lows(14)
0.0141
Buy
Ultimate Oscillator
82.973
Overbought
ROC
0.391
Buy
Bull/Bear Power(13)
0.0286
Buy
Buy: 7
Sell: 0
Neutral: 0


Summary:Strong Buy","Jun 17, 2021 03:34PM GMT"
usd_hkd,7.7644 +0.0014    +0.02%,16:57:32,2021-06-17 20:58:10.622856,"Prev. Close: 7.7630
Bid/Ask: 7.7643 / 7.7645
Day's Range: 7.7625 - 7.7656",Buy,"Summary:Buy
Moving Averages:BuyBuy (8)Sell (4)
Technical Indicators:BUYBuy (3)Sell (2)","Name
S3
S2
S1
Pivot Points
R1
R2
R3
Classic
7.7647
7.7647
7.7649
7.7649
7.7650
7.7651
7.7652
Fibonacci
7.7647
7.7648
7.7648
7.7649
7.7650
7.7650
7.7651
Camarilla
7.7649
7.7649
7.7649
7.7649
7.7650
7.7650
7.7650
Woodie's
7.7647
7.7647
7.7649
7.7649
7.7650
7.7651
7.7652
DeMark's
-
-
7.7649
7.7649
7.7650
-
-","Technical IndicatorsJun 17, 2021 08:58PM GMT
Name
Value
Action
RSI(14)
53.721
Neutral
STOCH(9,6)
49.561
Neutral
STOCHRSI(14)
23.512
Oversold
MACD(12,26)
0.000
Buy
ADX(14)
40.015
Neutral
Williams %R
-57.892
Sell
CCI(14)
-22.9385
Neutral
ATR(14)
0.0009
Less Volatility
Highs/Lows(14)
0.0000
Neutral
Ultimate Oscillator
51.969
Buy
ROC
-0.010
Sell
Bull/Bear Power(13)
0.0010
Buy
Buy: 3
Sell: 2
Neutral: 5


Summary:BUY","Jun 17, 2021 08:58PM GMT"
eur_usd,1.1907 -0.0088    -0.73%,16:58:50,2021-06-17 20:59:10.315626,"Prev. Close: 1.1994
Bid/Ask: 1.1906 / 1.1907
Day's Range: 1.1892 - 1.2007",Strong Sell,"Summary:Strong Sell
Moving Averages:SellBuy (1)Sell (11)
Technical Indicators:Strong SellBuy (0)Sell (9)","Name
S3
S2
S1
Pivot Points
R1
R2
R3
Classic
1.1884
1.1892
1.1898
1.1906
1.1911
1.1920
1.1925
Fibonacci
1.1892
1.1898
1.1901
1.1906
1.1911
1.1914
1.1920
Camarilla
1.1898
1.1900
1.1901
1.1906
1.1903
1.1904
1.1906
Woodie's
1.1882
1.1891
1.1896
1.1905
1.1909
1.1919
1.1923
DeMark's
-
-
1.1895
1.1905
1.1908
-
-","Technical IndicatorsJun 17, 2021 08:57PM GMT
Name
Value
Action
RSI(14)
28.342
Sell
STOCH(9,6)
22.856
Sell
STOCHRSI(14)
100.000
Overbought
MACD(12,26)
-0.004
Sell
ADX(14)
43.723
Sell
Williams %R
-83.591
Oversold
CCI(14)
-122.0661
Sell
ATR(14)
0.0022
High Volatility
Highs/Lows(14)
-0.0011
Sell
Ultimate Oscillator
38.277
Sell
ROC
-0.659
Sell
Bull/Bear Power(13)
-0.0050
Sell
Buy: 0
Sell: 9
Neutral: 0


Summary:Strong Sell","Jun 17, 2021 08:57PM GMT"
gbp_usd,1.3923 -0.0064    -0.46%,16:58:48,2021-06-17 20:59:10.319461,"Prev. Close: 1.3987
Bid/Ask: 1.3921 / 1.3925
Day's Range: 1.3896 - 1.4010",Strong Sell,"Summary:Strong Sell
Moving Averages:SellBuy (2)Sell (10)
Technical Indicators:Strong SellBuy (0)Sell (10)","Name
S3
S2
S1
Pivot Points
R1
R2
R3
Classic
1.3904
1.3911
1.3916
1.3923
1.3929
1.3935
1.3941
Fibonacci
1.3911
1.3916
1.3918
1.3923
1.3928
1.3930
1.3935
Camarilla
1.3917
1.3918
1.3919
1.3923
1.3922
1.3923
1.3924
Woodie's
1.3902
1.3910
1.3914
1.3922
1.3927
1.3934
1.3939
DeMark's
-
-
1.3913
1.3921
1.3925
-
-","Technical IndicatorsJun 17, 2021 08:57PM GMT
Name
Value
Action
RSI(14)
36.551
Sell
STOCH(9,6)
27.880
Sell
STOCHRSI(14)
100.000
Overbought
MACD(12,26)
-0.003
Sell
ADX(14)
42.842
Sell
Williams %R
-71.292
Sell
CCI(14)
-72.7409
Sell
ATR(14)
0.0026
High Volatility
Highs/Lows(14)
-0.0005
Sell
Ultimate Oscillator
35.028
Sell
ROC
-0.486
Sell
Bull/Bear Power(13)
-0.0032
Sell
Buy: 0
Sell: 10
Neutral: 0


Summary:Strong Sell","Jun 17, 2021 08:57PM GMT"
usd_jpy,110.24 -0.46    -0.41%,16:58:35,2021-06-17 20:59:10.322583,"Prev. Close: 110.69
Bid/Ask: 110.23 / 110.24
Day's Range: 110.17 - 110.83",Strong Sell,"Summary:Strong Sell
Moving Averages:SellBuy (4)Sell (8)
Technical Indicators:Strong SellBuy (0)Sell (8)","Name
S3
S2
S1
Pivot Points
R1
R2
R3
Classic
110.18
110.22
110.24
110.28
110.31
110.34
110.37
Fibonacci
110.22
110.24
110.26
110.28
110.30
110.32
110.34
Camarilla
110.25
110.26
110.26
110.28
110.28
110.28
110.29
Woodie's
110.18
110.22
110.24
110.28
110.31
110.34
110.37
DeMark's
-
-
110.26
110.29
110.32
-
-","Technical IndicatorsJun 17, 2021 08:57PM GMT
Name
Value
Action
RSI(14)
40.598
Sell
STOCH(9,6)
15.621
Oversold
STOCHRSI(14)
8.503
Oversold
MACD(12,26)
-0.020
Sell
ADX(14)
35.663
Sell
Williams %R
-89.075
Oversold
CCI(14)
-81.6019
Sell
ATR(14)
0.1282
High Volatility
Highs/Lows(14)
-0.1507
Sell
Ultimate Oscillator
40.380
Sell
ROC
-0.380
Sell
Bull/Bear Power(13)
-0.2440
Sell
Buy: 0
Sell: 8
Neutral: 0


Summary:Strong Sell","Jun 17, 2021 08:57PM GMT"
aud_usd,0.7552 -0.0059    -0.77%,16:58:49,2021-06-17 20:59:10.325499,"Prev. Close: 0.7610
Bid/Ask: 0.7549 / 0.7554
Day's Range: 0.7540 - 0.7646",Strong Sell,"Summary:Strong Sell
Moving Averages:SellBuy (1)Sell (11)
Technical Indicators:Strong SellBuy (0)Sell (8)","Name
S3
S2
S1
Pivot Points
R1
R2
R3
Classic
0.7533
0.7539
0.7543
0.7549
0.7553
0.7559
0.7562
Fibonacci
0.7539
0.7543
0.7545
0.7549
0.7553
0.7555
0.7559
Camarilla
0.7545
0.7546
0.7547
0.7549
0.7548
0.7549
0.7550
Woodie's
0.7533
0.7539
0.7543
0.7549
0.7553
0.7559
0.7562
DeMark's
-
-
0.7541
0.7548
0.7551
-
-","Technical IndicatorsJun 17, 2021 08:57PM GMT
Name
Value
Action
RSI(14)
28.967
Sell
STOCH(9,6)
18.319
Oversold
STOCHRSI(14)
89.029
Overbought
MACD(12,26)
-0.003
Sell
ADX(14)
54.197
Sell
Williams %R
-86.033
Oversold
CCI(14)
-89.1587
Sell
ATR(14)
0.0018
Less Volatility
Highs/Lows(14)
-0.0011
Sell
Ultimate Oscillator
36.148
Sell
ROC
-0.905
Sell
Bull/Bear Power(13)
-0.0041
Sell
Buy: 0
Sell: 8
Neutral: 0


Summary:Strong Sell","Jun 17, 2021 08:57PM GMT"
eur_gbp,0.8552 -0.0022    -0.25%,16:58:48,2021-06-17 20:59:10.328386,"Prev. Close: 0.8573
Bid/Ask: 0.8550 / 0.8553
Day's Range: 0.8542 - 0.8580",Strong Sell,"Summary:Strong Sell
Moving Averages:Strong SellBuy (0)Sell (12)
Technical Indicators:Strong SellBuy (2)Sell (8)","Name
S3
S2
S1
Pivot Points
R1
R2
R3
Classic
0.8538
0.8543
0.8547
0.8551
0.8555
0.8559
0.8563
Fibonacci
0.8543
0.8546
0.8548
0.8551
0.8554
0.8556
0.8559
Camarilla
0.8548
0.8549
0.8550
0.8551
0.8551
0.8552
0.8553
Woodie's
0.8538
0.8543
0.8547
0.8551
0.8555
0.8559
0.8563
DeMark's
-
-
0.8545
0.8550
0.8553
-
-","Technical IndicatorsJun 17, 2021 08:57PM GMT
Name
Value
Action
RSI(14)
34.454
Sell
STOCH(9,6)
41.297
Sell
STOCHRSI(14)
56.372
Buy
MACD(12,26)
-0.001
Sell
ADX(14)
43.306
Sell
Williams %R
-71.666
Sell
CCI(14)
-122.6473
Sell
ATR(14)
0.0011
High Volatility
Highs/Lows(14)
0.0000
Neutral
Ultimate Oscillator
54.479
Buy
ROC
-0.181
Sell
Bull/Bear Power(13)
-0.0020
Sell
Buy: 2
Sell: 8
Neutral: 1


Summary:Strong Sell","Jun 17, 2021 08:57PM GMT"
usd_cad,1.2351 +0.0075    +0.61%,16:58:48,2021-06-17 20:59:10.331247,"Prev. Close: 1.2276
Bid/Ask: 1.2349 / 1.2353
Day's Range: 1.2261 - 1.2378",Strong Buy,"Summary:Strong Buy
Moving Averages:BuyBuy (12)Sell (0)
Technical Indicators:Strong BuyBuy (10)Sell (1)","Name
S3
S2
S1
Pivot Points
R1
R2
R3
Classic
1.2333
1.2339
1.2349
1.2356
1.2366
1.2373
1.2383
Fibonacci
1.2339
1.2346
1.2350
1.2356
1.2362
1.2366
1.2373
Camarilla
1.2354
1.2356
1.2357
1.2356
1.2361
1.2362
1.2364
Woodie's
1.2335
1.2340
1.2351
1.2357
1.2368
1.2374
1.2385
DeMark's
-
-
1.2352
1.2357
1.2369
-
-","Technical IndicatorsJun 17, 2021 08:57PM GMT
Name
Value
Action
RSI(14)
70.516
Buy
STOCH(9,6)
74.235
Buy
STOCHRSI(14)
33.436
Sell
MACD(12,26)
0.003
Buy
ADX(14)
43.639
Buy
Williams %R
-20.091
Buy
CCI(14)
103.5417
Buy
ATR(14)
0.0026
High Volatility
Highs/Lows(14)
0.0011
Buy
Ultimate Oscillator
68.973
Buy
ROC
0.623
Buy
Bull/Bear Power(13)
0.0030
Buy
Buy: 10
Sell: 1
Neutral: 0


Summary:Strong Buy","Jun 17, 2021 08:57PM GMT"
usd_chf,0.9179 +0.0094    +1.03%,16:58:47,2021-06-17 20:59:10.334062,"Prev. Close: 0.9085
Bid/Ask: 0.9177 / 0.9181
Day's Range: 0.9076 - 0.9188",Strong Buy,"Summary:Strong Buy
Moving Averages:Strong BuyBuy (11)Sell (1)
Technical Indicators:Strong BuyBuy (7)Sell (0)","Name
S3
S2
S1
Pivot Points
R1
R2
R3
Classic
0.9165
0.9168
0.9174
0.9177
0.9182
0.9186
0.9191
Fibonacci
0.9168
0.9171
0.9174
0.9177
0.9180
0.9183
0.9186
Camarilla
0.9176
0.9177
0.9178
0.9177
0.9179
0.9180
0.9181
Woodie's
0.9165
0.9168
0.9174
0.9177
0.9182
0.9186
0.9191
DeMark's
-
-
0.9175
0.9178
0.9184
-
-","Technical IndicatorsJun 17, 2021 08:57PM GMT
Name
Value
Action
RSI(14)
76.376
Overbought
STOCH(9,6)
81.923
Overbought
STOCHRSI(14)
6.289
Oversold
MACD(12,26)
0.004
Buy
ADX(14)
43.783
Buy
Williams %R
-12.069
Overbought
CCI(14)
113.0824
Buy
ATR(14)
0.0017
High Volatility
Highs/Lows(14)
0.0013
Buy
Ultimate Oscillator
64.851
Buy
ROC
0.829
Buy
Bull/Bear Power(13)
0.0035
Buy
Buy: 7
Sell: 0
Neutral: 0


Summary:Strong Buy","Jun 17, 2021 08:57PM GMT"
nzd_chf,0.6431 +0.0027    +0.42%,16:58:31,2021-06-17 20:59:10.336902,"Prev. Close: 0.6404
Bid/Ask: 0.6429 / 0.6433
Day's Range: 0.6406 - 0.6453",Buy,"Summary:Buy
Moving Averages:BuyBuy (9)Sell (3)
Technical Indicators:BUYBuy (3)Sell (2)","Name
S3
S2
S1
Pivot Points
R1
R2
R3
Classic
0.6412
0.6417
0.6421
0.6426
0.6430
0.6435
0.6439
Fibonacci
0.6417
0.6420
0.6423
0.6426
0.6429
0.6432
0.6435
Camarilla
0.6422
0.6422
0.6423
0.6426
0.6425
0.6426
0.6426
Woodie's
0.6410
0.6416
0.6419
0.6425
0.6428
0.6434
0.6437
DeMark's
-
-
0.6418
0.6425
0.6428
-
-","Technical IndicatorsJun 17, 2021 08:57PM GMT
Name
Value
Action
RSI(14)
53.322
Neutral
STOCH(9,6)
58.748
Buy
STOCHRSI(14)
54.186
Neutral
MACD(12,26)
0.000
Buy
ADX(14)
26.844
Buy
Williams %R
-48.387
Neutral
CCI(14)
-1.3604
Neutral
ATR(14)
0.0012
Less Volatility
Highs/Lows(14)
0.0000
Neutral
Ultimate Oscillator
50.419
Neutral
ROC
-0.109
Sell
Bull/Bear Power(13)
-0.0006
Sell
Buy: 3
Sell: 2
Neutral: 6


Summary:BUY","Jun 17, 2021 08:57PM GMT"
usd_cny,6.4484 +0.0515    +0.80%,11:27:22,2021-06-17 20:59:10.339761,"Prev. Close: 6.3969
Bid/Ask: 6.4477 / 6.4490
Day's Range: 6.3972 - 6.4494",Strong Buy,"Summary:Strong Buy
Moving Averages:BuyBuy (12)Sell (0)
Technical Indicators:Strong BuyBuy (7)Sell (0)","Name
S3
S2
S1
Pivot Points
R1
R2
R3
Classic
6.4380
6.4399
6.4436
6.4455
6.4492
6.4511
6.4548
Fibonacci
6.4399
6.4420
6.4434
6.4455
6.4476
6.4490
6.4511
Camarilla
6.4458
6.4463
6.4468
6.4455
6.4479
6.4484
6.4489
Woodie's
6.4390
6.4404
6.4446
6.4460
6.4502
6.4516
6.4558
DeMark's
-
-
6.4446
6.4460
6.4502
-
-","Technical IndicatorsJun 17, 2021 03:34PM GMT
Name
Value
Action
RSI(14)
85.433
Overbought
STOCH(9,6)
77.649
Buy
STOCHRSI(14)
100.000
Overbought
MACD(12,26)
0.011
Buy
ADX(14)
61.337
Buy
Williams %R
-3.426
Overbought
CCI(14)
151.8010
Buy
ATR(14)
0.0041
Less Volatility
Highs/Lows(14)
0.0141
Buy
Ultimate Oscillator
82.973
Overbought
ROC
0.391
Buy
Bull/Bear Power(13)
0.0286
Buy
Buy: 7
Sell: 0
Neutral: 0


Summary:Strong Buy","Jun 17, 2021 03:34PM GMT"
usd_hkd,7.7645 +0.0015    +0.02%,16:58:35,2021-06-17 20:59:10.342598,"Prev. Close: 7.7630
Bid/Ask: 7.7641 / 7.7649
Day's Range: 7.7625 - 7.7656",Buy,"Summary:Buy
Moving Averages:BuyBuy (8)Sell (4)
Technical Indicators:BUYBuy (3)Sell (2)","Name
S3
S2
S1
Pivot Points
R1
R2
R3
Classic
7.7647
7.7647
7.7649
7.7649
7.7650
7.7651
7.7652
Fibonacci
7.7647
7.7648
7.7648
7.7649
7.7650
7.7650
7.7651
Camarilla
7.7649
7.7649
7.7649
7.7649
7.7650
7.7650
7.7650
Woodie's
7.7647
7.7647
7.7649
7.7649
7.7650
7.7651
7.7652
DeMark's
-
-
7.7649
7.7649
7.7650
-
-","Technical IndicatorsJun 17, 2021 08:58PM GMT
Name
Value
Action
RSI(14)
53.721
Neutral
STOCH(9,6)
49.561
Neutral
STOCHRSI(14)
23.512
Oversold
MACD(12,26)
0.000
Buy
ADX(14)
40.015
Neutral
Williams %R
-57.892
Sell
CCI(14)
-22.9385
Neutral
ATR(14)
0.0009
Less Volatility
Highs/Lows(14)
0.0000
Neutral
Ultimate Oscillator
51.969
Buy
ROC
-0.010
Sell
Bull/Bear Power(13)
0.0010
Buy
Buy: 3
Sell: 2
Neutral: 5


Summary:BUY","Jun 17, 2021 08:58PM GMT"
eur_usd,1.1907 -0.0087    -0.73%,16:59:38,2021-06-17 21:00:10.145581,"Prev. Close: 1.1994
Bid/Ask: 1.1905 / 1.1909
Day's Range: 1.1892 - 1.2007",Strong Sell,"Summary:Strong Sell
Moving Averages:SellBuy (1)Sell (11)
Technical Indicators:Strong SellBuy (0)Sell (9)","Name
S3
S2
S1
Pivot Points
R1
R2
R3
Classic
1.1884
1.1892
1.1898
1.1906
1.1911
1.1920
1.1925
Fibonacci
1.1892
1.1898
1.1901
1.1906
1.1911
1.1914
1.1920
Camarilla
1.1898
1.1900
1.1901
1.1906
1.1903
1.1904
1.1906
Woodie's
1.1882
1.1891
1.1896
1.1905
1.1909
1.1919
1.1923
DeMark's
-
-
1.1895
1.1905
1.1908
-
-","Technical IndicatorsJun 17, 2021 08:59PM GMT
Name
Value
Action
RSI(14)
27.836
Sell
STOCH(9,6)
22.574
Sell
STOCHRSI(14)
100.000
Overbought
MACD(12,26)
-0.004
Sell
ADX(14)
43.723
Sell
Williams %R
-84.615
Oversold
CCI(14)
-123.3233
Sell
ATR(14)
0.0022
High Volatility
Highs/Lows(14)
-0.0012
Sell
Ultimate Oscillator
37.735
Sell
ROC
-0.667
Sell
Bull/Bear Power(13)
-0.0050
Sell
Buy: 0
Sell: 9
Neutral: 0


Summary:Strong Sell","Jun 17, 2021 08:59PM GMT"
gbp_usd,1.3926 -0.0062    -0.44%,16:59:27,2021-06-17 21:00:10.149505,"Prev. Close: 1.3987
Bid/Ask: 1.3924 / 1.3927
Day's Range: 1.3896 - 1.4010",Strong Sell,"Summary:Strong Sell
Moving Averages:SellBuy (2)Sell (10)
Technical Indicators:Strong SellBuy (0)Sell (10)","Name
S3
S2
S1
Pivot Points
R1
R2
R3
Classic
1.3904
1.3911
1.3916
1.3923
1.3929
1.3935
1.3941
Fibonacci
1.3911
1.3916
1.3918
1.3923
1.3928
1.3930
1.3935
Camarilla
1.3917
1.3918
1.3919
1.3923
1.3922
1.3923
1.3924
Woodie's
1.3902
1.3910
1.3914
1.3922
1.3927
1.3934
1.3939
DeMark's
-
-
1.3913
1.3921
1.3925
-
-","Technical IndicatorsJun 17, 2021 08:59PM GMT
Name
Value
Action
RSI(14)
36.913
Sell
STOCH(9,6)
28.130
Sell
STOCHRSI(14)
100.000
Overbought
MACD(12,26)
-0.003
Sell
ADX(14)
42.842
Sell
Williams %R
-70.336
Sell
CCI(14)
-71.7381
Sell
ATR(14)
0.0026
High Volatility
Highs/Lows(14)
-0.0004
Sell
Ultimate Oscillator
35.497
Sell
ROC
-0.479
Sell
Bull/Bear Power(13)
-0.0032
Sell
Buy: 0
Sell: 10
Neutral: 0


Summary:Strong Sell","Jun 17, 2021 08:59PM GMT"
usd_jpy,110.24 -0.46    -0.41%,16:59:39,2021-06-17 21:00:10.152531,"Prev. Close: 110.69
Bid/Ask: 110.23 / 110.24
Day's Range: 110.17 - 110.83",Strong Sell,"Summary:Strong Sell
Moving Averages:SellBuy (4)Sell (8)
Technical Indicators:Strong SellBuy (0)Sell (8)","Name
S3
S2
S1
Pivot Points
R1
R2
R3
Classic
110.18
110.22
110.24
110.28
110.31
110.34
110.37
Fibonacci
110.22
110.24
110.26
110.28
110.30
110.32
110.34
Camarilla
110.25
110.26
110.26
110.28
110.28
110.28
110.29
Woodie's
110.18
110.22
110.24
110.28
110.31
110.34
110.37
DeMark's
-
-
110.26
110.29
110.32
-
-","Technical IndicatorsJun 17, 2021 08:57PM GMT
Name
Value
Action
RSI(14)
40.598
Sell
STOCH(9,6)
15.621
Oversold
STOCHRSI(14)
8.503
Oversold
MACD(12,26)
-0.020
Sell
ADX(14)
35.663
Sell
Williams %R
-89.075
Oversold
CCI(14)
-81.6019
Sell
ATR(14)
0.1282
High Volatility
Highs/Lows(14)
-0.1507
Sell
Ultimate Oscillator
40.380
Sell
ROC
-0.380
Sell
Bull/Bear Power(13)
-0.2440
Sell
Buy: 0
Sell: 8
Neutral: 0


Summary:Strong Sell","Jun 17, 2021 08:57PM GMT"
aud_usd,0.7552 -0.0059    -0.77%,16:59:45,2021-06-17 21:00:10.155430,"Prev. Close: 0.7610
Bid/Ask: 0.7549 / 0.7554
Day's Range: 0.7540 - 0.7646",Strong Sell,"Summary:Strong Sell
Moving Averages:SellBuy (1)Sell (11)
Technical Indicators:Strong SellBuy (0)Sell (8)","Name
S3
S2
S1
Pivot Points
R1
R2
R3
Classic
0.7533
0.7539
0.7543
0.7549
0.7553
0.7559
0.7562
Fibonacci
0.7539
0.7543
0.7545
0.7549
0.7553
0.7555
0.7559
Camarilla
0.7545
0.7546
0.7547
0.7549
0.7548
0.7549
0.7550
Woodie's
0.7533
0.7539
0.7543
0.7549
0.7553
0.7559
0.7562
DeMark's
-
-
0.7541
0.7548
0.7551
-
-","Technical IndicatorsJun 17, 2021 08:59PM GMT
Name
Value
Action
RSI(14)
28.967
Sell
STOCH(9,6)
18.319
Oversold
STOCHRSI(14)
89.029
Overbought
MACD(12,26)
-0.003
Sell
ADX(14)
54.197
Sell
Williams %R
-86.033
Oversold
CCI(14)
-89.1587
Sell
ATR(14)
0.0018
Less Volatility
Highs/Lows(14)
-0.0011
Sell
Ultimate Oscillator
36.148
Sell
ROC
-0.905
Sell
Bull/Bear Power(13)
-0.0041
Sell
Buy: 0
Sell: 8
Neutral: 0


Summary:Strong Sell","Jun 17, 2021 08:59PM GMT"
eur_gbp,0.8549 -0.0024    -0.28%,16:59:43,2021-06-17 21:00:10.158277,"Prev. Close: 0.8573
Bid/Ask: 0.8546 / 0.8552
Day's Range: 0.8542 - 0.8580",Strong Sell,"Summary:Strong Sell
Moving Averages:Strong SellBuy (0)Sell (12)
Technical Indicators:Strong SellBuy (1)Sell (9)","Name
S3
S2
S1
Pivot Points
R1
R2
R3
Classic
0.8538
0.8543
0.8547
0.8551
0.8555
0.8559
0.8563
Fibonacci
0.8543
0.8546
0.8548
0.8551
0.8554
0.8556
0.8559
Camarilla
0.8548
0.8549
0.8550
0.8551
0.8551
0.8552
0.8553
Woodie's
0.8538
0.8543
0.8547
0.8551
0.8555
0.8559
0.8563
DeMark's
-
-
0.8545
0.8550
0.8553
-
-","Technical IndicatorsJun 17, 2021 08:59PM GMT
Name
Value
Action
RSI(14)
33.809
Sell
STOCH(9,6)
40.679
Sell
STOCHRSI(14)
53.573
Neutral
MACD(12,26)
-0.001
Sell
ADX(14)
43.306
Sell
Williams %R
-75.000
Sell
CCI(14)
-127.8568
Sell
ATR(14)
0.0011
High Volatility
Highs/Lows(14)
-0.0001
Sell
Ultimate Oscillator
53.292
Buy
ROC
-0.193
Sell
Bull/Bear Power(13)
-0.0020
Sell
Buy: 1
Sell: 9
Neutral: 1


Summary:Strong Sell","Jun 17, 2021 08:59PM GMT"
usd_cad,1.2351 +0.0075    +0.61%,16:59:40,2021-06-17 21:00:10.161118,"Prev. Close: 1.2276
Bid/Ask: 1.2348 / 1.2353
Day's Range: 1.2261 - 1.2378",Strong Buy,"Summary:Strong Buy
Moving Averages:BuyBuy (12)Sell (0)
Technical Indicators:Strong BuyBuy (10)Sell (1)","Name
S3
S2
S1
Pivot Points
R1
R2
R3
Classic
1.2333
1.2339
1.2349
1.2356
1.2366
1.2373
1.2383
Fibonacci
1.2339
1.2346
1.2350
1.2356
1.2362
1.2366
1.2373
Camarilla
1.2354
1.2356
1.2357
1.2356
1.2361
1.2362
1.2364
Woodie's
1.2335
1.2340
1.2351
1.2357
1.2368
1.2374
1.2385
DeMark's
-
-
1.2352
1.2357
1.2369
-
-","Technical IndicatorsJun 17, 2021 08:57PM GMT
Name
Value
Action
RSI(14)
70.516
Buy
STOCH(9,6)
74.235
Buy
STOCHRSI(14)
33.436
Sell
MACD(12,26)
0.003
Buy
ADX(14)
43.639
Buy
Williams %R
-20.091
Buy
CCI(14)
103.5417
Buy
ATR(14)
0.0026
High Volatility
Highs/Lows(14)
0.0011
Buy
Ultimate Oscillator
68.973
Buy
ROC
0.623
Buy
Bull/Bear Power(13)
0.0030
Buy
Buy: 10
Sell: 1
Neutral: 0


Summary:Strong Buy","Jun 17, 2021 08:57PM GMT"
usd_chf,0.9178 +0.0092    +1.02%,16:59:41,2021-06-17 21:00:10.163968,"Prev. Close: 0.9085
Bid/Ask: 0.9177 / 0.9178
Day's Range: 0.9076 - 0.9188",Strong Buy,"Summary:Strong Buy
Moving Averages:BuyBuy (12)Sell (0)
Technical Indicators:Strong BuyBuy (7)Sell (0)","Name
S3
S2
S1
Pivot Points
R1
R2
R3
Classic
0.9165
0.9168
0.9174
0.9177
0.9182
0.9186
0.9191
Fibonacci
0.9168
0.9171
0.9174
0.9177
0.9180
0.9183
0.9186
Camarilla
0.9176
0.9177
0.9178
0.9177
0.9179
0.9180
0.9181
Woodie's
0.9165
0.9168
0.9174
0.9177
0.9182
0.9186
0.9191
DeMark's
-
-
0.9175
0.9178
0.9184
-
-","Technical IndicatorsJun 17, 2021 08:59PM GMT
Name
Value
Action
RSI(14)
76.720
Overbought
STOCH(9,6)
82.077
Overbought
STOCHRSI(14)
9.331
Oversold
MACD(12,26)
0.004
Buy
ADX(14)
43.783
Buy
Williams %R
-11.494
Overbought
CCI(14)
113.7188
Buy
ATR(14)
0.0017
High Volatility
Highs/Lows(14)
0.0013
Buy
Ultimate Oscillator
65.197
Buy
ROC
0.835
Buy
Bull/Bear Power(13)
0.0035
Buy
Buy: 7
Sell: 0
Neutral: 0


Summary:Strong Buy","Jun 17, 2021 08:59PM GMT"
nzd_chf,0.6432 +0.0027    +0.43%,16:59:42,2021-06-17 21:00:10.166823,"Prev. Close: 0.6404
Bid/Ask: 0.6429 / 0.6434
Day's Range: 0.6406 - 0.6453",Buy,"Summary:Buy
Moving Averages:BuyBuy (9)Sell (3)
Technical Indicators:BUYBuy (3)Sell (2)","Name
S3
S2
S1
Pivot Points
R1
R2
R3
Classic
0.6412
0.6417
0.6421
0.6426
0.6430
0.6435
0.6439
Fibonacci
0.6417
0.6420
0.6423
0.6426
0.6429
0.6432
0.6435
Camarilla
0.6422
0.6422
0.6423
0.6426
0.6425
0.6426
0.6426
Woodie's
0.6410
0.6416
0.6419
0.6425
0.6428
0.6434
0.6437
DeMark's
-
-
0.6418
0.6425
0.6428
-
-","Technical IndicatorsJun 17, 2021 08:59PM GMT
Name
Value
Action
RSI(14)
53.322
Neutral
STOCH(9,6)
58.748
Buy
STOCHRSI(14)
54.186
Neutral
MACD(12,26)
0.000
Buy
ADX(14)
26.844
Buy
Williams %R
-48.387
Neutral
CCI(14)
-1.3604
Neutral
ATR(14)
0.0012
Less Volatility
Highs/Lows(14)
0.0000
Neutral
Ultimate Oscillator
50.419
Neutral
ROC
-0.109
Sell
Bull/Bear Power(13)
-0.0006
Sell
Buy: 3
Sell: 2
Neutral: 6


Summary:BUY","Jun 17, 2021 08:59PM GMT"
usd_cny,6.4484 +0.0515    +0.80%,11:27:22,2021-06-17 21:00:10.169655,"Prev. Close: 6.3969
Bid/Ask: 6.4477 / 6.4490
Day's Range: 6.3972 - 6.4494",Strong Buy,"Summary:Strong Buy
Moving Averages:BuyBuy (12)Sell (0)
Technical Indicators:Strong BuyBuy (7)Sell (0)","Name
S3
S2
S1
Pivot Points
R1
R2
R3
Classic
6.4380
6.4399
6.4436
6.4455
6.4492
6.4511
6.4548
Fibonacci
6.4399
6.4420
6.4434
6.4455
6.4476
6.4490
6.4511
Camarilla
6.4458
6.4463
6.4468
6.4455
6.4479
6.4484
6.4489
Woodie's
6.4390
6.4404
6.4446
6.4460
6.4502
6.4516
6.4558
DeMark's
-
-
6.4446
6.4460
6.4502
-
-","Technical IndicatorsJun 17, 2021 03:34PM GMT
Name
Value
Action
RSI(14)
85.433
Overbought
STOCH(9,6)
77.649
Buy
STOCHRSI(14)
100.000
Overbought
MACD(12,26)
0.011
Buy
ADX(14)
61.337
Buy
Williams %R
-3.426
Overbought
CCI(14)
151.8010
Buy
ATR(14)
0.0041
Less Volatility
Highs/Lows(14)
0.0141
Buy
Ultimate Oscillator
82.973
Overbought
ROC
0.391
Buy
Bull/Bear Power(13)
0.0286
Buy
Buy: 7
Sell: 0
Neutral: 0


Summary:Strong Buy","Jun 17, 2021 03:34PM GMT"
usd_hkd,7.7644 +0.0014    +0.02%,16:59:28,2021-06-17 21:00:10.172505,"Prev. Close: 7.7630
Bid/Ask: 7.7641 / 7.7646
Day's Range: 7.7625 - 7.7656",Buy,"Summary:Buy
Moving Averages:BuyBuy (8)Sell (4)
Technical Indicators:BUYBuy (3)Sell (2)","Name
S3
S2
S1
Pivot Points
R1
R2
R3
Classic
7.7647
7.7647
7.7649
7.7649
7.7650
7.7651
7.7652
Fibonacci
7.7647
7.7648
7.7648
7.7649
7.7650
7.7650
7.7651
Camarilla
7.7649
7.7649
7.7649
7.7649
7.7650
7.7650
7.7650
Woodie's
7.7647
7.7647
7.7649
7.7649
7.7650
7.7651
7.7652
DeMark's
-
-
7.7649
7.7649
7.7650
-
-","Technical IndicatorsJun 17, 2021 08:58PM GMT
Name
Value
Action
RSI(14)
53.721
Neutral
STOCH(9,6)
49.561
Neutral
STOCHRSI(14)
23.512
Oversold
MACD(12,26)
0.000
Buy
ADX(14)
40.015
Neutral
Williams %R
-57.892
Sell
CCI(14)
-22.9385
Neutral
ATR(14)
0.0009
Less Volatility
Highs/Lows(14)
0.0000
Neutral
Ultimate Oscillator
51.969
Buy
ROC
-0.010
Sell
Bull/Bear Power(13)
0.0010
Buy
Buy: 3
Sell: 2
Neutral: 5


Summary:BUY","Jun 17, 2021 08:58PM GMT"
eur_usd,1.1908 +0.0002    +0.02%,17:00:31,2021-06-17 21:01:10.235148,"Prev. Close: 1.1906
Bid/Ask: 1.1907 / 1.1909
Day's Range: 1.1908 - 1.1908",Strong Sell,"Summary:Strong Sell
Moving Averages:Strong SellBuy (0)Sell (12)
Technical Indicators:Strong SellBuy (0)Sell (10)","Name
S3
S2
S1
Pivot Points
R1
R2
R3
Classic
1.1893
1.1897
1.1902
1.1906
1.1911
1.1915
1.1921
Fibonacci
1.1897
1.1900
1.1902
1.1906
1.1910
1.1912
1.1915
Camarilla
1.1905
1.1906
1.1907
1.1906
1.1908
1.1909
1.1910
Woodie's
1.1893
1.1897
1.1902
1.1906
1.1911
1.1915
1.1921
DeMark's
-
-
1.1904
1.1907
1.1913
-
-","Technical IndicatorsJun 17, 2021 09:00PM GMT
Name
Value
Action
RSI(14)
28.362
Sell
STOCH(9,6)
23.987
Sell
STOCHRSI(14)
100.000
Overbought
MACD(12,26)
-0.004
Sell
ADX(14)
42.257
Sell
Williams %R
-77.932
Sell
CCI(14)
-89.2914
Sell
ATR(14)
0.0018
Less Volatility
Highs/Lows(14)
-0.0008
Sell
Ultimate Oscillator
33.452
Sell
ROC
-0.393
Sell
Bull/Bear Power(13)
-0.0024
Sell
Buy: 0
Sell: 10
Neutral: 0


Summary:Strong Sell","Jun 17, 2021 09:00PM GMT"
gbp_usd,1.3924 +0.0004    +0.03%,17:00:11,2021-06-17 21:01:10.239025,"Prev. Close: 1.3919
Bid/Ask: 1.3922 / 1.3925
Day's Range: 1.3924 - 1.3927",Strong Sell,"Summary:Strong Sell
Moving Averages:Strong SellBuy (0)Sell (12)
Technical Indicators:Strong SellBuy (0)Sell (10)","Name
S3
S2
S1
Pivot Points
R1
R2
R3
Classic
1.3912
1.3916
1.3921
1.3925
1.3930
1.3934
1.3940
Fibonacci
1.3916
1.3919
1.3922
1.3925
1.3928
1.3931
1.3934
Camarilla
1.3924
1.3925
1.3926
1.3925
1.3927
1.3928
1.3929
Woodie's
1.3912
1.3916
1.3921
1.3925
1.3930
1.3934
1.3940
DeMark's
-
-
1.3923
1.3926
1.3932
-
-","Technical IndicatorsJun 17, 2021 09:00PM GMT
Name
Value
Action
RSI(14)
36.066
Sell
STOCH(9,6)
31.867
Sell
STOCHRSI(14)
95.093
Overbought
MACD(12,26)
-0.003
Sell
ADX(14)
37.931
Sell
Williams %R
-72.223
Sell
CCI(14)
-66.9903
Sell
ATR(14)
0.0024
Less Volatility
Highs/Lows(14)
-0.0004
Sell
Ultimate Oscillator
32.878
Sell
ROC
-0.369
Sell
Bull/Bear Power(13)
-0.0033
Sell
Buy: 0
Sell: 10
Neutral: 0


Summary:Strong Sell","Jun 17, 2021 09:00PM GMT"
usd_jpy,110.20 0.00    0.00%,17:00:18,2021-06-17 21:01:10.242040,"Prev. Close: 110.20
Bid/Ask: 110.19 / 110.21
Day's Range: 110.17 - 110.83",Strong Sell,"Summary:Strong Sell
Moving Averages:SellBuy (4)Sell (8)
Technical Indicators:Strong SellBuy (0)Sell (8)","Name
S3
S2
S1
Pivot Points
R1
R2
R3
Classic
110.18
110.22
110.24
110.28
110.31
110.34
110.37
Fibonacci
110.22
110.24
110.26
110.28
110.30
110.32
110.34
Camarilla
110.25
110.26
110.26
110.28
110.28
110.28
110.29
Woodie's
110.18
110.22
110.24
110.28
110.31
110.34
110.37
DeMark's
-
-
110.26
110.29
110.32
-
-","Technical IndicatorsJun 17, 2021 08:59PM GMT
Name
Value
Action
RSI(14)
40.598
Sell
STOCH(9,6)
15.621
Oversold
STOCHRSI(14)
8.503
Oversold
MACD(12,26)
-0.020
Sell
ADX(14)
35.663
Sell
Williams %R
-89.075
Oversold
CCI(14)
-81.6019
Sell
ATR(14)
0.1282
High Volatility
Highs/Lows(14)
-0.1507
Sell
Ultimate Oscillator
40.380
Sell
ROC
-0.380
Sell
Bull/Bear Power(13)
-0.2440
Sell
Buy: 0
Sell: 8
Neutral: 0


Summary:Strong Sell","Jun 17, 2021 08:59PM GMT"
aud_usd,0.7547 -0.0003    -0.04%,17:00:36,2021-06-17 21:01:10.244968,"Prev. Close: 0.7550
Bid/Ask: 0.7546 / 0.7548
Day's Range: 0.7547 - 0.7553",Strong Sell,"Summary:Strong Sell
Moving Averages:SellBuy (1)Sell (11)
Technical Indicators:Strong SellBuy (0)Sell (8)","Name
S3
S2
S1
Pivot Points
R1
R2
R3
Classic
0.7541
0.7544
0.7548
0.7551
0.7555
0.7558
0.7562
Fibonacci
0.7544
0.7547
0.7548
0.7551
0.7554
0.7555
0.7558
Camarilla
0.7549
0.7550
0.7550
0.7551
0.7552
0.7552
0.7553
Woodie's
0.7541
0.7544
0.7548
0.7551
0.7555
0.7558
0.7562
DeMark's
-
-
0.7549
0.7551
0.7556
-
-","Technical IndicatorsJun 17, 2021 09:00PM GMT
Name
Value
Action
RSI(14)
29.711
Sell
STOCH(9,6)
19.401
Oversold
STOCHRSI(14)
100.000
Overbought
MACD(12,26)
-0.003
Sell
ADX(14)
55.201
Sell
Williams %R
-83.833
Oversold
CCI(14)
-79.4155
Sell
ATR(14)
0.0017
Less Volatility
Highs/Lows(14)
-0.0007
Sell
Ultimate Oscillator
32.401
Sell
ROC
-0.808
Sell
Bull/Bear Power(13)
-0.0014
Sell
Buy: 0
Sell: 8
Neutral: 0


Summary:Strong Sell","Jun 17, 2021 09:00PM GMT"
eur_gbp,0.8552 +0.0001    +0.01%,17:00:31,2021-06-17 21:01:10.247870,"Prev. Close: 0.8551
Bid/Ask: 0.8550 / 0.8554
Day's Range: 0.8552 - 0.8555",Strong Sell,"Summary:Strong Sell
Moving Averages:Strong SellBuy (0)Sell (12)
Technical Indicators:Strong SellBuy (2)Sell (8)","Name
S3
S2
S1
Pivot Points
R1
R2
R3
Classic
0.8542
0.8544
0.8549
0.8552
0.8557
0.8560
0.8564
Fibonacci
0.8544
0.8547
0.8549
0.8552
0.8555
0.8557
0.8560
Camarilla
0.8553
0.8554
0.8554
0.8552
0.8556
0.8556
0.8557
Woodie's
0.8544
0.8545
0.8551
0.8553
0.8559
0.8561
0.8566
DeMark's
-
-
0.8551
0.8553
0.8559
-
-","Technical IndicatorsJun 17, 2021 09:00PM GMT
Name
Value
Action
RSI(14)
38.165
Sell
STOCH(9,6)
39.877
Sell
STOCHRSI(14)
72.476
Buy
MACD(12,26)
-0.001
Sell
ADX(14)
43.763
Sell
Williams %R
-63.333
Sell
CCI(14)
-63.6456
Sell
ATR(14)
0.0010
Less Volatility
Highs/Lows(14)
0.0000
Neutral
Ultimate Oscillator
52.784
Buy
ROC
-0.023
Sell
Bull/Bear Power(13)
-0.0016
Sell
Buy: 2
Sell: 8
Neutral: 1


Summary:Strong Sell","Jun 17, 2021 09:00PM GMT"
usd_cad,1.2361 -0.0001    -0.00%,17:00:45,2021-06-17 21:01:10.250750,"Prev. Close: 1.2361
Bid/Ask: 1.2360 / 1.2361
Day's Range: 1.2361 - 1.2368",Strong Buy,"Summary:Strong Buy
Moving Averages:BuyBuy (12)Sell (0)
Technical Indicators:Strong BuyBuy (8)Sell (0)","Name
S3
S2
S1
Pivot Points
R1
R2
R3
Classic
1.2342
1.2346
1.2353
1.2357
1.2364
1.2368
1.2375
Fibonacci
1.2346
1.2350
1.2353
1.2357
1.2361
1.2364
1.2368
Camarilla
1.2358
1.2359
1.2360
1.2357
1.2362
1.2363
1.2364
Woodie's
1.2344
1.2347
1.2355
1.2358
1.2366
1.2369
1.2377
DeMark's
-
-
1.2356
1.2358
1.2366
-
-","Technical IndicatorsJun 17, 2021 09:00PM GMT
Name
Value
Action
RSI(14)
73.374
Buy
STOCH(9,6)
76.095
Buy
STOCHRSI(14)
54.993
Neutral
MACD(12,26)
0.003
Buy
ADX(14)
46.771
Buy
Williams %R
-16.000
Overbought
CCI(14)
135.3197
Buy
ATR(14)
0.0024
Less Volatility
Highs/Lows(14)
0.0014
Buy
Ultimate Oscillator
71.921
Overbought
ROC
0.504
Buy
Bull/Bear Power(13)
0.0052
Buy
Buy: 8
Sell: 0
Neutral: 1


Summary:Strong Buy","Jun 17, 2021 09:00PM GMT"
usd_chf,0.9176 +0.0003    +0.03%,17:00:44,2021-06-17 21:01:10.253574,"Prev. Close: 0.9173
Bid/Ask: 0.9175 / 0.9176
Day's Range: 0.9175 - 0.9183",Strong Buy,"Summary:Strong Buy
Moving Averages:BuyBuy (12)Sell (0)
Technical Indicators:Strong BuyBuy (7)Sell (0)","Name
S3
S2
S1
Pivot Points
R1
R2
R3
Classic
0.9166
0.9170
0.9173
0.9177
0.9180
0.9184
0.9187
Fibonacci
0.9170
0.9173
0.9174
0.9177
0.9180
0.9181
0.9184
Camarilla
0.9173
0.9174
0.9174
0.9177
0.9176
0.9176
0.9177
Woodie's
0.9164
0.9169
0.9171
0.9176
0.9178
0.9183
0.9185
DeMark's
-
-
0.9171
0.9176
0.9178
-
-","Technical IndicatorsJun 17, 2021 09:00PM GMT
Name
Value
Action
RSI(14)
76.165
Overbought
STOCH(9,6)
81.635
Overbought
STOCHRSI(14)
11.939
Oversold
MACD(12,26)
0.003
Buy
ADX(14)
44.101
Buy
Williams %R
-9.286
Overbought
CCI(14)
113.1566
Buy
ATR(14)
0.0015
Less Volatility
Highs/Lows(14)
0.0013
Buy
Ultimate Oscillator
69.579
Buy
ROC
0.663
Buy
Bull/Bear Power(13)
0.0043
Buy
Buy: 7
Sell: 0
Neutral: 0


Summary:Strong Buy","Jun 17, 2021 09:00PM GMT"
nzd_chf,0.6424 +0.0005    +0.08%,17:00:55,2021-06-17 21:01:10.256423,"Prev. Close: 0.6419
Bid/Ask: 0.6421 / 0.6427
Day's Range: 0.6422 - 0.6429",Neutral,"Summary:Neutral
Moving Averages:BuyBuy (9)Sell (3)
Technical Indicators:SellBuy (2)Sell (3)","Name
S3
S2
S1
Pivot Points
R1
R2
R3
Classic
0.6411
0.6417
0.6420
0.6426
0.6429
0.6435
0.6438
Fibonacci
0.6417
0.6420
0.6423
0.6426
0.6429
0.6432
0.6435
Camarilla
0.6421
0.6421
0.6422
0.6426
0.6424
0.6425
0.6425
Woodie's
0.6409
0.6416
0.6418
0.6425
0.6427
0.6434
0.6436
DeMark's
-
-
0.6419
0.6425
0.6427
-
-","Technical IndicatorsJun 17, 2021 09:00PM GMT
Name
Value
Action
RSI(14)
52.166
Neutral
STOCH(9,6)
61.025
Buy
STOCHRSI(14)
49.755
Neutral
MACD(12,26)
0.000
Buy
ADX(14)
31.225
Neutral
Williams %R
-52.689
Neutral
CCI(14)
1.3905
Neutral
ATR(14)
0.0012
Less Volatility
Highs/Lows(14)
0.0000
Neutral
Ultimate Oscillator
44.206
Sell
ROC
-0.256
Sell
Bull/Bear Power(13)
-0.0005
Sell
Buy: 2
Sell: 3
Neutral: 6


Summary:Sell","Jun 17, 2021 09:00PM GMT"
usd_cny,6.4484 +0.0515    +0.80%,11:27:22,2021-06-17 21:01:10.259284,"Prev. Close: 6.3969
Bid/Ask: 6.4477 / 6.4490
Day's Range: 6.3972 - 6.4494",Strong Buy,"Summary:Strong Buy
Moving Averages:BuyBuy (12)Sell (0)
Technical Indicators:Strong BuyBuy (7)Sell (0)","Name
S3
S2
S1
Pivot Points
R1
R2
R3
Classic
6.4380
6.4399
6.4436
6.4455
6.4492
6.4511
6.4548
Fibonacci
6.4399
6.4420
6.4434
6.4455
6.4476
6.4490
6.4511
Camarilla
6.4458
6.4463
6.4468
6.4455
6.4479
6.4484
6.4489
Woodie's
6.4390
6.4404
6.4446
6.4460
6.4502
6.4516
6.4558
DeMark's
-
-
6.4446
6.4460
6.4502
-
-","Technical IndicatorsJun 17, 2021 03:34PM GMT
Name
Value
Action
RSI(14)
85.433
Overbought
STOCH(9,6)
77.649
Buy
STOCHRSI(14)
100.000
Overbought
MACD(12,26)
0.011
Buy
ADX(14)
61.337
Buy
Williams %R
-3.426
Overbought
CCI(14)
151.8010
Buy
ATR(14)
0.0041
Less Volatility
Highs/Lows(14)
0.0141
Buy
Ultimate Oscillator
82.973
Overbought
ROC
0.391
Buy
Bull/Bear Power(13)
0.0286
Buy
Buy: 7
Sell: 0
Neutral: 0


Summary:Strong Buy","Jun 17, 2021 03:34PM GMT"
usd_hkd,7.7650 +0.0006    +0.01%,17:00:43,2021-06-17 21:01:10.262137,"Prev. Close: 7.7644
Bid/Ask: 7.7648 / 7.7651
Day's Range: 7.7644 - 7.7650",Strong Buy,"Summary:Strong Buy
Moving Averages:Strong BuyBuy (11)Sell (1)
Technical Indicators:Strong BuyBuy (8)Sell (2)","Name
S3
S2
S1
Pivot Points
R1
R2
R3
Classic
7.7632
7.7636
7.7641
7.7645
7.7649
7.7654
7.7658
Fibonacci
7.7636
7.7639
7.7642
7.7645
7.7648
7.7651
7.7654
Camarilla
7.7642
7.7643
7.7644
7.7645
7.7645
7.7646
7.7647
Woodie's
7.7632
7.7636
7.7641
7.7645
7.7649
7.7654
7.7658
DeMark's
-
-
7.7638
7.7644
7.7647
-
-","Technical IndicatorsJun 17, 2021 09:00PM GMT
Name
Value
Action
RSI(14)
56.112
Buy
STOCH(9,6)
57.087
Buy
STOCHRSI(14)
39.615
Sell
MACD(12,26)
0.000
Buy
ADX(14)
33.915
Sell
Williams %R
-42.108
Buy
CCI(14)
54.3479
Buy
ATR(14)
0.0008
Less Volatility
Highs/Lows(14)
0.0000
Neutral
Ultimate Oscillator
56.679
Buy
ROC
0.002
Buy
Bull/Bear Power(13)
0.0015
Buy
Buy: 8
Sell: 2
Neutral: 1


Summary:Strong Buy","Jun 17, 2021 09:00PM GMT"
eur_usd,1.1908 +0.0002    +0.02%,17:01:29,2021-06-17 21:02:10.394324,"Prev. Close: 1.1906
Bid/Ask: 1.1907 / 1.1909
Day's Range: 1.1908 - 1.1908",Strong Sell,"Summary:Strong Sell
Moving Averages:Strong SellBuy (0)Sell (12)
Technical Indicators:Strong SellBuy (0)Sell (10)","Name
S3
S2
S1
Pivot Points
R1
R2
R3
Classic
1.1893
1.1897
1.1902
1.1906
1.1911
1.1915
1.1921
Fibonacci
1.1897
1.1900
1.1902
1.1906
1.1910
1.1912
1.1915
Camarilla
1.1905
1.1906
1.1907
1.1906
1.1908
1.1909
1.1910
Woodie's
1.1893
1.1897
1.1902
1.1906
1.1911
1.1915
1.1921
DeMark's
-
-
1.1904
1.1907
1.1913
-
-","Technical IndicatorsJun 17, 2021 09:00PM GMT
Name
Value
Action
RSI(14)
28.362
Sell
STOCH(9,6)
23.987
Sell
STOCHRSI(14)
100.000
Overbought
MACD(12,26)
-0.004
Sell
ADX(14)
42.257
Sell
Williams %R
-77.932
Sell
CCI(14)
-89.2914
Sell
ATR(14)
0.0018
Less Volatility
Highs/Lows(14)
-0.0008
Sell
Ultimate Oscillator
33.452
Sell
ROC
-0.393
Sell
Bull/Bear Power(13)
-0.0024
Sell
Buy: 0
Sell: 10
Neutral: 0


Summary:Strong Sell","Jun 17, 2021 09:00PM GMT"
gbp_usd,1.3922 +0.0003    +0.02%,17:01:15,2021-06-17 21:02:10.398161,"Prev. Close: 1.3919
Bid/Ask: 1.3919 / 1.3924
Day's Range: 1.3922 - 1.3927",Strong Sell,"Summary:Strong Sell
Moving Averages:Strong SellBuy (0)Sell (12)
Technical Indicators:Strong SellBuy (0)Sell (10)","Name
S3
S2
S1
Pivot Points
R1
R2
R3
Classic
1.3912
1.3916
1.3921
1.3925
1.3930
1.3934
1.3940
Fibonacci
1.3916
1.3919
1.3922
1.3925
1.3928
1.3931
1.3934
Camarilla
1.3924
1.3925
1.3926
1.3925
1.3927
1.3928
1.3929
Woodie's
1.3912
1.3916
1.3921
1.3925
1.3930
1.3934
1.3940
DeMark's
-
-
1.3923
1.3926
1.3932
-
-","Technical IndicatorsJun 17, 2021 09:00PM GMT
Name
Value
Action
RSI(14)
36.066
Sell
STOCH(9,6)
31.867
Sell
STOCHRSI(14)
95.093
Overbought
MACD(12,26)
-0.003
Sell
ADX(14)
37.931
Sell
Williams %R
-72.223
Sell
CCI(14)
-66.9903
Sell
ATR(14)
0.0024
Less Volatility
Highs/Lows(14)
-0.0004
Sell
Ultimate Oscillator
32.878
Sell
ROC
-0.369
Sell
Bull/Bear Power(13)
-0.0033
Sell
Buy: 0
Sell: 10
Neutral: 0


Summary:Strong Sell","Jun 17, 2021 09:00PM GMT"
usd_jpy,110.22 +0.01    +0.01%,17:00:51,2021-06-17 21:02:10.401222,"Prev. Close: 110.20
Bid/Ask: 110.20 / 110.23
Day's Range: 110.17 - 110.83",Strong Sell,"Summary:Strong Sell
Moving Averages:SellBuy (4)Sell (8)
Technical Indicators:Strong SellBuy (0)Sell (8)","Name
S3
S2
S1
Pivot Points
R1
R2
R3
Classic
110.11
110.16
110.19
110.24
110.27
110.32
110.34
Fibonacci
110.16
110.19
110.21
110.24
110.27
110.29
110.32
Camarilla
110.19
110.20
110.21
110.24
110.22
110.23
110.24
Woodie's
110.09
110.15
110.17
110.23
110.25
110.31
110.32
DeMark's
-
-
110.17
110.23
110.25
-
-","Technical IndicatorsJun 17, 2021 09:01PM GMT
Name
Value
Action
RSI(14)
39.719
Sell
STOCH(9,6)
14.236
Oversold
STOCHRSI(14)
5.301
Oversold
MACD(12,26)
-0.030
Sell
ADX(14)
35.122
Sell
Williams %R
-92.437
Oversold
CCI(14)
-85.8158
Sell
ATR(14)
0.1204
Less Volatility
Highs/Lows(14)
-0.1421
Sell
Ultimate Oscillator
47.560
Sell
ROC
-0.330
Sell
Bull/Bear Power(13)
-0.3000
Sell
Buy: 0
Sell: 8
Neutral: 0


Summary:Strong Sell","Jun 17, 2021 09:01PM GMT"
aud_usd,0.7549 -0.0001    -0.01%,17:01:14,2021-06-17 21:02:10.404172,"Prev. Close: 0.7550
Bid/Ask: 0.7548 / 0.7550
Day's Range: 0.7547 - 0.7553",Strong Sell,"Summary:Strong Sell
Moving Averages:SellBuy (1)Sell (11)
Technical Indicators:Strong SellBuy (0)Sell (8)","Name
S3
S2
S1
Pivot Points
R1
R2
R3
Classic
0.7541
0.7544
0.7548
0.7551
0.7555
0.7558
0.7562
Fibonacci
0.7544
0.7547
0.7548
0.7551
0.7554
0.7555
0.7558
Camarilla
0.7549
0.7550
0.7550
0.7551
0.7552
0.7552
0.7553
Woodie's
0.7541
0.7544
0.7548
0.7551
0.7555
0.7558
0.7562
DeMark's
-
-
0.7549
0.7551
0.7556
-
-","Technical IndicatorsJun 17, 2021 09:00PM GMT
Name
Value
Action
RSI(14)
29.711
Sell
STOCH(9,6)
19.401
Oversold
STOCHRSI(14)
100.000
Overbought
MACD(12,26)
-0.003
Sell
ADX(14)
55.201
Sell
Williams %R
-83.833
Oversold
CCI(14)
-79.4155
Sell
ATR(14)
0.0017
Less Volatility
Highs/Lows(14)
-0.0007
Sell
Ultimate Oscillator
32.401
Sell
ROC
-0.808
Sell
Bull/Bear Power(13)
-0.0014
Sell
Buy: 0
Sell: 8
Neutral: 0


Summary:Strong Sell","Jun 17, 2021 09:00PM GMT"
eur_gbp,0.8554 +0.0003    +0.03%,17:01:29,2021-06-17 21:02:10.407086,"Prev. Close: 0.8551
Bid/Ask: 0.8552 / 0.8555
Day's Range: 0.8552 - 0.8555",Strong Sell,"Summary:Strong Sell
Moving Averages:Strong SellBuy (0)Sell (12)
Technical Indicators:Strong SellBuy (2)Sell (8)","Name
S3
S2
S1
Pivot Points
R1
R2
R3
Classic
0.8542
0.8544
0.8549
0.8552
0.8557
0.8560
0.8564
Fibonacci
0.8544
0.8547
0.8549
0.8552
0.8555
0.8557
0.8560
Camarilla
0.8553
0.8554
0.8554
0.8552
0.8556
0.8556
0.8557
Woodie's
0.8544
0.8545
0.8551
0.8553
0.8559
0.8561
0.8566
DeMark's
-
-
0.8551
0.8553
0.8559
-
-","Technical IndicatorsJun 17, 2021 09:00PM GMT
Name
Value
Action
RSI(14)
38.165
Sell
STOCH(9,6)
39.877
Sell
STOCHRSI(14)
72.476
Buy
MACD(12,26)
-0.001
Sell
ADX(14)
43.763
Sell
Williams %R
-63.333
Sell
CCI(14)
-63.6456
Sell
ATR(14)
0.0010
Less Volatility
Highs/Lows(14)
0.0000
Neutral
Ultimate Oscillator
52.784
Buy
ROC
-0.023
Sell
Bull/Bear Power(13)
-0.0016
Sell
Buy: 2
Sell: 8
Neutral: 1


Summary:Strong Sell","Jun 17, 2021 09:00PM GMT"
usd_cad,1.2361 -0.0001    -0.00%,17:01:16,2021-06-17 21:02:10.409973,"Prev. Close: 1.2361
Bid/Ask: 1.2360 / 1.2361
Day's Range: 1.2361 - 1.2368",Strong Buy,"Summary:Strong Buy
Moving Averages:BuyBuy (12)Sell (0)
Technical Indicators:Strong BuyBuy (8)Sell (0)","Name
S3
S2
S1
Pivot Points
R1
R2
R3
Classic
1.2342
1.2346
1.2353
1.2357
1.2364
1.2368
1.2375
Fibonacci
1.2346
1.2350
1.2353
1.2357
1.2361
1.2364
1.2368
Camarilla
1.2358
1.2359
1.2360
1.2357
1.2362
1.2363
1.2364
Woodie's
1.2344
1.2347
1.2355
1.2358
1.2366
1.2369
1.2377
DeMark's
-
-
1.2356
1.2358
1.2366
-
-","Technical IndicatorsJun 17, 2021 09:00PM GMT
Name
Value
Action
RSI(14)
73.374
Buy
STOCH(9,6)
76.095
Buy
STOCHRSI(14)
54.993
Neutral
MACD(12,26)
0.003
Buy
ADX(14)
46.771
Buy
Williams %R
-16.000
Overbought
CCI(14)
135.3197
Buy
ATR(14)
0.0024
Less Volatility
Highs/Lows(14)
0.0014
Buy
Ultimate Oscillator
71.921
Overbought
ROC
0.504
Buy
Bull/Bear Power(13)
0.0052
Buy
Buy: 8
Sell: 0
Neutral: 1


Summary:Strong Buy","Jun 17, 2021 09:00PM GMT"
usd_chf,0.9176 +0.0003    +0.03%,17:00:44,2021-06-17 21:02:10.412861,"Prev. Close: 0.9173
Bid/Ask: 0.9175 / 0.9176
Day's Range: 0.9175 - 0.9183",Strong Buy,"Summary:Strong Buy
Moving Averages:BuyBuy (12)Sell (0)
Technical Indicators:Strong BuyBuy (7)Sell (0)","Name
S3
S2
S1
Pivot Points
R1
R2
R3
Classic
0.9166
0.9170
0.9173
0.9177
0.9180
0.9184
0.9187
Fibonacci
0.9170
0.9173
0.9174
0.9177
0.9180
0.9181
0.9184
Camarilla
0.9173
0.9174
0.9174
0.9177
0.9176
0.9176
0.9177
Woodie's
0.9164
0.9169
0.9171
0.9176
0.9178
0.9183
0.9185
DeMark's
-
-
0.9171
0.9176
0.9178
-
-","Technical IndicatorsJun 17, 2021 09:00PM GMT
Name
Value
Action
RSI(14)
76.165
Overbought
STOCH(9,6)
81.635
Overbought
STOCHRSI(14)
11.939
Oversold
MACD(12,26)
0.003
Buy
ADX(14)
44.101
Buy
Williams %R
-9.286
Overbought
CCI(14)
113.1566
Buy
ATR(14)
0.0015
Less Volatility
Highs/Lows(14)
0.0013
Buy
Ultimate Oscillator
69.579
Buy
ROC
0.663
Buy
Bull/Bear Power(13)
0.0043
Buy
Buy: 7
Sell: 0
Neutral: 0


Summary:Strong Buy","Jun 17, 2021 09:00PM GMT"
nzd_chf,0.6428 +0.0008    +0.13%,17:01:42,2021-06-17 21:02:10.415774,"Prev. Close: 0.6419
Bid/Ask: 0.6424 / 0.6431
Day's Range: 0.6422 - 0.6429",Neutral,"Summary:Neutral
Moving Averages:BuyBuy (9)Sell (3)
Technical Indicators:SellBuy (2)Sell (3)","Name
S3
S2
S1
Pivot Points
R1
R2
R3
Classic
0.6411
0.6417
0.6420
0.6426
0.6429
0.6435
0.6438
Fibonacci
0.6417
0.6420
0.6423
0.6426
0.6429
0.6432
0.6435
Camarilla
0.6421
0.6421
0.6422
0.6426
0.6424
0.6425
0.6425
Woodie's
0.6409
0.6416
0.6418
0.6425
0.6427
0.6434
0.6436
DeMark's
-
-
0.6419
0.6425
0.6427
-
-","Technical IndicatorsJun 17, 2021 09:00PM GMT
Name
Value
Action
RSI(14)
52.166
Neutral
STOCH(9,6)
61.025
Buy
STOCHRSI(14)
49.755
Neutral
MACD(12,26)
0.000
Buy
ADX(14)
31.225
Neutral
Williams %R
-52.689
Neutral
CCI(14)
1.3905
Neutral
ATR(14)
0.0012
Less Volatility
Highs/Lows(14)
0.0000
Neutral
Ultimate Oscillator
44.206
Sell
ROC
-0.256
Sell
Bull/Bear Power(13)
-0.0005
Sell
Buy: 2
Sell: 3
Neutral: 6


Summary:Sell","Jun 17, 2021 09:00PM GMT"
usd_cny,6.4484 +0.0515    +0.80%,11:27:22,2021-06-17 21:02:10.418659,"Prev. Close: 6.3969
Bid/Ask: 6.4477 / 6.4490
Day's Range: 6.3972 - 6.4494",Strong Buy,"Summary:Strong Buy
Moving Averages:BuyBuy (12)Sell (0)
Technical Indicators:Strong BuyBuy (7)Sell (0)","Name
S3
S2
S1
Pivot Points
R1
R2
R3
Classic
6.4380
6.4399
6.4436
6.4455
6.4492
6.4511
6.4548
Fibonacci
6.4399
6.4420
6.4434
6.4455
6.4476
6.4490
6.4511
Camarilla
6.4458
6.4463
6.4468
6.4455
6.4479
6.4484
6.4489
Woodie's
6.4390
6.4404
6.4446
6.4460
6.4502
6.4516
6.4558
DeMark's
-
-
6.4446
6.4460
6.4502
-
-","Technical IndicatorsJun 17, 2021 03:34PM GMT
Name
Value
Action
RSI(14)
85.433
Overbought
STOCH(9,6)
77.649
Buy
STOCHRSI(14)
100.000
Overbought
MACD(12,26)
0.011
Buy
ADX(14)
61.337
Buy
Williams %R
-3.426
Overbought
CCI(14)
151.8010
Buy
ATR(14)
0.0041
Less Volatility
Highs/Lows(14)
0.0141
Buy
Ultimate Oscillator
82.973
Overbought
ROC
0.391
Buy
Bull/Bear Power(13)
0.0286
Buy
Buy: 7
Sell: 0
Neutral: 0


Summary:Strong Buy","Jun 17, 2021 03:34PM GMT"
usd_hkd,7.7650 +0.0006    +0.01%,17:01:32,2021-06-17 21:02:10.421510,"Prev. Close: 7.7644
Bid/Ask: 7.7648 / 7.7651
Day's Range: 7.7644 - 7.7650",Strong Buy,"Summary:Strong Buy
Moving Averages:BuyBuy (12)Sell (0)
Technical Indicators:Strong BuyBuy (8)Sell (1)","Name
S3
S2
S1
Pivot Points
R1
R2
R3
Classic
7.7632
7.7636
7.7641
7.7645
7.7649
7.7654
7.7658
Fibonacci
7.7636
7.7639
7.7642
7.7645
7.7648
7.7651
7.7654
Camarilla
7.7642
7.7643
7.7644
7.7645
7.7645
7.7646
7.7647
Woodie's
7.7632
7.7636
7.7641
7.7645
7.7649
7.7654
7.7658
DeMark's
-
-
7.7638
7.7644
7.7647
-
-","Technical IndicatorsJun 17, 2021 09:02PM GMT
Name
Value
Action
RSI(14)
57.572
Buy
STOCH(9,6)
59.649
Buy
STOCHRSI(14)
49.448
Neutral
MACD(12,26)
0.000
Buy
ADX(14)
33.915
Sell
Williams %R
-31.593
Buy
CCI(14)
54.3097
Buy
ATR(14)
0.0009
Less Volatility
Highs/Lows(14)
0.0000
Neutral
Ultimate Oscillator
58.602
Buy
ROC
0.005
Buy
Bull/Bear Power(13)
0.0013
Buy
Buy: 8
Sell: 1
Neutral: 2


Summary:Strong Buy","Jun 17, 2021 09:02PM GMT"
eur_usd,1.1908 +0.0002    +0.02%,17:02:30,2021-06-17 21:03:10.453045,"Prev. Close: 1.1906
Bid/Ask: 1.1907 / 1.1909
Day's Range: 1.1907 - 1.1909",Strong Sell,"Summary:Strong Sell
Moving Averages:Strong SellBuy (0)Sell (12)
Technical Indicators:Strong SellBuy (0)Sell (10)","Name
S3
S2
S1
Pivot Points
R1
R2
R3
Classic
1.1893
1.1897
1.1902
1.1906
1.1911
1.1915
1.1921
Fibonacci
1.1897
1.1900
1.1902
1.1906
1.1910
1.1912
1.1915
Camarilla
1.1905
1.1906
1.1907
1.1906
1.1908
1.1909
1.1910
Woodie's
1.1893
1.1897
1.1902
1.1906
1.1911
1.1915
1.1921
DeMark's
-
-
1.1904
1.1907
1.1913
-
-","Technical IndicatorsJun 17, 2021 09:02PM GMT
Name
Value
Action
RSI(14)
27.984
Sell
STOCH(9,6)
23.705
Sell
STOCHRSI(14)
99.174
Overbought
MACD(12,26)
-0.004
Sell
ADX(14)
42.257
Sell
Williams %R
-79.310
Sell
CCI(14)
-91.2676
Sell
ATR(14)
0.0018
Less Volatility
Highs/Lows(14)
-0.0009
Sell
Ultimate Oscillator
32.927
Sell
ROC
-0.402
Sell
Bull/Bear Power(13)
-0.0024
Sell
Buy: 0
Sell: 10
Neutral: 0


Summary:Strong Sell","Jun 17, 2021 09:02PM GMT"
gbp_usd,1.3922 +0.0003    +0.02%,17:02:02,2021-06-17 21:03:10.456925,"Prev. Close: 1.3919
Bid/Ask: 1.3920 / 1.3924
Day's Range: 1.3922 - 1.3927",Strong Sell,"Summary:Strong Sell
Moving Averages:Strong SellBuy (0)Sell (12)
Technical Indicators:Strong SellBuy (0)Sell (10)","Name
S3
S2
S1
Pivot Points
R1
R2
R3
Classic
1.3912
1.3916
1.3921
1.3925
1.3930
1.3934
1.3940
Fibonacci
1.3916
1.3919
1.3922
1.3925
1.3928
1.3931
1.3934
Camarilla
1.3924
1.3925
1.3926
1.3925
1.3927
1.3928
1.3929
Woodie's
1.3912
1.3916
1.3921
1.3925
1.3930
1.3934
1.3940
DeMark's
-
-
1.3923
1.3926
1.3932
-
-","Technical IndicatorsJun 17, 2021 09:02PM GMT
Name
Value
Action
RSI(14)
35.741
Sell
STOCH(9,6)
31.491
Sell
STOCHRSI(14)
92.698
Overbought
MACD(12,26)
-0.003
Sell
ADX(14)
37.931
Sell
Williams %R
-73.738
Sell
CCI(14)
-70.9229
Sell
ATR(14)
0.0024
Less Volatility
Highs/Lows(14)
-0.0005
Sell
Ultimate Oscillator
32.791
Sell
ROC
-0.379
Sell
Bull/Bear Power(13)
-0.0014
Sell
Buy: 0
Sell: 10
Neutral: 0


Summary:Strong Sell","Jun 17, 2021 09:02PM GMT"
usd_jpy,110.22 +0.01    +0.01%,17:02:11,2021-06-17 21:03:10.460161,"Prev. Close: 110.20
Bid/Ask: 110.20 / 110.23
Day's Range: 110.17 - 110.83",Strong Sell,"Summary:Strong Sell
Moving Averages:SellBuy (4)Sell (8)
Technical Indicators:Strong SellBuy (0)Sell (8)","Name
S3
S2
S1
Pivot Points
R1
R2
R3
Classic
110.11
110.16
110.19
110.24
110.27
110.32
110.34
Fibonacci
110.16
110.19
110.21
110.24
110.27
110.29
110.32
Camarilla
110.19
110.20
110.21
110.24
110.22
110.23
110.24
Woodie's
110.09
110.15
110.17
110.23
110.25
110.31
110.32
DeMark's
-
-
110.17
110.23
110.25
-
-","Technical IndicatorsJun 17, 2021 09:01PM GMT
Name
Value
Action
RSI(14)
39.719
Sell
STOCH(9,6)
14.236
Oversold
STOCHRSI(14)
5.301
Oversold
MACD(12,26)
-0.030
Sell
ADX(14)
35.122
Sell
Williams %R
-92.437
Oversold
CCI(14)
-85.8158
Sell
ATR(14)
0.1204
Less Volatility
Highs/Lows(14)
-0.1421
Sell
Ultimate Oscillator
47.560
Sell
ROC
-0.330
Sell
Bull/Bear Power(13)
-0.3000
Sell
Buy: 0
Sell: 8
Neutral: 0


Summary:Strong Sell","Jun 17, 2021 09:01PM GMT"
aud_usd,0.7549 -0.0001    -0.01%,17:01:14,2021-06-17 21:03:10.463264,"Prev. Close: 0.7550
Bid/Ask: 0.7548 / 0.7550
Day's Range: 0.7547 - 0.7553",Strong Sell,"Summary:Strong Sell
Moving Averages:SellBuy (1)Sell (11)
Technical Indicators:Strong SellBuy (0)Sell (8)","Name
S3
S2
S1
Pivot Points
R1
R2
R3
Classic
0.7541
0.7544
0.7548
0.7551
0.7555
0.7558
0.7562
Fibonacci
0.7544
0.7547
0.7548
0.7551
0.7554
0.7555
0.7558
Camarilla
0.7549
0.7550
0.7550
0.7551
0.7552
0.7552
0.7553
Woodie's
0.7541
0.7544
0.7548
0.7551
0.7555
0.7558
0.7562
DeMark's
-
-
0.7549
0.7551
0.7556
-
-","Technical IndicatorsJun 17, 2021 09:00PM GMT
Name
Value
Action
RSI(14)
29.711
Sell
STOCH(9,6)
19.401
Oversold
STOCHRSI(14)
100.000
Overbought
MACD(12,26)
-0.003
Sell
ADX(14)
55.201
Sell
Williams %R
-83.833
Oversold
CCI(14)
-79.4155
Sell
ATR(14)
0.0017
Less Volatility
Highs/Lows(14)
-0.0007
Sell
Ultimate Oscillator
32.401
Sell
ROC
-0.808
Sell
Bull/Bear Power(13)
-0.0014
Sell
Buy: 0
Sell: 8
Neutral: 0


Summary:Strong Sell","Jun 17, 2021 09:00PM GMT"
eur_gbp,0.8553 +0.0002    +0.02%,17:02:30,2021-06-17 21:03:10.466265,"Prev. Close: 0.8551
Bid/Ask: 0.8551 / 0.8555
Day's Range: 0.8552 - 0.8555",Strong Sell,"Summary:Strong Sell
Moving Averages:Strong SellBuy (0)Sell (12)
Technical Indicators:Strong SellBuy (2)Sell (8)","Name
S3
S2
S1
Pivot Points
R1
R2
R3
Classic
0.8542
0.8544
0.8549
0.8552
0.8557
0.8560
0.8564
Fibonacci
0.8544
0.8547
0.8549
0.8552
0.8555
0.8557
0.8560
Camarilla
0.8553
0.8554
0.8554
0.8552
0.8556
0.8556
0.8557
Woodie's
0.8544
0.8545
0.8551
0.8553
0.8559
0.8561
0.8566
DeMark's
-
-
0.8551
0.8553
0.8559
-
-","Technical IndicatorsJun 17, 2021 09:02PM GMT
Name
Value
Action
RSI(14)
38.165
Sell
STOCH(9,6)
39.877
Sell
STOCHRSI(14)
72.476
Buy
MACD(12,26)
-0.001
Sell
ADX(14)
43.763
Sell
Williams %R
-63.333
Sell
CCI(14)
-54.7525
Sell
ATR(14)
0.0010
Less Volatility
Highs/Lows(14)
0.0000
Neutral
Ultimate Oscillator
52.784
Buy
ROC
-0.023
Sell
Bull/Bear Power(13)
-0.0014
Sell
Buy: 2
Sell: 8
Neutral: 1


Summary:Strong Sell","Jun 17, 2021 09:02PM GMT"
usd_cad,1.2361 -0.0001    -0.00%,17:02:43,2021-06-17 21:03:10.469255,"Prev. Close: 1.2361
Bid/Ask: 1.2360 / 1.2361
Day's Range: 1.2361 - 1.2368",Strong Buy,"Summary:Strong Buy
Moving Averages:BuyBuy (12)Sell (0)
Technical Indicators:Strong BuyBuy (8)Sell (0)","Name
S3
S2
S1
Pivot Points
R1
R2
R3
Classic
1.2342
1.2346
1.2353
1.2357
1.2364
1.2368
1.2375
Fibonacci
1.2346
1.2350
1.2353
1.2357
1.2361
1.2364
1.2368
Camarilla
1.2358
1.2359
1.2360
1.2357
1.2362
1.2363
1.2364
Woodie's
1.2344
1.2347
1.2355
1.2358
1.2366
1.2369
1.2377
DeMark's
-
-
1.2356
1.2358
1.2366
-
-","Technical IndicatorsJun 17, 2021 09:02PM GMT
Name
Value
Action
RSI(14)
73.050
Buy
STOCH(9,6)
75.792
Buy
STOCHRSI(14)
52.549
Neutral
MACD(12,26)
0.003
Buy
ADX(14)
46.771
Buy
Williams %R
-17.715
Overbought
CCI(14)
131.5765
Buy
ATR(14)
0.0024
Less Volatility
Highs/Lows(14)
0.0013
Buy
Ultimate Oscillator
71.149
Overbought
ROC
0.492
Buy
Bull/Bear Power(13)
0.0050
Buy
Buy: 8
Sell: 0
Neutral: 1


Summary:Strong Buy","Jun 17, 2021 09:02PM GMT"
usd_chf,0.9176 +0.0003    +0.03%,17:00:44,2021-06-17 21:03:10.472279,"Prev. Close: 0.9173
Bid/Ask: 0.9175 / 0.9176
Day's Range: 0.9175 - 0.9183",Strong Buy,"Summary:Strong Buy
Moving Averages:BuyBuy (12)Sell (0)
Technical Indicators:Strong BuyBuy (7)Sell (0)","Name
S3
S2
S1
Pivot Points
R1
R2
R3
Classic
0.9166
0.9170
0.9173
0.9177
0.9180
0.9184
0.9187
Fibonacci
0.9170
0.9173
0.9174
0.9177
0.9180
0.9181
0.9184
Camarilla
0.9173
0.9174
0.9174
0.9177
0.9176
0.9176
0.9177
Woodie's
0.9164
0.9169
0.9171
0.9176
0.9178
0.9183
0.9185
DeMark's
-
-
0.9171
0.9176
0.9178
-
-","Technical IndicatorsJun 17, 2021 09:00PM GMT
Name
Value
Action
RSI(14)
76.165
Overbought
STOCH(9,6)
81.635
Overbought
STOCHRSI(14)
11.939
Oversold
MACD(12,26)
0.003
Buy
ADX(14)
44.101
Buy
Williams %R
-9.286
Overbought
CCI(14)
113.1566
Buy
ATR(14)
0.0015
Less Volatility
Highs/Lows(14)
0.0013
Buy
Ultimate Oscillator
69.579
Buy
ROC
0.663
Buy
Bull/Bear Power(13)
0.0043
Buy
Buy: 7
Sell: 0
Neutral: 0


Summary:Strong Buy","Jun 17, 2021 09:00PM GMT"
nzd_chf,0.6428 +0.0008    +0.13%,17:02:43,2021-06-17 21:03:10.475287,"Prev. Close: 0.6419
Bid/Ask: 0.6424 / 0.6431
Day's Range: 0.6422 - 0.6429",Neutral,"Summary:Neutral
Moving Averages:BuyBuy (9)Sell (3)
Technical Indicators:SellBuy (2)Sell (5)","Name
S3
S2
S1
Pivot Points
R1
R2
R3
Classic
0.6411
0.6417
0.6420
0.6426
0.6429
0.6435
0.6438
Fibonacci
0.6417
0.6420
0.6423
0.6426
0.6429
0.6432
0.6435
Camarilla
0.6421
0.6421
0.6422
0.6426
0.6424
0.6425
0.6425
Woodie's
0.6409
0.6416
0.6418
0.6425
0.6427
0.6434
0.6436
DeMark's
-
-
0.6419
0.6425
0.6427
-
-","Technical IndicatorsJun 17, 2021 09:02PM GMT
Name
Value
Action
RSI(14)
51.052
Neutral
STOCH(9,6)
60.064
Buy
STOCHRSI(14)
45.485
Neutral
MACD(12,26)
0.000
Buy
ADX(14)
32.454
Sell
Williams %R
-55.914
Sell
CCI(14)
-19.4814
Neutral
ATR(14)
0.0012
Less Volatility
Highs/Lows(14)
0.0000
Neutral
Ultimate Oscillator
42.536
Sell
ROC
-0.279
Sell
Bull/Bear Power(13)
-0.0009
Sell
Buy: 2
Sell: 5
Neutral: 4


Summary:Sell","Jun 17, 2021 09:02PM GMT"
usd_cny,6.4484 +0.0515    +0.80%,11:27:22,2021-06-17 21:03:10.478264,"Prev. Close: 6.3969
Bid/Ask: 6.4477 / 6.4490
Day's Range: 6.3972 - 6.4494",Strong Buy,"Summary:Strong Buy
Moving Averages:BuyBuy (12)Sell (0)
Technical Indicators:Strong BuyBuy (7)Sell (0)","Name
S3
S2
S1
Pivot Points
R1
R2
R3
Classic
6.4380
6.4399
6.4436
6.4455
6.4492
6.4511
6.4548
Fibonacci
6.4399
6.4420
6.4434
6.4455
6.4476
6.4490
6.4511
Camarilla
6.4458
6.4463
6.4468
6.4455
6.4479
6.4484
6.4489
Woodie's
6.4390
6.4404
6.4446
6.4460
6.4502
6.4516
6.4558
DeMark's
-
-
6.4446
6.4460
6.4502
-
-","Technical IndicatorsJun 17, 2021 03:34PM GMT
Name
Value
Action
RSI(14)
85.433
Overbought
STOCH(9,6)
77.649
Buy
STOCHRSI(14)
100.000
Overbought
MACD(12,26)
0.011
Buy
ADX(14)
61.337
Buy
Williams %R
-3.426
Overbought
CCI(14)
151.8010
Buy
ATR(14)
0.0041
Less Volatility
Highs/Lows(14)
0.0141
Buy
Ultimate Oscillator
82.973
Overbought
ROC
0.391
Buy
Bull/Bear Power(13)
0.0286
Buy
Buy: 7
Sell: 0
Neutral: 0


Summary:Strong Buy","Jun 17, 2021 03:34PM GMT"
usd_hkd,7.7650 +0.0006    +0.01%,17:02:09,2021-06-17 21:03:10.481252,"Prev. Close: 7.7644
Bid/Ask: 7.7648 / 7.7651
Day's Range: 7.7644 - 7.7650",Strong Buy,"Summary:Strong Buy
Moving Averages:BuyBuy (12)Sell (0)
Technical Indicators:Strong BuyBuy (8)Sell (1)","Name
S3
S2
S1
Pivot Points
R1
R2
R3
Classic
7.7632
7.7636
7.7641
7.7645
7.7649
7.7654
7.7658
Fibonacci
7.7636
7.7639
7.7642
7.7645
7.7648
7.7651
7.7654
Camarilla
7.7642
7.7643
7.7644
7.7645
7.7645
7.7646
7.7647
Woodie's
7.7632
7.7636
7.7641
7.7645
7.7649
7.7654
7.7658
DeMark's
-
-
7.7638
7.7644
7.7647
-
-","Technical IndicatorsJun 17, 2021 09:02PM GMT
Name
Value
Action
RSI(14)
57.572
Buy
STOCH(9,6)
59.649
Buy
STOCHRSI(14)
49.448
Neutral
MACD(12,26)
0.000
Buy
ADX(14)
33.915
Sell
Williams %R
-31.593
Buy
CCI(14)
54.3097
Buy
ATR(14)
0.0009
Less Volatility
Highs/Lows(14)
0.0000
Neutral
Ultimate Oscillator
58.602
Buy
ROC
0.005
Buy
Bull/Bear Power(13)
0.0013
Buy
Buy: 8
Sell: 1
Neutral: 2


Summary:Strong Buy","Jun 17, 2021 09:02PM GMT"
eur_usd,1.1908 +0.0001    +0.01%,17:03:33,2021-06-17 21:04:10.363539,"Prev. Close: 1.1906
Bid/Ask: 1.1906 / 1.1909
Day's Range: 1.1907 - 1.1909",Strong Sell,"Summary:Strong Sell
Moving Averages:Strong SellBuy (0)Sell (12)
Technical Indicators:Strong SellBuy (0)Sell (10)","Name
S3
S2
S1
Pivot Points
R1
R2
R3
Classic
1.1893
1.1897
1.1902
1.1906
1.1911
1.1915
1.1921
Fibonacci
1.1897
1.1900
1.1902
1.1906
1.1910
1.1912
1.1915
Camarilla
1.1905
1.1906
1.1907
1.1906
1.1908
1.1909
1.1910
Woodie's
1.1893
1.1897
1.1902
1.1906
1.1911
1.1915
1.1921
DeMark's
-
-
1.1904
1.1907
1.1913
-
-","Technical IndicatorsJun 17, 2021 09:02PM GMT
Name
Value
Action
RSI(14)
27.984
Sell
STOCH(9,6)
23.705
Sell
STOCHRSI(14)
99.174
Overbought
MACD(12,26)
-0.004
Sell
ADX(14)
42.257
Sell
Williams %R
-79.310
Sell
CCI(14)
-91.2676
Sell
ATR(14)
0.0018
Less Volatility
Highs/Lows(14)
-0.0009
Sell
Ultimate Oscillator
32.927
Sell
ROC
-0.402
Sell
Bull/Bear Power(13)
-0.0024
Sell
Buy: 0
Sell: 10
Neutral: 0


Summary:Strong Sell","Jun 17, 2021 09:02PM GMT"
gbp_usd,1.3922 +0.0003    +0.02%,17:02:02,2021-06-17 21:04:10.367380,"Prev. Close: 1.3919
Bid/Ask: 1.3920 / 1.3924
Day's Range: 1.3922 - 1.3927",Strong Sell,"Summary:Strong Sell
Moving Averages:Strong SellBuy (0)Sell (12)
Technical Indicators:Strong SellBuy (0)Sell (10)","Name
S3
S2
S1
Pivot Points
R1
R2
R3
Classic
1.3912
1.3916
1.3921
1.3925
1.3930
1.3934
1.3940
Fibonacci
1.3916
1.3919
1.3922
1.3925
1.3928
1.3931
1.3934
Camarilla
1.3924
1.3925
1.3926
1.3925
1.3927
1.3928
1.3929
Woodie's
1.3912
1.3916
1.3921
1.3925
1.3930
1.3934
1.3940
DeMark's
-
-
1.3923
1.3926
1.3932
-
-","Technical IndicatorsJun 17, 2021 09:02PM GMT
Name
Value
Action
RSI(14)
35.741
Sell
STOCH(9,6)
31.491
Sell
STOCHRSI(14)
92.698
Overbought
MACD(12,26)
-0.003
Sell
ADX(14)
37.931
Sell
Williams %R
-73.738
Sell
CCI(14)
-70.9229
Sell
ATR(14)
0.0024
Less Volatility
Highs/Lows(14)
-0.0005
Sell
Ultimate Oscillator
32.791
Sell
ROC
-0.379
Sell
Bull/Bear Power(13)
-0.0014
Sell
Buy: 0
Sell: 10
Neutral: 0


Summary:Strong Sell","Jun 17, 2021 09:02PM GMT"
usd_jpy,110.22 +0.01    +0.01%,17:03:32,2021-06-17 21:04:10.370449,"Prev. Close: 110.20
Bid/Ask: 110.20 / 110.23
Day's Range: 110.17 - 110.83",Strong Sell,"Summary:Strong Sell
Moving Averages:SellBuy (4)Sell (8)
Technical Indicators:Strong SellBuy (0)Sell (8)","Name
S3
S2
S1
Pivot Points
R1
R2
R3
Classic
110.11
110.16
110.19
110.24
110.27
110.32
110.34
Fibonacci
110.16
110.19
110.21
110.24
110.27
110.29
110.32
Camarilla
110.19
110.20
110.21
110.24
110.22
110.23
110.24
Woodie's
110.09
110.15
110.17
110.23
110.25
110.31
110.32
DeMark's
-
-
110.17
110.23
110.25
-
-","Technical IndicatorsJun 17, 2021 09:03PM GMT
Name
Value
Action
RSI(14)
39.719
Sell
STOCH(9,6)
14.236
Oversold
STOCHRSI(14)
5.301
Oversold
MACD(12,26)
-0.030
Sell
ADX(14)
35.122
Sell
Williams %R
-92.437
Oversold
CCI(14)
-85.8158
Sell
ATR(14)
0.1204
Less Volatility
Highs/Lows(14)
-0.1421
Sell
Ultimate Oscillator
47.560
Sell
ROC
-0.330
Sell
Bull/Bear Power(13)
-0.3000
Sell
Buy: 0
Sell: 8
Neutral: 0


Summary:Strong Sell","Jun 17, 2021 09:03PM GMT"
aud_usd,0.7552 +0.0001    +0.02%,17:03:42,2021-06-17 21:04:10.373339,"Prev. Close: 0.7550
Bid/Ask: 0.7550 / 0.7553
Day's Range: 0.7547 - 0.7553",Strong Sell,"Summary:Strong Sell
Moving Averages:Strong SellBuy (0)Sell (12)
Technical Indicators:Strong SellBuy (0)Sell (8)","Name
S3
S2
S1
Pivot Points
R1
R2
R3
Classic
0.7541
0.7544
0.7548
0.7551
0.7555
0.7558
0.7562
Fibonacci
0.7544
0.7547
0.7548
0.7551
0.7554
0.7555
0.7558
Camarilla
0.7549
0.7550
0.7550
0.7551
0.7552
0.7552
0.7553
Woodie's
0.7541
0.7544
0.7548
0.7551
0.7555
0.7558
0.7562
DeMark's
-
-
0.7549
0.7551
0.7556
-
-","Technical IndicatorsJun 17, 2021 09:02PM GMT
Name
Value
Action
RSI(14)
27.756
Sell
STOCH(9,6)
18.131
Oversold
STOCHRSI(14)
93.318
Overbought
MACD(12,26)
-0.003
Sell
ADX(14)
55.201
Sell
Williams %R
-88.623
Oversold
CCI(14)
-92.7310
Sell
ATR(14)
0.0017
Less Volatility
Highs/Lows(14)
-0.0010
Sell
Ultimate Oscillator
31.283
Sell
ROC
-0.860
Sell
Bull/Bear Power(13)
-0.0020
Sell
Buy: 0
Sell: 8
Neutral: 0


Summary:Strong Sell","Jun 17, 2021 09:02PM GMT"
eur_gbp,0.8553 +0.0002    +0.02%,17:03:33,2021-06-17 21:04:10.376213,"Prev. Close: 0.8551
Bid/Ask: 0.8551 / 0.8555
Day's Range: 0.8552 - 0.8555",Strong Sell,"Summary:Strong Sell
Moving Averages:Strong SellBuy (0)Sell (12)
Technical Indicators:Strong SellBuy (2)Sell (8)","Name
S3
S2
S1
Pivot Points
R1
R2
R3
Classic
0.8542
0.8544
0.8549
0.8552
0.8557
0.8560
0.8564
Fibonacci
0.8544
0.8547
0.8549
0.8552
0.8555
0.8557
0.8560
Camarilla
0.8553
0.8554
0.8554
0.8552
0.8556
0.8556
0.8557
Woodie's
0.8544
0.8545
0.8551
0.8553
0.8559
0.8561
0.8566
DeMark's
-
-
0.8551
0.8553
0.8559
-
-","Technical IndicatorsJun 17, 2021 09:02PM GMT
Name
Value
Action
RSI(14)
38.165
Sell
STOCH(9,6)
39.877
Sell
STOCHRSI(14)
72.476
Buy
MACD(12,26)
-0.001
Sell
ADX(14)
43.763
Sell
Williams %R
-63.333
Sell
CCI(14)
-54.7525
Sell
ATR(14)
0.0010
Less Volatility
Highs/Lows(14)
0.0000
Neutral
Ultimate Oscillator
52.784
Buy
ROC
-0.023
Sell
Bull/Bear Power(13)
-0.0014
Sell
Buy: 2
Sell: 8
Neutral: 1


Summary:Strong Sell","Jun 17, 2021 09:02PM GMT"
usd_cad,1.2361 -0.0001    -0.00%,17:03:12,2021-06-17 21:04:10.379072,"Prev. Close: 1.2361
Bid/Ask: 1.2360 / 1.2361
Day's Range: 1.2359 - 1.2368",Strong Buy,"Summary:Strong Buy
Moving Averages:BuyBuy (12)Sell (0)
Technical Indicators:Strong BuyBuy (8)Sell (0)","Name
S3
S2
S1
Pivot Points
R1
R2
R3
Classic
1.2342
1.2346
1.2353
1.2357
1.2364
1.2368
1.2375
Fibonacci
1.2346
1.2350
1.2353
1.2357
1.2361
1.2364
1.2368
Camarilla
1.2358
1.2359
1.2360
1.2357
1.2362
1.2363
1.2364
Woodie's
1.2344
1.2347
1.2355
1.2358
1.2366
1.2369
1.2377
DeMark's
-
-
1.2356
1.2358
1.2366
-
-","Technical IndicatorsJun 17, 2021 09:02PM GMT
Name
Value
Action
RSI(14)
73.050
Buy
STOCH(9,6)
75.792
Buy
STOCHRSI(14)
52.549
Neutral
MACD(12,26)
0.003
Buy
ADX(14)
46.771
Buy
Williams %R
-17.715
Overbought
CCI(14)
131.5765
Buy
ATR(14)
0.0024
Less Volatility
Highs/Lows(14)
0.0013
Buy
Ultimate Oscillator
71.149
Overbought
ROC
0.492
Buy
Bull/Bear Power(13)
0.0050
Buy
Buy: 8
Sell: 0
Neutral: 1


Summary:Strong Buy","Jun 17, 2021 09:02PM GMT"
usd_chf,0.9176 +0.0003    +0.03%,17:00:44,2021-06-17 21:04:10.381885,"Prev. Close: 0.9173
Bid/Ask: 0.9175 / 0.9176
Day's Range: 0.9175 - 0.9183",Strong Buy,"Summary:Strong Buy
Moving Averages:BuyBuy (12)Sell (0)
Technical Indicators:Strong BuyBuy (7)Sell (0)","Name
S3
S2
S1
Pivot Points
R1
R2
R3
Classic
0.9166
0.9170
0.9173
0.9177
0.9180
0.9184
0.9187
Fibonacci
0.9170
0.9173
0.9174
0.9177
0.9180
0.9181
0.9184
Camarilla
0.9173
0.9174
0.9174
0.9177
0.9176
0.9176
0.9177
Woodie's
0.9164
0.9169
0.9171
0.9176
0.9178
0.9183
0.9185
DeMark's
-
-
0.9171
0.9176
0.9178
-
-","Technical IndicatorsJun 17, 2021 09:00PM GMT
Name
Value
Action
RSI(14)
76.165
Overbought
STOCH(9,6)
81.635
Overbought
STOCHRSI(14)
11.939
Oversold
MACD(12,26)
0.003
Buy
ADX(14)
44.101
Buy
Williams %R
-9.286
Overbought
CCI(14)
113.1566
Buy
ATR(14)
0.0015
Less Volatility
Highs/Lows(14)
0.0013
Buy
Ultimate Oscillator
69.579
Buy
ROC
0.663
Buy
Bull/Bear Power(13)
0.0043
Buy
Buy: 7
Sell: 0
Neutral: 0


Summary:Strong Buy","Jun 17, 2021 09:00PM GMT"
nzd_chf,0.6426 +0.0007    +0.11%,17:03:42,2021-06-17 21:04:10.384744,"Prev. Close: 0.6419
Bid/Ask: 0.6423 / 0.6429
Day's Range: 0.6422 - 0.6429",Neutral,"Summary:Neutral
Moving Averages:BuyBuy (9)Sell (3)
Technical Indicators:SellBuy (2)Sell (5)","Name
S3
S2
S1
Pivot Points
R1
R2
R3
Classic
0.6411
0.6417
0.6420
0.6426
0.6429
0.6435
0.6438
Fibonacci
0.6417
0.6420
0.6423
0.6426
0.6429
0.6432
0.6435
Camarilla
0.6421
0.6421
0.6422
0.6426
0.6424
0.6425
0.6425
Woodie's
0.6409
0.6416
0.6418
0.6425
0.6427
0.6434
0.6436
DeMark's
-
-
0.6419
0.6425
0.6427
-
-","Technical IndicatorsJun 17, 2021 09:02PM GMT
Name
Value
Action
RSI(14)
51.052
Neutral
STOCH(9,6)
60.064
Buy
STOCHRSI(14)
45.485
Neutral
MACD(12,26)
0.000
Buy
ADX(14)
32.454
Sell
Williams %R
-55.914
Sell
CCI(14)
-19.4814
Neutral
ATR(14)
0.0012
Less Volatility
Highs/Lows(14)
0.0000
Neutral
Ultimate Oscillator
42.536
Sell
ROC
-0.279
Sell
Bull/Bear Power(13)
-0.0009
Sell
Buy: 2
Sell: 5
Neutral: 4


Summary:Sell","Jun 17, 2021 09:02PM GMT"
usd_cny,6.4484 +0.0515    +0.80%,11:27:22,2021-06-17 21:04:10.387615,"Prev. Close: 6.3969
Bid/Ask: 6.4477 / 6.4490
Day's Range: 6.3972 - 6.4494",Strong Buy,"Summary:Strong Buy
Moving Averages:BuyBuy (12)Sell (0)
Technical Indicators:Strong BuyBuy (7)Sell (0)","Name
S3
S2
S1
Pivot Points
R1
R2
R3
Classic
6.4380
6.4399
6.4436
6.4455
6.4492
6.4511
6.4548
Fibonacci
6.4399
6.4420
6.4434
6.4455
6.4476
6.4490
6.4511
Camarilla
6.4458
6.4463
6.4468
6.4455
6.4479
6.4484
6.4489
Woodie's
6.4390
6.4404
6.4446
6.4460
6.4502
6.4516
6.4558
DeMark's
-
-
6.4446
6.4460
6.4502
-
-","Technical IndicatorsJun 17, 2021 03:34PM GMT
Name
Value
Action
RSI(14)
85.433
Overbought
STOCH(9,6)
77.649
Buy
STOCHRSI(14)
100.000
Overbought
MACD(12,26)
0.011
Buy
ADX(14)
61.337
Buy
Williams %R
-3.426
Overbought
CCI(14)
151.8010
Buy
ATR(14)
0.0041
Less Volatility
Highs/Lows(14)
0.0141
Buy
Ultimate Oscillator
82.973
Overbought
ROC
0.391
Buy
Bull/Bear Power(13)
0.0286
Buy
Buy: 7
Sell: 0
Neutral: 0


Summary:Strong Buy","Jun 17, 2021 03:34PM GMT"
usd_hkd,7.7646 +0.0002    +0.00%,17:03:28,2021-06-17 21:04:10.390460,"Prev. Close: 7.7644
Bid/Ask: 7.7644 / 7.7648
Day's Range: 7.7644 - 7.7650",Buy,"Summary:Buy
Moving Averages:BuyBuy (10)Sell (2)
Technical Indicators:BUYBuy (4)Sell (2)","Name
S3
S2
S1
Pivot Points
R1
R2
R3
Classic
7.7632
7.7636
7.7641
7.7645
7.7649
7.7654
7.7658
Fibonacci
7.7636
7.7639
7.7642
7.7645
7.7648
7.7651
7.7654
Camarilla
7.7642
7.7643
7.7644
7.7645
7.7645
7.7646
7.7647
Woodie's
7.7632
7.7636
7.7641
7.7645
7.7649
7.7654
7.7658
DeMark's
-
-
7.7638
7.7644
7.7647
-
-","Technical IndicatorsJun 17, 2021 09:04PM GMT
Name
Value
Action
RSI(14)
54.946
Neutral
STOCH(9,6)
55.161
Buy
STOCHRSI(14)
31.762
Sell
MACD(12,26)
0.000
Buy
ADX(14)
33.915
Sell
Williams %R
-50.013
Neutral
CCI(14)
25.3616
Neutral
ATR(14)
0.0009
Less Volatility
Highs/Lows(14)
0.0000
Neutral
Ultimate Oscillator
53.242
Buy
ROC
0.000
Neutral
Bull/Bear Power(13)
0.0013
Buy
Buy: 4
Sell: 2
Neutral: 5


Summary:BUY","Jun 17, 2021 09:04PM GMT"
eur_usd,1.1908 +0.0001    +0.01%,17:04:43,2021-06-17 21:05:10.466957,"Prev. Close: 1.1906
Bid/Ask: 1.1906 / 1.1909
Day's Range: 1.1907 - 1.1909",Strong Sell,"Summary:Strong Sell
Moving Averages:Strong SellBuy (0)Sell (12)
Technical Indicators:Strong SellBuy (0)Sell (10)","Name
S3
S2
S1
Pivot Points
R1
R2
R3
Classic
1.1893
1.1897
1.1902
1.1906
1.1911
1.1915
1.1921
Fibonacci
1.1897
1.1900
1.1902
1.1906
1.1910
1.1912
1.1915
Camarilla
1.1905
1.1906
1.1907
1.1906
1.1908
1.1909
1.1910
Woodie's
1.1893
1.1897
1.1902
1.1906
1.1911
1.1915
1.1921
DeMark's
-
-
1.1904
1.1907
1.1913
-
-","Technical IndicatorsJun 17, 2021 09:04PM GMT
Name
Value
Action
RSI(14)
28.090
Sell
STOCH(9,6)
23.846
Sell
STOCHRSI(14)
100.000
Overbought
MACD(12,26)
-0.004
Sell
ADX(14)
42.257
Sell
Williams %R
-78.621
Sell
CCI(14)
-90.6094
Sell
ATR(14)
0.0018
Less Volatility
Highs/Lows(14)
-0.0009
Sell
Ultimate Oscillator
33.242
Sell
ROC
-0.397
Sell
Bull/Bear Power(13)
-0.0024
Sell
Buy: 0
Sell: 10
Neutral: 0


Summary:Strong Sell","Jun 17, 2021 09:04PM GMT"
gbp_usd,1.3922 +0.0003    +0.02%,17:04:15,2021-06-17 21:05:10.470775,"Prev. Close: 1.3919
Bid/Ask: 1.3920 / 1.3924
Day's Range: 1.3922 - 1.3927",Strong Sell,"Summary:Strong Sell
Moving Averages:Strong SellBuy (0)Sell (12)
Technical Indicators:Strong SellBuy (0)Sell (10)","Name
S3
S2
S1
Pivot Points
R1
R2
R3
Classic
1.3912
1.3916
1.3921
1.3925
1.3930
1.3934
1.3940
Fibonacci
1.3916
1.3919
1.3922
1.3925
1.3928
1.3931
1.3934
Camarilla
1.3924
1.3925
1.3926
1.3925
1.3927
1.3928
1.3929
Woodie's
1.3912
1.3916
1.3921
1.3925
1.3930
1.3934
1.3940
DeMark's
-
-
1.3923
1.3926
1.3932
-
-","Technical IndicatorsJun 17, 2021 09:02PM GMT
Name
Value
Action
RSI(14)
35.741
Sell
STOCH(9,6)
31.491
Sell
STOCHRSI(14)
92.698
Overbought
MACD(12,26)
-0.003
Sell
ADX(14)
37.931
Sell
Williams %R
-73.738
Sell
CCI(14)
-70.9229
Sell
ATR(14)
0.0024
Less Volatility
Highs/Lows(14)
-0.0005
Sell
Ultimate Oscillator
32.791
Sell
ROC
-0.379
Sell
Bull/Bear Power(13)
-0.0014
Sell
Buy: 0
Sell: 10
Neutral: 0


Summary:Strong Sell","Jun 17, 2021 09:02PM GMT"
usd_jpy,110.22 +0.01    +0.01%,17:04:16,2021-06-17 21:05:10.473905,"Prev. Close: 110.20
Bid/Ask: 110.20 / 110.23
Day's Range: 110.17 - 110.83",Strong Sell,"Summary:Strong Sell
Moving Averages:SellBuy (4)Sell (8)
Technical Indicators:Strong SellBuy (0)Sell (8)","Name
S3
S2
S1
Pivot Points
R1
R2
R3
Classic
110.11
110.16
110.19
110.24
110.27
110.32
110.34
Fibonacci
110.16
110.19
110.21
110.24
110.27
110.29
110.32
Camarilla
110.19
110.20
110.21
110.24
110.22
110.23
110.24
Woodie's
110.09
110.15
110.17
110.23
110.25
110.31
110.32
DeMark's
-
-
110.17
110.23
110.25
-
-","Technical IndicatorsJun 17, 2021 09:03PM GMT
Name
Value
Action
RSI(14)
39.719
Sell
STOCH(9,6)
14.236
Oversold
STOCHRSI(14)
5.301
Oversold
MACD(12,26)
-0.030
Sell
ADX(14)
35.122
Sell
Williams %R
-92.437
Oversold
CCI(14)
-85.8158
Sell
ATR(14)
0.1204
Less Volatility
Highs/Lows(14)
-0.1421
Sell
Ultimate Oscillator
47.560
Sell
ROC
-0.330
Sell
Bull/Bear Power(13)
-0.3000
Sell
Buy: 0
Sell: 8
Neutral: 0


Summary:Strong Sell","Jun 17, 2021 09:03PM GMT"
aud_usd,0.7552 +0.0001    +0.02%,17:04:43,2021-06-17 21:05:10.476892,"Prev. Close: 0.7550
Bid/Ask: 0.7550 / 0.7553
Day's Range: 0.7547 - 0.7553",Strong Sell,"Summary:Strong Sell
Moving Averages:SellBuy (2)Sell (10)
Technical Indicators:Strong SellBuy (0)Sell (8)","Name
S3
S2
S1
Pivot Points
R1
R2
R3
Classic
0.7541
0.7544
0.7548
0.7551
0.7555
0.7558
0.7562
Fibonacci
0.7544
0.7547
0.7548
0.7551
0.7554
0.7555
0.7558
Camarilla
0.7549
0.7550
0.7550
0.7551
0.7552
0.7552
0.7553
Woodie's
0.7541
0.7544
0.7548
0.7551
0.7555
0.7558
0.7562
DeMark's
-
-
0.7549
0.7551
0.7556
-
-","Technical IndicatorsJun 17, 2021 09:04PM GMT
Name
Value
Action
RSI(14)
29.017
Sell
STOCH(9,6)
19.084
Oversold
STOCHRSI(14)
100.000
Overbought
MACD(12,26)
-0.003
Sell
ADX(14)
55.201
Sell
Williams %R
-85.030
Oversold
CCI(14)
-88.7795
Sell
ATR(14)
0.0017
Less Volatility
Highs/Lows(14)
-0.0007
Sell
Ultimate Oscillator
33.696
Sell
ROC
-0.821
Sell
Bull/Bear Power(13)
-0.0020
Sell
Buy: 0
Sell: 8
Neutral: 0


Summary:Strong Sell","Jun 17, 2021 09:04PM GMT"
eur_gbp,0.8553 +0.0002    +0.02%,17:04:43,2021-06-17 21:05:10.479791,"Prev. Close: 0.8551
Bid/Ask: 0.8551 / 0.8555
Day's Range: 0.8552 - 0.8555",Strong Sell,"Summary:Strong Sell
Moving Averages:Strong SellBuy (0)Sell (12)
Technical Indicators:Strong SellBuy (2)Sell (8)","Name
S3
S2
S1
Pivot Points
R1
R2
R3
Classic
0.8542
0.8544
0.8549
0.8552
0.8557
0.8560
0.8564
Fibonacci
0.8544
0.8547
0.8549
0.8552
0.8555
0.8557
0.8560
Camarilla
0.8553
0.8554
0.8554
0.8552
0.8556
0.8556
0.8557
Woodie's
0.8544
0.8545
0.8551
0.8553
0.8559
0.8561
0.8566
DeMark's
-
-
0.8551
0.8553
0.8559
-
-","Technical IndicatorsJun 17, 2021 09:04PM GMT
Name
Value
Action
RSI(14)
38.516
Sell
STOCH(9,6)
40.185
Sell
STOCHRSI(14)
73.999
Buy
MACD(12,26)
-0.001
Sell
ADX(14)
43.763
Sell
Williams %R
-61.667
Sell
CCI(14)
-51.7476
Sell
ATR(14)
0.0010
Less Volatility
Highs/Lows(14)
0.0000
Neutral
Ultimate Oscillator
53.506
Buy
ROC
-0.018
Sell
Bull/Bear Power(13)
-0.0014
Sell
Buy: 2
Sell: 8
Neutral: 1


Summary:Strong Sell","Jun 17, 2021 09:04PM GMT"
usd_cad,1.2352 -0.0009    -0.07%,17:04:47,2021-06-17 21:05:10.482672,"Prev. Close: 1.2361
Bid/Ask: 1.2350 / 1.2354
Day's Range: 1.2351 - 1.2368",Strong Buy,"Summary:Strong Buy
Moving Averages:BuyBuy (12)Sell (0)
Technical Indicators:Strong BuyBuy (8)Sell (0)","Name
S3
S2
S1
Pivot Points
R1
R2
R3
Classic
1.2342
1.2346
1.2353
1.2357
1.2364
1.2368
1.2375
Fibonacci
1.2346
1.2350
1.2353
1.2357
1.2361
1.2364
1.2368
Camarilla
1.2358
1.2359
1.2360
1.2357
1.2362
1.2363
1.2364
Woodie's
1.2344
1.2347
1.2355
1.2358
1.2366
1.2369
1.2377
DeMark's
-
-
1.2356
1.2358
1.2366
-
-","Technical IndicatorsJun 17, 2021 09:04PM GMT
Name
Value
Action
RSI(14)
73.050
Buy
STOCH(9,6)
75.792
Buy
STOCHRSI(14)
52.549
Neutral
MACD(12,26)
0.003
Buy
ADX(14)
46.516
Buy
Williams %R
-17.715
Overbought
CCI(14)
127.8010
Buy
ATR(14)
0.0024
Less Volatility
Highs/Lows(14)
0.0013
Buy
Ultimate Oscillator
71.448
Overbought
ROC
0.492
Buy
Bull/Bear Power(13)
0.0047
Buy
Buy: 8
Sell: 0
Neutral: 1


Summary:Strong Buy","Jun 17, 2021 09:04PM GMT"
usd_chf,0.9176 +0.0003    +0.03%,17:00:44,2021-06-17 21:05:10.485512,"Prev. Close: 0.9173
Bid/Ask: 0.9175 / 0.9176
Day's Range: 0.9175 - 0.9183",Strong Buy,"Summary:Strong Buy
Moving Averages:BuyBuy (12)Sell (0)
Technical Indicators:Strong BuyBuy (7)Sell (0)","Name
S3
S2
S1
Pivot Points
R1
R2
R3
Classic
0.9166
0.9170
0.9173
0.9177
0.9180
0.9184
0.9187
Fibonacci
0.9170
0.9173
0.9174
0.9177
0.9180
0.9181
0.9184
Camarilla
0.9173
0.9174
0.9174
0.9177
0.9176
0.9176
0.9177
Woodie's
0.9164
0.9169
0.9171
0.9176
0.9178
0.9183
0.9185
DeMark's
-
-
0.9171
0.9176
0.9178
-
-","Technical IndicatorsJun 17, 2021 09:00PM GMT
Name
Value
Action
RSI(14)
76.165
Overbought
STOCH(9,6)
81.635
Overbought
STOCHRSI(14)
11.939
Oversold
MACD(12,26)
0.003
Buy
ADX(14)
44.101
Buy
Williams %R
-9.286
Overbought
CCI(14)
113.1566
Buy
ATR(14)
0.0015
Less Volatility
Highs/Lows(14)
0.0013
Buy
Ultimate Oscillator
69.579
Buy
ROC
0.663
Buy
Bull/Bear Power(13)
0.0043
Buy
Buy: 7
Sell: 0
Neutral: 0


Summary:Strong Buy","Jun 17, 2021 09:00PM GMT"
nzd_chf,0.6426 +0.0007    +0.11%,17:04:43,2021-06-17 21:05:10.488381,"Prev. Close: 0.6419
Bid/Ask: 0.6423 / 0.6429
Day's Range: 0.6422 - 0.6429",Sell,"Summary:Sell
Moving Averages:NeutralBuy (6)Sell (6)
Technical Indicators:Strong SellBuy (2)Sell (6)","Name
S3
S2
S1
Pivot Points
R1
R2
R3
Classic
0.6411
0.6417
0.6420
0.6426
0.6429
0.6435
0.6438
Fibonacci
0.6417
0.6420
0.6423
0.6426
0.6429
0.6432
0.6435
Camarilla
0.6421
0.6421
0.6422
0.6426
0.6424
0.6425
0.6425
Woodie's
0.6409
0.6416
0.6418
0.6425
0.6427
0.6434
0.6436
DeMark's
-
-
0.6419
0.6425
0.6427
-
-","Technical IndicatorsJun 17, 2021 09:04PM GMT
Name
Value
Action
RSI(14)
50.669
Neutral
STOCH(9,6)
59.744
Buy
STOCHRSI(14)
44.017
Sell
MACD(12,26)
0.000
Buy
ADX(14)
32.454
Sell
Williams %R
-56.990
Sell
CCI(14)
-21.1794
Neutral
ATR(14)
0.0012
Less Volatility
Highs/Lows(14)
0.0000
Neutral
Ultimate Oscillator
41.946
Sell
ROC
-0.287
Sell
Bull/Bear Power(13)
-0.0009
Sell
Buy: 2
Sell: 6
Neutral: 3


Summary:Strong Sell","Jun 17, 2021 09:04PM GMT"
usd_cny,6.4484 +0.0515    +0.80%,11:27:22,2021-06-17 21:05:10.491345,"Prev. Close: 6.3969
Bid/Ask: 6.4477 / 6.4490
Day's Range: 6.3972 - 6.4494",Strong Buy,"Summary:Strong Buy
Moving Averages:BuyBuy (12)Sell (0)
Technical Indicators:Strong BuyBuy (7)Sell (0)","Name
S3
S2
S1
Pivot Points
R1
R2
R3
Classic
6.4380
6.4399
6.4436
6.4455
6.4492
6.4511
6.4548
Fibonacci
6.4399
6.4420
6.4434
6.4455
6.4476
6.4490
6.4511
Camarilla
6.4458
6.4463
6.4468
6.4455
6.4479
6.4484
6.4489
Woodie's
6.4390
6.4404
6.4446
6.4460
6.4502
6.4516
6.4558
DeMark's
-
-
6.4446
6.4460
6.4502
-
-","Technical IndicatorsJun 17, 2021 03:34PM GMT
Name
Value
Action
RSI(14)
85.433
Overbought
STOCH(9,6)
77.649
Buy
STOCHRSI(14)
100.000
Overbought
MACD(12,26)
0.011
Buy
ADX(14)
61.337
Buy
Williams %R
-3.426
Overbought
CCI(14)
151.8010
Buy
ATR(14)
0.0041
Less Volatility
Highs/Lows(14)
0.0141
Buy
Ultimate Oscillator
82.973
Overbought
ROC
0.391
Buy
Bull/Bear Power(13)
0.0286
Buy
Buy: 7
Sell: 0
Neutral: 0


Summary:Strong Buy","Jun 17, 2021 03:34PM GMT"
usd_hkd,7.7646 +0.0002    +0.00%,17:04:29,2021-06-17 21:05:10.494189,"Prev. Close: 7.7644
Bid/Ask: 7.7644 / 7.7648
Day's Range: 7.7644 - 7.7650",Buy,"Summary:Buy
Moving Averages:BuyBuy (10)Sell (2)
Technical Indicators:BUYBuy (4)Sell (2)","Name
S3
S2
S1
Pivot Points
R1
R2
R3
Classic
7.7632
7.7636
7.7641
7.7645
7.7649
7.7654
7.7658
Fibonacci
7.7636
7.7639
7.7642
7.7645
7.7648
7.7651
7.7654
Camarilla
7.7642
7.7643
7.7644
7.7645
7.7645
7.7646
7.7647
Woodie's
7.7632
7.7636
7.7641
7.7645
7.7649
7.7654
7.7658
DeMark's
-
-
7.7638
7.7644
7.7647
-
-","Technical IndicatorsJun 17, 2021 09:04PM GMT
Name
Value
Action
RSI(14)
54.946
Neutral
STOCH(9,6)
55.161
Buy
STOCHRSI(14)
31.762
Sell
MACD(12,26)
0.000
Buy
ADX(14)
33.915
Sell
Williams %R
-50.013
Neutral
CCI(14)
25.3616
Neutral
ATR(14)
0.0009
Less Volatility
Highs/Lows(14)
0.0000
Neutral
Ultimate Oscillator
53.242
Buy
ROC
0.000
Neutral
Bull/Bear Power(13)
0.0013
Buy
Buy: 4
Sell: 2
Neutral: 5


Summary:BUY","Jun 17, 2021 09:04PM GMT"
eur_usd,1.1906 0.0000    0.00%,17:05:30,2021-06-17 21:06:10.484440,"Prev. Close: 1.1906
Bid/Ask: 1.1904 / 1.1908
Day's Range: 1.1906 - 1.1909",Strong Sell,"Summary:Strong Sell
Moving Averages:Strong SellBuy (0)Sell (12)
Technical Indicators:Strong SellBuy (0)Sell (10)","Name
S3
S2
S1
Pivot Points
R1
R2
R3
Classic
1.1893
1.1897
1.1902
1.1906
1.1911
1.1915
1.1921
Fibonacci
1.1897
1.1900
1.1902
1.1906
1.1910
1.1912
1.1915
Camarilla
1.1905
1.1906
1.1907
1.1906
1.1908
1.1909
1.1910
Woodie's
1.1893
1.1897
1.1902
1.1906
1.1911
1.1915
1.1921
DeMark's
-
-
1.1904
1.1907
1.1913
-
-","Technical IndicatorsJun 17, 2021 09:04PM GMT
Name
Value
Action
RSI(14)
28.090
Sell
STOCH(9,6)
23.846
Sell
STOCHRSI(14)
100.000
Overbought
MACD(12,26)
-0.004
Sell
ADX(14)
42.257
Sell
Williams %R
-78.621
Sell
CCI(14)
-90.6094
Sell
ATR(14)
0.0018
Less Volatility
Highs/Lows(14)
-0.0009
Sell
Ultimate Oscillator
33.242
Sell
ROC
-0.397
Sell
Bull/Bear Power(13)
-0.0024
Sell
Buy: 0
Sell: 10
Neutral: 0


Summary:Strong Sell","Jun 17, 2021 09:04PM GMT"
gbp_usd,1.3922 +0.0003    +0.02%,17:04:15,2021-06-17 21:06:10.488349,"Prev. Close: 1.3919
Bid/Ask: 1.3920 / 1.3924
Day's Range: 1.3922 - 1.3927",Strong Sell,"Summary:Strong Sell
Moving Averages:Strong SellBuy (0)Sell (12)
Technical Indicators:Strong SellBuy (0)Sell (10)","Name
S3
S2
S1
Pivot Points
R1
R2
R3
Classic
1.3912
1.3916
1.3921
1.3925
1.3930
1.3934
1.3940
Fibonacci
1.3916
1.3919
1.3922
1.3925
1.3928
1.3931
1.3934
Camarilla
1.3924
1.3925
1.3926
1.3925
1.3927
1.3928
1.3929
Woodie's
1.3912
1.3916
1.3921
1.3925
1.3930
1.3934
1.3940
DeMark's
-
-
1.3923
1.3926
1.3932
-
-","Technical IndicatorsJun 17, 2021 09:02PM GMT
Name
Value
Action
RSI(14)
35.741
Sell
STOCH(9,6)
31.491
Sell
STOCHRSI(14)
92.698
Overbought
MACD(12,26)
-0.003
Sell
ADX(14)
37.931
Sell
Williams %R
-73.738
Sell
CCI(14)
-70.9229
Sell
ATR(14)
0.0024
Less Volatility
Highs/Lows(14)
-0.0005
Sell
Ultimate Oscillator
32.791
Sell
ROC
-0.379
Sell
Bull/Bear Power(13)
-0.0014
Sell
Buy: 0
Sell: 10
Neutral: 0


Summary:Strong Sell","Jun 17, 2021 09:02PM GMT"
usd_jpy,110.22 +0.01    +0.01%,17:05:42,2021-06-17 21:06:10.491513,"Prev. Close: 110.20
Bid/Ask: 110.20 / 110.23
Day's Range: 110.17 - 110.83",Strong Sell,"Summary:Strong Sell
Moving Averages:SellBuy (4)Sell (8)
Technical Indicators:Strong SellBuy (0)Sell (8)","Name
S3
S2
S1
Pivot Points
R1
R2
R3
Classic
110.11
110.16
110.19
110.24
110.27
110.32
110.34
Fibonacci
110.16
110.19
110.21
110.24
110.27
110.29
110.32
Camarilla
110.19
110.20
110.21
110.24
110.22
110.23
110.24
Woodie's
110.09
110.15
110.17
110.23
110.25
110.31
110.32
DeMark's
-
-
110.17
110.23
110.25
-
-","Technical IndicatorsJun 17, 2021 09:05PM GMT
Name
Value
Action
RSI(14)
39.719
Sell
STOCH(9,6)
14.236
Oversold
STOCHRSI(14)
5.301
Oversold
MACD(12,26)
-0.030
Sell
ADX(14)
35.122
Sell
Williams %R
-92.437
Oversold
CCI(14)
-85.8158
Sell
ATR(14)
0.1204
Less Volatility
Highs/Lows(14)
-0.1421
Sell
Ultimate Oscillator
47.560
Sell
ROC
-0.330
Sell
Bull/Bear Power(13)
-0.3000
Sell
Buy: 0
Sell: 8
Neutral: 0


Summary:Strong Sell","Jun 17, 2021 09:05PM GMT"
aud_usd,0.7552 +0.0001    +0.02%,17:05:00,2021-06-17 21:06:10.494482,"Prev. Close: 0.7550
Bid/Ask: 0.7550 / 0.7553
Day's Range: 0.7547 - 0.7553",Strong Sell,"Summary:Strong Sell
Moving Averages:SellBuy (2)Sell (10)
Technical Indicators:Strong SellBuy (0)Sell (8)","Name
S3
S2
S1
Pivot Points
R1
R2
R3
Classic
0.7541
0.7544
0.7548
0.7551
0.7555
0.7558
0.7562
Fibonacci
0.7544
0.7547
0.7548
0.7551
0.7554
0.7555
0.7558
Camarilla
0.7549
0.7550
0.7550
0.7551
0.7552
0.7552
0.7553
Woodie's
0.7541
0.7544
0.7548
0.7551
0.7555
0.7558
0.7562
DeMark's
-
-
0.7549
0.7551
0.7556
-
-","Technical IndicatorsJun 17, 2021 09:05PM GMT
Name
Value
Action
RSI(14)
29.017
Sell
STOCH(9,6)
19.084
Oversold
STOCHRSI(14)
100.000
Overbought
MACD(12,26)
-0.003
Sell
ADX(14)
55.201
Sell
Williams %R
-85.030
Oversold
CCI(14)
-88.7795
Sell
ATR(14)
0.0017
Less Volatility
Highs/Lows(14)
-0.0007
Sell
Ultimate Oscillator
33.696
Sell
ROC
-0.821
Sell
Bull/Bear Power(13)
-0.0020
Sell
Buy: 0
Sell: 8
Neutral: 0


Summary:Strong Sell","Jun 17, 2021 09:05PM GMT"
eur_gbp,0.8552 +0.0001    +0.01%,17:05:30,2021-06-17 21:06:10.497360,"Prev. Close: 0.8551
Bid/Ask: 0.8550 / 0.8554
Day's Range: 0.8552 - 0.8555",Strong Sell,"Summary:Strong Sell
Moving Averages:Strong SellBuy (0)Sell (12)
Technical Indicators:Strong SellBuy (2)Sell (8)","Name
S3
S2
S1
Pivot Points
R1
R2
R3
Classic
0.8542
0.8544
0.8549
0.8552
0.8557
0.8560
0.8564
Fibonacci
0.8544
0.8547
0.8549
0.8552
0.8555
0.8557
0.8560
Camarilla
0.8553
0.8554
0.8554
0.8552
0.8556
0.8556
0.8557
Woodie's
0.8544
0.8545
0.8551
0.8553
0.8559
0.8561
0.8566
DeMark's
-
-
0.8551
0.8553
0.8559
-
-","Technical IndicatorsJun 17, 2021 09:04PM GMT
Name
Value
Action
RSI(14)
38.516
Sell
STOCH(9,6)
40.185
Sell
STOCHRSI(14)
73.999
Buy
MACD(12,26)
-0.001
Sell
ADX(14)
43.763
Sell
Williams %R
-61.667
Sell
CCI(14)
-51.7476
Sell
ATR(14)
0.0010
Less Volatility
Highs/Lows(14)
0.0000
Neutral
Ultimate Oscillator
53.506
Buy
ROC
-0.018
Sell
Bull/Bear Power(13)
-0.0014
Sell
Buy: 2
Sell: 8
Neutral: 1


Summary:Strong Sell","Jun 17, 2021 09:04PM GMT"
usd_cad,1.2358 -0.0003    -0.02%,17:05:35,2021-06-17 21:06:10.500228,"Prev. Close: 1.2361
Bid/Ask: 1.2356 / 1.2360
Day's Range: 1.2351 - 1.2368",Strong Buy,"Summary:Strong Buy
Moving Averages:BuyBuy (12)Sell (0)
Technical Indicators:Strong BuyBuy (9)Sell (1)","Name
S3
S2
S1
Pivot Points
R1
R2
R3
Classic
1.2342
1.2346
1.2353
1.2357
1.2364
1.2368
1.2375
Fibonacci
1.2346
1.2350
1.2353
1.2357
1.2361
1.2364
1.2368
Camarilla
1.2358
1.2359
1.2360
1.2357
1.2362
1.2363
1.2364
Woodie's
1.2344
1.2347
1.2355
1.2358
1.2366
1.2369
1.2377
DeMark's
-
-
1.2356
1.2358
1.2366
-
-","Technical IndicatorsJun 17, 2021 09:05PM GMT
Name
Value
Action
RSI(14)
71.093
Buy
STOCH(9,6)
74.984
Buy
STOCHRSI(14)
37.789
Sell
MACD(12,26)
0.003
Buy
ADX(14)
45.997
Buy
Williams %R
-22.286
Buy
CCI(14)
112.3335
Buy
ATR(14)
0.0024
Less Volatility
Highs/Lows(14)
0.0009
Buy
Ultimate Oscillator
70.635
Overbought
ROC
0.459
Buy
Bull/Bear Power(13)
0.0039
Buy
Buy: 9
Sell: 1
Neutral: 0


Summary:Strong Buy","Jun 17, 2021 09:05PM GMT"
usd_chf,0.9178 +0.0005    +0.05%,17:05:42,2021-06-17 21:06:10.503095,"Prev. Close: 0.9173
Bid/Ask: 0.9176 / 0.9180
Day's Range: 0.9175 - 0.9183",Strong Buy,"Summary:Strong Buy
Moving Averages:BuyBuy (10)Sell (2)
Technical Indicators:Strong BuyBuy (10)Sell (0)","Name
S3
S2
S1
Pivot Points
R1
R2
R3
Classic
0.9166
0.9170
0.9173
0.9177
0.9180
0.9184
0.9187
Fibonacci
0.9170
0.9173
0.9174
0.9177
0.9180
0.9181
0.9184
Camarilla
0.9173
0.9174
0.9174
0.9177
0.9176
0.9176
0.9177
Woodie's
0.9164
0.9169
0.9171
0.9176
0.9178
0.9183
0.9185
DeMark's
-
-
0.9171
0.9176
0.9178
-
-","Technical IndicatorsJun 17, 2021 09:06PM GMT
Name
Value
Action
RSI(14)
72.976
Buy
STOCH(9,6)
78.857
Buy
STOCHRSI(14)
0.000
Oversold
MACD(12,26)
0.004
Buy
ADX(14)
44.390
Buy
Williams %R
-22.143
Buy
CCI(14)
90.0812
Buy
ATR(14)
0.0015
Less Volatility
Highs/Lows(14)
0.0004
Buy
Ultimate Oscillator
62.544
Buy
ROC
0.565
Buy
Bull/Bear Power(13)
0.0035
Buy
Buy: 10
Sell: 0
Neutral: 0


Summary:Strong Buy","Jun 17, 2021 09:06PM GMT"
nzd_chf,0.6427 +0.0008    +0.12%,17:05:38,2021-06-17 21:06:10.505942,"Prev. Close: 0.6419
Bid/Ask: 0.6422 / 0.6432
Day's Range: 0.6422 - 0.6429",Sell,"Summary:Sell
Moving Averages:NeutralBuy (6)Sell (6)
Technical Indicators:Strong SellBuy (2)Sell (6)","Name
S3
S2
S1
Pivot Points
R1
R2
R3
Classic
0.6411
0.6417
0.6420
0.6426
0.6429
0.6435
0.6438
Fibonacci
0.6417
0.6420
0.6423
0.6426
0.6429
0.6432
0.6435
Camarilla
0.6421
0.6421
0.6422
0.6426
0.6424
0.6425
0.6425
Woodie's
0.6409
0.6416
0.6418
0.6425
0.6427
0.6434
0.6436
DeMark's
-
-
0.6419
0.6425
0.6427
-
-","Technical IndicatorsJun 17, 2021 09:04PM GMT
Name
Value
Action
RSI(14)
50.669
Neutral
STOCH(9,6)
59.744
Buy
STOCHRSI(14)
44.017
Sell
MACD(12,26)
0.000
Buy
ADX(14)
32.454
Sell
Williams %R
-56.990
Sell
CCI(14)
-21.1794
Neutral
ATR(14)
0.0012
Less Volatility
Highs/Lows(14)
0.0000
Neutral
Ultimate Oscillator
41.946
Sell
ROC
-0.287
Sell
Bull/Bear Power(13)
-0.0009
Sell
Buy: 2
Sell: 6
Neutral: 3


Summary:Strong Sell","Jun 17, 2021 09:04PM GMT"
usd_cny,6.4484 +0.0515    +0.80%,11:27:22,2021-06-17 21:06:10.509039,"Prev. Close: 6.3969
Bid/Ask: 6.4477 / 6.4490
Day's Range: 6.3972 - 6.4494",Strong Buy,"Summary:Strong Buy
Moving Averages:BuyBuy (12)Sell (0)
Technical Indicators:Strong BuyBuy (7)Sell (0)","Name
S3
S2
S1
Pivot Points
R1
R2
R3
Classic
6.4380
6.4399
6.4436
6.4455
6.4492
6.4511
6.4548
Fibonacci
6.4399
6.4420
6.4434
6.4455
6.4476
6.4490
6.4511
Camarilla
6.4458
6.4463
6.4468
6.4455
6.4479
6.4484
6.4489
Woodie's
6.4390
6.4404
6.4446
6.4460
6.4502
6.4516
6.4558
DeMark's
-
-
6.4446
6.4460
6.4502
-
-","Technical IndicatorsJun 17, 2021 03:34PM GMT
Name
Value
Action
RSI(14)
85.433
Overbought
STOCH(9,6)
77.649
Buy
STOCHRSI(14)
100.000
Overbought
MACD(12,26)
0.011
Buy
ADX(14)
61.337
Buy
Williams %R
-3.426
Overbought
CCI(14)
151.8010
Buy
ATR(14)
0.0041
Less Volatility
Highs/Lows(14)
0.0141
Buy
Ultimate Oscillator
82.973
Overbought
ROC
0.391
Buy
Bull/Bear Power(13)
0.0286
Buy
Buy: 7
Sell: 0
Neutral: 0


Summary:Strong Buy","Jun 17, 2021 03:34PM GMT"
usd_hkd,7.7648 +0.0004    +0.01%,17:05:31,2021-06-17 21:06:10.511917,"Prev. Close: 7.7644
Bid/Ask: 7.7647 / 7.7649
Day's Range: 7.7644 - 7.7650",Buy,"Summary:Buy
Moving Averages:BuyBuy (10)Sell (2)
Technical Indicators:BUYBuy (4)Sell (2)","Name
S3
S2
S1
Pivot Points
R1
R2
R3
Classic
7.7632
7.7636
7.7641
7.7645
7.7649
7.7654
7.7658
Fibonacci
7.7636
7.7639
7.7642
7.7645
7.7648
7.7651
7.7654
Camarilla
7.7642
7.7643
7.7644
7.7645
7.7645
7.7646
7.7647
Woodie's
7.7632
7.7636
7.7641
7.7645
7.7649
7.7654
7.7658
DeMark's
-
-
7.7638
7.7644
7.7647
-
-","Technical IndicatorsJun 17, 2021 09:04PM GMT
Name
Value
Action
RSI(14)
54.946
Neutral
STOCH(9,6)
55.161
Buy
STOCHRSI(14)
31.762
Sell
MACD(12,26)
0.000
Buy
ADX(14)
33.915
Sell
Williams %R
-50.013
Neutral
CCI(14)
25.3616
Neutral
ATR(14)
0.0009
Less Volatility
Highs/Lows(14)
0.0000
Neutral
Ultimate Oscillator
53.242
Buy
ROC
0.000
Neutral
Bull/Bear Power(13)
0.0013
Buy
Buy: 4
Sell: 2
Neutral: 5


Summary:BUY","Jun 17, 2021 09:04PM GMT"
eur_usd,1.1906 0.0000    0.00%,17:06:28,2021-06-17 21:07:10.602887,"Prev. Close: 1.1906
Bid/Ask: 1.1904 / 1.1908
Day's Range: 1.1906 - 1.1909",Strong Sell,"Summary:Strong Sell
Moving Averages:Strong SellBuy (0)Sell (12)
Technical Indicators:Strong SellBuy (0)Sell (9)","Name
S3
S2
S1
Pivot Points
R1
R2
R3
Classic
1.1893
1.1897
1.1902
1.1906
1.1911
1.1915
1.1921
Fibonacci
1.1897
1.1900
1.1902
1.1906
1.1910
1.1912
1.1915
Camarilla
1.1905
1.1906
1.1907
1.1906
1.1908
1.1909
1.1910
Woodie's
1.1893
1.1897
1.1902
1.1906
1.1911
1.1915
1.1921
DeMark's
-
-
1.1904
1.1907
1.1913
-
-","Technical IndicatorsJun 17, 2021 09:06PM GMT
Name
Value
Action
RSI(14)
27.878
Sell
STOCH(9,6)
23.563
Sell
STOCHRSI(14)
98.347
Overbought
MACD(12,26)
-0.004
Sell
ADX(14)
42.257
Sell
Williams %R
-80.001
Oversold
CCI(14)
-93.2392
Sell
ATR(14)
0.0018
Less Volatility
Highs/Lows(14)
-0.0010
Sell
Ultimate Oscillator
33.035
Sell
ROC
-0.406
Sell
Bull/Bear Power(13)
-0.0025
Sell
Buy: 0
Sell: 9
Neutral: 0


Summary:Strong Sell","Jun 17, 2021 09:06PM GMT"
gbp_usd,1.3924 +0.0004    +0.03%,17:06:18,2021-06-17 21:07:10.606764,"Prev. Close: 1.3919
Bid/Ask: 1.3921 / 1.3926
Day's Range: 1.3922 - 1.3927",Strong Sell,"Summary:Strong Sell
Moving Averages:Strong SellBuy (0)Sell (12)
Technical Indicators:Strong SellBuy (0)Sell (10)","Name
S3
S2
S1
Pivot Points
R1
R2
R3
Classic
1.3912
1.3916
1.3921
1.3925
1.3930
1.3934
1.3940
Fibonacci
1.3916
1.3919
1.3922
1.3925
1.3928
1.3931
1.3934
Camarilla
1.3924
1.3925
1.3926
1.3925
1.3927
1.3928
1.3929
Woodie's
1.3912
1.3916
1.3921
1.3925
1.3930
1.3934
1.3940
DeMark's
-
-
1.3923
1.3926
1.3932
-
-","Technical IndicatorsJun 17, 2021 09:05PM GMT
Name
Value
Action
RSI(14)
35.849
Sell
STOCH(9,6)
31.616
Sell
STOCHRSI(14)
93.494
Overbought
MACD(12,26)
-0.003
Sell
ADX(14)
37.931
Sell
Williams %R
-73.233
Sell
CCI(14)
-70.3636
Sell
ATR(14)
0.0024
Less Volatility
Highs/Lows(14)
-0.0005
Sell
Ultimate Oscillator
33.057
Sell
ROC
-0.376
Sell
Bull/Bear Power(13)
-0.0034
Sell
Buy: 0
Sell: 10
Neutral: 0


Summary:Strong Sell","Jun 17, 2021 09:05PM GMT"
usd_jpy,110.22 +0.01    +0.01%,17:06:29,2021-06-17 21:07:10.609855,"Prev. Close: 110.20
Bid/Ask: 110.20 / 110.23
Day's Range: 110.17 - 110.83",Strong Sell,"Summary:Strong Sell
Moving Averages:SellBuy (4)Sell (8)
Technical Indicators:Strong SellBuy (0)Sell (8)","Name
S3
S2
S1
Pivot Points
R1
R2
R3
Classic
110.11
110.16
110.19
110.24
110.27
110.32
110.34
Fibonacci
110.16
110.19
110.21
110.24
110.27
110.29
110.32
Camarilla
110.19
110.20
110.21
110.24
110.22
110.23
110.24
Woodie's
110.09
110.15
110.17
110.23
110.25
110.31
110.32
DeMark's
-
-
110.17
110.23
110.25
-
-","Technical IndicatorsJun 17, 2021 09:05PM GMT
Name
Value
Action
RSI(14)
39.719
Sell
STOCH(9,6)
14.236
Oversold
STOCHRSI(14)
5.301
Oversold
MACD(12,26)
-0.030
Sell
ADX(14)
35.122
Sell
Williams %R
-92.437
Oversold
CCI(14)
-85.8158
Sell
ATR(14)
0.1204
Less Volatility
Highs/Lows(14)
-0.1421
Sell
Ultimate Oscillator
47.560
Sell
ROC
-0.330
Sell
Bull/Bear Power(13)
-0.3000
Sell
Buy: 0
Sell: 8
Neutral: 0


Summary:Strong Sell","Jun 17, 2021 09:05PM GMT"
aud_usd,0.7552 +0.0001    +0.02%,17:06:43,2021-06-17 21:07:10.612804,"Prev. Close: 0.7550
Bid/Ask: 0.7550 / 0.7553
Day's Range: 0.7547 - 0.7553",Strong Sell,"Summary:Strong Sell
Moving Averages:SellBuy (2)Sell (10)
Technical Indicators:Strong SellBuy (0)Sell (8)","Name
S3
S2
S1
Pivot Points
R1
R2
R3
Classic
0.7541
0.7544
0.7548
0.7551
0.7555
0.7558
0.7562
Fibonacci
0.7544
0.7547
0.7548
0.7551
0.7554
0.7555
0.7558
Camarilla
0.7549
0.7550
0.7550
0.7551
0.7552
0.7552
0.7553
Woodie's
0.7541
0.7544
0.7548
0.7551
0.7555
0.7558
0.7562
DeMark's
-
-
0.7549
0.7551
0.7556
-
-","Technical IndicatorsJun 17, 2021 09:05PM GMT
Name
Value
Action
RSI(14)
29.017
Sell
STOCH(9,6)
19.084
Oversold
STOCHRSI(14)
100.000
Overbought
MACD(12,26)
-0.003
Sell
ADX(14)
55.201
Sell
Williams %R
-85.030
Oversold
CCI(14)
-88.7795
Sell
ATR(14)
0.0017
Less Volatility
Highs/Lows(14)
-0.0007
Sell
Ultimate Oscillator
33.696
Sell
ROC
-0.821
Sell
Bull/Bear Power(13)
-0.0020
Sell
Buy: 0
Sell: 8
Neutral: 0


Summary:Strong Sell","Jun 17, 2021 09:05PM GMT"
eur_gbp,0.8554 +0.0003    +0.04%,17:06:52,2021-06-17 21:07:10.615930,"Prev. Close: 0.8551
Bid/Ask: 0.8552 / 0.8556
Day's Range: 0.8551 - 0.8555",Strong Sell,"Summary:Strong Sell
Moving Averages:Strong SellBuy (0)Sell (12)
Technical Indicators:Strong SellBuy (2)Sell (8)","Name
S3
S2
S1
Pivot Points
R1
R2
R3
Classic
0.8542
0.8544
0.8549
0.8552
0.8557
0.8560
0.8564
Fibonacci
0.8544
0.8547
0.8549
0.8552
0.8555
0.8557
0.8560
Camarilla
0.8553
0.8554
0.8554
0.8552
0.8556
0.8556
0.8557
Woodie's
0.8544
0.8545
0.8551
0.8553
0.8559
0.8561
0.8566
DeMark's
-
-
0.8551
0.8553
0.8559
-
-","Technical IndicatorsJun 17, 2021 09:06PM GMT
Name
Value
Action
RSI(14)
37.820
Sell
STOCH(9,6)
39.568
Sell
STOCHRSI(14)
70.979
Buy
MACD(12,26)
-0.001
Sell
ADX(14)
43.763
Sell
Williams %R
-65.000
Sell
CCI(14)
-60.7013
Sell
ATR(14)
0.0010
Less Volatility
Highs/Lows(14)
0.0000
Neutral
Ultimate Oscillator
52.413
Buy
ROC
-0.029
Sell
Bull/Bear Power(13)
-0.0014
Sell
Buy: 2
Sell: 8
Neutral: 1


Summary:Strong Sell","Jun 17, 2021 09:06PM GMT"
usd_cad,1.2358 -0.0003    -0.02%,17:06:48,2021-06-17 21:07:10.618831,"Prev. Close: 1.2361
Bid/Ask: 1.2356 / 1.2360
Day's Range: 1.2351 - 1.2368",Strong Buy,"Summary:Strong Buy
Moving Averages:BuyBuy (12)Sell (0)
Technical Indicators:Strong BuyBuy (9)Sell (1)","Name
S3
S2
S1
Pivot Points
R1
R2
R3
Classic
1.2342
1.2346
1.2353
1.2357
1.2364
1.2368
1.2375
Fibonacci
1.2346
1.2350
1.2353
1.2357
1.2361
1.2364
1.2368
Camarilla
1.2358
1.2359
1.2360
1.2357
1.2362
1.2363
1.2364
Woodie's
1.2344
1.2347
1.2355
1.2358
1.2366
1.2369
1.2377
DeMark's
-
-
1.2356
1.2358
1.2366
-
-","Technical IndicatorsJun 17, 2021 09:05PM GMT
Name
Value
Action
RSI(14)
71.093
Buy
STOCH(9,6)
74.984
Buy
STOCHRSI(14)
37.789
Sell
MACD(12,26)
0.003
Buy
ADX(14)
45.997
Buy
Williams %R
-22.286
Buy
CCI(14)
112.3335
Buy
ATR(14)
0.0024
Less Volatility
Highs/Lows(14)
0.0009
Buy
Ultimate Oscillator
70.635
Overbought
ROC
0.459
Buy
Bull/Bear Power(13)
0.0039
Buy
Buy: 9
Sell: 1
Neutral: 0


Summary:Strong Buy","Jun 17, 2021 09:05PM GMT"
usd_chf,0.9175 +0.0002    +0.02%,17:06:15,2021-06-17 21:07:10.621683,"Prev. Close: 0.9173
Bid/Ask: 0.9173 / 0.9177
Day's Range: 0.9173 - 0.9183",Strong Buy,"Summary:Strong Buy
Moving Averages:BuyBuy (10)Sell (2)
Technical Indicators:Strong BuyBuy (10)Sell (0)","Name
S3
S2
S1
Pivot Points
R1
R2
R3
Classic
0.9166
0.9170
0.9173
0.9177
0.9180
0.9184
0.9187
Fibonacci
0.9170
0.9173
0.9174
0.9177
0.9180
0.9181
0.9184
Camarilla
0.9173
0.9174
0.9174
0.9177
0.9176
0.9176
0.9177
Woodie's
0.9164
0.9169
0.9171
0.9176
0.9178
0.9183
0.9185
DeMark's
-
-
0.9171
0.9176
0.9178
-
-","Technical IndicatorsJun 17, 2021 09:06PM GMT
Name
Value
Action
RSI(14)
72.976
Buy
STOCH(9,6)
78.857
Buy
STOCHRSI(14)
0.000
Oversold
MACD(12,26)
0.004
Buy
ADX(14)
44.390
Buy
Williams %R
-22.143
Buy
CCI(14)
90.0812
Buy
ATR(14)
0.0015
Less Volatility
Highs/Lows(14)
0.0004
Buy
Ultimate Oscillator
62.544
Buy
ROC
0.565
Buy
Bull/Bear Power(13)
0.0035
Buy
Buy: 10
Sell: 0
Neutral: 0


Summary:Strong Buy","Jun 17, 2021 09:06PM GMT"
nzd_chf,0.6424 +0.0004    +0.07%,17:06:43,2021-06-17 21:07:10.624544,"Prev. Close: 0.6419
Bid/Ask: 0.6422 / 0.6425
Day's Range: 0.6422 - 0.6430",Sell,"Summary:Sell
Moving Averages:NeutralBuy (6)Sell (6)
Technical Indicators:Strong SellBuy (2)Sell (6)","Name
S3
S2
S1
Pivot Points
R1
R2
R3
Classic
0.6411
0.6417
0.6420
0.6426
0.6429
0.6435
0.6438
Fibonacci
0.6417
0.6420
0.6423
0.6426
0.6429
0.6432
0.6435
Camarilla
0.6421
0.6421
0.6422
0.6426
0.6424
0.6425
0.6425
Woodie's
0.6409
0.6416
0.6418
0.6425
0.6427
0.6434
0.6436
DeMark's
-
-
0.6419
0.6425
0.6427
-
-","Technical IndicatorsJun 17, 2021 09:06PM GMT
Name
Value
Action
RSI(14)
49.483
Neutral
STOCH(9,6)
58.782
Buy
STOCHRSI(14)
39.471
Sell
MACD(12,26)
0.000
Buy
ADX(14)
32.380
Sell
Williams %R
-60.216
Sell
CCI(14)
-24.5565
Neutral
ATR(14)
0.0012
Less Volatility
Highs/Lows(14)
0.0000
Neutral
Ultimate Oscillator
39.936
Sell
ROC
-0.310
Sell
Bull/Bear Power(13)
-0.0009
Sell
Buy: 2
Sell: 6
Neutral: 3


Summary:Strong Sell","Jun 17, 2021 09:06PM GMT"
usd_cny,6.4484 +0.0515    +0.80%,11:27:22,2021-06-17 21:07:10.627431,"Prev. Close: 6.3969
Bid/Ask: 6.4477 / 6.4490
Day's Range: 6.3972 - 6.4494",Strong Buy,"Summary:Strong Buy
Moving Averages:BuyBuy (12)Sell (0)
Technical Indicators:Strong BuyBuy (7)Sell (0)","Name
S3
S2
S1
Pivot Points
R1
R2
R3
Classic
6.4380
6.4399
6.4436
6.4455
6.4492
6.4511
6.4548
Fibonacci
6.4399
6.4420
6.4434
6.4455
6.4476
6.4490
6.4511
Camarilla
6.4458
6.4463
6.4468
6.4455
6.4479
6.4484
6.4489
Woodie's
6.4390
6.4404
6.4446
6.4460
6.4502
6.4516
6.4558
DeMark's
-
-
6.4446
6.4460
6.4502
-
-","Technical IndicatorsJun 17, 2021 03:34PM GMT
Name
Value
Action
RSI(14)
85.433
Overbought
STOCH(9,6)
77.649
Buy
STOCHRSI(14)
100.000
Overbought
MACD(12,26)
0.011
Buy
ADX(14)
61.337
Buy
Williams %R
-3.426
Overbought
CCI(14)
151.8010
Buy
ATR(14)
0.0041
Less Volatility
Highs/Lows(14)
0.0141
Buy
Ultimate Oscillator
82.973
Overbought
ROC
0.391
Buy
Bull/Bear Power(13)
0.0286
Buy
Buy: 7
Sell: 0
Neutral: 0


Summary:Strong Buy","Jun 17, 2021 03:34PM GMT"
usd_hkd,7.7646 +0.0002    +0.00%,17:06:44,2021-06-17 21:07:10.630262,"Prev. Close: 7.7644
Bid/Ask: 7.7644 / 7.7648
Day's Range: 7.7644 - 7.7650",Strong Buy,"Summary:Strong Buy
Moving Averages:BuyBuy (12)Sell (0)
Technical Indicators:Strong BuyBuy (7)Sell (2)","Name
S3
S2
S1
Pivot Points
R1
R2
R3
Classic
7.7632
7.7636
7.7641
7.7645
7.7649
7.7654
7.7658
Fibonacci
7.7636
7.7639
7.7642
7.7645
7.7648
7.7651
7.7654
Camarilla
7.7642
7.7643
7.7644
7.7645
7.7645
7.7646
7.7647
Woodie's
7.7632
7.7636
7.7641
7.7645
7.7649
7.7654
7.7658
DeMark's
-
-
7.7638
7.7644
7.7647
-
-","Technical IndicatorsJun 17, 2021 09:06PM GMT
Name
Value
Action
RSI(14)
56.487
Buy
STOCH(9,6)
57.729
Buy
STOCHRSI(14)
42.140
Sell
MACD(12,26)
0.000
Buy
ADX(14)
33.915
Sell
Williams %R
-39.473
Buy
CCI(14)
42.1550
Neutral
ATR(14)
0.0009
Less Volatility
Highs/Lows(14)
0.0000
Neutral
Ultimate Oscillator
56.309
Buy
ROC
0.003
Buy
Bull/Bear Power(13)
0.0013
Buy
Buy: 7
Sell: 2
Neutral: 2


Summary:Strong Buy","Jun 17, 2021 09:06PM GMT"
eur_usd,1.1906 0.0000    0.00%,17:07:41,2021-06-17 21:08:10.221807,"Prev. Close: 1.1906
Bid/Ask: 1.1904 / 1.1908
Day's Range: 1.1906 - 1.1909",Strong Sell,"Summary:Strong Sell
Moving Averages:Strong SellBuy (0)Sell (12)
Technical Indicators:Strong SellBuy (0)Sell (9)","Name
S3
S2
S1
Pivot Points
R1
R2
R3
Classic
1.1893
1.1897
1.1902
1.1906
1.1911
1.1915
1.1921
Fibonacci
1.1897
1.1900
1.1902
1.1906
1.1910
1.1912
1.1915
Camarilla
1.1905
1.1906
1.1907
1.1906
1.1908
1.1909
1.1910
Woodie's
1.1893
1.1897
1.1902
1.1906
1.1911
1.1915
1.1921
DeMark's
-
-
1.1904
1.1907
1.1913
-
-","Technical IndicatorsJun 17, 2021 09:06PM GMT
Name
Value
Action
RSI(14)
27.878
Sell
STOCH(9,6)
23.563
Sell
STOCHRSI(14)
98.347
Overbought
MACD(12,26)
-0.004
Sell
ADX(14)
42.257
Sell
Williams %R
-80.001
Oversold
CCI(14)
-93.2392
Sell
ATR(14)
0.0018
Less Volatility
Highs/Lows(14)
-0.0010
Sell
Ultimate Oscillator
33.035
Sell
ROC
-0.406
Sell
Bull/Bear Power(13)
-0.0025
Sell
Buy: 0
Sell: 9
Neutral: 0


Summary:Strong Sell","Jun 17, 2021 09:06PM GMT"
gbp_usd,1.3922 +0.0003    +0.02%,17:07:21,2021-06-17 21:08:10.225793,"Prev. Close: 1.3919
Bid/Ask: 1.3920 / 1.3924
Day's Range: 1.3915 - 1.3927",Strong Sell,"Summary:Strong Sell
Moving Averages:Strong SellBuy (0)Sell (12)
Technical Indicators:Strong SellBuy (0)Sell (10)","Name
S3
S2
S1
Pivot Points
R1
R2
R3
Classic
1.3912
1.3916
1.3921
1.3925
1.3930
1.3934
1.3940
Fibonacci
1.3916
1.3919
1.3922
1.3925
1.3928
1.3931
1.3934
Camarilla
1.3924
1.3925
1.3926
1.3925
1.3927
1.3928
1.3929
Woodie's
1.3912
1.3916
1.3921
1.3925
1.3930
1.3934
1.3940
DeMark's
-
-
1.3923
1.3926
1.3932
-
-","Technical IndicatorsJun 17, 2021 09:05PM GMT
Name
Value
Action
RSI(14)
35.849
Sell
STOCH(9,6)
31.616
Sell
STOCHRSI(14)
93.494
Overbought
MACD(12,26)
-0.003
Sell
ADX(14)
37.931
Sell
Williams %R
-73.233
Sell
CCI(14)
-70.3636
Sell
ATR(14)
0.0024
Less Volatility
Highs/Lows(14)
-0.0005
Sell
Ultimate Oscillator
33.057
Sell
ROC
-0.376
Sell
Bull/Bear Power(13)
-0.0034
Sell
Buy: 0
Sell: 10
Neutral: 0


Summary:Strong Sell","Jun 17, 2021 09:05PM GMT"
usd_jpy,110.22 +0.01    +0.01%,17:07:43,2021-06-17 21:08:10.229196,"Prev. Close: 110.20
Bid/Ask: 110.20 / 110.23
Day's Range: 110.17 - 110.83",Strong Sell,"Summary:Strong Sell
Moving Averages:SellBuy (4)Sell (8)
Technical Indicators:Strong SellBuy (0)Sell (8)","Name
S3
S2
S1
Pivot Points
R1
R2
R3
Classic
110.11
110.16
110.19
110.24
110.27
110.32
110.34
Fibonacci
110.16
110.19
110.21
110.24
110.27
110.29
110.32
Camarilla
110.19
110.20
110.21
110.24
110.22
110.23
110.24
Woodie's
110.09
110.15
110.17
110.23
110.25
110.31
110.32
DeMark's
-
-
110.17
110.23
110.25
-
-","Technical IndicatorsJun 17, 2021 09:07PM GMT
Name
Value
Action
RSI(14)
39.719
Sell
STOCH(9,6)
14.236
Oversold
STOCHRSI(14)
5.301
Oversold
MACD(12,26)
-0.030
Sell
ADX(14)
34.399
Sell
Williams %R
-92.437
Oversold
CCI(14)
-84.7105
Sell
ATR(14)
0.1211
Less Volatility
Highs/Lows(14)
-0.1421
Sell
Ultimate Oscillator
47.024
Sell
ROC
-0.330
Sell
Bull/Bear Power(13)
-0.2900
Sell
Buy: 0
Sell: 8
Neutral: 0


Summary:Strong Sell","Jun 17, 2021 09:07PM GMT"
aud_usd,0.7552 +0.0001    +0.02%,17:07:42,2021-06-17 21:08:10.232439,"Prev. Close: 0.7550
Bid/Ask: 0.7550 / 0.7553
Day's Range: 0.7547 - 0.7553",Strong Sell,"Summary:Strong Sell
Moving Averages:SellBuy (2)Sell (10)
Technical Indicators:Strong SellBuy (0)Sell (8)","Name
S3
S2
S1
Pivot Points
R1
R2
R3
Classic
0.7541
0.7544
0.7548
0.7551
0.7555
0.7558
0.7562
Fibonacci
0.7544
0.7547
0.7548
0.7551
0.7554
0.7555
0.7558
Camarilla
0.7549
0.7550
0.7550
0.7551
0.7552
0.7552
0.7553
Woodie's
0.7541
0.7544
0.7548
0.7551
0.7555
0.7558
0.7562
DeMark's
-
-
0.7549
0.7551
0.7556
-
-","Technical IndicatorsJun 17, 2021 09:07PM GMT
Name
Value
Action
RSI(14)
29.017
Sell
STOCH(9,6)
19.084
Oversold
STOCHRSI(14)
100.000
Overbought
MACD(12,26)
-0.003
Sell
ADX(14)
55.201
Sell
Williams %R
-85.030
Oversold
CCI(14)
-88.7795
Sell
ATR(14)
0.0017
Less Volatility
Highs/Lows(14)
-0.0007
Sell
Ultimate Oscillator
33.696
Sell
ROC
-0.821
Sell
Bull/Bear Power(13)
-0.0020
Sell
Buy: 0
Sell: 8
Neutral: 0


Summary:Strong Sell","Jun 17, 2021 09:07PM GMT"
eur_gbp,0.8553 +0.0001    +0.02%,17:07:41,2021-06-17 21:08:10.235678,"Prev. Close: 0.8551
Bid/Ask: 0.8551 / 0.8554
Day's Range: 0.8551 - 0.8557",Strong Sell,"Summary:Strong Sell
Moving Averages:Strong SellBuy (0)Sell (12)
Technical Indicators:Strong SellBuy (2)Sell (7)","Name
S3
S2
S1
Pivot Points
R1
R2
R3
Classic
0.8542
0.8544
0.8549
0.8552
0.8557
0.8560
0.8564
Fibonacci
0.8544
0.8547
0.8549
0.8552
0.8555
0.8557
0.8560
Camarilla
0.8553
0.8554
0.8554
0.8552
0.8556
0.8556
0.8557
Woodie's
0.8544
0.8545
0.8551
0.8553
0.8559
0.8561
0.8566
DeMark's
-
-
0.8551
0.8553
0.8559
-
-","Technical IndicatorsJun 17, 2021 09:07PM GMT
Name
Value
Action
RSI(14)
38.165
Sell
STOCH(9,6)
39.877
Sell
STOCHRSI(14)
72.476
Buy
MACD(12,26)
-0.001
Sell
ADX(14)
41.815
Sell
Williams %R
-63.333
Sell
CCI(14)
-45.6793
Neutral
ATR(14)
0.0010
Less Volatility
Highs/Lows(14)
0.0000
Neutral
Ultimate Oscillator
52.371
Buy
ROC
-0.023
Sell
Bull/Bear Power(13)
-0.0013
Sell
Buy: 2
Sell: 7
Neutral: 2


Summary:Strong Sell","Jun 17, 2021 09:07PM GMT"
usd_cad,1.2359 -0.0003    -0.02%,17:07:41,2021-06-17 21:08:10.238844,"Prev. Close: 1.2361
Bid/Ask: 1.2357 / 1.2360
Day's Range: 1.2351 - 1.2368",Strong Buy,"Summary:Strong Buy
Moving Averages:BuyBuy (12)Sell (0)
Technical Indicators:Strong BuyBuy (9)Sell (1)","Name
S3
S2
S1
Pivot Points
R1
R2
R3
Classic
1.2342
1.2346
1.2353
1.2357
1.2364
1.2368
1.2375
Fibonacci
1.2346
1.2350
1.2353
1.2357
1.2361
1.2364
1.2368
Camarilla
1.2358
1.2359
1.2360
1.2357
1.2362
1.2363
1.2364
Woodie's
1.2344
1.2347
1.2355
1.2358
1.2366
1.2369
1.2377
DeMark's
-
-
1.2356
1.2358
1.2366
-
-","Technical IndicatorsJun 17, 2021 09:07PM GMT
Name
Value
Action
RSI(14)
70.531
Buy
STOCH(9,6)
74.782
Buy
STOCHRSI(14)
33.550
Sell
MACD(12,26)
0.003
Buy
ADX(14)
45.997
Buy
Williams %R
-23.429
Buy
CCI(14)
111.0174
Buy
ATR(14)
0.0024
Less Volatility
Highs/Lows(14)
0.0008
Buy
Ultimate Oscillator
70.150
Overbought
ROC
0.451
Buy
Bull/Bear Power(13)
0.0039
Buy
Buy: 9
Sell: 1
Neutral: 0


Summary:Strong Buy","Jun 17, 2021 09:07PM GMT"
usd_chf,0.9177 +0.0003    +0.04%,17:07:38,2021-06-17 21:08:10.241924,"Prev. Close: 0.9173
Bid/Ask: 0.9173 / 0.9180
Day's Range: 0.9173 - 0.9183",Strong Buy,"Summary:Strong Buy
Moving Averages:BuyBuy (10)Sell (2)
Technical Indicators:Strong BuyBuy (10)Sell (0)","Name
S3
S2
S1
Pivot Points
R1
R2
R3
Classic
0.9166
0.9170
0.9173
0.9177
0.9180
0.9184
0.9187
Fibonacci
0.9170
0.9173
0.9174
0.9177
0.9180
0.9181
0.9184
Camarilla
0.9173
0.9174
0.9174
0.9177
0.9176
0.9176
0.9177
Woodie's
0.9164
0.9169
0.9171
0.9176
0.9178
0.9183
0.9185
DeMark's
-
-
0.9171
0.9176
0.9178
-
-","Technical IndicatorsJun 17, 2021 09:06PM GMT
Name
Value
Action
RSI(14)
72.976
Buy
STOCH(9,6)
78.857
Buy
STOCHRSI(14)
0.000
Oversold
MACD(12,26)
0.004
Buy
ADX(14)
44.390
Buy
Williams %R
-22.143
Buy
CCI(14)
90.0812
Buy
ATR(14)
0.0015
Less Volatility
Highs/Lows(14)
0.0004
Buy
Ultimate Oscillator
62.544
Buy
ROC
0.565
Buy
Bull/Bear Power(13)
0.0035
Buy
Buy: 10
Sell: 0
Neutral: 0


Summary:Strong Buy","Jun 17, 2021 09:06PM GMT"
nzd_chf,0.6427 +0.0008    +0.12%,17:07:38,2021-06-17 21:08:10.244981,"Prev. Close: 0.6419
Bid/Ask: 0.6424 / 0.6430
Day's Range: 0.6422 - 0.6430",Sell,"Summary:Sell
Moving Averages:NeutralBuy (6)Sell (6)
Technical Indicators:Strong SellBuy (2)Sell (6)","Name
S3
S2
S1
Pivot Points
R1
R2
R3
Classic
0.6411
0.6417
0.6420
0.6426
0.6429
0.6435
0.6438
Fibonacci
0.6417
0.6420
0.6423
0.6426
0.6429
0.6432
0.6435
Camarilla
0.6421
0.6421
0.6422
0.6426
0.6424
0.6425
0.6425
Woodie's
0.6409
0.6416
0.6418
0.6425
0.6427
0.6434
0.6436
DeMark's
-
-
0.6419
0.6425
0.6427
-
-","Technical IndicatorsJun 17, 2021 09:06PM GMT
Name
Value
Action
RSI(14)
49.483
Neutral
STOCH(9,6)
58.782
Buy
STOCHRSI(14)
39.471
Sell
MACD(12,26)
0.000
Buy
ADX(14)
32.380
Sell
Williams %R
-60.216
Sell
CCI(14)
-24.5565
Neutral
ATR(14)
0.0012
Less Volatility
Highs/Lows(14)
0.0000
Neutral
Ultimate Oscillator
39.936
Sell
ROC
-0.310
Sell
Bull/Bear Power(13)
-0.0009
Sell
Buy: 2
Sell: 6
Neutral: 3


Summary:Strong Sell","Jun 17, 2021 09:06PM GMT"
usd_cny,6.4484 +0.0515    +0.80%,11:27:22,2021-06-17 21:08:10.247986,"Prev. Close: 6.3969
Bid/Ask: 6.4477 / 6.4490
Day's Range: 6.3972 - 6.4494",Strong Buy,"Summary:Strong Buy
Moving Averages:BuyBuy (12)Sell (0)
Technical Indicators:Strong BuyBuy (7)Sell (0)","Name
S3
S2
S1
Pivot Points
R1
R2
R3
Classic
6.4380
6.4399
6.4436
6.4455
6.4492
6.4511
6.4548
Fibonacci
6.4399
6.4420
6.4434
6.4455
6.4476
6.4490
6.4511
Camarilla
6.4458
6.4463
6.4468
6.4455
6.4479
6.4484
6.4489
Woodie's
6.4390
6.4404
6.4446
6.4460
6.4502
6.4516
6.4558
DeMark's
-
-
6.4446
6.4460
6.4502
-
-","Technical IndicatorsJun 17, 2021 03:34PM GMT
Name
Value
Action
RSI(14)
85.433
Overbought
STOCH(9,6)
77.649
Buy
STOCHRSI(14)
100.000
Overbought
MACD(12,26)
0.011
Buy
ADX(14)
61.337
Buy
Williams %R
-3.426
Overbought
CCI(14)
151.8010
Buy
ATR(14)
0.0041
Less Volatility
Highs/Lows(14)
0.0141
Buy
Ultimate Oscillator
82.973
Overbought
ROC
0.391
Buy
Bull/Bear Power(13)
0.0286
Buy
Buy: 7
Sell: 0
Neutral: 0


Summary:Strong Buy","Jun 17, 2021 03:34PM GMT"
usd_hkd,7.7649 +0.0004    +0.01%,17:07:33,2021-06-17 21:08:10.250964,"Prev. Close: 7.7644
Bid/Ask: 7.7648 / 7.7649
Day's Range: 7.7644 - 7.7650",Strong Buy,"Summary:Strong Buy
Moving Averages:BuyBuy (12)Sell (0)
Technical Indicators:Strong BuyBuy (7)Sell (2)","Name
S3
S2
S1
Pivot Points
R1
R2
R3
Classic
7.7632
7.7636
7.7641
7.7645
7.7649
7.7654
7.7658
Fibonacci
7.7636
7.7639
7.7642
7.7645
7.7648
7.7651
7.7654
Camarilla
7.7642
7.7643
7.7644
7.7645
7.7645
7.7646
7.7647
Woodie's
7.7632
7.7636
7.7641
7.7645
7.7649
7.7654
7.7658
DeMark's
-
-
7.7638
7.7644
7.7647
-
-","Technical IndicatorsJun 17, 2021 09:06PM GMT
Name
Value
Action
RSI(14)
56.487
Buy
STOCH(9,6)
57.729
Buy
STOCHRSI(14)
42.140
Sell
MACD(12,26)
0.000
Buy
ADX(14)
33.915
Sell
Williams %R
-39.473
Buy
CCI(14)
42.1550
Neutral
ATR(14)
0.0009
Less Volatility
Highs/Lows(14)
0.0000
Neutral
Ultimate Oscillator
56.309
Buy
ROC
0.003
Buy
Bull/Bear Power(13)
0.0013
Buy
Buy: 7
Sell: 2
Neutral: 2


Summary:Strong Buy","Jun 17, 2021 09:06PM GMT"
eur_usd,1.1906 0.0000    0.00%,17:07:41,2021-06-17 21:08:20.357122,"Prev. Close: 1.1906
Bid/Ask: 1.1904 / 1.1908
Day's Range: 1.1906 - 1.1909",Strong Sell,"Summary:Strong Sell
Moving Averages:Strong SellBuy (0)Sell (12)
Technical Indicators:Strong SellBuy (0)Sell (9)","Name
S3
S2
S1
Pivot Points
R1
R2
R3
Classic
1.1893
1.1897
1.1902
1.1906
1.1911
1.1915
1.1921
Fibonacci
1.1897
1.1900
1.1902
1.1906
1.1910
1.1912
1.1915
Camarilla
1.1905
1.1906
1.1907
1.1906
1.1908
1.1909
1.1910
Woodie's
1.1893
1.1897
1.1902
1.1906
1.1911
1.1915
1.1921
DeMark's
-
-
1.1904
1.1907
1.1913
-
-","Technical IndicatorsJun 17, 2021 09:06PM GMT
Name
Value
Action
RSI(14)
27.878
Sell
STOCH(9,6)
23.563
Sell
STOCHRSI(14)
98.347
Overbought
MACD(12,26)
-0.004
Sell
ADX(14)
42.257
Sell
Williams %R
-80.001
Oversold
CCI(14)
-93.2392
Sell
ATR(14)
0.0018
Less Volatility
Highs/Lows(14)
-0.0010
Sell
Ultimate Oscillator
33.035
Sell
ROC
-0.406
Sell
Bull/Bear Power(13)
-0.0025
Sell
Buy: 0
Sell: 9
Neutral: 0


Summary:Strong Sell","Jun 17, 2021 09:06PM GMT"
gbp_usd,1.3922 +0.0003    +0.02%,17:07:21,2021-06-17 21:08:20.361066,"Prev. Close: 1.3919
Bid/Ask: 1.3920 / 1.3924
Day's Range: 1.3915 - 1.3927",Strong Sell,"Summary:Strong Sell
Moving Averages:Strong SellBuy (0)Sell (12)
Technical Indicators:Strong SellBuy (0)Sell (10)","Name
S3
S2
S1
Pivot Points
R1
R2
R3
Classic
1.3912
1.3916
1.3921
1.3925
1.3930
1.3934
1.3940
Fibonacci
1.3916
1.3919
1.3922
1.3925
1.3928
1.3931
1.3934
Camarilla
1.3924
1.3925
1.3926
1.3925
1.3927
1.3928
1.3929
Woodie's
1.3912
1.3916
1.3921
1.3925
1.3930
1.3934
1.3940
DeMark's
-
-
1.3923
1.3926
1.3932
-
-","Technical IndicatorsJun 17, 2021 09:07PM GMT
Name
Value
Action
RSI(14)
35.214
Sell
STOCH(9,6)
30.865
Sell
STOCHRSI(14)
88.815
Overbought
MACD(12,26)
-0.003
Sell
ADX(14)
37.931
Sell
Williams %R
-76.263
Sell
CCI(14)
-75.9287
Sell
ATR(14)
0.0024
Less Volatility
Highs/Lows(14)
-0.0008
Sell
Ultimate Oscillator
32.179
Sell
ROC
-0.397
Sell
Bull/Bear Power(13)
-0.0016
Sell
Buy: 0
Sell: 10
Neutral: 0


Summary:Strong Sell","Jun 17, 2021 09:07PM GMT"
usd_jpy,110.22 +0.01    +0.01%,17:07:43,2021-06-17 21:08:20.364253,"Prev. Close: 110.20
Bid/Ask: 110.20 / 110.23
Day's Range: 110.17 - 110.83",Strong Sell,"Summary:Strong Sell
Moving Averages:SellBuy (4)Sell (8)
Technical Indicators:Strong SellBuy (0)Sell (8)","Name
S3
S2
S1
Pivot Points
R1
R2
R3
Classic
110.11
110.16
110.19
110.24
110.27
110.32
110.34
Fibonacci
110.16
110.19
110.21
110.24
110.27
110.29
110.32
Camarilla
110.19
110.20
110.21
110.24
110.22
110.23
110.24
Woodie's
110.09
110.15
110.17
110.23
110.25
110.31
110.32
DeMark's
-
-
110.17
110.23
110.25
-
-","Technical IndicatorsJun 17, 2021 09:07PM GMT
Name
Value
Action
RSI(14)
39.719
Sell
STOCH(9,6)
14.236
Oversold
STOCHRSI(14)
5.301
Oversold
MACD(12,26)
-0.030
Sell
ADX(14)
34.399
Sell
Williams %R
-92.437
Oversold
CCI(14)
-84.7105
Sell
ATR(14)
0.1211
Less Volatility
Highs/Lows(14)
-0.1421
Sell
Ultimate Oscillator
47.024
Sell
ROC
-0.330
Sell
Bull/Bear Power(13)
-0.2900
Sell
Buy: 0
Sell: 8
Neutral: 0


Summary:Strong Sell","Jun 17, 2021 09:07PM GMT"
aud_usd,0.7552 +0.0001    +0.02%,17:07:42,2021-06-17 21:08:20.367288,"Prev. Close: 0.7550
Bid/Ask: 0.7550 / 0.7553
Day's Range: 0.7547 - 0.7553",Strong Sell,"Summary:Strong Sell
Moving Averages:SellBuy (2)Sell (10)
Technical Indicators:Strong SellBuy (0)Sell (8)","Name
S3
S2
S1
Pivot Points
R1
R2
R3
Classic
0.7541
0.7544
0.7548
0.7551
0.7555
0.7558
0.7562
Fibonacci
0.7544
0.7547
0.7548
0.7551
0.7554
0.7555
0.7558
Camarilla
0.7549
0.7550
0.7550
0.7551
0.7552
0.7552
0.7553
Woodie's
0.7541
0.7544
0.7548
0.7551
0.7555
0.7558
0.7562
DeMark's
-
-
0.7549
0.7551
0.7556
-
-","Technical IndicatorsJun 17, 2021 09:07PM GMT
Name
Value
Action
RSI(14)
29.017
Sell
STOCH(9,6)
19.084
Oversold
STOCHRSI(14)
100.000
Overbought
MACD(12,26)
-0.003
Sell
ADX(14)
55.201
Sell
Williams %R
-85.030
Oversold
CCI(14)
-88.7795
Sell
ATR(14)
0.0017
Less Volatility
Highs/Lows(14)
-0.0007
Sell
Ultimate Oscillator
33.696
Sell
ROC
-0.821
Sell
Bull/Bear Power(13)
-0.0020
Sell
Buy: 0
Sell: 8
Neutral: 0


Summary:Strong Sell","Jun 17, 2021 09:07PM GMT"
eur_gbp,0.8553 +0.0001    +0.02%,17:07:41,2021-06-17 21:08:20.370226,"Prev. Close: 0.8551
Bid/Ask: 0.8551 / 0.8554
Day's Range: 0.8551 - 0.8557",Strong Sell,"Summary:Strong Sell
Moving Averages:Strong SellBuy (0)Sell (12)
Technical Indicators:Strong SellBuy (2)Sell (7)","Name
S3
S2
S1
Pivot Points
R1
R2
R3
Classic
0.8542
0.8544
0.8549
0.8552
0.8557
0.8560
0.8564
Fibonacci
0.8544
0.8547
0.8549
0.8552
0.8555
0.8557
0.8560
Camarilla
0.8553
0.8554
0.8554
0.8552
0.8556
0.8556
0.8557
Woodie's
0.8544
0.8545
0.8551
0.8553
0.8559
0.8561
0.8566
DeMark's
-
-
0.8551
0.8553
0.8559
-
-","Technical IndicatorsJun 17, 2021 09:07PM GMT
Name
Value
Action
RSI(14)
38.165
Sell
STOCH(9,6)
39.877
Sell
STOCHRSI(14)
72.476
Buy
MACD(12,26)
-0.001
Sell
ADX(14)
41.815
Sell
Williams %R
-63.333
Sell
CCI(14)
-45.6793
Neutral
ATR(14)
0.0010
Less Volatility
Highs/Lows(14)
0.0000
Neutral
Ultimate Oscillator
52.371
Buy
ROC
-0.023
Sell
Bull/Bear Power(13)
-0.0013
Sell
Buy: 2
Sell: 7
Neutral: 2


Summary:Strong Sell","Jun 17, 2021 09:07PM GMT"
usd_cad,1.2356 -0.0005    -0.04%,17:08:07,2021-06-17 21:08:20.373182,"Prev. Close: 1.2361
Bid/Ask: 1.2354 / 1.2358
Day's Range: 1.2351 - 1.2368",Strong Buy,"Summary:Strong Buy
Moving Averages:BuyBuy (12)Sell (0)
Technical Indicators:Strong BuyBuy (9)Sell (1)","Name
S3
S2
S1
Pivot Points
R1
R2
R3
Classic
1.2342
1.2346
1.2353
1.2357
1.2364
1.2368
1.2375
Fibonacci
1.2346
1.2350
1.2353
1.2357
1.2361
1.2364
1.2368
Camarilla
1.2358
1.2359
1.2360
1.2357
1.2362
1.2363
1.2364
Woodie's
1.2344
1.2347
1.2355
1.2358
1.2366
1.2369
1.2377
DeMark's
-
-
1.2356
1.2358
1.2366
-
-","Technical IndicatorsJun 17, 2021 09:07PM GMT
Name
Value
Action
RSI(14)
70.531
Buy
STOCH(9,6)
74.782
Buy
STOCHRSI(14)
33.550
Sell
MACD(12,26)
0.003
Buy
ADX(14)
45.997
Buy
Williams %R
-23.429
Buy
CCI(14)
111.0174
Buy
ATR(14)
0.0024
Less Volatility
Highs/Lows(14)
0.0008
Buy
Ultimate Oscillator
70.150
Overbought
ROC
0.451
Buy
Bull/Bear Power(13)
0.0039
Buy
Buy: 9
Sell: 1
Neutral: 0


Summary:Strong Buy","Jun 17, 2021 09:07PM GMT"
usd_chf,0.9177 +0.0003    +0.04%,17:07:38,2021-06-17 21:08:20.376099,"Prev. Close: 0.9173
Bid/Ask: 0.9173 / 0.9180
Day's Range: 0.9173 - 0.9183",Strong Buy,"Summary:Strong Buy
Moving Averages:BuyBuy (12)Sell (0)
Technical Indicators:Strong BuyBuy (7)Sell (0)","Name
S3
S2
S1
Pivot Points
R1
R2
R3
Classic
0.9166
0.9170
0.9173
0.9177
0.9180
0.9184
0.9187
Fibonacci
0.9170
0.9173
0.9174
0.9177
0.9180
0.9181
0.9184
Camarilla
0.9173
0.9174
0.9174
0.9177
0.9176
0.9176
0.9177
Woodie's
0.9164
0.9169
0.9171
0.9176
0.9178
0.9183
0.9185
DeMark's
-
-
0.9171
0.9176
0.9178
-
-","Technical IndicatorsJun 17, 2021 09:08PM GMT
Name
Value
Action
RSI(14)
75.170
Overbought
STOCH(9,6)
80.246
Overbought
STOCHRSI(14)
3.830
Oversold
MACD(12,26)
0.003
Buy
ADX(14)
44.390
Buy
Williams %R
-15.714
Overbought
CCI(14)
96.5021
Buy
ATR(14)
0.0015
Less Volatility
Highs/Lows(14)
0.0009
Buy
Ultimate Oscillator
65.956
Buy
ROC
0.614
Buy
Bull/Bear Power(13)
0.0035
Buy
Buy: 7
Sell: 0
Neutral: 0


Summary:Strong Buy","Jun 17, 2021 09:08PM GMT"
nzd_chf,0.6427 +0.0008    +0.12%,17:07:38,2021-06-17 21:08:20.378996,"Prev. Close: 0.6419
Bid/Ask: 0.6424 / 0.6430
Day's Range: 0.6422 - 0.6430",Sell,"Summary:Sell
Moving Averages:NeutralBuy (6)Sell (6)
Technical Indicators:Strong SellBuy (2)Sell (6)","Name
S3
S2
S1
Pivot Points
R1
R2
R3
Classic
0.6411
0.6417
0.6420
0.6426
0.6429
0.6435
0.6438
Fibonacci
0.6417
0.6420
0.6423
0.6426
0.6429
0.6432
0.6435
Camarilla
0.6421
0.6421
0.6422
0.6426
0.6424
0.6425
0.6425
Woodie's
0.6409
0.6416
0.6418
0.6425
0.6427
0.6434
0.6436
DeMark's
-
-
0.6419
0.6425
0.6427
-
-","Technical IndicatorsJun 17, 2021 09:06PM GMT
Name
Value
Action
RSI(14)
49.483
Neutral
STOCH(9,6)
58.782
Buy
STOCHRSI(14)
39.471
Sell
MACD(12,26)
0.000
Buy
ADX(14)
32.380
Sell
Williams %R
-60.216
Sell
CCI(14)
-24.5565
Neutral
ATR(14)
0.0012
Less Volatility
Highs/Lows(14)
0.0000
Neutral
Ultimate Oscillator
39.936
Sell
ROC
-0.310
Sell
Bull/Bear Power(13)
-0.0009
Sell
Buy: 2
Sell: 6
Neutral: 3


Summary:Strong Sell","Jun 17, 2021 09:06PM GMT"
usd_cny,6.4484 +0.0515    +0.80%,11:27:22,2021-06-17 21:08:20.381866,"Prev. Close: 6.3969
Bid/Ask: 6.4477 / 6.4490
Day's Range: 6.3972 - 6.4494",Strong Buy,"Summary:Strong Buy
Moving Averages:BuyBuy (12)Sell (0)
Technical Indicators:Strong BuyBuy (7)Sell (0)","Name
S3
S2
S1
Pivot Points
R1
R2
R3
Classic
6.4380
6.4399
6.4436
6.4455
6.4492
6.4511
6.4548
Fibonacci
6.4399
6.4420
6.4434
6.4455
6.4476
6.4490
6.4511
Camarilla
6.4458
6.4463
6.4468
6.4455
6.4479
6.4484
6.4489
Woodie's
6.4390
6.4404
6.4446
6.4460
6.4502
6.4516
6.4558
DeMark's
-
-
6.4446
6.4460
6.4502
-
-","Technical IndicatorsJun 17, 2021 03:34PM GMT
Name
Value
Action
RSI(14)
85.433
Overbought
STOCH(9,6)
77.649
Buy
STOCHRSI(14)
100.000
Overbought
MACD(12,26)
0.011
Buy
ADX(14)
61.337
Buy
Williams %R
-3.426
Overbought
CCI(14)
151.8010
Buy
ATR(14)
0.0041
Less Volatility
Highs/Lows(14)
0.0141
Buy
Ultimate Oscillator
82.973
Overbought
ROC
0.391
Buy
Bull/Bear Power(13)
0.0286
Buy
Buy: 7
Sell: 0
Neutral: 0


Summary:Strong Buy","Jun 17, 2021 03:34PM GMT"
usd_hkd,7.7649 +0.0004    +0.01%,17:07:33,2021-06-17 21:08:20.384757,"Prev. Close: 7.7644
Bid/Ask: 7.7648 / 7.7649
Day's Range: 7.7644 - 7.7650",Strong Buy,"Summary:Strong Buy
Moving Averages:BuyBuy (12)Sell (0)
Technical Indicators:Strong BuyBuy (7)Sell (2)","Name
S3
S2
S1
Pivot Points
R1
R2
R3
Classic
7.7632
7.7636
7.7641
7.7645
7.7649
7.7654
7.7658
Fibonacci
7.7636
7.7639
7.7642
7.7645
7.7648
7.7651
7.7654
Camarilla
7.7642
7.7643
7.7644
7.7645
7.7645
7.7646
7.7647
Woodie's
7.7632
7.7636
7.7641
7.7645
7.7649
7.7654
7.7658
DeMark's
-
-
7.7638
7.7644
7.7647
-
-","Technical IndicatorsJun 17, 2021 09:06PM GMT
Name
Value
Action
RSI(14)
56.487
Buy
STOCH(9,6)
57.729
Buy
STOCHRSI(14)
42.140
Sell
MACD(12,26)
0.000
Buy
ADX(14)
33.915
Sell
Williams %R
-39.473
Buy
CCI(14)
42.1550
Neutral
ATR(14)
0.0009
Less Volatility
Highs/Lows(14)
0.0000
Neutral
Ultimate Oscillator
56.309
Buy
ROC
0.003
Buy
Bull/Bear Power(13)
0.0013
Buy
Buy: 7
Sell: 2
Neutral: 2


Summary:Strong Buy","Jun 17, 2021 09:06PM GMT"
eur_usd,1.1907 0.0001    0.00%,17:08:49,2021-06-17 21:09:10.419970,"Prev. Close: 1.1906
Bid/Ask: 1.1905 / 1.1908
Day's Range: 1.1906 - 1.1909",Strong Sell,"Summary:Strong Sell
Moving Averages:Strong SellBuy (0)Sell (12)
Technical Indicators:Strong SellBuy (0)Sell (9)","Name
S3
S2
S1
Pivot Points
R1
R2
R3
Classic
1.1893
1.1897
1.1902
1.1906
1.1911
1.1915
1.1921
Fibonacci
1.1897
1.1900
1.1902
1.1906
1.1910
1.1912
1.1915
Camarilla
1.1905
1.1906
1.1907
1.1906
1.1908
1.1909
1.1910
Woodie's
1.1893
1.1897
1.1902
1.1906
1.1911
1.1915
1.1921
DeMark's
-
-
1.1904
1.1907
1.1913
-
-","Technical IndicatorsJun 17, 2021 09:08PM GMT
Name
Value
Action
RSI(14)
27.878
Sell
STOCH(9,6)
23.563
Sell
STOCHRSI(14)
98.347
Overbought
MACD(12,26)
-0.004
Sell
ADX(14)
42.257
Sell
Williams %R
-80.001
Oversold
CCI(14)
-93.2392
Sell
ATR(14)
0.0018
Less Volatility
Highs/Lows(14)
-0.0010
Sell
Ultimate Oscillator
33.035
Sell
ROC
-0.406
Sell
Bull/Bear Power(13)
-0.0025
Sell
Buy: 0
Sell: 9
Neutral: 0


Summary:Strong Sell","Jun 17, 2021 09:08PM GMT"
gbp_usd,1.3919 0.0000    0.00%,17:08:10,2021-06-17 21:09:10.423915,"Prev. Close: 1.3919
Bid/Ask: 1.3917 / 1.3921
Day's Range: 1.3915 - 1.3927",Strong Sell,"Summary:Strong Sell
Moving Averages:Strong SellBuy (0)Sell (12)
Technical Indicators:Strong SellBuy (0)Sell (10)","Name
S3
S2
S1
Pivot Points
R1
R2
R3
Classic
1.3912
1.3916
1.3921
1.3925
1.3930
1.3934
1.3940
Fibonacci
1.3916
1.3919
1.3922
1.3925
1.3928
1.3931
1.3934
Camarilla
1.3924
1.3925
1.3926
1.3925
1.3927
1.3928
1.3929
Woodie's
1.3912
1.3916
1.3921
1.3925
1.3930
1.3934
1.3940
DeMark's
-
-
1.3923
1.3926
1.3932
-
-","Technical IndicatorsJun 17, 2021 09:07PM GMT
Name
Value
Action
RSI(14)
35.214
Sell
STOCH(9,6)
30.865
Sell
STOCHRSI(14)
88.815
Overbought
MACD(12,26)
-0.003
Sell
ADX(14)
37.931
Sell
Williams %R
-76.263
Sell
CCI(14)
-75.9287
Sell
ATR(14)
0.0024
Less Volatility
Highs/Lows(14)
-0.0008
Sell
Ultimate Oscillator
32.179
Sell
ROC
-0.397
Sell
Bull/Bear Power(13)
-0.0016
Sell
Buy: 0
Sell: 10
Neutral: 0


Summary:Strong Sell","Jun 17, 2021 09:07PM GMT"
usd_jpy,110.22 +0.01    +0.01%,17:08:13,2021-06-17 21:09:10.427177,"Prev. Close: 110.20
Bid/Ask: 110.20 / 110.23
Day's Range: 110.17 - 110.83",Strong Sell,"Summary:Strong Sell
Moving Averages:SellBuy (4)Sell (8)
Technical Indicators:Strong SellBuy (0)Sell (8)","Name
S3
S2
S1
Pivot Points
R1
R2
R3
Classic
110.11
110.16
110.19
110.24
110.27
110.32
110.34
Fibonacci
110.16
110.19
110.21
110.24
110.27
110.29
110.32
Camarilla
110.19
110.20
110.21
110.24
110.22
110.23
110.24
Woodie's
110.09
110.15
110.17
110.23
110.25
110.31
110.32
DeMark's
-
-
110.17
110.23
110.25
-
-","Technical IndicatorsJun 17, 2021 09:07PM GMT
Name
Value
Action
RSI(14)
39.719
Sell
STOCH(9,6)
14.236
Oversold
STOCHRSI(14)
5.301
Oversold
MACD(12,26)
-0.030
Sell
ADX(14)
34.399
Sell
Williams %R
-92.437
Oversold
CCI(14)
-84.7105
Sell
ATR(14)
0.1211
Less Volatility
Highs/Lows(14)
-0.1421
Sell
Ultimate Oscillator
47.024
Sell
ROC
-0.330
Sell
Bull/Bear Power(13)
-0.2900
Sell
Buy: 0
Sell: 8
Neutral: 0


Summary:Strong Sell","Jun 17, 2021 09:07PM GMT"
aud_usd,0.7552 +0.0001    +0.02%,17:08:42,2021-06-17 21:09:10.430211,"Prev. Close: 0.7550
Bid/Ask: 0.7550 / 0.7553
Day's Range: 0.7547 - 0.7553",Strong Sell,"Summary:Strong Sell
Moving Averages:SellBuy (2)Sell (10)
Technical Indicators:Strong SellBuy (0)Sell (8)","Name
S3
S2
S1
Pivot Points
R1
R2
R3
Classic
0.7541
0.7544
0.7548
0.7551
0.7555
0.7558
0.7562
Fibonacci
0.7544
0.7547
0.7548
0.7551
0.7554
0.7555
0.7558
Camarilla
0.7549
0.7550
0.7550
0.7551
0.7552
0.7552
0.7553
Woodie's
0.7541
0.7544
0.7548
0.7551
0.7555
0.7558
0.7562
DeMark's
-
-
0.7549
0.7551
0.7556
-
-","Technical IndicatorsJun 17, 2021 09:07PM GMT
Name
Value
Action
RSI(14)
29.017
Sell
STOCH(9,6)
19.084
Oversold
STOCHRSI(14)
100.000
Overbought
MACD(12,26)
-0.003
Sell
ADX(14)
55.201
Sell
Williams %R
-85.030
Oversold
CCI(14)
-88.7795
Sell
ATR(14)
0.0017
Less Volatility
Highs/Lows(14)
-0.0007
Sell
Ultimate Oscillator
33.696
Sell
ROC
-0.821
Sell
Bull/Bear Power(13)
-0.0020
Sell
Buy: 0
Sell: 8
Neutral: 0


Summary:Strong Sell","Jun 17, 2021 09:07PM GMT"
eur_gbp,0.8555 +0.0003    +0.04%,17:08:39,2021-06-17 21:09:10.433177,"Prev. Close: 0.8551
Bid/Ask: 0.8553 / 0.8556
Day's Range: 0.8551 - 0.8557",Strong Sell,"Summary:Strong Sell
Moving Averages:Strong SellBuy (0)Sell (12)
Technical Indicators:Strong SellBuy (2)Sell (7)","Name
S3
S2
S1
Pivot Points
R1
R2
R3
Classic
0.8542
0.8544
0.8549
0.8552
0.8557
0.8560
0.8564
Fibonacci
0.8544
0.8547
0.8549
0.8552
0.8555
0.8557
0.8560
Camarilla
0.8553
0.8554
0.8554
0.8552
0.8556
0.8556
0.8557
Woodie's
0.8544
0.8545
0.8551
0.8553
0.8559
0.8561
0.8566
DeMark's
-
-
0.8551
0.8553
0.8559
-
-","Technical IndicatorsJun 17, 2021 09:07PM GMT
Name
Value
Action
RSI(14)
38.165
Sell
STOCH(9,6)
39.877
Sell
STOCHRSI(14)
72.476
Buy
MACD(12,26)
-0.001
Sell
ADX(14)
41.815
Sell
Williams %R
-63.333
Sell
CCI(14)
-45.6793
Neutral
ATR(14)
0.0010
Less Volatility
Highs/Lows(14)
0.0000
Neutral
Ultimate Oscillator
52.371
Buy
ROC
-0.023
Sell
Bull/Bear Power(13)
-0.0013
Sell
Buy: 2
Sell: 7
Neutral: 2


Summary:Strong Sell","Jun 17, 2021 09:07PM GMT"
usd_cad,1.2357 -0.0004    -0.03%,17:08:43,2021-06-17 21:09:10.436093,"Prev. Close: 1.2361
Bid/Ask: 1.2356 / 1.2358
Day's Range: 1.2351 - 1.2368",Strong Buy,"Summary:Strong Buy
Moving Averages:BuyBuy (12)Sell (0)
Technical Indicators:Strong BuyBuy (9)Sell (1)","Name
S3
S2
S1
Pivot Points
R1
R2
R3
Classic
1.2342
1.2346
1.2353
1.2357
1.2364
1.2368
1.2375
Fibonacci
1.2346
1.2350
1.2353
1.2357
1.2361
1.2364
1.2368
Camarilla
1.2358
1.2359
1.2360
1.2357
1.2362
1.2363
1.2364
Woodie's
1.2344
1.2347
1.2355
1.2358
1.2366
1.2369
1.2377
DeMark's
-
-
1.2356
1.2358
1.2366
-
-","Technical IndicatorsJun 17, 2021 09:07PM GMT
Name
Value
Action
RSI(14)
70.531
Buy
STOCH(9,6)
74.782
Buy
STOCHRSI(14)
33.550
Sell
MACD(12,26)
0.003
Buy
ADX(14)
45.997
Buy
Williams %R
-23.429
Buy
CCI(14)
111.0174
Buy
ATR(14)
0.0024
Less Volatility
Highs/Lows(14)
0.0008
Buy
Ultimate Oscillator
70.150
Overbought
ROC
0.451
Buy
Bull/Bear Power(13)
0.0039
Buy
Buy: 9
Sell: 1
Neutral: 0


Summary:Strong Buy","Jun 17, 2021 09:07PM GMT"
usd_chf,0.9177 +0.0004    +0.04%,17:08:43,2021-06-17 21:09:10.439008,"Prev. Close: 0.9173
Bid/Ask: 0.9174 / 0.9180
Day's Range: 0.9173 - 0.9183",Strong Buy,"Summary:Strong Buy
Moving Averages:BuyBuy (12)Sell (0)
Technical Indicators:Strong BuyBuy (7)Sell (0)","Name
S3
S2
S1
Pivot Points
R1
R2
R3
Classic
0.9166
0.9170
0.9173
0.9177
0.9180
0.9184
0.9187
Fibonacci
0.9170
0.9173
0.9174
0.9177
0.9180
0.9181
0.9184
Camarilla
0.9173
0.9174
0.9174
0.9177
0.9176
0.9176
0.9177
Woodie's
0.9164
0.9169
0.9171
0.9176
0.9178
0.9183
0.9185
DeMark's
-
-
0.9171
0.9176
0.9178
-
-","Technical IndicatorsJun 17, 2021 09:08PM GMT
Name
Value
Action
RSI(14)
75.170
Overbought
STOCH(9,6)
80.246
Overbought
STOCHRSI(14)
3.830
Oversold
MACD(12,26)
0.003
Buy
ADX(14)
44.390
Buy
Williams %R
-15.714
Overbought
CCI(14)
96.5021
Buy
ATR(14)
0.0015
Less Volatility
Highs/Lows(14)
0.0009
Buy
Ultimate Oscillator
65.956
Buy
ROC
0.614
Buy
Bull/Bear Power(13)
0.0035
Buy
Buy: 7
Sell: 0
Neutral: 0


Summary:Strong Buy","Jun 17, 2021 09:08PM GMT"
nzd_chf,0.6429 +0.0009    +0.15%,17:08:44,2021-06-17 21:09:10.441893,"Prev. Close: 0.6419
Bid/Ask: 0.6425 / 0.6432
Day's Range: 0.6422 - 0.6430",Sell,"Summary:Sell
Moving Averages:NeutralBuy (6)Sell (6)
Technical Indicators:Strong SellBuy (2)Sell (6)","Name
S3
S2
S1
Pivot Points
R1
R2
R3
Classic
0.6411
0.6417
0.6420
0.6426
0.6429
0.6435
0.6438
Fibonacci
0.6417
0.6420
0.6423
0.6426
0.6429
0.6432
0.6435
Camarilla
0.6421
0.6421
0.6422
0.6426
0.6424
0.6425
0.6425
Woodie's
0.6409
0.6416
0.6418
0.6425
0.6427
0.6434
0.6436
DeMark's
-
-
0.6419
0.6425
0.6427
-
-","Technical IndicatorsJun 17, 2021 09:08PM GMT
Name
Value
Action
RSI(14)
49.076
Neutral
STOCH(9,6)
58.462
Buy
STOCHRSI(14)
37.911
Sell
MACD(12,26)
0.000
Buy
ADX(14)
32.380
Sell
Williams %R
-61.290
Sell
CCI(14)
-26.2337
Neutral
ATR(14)
0.0012
Less Volatility
Highs/Lows(14)
0.0000
Neutral
Ultimate Oscillator
39.351
Sell
ROC
-0.318
Sell
Bull/Bear Power(13)
-0.0009
Sell
Buy: 2
Sell: 6
Neutral: 3


Summary:Strong Sell","Jun 17, 2021 09:08PM GMT"
usd_cny,6.4484 +0.0515    +0.80%,11:27:22,2021-06-17 21:09:10.444793,"Prev. Close: 6.3969
Bid/Ask: 6.4477 / 6.4490
Day's Range: 6.3972 - 6.4494",Strong Buy,"Summary:Strong Buy
Moving Averages:BuyBuy (12)Sell (0)
Technical Indicators:Strong BuyBuy (7)Sell (0)","Name
S3
S2
S1
Pivot Points
R1
R2
R3
Classic
6.4380
6.4399
6.4436
6.4455
6.4492
6.4511
6.4548
Fibonacci
6.4399
6.4420
6.4434
6.4455
6.4476
6.4490
6.4511
Camarilla
6.4458
6.4463
6.4468
6.4455
6.4479
6.4484
6.4489
Woodie's
6.4390
6.4404
6.4446
6.4460
6.4502
6.4516
6.4558
DeMark's
-
-
6.4446
6.4460
6.4502
-
-","Technical IndicatorsJun 17, 2021 03:34PM GMT
Name
Value
Action
RSI(14)
85.433
Overbought
STOCH(9,6)
77.649
Buy
STOCHRSI(14)
100.000
Overbought
MACD(12,26)
0.011
Buy
ADX(14)
61.337
Buy
Williams %R
-3.426
Overbought
CCI(14)
151.8010
Buy
ATR(14)
0.0041
Less Volatility
Highs/Lows(14)
0.0141
Buy
Ultimate Oscillator
82.973
Overbought
ROC
0.391
Buy
Bull/Bear Power(13)
0.0286
Buy
Buy: 7
Sell: 0
Neutral: 0


Summary:Strong Buy","Jun 17, 2021 03:34PM GMT"
usd_hkd,7.7646 +0.0002    +0.00%,17:08:28,2021-06-17 21:09:10.447678,"Prev. Close: 7.7644
Bid/Ask: 7.7644 / 7.7648
Day's Range: 7.7644 - 7.7650",Strong Buy,"Summary:Strong Buy
Moving Averages:BuyBuy (12)Sell (0)
Technical Indicators:Strong BuyBuy (7)Sell (2)","Name
S3
S2
S1
Pivot Points
R1
R2
R3
Classic
7.7632
7.7636
7.7641
7.7645
7.7649
7.7654
7.7658
Fibonacci
7.7636
7.7639
7.7642
7.7645
7.7648
7.7651
7.7654
Camarilla
7.7642
7.7643
7.7644
7.7645
7.7645
7.7646
7.7647
Woodie's
7.7632
7.7636
7.7641
7.7645
7.7649
7.7654
7.7658
DeMark's
-
-
7.7638
7.7644
7.7647
-
-","Technical IndicatorsJun 17, 2021 09:08PM GMT
Name
Value
Action
RSI(14)
56.856
Buy
STOCH(9,6)
58.371
Buy
STOCHRSI(14)
44.626
Sell
MACD(12,26)
0.000
Buy
ADX(14)
33.915
Sell
Williams %R
-36.838
Buy
CCI(14)
46.2567
Neutral
ATR(14)
0.0009
Less Volatility
Highs/Lows(14)
0.0000
Neutral
Ultimate Oscillator
57.076
Buy
ROC
0.003
Buy
Bull/Bear Power(13)
0.0013
Buy
Buy: 7
Sell: 2
Neutral: 2


Summary:Strong Buy","Jun 17, 2021 09:08PM GMT"
eur_usd,1.1907 0.0001    0.00%,17:09:44,2021-06-17 21:10:10.870144,"Prev. Close: 1.1906
Bid/Ask: 1.1905 / 1.1908
Day's Range: 1.1906 - 1.1909",Strong Sell,"Summary:Strong Sell
Moving Averages:Strong SellBuy (0)Sell (12)
Technical Indicators:Strong SellBuy (0)Sell (9)","Name
S3
S2
S1
Pivot Points
R1
R2
R3
Classic
1.1893
1.1897
1.1902
1.1906
1.1911
1.1915
1.1921
Fibonacci
1.1897
1.1900
1.1902
1.1906
1.1910
1.1912
1.1915
Camarilla
1.1905
1.1906
1.1907
1.1906
1.1908
1.1909
1.1910
Woodie's
1.1893
1.1897
1.1902
1.1906
1.1911
1.1915
1.1921
DeMark's
-
-
1.1904
1.1907
1.1913
-
-","Technical IndicatorsJun 17, 2021 09:09PM GMT
Name
Value
Action
RSI(14)
27.878
Sell
STOCH(9,6)
23.563
Sell
STOCHRSI(14)
98.347
Overbought
MACD(12,26)
-0.004
Sell
ADX(14)
42.257
Sell
Williams %R
-80.001
Oversold
CCI(14)
-93.2392
Sell
ATR(14)
0.0018
Less Volatility
Highs/Lows(14)
-0.0010
Sell
Ultimate Oscillator
33.035
Sell
ROC
-0.406
Sell
Bull/Bear Power(13)
-0.0025
Sell
Buy: 0
Sell: 9
Neutral: 0


Summary:Strong Sell","Jun 17, 2021 09:09PM GMT"
gbp_usd,1.3918 -0.0001    -0.01%,17:09:13,2021-06-17 21:10:10.874061,"Prev. Close: 1.3919
Bid/Ask: 1.3915 / 1.3920
Day's Range: 1.3915 - 1.3927",Strong Sell,"Summary:Strong Sell
Moving Averages:Strong SellBuy (0)Sell (12)
Technical Indicators:Strong SellBuy (0)Sell (10)","Name
S3
S2
S1
Pivot Points
R1
R2
R3
Classic
1.3912
1.3916
1.3921
1.3925
1.3930
1.3934
1.3940
Fibonacci
1.3916
1.3919
1.3922
1.3925
1.3928
1.3931
1.3934
Camarilla
1.3924
1.3925
1.3926
1.3925
1.3927
1.3928
1.3929
Woodie's
1.3912
1.3916
1.3921
1.3925
1.3930
1.3934
1.3940
DeMark's
-
-
1.3923
1.3926
1.3932
-
-","Technical IndicatorsJun 17, 2021 09:09PM GMT
Name
Value
Action
RSI(14)
35.110
Sell
STOCH(9,6)
30.739
Sell
STOCHRSI(14)
88.049
Overbought
MACD(12,26)
-0.003
Sell
ADX(14)
39.857
Sell
Williams %R
-76.769
Sell
CCI(14)
-81.4238
Sell
ATR(14)
0.0024
Less Volatility
Highs/Lows(14)
-0.0008
Sell
Ultimate Oscillator
33.482
Sell
ROC
-0.401
Sell
Bull/Bear Power(13)
-0.0021
Sell
Buy: 0
Sell: 10
Neutral: 0


Summary:Strong Sell","Jun 17, 2021 09:09PM GMT"
usd_jpy,110.22 +0.01    +0.01%,17:09:42,2021-06-17 21:10:10.877288,"Prev. Close: 110.20
Bid/Ask: 110.20 / 110.23
Day's Range: 110.17 - 110.83",Strong Sell,"Summary:Strong Sell
Moving Averages:SellBuy (4)Sell (8)
Technical Indicators:Strong SellBuy (0)Sell (8)","Name
S3
S2
S1
Pivot Points
R1
R2
R3
Classic
110.11
110.16
110.19
110.24
110.27
110.32
110.34
Fibonacci
110.16
110.19
110.21
110.24
110.27
110.29
110.32
Camarilla
110.19
110.20
110.21
110.24
110.22
110.23
110.24
Woodie's
110.09
110.15
110.17
110.23
110.25
110.31
110.32
DeMark's
-
-
110.17
110.23
110.25
-
-","Technical IndicatorsJun 17, 2021 09:09PM GMT
Name
Value
Action
RSI(14)
39.719
Sell
STOCH(9,6)
14.236
Oversold
STOCHRSI(14)
5.301
Oversold
MACD(12,26)
-0.030
Sell
ADX(14)
34.399
Sell
Williams %R
-92.437
Oversold
CCI(14)
-84.7105
Sell
ATR(14)
0.1211
Less Volatility
Highs/Lows(14)
-0.1421
Sell
Ultimate Oscillator
47.024
Sell
ROC
-0.330
Sell
Bull/Bear Power(13)
-0.2900
Sell
Buy: 0
Sell: 8
Neutral: 0


Summary:Strong Sell","Jun 17, 2021 09:09PM GMT"
aud_usd,0.7552 +0.0001    +0.02%,17:09:42,2021-06-17 21:10:10.880376,"Prev. Close: 0.7550
Bid/Ask: 0.7550 / 0.7553
Day's Range: 0.7547 - 0.7553",Strong Sell,"Summary:Strong Sell
Moving Averages:SellBuy (2)Sell (10)
Technical Indicators:Strong SellBuy (0)Sell (8)","Name
S3
S2
S1
Pivot Points
R1
R2
R3
Classic
0.7541
0.7544
0.7548
0.7551
0.7555
0.7558
0.7562
Fibonacci
0.7544
0.7547
0.7548
0.7551
0.7554
0.7555
0.7558
Camarilla
0.7549
0.7550
0.7550
0.7551
0.7552
0.7552
0.7553
Woodie's
0.7541
0.7544
0.7548
0.7551
0.7555
0.7558
0.7562
DeMark's
-
-
0.7549
0.7551
0.7556
-
-","Technical IndicatorsJun 17, 2021 09:09PM GMT
Name
Value
Action
RSI(14)
29.017
Sell
STOCH(9,6)
19.084
Oversold
STOCHRSI(14)
100.000
Overbought
MACD(12,26)
-0.003
Sell
ADX(14)
55.201
Sell
Williams %R
-85.030
Oversold
CCI(14)
-88.7795
Sell
ATR(14)
0.0017
Less Volatility
Highs/Lows(14)
-0.0007
Sell
Ultimate Oscillator
33.696
Sell
ROC
-0.821
Sell
Bull/Bear Power(13)
-0.0020
Sell
Buy: 0
Sell: 8
Neutral: 0


Summary:Strong Sell","Jun 17, 2021 09:09PM GMT"
eur_gbp,0.8555 +0.0003    +0.04%,17:09:44,2021-06-17 21:10:10.883426,"Prev. Close: 0.8551
Bid/Ask: 0.8553 / 0.8556
Day's Range: 0.8551 - 0.8557",Strong Sell,"Summary:Strong Sell
Moving Averages:Strong SellBuy (0)Sell (12)
Technical Indicators:Strong SellBuy (1)Sell (7)","Name
S3
S2
S1
Pivot Points
R1
R2
R3
Classic
0.8542
0.8544
0.8549
0.8552
0.8557
0.8560
0.8564
Fibonacci
0.8544
0.8547
0.8549
0.8552
0.8555
0.8557
0.8560
Camarilla
0.8553
0.8554
0.8554
0.8552
0.8556
0.8556
0.8557
Woodie's
0.8544
0.8545
0.8551
0.8553
0.8559
0.8561
0.8566
DeMark's
-
-
0.8551
0.8553
0.8559
-
-","Technical IndicatorsJun 17, 2021 09:09PM GMT
Name
Value
Action
RSI(14)
38.873
Sell
STOCH(9,6)
40.494
Sell
STOCHRSI(14)
75.548
Overbought
MACD(12,26)
-0.001
Sell
ADX(14)
41.815
Sell
Williams %R
-60.000
Sell
CCI(14)
-39.5232
Neutral
ATR(14)
0.0010
Less Volatility
Highs/Lows(14)
0.0000
Neutral
Ultimate Oscillator
53.752
Buy
ROC
-0.012
Sell
Bull/Bear Power(13)
-0.0013
Sell
Buy: 1
Sell: 7
Neutral: 2


Summary:Strong Sell","Jun 17, 2021 09:09PM GMT"
usd_cad,1.2358 -0.0003    -0.02%,17:09:42,2021-06-17 21:10:10.886442,"Prev. Close: 1.2361
Bid/Ask: 1.2356 / 1.2360
Day's Range: 1.2351 - 1.2368",Strong Buy,"Summary:Strong Buy
Moving Averages:Strong BuyBuy (11)Sell (1)
Technical Indicators:Strong BuyBuy (10)Sell (1)","Name
S3
S2
S1
Pivot Points
R1
R2
R3
Classic
1.2342
1.2346
1.2353
1.2357
1.2364
1.2368
1.2375
Fibonacci
1.2346
1.2350
1.2353
1.2357
1.2361
1.2364
1.2368
Camarilla
1.2358
1.2359
1.2360
1.2357
1.2362
1.2363
1.2364
Woodie's
1.2344
1.2347
1.2355
1.2358
1.2366
1.2369
1.2377
DeMark's
-
-
1.2356
1.2358
1.2366
-
-","Technical IndicatorsJun 17, 2021 09:09PM GMT
Name
Value
Action
RSI(14)
69.435
Buy
STOCH(9,6)
74.377
Buy
STOCHRSI(14)
25.283
Sell
MACD(12,26)
0.003
Buy
ADX(14)
45.997
Buy
Williams %R
-25.715
Buy
CCI(14)
108.3726
Buy
ATR(14)
0.0024
Less Volatility
Highs/Lows(14)
0.0006
Buy
Ultimate Oscillator
69.180
Buy
ROC
0.435
Buy
Bull/Bear Power(13)
0.0039
Buy
Buy: 10
Sell: 1
Neutral: 0


Summary:Strong Buy","Jun 17, 2021 09:09PM GMT"
usd_chf,0.9177 +0.0004    +0.04%,17:09:42,2021-06-17 21:10:10.889452,"Prev. Close: 0.9173
Bid/Ask: 0.9174 / 0.9180
Day's Range: 0.9173 - 0.9183",Strong Buy,"Summary:Strong Buy
Moving Averages:BuyBuy (12)Sell (0)
Technical Indicators:Strong BuyBuy (7)Sell (0)","Name
S3
S2
S1
Pivot Points
R1
R2
R3
Classic
0.9166
0.9170
0.9173
0.9177
0.9180
0.9184
0.9187
Fibonacci
0.9170
0.9173
0.9174
0.9177
0.9180
0.9181
0.9184
Camarilla
0.9173
0.9174
0.9174
0.9177
0.9176
0.9176
0.9177
Woodie's
0.9164
0.9169
0.9171
0.9176
0.9178
0.9183
0.9185
DeMark's
-
-
0.9171
0.9176
0.9178
-
-","Technical IndicatorsJun 17, 2021 09:08PM GMT
Name
Value
Action
RSI(14)
75.170
Overbought
STOCH(9,6)
80.246
Overbought
STOCHRSI(14)
3.830
Oversold
MACD(12,26)
0.003
Buy
ADX(14)
44.390
Buy
Williams %R
-15.714
Overbought
CCI(14)
96.5021
Buy
ATR(14)
0.0015
Less Volatility
Highs/Lows(14)
0.0009
Buy
Ultimate Oscillator
65.956
Buy
ROC
0.614
Buy
Bull/Bear Power(13)
0.0035
Buy
Buy: 7
Sell: 0
Neutral: 0


Summary:Strong Buy","Jun 17, 2021 09:08PM GMT"
nzd_chf,0.6427 +0.0008    +0.12%,17:10:01,2021-06-17 21:10:10.892492,"Prev. Close: 0.6419
Bid/Ask: 0.6424 / 0.6429
Day's Range: 0.6422 - 0.6430",Sell,"Summary:Sell
Moving Averages:NeutralBuy (6)Sell (6)
Technical Indicators:Strong SellBuy (2)Sell (6)","Name
S3
S2
S1
Pivot Points
R1
R2
R3
Classic
0.6411
0.6417
0.6420
0.6426
0.6429
0.6435
0.6438
Fibonacci
0.6417
0.6420
0.6423
0.6426
0.6429
0.6432
0.6435
Camarilla
0.6421
0.6421
0.6422
0.6426
0.6424
0.6425
0.6425
Woodie's
0.6409
0.6416
0.6418
0.6425
0.6427
0.6434
0.6436
DeMark's
-
-
0.6419
0.6425
0.6427
-
-","Technical IndicatorsJun 17, 2021 09:08PM GMT
Name
Value
Action
RSI(14)
49.076
Neutral
STOCH(9,6)
58.462
Buy
STOCHRSI(14)
37.911
Sell
MACD(12,26)
0.000
Buy
ADX(14)
32.380
Sell
Williams %R
-61.290
Sell
CCI(14)
-26.2337
Neutral
ATR(14)
0.0012
Less Volatility
Highs/Lows(14)
0.0000
Neutral
Ultimate Oscillator
39.351
Sell
ROC
-0.318
Sell
Bull/Bear Power(13)
-0.0009
Sell
Buy: 2
Sell: 6
Neutral: 3


Summary:Strong Sell","Jun 17, 2021 09:08PM GMT"
usd_cny,6.4484 +0.0515    +0.80%,11:27:22,2021-06-17 21:10:10.895509,"Prev. Close: 6.3969
Bid/Ask: 6.4477 / 6.4490
Day's Range: 6.3972 - 6.4494",Strong Buy,"Summary:Strong Buy
Moving Averages:BuyBuy (12)Sell (0)
Technical Indicators:Strong BuyBuy (7)Sell (0)","Name
S3
S2
S1
Pivot Points
R1
R2
R3
Classic
6.4380
6.4399
6.4436
6.4455
6.4492
6.4511
6.4548
Fibonacci
6.4399
6.4420
6.4434
6.4455
6.4476
6.4490
6.4511
Camarilla
6.4458
6.4463
6.4468
6.4455
6.4479
6.4484
6.4489
Woodie's
6.4390
6.4404
6.4446
6.4460
6.4502
6.4516
6.4558
DeMark's
-
-
6.4446
6.4460
6.4502
-
-","Technical IndicatorsJun 17, 2021 03:34PM GMT
Name
Value
Action
RSI(14)
85.433
Overbought
STOCH(9,6)
77.649
Buy
STOCHRSI(14)
100.000
Overbought
MACD(12,26)
0.011
Buy
ADX(14)
61.337
Buy
Williams %R
-3.426
Overbought
CCI(14)
151.8010
Buy
ATR(14)
0.0041
Less Volatility
Highs/Lows(14)
0.0141
Buy
Ultimate Oscillator
82.973
Overbought
ROC
0.391
Buy
Bull/Bear Power(13)
0.0286
Buy
Buy: 7
Sell: 0
Neutral: 0


Summary:Strong Buy","Jun 17, 2021 03:34PM GMT"
usd_hkd,7.7646 +0.0002    +0.00%,17:09:35,2021-06-17 21:10:10.898503,"Prev. Close: 7.7644
Bid/Ask: 7.7644 / 7.7648
Day's Range: 7.7644 - 7.7650",Strong Buy,"Summary:Strong Buy
Moving Averages:BuyBuy (12)Sell (0)
Technical Indicators:Strong BuyBuy (7)Sell (2)","Name
S3
S2
S1
Pivot Points
R1
R2
R3
Classic
7.7632
7.7636
7.7641
7.7645
7.7649
7.7654
7.7658
Fibonacci
7.7636
7.7639
7.7642
7.7645
7.7648
7.7651
7.7654
Camarilla
7.7642
7.7643
7.7644
7.7645
7.7645
7.7646
7.7647
Woodie's
7.7632
7.7636
7.7641
7.7645
7.7649
7.7654
7.7658
DeMark's
-
-
7.7638
7.7644
7.7647
-
-","Technical IndicatorsJun 17, 2021 09:08PM GMT
Name
Value
Action
RSI(14)
56.856
Buy
STOCH(9,6)
58.371
Buy
STOCHRSI(14)
44.626
Sell
MACD(12,26)
0.000
Buy
ADX(14)
33.915
Sell
Williams %R
-36.838
Buy
CCI(14)
46.2567
Neutral
ATR(14)
0.0009
Less Volatility
Highs/Lows(14)
0.0000
Neutral
Ultimate Oscillator
57.076
Buy
ROC
0.003
Buy
Bull/Bear Power(13)
0.0013
Buy
Buy: 7
Sell: 2
Neutral: 2


Summary:Strong Buy","Jun 17, 2021 09:08PM GMT"
eur_usd,1.1907 0.0001    0.00%,17:10:47,2021-06-17 21:11:10.171665,"Prev. Close: 1.1906
Bid/Ask: 1.1905 / 1.1908
Day's Range: 1.1906 - 1.1909",Strong Sell,"Summary:Strong Sell
Moving Averages:Strong SellBuy (0)Sell (12)
Technical Indicators:Strong SellBuy (0)Sell (9)","Name
S3
S2
S1
Pivot Points
R1
R2
R3
Classic
1.1893
1.1897
1.1902
1.1906
1.1911
1.1915
1.1921
Fibonacci
1.1897
1.1900
1.1902
1.1906
1.1910
1.1912
1.1915
Camarilla
1.1905
1.1906
1.1907
1.1906
1.1908
1.1909
1.1910
Woodie's
1.1893
1.1897
1.1902
1.1906
1.1911
1.1915
1.1921
DeMark's
-
-
1.1904
1.1907
1.1913
-
-","Technical IndicatorsJun 17, 2021 09:09PM GMT
Name
Value
Action
RSI(14)
27.878
Sell
STOCH(9,6)
23.563
Sell
STOCHRSI(14)
98.347
Overbought
MACD(12,26)
-0.004
Sell
ADX(14)
42.257
Sell
Williams %R
-80.001
Oversold
CCI(14)
-93.2392
Sell
ATR(14)
0.0018
Less Volatility
Highs/Lows(14)
-0.0010
Sell
Ultimate Oscillator
33.035
Sell
ROC
-0.406
Sell
Bull/Bear Power(13)
-0.0025
Sell
Buy: 0
Sell: 9
Neutral: 0


Summary:Strong Sell","Jun 17, 2021 09:09PM GMT"
gbp_usd,1.3921 +0.0002    +0.01%,17:10:16,2021-06-17 21:11:10.175553,"Prev. Close: 1.3919
Bid/Ask: 1.3919 / 1.3923
Day's Range: 1.3915 - 1.3927",Strong Sell,"Summary:Strong Sell
Moving Averages:Strong SellBuy (0)Sell (12)
Technical Indicators:Strong SellBuy (0)Sell (10)","Name
S3
S2
S1
Pivot Points
R1
R2
R3
Classic
1.3912
1.3916
1.3921
1.3925
1.3930
1.3934
1.3940
Fibonacci
1.3916
1.3919
1.3922
1.3925
1.3928
1.3931
1.3934
Camarilla
1.3924
1.3925
1.3926
1.3925
1.3927
1.3928
1.3929
Woodie's
1.3912
1.3916
1.3921
1.3925
1.3930
1.3934
1.3940
DeMark's
-
-
1.3923
1.3926
1.3932
-
-","Technical IndicatorsJun 17, 2021 09:09PM GMT
Name
Value
Action
RSI(14)
35.110
Sell
STOCH(9,6)
30.739
Sell
STOCHRSI(14)
88.049
Overbought
MACD(12,26)
-0.003
Sell
ADX(14)
39.857
Sell
Williams %R
-76.769
Sell
CCI(14)
-81.4238
Sell
ATR(14)
0.0024
Less Volatility
Highs/Lows(14)
-0.0008
Sell
Ultimate Oscillator
33.482
Sell
ROC
-0.401
Sell
Bull/Bear Power(13)
-0.0021
Sell
Buy: 0
Sell: 10
Neutral: 0


Summary:Strong Sell","Jun 17, 2021 09:09PM GMT"
usd_jpy,110.23 +0.03    +0.02%,17:10:33,2021-06-17 21:11:10.178754,"Prev. Close: 110.20
Bid/Ask: 110.20 / 110.25
Day's Range: 110.17 - 110.83",Strong Sell,"Summary:Strong Sell
Moving Averages:SellBuy (4)Sell (8)
Technical Indicators:Strong SellBuy (0)Sell (8)","Name
S3
S2
S1
Pivot Points
R1
R2
R3
Classic
110.11
110.16
110.19
110.24
110.27
110.32
110.34
Fibonacci
110.16
110.19
110.21
110.24
110.27
110.29
110.32
Camarilla
110.19
110.20
110.21
110.24
110.22
110.23
110.24
Woodie's
110.09
110.15
110.17
110.23
110.25
110.31
110.32
DeMark's
-
-
110.17
110.23
110.25
-
-","Technical IndicatorsJun 17, 2021 09:10PM GMT
Name
Value
Action
RSI(14)
40.414
Sell
STOCH(9,6)
14.749
Oversold
STOCHRSI(14)
7.833
Oversold
MACD(12,26)
-0.030
Sell
ADX(14)
34.399
Sell
Williams %R
-90.756
Oversold
CCI(14)
-83.6023
Sell
ATR(14)
0.1211
Less Volatility
Highs/Lows(14)
-0.1321
Sell
Ultimate Oscillator
48.138
Sell
ROC
-0.321
Sell
Bull/Bear Power(13)
-0.2920
Sell
Buy: 0
Sell: 8
Neutral: 0


Summary:Strong Sell","Jun 17, 2021 09:10PM GMT"
aud_usd,0.7552 +0.0001    +0.02%,17:10:43,2021-06-17 21:11:10.181809,"Prev. Close: 0.7550
Bid/Ask: 0.7550 / 0.7553
Day's Range: 0.7547 - 0.7553",Strong Sell,"Summary:Strong Sell
Moving Averages:SellBuy (2)Sell (10)
Technical Indicators:Strong SellBuy (0)Sell (8)","Name
S3
S2
S1
Pivot Points
R1
R2
R3
Classic
0.7541
0.7544
0.7548
0.7551
0.7555
0.7558
0.7562
Fibonacci
0.7544
0.7547
0.7548
0.7551
0.7554
0.7555
0.7558
Camarilla
0.7549
0.7550
0.7550
0.7551
0.7552
0.7552
0.7553
Woodie's
0.7541
0.7544
0.7548
0.7551
0.7555
0.7558
0.7562
DeMark's
-
-
0.7549
0.7551
0.7556
-
-","Technical IndicatorsJun 17, 2021 09:10PM GMT
Name
Value
Action
RSI(14)
29.017
Sell
STOCH(9,6)
19.084
Oversold
STOCHRSI(14)
100.000
Overbought
MACD(12,26)
-0.003
Sell
ADX(14)
55.201
Sell
Williams %R
-85.030
Oversold
CCI(14)
-88.7795
Sell
ATR(14)
0.0017
Less Volatility
Highs/Lows(14)
-0.0007
Sell
Ultimate Oscillator
33.696
Sell
ROC
-0.821
Sell
Bull/Bear Power(13)
-0.0020
Sell
Buy: 0
Sell: 8
Neutral: 0


Summary:Strong Sell","Jun 17, 2021 09:10PM GMT"
eur_gbp,0.8553 +0.0002    +0.02%,17:10:47,2021-06-17 21:11:10.184774,"Prev. Close: 0.8551
Bid/Ask: 0.8551 / 0.8555
Day's Range: 0.8551 - 0.8557",Strong Sell,"Summary:Strong Sell
Moving Averages:Strong SellBuy (0)Sell (12)
Technical Indicators:Strong SellBuy (1)Sell (7)","Name
S3
S2
S1
Pivot Points
R1
R2
R3
Classic
0.8542
0.8544
0.8549
0.8552
0.8557
0.8560
0.8564
Fibonacci
0.8544
0.8547
0.8549
0.8552
0.8555
0.8557
0.8560
Camarilla
0.8553
0.8554
0.8554
0.8552
0.8556
0.8556
0.8557
Woodie's
0.8544
0.8545
0.8551
0.8553
0.8559
0.8561
0.8566
DeMark's
-
-
0.8551
0.8553
0.8559
-
-","Technical IndicatorsJun 17, 2021 09:09PM GMT
Name
Value
Action
RSI(14)
38.873
Sell
STOCH(9,6)
40.494
Sell
STOCHRSI(14)
75.548
Overbought
MACD(12,26)
-0.001
Sell
ADX(14)
41.815
Sell
Williams %R
-60.000
Sell
CCI(14)
-39.5232
Neutral
ATR(14)
0.0010
Less Volatility
Highs/Lows(14)
0.0000
Neutral
Ultimate Oscillator
53.752
Buy
ROC
-0.012
Sell
Bull/Bear Power(13)
-0.0013
Sell
Buy: 1
Sell: 7
Neutral: 2


Summary:Strong Sell","Jun 17, 2021 09:09PM GMT"
usd_cad,1.2358 -0.0003    -0.02%,17:10:47,2021-06-17 21:11:10.187710,"Prev. Close: 1.2361
Bid/Ask: 1.2356 / 1.2360
Day's Range: 1.2351 - 1.2368",Strong Buy,"Summary:Strong Buy
Moving Averages:Strong BuyBuy (11)Sell (1)
Technical Indicators:Strong BuyBuy (10)Sell (1)","Name
S3
S2
S1
Pivot Points
R1
R2
R3
Classic
1.2342
1.2346
1.2353
1.2357
1.2364
1.2368
1.2375
Fibonacci
1.2346
1.2350
1.2353
1.2357
1.2361
1.2364
1.2368
Camarilla
1.2358
1.2359
1.2360
1.2357
1.2362
1.2363
1.2364
Woodie's
1.2344
1.2347
1.2355
1.2358
1.2366
1.2369
1.2377
DeMark's
-
-
1.2356
1.2358
1.2366
-
-","Technical IndicatorsJun 17, 2021 09:09PM GMT
Name
Value
Action
RSI(14)
69.435
Buy
STOCH(9,6)
74.377
Buy
STOCHRSI(14)
25.283
Sell
MACD(12,26)
0.003
Buy
ADX(14)
45.997
Buy
Williams %R
-25.715
Buy
CCI(14)
108.3726
Buy
ATR(14)
0.0024
Less Volatility
Highs/Lows(14)
0.0006
Buy
Ultimate Oscillator
69.180
Buy
ROC
0.435
Buy
Bull/Bear Power(13)
0.0039
Buy
Buy: 10
Sell: 1
Neutral: 0


Summary:Strong Buy","Jun 17, 2021 09:09PM GMT"
usd_chf,0.9177 +0.0003    +0.04%,17:10:42,2021-06-17 21:11:10.190661,"Prev. Close: 0.9173
Bid/Ask: 0.9173 / 0.9180
Day's Range: 0.9173 - 0.9183",Strong Buy,"Summary:Strong Buy
Moving Averages:BuyBuy (12)Sell (0)
Technical Indicators:Strong BuyBuy (7)Sell (0)","Name
S3
S2
S1
Pivot Points
R1
R2
R3
Classic
0.9166
0.9170
0.9173
0.9177
0.9180
0.9184
0.9187
Fibonacci
0.9170
0.9173
0.9174
0.9177
0.9180
0.9181
0.9184
Camarilla
0.9173
0.9174
0.9174
0.9177
0.9176
0.9176
0.9177
Woodie's
0.9164
0.9169
0.9171
0.9176
0.9178
0.9183
0.9185
DeMark's
-
-
0.9171
0.9176
0.9178
-
-","Technical IndicatorsJun 17, 2021 09:08PM GMT
Name
Value
Action
RSI(14)
75.170
Overbought
STOCH(9,6)
80.246
Overbought
STOCHRSI(14)
3.830
Oversold
MACD(12,26)
0.003
Buy
ADX(14)
44.390
Buy
Williams %R
-15.714
Overbought
CCI(14)
96.5021
Buy
ATR(14)
0.0015
Less Volatility
Highs/Lows(14)
0.0009
Buy
Ultimate Oscillator
65.956
Buy
ROC
0.614
Buy
Bull/Bear Power(13)
0.0035
Buy
Buy: 7
Sell: 0
Neutral: 0


Summary:Strong Buy","Jun 17, 2021 09:08PM GMT"
nzd_chf,0.6425 +0.0006    +0.09%,17:10:47,2021-06-17 21:11:10.193554,"Prev. Close: 0.6419
Bid/Ask: 0.6422 / 0.6427
Day's Range: 0.6422 - 0.6430",Neutral,"Summary:Neutral
Moving Averages:BuyBuy (9)Sell (3)
Technical Indicators:SellBuy (2)Sell (4)","Name
S3
S2
S1
Pivot Points
R1
R2
R3
Classic
0.6411
0.6417
0.6420
0.6426
0.6429
0.6435
0.6438
Fibonacci
0.6417
0.6420
0.6423
0.6426
0.6429
0.6432
0.6435
Camarilla
0.6421
0.6421
0.6422
0.6426
0.6424
0.6425
0.6425
Woodie's
0.6409
0.6416
0.6418
0.6425
0.6427
0.6434
0.6436
DeMark's
-
-
0.6419
0.6425
0.6427
-
-","Technical IndicatorsJun 17, 2021 09:10PM GMT
Name
Value
Action
RSI(14)
51.429
Neutral
STOCH(9,6)
60.385
Buy
STOCHRSI(14)
46.930
Neutral
MACD(12,26)
0.000
Buy
ADX(14)
32.380
Sell
Williams %R
-54.839
Neutral
CCI(14)
-16.0664
Neutral
ATR(14)
0.0012
Less Volatility
Highs/Lows(14)
0.0000
Neutral
Ultimate Oscillator
42.867
Sell
ROC
-0.272
Sell
Bull/Bear Power(13)
-0.0009
Sell
Buy: 2
Sell: 4
Neutral: 5


Summary:Sell","Jun 17, 2021 09:10PM GMT"
usd_cny,6.4484 +0.0515    +0.80%,11:27:22,2021-06-17 21:11:10.196468,"Prev. Close: 6.3969
Bid/Ask: 6.4477 / 6.4490
Day's Range: 6.3972 - 6.4494",Strong Buy,"Summary:Strong Buy
Moving Averages:BuyBuy (12)Sell (0)
Technical Indicators:Strong BuyBuy (7)Sell (0)","Name
S3
S2
S1
Pivot Points
R1
R2
R3
Classic
6.4380
6.4399
6.4436
6.4455
6.4492
6.4511
6.4548
Fibonacci
6.4399
6.4420
6.4434
6.4455
6.4476
6.4490
6.4511
Camarilla
6.4458
6.4463
6.4468
6.4455
6.4479
6.4484
6.4489
Woodie's
6.4390
6.4404
6.4446
6.4460
6.4502
6.4516
6.4558
DeMark's
-
-
6.4446
6.4460
6.4502
-
-","Technical IndicatorsJun 17, 2021 03:34PM GMT
Name
Value
Action
RSI(14)
85.433
Overbought
STOCH(9,6)
77.649
Buy
STOCHRSI(14)
100.000
Overbought
MACD(12,26)
0.011
Buy
ADX(14)
61.337
Buy
Williams %R
-3.426
Overbought
CCI(14)
151.8010
Buy
ATR(14)
0.0041
Less Volatility
Highs/Lows(14)
0.0141
Buy
Ultimate Oscillator
82.973
Overbought
ROC
0.391
Buy
Bull/Bear Power(13)
0.0286
Buy
Buy: 7
Sell: 0
Neutral: 0


Summary:Strong Buy","Jun 17, 2021 03:34PM GMT"
usd_hkd,7.7649 +0.0004    +0.01%,17:10:35,2021-06-17 21:11:10.199381,"Prev. Close: 7.7644
Bid/Ask: 7.7648 / 7.7649
Day's Range: 7.7644 - 7.7650",Strong Buy,"Summary:Strong Buy
Moving Averages:BuyBuy (12)Sell (0)
Technical Indicators:Strong BuyBuy (7)Sell (2)","Name
S3
S2
S1
Pivot Points
R1
R2
R3
Classic
7.7632
7.7636
7.7641
7.7645
7.7649
7.7654
7.7658
Fibonacci
7.7636
7.7639
7.7642
7.7645
7.7648
7.7651
7.7654
Camarilla
7.7642
7.7643
7.7644
7.7645
7.7645
7.7646
7.7647
Woodie's
7.7632
7.7636
7.7641
7.7645
7.7649
7.7654
7.7658
DeMark's
-
-
7.7638
7.7644
7.7647
-
-","Technical IndicatorsJun 17, 2021 09:10PM GMT
Name
Value
Action
RSI(14)
56.856
Buy
STOCH(9,6)
58.371
Buy
STOCHRSI(14)
44.626
Sell
MACD(12,26)
0.000
Buy
ADX(14)
33.915
Sell
Williams %R
-36.838
Buy
CCI(14)
46.2567
Neutral
ATR(14)
0.0009
Less Volatility
Highs/Lows(14)
0.0000
Neutral
Ultimate Oscillator
57.076
Buy
ROC
0.003
Buy
Bull/Bear Power(13)
0.0013
Buy
Buy: 7
Sell: 2
Neutral: 2


Summary:Strong Buy","Jun 17, 2021 09:10PM GMT"
eur_usd,1.1907 0.0001    0.00%,17:11:39,2021-06-17 21:12:10.297569,"Prev. Close: 1.1906
Bid/Ask: 1.1905 / 1.1908
Day's Range: 1.1906 - 1.1909",Strong Sell,"Summary:Strong Sell
Moving Averages:Strong SellBuy (0)Sell (12)
Technical Indicators:Strong SellBuy (0)Sell (9)","Name
S3
S2
S1
Pivot Points
R1
R2
R3
Classic
1.1893
1.1897
1.1902
1.1906
1.1911
1.1915
1.1921
Fibonacci
1.1897
1.1900
1.1902
1.1906
1.1910
1.1912
1.1915
Camarilla
1.1905
1.1906
1.1907
1.1906
1.1908
1.1909
1.1910
Woodie's
1.1893
1.1897
1.1902
1.1906
1.1911
1.1915
1.1921
DeMark's
-
-
1.1904
1.1907
1.1913
-
-","Technical IndicatorsJun 17, 2021 09:11PM GMT
Name
Value
Action
RSI(14)
27.878
Sell
STOCH(9,6)
23.563
Sell
STOCHRSI(14)
98.347
Overbought
MACD(12,26)
-0.004
Sell
ADX(14)
42.257
Sell
Williams %R
-80.001
Oversold
CCI(14)
-93.2392
Sell
ATR(14)
0.0018
Less Volatility
Highs/Lows(14)
-0.0010
Sell
Ultimate Oscillator
33.035
Sell
ROC
-0.406
Sell
Bull/Bear Power(13)
-0.0025
Sell
Buy: 0
Sell: 9
Neutral: 0


Summary:Strong Sell","Jun 17, 2021 09:11PM GMT"
gbp_usd,1.3919 0.0000    0.00%,17:11:34,2021-06-17 21:12:10.301379,"Prev. Close: 1.3919
Bid/Ask: 1.3917 / 1.3921
Day's Range: 1.3915 - 1.3927",Strong Sell,"Summary:Strong Sell
Moving Averages:Strong SellBuy (0)Sell (12)
Technical Indicators:Strong SellBuy (0)Sell (10)","Name
S3
S2
S1
Pivot Points
R1
R2
R3
Classic
1.3912
1.3916
1.3921
1.3925
1.3930
1.3934
1.3940
Fibonacci
1.3916
1.3919
1.3922
1.3925
1.3928
1.3931
1.3934
Camarilla
1.3924
1.3925
1.3926
1.3925
1.3927
1.3928
1.3929
Woodie's
1.3912
1.3916
1.3921
1.3925
1.3930
1.3934
1.3940
DeMark's
-
-
1.3923
1.3926
1.3932
-
-","Technical IndicatorsJun 17, 2021 09:11PM GMT
Name
Value
Action
RSI(14)
35.635
Sell
STOCH(9,6)
31.366
Sell
STOCHRSI(14)
91.917
Overbought
MACD(12,26)
-0.003
Sell
ADX(14)
39.857
Sell
Williams %R
-74.242
Sell
CCI(14)
-78.6845
Sell
ATR(14)
0.0024
Less Volatility
Highs/Lows(14)
-0.0005
Sell
Ultimate Oscillator
34.762
Sell
ROC
-0.383
Sell
Bull/Bear Power(13)
-0.0021
Sell
Buy: 0
Sell: 10
Neutral: 0


Summary:Strong Sell","Jun 17, 2021 09:11PM GMT"
usd_jpy,110.23 +0.03    +0.02%,17:11:42,2021-06-17 21:12:10.304493,"Prev. Close: 110.20
Bid/Ask: 110.21 / 110.24
Day's Range: 110.17 - 110.83",Strong Sell,"Summary:Strong Sell
Moving Averages:SellBuy (4)Sell (8)
Technical Indicators:Strong SellBuy (0)Sell (8)","Name
S3
S2
S1
Pivot Points
R1
R2
R3
Classic
110.11
110.16
110.19
110.24
110.27
110.32
110.34
Fibonacci
110.16
110.19
110.21
110.24
110.27
110.29
110.32
Camarilla
110.19
110.20
110.21
110.24
110.22
110.23
110.24
Woodie's
110.09
110.15
110.17
110.23
110.25
110.31
110.32
DeMark's
-
-
110.17
110.23
110.25
-
-","Technical IndicatorsJun 17, 2021 09:10PM GMT
Name
Value
Action
RSI(14)
40.414
Sell
STOCH(9,6)
14.749
Oversold
STOCHRSI(14)
7.833
Oversold
MACD(12,26)
-0.030
Sell
ADX(14)
34.399
Sell
Williams %R
-90.756
Oversold
CCI(14)
-83.6023
Sell
ATR(14)
0.1211
Less Volatility
Highs/Lows(14)
-0.1321
Sell
Ultimate Oscillator
48.138
Sell
ROC
-0.321
Sell
Bull/Bear Power(13)
-0.2920
Sell
Buy: 0
Sell: 8
Neutral: 0


Summary:Strong Sell","Jun 17, 2021 09:10PM GMT"
aud_usd,0.7552 +0.0001    +0.02%,17:11:42,2021-06-17 21:12:10.307467,"Prev. Close: 0.7550
Bid/Ask: 0.7550 / 0.7553
Day's Range: 0.7547 - 0.7553",Strong Sell,"Summary:Strong Sell
Moving Averages:SellBuy (2)Sell (10)
Technical Indicators:Strong SellBuy (0)Sell (8)","Name
S3
S2
S1
Pivot Points
R1
R2
R3
Classic
0.7541
0.7544
0.7548
0.7551
0.7555
0.7558
0.7562
Fibonacci
0.7544
0.7547
0.7548
0.7551
0.7554
0.7555
0.7558
Camarilla
0.7549
0.7550
0.7550
0.7551
0.7552
0.7552
0.7553
Woodie's
0.7541
0.7544
0.7548
0.7551
0.7555
0.7558
0.7562
DeMark's
-
-
0.7549
0.7551
0.7556
-
-","Technical IndicatorsJun 17, 2021 09:10PM GMT
Name
Value
Action
RSI(14)
29.017
Sell
STOCH(9,6)
19.084
Oversold
STOCHRSI(14)
100.000
Overbought
MACD(12,26)
-0.003
Sell
ADX(14)
55.201
Sell
Williams %R
-85.030
Oversold
CCI(14)
-88.7795
Sell
ATR(14)
0.0017
Less Volatility
Highs/Lows(14)
-0.0007
Sell
Ultimate Oscillator
33.696
Sell
ROC
-0.821
Sell
Bull/Bear Power(13)
-0.0020
Sell
Buy: 0
Sell: 8
Neutral: 0


Summary:Strong Sell","Jun 17, 2021 09:10PM GMT"
eur_gbp,0.8551 0.0000    0.00%,17:11:59,2021-06-17 21:12:10.310352,"Prev. Close: 0.8551
Bid/Ask: 0.8549 / 0.8553
Day's Range: 0.8551 - 0.8557",Strong Sell,"Summary:Strong Sell
Moving Averages:Strong SellBuy (0)Sell (12)
Technical Indicators:Strong SellBuy (2)Sell (7)","Name
S3
S2
S1
Pivot Points
R1
R2
R3
Classic
0.8542
0.8544
0.8549
0.8552
0.8557
0.8560
0.8564
Fibonacci
0.8544
0.8547
0.8549
0.8552
0.8555
0.8557
0.8560
Camarilla
0.8553
0.8554
0.8554
0.8552
0.8556
0.8556
0.8557
Woodie's
0.8544
0.8545
0.8551
0.8553
0.8559
0.8561
0.8566
DeMark's
-
-
0.8551
0.8553
0.8559
-
-","Technical IndicatorsJun 17, 2021 09:11PM GMT
Name
Value
Action
RSI(14)
38.516
Sell
STOCH(9,6)
40.185
Sell
STOCHRSI(14)
73.999
Buy
MACD(12,26)
-0.001
Sell
ADX(14)
41.815
Sell
Williams %R
-61.667
Sell
CCI(14)
-42.6119
Neutral
ATR(14)
0.0010
Less Volatility
Highs/Lows(14)
0.0000
Neutral
Ultimate Oscillator
53.062
Buy
ROC
-0.018
Sell
Bull/Bear Power(13)
-0.0013
Sell
Buy: 2
Sell: 7
Neutral: 2


Summary:Strong Sell","Jun 17, 2021 09:11PM GMT"
usd_cad,1.2359 -0.0002    -0.02%,17:11:42,2021-06-17 21:12:10.313247,"Prev. Close: 1.2361
Bid/Ask: 1.2357 / 1.2361
Day's Range: 1.2351 - 1.2368",Strong Buy,"Summary:Strong Buy
Moving Averages:BuyBuy (12)Sell (0)
Technical Indicators:Strong BuyBuy (9)Sell (1)","Name
S3
S2
S1
Pivot Points
R1
R2
R3
Classic
1.2342
1.2346
1.2353
1.2357
1.2364
1.2368
1.2375
Fibonacci
1.2346
1.2350
1.2353
1.2357
1.2361
1.2364
1.2368
Camarilla
1.2358
1.2359
1.2360
1.2357
1.2362
1.2363
1.2364
Woodie's
1.2344
1.2347
1.2355
1.2358
1.2366
1.2369
1.2377
DeMark's
-
-
1.2356
1.2358
1.2366
-
-","Technical IndicatorsJun 17, 2021 09:11PM GMT
Name
Value
Action
RSI(14)
71.093
Buy
STOCH(9,6)
74.984
Buy
STOCHRSI(14)
37.789
Sell
MACD(12,26)
0.003
Buy
ADX(14)
45.997
Buy
Williams %R
-22.286
Buy
CCI(14)
112.3335
Buy
ATR(14)
0.0024
Less Volatility
Highs/Lows(14)
0.0009
Buy
Ultimate Oscillator
70.635
Overbought
ROC
0.459
Buy
Bull/Bear Power(13)
0.0039
Buy
Buy: 9
Sell: 1
Neutral: 0


Summary:Strong Buy","Jun 17, 2021 09:11PM GMT"
usd_chf,0.9173 -0.0001    -0.01%,17:11:50,2021-06-17 21:12:10.316133,"Prev. Close: 0.9173
Bid/Ask: 0.9171 / 0.9174
Day's Range: 0.9173 - 0.9183",Strong Buy,"Summary:Strong Buy
Moving Averages:BuyBuy (12)Sell (0)
Technical Indicators:Strong BuyBuy (7)Sell (0)","Name
S3
S2
S1
Pivot Points
R1
R2
R3
Classic
0.9166
0.9170
0.9173
0.9177
0.9180
0.9184
0.9187
Fibonacci
0.9170
0.9173
0.9174
0.9177
0.9180
0.9181
0.9184
Camarilla
0.9173
0.9174
0.9174
0.9177
0.9176
0.9176
0.9177
Woodie's
0.9164
0.9169
0.9171
0.9176
0.9178
0.9183
0.9185
DeMark's
-
-
0.9171
0.9176
0.9178
-
-","Technical IndicatorsJun 17, 2021 09:10PM GMT
Name
Value
Action
RSI(14)
75.284
Overbought
STOCH(9,6)
80.401
Overbought
STOCHRSI(14)
4.759
Oversold
MACD(12,26)
0.003
Buy
ADX(14)
44.390
Buy
Williams %R
-15.000
Overbought
CCI(14)
97.2096
Buy
ATR(14)
0.0015
Less Volatility
Highs/Lows(14)
0.0009
Buy
Ultimate Oscillator
66.336
Buy
ROC
0.619
Buy
Bull/Bear Power(13)
0.0035
Buy
Buy: 7
Sell: 0
Neutral: 0


Summary:Strong Buy","Jun 17, 2021 09:10PM GMT"
nzd_chf,0.6428 +0.0008    +0.13%,17:11:42,2021-06-17 21:12:10.319013,"Prev. Close: 0.6419
Bid/Ask: 0.6426 / 0.6429
Day's Range: 0.6422 - 0.6430",Neutral,"Summary:Neutral
Moving Averages:BuyBuy (9)Sell (3)
Technical Indicators:SellBuy (2)Sell (4)","Name
S3
S2
S1
Pivot Points
R1
R2
R3
Classic
0.6411
0.6417
0.6420
0.6426
0.6429
0.6435
0.6438
Fibonacci
0.6417
0.6420
0.6423
0.6426
0.6429
0.6432
0.6435
Camarilla
0.6421
0.6421
0.6422
0.6426
0.6424
0.6425
0.6425
Woodie's
0.6409
0.6416
0.6418
0.6425
0.6427
0.6434
0.6436
DeMark's
-
-
0.6419
0.6425
0.6427
-
-","Technical IndicatorsJun 17, 2021 09:10PM GMT
Name
Value
Action
RSI(14)
51.429
Neutral
STOCH(9,6)
60.385
Buy
STOCHRSI(14)
46.930
Neutral
MACD(12,26)
0.000
Buy
ADX(14)
32.380
Sell
Williams %R
-54.839
Neutral
CCI(14)
-16.0664
Neutral
ATR(14)
0.0012
Less Volatility
Highs/Lows(14)
0.0000
Neutral
Ultimate Oscillator
42.867
Sell
ROC
-0.272
Sell
Bull/Bear Power(13)
-0.0009
Sell
Buy: 2
Sell: 4
Neutral: 5


Summary:Sell","Jun 17, 2021 09:10PM GMT"
usd_cny,6.4484 +0.0515    +0.80%,11:27:22,2021-06-17 21:12:10.321856,"Prev. Close: 6.3969
Bid/Ask: 6.4477 / 6.4490
Day's Range: 6.3972 - 6.4494",Strong Buy,"Summary:Strong Buy
Moving Averages:BuyBuy (12)Sell (0)
Technical Indicators:Strong BuyBuy (7)Sell (0)","Name
S3
S2
S1
Pivot Points
R1
R2
R3
Classic
6.4380
6.4399
6.4436
6.4455
6.4492
6.4511
6.4548
Fibonacci
6.4399
6.4420
6.4434
6.4455
6.4476
6.4490
6.4511
Camarilla
6.4458
6.4463
6.4468
6.4455
6.4479
6.4484
6.4489
Woodie's
6.4390
6.4404
6.4446
6.4460
6.4502
6.4516
6.4558
DeMark's
-
-
6.4446
6.4460
6.4502
-
-","Technical IndicatorsJun 17, 2021 03:34PM GMT
Name
Value
Action
RSI(14)
85.433
Overbought
STOCH(9,6)
77.649
Buy
STOCHRSI(14)
100.000
Overbought
MACD(12,26)
0.011
Buy
ADX(14)
61.337
Buy
Williams %R
-3.426
Overbought
CCI(14)
151.8010
Buy
ATR(14)
0.0041
Less Volatility
Highs/Lows(14)
0.0141
Buy
Ultimate Oscillator
82.973
Overbought
ROC
0.391
Buy
Bull/Bear Power(13)
0.0286
Buy
Buy: 7
Sell: 0
Neutral: 0


Summary:Strong Buy","Jun 17, 2021 03:34PM GMT"
usd_hkd,7.7646 +0.0001    +0.00%,17:11:28,2021-06-17 21:12:10.324727,"Prev. Close: 7.7644
Bid/Ask: 7.7643 / 7.7648
Day's Range: 7.7644 - 7.7650",Strong Buy,"Summary:Strong Buy
Moving Averages:BuyBuy (12)Sell (0)
Technical Indicators:Strong BuyBuy (7)Sell (2)","Name
S3
S2
S1
Pivot Points
R1
R2
R3
Classic
7.7632
7.7636
7.7641
7.7645
7.7649
7.7654
7.7658
Fibonacci
7.7636
7.7639
7.7642
7.7645
7.7648
7.7651
7.7654
Camarilla
7.7642
7.7643
7.7644
7.7645
7.7645
7.7646
7.7647
Woodie's
7.7632
7.7636
7.7641
7.7645
7.7649
7.7654
7.7658
DeMark's
-
-
7.7638
7.7644
7.7647
-
-","Technical IndicatorsJun 17, 2021 09:10PM GMT
Name
Value
Action
RSI(14)
56.856
Buy
STOCH(9,6)
58.371
Buy
STOCHRSI(14)
44.626
Sell
MACD(12,26)
0.000
Buy
ADX(14)
33.915
Sell
Williams %R
-36.838
Buy
CCI(14)
46.2567
Neutral
ATR(14)
0.0009
Less Volatility
Highs/Lows(14)
0.0000
Neutral
Ultimate Oscillator
57.076
Buy
ROC
0.003
Buy
Bull/Bear Power(13)
0.0013
Buy
Buy: 7
Sell: 2
Neutral: 2


Summary:Strong Buy","Jun 17, 2021 09:10PM GMT"
eur_usd,1.1907 0.0001    0.00%,17:12:46,2021-06-17 21:13:10.631863,"Prev. Close: 1.1906
Bid/Ask: 1.1905 / 1.1908
Day's Range: 1.1906 - 1.1909",Strong Sell,"Summary:Strong Sell
Moving Averages:Strong SellBuy (0)Sell (12)
Technical Indicators:Strong SellBuy (0)Sell (9)","Name
S3
S2
S1
Pivot Points
R1
R2
R3
Classic
1.1893
1.1897
1.1902
1.1906
1.1911
1.1915
1.1921
Fibonacci
1.1897
1.1900
1.1902
1.1906
1.1910
1.1912
1.1915
Camarilla
1.1905
1.1906
1.1907
1.1906
1.1908
1.1909
1.1910
Woodie's
1.1893
1.1897
1.1902
1.1906
1.1911
1.1915
1.1921
DeMark's
-
-
1.1904
1.1907
1.1913
-
-","Technical IndicatorsJun 17, 2021 09:11PM GMT
Name
Value
Action
RSI(14)
27.878
Sell
STOCH(9,6)
23.563
Sell
STOCHRSI(14)
98.347
Overbought
MACD(12,26)
-0.004
Sell
ADX(14)
42.257
Sell
Williams %R
-80.001
Oversold
CCI(14)
-93.2392
Sell
ATR(14)
0.0018
Less Volatility
Highs/Lows(14)
-0.0010
Sell
Ultimate Oscillator
33.035
Sell
ROC
-0.406
Sell
Bull/Bear Power(13)
-0.0025
Sell
Buy: 0
Sell: 9
Neutral: 0


Summary:Strong Sell","Jun 17, 2021 09:11PM GMT"
gbp_usd,1.3917 -0.0002    -0.01%,17:12:46,2021-06-17 21:13:10.635703,"Prev. Close: 1.3919
Bid/Ask: 1.3915 / 1.3919
Day's Range: 1.3915 - 1.3927",Strong Sell,"Summary:Strong Sell
Moving Averages:Strong SellBuy (0)Sell (12)
Technical Indicators:Strong SellBuy (0)Sell (10)","Name
S3
S2
S1
Pivot Points
R1
R2
R3
Classic
1.3912
1.3916
1.3921
1.3925
1.3930
1.3934
1.3940
Fibonacci
1.3916
1.3919
1.3922
1.3925
1.3928
1.3931
1.3934
Camarilla
1.3924
1.3925
1.3926
1.3925
1.3927
1.3928
1.3929
Woodie's
1.3912
1.3916
1.3921
1.3925
1.3930
1.3934
1.3940
DeMark's
-
-
1.3923
1.3926
1.3932
-
-","Technical IndicatorsJun 17, 2021 09:11PM GMT
Name
Value
Action
RSI(14)
35.635
Sell
STOCH(9,6)
31.366
Sell
STOCHRSI(14)
91.917
Overbought
MACD(12,26)
-0.003
Sell
ADX(14)
39.857
Sell
Williams %R
-74.242
Sell
CCI(14)
-78.6845
Sell
ATR(14)
0.0024
Less Volatility
Highs/Lows(14)
-0.0005
Sell
Ultimate Oscillator
34.762
Sell
ROC
-0.383
Sell
Bull/Bear Power(13)
-0.0021
Sell
Buy: 0
Sell: 10
Neutral: 0


Summary:Strong Sell","Jun 17, 2021 09:11PM GMT"
usd_jpy,110.24 +0.04    +0.03%,17:12:17,2021-06-17 21:13:10.638873,"Prev. Close: 110.20
Bid/Ask: 110.22 / 110.25
Day's Range: 110.17 - 110.83",Strong Sell,"Summary:Strong Sell
Moving Averages:SellBuy (4)Sell (8)
Technical Indicators:Strong SellBuy (0)Sell (8)","Name
S3
S2
S1
Pivot Points
R1
R2
R3
Classic
110.11
110.16
110.19
110.24
110.27
110.32
110.34
Fibonacci
110.16
110.19
110.21
110.24
110.27
110.29
110.32
Camarilla
110.19
110.20
110.21
110.24
110.22
110.23
110.24
Woodie's
110.09
110.15
110.17
110.23
110.25
110.31
110.32
DeMark's
-
-
110.17
110.23
110.25
-
-","Technical IndicatorsJun 17, 2021 09:12PM GMT
Name
Value
Action
RSI(14)
41.093
Sell
STOCH(9,6)
15.262
Oversold
STOCHRSI(14)
10.307
Oversold
MACD(12,26)
-0.040
Sell
ADX(14)
33.706
Sell
Williams %R
-89.075
Oversold
CCI(14)
-80.2603
Sell
ATR(14)
0.1225
Less Volatility
Highs/Lows(14)
-0.1221
Sell
Ultimate Oscillator
48.164
Sell
ROC
-0.312
Sell
Bull/Bear Power(13)
-0.2760
Sell
Buy: 0
Sell: 8
Neutral: 0


Summary:Strong Sell","Jun 17, 2021 09:12PM GMT"
aud_usd,0.7552 +0.0001    +0.02%,17:12:46,2021-06-17 21:13:10.641892,"Prev. Close: 0.7550
Bid/Ask: 0.7550 / 0.7553
Day's Range: 0.7547 - 0.7553",Strong Sell,"Summary:Strong Sell
Moving Averages:SellBuy (2)Sell (10)
Technical Indicators:Strong SellBuy (0)Sell (8)","Name
S3
S2
S1
Pivot Points
R1
R2
R3
Classic
0.7541
0.7544
0.7548
0.7551
0.7555
0.7558
0.7562
Fibonacci
0.7544
0.7547
0.7548
0.7551
0.7554
0.7555
0.7558
Camarilla
0.7549
0.7550
0.7550
0.7551
0.7552
0.7552
0.7553
Woodie's
0.7541
0.7544
0.7548
0.7551
0.7555
0.7558
0.7562
DeMark's
-
-
0.7549
0.7551
0.7556
-
-","Technical IndicatorsJun 17, 2021 09:12PM GMT
Name
Value
Action
RSI(14)
29.017
Sell
STOCH(9,6)
19.084
Oversold
STOCHRSI(14)
100.000
Overbought
MACD(12,26)
-0.003
Sell
ADX(14)
55.201
Sell
Williams %R
-85.030
Oversold
CCI(14)
-88.7795
Sell
ATR(14)
0.0017
Less Volatility
Highs/Lows(14)
-0.0007
Sell
Ultimate Oscillator
33.696
Sell
ROC
-0.821
Sell
Bull/Bear Power(13)
-0.0020
Sell
Buy: 0
Sell: 8
Neutral: 0


Summary:Strong Sell","Jun 17, 2021 09:12PM GMT"
eur_gbp,0.8555 +0.0004    +0.05%,17:12:58,2021-06-17 21:13:10.645103,"Prev. Close: 0.8551
Bid/Ask: 0.8554 / 0.8556
Day's Range: 0.8550 - 0.8557",Strong Sell,"Summary:Strong Sell
Moving Averages:Strong SellBuy (0)Sell (12)
Technical Indicators:Strong SellBuy (2)Sell (7)","Name
S3
S2
S1
Pivot Points
R1
R2
R3
Classic
0.8542
0.8544
0.8549
0.8552
0.8557
0.8560
0.8564
Fibonacci
0.8544
0.8547
0.8549
0.8552
0.8555
0.8557
0.8560
Camarilla
0.8553
0.8554
0.8554
0.8552
0.8556
0.8556
0.8557
Woodie's
0.8544
0.8545
0.8551
0.8553
0.8559
0.8561
0.8566
DeMark's
-
-
0.8551
0.8553
0.8559
-
-","Technical IndicatorsJun 17, 2021 09:11PM GMT
Name
Value
Action
RSI(14)
38.516
Sell
STOCH(9,6)
40.185
Sell
STOCHRSI(14)
73.999
Buy
MACD(12,26)
-0.001
Sell
ADX(14)
41.815
Sell
Williams %R
-61.667
Sell
CCI(14)
-42.6119
Neutral
ATR(14)
0.0010
Less Volatility
Highs/Lows(14)
0.0000
Neutral
Ultimate Oscillator
53.062
Buy
ROC
-0.018
Sell
Bull/Bear Power(13)
-0.0013
Sell
Buy: 2
Sell: 7
Neutral: 2


Summary:Strong Sell","Jun 17, 2021 09:11PM GMT"
usd_cad,1.2358 -0.0003    -0.02%,17:12:46,2021-06-17 21:13:10.648065,"Prev. Close: 1.2361
Bid/Ask: 1.2356 / 1.2360
Day's Range: 1.2351 - 1.2368",Strong Buy,"Summary:Strong Buy
Moving Averages:BuyBuy (12)Sell (0)
Technical Indicators:Strong BuyBuy (9)Sell (1)","Name
S3
S2
S1
Pivot Points
R1
R2
R3
Classic
1.2342
1.2346
1.2353
1.2357
1.2364
1.2368
1.2375
Fibonacci
1.2346
1.2350
1.2353
1.2357
1.2361
1.2364
1.2368
Camarilla
1.2358
1.2359
1.2360
1.2357
1.2362
1.2363
1.2364
Woodie's
1.2344
1.2347
1.2355
1.2358
1.2366
1.2369
1.2377
DeMark's
-
-
1.2356
1.2358
1.2366
-
-","Technical IndicatorsJun 17, 2021 09:11PM GMT
Name
Value
Action
RSI(14)
71.093
Buy
STOCH(9,6)
74.984
Buy
STOCHRSI(14)
37.789
Sell
MACD(12,26)
0.003
Buy
ADX(14)
45.997
Buy
Williams %R
-22.286
Buy
CCI(14)
112.3335
Buy
ATR(14)
0.0024
Less Volatility
Highs/Lows(14)
0.0009
Buy
Ultimate Oscillator
70.635
Overbought
ROC
0.459
Buy
Bull/Bear Power(13)
0.0039
Buy
Buy: 9
Sell: 1
Neutral: 0


Summary:Strong Buy","Jun 17, 2021 09:11PM GMT"
usd_chf,0.9175 +0.0002    +0.02%,17:12:36,2021-06-17 21:13:10.651007,"Prev. Close: 0.9173
Bid/Ask: 0.9173 / 0.9177
Day's Range: 0.9169 - 0.9183",Strong Buy,"Summary:Strong Buy
Moving Averages:BuyBuy (10)Sell (2)
Technical Indicators:Strong BuyBuy (10)Sell (0)","Name
S3
S2
S1
Pivot Points
R1
R2
R3
Classic
0.9166
0.9170
0.9173
0.9177
0.9180
0.9184
0.9187
Fibonacci
0.9170
0.9173
0.9174
0.9177
0.9180
0.9181
0.9184
Camarilla
0.9173
0.9174
0.9174
0.9177
0.9176
0.9176
0.9177
Woodie's
0.9164
0.9169
0.9171
0.9176
0.9178
0.9183
0.9185
DeMark's
-
-
0.9171
0.9176
0.9178
-
-","Technical IndicatorsJun 17, 2021 09:12PM GMT
Name
Value
Action
RSI(14)
72.976
Buy
STOCH(9,6)
78.857
Buy
STOCHRSI(14)
0.000
Oversold
MACD(12,26)
0.003
Buy
ADX(14)
44.390
Buy
Williams %R
-22.143
Buy
CCI(14)
90.0812
Buy
ATR(14)
0.0015
Less Volatility
Highs/Lows(14)
0.0004
Buy
Ultimate Oscillator
62.544
Buy
ROC
0.565
Buy
Bull/Bear Power(13)
0.0035
Buy
Buy: 10
Sell: 0
Neutral: 0


Summary:Strong Buy","Jun 17, 2021 09:12PM GMT"
nzd_chf,0.6427 +0.0008    +0.12%,17:12:52,2021-06-17 21:13:10.653912,"Prev. Close: 0.6419
Bid/Ask: 0.6425 / 0.6428
Day's Range: 0.6422 - 0.6430",Sell,"Summary:Sell
Moving Averages:NeutralBuy (6)Sell (6)
Technical Indicators:Strong SellBuy (2)Sell (6)","Name
S3
S2
S1
Pivot Points
R1
R2
R3
Classic
0.6411
0.6417
0.6420
0.6426
0.6429
0.6435
0.6438
Fibonacci
0.6417
0.6420
0.6423
0.6426
0.6429
0.6432
0.6435
Camarilla
0.6421
0.6421
0.6422
0.6426
0.6424
0.6425
0.6425
Woodie's
0.6409
0.6416
0.6418
0.6425
0.6427
0.6434
0.6436
DeMark's
-
-
0.6419
0.6425
0.6427
-
-","Technical IndicatorsJun 17, 2021 09:12PM GMT
Name
Value
Action
RSI(14)
49.483
Neutral
STOCH(9,6)
58.782
Buy
STOCHRSI(14)
39.471
Sell
MACD(12,26)
0.000
Buy
ADX(14)
32.380
Sell
Williams %R
-60.216
Sell
CCI(14)
-24.5565
Neutral
ATR(14)
0.0012
Less Volatility
Highs/Lows(14)
0.0000
Neutral
Ultimate Oscillator
39.936
Sell
ROC
-0.310
Sell
Bull/Bear Power(13)
-0.0009
Sell
Buy: 2
Sell: 6
Neutral: 3


Summary:Strong Sell","Jun 17, 2021 09:12PM GMT"
usd_cny,6.4484 +0.0515    +0.80%,11:27:22,2021-06-17 21:13:10.656868,"Prev. Close: 6.3969
Bid/Ask: 6.4477 / 6.4490
Day's Range: 6.3972 - 6.4494",Strong Buy,"Summary:Strong Buy
Moving Averages:BuyBuy (12)Sell (0)
Technical Indicators:Strong BuyBuy (7)Sell (0)","Name
S3
S2
S1
Pivot Points
R1
R2
R3
Classic
6.4380
6.4399
6.4436
6.4455
6.4492
6.4511
6.4548
Fibonacci
6.4399
6.4420
6.4434
6.4455
6.4476
6.4490
6.4511
Camarilla
6.4458
6.4463
6.4468
6.4455
6.4479
6.4484
6.4489
Woodie's
6.4390
6.4404
6.4446
6.4460
6.4502
6.4516
6.4558
DeMark's
-
-
6.4446
6.4460
6.4502
-
-","Technical IndicatorsJun 17, 2021 03:34PM GMT
Name
Value
Action
RSI(14)
85.433
Overbought
STOCH(9,6)
77.649
Buy
STOCHRSI(14)
100.000
Overbought
MACD(12,26)
0.011
Buy
ADX(14)
61.337
Buy
Williams %R
-3.426
Overbought
CCI(14)
151.8010
Buy
ATR(14)
0.0041
Less Volatility
Highs/Lows(14)
0.0141
Buy
Ultimate Oscillator
82.973
Overbought
ROC
0.391
Buy
Bull/Bear Power(13)
0.0286
Buy
Buy: 7
Sell: 0
Neutral: 0


Summary:Strong Buy","Jun 17, 2021 03:34PM GMT"
usd_hkd,7.7646 +0.0001    +0.00%,17:12:29,2021-06-17 21:13:10.659803,"Prev. Close: 7.7644
Bid/Ask: 7.7643 / 7.7648
Day's Range: 7.7644 - 7.7650",Strong Buy,"Summary:Strong Buy
Moving Averages:BuyBuy (12)Sell (0)
Technical Indicators:Strong BuyBuy (7)Sell (2)","Name
S3
S2
S1
Pivot Points
R1
R2
R3
Classic
7.7632
7.7636
7.7641
7.7645
7.7649
7.7654
7.7658
Fibonacci
7.7636
7.7639
7.7642
7.7645
7.7648
7.7651
7.7654
Camarilla
7.7642
7.7643
7.7644
7.7645
7.7645
7.7646
7.7647
Woodie's
7.7632
7.7636
7.7641
7.7645
7.7649
7.7654
7.7658
DeMark's
-
-
7.7638
7.7644
7.7647
-
-","Technical IndicatorsJun 17, 2021 09:12PM GMT
Name
Value
Action
RSI(14)
56.856
Buy
STOCH(9,6)
58.371
Buy
STOCHRSI(14)
44.626
Sell
MACD(12,26)
0.000
Buy
ADX(14)
33.915
Sell
Williams %R
-36.838
Buy
CCI(14)
46.2567
Neutral
ATR(14)
0.0009
Less Volatility
Highs/Lows(14)
0.0000
Neutral
Ultimate Oscillator
57.076
Buy
ROC
0.003
Buy
Bull/Bear Power(13)
0.0013
Buy
Buy: 7
Sell: 2
Neutral: 2


Summary:Strong Buy","Jun 17, 2021 09:12PM GMT"
eur_usd,1.1907 0.0001    0.00%,17:13:32,2021-06-17 21:14:10.104990,"Prev. Close: 1.1906
Bid/Ask: 1.1905 / 1.1908
Day's Range: 1.1906 - 1.1909",Strong Sell,"Summary:Strong Sell
Moving Averages:Strong SellBuy (0)Sell (12)
Technical Indicators:Strong SellBuy (0)Sell (9)","Name
S3
S2
S1
Pivot Points
R1
R2
R3
Classic
1.1893
1.1897
1.1902
1.1906
1.1911
1.1915
1.1921
Fibonacci
1.1897
1.1900
1.1902
1.1906
1.1910
1.1912
1.1915
Camarilla
1.1905
1.1906
1.1907
1.1906
1.1908
1.1909
1.1910
Woodie's
1.1893
1.1897
1.1902
1.1906
1.1911
1.1915
1.1921
DeMark's
-
-
1.1904
1.1907
1.1913
-
-","Technical IndicatorsJun 17, 2021 09:13PM GMT
Name
Value
Action
RSI(14)
27.878
Sell
STOCH(9,6)
23.563
Sell
STOCHRSI(14)
98.347
Overbought
MACD(12,26)
-0.004
Sell
ADX(14)
42.257
Sell
Williams %R
-80.001
Oversold
CCI(14)
-93.2392
Sell
ATR(14)
0.0018
Less Volatility
Highs/Lows(14)
-0.0010
Sell
Ultimate Oscillator
33.035
Sell
ROC
-0.406
Sell
Bull/Bear Power(13)
-0.0025
Sell
Buy: 0
Sell: 9
Neutral: 0


Summary:Strong Sell","Jun 17, 2021 09:13PM GMT"
gbp_usd,1.3916 -0.0003    -0.03%,17:13:32,2021-06-17 21:14:10.108995,"Prev. Close: 1.3919
Bid/Ask: 1.3913 / 1.3918
Day's Range: 1.3915 - 1.3927",Strong Sell,"Summary:Strong Sell
Moving Averages:Strong SellBuy (0)Sell (12)
Technical Indicators:Strong SellBuy (0)Sell (10)","Name
S3
S2
S1
Pivot Points
R1
R2
R3
Classic
1.3912
1.3916
1.3921
1.3925
1.3930
1.3934
1.3940
Fibonacci
1.3916
1.3919
1.3922
1.3925
1.3928
1.3931
1.3934
Camarilla
1.3924
1.3925
1.3926
1.3925
1.3927
1.3928
1.3929
Woodie's
1.3912
1.3916
1.3921
1.3925
1.3930
1.3934
1.3940
DeMark's
-
-
1.3923
1.3926
1.3932
-
-","Technical IndicatorsJun 17, 2021 09:13PM GMT
Name
Value
Action
RSI(14)
34.701
Sell
STOCH(9,6)
30.238
Sell
STOCHRSI(14)
85.035
Overbought
MACD(12,26)
-0.003
Sell
ADX(14)
39.699
Sell
Williams %R
-78.788
Sell
CCI(14)
-82.5131
Sell
ATR(14)
0.0024
Less Volatility
Highs/Lows(14)
-0.0010
Sell
Ultimate Oscillator
32.458
Sell
ROC
-0.415
Sell
Bull/Bear Power(13)
-0.0020
Sell
Buy: 0
Sell: 10
Neutral: 0


Summary:Strong Sell","Jun 17, 2021 09:13PM GMT"
usd_jpy,110.25 +0.04    +0.04%,17:13:33,2021-06-17 21:14:10.112251,"Prev. Close: 110.20
Bid/Ask: 110.23 / 110.26
Day's Range: 110.17 - 110.83",Strong Sell,"Summary:Strong Sell
Moving Averages:SellBuy (4)Sell (8)
Technical Indicators:Strong SellBuy (0)Sell (8)","Name
S3
S2
S1
Pivot Points
R1
R2
R3
Classic
110.11
110.16
110.19
110.24
110.27
110.32
110.34
Fibonacci
110.16
110.19
110.21
110.24
110.27
110.29
110.32
Camarilla
110.19
110.20
110.21
110.24
110.22
110.23
110.24
Woodie's
110.09
110.15
110.17
110.23
110.25
110.31
110.32
DeMark's
-
-
110.17
110.23
110.25
-
-","Technical IndicatorsJun 17, 2021 09:12PM GMT
Name
Value
Action
RSI(14)
41.093
Sell
STOCH(9,6)
15.262
Oversold
STOCHRSI(14)
10.307
Oversold
MACD(12,26)
-0.040
Sell
ADX(14)
33.706
Sell
Williams %R
-89.075
Oversold
CCI(14)
-80.2603
Sell
ATR(14)
0.1225
Less Volatility
Highs/Lows(14)
-0.1221
Sell
Ultimate Oscillator
48.164
Sell
ROC
-0.312
Sell
Bull/Bear Power(13)
-0.2760
Sell
Buy: 0
Sell: 8
Neutral: 0


Summary:Strong Sell","Jun 17, 2021 09:12PM GMT"
aud_usd,0.7552 +0.0002    +0.03%,17:13:30,2021-06-17 21:14:10.115265,"Prev. Close: 0.7550
Bid/Ask: 0.7551 / 0.7553
Day's Range: 0.7547 - 0.7553",Strong Sell,"Summary:Strong Sell
Moving Averages:SellBuy (2)Sell (10)
Technical Indicators:Strong SellBuy (0)Sell (8)","Name
S3
S2
S1
Pivot Points
R1
R2
R3
Classic
0.7541
0.7544
0.7548
0.7551
0.7555
0.7558
0.7562
Fibonacci
0.7544
0.7547
0.7548
0.7551
0.7554
0.7555
0.7558
Camarilla
0.7549
0.7550
0.7550
0.7551
0.7552
0.7552
0.7553
Woodie's
0.7541
0.7544
0.7548
0.7551
0.7555
0.7558
0.7562
DeMark's
-
-
0.7549
0.7551
0.7556
-
-","Technical IndicatorsJun 17, 2021 09:12PM GMT
Name
Value
Action
RSI(14)
29.017
Sell
STOCH(9,6)
19.084
Oversold
STOCHRSI(14)
100.000
Overbought
MACD(12,26)
-0.003
Sell
ADX(14)
55.201
Sell
Williams %R
-85.030
Oversold
CCI(14)
-88.7795
Sell
ATR(14)
0.0017
Less Volatility
Highs/Lows(14)
-0.0007
Sell
Ultimate Oscillator
33.696
Sell
ROC
-0.821
Sell
Bull/Bear Power(13)
-0.0020
Sell
Buy: 0
Sell: 8
Neutral: 0


Summary:Strong Sell","Jun 17, 2021 09:12PM GMT"
eur_gbp,0.8554 +0.0003    +0.03%,17:13:34,2021-06-17 21:14:10.118173,"Prev. Close: 0.8551
Bid/Ask: 0.8552 / 0.8555
Day's Range: 0.8550 - 0.8557",Strong Sell,"Summary:Strong Sell
Moving Averages:Strong SellBuy (0)Sell (12)
Technical Indicators:Strong SellBuy (2)Sell (7)","Name
S3
S2
S1
Pivot Points
R1
R2
R3
Classic
0.8542
0.8544
0.8549
0.8552
0.8557
0.8560
0.8564
Fibonacci
0.8544
0.8547
0.8549
0.8552
0.8555
0.8557
0.8560
Camarilla
0.8553
0.8554
0.8554
0.8552
0.8556
0.8556
0.8557
Woodie's
0.8544
0.8545
0.8551
0.8553
0.8559
0.8561
0.8566
DeMark's
-
-
0.8551
0.8553
0.8559
-
-","Technical IndicatorsJun 17, 2021 09:11PM GMT
Name
Value
Action
RSI(14)
38.516
Sell
STOCH(9,6)
40.185
Sell
STOCHRSI(14)
73.999
Buy
MACD(12,26)
-0.001
Sell
ADX(14)
41.815
Sell
Williams %R
-61.667
Sell
CCI(14)
-42.6119
Neutral
ATR(14)
0.0010
Less Volatility
Highs/Lows(14)
0.0000
Neutral
Ultimate Oscillator
53.062
Buy
ROC
-0.018
Sell
Bull/Bear Power(13)
-0.0013
Sell
Buy: 2
Sell: 7
Neutral: 2


Summary:Strong Sell","Jun 17, 2021 09:11PM GMT"
usd_cad,1.2360 -0.0001    -0.01%,17:13:13,2021-06-17 21:14:10.121103,"Prev. Close: 1.2361
Bid/Ask: 1.2358 / 1.2362
Day's Range: 1.2351 - 1.2368",Strong Buy,"Summary:Strong Buy
Moving Averages:BuyBuy (12)Sell (0)
Technical Indicators:Strong BuyBuy (9)Sell (1)","Name
S3
S2
S1
Pivot Points
R1
R2
R3
Classic
1.2342
1.2346
1.2353
1.2357
1.2364
1.2368
1.2375
Fibonacci
1.2346
1.2350
1.2353
1.2357
1.2361
1.2364
1.2368
Camarilla
1.2358
1.2359
1.2360
1.2357
1.2362
1.2363
1.2364
Woodie's
1.2344
1.2347
1.2355
1.2358
1.2366
1.2369
1.2377
DeMark's
-
-
1.2356
1.2358
1.2366
-
-","Technical IndicatorsJun 17, 2021 09:13PM GMT
Name
Value
Action
RSI(14)
71.093
Buy
STOCH(9,6)
74.984
Buy
STOCHRSI(14)
37.789
Sell
MACD(12,26)
0.003
Buy
ADX(14)
45.997
Buy
Williams %R
-22.286
Buy
CCI(14)
112.3335
Buy
ATR(14)
0.0024
Less Volatility
Highs/Lows(14)
0.0009
Buy
Ultimate Oscillator
70.635
Overbought
ROC
0.459
Buy
Bull/Bear Power(13)
0.0039
Buy
Buy: 9
Sell: 1
Neutral: 0


Summary:Strong Buy","Jun 17, 2021 09:13PM GMT"
usd_chf,0.9170 -0.0003    -0.04%,17:13:24,2021-06-17 21:14:10.124024,"Prev. Close: 0.9173
Bid/Ask: 0.9169 / 0.9170
Day's Range: 0.9169 - 0.9183",Strong Buy,"Summary:Strong Buy
Moving Averages:BuyBuy (10)Sell (2)
Technical Indicators:Strong BuyBuy (10)Sell (0)","Name
S3
S2
S1
Pivot Points
R1
R2
R3
Classic
0.9166
0.9170
0.9173
0.9177
0.9180
0.9184
0.9187
Fibonacci
0.9170
0.9173
0.9174
0.9177
0.9180
0.9181
0.9184
Camarilla
0.9173
0.9174
0.9174
0.9177
0.9176
0.9176
0.9177
Woodie's
0.9164
0.9169
0.9171
0.9176
0.9178
0.9183
0.9185
DeMark's
-
-
0.9171
0.9176
0.9178
-
-","Technical IndicatorsJun 17, 2021 09:12PM GMT
Name
Value
Action
RSI(14)
72.976
Buy
STOCH(9,6)
78.857
Buy
STOCHRSI(14)
0.000
Oversold
MACD(12,26)
0.003
Buy
ADX(14)
44.390
Buy
Williams %R
-22.143
Buy
CCI(14)
90.0812
Buy
ATR(14)
0.0015
Less Volatility
Highs/Lows(14)
0.0004
Buy
Ultimate Oscillator
62.544
Buy
ROC
0.565
Buy
Bull/Bear Power(13)
0.0035
Buy
Buy: 10
Sell: 0
Neutral: 0


Summary:Strong Buy","Jun 17, 2021 09:12PM GMT"
nzd_chf,0.6424 +0.0004    +0.07%,17:13:42,2021-06-17 21:14:10.126938,"Prev. Close: 0.6419
Bid/Ask: 0.6422 / 0.6425
Day's Range: 0.6422 - 0.6430",Sell,"Summary:Sell
Moving Averages:NeutralBuy (6)Sell (6)
Technical Indicators:Strong SellBuy (2)Sell (6)","Name
S3
S2
S1
Pivot Points
R1
R2
R3
Classic
0.6411
0.6417
0.6420
0.6426
0.6429
0.6435
0.6438
Fibonacci
0.6417
0.6420
0.6423
0.6426
0.6429
0.6432
0.6435
Camarilla
0.6421
0.6421
0.6422
0.6426
0.6424
0.6425
0.6425
Woodie's
0.6409
0.6416
0.6418
0.6425
0.6427
0.6434
0.6436
DeMark's
-
-
0.6419
0.6425
0.6427
-
-","Technical IndicatorsJun 17, 2021 09:12PM GMT
Name
Value
Action
RSI(14)
49.483
Neutral
STOCH(9,6)
58.782
Buy
STOCHRSI(14)
39.471
Sell
MACD(12,26)
0.000
Buy
ADX(14)
32.380
Sell
Williams %R
-60.216
Sell
CCI(14)
-24.5565
Neutral
ATR(14)
0.0012
Less Volatility
Highs/Lows(14)
0.0000
Neutral
Ultimate Oscillator
39.936
Sell
ROC
-0.310
Sell
Bull/Bear Power(13)
-0.0009
Sell
Buy: 2
Sell: 6
Neutral: 3


Summary:Strong Sell","Jun 17, 2021 09:12PM GMT"
usd_cny,6.4484 +0.0515    +0.80%,11:27:22,2021-06-17 21:14:10.129810,"Prev. Close: 6.3969
Bid/Ask: 6.4477 / 6.4490
Day's Range: 6.3972 - 6.4494",Strong Buy,"Summary:Strong Buy
Moving Averages:BuyBuy (12)Sell (0)
Technical Indicators:Strong BuyBuy (7)Sell (0)","Name
S3
S2
S1
Pivot Points
R1
R2
R3
Classic
6.4380
6.4399
6.4436
6.4455
6.4492
6.4511
6.4548
Fibonacci
6.4399
6.4420
6.4434
6.4455
6.4476
6.4490
6.4511
Camarilla
6.4458
6.4463
6.4468
6.4455
6.4479
6.4484
6.4489
Woodie's
6.4390
6.4404
6.4446
6.4460
6.4502
6.4516
6.4558
DeMark's
-
-
6.4446
6.4460
6.4502
-
-","Technical IndicatorsJun 17, 2021 03:34PM GMT
Name
Value
Action
RSI(14)
85.433
Overbought
STOCH(9,6)
77.649
Buy
STOCHRSI(14)
100.000
Overbought
MACD(12,26)
0.011
Buy
ADX(14)
61.337
Buy
Williams %R
-3.426
Overbought
CCI(14)
151.8010
Buy
ATR(14)
0.0041
Less Volatility
Highs/Lows(14)
0.0141
Buy
Ultimate Oscillator
82.973
Overbought
ROC
0.391
Buy
Bull/Bear Power(13)
0.0286
Buy
Buy: 7
Sell: 0
Neutral: 0


Summary:Strong Buy","Jun 17, 2021 03:34PM GMT"
usd_hkd,7.7646 +0.0001    +0.00%,17:13:28,2021-06-17 21:14:10.132712,"Prev. Close: 7.7644
Bid/Ask: 7.7643 / 7.7648
Day's Range: 7.7644 - 7.7650",Strong Buy,"Summary:Strong Buy
Moving Averages:BuyBuy (12)Sell (0)
Technical Indicators:Strong BuyBuy (7)Sell (2)","Name
S3
S2
S1
Pivot Points
R1
R2
R3
Classic
7.7632
7.7636
7.7641
7.7645
7.7649
7.7654
7.7658
Fibonacci
7.7636
7.7639
7.7642
7.7645
7.7648
7.7651
7.7654
Camarilla
7.7642
7.7643
7.7644
7.7645
7.7645
7.7646
7.7647
Woodie's
7.7632
7.7636
7.7641
7.7645
7.7649
7.7654
7.7658
DeMark's
-
-
7.7638
7.7644
7.7647
-
-","Technical IndicatorsJun 17, 2021 09:12PM GMT
Name
Value
Action
RSI(14)
56.856
Buy
STOCH(9,6)
58.371
Buy
STOCHRSI(14)
44.626
Sell
MACD(12,26)
0.000
Buy
ADX(14)
33.915
Sell
Williams %R
-36.838
Buy
CCI(14)
46.2567
Neutral
ATR(14)
0.0009
Less Volatility
Highs/Lows(14)
0.0000
Neutral
Ultimate Oscillator
57.076
Buy
ROC
0.003
Buy
Bull/Bear Power(13)
0.0013
Buy
Buy: 7
Sell: 2
Neutral: 2


Summary:Strong Buy","Jun 17, 2021 09:12PM GMT"
eur_usd,1.1908 +0.0002    +0.02%,17:14:28,2021-06-17 21:15:10.155114,"Prev. Close: 1.1906
Bid/Ask: 1.1907 / 1.1909
Day's Range: 1.1906 - 1.1909",Strong Sell,"Summary:Strong Sell
Moving Averages:Strong SellBuy (0)Sell (12)
Technical Indicators:Strong SellBuy (0)Sell (9)","Name
S3
S2
S1
Pivot Points
R1
R2
R3
Classic
1.1893
1.1897
1.1902
1.1906
1.1911
1.1915
1.1921
Fibonacci
1.1897
1.1900
1.1902
1.1906
1.1910
1.1912
1.1915
Camarilla
1.1905
1.1906
1.1907
1.1906
1.1908
1.1909
1.1910
Woodie's
1.1893
1.1897
1.1902
1.1906
1.1911
1.1915
1.1921
DeMark's
-
-
1.1904
1.1907
1.1913
-
-","Technical IndicatorsJun 17, 2021 09:13PM GMT
Name
Value
Action
RSI(14)
27.878
Sell
STOCH(9,6)
23.563
Sell
STOCHRSI(14)
98.347
Overbought
MACD(12,26)
-0.004
Sell
ADX(14)
42.257
Sell
Williams %R
-80.001
Oversold
CCI(14)
-93.2392
Sell
ATR(14)
0.0018
Less Volatility
Highs/Lows(14)
-0.0010
Sell
Ultimate Oscillator
33.035
Sell
ROC
-0.406
Sell
Bull/Bear Power(13)
-0.0025
Sell
Buy: 0
Sell: 9
Neutral: 0


Summary:Strong Sell","Jun 17, 2021 09:13PM GMT"
gbp_usd,1.3923 +0.0003    +0.03%,17:14:32,2021-06-17 21:15:10.159064,"Prev. Close: 1.3919
Bid/Ask: 1.3920 / 1.3925
Day's Range: 1.3915 - 1.3927",Strong Sell,"Summary:Strong Sell
Moving Averages:Strong SellBuy (0)Sell (12)
Technical Indicators:Strong SellBuy (0)Sell (10)","Name
S3
S2
S1
Pivot Points
R1
R2
R3
Classic
1.3912
1.3916
1.3921
1.3925
1.3930
1.3934
1.3940
Fibonacci
1.3916
1.3919
1.3922
1.3925
1.3928
1.3931
1.3934
Camarilla
1.3924
1.3925
1.3926
1.3925
1.3927
1.3928
1.3929
Woodie's
1.3912
1.3916
1.3921
1.3925
1.3930
1.3934
1.3940
DeMark's
-
-
1.3923
1.3926
1.3932
-
-","Technical IndicatorsJun 17, 2021 09:13PM GMT
Name
Value
Action
RSI(14)
34.701
Sell
STOCH(9,6)
30.238
Sell
STOCHRSI(14)
85.035
Overbought
MACD(12,26)
-0.003
Sell
ADX(14)
39.699
Sell
Williams %R
-78.788
Sell
CCI(14)
-82.5131
Sell
ATR(14)
0.0024
Less Volatility
Highs/Lows(14)
-0.0010
Sell
Ultimate Oscillator
32.458
Sell
ROC
-0.415
Sell
Bull/Bear Power(13)
-0.0020
Sell
Buy: 0
Sell: 10
Neutral: 0


Summary:Strong Sell","Jun 17, 2021 09:13PM GMT"
usd_jpy,110.25 +0.05    +0.05%,17:14:30,2021-06-17 21:15:10.162242,"Prev. Close: 110.20
Bid/Ask: 110.23 / 110.27
Day's Range: 110.17 - 110.83",Strong Sell,"Summary:Strong Sell
Moving Averages:SellBuy (5)Sell (7)
Technical Indicators:Strong SellBuy (0)Sell (7)","Name
S3
S2
S1
Pivot Points
R1
R2
R3
Classic
110.11
110.16
110.19
110.24
110.27
110.32
110.34
Fibonacci
110.16
110.19
110.21
110.24
110.27
110.29
110.32
Camarilla
110.19
110.20
110.21
110.24
110.22
110.23
110.24
Woodie's
110.09
110.15
110.17
110.23
110.25
110.31
110.32
DeMark's
-
-
110.17
110.23
110.25
-
-","Technical IndicatorsJun 17, 2021 09:14PM GMT
Name
Value
Action
RSI(14)
42.404
Sell
STOCH(9,6)
16.287
Oversold
STOCHRSI(14)
15.083
Oversold
MACD(12,26)
-0.030
Sell
ADX(14)
33.514
Sell
Williams %R
-85.714
Oversold
CCI(14)
-76.8936
Sell
ATR(14)
0.1232
Less Volatility
Highs/Lows(14)
-0.1021
Sell
Ultimate Oscillator
49.780
Neutral
ROC
-0.294
Sell
Bull/Bear Power(13)
-0.2720
Sell
Buy: 0
Sell: 7
Neutral: 1


Summary:Strong Sell","Jun 17, 2021 09:14PM GMT"
aud_usd,0.7552 +0.0002    +0.03%,17:14:55,2021-06-17 21:15:10.165337,"Prev. Close: 0.7550
Bid/Ask: 0.7551 / 0.7553
Day's Range: 0.7547 - 0.7553",Strong Sell,"Summary:Strong Sell
Moving Averages:SellBuy (2)Sell (10)
Technical Indicators:Strong SellBuy (0)Sell (8)","Name
S3
S2
S1
Pivot Points
R1
R2
R3
Classic
0.7541
0.7544
0.7548
0.7551
0.7555
0.7558
0.7562
Fibonacci
0.7544
0.7547
0.7548
0.7551
0.7554
0.7555
0.7558
Camarilla
0.7549
0.7550
0.7550
0.7551
0.7552
0.7552
0.7553
Woodie's
0.7541
0.7544
0.7548
0.7551
0.7555
0.7558
0.7562
DeMark's
-
-
0.7549
0.7551
0.7556
-
-","Technical IndicatorsJun 17, 2021 09:14PM GMT
Name
Value
Action
RSI(14)
29.366
Sell
STOCH(9,6)
19.242
Oversold
STOCHRSI(14)
100.000
Overbought
MACD(12,26)
-0.003
Sell
ADX(14)
55.201
Sell
Williams %R
-84.431
Oversold
CCI(14)
-88.1180
Sell
ATR(14)
0.0017
Less Volatility
Highs/Lows(14)
-0.0007
Sell
Ultimate Oscillator
34.098
Sell
ROC
-0.814
Sell
Bull/Bear Power(13)
-0.0020
Sell
Buy: 0
Sell: 8
Neutral: 0


Summary:Strong Sell","Jun 17, 2021 09:14PM GMT"
eur_gbp,0.8553 +0.0001    +0.02%,17:14:39,2021-06-17 21:15:10.168403,"Prev. Close: 0.8551
Bid/Ask: 0.8550 / 0.8555
Day's Range: 0.8550 - 0.8557",Strong Sell,"Summary:Strong Sell
Moving Averages:SellBuy (1)Sell (11)
Technical Indicators:Strong SellBuy (1)Sell (7)","Name
S3
S2
S1
Pivot Points
R1
R2
R3
Classic
0.8542
0.8544
0.8549
0.8552
0.8557
0.8560
0.8564
Fibonacci
0.8544
0.8547
0.8549
0.8552
0.8555
0.8557
0.8560
Camarilla
0.8553
0.8554
0.8554
0.8552
0.8556
0.8556
0.8557
Woodie's
0.8544
0.8545
0.8551
0.8553
0.8559
0.8561
0.8566
DeMark's
-
-
0.8551
0.8553
0.8559
-
-","Technical IndicatorsJun 17, 2021 09:13PM GMT
Name
Value
Action
RSI(14)
39.237
Sell
STOCH(9,6)
40.803
Sell
STOCHRSI(14)
77.127
Overbought
MACD(12,26)
-0.001
Sell
ADX(14)
42.089
Sell
Williams %R
-58.333
Sell
CCI(14)
-42.6082
Neutral
ATR(14)
0.0010
Less Volatility
Highs/Lows(14)
0.0000
Neutral
Ultimate Oscillator
55.066
Buy
ROC
-0.006
Sell
Bull/Bear Power(13)
-0.0013
Sell
Buy: 1
Sell: 7
Neutral: 2


Summary:Strong Sell","Jun 17, 2021 09:13PM GMT"
usd_cad,1.2356 -0.0005    -0.04%,17:14:49,2021-06-17 21:15:10.171419,"Prev. Close: 1.2361
Bid/Ask: 1.2354 / 1.2358
Day's Range: 1.2351 - 1.2368",Strong Buy,"Summary:Strong Buy
Moving Averages:BuyBuy (12)Sell (0)
Technical Indicators:Strong BuyBuy (9)Sell (1)","Name
S3
S2
S1
Pivot Points
R1
R2
R3
Classic
1.2342
1.2346
1.2353
1.2357
1.2364
1.2368
1.2375
Fibonacci
1.2346
1.2350
1.2353
1.2357
1.2361
1.2364
1.2368
Camarilla
1.2358
1.2359
1.2360
1.2357
1.2362
1.2363
1.2364
Woodie's
1.2344
1.2347
1.2355
1.2358
1.2366
1.2369
1.2377
DeMark's
-
-
1.2356
1.2358
1.2366
-
-","Technical IndicatorsJun 17, 2021 09:13PM GMT
Name
Value
Action
RSI(14)
71.093
Buy
STOCH(9,6)
74.984
Buy
STOCHRSI(14)
37.789
Sell
MACD(12,26)
0.003
Buy
ADX(14)
45.997
Buy
Williams %R
-22.286
Buy
CCI(14)
112.3335
Buy
ATR(14)
0.0024
Less Volatility
Highs/Lows(14)
0.0009
Buy
Ultimate Oscillator
70.635
Overbought
ROC
0.459
Buy
Bull/Bear Power(13)
0.0039
Buy
Buy: 9
Sell: 1
Neutral: 0


Summary:Strong Buy","Jun 17, 2021 09:13PM GMT"
usd_chf,0.9170 -0.0003    -0.04%,17:14:44,2021-06-17 21:15:10.174361,"Prev. Close: 0.9173
Bid/Ask: 0.9169 / 0.9170
Day's Range: 0.9169 - 0.9183",Strong Buy,"Summary:Strong Buy
Moving Averages:BuyBuy (10)Sell (2)
Technical Indicators:Strong BuyBuy (10)Sell (0)","Name
S3
S2
S1
Pivot Points
R1
R2
R3
Classic
0.9166
0.9170
0.9173
0.9177
0.9180
0.9184
0.9187
Fibonacci
0.9170
0.9173
0.9174
0.9177
0.9180
0.9181
0.9184
Camarilla
0.9173
0.9174
0.9174
0.9177
0.9176
0.9176
0.9177
Woodie's
0.9164
0.9169
0.9171
0.9176
0.9178
0.9183
0.9185
DeMark's
-
-
0.9171
0.9176
0.9178
-
-","Technical IndicatorsJun 17, 2021 09:13PM GMT
Name
Value
Action
RSI(14)
71.009
Buy
STOCH(9,6)
77.932
Buy
STOCHRSI(14)
0.000
Oversold
MACD(12,26)
0.003
Buy
ADX(14)
41.373
Buy
Williams %R
-26.429
Buy
CCI(14)
79.8953
Buy
ATR(14)
0.0016
High Volatility
Highs/Lows(14)
0.0001
Buy
Ultimate Oscillator
61.489
Buy
ROC
0.532
Buy
Bull/Bear Power(13)
0.0031
Buy
Buy: 10
Sell: 0
Neutral: 0


Summary:Strong Buy","Jun 17, 2021 09:13PM GMT"
nzd_chf,0.6425 +0.0006    +0.09%,17:14:47,2021-06-17 21:15:10.177278,"Prev. Close: 0.6419
Bid/Ask: 0.6423 / 0.6426
Day's Range: 0.6422 - 0.6430",Strong Sell,"Summary:Strong Sell
Moving Averages:Strong SellBuy (2)Sell (10)
Technical Indicators:Strong SellBuy (1)Sell (6)","Name
S3
S2
S1
Pivot Points
R1
R2
R3
Classic
0.6411
0.6417
0.6420
0.6426
0.6429
0.6435
0.6438
Fibonacci
0.6417
0.6420
0.6423
0.6426
0.6429
0.6432
0.6435
Camarilla
0.6421
0.6421
0.6422
0.6426
0.6424
0.6425
0.6425
Woodie's
0.6409
0.6416
0.6418
0.6425
0.6427
0.6434
0.6436
DeMark's
-
-
0.6419
0.6425
0.6427
-
-","Technical IndicatorsJun 17, 2021 09:13PM GMT
Name
Value
Action
RSI(14)
47.847
Neutral
STOCH(9,6)
57.500
Buy
STOCHRSI(14)
33.200
Sell
MACD(12,26)
0.000
Neutral
ADX(14)
32.380
Sell
Williams %R
-64.517
Sell
CCI(14)
-31.2343
Neutral
ATR(14)
0.0012
Less Volatility
Highs/Lows(14)
0.0000
Neutral
Ultimate Oscillator
37.593
Sell
ROC
-0.341
Sell
Bull/Bear Power(13)
-0.0009
Sell
Buy: 1
Sell: 6
Neutral: 4


Summary:Strong Sell","Jun 17, 2021 09:13PM GMT"
usd_cny,6.4484 +0.0515    +0.80%,11:27:22,2021-06-17 21:15:10.180195,"Prev. Close: 6.3969
Bid/Ask: 6.4477 / 6.4490
Day's Range: 6.3972 - 6.4494",Strong Buy,"Summary:Strong Buy
Moving Averages:BuyBuy (12)Sell (0)
Technical Indicators:Strong BuyBuy (7)Sell (0)","Name
S3
S2
S1
Pivot Points
R1
R2
R3
Classic
6.4380
6.4399
6.4436
6.4455
6.4492
6.4511
6.4548
Fibonacci
6.4399
6.4420
6.4434
6.4455
6.4476
6.4490
6.4511
Camarilla
6.4458
6.4463
6.4468
6.4455
6.4479
6.4484
6.4489
Woodie's
6.4390
6.4404
6.4446
6.4460
6.4502
6.4516
6.4558
DeMark's
-
-
6.4446
6.4460
6.4502
-
-","Technical IndicatorsJun 17, 2021 03:34PM GMT
Name
Value
Action
RSI(14)
85.433
Overbought
STOCH(9,6)
77.649
Buy
STOCHRSI(14)
100.000
Overbought
MACD(12,26)
0.011
Buy
ADX(14)
61.337
Buy
Williams %R
-3.426
Overbought
CCI(14)
151.8010
Buy
ATR(14)
0.0041
Less Volatility
Highs/Lows(14)
0.0141
Buy
Ultimate Oscillator
82.973
Overbought
ROC
0.391
Buy
Bull/Bear Power(13)
0.0286
Buy
Buy: 7
Sell: 0
Neutral: 0


Summary:Strong Buy","Jun 17, 2021 03:34PM GMT"
usd_hkd,7.7649 +0.0004    +0.01%,17:14:37,2021-06-17 21:15:10.183136,"Prev. Close: 7.7644
Bid/Ask: 7.7648 / 7.7649
Day's Range: 7.7644 - 7.7650",Strong Buy,"Summary:Strong Buy
Moving Averages:BuyBuy (12)Sell (0)
Technical Indicators:Strong BuyBuy (7)Sell (2)","Name
S3
S2
S1
Pivot Points
R1
R2
R3
Classic
7.7632
7.7636
7.7641
7.7645
7.7649
7.7654
7.7658
Fibonacci
7.7636
7.7639
7.7642
7.7645
7.7648
7.7651
7.7654
Camarilla
7.7642
7.7643
7.7644
7.7645
7.7645
7.7646
7.7647
Woodie's
7.7632
7.7636
7.7641
7.7645
7.7649
7.7654
7.7658
DeMark's
-
-
7.7638
7.7644
7.7647
-
-","Technical IndicatorsJun 17, 2021 09:14PM GMT
Name
Value
Action
RSI(14)
56.856
Buy
STOCH(9,6)
58.371
Buy
STOCHRSI(14)
44.626
Sell
MACD(12,26)
0.000
Buy
ADX(14)
33.915
Sell
Williams %R
-36.838
Buy
CCI(14)
46.2567
Neutral
ATR(14)
0.0009
Less Volatility
Highs/Lows(14)
0.0000
Neutral
Ultimate Oscillator
57.076
Buy
ROC
0.003
Buy
Bull/Bear Power(13)
0.0013
Buy
Buy: 7
Sell: 2
Neutral: 2


Summary:Strong Buy","Jun 17, 2021 09:14PM GMT"
eur_usd,1.1908 +0.0002    +0.02%,17:15:30,2021-06-17 21:16:10.115423,"Prev. Close: 1.1906
Bid/Ask: 1.1907 / 1.1909
Day's Range: 1.1906 - 1.1909",Strong Sell,"Summary:Strong Sell
Moving Averages:Strong SellBuy (0)Sell (12)
Technical Indicators:Strong SellBuy (0)Sell (9)","Name
S3
S2
S1
Pivot Points
R1
R2
R3
Classic
1.1893
1.1897
1.1902
1.1906
1.1911
1.1915
1.1921
Fibonacci
1.1897
1.1900
1.1902
1.1906
1.1910
1.1912
1.1915
Camarilla
1.1905
1.1906
1.1907
1.1906
1.1908
1.1909
1.1910
Woodie's
1.1893
1.1897
1.1902
1.1906
1.1911
1.1915
1.1921
DeMark's
-
-
1.1904
1.1907
1.1913
-
-","Technical IndicatorsJun 17, 2021 09:13PM GMT
Name
Value
Action
RSI(14)
27.878
Sell
STOCH(9,6)
23.563
Sell
STOCHRSI(14)
98.347
Overbought
MACD(12,26)
-0.004
Sell
ADX(14)
42.257
Sell
Williams %R
-80.001
Oversold
CCI(14)
-93.2392
Sell
ATR(14)
0.0018
Less Volatility
Highs/Lows(14)
-0.0010
Sell
Ultimate Oscillator
33.035
Sell
ROC
-0.406
Sell
Bull/Bear Power(13)
-0.0025
Sell
Buy: 0
Sell: 9
Neutral: 0


Summary:Strong Sell","Jun 17, 2021 09:13PM GMT"
gbp_usd,1.3922 +0.0003    +0.02%,17:15:37,2021-06-17 21:16:10.119282,"Prev. Close: 1.3919
Bid/Ask: 1.3918 / 1.3926
Day's Range: 1.3915 - 1.3927",Strong Sell,"Summary:Strong Sell
Moving Averages:Strong SellBuy (0)Sell (12)
Technical Indicators:Strong SellBuy (0)Sell (10)","Name
S3
S2
S1
Pivot Points
R1
R2
R3
Classic
1.3912
1.3916
1.3921
1.3925
1.3930
1.3934
1.3940
Fibonacci
1.3916
1.3919
1.3922
1.3925
1.3928
1.3931
1.3934
Camarilla
1.3924
1.3925
1.3926
1.3925
1.3927
1.3928
1.3929
Woodie's
1.3912
1.3916
1.3921
1.3925
1.3930
1.3934
1.3940
DeMark's
-
-
1.3923
1.3926
1.3932
-
-","Technical IndicatorsJun 17, 2021 09:15PM GMT
Name
Value
Action
RSI(14)
35.741
Sell
STOCH(9,6)
31.491
Sell
STOCHRSI(14)
92.698
Overbought
MACD(12,26)
-0.003
Sell
ADX(14)
39.699
Sell
Williams %R
-73.738
Sell
CCI(14)
-77.0334
Sell
ATR(14)
0.0024
Less Volatility
Highs/Lows(14)
-0.0005
Sell
Ultimate Oscillator
35.018
Sell
ROC
-0.379
Sell
Bull/Bear Power(13)
-0.0020
Sell
Buy: 0
Sell: 10
Neutral: 0


Summary:Strong Sell","Jun 17, 2021 09:15PM GMT"
usd_jpy,110.25 +0.04    +0.04%,17:15:44,2021-06-17 21:16:10.122394,"Prev. Close: 110.20
Bid/Ask: 110.23 / 110.26
Day's Range: 110.17 - 110.83",Strong Sell,"Summary:Strong Sell
Moving Averages:SellBuy (5)Sell (7)
Technical Indicators:Strong SellBuy (0)Sell (7)","Name
S3
S2
S1
Pivot Points
R1
R2
R3
Classic
110.11
110.16
110.19
110.24
110.27
110.32
110.34
Fibonacci
110.16
110.19
110.21
110.24
110.27
110.29
110.32
Camarilla
110.19
110.20
110.21
110.24
110.22
110.23
110.24
Woodie's
110.09
110.15
110.17
110.23
110.25
110.31
110.32
DeMark's
-
-
110.17
110.23
110.25
-
-","Technical IndicatorsJun 17, 2021 09:14PM GMT
Name
Value
Action
RSI(14)
42.404
Sell
STOCH(9,6)
16.287
Oversold
STOCHRSI(14)
15.083
Oversold
MACD(12,26)
-0.030
Sell
ADX(14)
33.514
Sell
Williams %R
-85.714
Oversold
CCI(14)
-76.8936
Sell
ATR(14)
0.1232
Less Volatility
Highs/Lows(14)
-0.1021
Sell
Ultimate Oscillator
49.780
Neutral
ROC
-0.294
Sell
Bull/Bear Power(13)
-0.2720
Sell
Buy: 0
Sell: 7
Neutral: 1


Summary:Strong Sell","Jun 17, 2021 09:14PM GMT"
aud_usd,0.7552 +0.0001    +0.02%,17:15:24,2021-06-17 21:16:10.125357,"Prev. Close: 0.7550
Bid/Ask: 0.7549 / 0.7554
Day's Range: 0.7547 - 0.7553",Strong Sell,"Summary:Strong Sell
Moving Averages:SellBuy (2)Sell (10)
Technical Indicators:Strong SellBuy (0)Sell (8)","Name
S3
S2
S1
Pivot Points
R1
R2
R3
Classic
0.7541
0.7544
0.7548
0.7551
0.7555
0.7558
0.7562
Fibonacci
0.7544
0.7547
0.7548
0.7551
0.7554
0.7555
0.7558
Camarilla
0.7549
0.7550
0.7550
0.7551
0.7552
0.7552
0.7553
Woodie's
0.7541
0.7544
0.7548
0.7551
0.7555
0.7558
0.7562
DeMark's
-
-
0.7549
0.7551
0.7556
-
-","Technical IndicatorsJun 17, 2021 09:14PM GMT
Name
Value
Action
RSI(14)
29.366
Sell
STOCH(9,6)
19.242
Oversold
STOCHRSI(14)
100.000
Overbought
MACD(12,26)
-0.003
Sell
ADX(14)
55.201
Sell
Williams %R
-84.431
Oversold
CCI(14)
-88.1180
Sell
ATR(14)
0.0017
Less Volatility
Highs/Lows(14)
-0.0007
Sell
Ultimate Oscillator
34.098
Sell
ROC
-0.814
Sell
Bull/Bear Power(13)
-0.0020
Sell
Buy: 0
Sell: 8
Neutral: 0


Summary:Strong Sell","Jun 17, 2021 09:14PM GMT"
eur_gbp,0.8554 +0.0003    +0.03%,17:15:40,2021-06-17 21:16:10.128293,"Prev. Close: 0.8551
Bid/Ask: 0.8550 / 0.8557
Day's Range: 0.8550 - 0.8557",Strong Sell,"Summary:Strong Sell
Moving Averages:Strong SellBuy (0)Sell (12)
Technical Indicators:Strong SellBuy (2)Sell (8)","Name
S3
S2
S1
Pivot Points
R1
R2
R3
Classic
0.8542
0.8544
0.8549
0.8552
0.8557
0.8560
0.8564
Fibonacci
0.8544
0.8547
0.8549
0.8552
0.8555
0.8557
0.8560
Camarilla
0.8553
0.8554
0.8554
0.8552
0.8556
0.8556
0.8557
Woodie's
0.8544
0.8545
0.8551
0.8553
0.8559
0.8561
0.8566
DeMark's
-
-
0.8551
0.8553
0.8559
-
-","Technical IndicatorsJun 17, 2021 09:15PM GMT
Name
Value
Action
RSI(14)
38.165
Sell
STOCH(9,6)
39.877
Sell
STOCHRSI(14)
72.476
Buy
MACD(12,26)
-0.001
Sell
ADX(14)
42.089
Sell
Williams %R
-63.333
Sell
CCI(14)
-51.7476
Sell
ATR(14)
0.0010
Less Volatility
Highs/Lows(14)
0.0000
Neutral
Ultimate Oscillator
53.030
Buy
ROC
-0.023
Sell
Bull/Bear Power(13)
-0.0013
Sell
Buy: 2
Sell: 8
Neutral: 1


Summary:Strong Sell","Jun 17, 2021 09:15PM GMT"
usd_cad,1.2356 -0.0005    -0.04%,17:15:32,2021-06-17 21:16:10.131255,"Prev. Close: 1.2361
Bid/Ask: 1.2354 / 1.2358
Day's Range: 1.2351 - 1.2368",Strong Buy,"Summary:Strong Buy
Moving Averages:BuyBuy (12)Sell (0)
Technical Indicators:Strong BuyBuy (9)Sell (1)","Name
S3
S2
S1
Pivot Points
R1
R2
R3
Classic
1.2342
1.2346
1.2353
1.2357
1.2364
1.2368
1.2375
Fibonacci
1.2346
1.2350
1.2353
1.2357
1.2361
1.2364
1.2368
Camarilla
1.2358
1.2359
1.2360
1.2357
1.2362
1.2363
1.2364
Woodie's
1.2344
1.2347
1.2355
1.2358
1.2366
1.2369
1.2377
DeMark's
-
-
1.2356
1.2358
1.2366
-
-","Technical IndicatorsJun 17, 2021 09:15PM GMT
Name
Value
Action
RSI(14)
70.531
Buy
STOCH(9,6)
74.782
Buy
STOCHRSI(14)
33.550
Sell
MACD(12,26)
0.003
Buy
ADX(14)
45.997
Buy
Williams %R
-23.429
Buy
CCI(14)
111.0174
Buy
ATR(14)
0.0024
Less Volatility
Highs/Lows(14)
0.0008
Buy
Ultimate Oscillator
70.150
Overbought
ROC
0.451
Buy
Bull/Bear Power(13)
0.0039
Buy
Buy: 9
Sell: 1
Neutral: 0


Summary:Strong Buy","Jun 17, 2021 09:15PM GMT"
usd_chf,0.9170 -0.0003    -0.04%,17:15:28,2021-06-17 21:16:10.134159,"Prev. Close: 0.9173
Bid/Ask: 0.9169 / 0.9170
Day's Range: 0.9169 - 0.9183",Strong Buy,"Summary:Strong Buy
Moving Averages:BuyBuy (10)Sell (2)
Technical Indicators:Strong BuyBuy (10)Sell (0)","Name
S3
S2
S1
Pivot Points
R1
R2
R3
Classic
0.9166
0.9170
0.9173
0.9177
0.9180
0.9184
0.9187
Fibonacci
0.9170
0.9173
0.9174
0.9177
0.9180
0.9181
0.9184
Camarilla
0.9173
0.9174
0.9174
0.9177
0.9176
0.9176
0.9177
Woodie's
0.9164
0.9169
0.9171
0.9176
0.9178
0.9183
0.9185
DeMark's
-
-
0.9171
0.9176
0.9178
-
-","Technical IndicatorsJun 17, 2021 09:15PM GMT
Name
Value
Action
RSI(14)
72.976
Buy
STOCH(9,6)
78.857
Buy
STOCHRSI(14)
0.000
Oversold
MACD(12,26)
0.003
Buy
ADX(14)
41.373
Buy
Williams %R
-22.143
Buy
CCI(14)
84.2905
Buy
ATR(14)
0.0016
High Volatility
Highs/Lows(14)
0.0004
Buy
Ultimate Oscillator
63.684
Buy
ROC
0.565
Buy
Bull/Bear Power(13)
0.0031
Buy
Buy: 10
Sell: 0
Neutral: 0


Summary:Strong Buy","Jun 17, 2021 09:15PM GMT"
nzd_chf,0.6425 +0.0006    +0.09%,17:15:42,2021-06-17 21:16:10.137069,"Prev. Close: 0.6419
Bid/Ask: 0.6422 / 0.6427
Day's Range: 0.6422 - 0.6430",Neutral,"Summary:Neutral
Moving Averages:BuyBuy (7)Sell (5)
Technical Indicators:Strong SellBuy (2)Sell (6)","Name
S3
S2
S1
Pivot Points
R1
R2
R3
Classic
0.6411
0.6417
0.6420
0.6426
0.6429
0.6435
0.6438
Fibonacci
0.6417
0.6420
0.6423
0.6426
0.6429
0.6432
0.6435
Camarilla
0.6421
0.6421
0.6422
0.6426
0.6424
0.6425
0.6425
Woodie's
0.6409
0.6416
0.6418
0.6425
0.6427
0.6434
0.6436
DeMark's
-
-
0.6419
0.6425
0.6427
-
-","Technical IndicatorsJun 17, 2021 09:15PM GMT
Name
Value
Action
RSI(14)
50.280
Neutral
STOCH(9,6)
59.423
Buy
STOCHRSI(14)
42.526
Sell
MACD(12,26)
0.000
Buy
ADX(14)
32.380
Sell
Williams %R
-58.065
Sell
CCI(14)
-21.1794
Neutral
ATR(14)
0.0012
Less Volatility
Highs/Lows(14)
0.0000
Neutral
Ultimate Oscillator
41.109
Sell
ROC
-0.295
Sell
Bull/Bear Power(13)
-0.0009
Sell
Buy: 2
Sell: 6
Neutral: 3


Summary:Strong Sell","Jun 17, 2021 09:15PM GMT"
usd_cny,6.4484 +0.0515    +0.80%,11:27:22,2021-06-17 21:16:10.139971,"Prev. Close: 6.3969
Bid/Ask: 6.4477 / 6.4490
Day's Range: 6.3972 - 6.4494",Strong Buy,"Summary:Strong Buy
Moving Averages:BuyBuy (12)Sell (0)
Technical Indicators:Strong BuyBuy (7)Sell (0)","Name
S3
S2
S1
Pivot Points
R1
R2
R3
Classic
6.4380
6.4399
6.4436
6.4455
6.4492
6.4511
6.4548
Fibonacci
6.4399
6.4420
6.4434
6.4455
6.4476
6.4490
6.4511
Camarilla
6.4458
6.4463
6.4468
6.4455
6.4479
6.4484
6.4489
Woodie's
6.4390
6.4404
6.4446
6.4460
6.4502
6.4516
6.4558
DeMark's
-
-
6.4446
6.4460
6.4502
-
-","Technical IndicatorsJun 17, 2021 03:34PM GMT
Name
Value
Action
RSI(14)
85.433
Overbought
STOCH(9,6)
77.649
Buy
STOCHRSI(14)
100.000
Overbought
MACD(12,26)
0.011
Buy
ADX(14)
61.337
Buy
Williams %R
-3.426
Overbought
CCI(14)
151.8010
Buy
ATR(14)
0.0041
Less Volatility
Highs/Lows(14)
0.0141
Buy
Ultimate Oscillator
82.973
Overbought
ROC
0.391
Buy
Bull/Bear Power(13)
0.0286
Buy
Buy: 7
Sell: 0
Neutral: 0


Summary:Strong Buy","Jun 17, 2021 03:34PM GMT"
usd_hkd,7.7649 +0.0004    +0.01%,17:15:38,2021-06-17 21:16:10.142887,"Prev. Close: 7.7644
Bid/Ask: 7.7648 / 7.7649
Day's Range: 7.7644 - 7.7650",Strong Buy,"Summary:Strong Buy
Moving Averages:BuyBuy (12)Sell (0)
Technical Indicators:Strong BuyBuy (7)Sell (2)","Name
S3
S2
S1
Pivot Points
R1
R2
R3
Classic
7.7632
7.7636
7.7641
7.7645
7.7649
7.7654
7.7658
Fibonacci
7.7636
7.7639
7.7642
7.7645
7.7648
7.7651
7.7654
Camarilla
7.7642
7.7643
7.7644
7.7645
7.7645
7.7646
7.7647
Woodie's
7.7632
7.7636
7.7641
7.7645
7.7649
7.7654
7.7658
DeMark's
-
-
7.7638
7.7644
7.7647
-
-","Technical IndicatorsJun 17, 2021 09:14PM GMT
Name
Value
Action
RSI(14)
56.856
Buy
STOCH(9,6)
58.371
Buy
STOCHRSI(14)
44.626
Sell
MACD(12,26)
0.000
Buy
ADX(14)
33.915
Sell
Williams %R
-36.838
Buy
CCI(14)
46.2567
Neutral
ATR(14)
0.0009
Less Volatility
Highs/Lows(14)
0.0000
Neutral
Ultimate Oscillator
57.076
Buy
ROC
0.003
Buy
Bull/Bear Power(13)
0.0013
Buy
Buy: 7
Sell: 2
Neutral: 2


Summary:Strong Buy","Jun 17, 2021 09:14PM GMT"
eur_usd,1.1908 +0.0002    +0.02%,17:16:33,2021-06-17 21:17:10.555375,"Prev. Close: 1.1906
Bid/Ask: 1.1907 / 1.1909
Day's Range: 1.1906 - 1.1909",Strong Sell,"Summary:Strong Sell
Moving Averages:Strong SellBuy (0)Sell (12)
Technical Indicators:Strong SellBuy (0)Sell (10)","Name
S3
S2
S1
Pivot Points
R1
R2
R3
Classic
1.1893
1.1897
1.1902
1.1906
1.1911
1.1915
1.1921
Fibonacci
1.1897
1.1900
1.1902
1.1906
1.1910
1.1912
1.1915
Camarilla
1.1905
1.1906
1.1907
1.1906
1.1908
1.1909
1.1910
Woodie's
1.1893
1.1897
1.1902
1.1906
1.1911
1.1915
1.1921
DeMark's
-
-
1.1904
1.1907
1.1913
-
-","Technical IndicatorsJun 17, 2021 09:15PM GMT
Name
Value
Action
RSI(14)
27.984
Sell
STOCH(9,6)
23.705
Sell
STOCHRSI(14)
99.174
Overbought
MACD(12,26)
-0.004
Sell
ADX(14)
42.257
Sell
Williams %R
-79.310
Sell
CCI(14)
-92.5825
Sell
ATR(14)
0.0018
Less Volatility
Highs/Lows(14)
-0.0009
Sell
Ultimate Oscillator
33.349
Sell
ROC
-0.402
Sell
Bull/Bear Power(13)
-0.0025
Sell
Buy: 0
Sell: 10
Neutral: 0


Summary:Strong Sell","Jun 17, 2021 09:15PM GMT"
gbp_usd,1.3923 +0.0004    +0.03%,17:16:30,2021-06-17 21:17:10.559545,"Prev. Close: 1.3919
Bid/Ask: 1.3920 / 1.3926
Day's Range: 1.3915 - 1.3927",Strong Sell,"Summary:Strong Sell
Moving Averages:Strong SellBuy (0)Sell (12)
Technical Indicators:Strong SellBuy (0)Sell (10)","Name
S3
S2
S1
Pivot Points
R1
R2
R3
Classic
1.3912
1.3916
1.3921
1.3925
1.3930
1.3934
1.3940
Fibonacci
1.3916
1.3919
1.3922
1.3925
1.3928
1.3931
1.3934
Camarilla
1.3924
1.3925
1.3926
1.3925
1.3927
1.3928
1.3929
Woodie's
1.3912
1.3916
1.3921
1.3925
1.3930
1.3934
1.3940
DeMark's
-
-
1.3923
1.3926
1.3932
-
-","Technical IndicatorsJun 17, 2021 09:15PM GMT
Name
Value
Action
RSI(14)
35.741
Sell
STOCH(9,6)
31.491
Sell
STOCHRSI(14)
92.698
Overbought
MACD(12,26)
-0.003
Sell
ADX(14)
39.699
Sell
Williams %R
-73.738
Sell
CCI(14)
-77.0334
Sell
ATR(14)
0.0024
Less Volatility
Highs/Lows(14)
-0.0005
Sell
Ultimate Oscillator
35.018
Sell
ROC
-0.379
Sell
Bull/Bear Power(13)
-0.0020
Sell
Buy: 0
Sell: 10
Neutral: 0


Summary:Strong Sell","Jun 17, 2021 09:15PM GMT"
usd_jpy,110.25 +0.04    +0.04%,17:16:29,2021-06-17 21:17:10.562761,"Prev. Close: 110.20
Bid/Ask: 110.23 / 110.26
Day's Range: 110.17 - 110.83",Strong Sell,"Summary:Strong Sell
Moving Averages:SellBuy (5)Sell (7)
Technical Indicators:Strong SellBuy (0)Sell (7)","Name
S3
S2
S1
Pivot Points
R1
R2
R3
Classic
110.11
110.16
110.19
110.24
110.27
110.32
110.34
Fibonacci
110.16
110.19
110.21
110.24
110.27
110.29
110.32
Camarilla
110.19
110.20
110.21
110.24
110.22
110.23
110.24
Woodie's
110.09
110.15
110.17
110.23
110.25
110.31
110.32
DeMark's
-
-
110.17
110.23
110.25
-
-","Technical IndicatorsJun 17, 2021 09:16PM GMT
Name
Value
Action
RSI(14)
42.404
Sell
STOCH(9,6)
16.287
Oversold
STOCHRSI(14)
15.083
Oversold
MACD(12,26)
-0.030
Sell
ADX(14)
33.514
Sell
Williams %R
-85.714
Oversold
CCI(14)
-76.8936
Sell
ATR(14)
0.1232
Less Volatility
Highs/Lows(14)
-0.1021
Sell
Ultimate Oscillator
49.780
Neutral
ROC
-0.294
Sell
Bull/Bear Power(13)
-0.2720
Sell
Buy: 0
Sell: 7
Neutral: 1


Summary:Strong Sell","Jun 17, 2021 09:16PM GMT"
aud_usd,0.7552 +0.0001    +0.02%,17:16:52,2021-06-17 21:17:10.565830,"Prev. Close: 0.7550
Bid/Ask: 0.7549 / 0.7554
Day's Range: 0.7547 - 0.7553",Strong Sell,"Summary:Strong Sell
Moving Averages:SellBuy (2)Sell (10)
Technical Indicators:Strong SellBuy (0)Sell (8)","Name
S3
S2
S1
Pivot Points
R1
R2
R3
Classic
0.7541
0.7544
0.7548
0.7551
0.7555
0.7558
0.7562
Fibonacci
0.7544
0.7547
0.7548
0.7551
0.7554
0.7555
0.7558
Camarilla
0.7549
0.7550
0.7550
0.7551
0.7552
0.7552
0.7553
Woodie's
0.7541
0.7544
0.7548
0.7551
0.7555
0.7558
0.7562
DeMark's
-
-
0.7549
0.7551
0.7556
-
-","Technical IndicatorsJun 17, 2021 09:16PM GMT
Name
Value
Action
RSI(14)
29.017
Sell
STOCH(9,6)
19.084
Oversold
STOCHRSI(14)
100.000
Overbought
MACD(12,26)
-0.003
Sell
ADX(14)
55.201
Sell
Williams %R
-85.030
Oversold
CCI(14)
-88.7795
Sell
ATR(14)
0.0017
Less Volatility
Highs/Lows(14)
-0.0007
Sell
Ultimate Oscillator
33.696
Sell
ROC
-0.821
Sell
Bull/Bear Power(13)
-0.0020
Sell
Buy: 0
Sell: 8
Neutral: 0


Summary:Strong Sell","Jun 17, 2021 09:16PM GMT"
eur_gbp,0.8553 +0.0001    +0.02%,17:16:33,2021-06-17 21:17:10.568849,"Prev. Close: 0.8551
Bid/Ask: 0.8550 / 0.8555
Day's Range: 0.8550 - 0.8557",Strong Sell,"Summary:Strong Sell
Moving Averages:Strong SellBuy (0)Sell (12)
Technical Indicators:Strong SellBuy (2)Sell (8)","Name
S3
S2
S1
Pivot Points
R1
R2
R3
Classic
0.8542
0.8544
0.8549
0.8552
0.8557
0.8560
0.8564
Fibonacci
0.8544
0.8547
0.8549
0.8552
0.8555
0.8557
0.8560
Camarilla
0.8553
0.8554
0.8554
0.8552
0.8556
0.8556
0.8557
Woodie's
0.8544
0.8545
0.8551
0.8553
0.8559
0.8561
0.8566
DeMark's
-
-
0.8551
0.8553
0.8559
-
-","Technical IndicatorsJun 17, 2021 09:15PM GMT
Name
Value
Action
RSI(14)
38.165
Sell
STOCH(9,6)
39.877
Sell
STOCHRSI(14)
72.476
Buy
MACD(12,26)
-0.001
Sell
ADX(14)
42.089
Sell
Williams %R
-63.333
Sell
CCI(14)
-51.7476
Sell
ATR(14)
0.0010
Less Volatility
Highs/Lows(14)
0.0000
Neutral
Ultimate Oscillator
53.030
Buy
ROC
-0.023
Sell
Bull/Bear Power(13)
-0.0013
Sell
Buy: 2
Sell: 8
Neutral: 1


Summary:Strong Sell","Jun 17, 2021 09:15PM GMT"
usd_cad,1.2358 -0.0003    -0.02%,17:16:48,2021-06-17 21:17:10.571839,"Prev. Close: 1.2361
Bid/Ask: 1.2356 / 1.2360
Day's Range: 1.2351 - 1.2368",Strong Buy,"Summary:Strong Buy
Moving Averages:BuyBuy (12)Sell (0)
Technical Indicators:Strong BuyBuy (9)Sell (1)","Name
S3
S2
S1
Pivot Points
R1
R2
R3
Classic
1.2342
1.2346
1.2353
1.2357
1.2364
1.2368
1.2375
Fibonacci
1.2346
1.2350
1.2353
1.2357
1.2361
1.2364
1.2368
Camarilla
1.2358
1.2359
1.2360
1.2357
1.2362
1.2363
1.2364
Woodie's
1.2344
1.2347
1.2355
1.2358
1.2366
1.2369
1.2377
DeMark's
-
-
1.2356
1.2358
1.2366
-
-","Technical IndicatorsJun 17, 2021 09:15PM GMT
Name
Value
Action
RSI(14)
70.531
Buy
STOCH(9,6)
74.782
Buy
STOCHRSI(14)
33.550
Sell
MACD(12,26)
0.003
Buy
ADX(14)
45.997
Buy
Williams %R
-23.429
Buy
CCI(14)
111.0174
Buy
ATR(14)
0.0024
Less Volatility
Highs/Lows(14)
0.0008
Buy
Ultimate Oscillator
70.150
Overbought
ROC
0.451
Buy
Bull/Bear Power(13)
0.0039
Buy
Buy: 9
Sell: 1
Neutral: 0


Summary:Strong Buy","Jun 17, 2021 09:15PM GMT"
usd_chf,0.9170 -0.0003    -0.04%,17:16:06,2021-06-17 21:17:10.574801,"Prev. Close: 0.9173
Bid/Ask: 0.9169 / 0.9170
Day's Range: 0.9169 - 0.9183",Strong Buy,"Summary:Strong Buy
Moving Averages:BuyBuy (10)Sell (2)
Technical Indicators:Strong BuyBuy (10)Sell (0)","Name
S3
S2
S1
Pivot Points
R1
R2
R3
Classic
0.9166
0.9170
0.9173
0.9177
0.9180
0.9184
0.9187
Fibonacci
0.9170
0.9173
0.9174
0.9177
0.9180
0.9181
0.9184
Camarilla
0.9173
0.9174
0.9174
0.9177
0.9176
0.9176
0.9177
Woodie's
0.9164
0.9169
0.9171
0.9176
0.9178
0.9183
0.9185
DeMark's
-
-
0.9171
0.9176
0.9178
-
-","Technical IndicatorsJun 17, 2021 09:15PM GMT
Name
Value
Action
RSI(14)
72.976
Buy
STOCH(9,6)
78.857
Buy
STOCHRSI(14)
0.000
Oversold
MACD(12,26)
0.003
Buy
ADX(14)
41.373
Buy
Williams %R
-22.143
Buy
CCI(14)
84.2905
Buy
ATR(14)
0.0016
High Volatility
Highs/Lows(14)
0.0004
Buy
Ultimate Oscillator
63.684
Buy
ROC
0.565
Buy
Bull/Bear Power(13)
0.0031
Buy
Buy: 10
Sell: 0
Neutral: 0


Summary:Strong Buy","Jun 17, 2021 09:15PM GMT"
nzd_chf,0.6424 +0.0005    +0.08%,17:16:56,2021-06-17 21:17:10.577705,"Prev. Close: 0.6419
Bid/Ask: 0.6423 / 0.6425
Day's Range: 0.6422 - 0.6430",Neutral,"Summary:Neutral
Moving Averages:BuyBuy (7)Sell (5)
Technical Indicators:Strong SellBuy (2)Sell (6)","Name
S3
S2
S1
Pivot Points
R1
R2
R3
Classic
0.6411
0.6417
0.6420
0.6426
0.6429
0.6435
0.6438
Fibonacci
0.6417
0.6420
0.6423
0.6426
0.6429
0.6432
0.6435
Camarilla
0.6421
0.6421
0.6422
0.6426
0.6424
0.6425
0.6425
Woodie's
0.6409
0.6416
0.6418
0.6425
0.6427
0.6434
0.6436
DeMark's
-
-
0.6419
0.6425
0.6427
-
-","Technical IndicatorsJun 17, 2021 09:15PM GMT
Name
Value
Action
RSI(14)
50.280
Neutral
STOCH(9,6)
59.423
Buy
STOCHRSI(14)
42.526
Sell
MACD(12,26)
0.000
Buy
ADX(14)
32.380
Sell
Williams %R
-58.065
Sell
CCI(14)
-21.1794
Neutral
ATR(14)
0.0012
Less Volatility
Highs/Lows(14)
0.0000
Neutral
Ultimate Oscillator
41.109
Sell
ROC
-0.295
Sell
Bull/Bear Power(13)
-0.0009
Sell
Buy: 2
Sell: 6
Neutral: 3


Summary:Strong Sell","Jun 17, 2021 09:15PM GMT"
usd_cny,6.4484 +0.0515    +0.80%,11:27:22,2021-06-17 21:17:10.580618,"Prev. Close: 6.3969
Bid/Ask: 6.4477 / 6.4490
Day's Range: 6.3972 - 6.4494",Strong Buy,"Summary:Strong Buy
Moving Averages:BuyBuy (12)Sell (0)
Technical Indicators:Strong BuyBuy (7)Sell (0)","Name
S3
S2
S1
Pivot Points
R1
R2
R3
Classic
6.4380
6.4399
6.4436
6.4455
6.4492
6.4511
6.4548
Fibonacci
6.4399
6.4420
6.4434
6.4455
6.4476
6.4490
6.4511
Camarilla
6.4458
6.4463
6.4468
6.4455
6.4479
6.4484
6.4489
Woodie's
6.4390
6.4404
6.4446
6.4460
6.4502
6.4516
6.4558
DeMark's
-
-
6.4446
6.4460
6.4502
-
-","Technical IndicatorsJun 17, 2021 03:34PM GMT
Name
Value
Action
RSI(14)
85.433
Overbought
STOCH(9,6)
77.649
Buy
STOCHRSI(14)
100.000
Overbought
MACD(12,26)
0.011
Buy
ADX(14)
61.337
Buy
Williams %R
-3.426
Overbought
CCI(14)
151.8010
Buy
ATR(14)
0.0041
Less Volatility
Highs/Lows(14)
0.0141
Buy
Ultimate Oscillator
82.973
Overbought
ROC
0.391
Buy
Bull/Bear Power(13)
0.0286
Buy
Buy: 7
Sell: 0
Neutral: 0


Summary:Strong Buy","Jun 17, 2021 03:34PM GMT"
usd_hkd,7.7649 +0.0004    +0.01%,17:16:54,2021-06-17 21:17:10.583549,"Prev. Close: 7.7644
Bid/Ask: 7.7648 / 7.7649
Day's Range: 7.7644 - 7.7650",Strong Buy,"Summary:Strong Buy
Moving Averages:BuyBuy (12)Sell (0)
Technical Indicators:Strong BuyBuy (7)Sell (2)","Name
S3
S2
S1
Pivot Points
R1
R2
R3
Classic
7.7632
7.7636
7.7641
7.7645
7.7649
7.7654
7.7658
Fibonacci
7.7636
7.7639
7.7642
7.7645
7.7648
7.7651
7.7654
Camarilla
7.7642
7.7643
7.7644
7.7645
7.7645
7.7646
7.7647
Woodie's
7.7632
7.7636
7.7641
7.7645
7.7649
7.7654
7.7658
DeMark's
-
-
7.7638
7.7644
7.7647
-
-","Technical IndicatorsJun 17, 2021 09:16PM GMT
Name
Value
Action
RSI(14)
56.856
Buy
STOCH(9,6)
58.371
Buy
STOCHRSI(14)
44.626
Sell
MACD(12,26)
0.000
Buy
ADX(14)
33.915
Sell
Williams %R
-36.838
Buy
CCI(14)
46.2567
Neutral
ATR(14)
0.0009
Less Volatility
Highs/Lows(14)
0.0000
Neutral
Ultimate Oscillator
57.076
Buy
ROC
0.003
Buy
Bull/Bear Power(13)
0.0013
Buy
Buy: 7
Sell: 2
Neutral: 2


Summary:Strong Buy","Jun 17, 2021 09:16PM GMT"
eur_usd,1.1907 +0.0001    +0.01%,17:17:43,2021-06-17 21:18:11.572759,"Prev. Close: 1.1906
Bid/Ask: 1.1906 / 1.1908
Day's Range: 1.1906 - 1.1909",Strong Sell,"Summary:Strong Sell
Moving Averages:Strong SellBuy (0)Sell (12)
Technical Indicators:Strong SellBuy (0)Sell (9)","Name
S3
S2
S1
Pivot Points
R1
R2
R3
Classic
1.1893
1.1897
1.1902
1.1906
1.1911
1.1915
1.1921
Fibonacci
1.1897
1.1900
1.1902
1.1906
1.1910
1.1912
1.1915
Camarilla
1.1905
1.1906
1.1907
1.1906
1.1908
1.1909
1.1910
Woodie's
1.1893
1.1897
1.1902
1.1906
1.1911
1.1915
1.1921
DeMark's
-
-
1.1904
1.1907
1.1913
-
-","Technical IndicatorsJun 17, 2021 09:17PM GMT
Name
Value
Action
RSI(14)
27.878
Sell
STOCH(9,6)
23.563
Sell
STOCHRSI(14)
98.347
Overbought
MACD(12,26)
-0.004
Sell
ADX(14)
42.257
Sell
Williams %R
-80.001
Oversold
CCI(14)
-93.2392
Sell
ATR(14)
0.0018
Less Volatility
Highs/Lows(14)
-0.0010
Sell
Ultimate Oscillator
33.035
Sell
ROC
-0.406
Sell
Bull/Bear Power(13)
-0.0025
Sell
Buy: 0
Sell: 9
Neutral: 0


Summary:Strong Sell","Jun 17, 2021 09:17PM GMT"
gbp_usd,1.3922 +0.0003    +0.02%,17:17:32,2021-06-17 21:18:11.576635,"Prev. Close: 1.3919
Bid/Ask: 1.3918 / 1.3926
Day's Range: 1.3915 - 1.3927",Strong Sell,"Summary:Strong Sell
Moving Averages:Strong SellBuy (0)Sell (12)
Technical Indicators:Strong SellBuy (0)Sell (10)","Name
S3
S2
S1
Pivot Points
R1
R2
R3
Classic
1.3912
1.3916
1.3921
1.3925
1.3930
1.3934
1.3940
Fibonacci
1.3916
1.3919
1.3922
1.3925
1.3928
1.3931
1.3934
Camarilla
1.3924
1.3925
1.3926
1.3925
1.3927
1.3928
1.3929
Woodie's
1.3912
1.3916
1.3921
1.3925
1.3930
1.3934
1.3940
DeMark's
-
-
1.3923
1.3926
1.3932
-
-","Technical IndicatorsJun 17, 2021 09:17PM GMT
Name
Value
Action
RSI(14)
35.741
Sell
STOCH(9,6)
31.491
Sell
STOCHRSI(14)
92.698
Overbought
MACD(12,26)
-0.003
Sell
ADX(14)
39.699
Sell
Williams %R
-73.738
Sell
CCI(14)
-77.0334
Sell
ATR(14)
0.0024
Less Volatility
Highs/Lows(14)
-0.0005
Sell
Ultimate Oscillator
35.018
Sell
ROC
-0.379
Sell
Bull/Bear Power(13)
-0.0020
Sell
Buy: 0
Sell: 10
Neutral: 0


Summary:Strong Sell","Jun 17, 2021 09:17PM GMT"
usd_jpy,110.25 +0.04    +0.04%,17:17:31,2021-06-17 21:18:11.579696,"Prev. Close: 110.20
Bid/Ask: 110.23 / 110.26
Day's Range: 110.17 - 110.83",Strong Sell,"Summary:Strong Sell
Moving Averages:SellBuy (5)Sell (7)
Technical Indicators:Strong SellBuy (0)Sell (7)","Name
S3
S2
S1
Pivot Points
R1
R2
R3
Classic
110.11
110.16
110.19
110.24
110.27
110.32
110.34
Fibonacci
110.16
110.19
110.21
110.24
110.27
110.29
110.32
Camarilla
110.19
110.20
110.21
110.24
110.22
110.23
110.24
Woodie's
110.09
110.15
110.17
110.23
110.25
110.31
110.32
DeMark's
-
-
110.17
110.23
110.25
-
-","Technical IndicatorsJun 17, 2021 09:16PM GMT
Name
Value
Action
RSI(14)
42.404
Sell
STOCH(9,6)
16.287
Oversold
STOCHRSI(14)
15.083
Oversold
MACD(12,26)
-0.030
Sell
ADX(14)
33.514
Sell
Williams %R
-85.714
Oversold
CCI(14)
-76.8936
Sell
ATR(14)
0.1232
Less Volatility
Highs/Lows(14)
-0.1021
Sell
Ultimate Oscillator
49.780
Neutral
ROC
-0.294
Sell
Bull/Bear Power(13)
-0.2720
Sell
Buy: 0
Sell: 7
Neutral: 1


Summary:Strong Sell","Jun 17, 2021 09:16PM GMT"
aud_usd,0.7557 +0.0006    +0.09%,17:17:42,2021-06-17 21:18:11.582618,"Prev. Close: 0.7550
Bid/Ask: 0.7554 / 0.7559
Day's Range: 0.7547 - 0.7557",Strong Sell,"Summary:Strong Sell
Moving Averages:SellBuy (2)Sell (10)
Technical Indicators:Strong SellBuy (0)Sell (8)","Name
S3
S2
S1
Pivot Points
R1
R2
R3
Classic
0.7541
0.7544
0.7548
0.7551
0.7555
0.7558
0.7562
Fibonacci
0.7544
0.7547
0.7548
0.7551
0.7554
0.7555
0.7558
Camarilla
0.7549
0.7550
0.7550
0.7551
0.7552
0.7552
0.7553
Woodie's
0.7541
0.7544
0.7548
0.7551
0.7555
0.7558
0.7562
DeMark's
-
-
0.7549
0.7551
0.7556
-
-","Technical IndicatorsJun 17, 2021 09:16PM GMT
Name
Value
Action
RSI(14)
29.017
Sell
STOCH(9,6)
19.084
Oversold
STOCHRSI(14)
100.000
Overbought
MACD(12,26)
-0.003
Sell
ADX(14)
55.201
Sell
Williams %R
-85.030
Oversold
CCI(14)
-88.7795
Sell
ATR(14)
0.0017
Less Volatility
Highs/Lows(14)
-0.0007
Sell
Ultimate Oscillator
33.696
Sell
ROC
-0.821
Sell
Bull/Bear Power(13)
-0.0020
Sell
Buy: 0
Sell: 8
Neutral: 0


Summary:Strong Sell","Jun 17, 2021 09:16PM GMT"
eur_gbp,0.8554 +0.0003    +0.03%,17:17:42,2021-06-17 21:18:11.585504,"Prev. Close: 0.8551
Bid/Ask: 0.8550 / 0.8557
Day's Range: 0.8550 - 0.8557",Strong Sell,"Summary:Strong Sell
Moving Averages:Strong SellBuy (0)Sell (12)
Technical Indicators:Strong SellBuy (1)Sell (7)","Name
S3
S2
S1
Pivot Points
R1
R2
R3
Classic
0.8542
0.8544
0.8549
0.8552
0.8557
0.8560
0.8564
Fibonacci
0.8544
0.8547
0.8549
0.8552
0.8555
0.8557
0.8560
Camarilla
0.8553
0.8554
0.8554
0.8552
0.8556
0.8556
0.8557
Woodie's
0.8544
0.8545
0.8551
0.8553
0.8559
0.8561
0.8566
DeMark's
-
-
0.8551
0.8553
0.8559
-
-","Technical IndicatorsJun 17, 2021 09:17PM GMT
Name
Value
Action
RSI(14)
38.873
Sell
STOCH(9,6)
40.494
Sell
STOCHRSI(14)
75.548
Overbought
MACD(12,26)
-0.001
Sell
ADX(14)
42.089
Sell
Williams %R
-60.000
Sell
CCI(14)
-45.6756
Neutral
ATR(14)
0.0010
Less Volatility
Highs/Lows(14)
0.0000
Neutral
Ultimate Oscillator
54.387
Buy
ROC
-0.012
Sell
Bull/Bear Power(13)
-0.0013
Sell
Buy: 1
Sell: 7
Neutral: 2


Summary:Strong Sell","Jun 17, 2021 09:17PM GMT"
usd_cad,1.2358 -0.0003    -0.03%,17:17:42,2021-06-17 21:18:11.588411,"Prev. Close: 1.2361
Bid/Ask: 1.2356 / 1.2359
Day's Range: 1.2351 - 1.2368",Strong Buy,"Summary:Strong Buy
Moving Averages:BuyBuy (12)Sell (0)
Technical Indicators:Strong BuyBuy (9)Sell (1)","Name
S3
S2
S1
Pivot Points
R1
R2
R3
Classic
1.2342
1.2346
1.2353
1.2357
1.2364
1.2368
1.2375
Fibonacci
1.2346
1.2350
1.2353
1.2357
1.2361
1.2364
1.2368
Camarilla
1.2358
1.2359
1.2360
1.2357
1.2362
1.2363
1.2364
Woodie's
1.2344
1.2347
1.2355
1.2358
1.2366
1.2369
1.2377
DeMark's
-
-
1.2356
1.2358
1.2366
-
-","Technical IndicatorsJun 17, 2021 09:17PM GMT
Name
Value
Action
RSI(14)
71.663
Buy
STOCH(9,6)
75.186
Buy
STOCHRSI(14)
42.088
Sell
MACD(12,26)
0.003
Buy
ADX(14)
45.997
Buy
Williams %R
-21.143
Buy
CCI(14)
113.6454
Buy
ATR(14)
0.0024
Less Volatility
Highs/Lows(14)
0.0010
Buy
Ultimate Oscillator
71.120
Overbought
ROC
0.467
Buy
Bull/Bear Power(13)
0.0039
Buy
Buy: 9
Sell: 1
Neutral: 0


Summary:Strong Buy","Jun 17, 2021 09:17PM GMT"
usd_chf,0.9170 -0.0003    -0.04%,17:17:00,2021-06-17 21:18:11.591303,"Prev. Close: 0.9173
Bid/Ask: 0.9169 / 0.9170
Day's Range: 0.9169 - 0.9183",Strong Buy,"Summary:Strong Buy
Moving Averages:BuyBuy (10)Sell (2)
Technical Indicators:Strong BuyBuy (10)Sell (0)","Name
S3
S2
S1
Pivot Points
R1
R2
R3
Classic
0.9166
0.9170
0.9173
0.9177
0.9180
0.9184
0.9187
Fibonacci
0.9170
0.9173
0.9174
0.9177
0.9180
0.9181
0.9184
Camarilla
0.9173
0.9174
0.9174
0.9177
0.9176
0.9176
0.9177
Woodie's
0.9164
0.9169
0.9171
0.9176
0.9178
0.9183
0.9185
DeMark's
-
-
0.9171
0.9176
0.9178
-
-","Technical IndicatorsJun 17, 2021 09:17PM GMT
Name
Value
Action
RSI(14)
71.009
Buy
STOCH(9,6)
77.932
Buy
STOCHRSI(14)
0.000
Oversold
MACD(12,26)
0.003
Buy
ADX(14)
41.373
Buy
Williams %R
-26.429
Buy
CCI(14)
79.8953
Buy
ATR(14)
0.0016
High Volatility
Highs/Lows(14)
0.0001
Buy
Ultimate Oscillator
61.489
Buy
ROC
0.532
Buy
Bull/Bear Power(13)
0.0031
Buy
Buy: 10
Sell: 0
Neutral: 0


Summary:Strong Buy","Jun 17, 2021 09:17PM GMT"
nzd_chf,0.6424 +0.0005    +0.08%,17:17:42,2021-06-17 21:18:11.594187,"Prev. Close: 0.6419
Bid/Ask: 0.6423 / 0.6425
Day's Range: 0.6422 - 0.6430",Sell,"Summary:Sell
Moving Averages:NeutralBuy (6)Sell (6)
Technical Indicators:Strong SellBuy (2)Sell (6)","Name
S3
S2
S1
Pivot Points
R1
R2
R3
Classic
0.6411
0.6417
0.6420
0.6426
0.6429
0.6435
0.6438
Fibonacci
0.6417
0.6420
0.6423
0.6426
0.6429
0.6432
0.6435
Camarilla
0.6421
0.6421
0.6422
0.6426
0.6424
0.6425
0.6425
Woodie's
0.6409
0.6416
0.6418
0.6425
0.6427
0.6434
0.6436
DeMark's
-
-
0.6419
0.6425
0.6427
-
-","Technical IndicatorsJun 17, 2021 09:17PM GMT
Name
Value
Action
RSI(14)
49.483
Neutral
STOCH(9,6)
58.782
Buy
STOCHRSI(14)
39.471
Sell
MACD(12,26)
0.000
Buy
ADX(14)
32.380
Sell
Williams %R
-60.216
Sell
CCI(14)
-24.5565
Neutral
ATR(14)
0.0012
Less Volatility
Highs/Lows(14)
0.0000
Neutral
Ultimate Oscillator
39.936
Sell
ROC
-0.310
Sell
Bull/Bear Power(13)
-0.0009
Sell
Buy: 2
Sell: 6
Neutral: 3


Summary:Strong Sell","Jun 17, 2021 09:17PM GMT"
usd_cny,6.4484 +0.0515    +0.80%,11:27:22,2021-06-17 21:18:11.597078,"Prev. Close: 6.3969
Bid/Ask: 6.4477 / 6.4490
Day's Range: 6.3972 - 6.4494",Strong Buy,"Summary:Strong Buy
Moving Averages:BuyBuy (12)Sell (0)
Technical Indicators:Strong BuyBuy (7)Sell (0)","Name
S3
S2
S1
Pivot Points
R1
R2
R3
Classic
6.4380
6.4399
6.4436
6.4455
6.4492
6.4511
6.4548
Fibonacci
6.4399
6.4420
6.4434
6.4455
6.4476
6.4490
6.4511
Camarilla
6.4458
6.4463
6.4468
6.4455
6.4479
6.4484
6.4489
Woodie's
6.4390
6.4404
6.4446
6.4460
6.4502
6.4516
6.4558
DeMark's
-
-
6.4446
6.4460
6.4502
-
-","Technical IndicatorsJun 17, 2021 03:34PM GMT
Name
Value
Action
RSI(14)
85.433
Overbought
STOCH(9,6)
77.649
Buy
STOCHRSI(14)
100.000
Overbought
MACD(12,26)
0.011
Buy
ADX(14)
61.337
Buy
Williams %R
-3.426
Overbought
CCI(14)
151.8010
Buy
ATR(14)
0.0041
Less Volatility
Highs/Lows(14)
0.0141
Buy
Ultimate Oscillator
82.973
Overbought
ROC
0.391
Buy
Bull/Bear Power(13)
0.0286
Buy
Buy: 7
Sell: 0
Neutral: 0


Summary:Strong Buy","Jun 17, 2021 03:34PM GMT"
usd_hkd,7.7646 +0.0001    +0.00%,17:17:28,2021-06-17 21:18:11.599971,"Prev. Close: 7.7644
Bid/Ask: 7.7643 / 7.7648
Day's Range: 7.7644 - 7.7650",Strong Buy,"Summary:Strong Buy
Moving Averages:BuyBuy (12)Sell (0)
Technical Indicators:Strong BuyBuy (7)Sell (2)","Name
S3
S2
S1
Pivot Points
R1
R2
R3
Classic
7.7632
7.7636
7.7641
7.7645
7.7649
7.7654
7.7658
Fibonacci
7.7636
7.7639
7.7642
7.7645
7.7648
7.7651
7.7654
Camarilla
7.7642
7.7643
7.7644
7.7645
7.7645
7.7646
7.7647
Woodie's
7.7632
7.7636
7.7641
7.7645
7.7649
7.7654
7.7658
DeMark's
-
-
7.7638
7.7644
7.7647
-
-","Technical IndicatorsJun 17, 2021 09:17PM GMT
Name
Value
Action
RSI(14)
56.856
Buy
STOCH(9,6)
58.371
Buy
STOCHRSI(14)
44.626
Sell
MACD(12,26)
0.000
Buy
ADX(14)
33.915
Sell
Williams %R
-36.838
Buy
CCI(14)
46.2567
Neutral
ATR(14)
0.0009
Less Volatility
Highs/Lows(14)
0.0000
Neutral
Ultimate Oscillator
57.076
Buy
ROC
0.003
Buy
Bull/Bear Power(13)
0.0013
Buy
Buy: 7
Sell: 2
Neutral: 2


Summary:Strong Buy","Jun 17, 2021 09:17PM GMT"
eur_usd,1.1907 +0.0001    +0.01%,17:18:52,2021-06-17 21:19:10.696014,"Prev. Close: 1.1906
Bid/Ask: 1.1906 / 1.1908
Day's Range: 1.1906 - 1.1909",Strong Sell,"Summary:Strong Sell
Moving Averages:Strong SellBuy (0)Sell (12)
Technical Indicators:Strong SellBuy (0)Sell (9)","Name
S3
S2
S1
Pivot Points
R1
R2
R3
Classic
1.1893
1.1897
1.1902
1.1906
1.1911
1.1915
1.1921
Fibonacci
1.1897
1.1900
1.1902
1.1906
1.1910
1.1912
1.1915
Camarilla
1.1905
1.1906
1.1907
1.1906
1.1908
1.1909
1.1910
Woodie's
1.1893
1.1897
1.1902
1.1906
1.1911
1.1915
1.1921
DeMark's
-
-
1.1904
1.1907
1.1913
-
-","Technical IndicatorsJun 17, 2021 09:17PM GMT
Name
Value
Action
RSI(14)
27.878
Sell
STOCH(9,6)
23.563
Sell
STOCHRSI(14)
98.347
Overbought
MACD(12,26)
-0.004
Sell
ADX(14)
42.257
Sell
Williams %R
-80.001
Oversold
CCI(14)
-93.2392
Sell
ATR(14)
0.0018
Less Volatility
Highs/Lows(14)
-0.0010
Sell
Ultimate Oscillator
33.035
Sell
ROC
-0.406
Sell
Bull/Bear Power(13)
-0.0025
Sell
Buy: 0
Sell: 9
Neutral: 0


Summary:Strong Sell","Jun 17, 2021 09:17PM GMT"
gbp_usd,1.3922 +0.0003    +0.02%,17:18:42,2021-06-17 21:19:10.699902,"Prev. Close: 1.3919
Bid/Ask: 1.3918 / 1.3925
Day's Range: 1.3915 - 1.3927",Strong Sell,"Summary:Strong Sell
Moving Averages:Strong SellBuy (0)Sell (12)
Technical Indicators:Strong SellBuy (0)Sell (10)","Name
S3
S2
S1
Pivot Points
R1
R2
R3
Classic
1.3912
1.3916
1.3921
1.3925
1.3930
1.3934
1.3940
Fibonacci
1.3916
1.3919
1.3922
1.3925
1.3928
1.3931
1.3934
Camarilla
1.3924
1.3925
1.3926
1.3925
1.3927
1.3928
1.3929
Woodie's
1.3912
1.3916
1.3921
1.3925
1.3930
1.3934
1.3940
DeMark's
-
-
1.3923
1.3926
1.3932
-
-","Technical IndicatorsJun 17, 2021 09:17PM GMT
Name
Value
Action
RSI(14)
35.741
Sell
STOCH(9,6)
31.491
Sell
STOCHRSI(14)
92.698
Overbought
MACD(12,26)
-0.003
Sell
ADX(14)
39.699
Sell
Williams %R
-73.738
Sell
CCI(14)
-77.0334
Sell
ATR(14)
0.0024
Less Volatility
Highs/Lows(14)
-0.0005
Sell
Ultimate Oscillator
35.018
Sell
ROC
-0.379
Sell
Bull/Bear Power(13)
-0.0020
Sell
Buy: 0
Sell: 10
Neutral: 0


Summary:Strong Sell","Jun 17, 2021 09:17PM GMT"
usd_jpy,110.25 +0.04    +0.04%,17:18:37,2021-06-17 21:19:10.702958,"Prev. Close: 110.20
Bid/Ask: 110.23 / 110.26
Day's Range: 110.17 - 110.83",Strong Sell,"Summary:Strong Sell
Moving Averages:SellBuy (5)Sell (7)
Technical Indicators:Strong SellBuy (0)Sell (7)","Name
S3
S2
S1
Pivot Points
R1
R2
R3
Classic
110.11
110.16
110.19
110.24
110.27
110.32
110.34
Fibonacci
110.16
110.19
110.21
110.24
110.27
110.29
110.32
Camarilla
110.19
110.20
110.21
110.24
110.22
110.23
110.24
Woodie's
110.09
110.15
110.17
110.23
110.25
110.31
110.32
DeMark's
-
-
110.17
110.23
110.25
-
-","Technical IndicatorsJun 17, 2021 09:16PM GMT
Name
Value
Action
RSI(14)
42.404
Sell
STOCH(9,6)
16.287
Oversold
STOCHRSI(14)
15.083
Oversold
MACD(12,26)
-0.030
Sell
ADX(14)
33.514
Sell
Williams %R
-85.714
Oversold
CCI(14)
-76.8936
Sell
ATR(14)
0.1232
Less Volatility
Highs/Lows(14)
-0.1021
Sell
Ultimate Oscillator
49.780
Neutral
ROC
-0.294
Sell
Bull/Bear Power(13)
-0.2720
Sell
Buy: 0
Sell: 7
Neutral: 1


Summary:Strong Sell","Jun 17, 2021 09:16PM GMT"
aud_usd,0.7554 +0.0003    +0.05%,17:18:42,2021-06-17 21:19:10.705884,"Prev. Close: 0.7550
Bid/Ask: 0.7551 / 0.7556
Day's Range: 0.7547 - 0.7557",Strong Sell,"Summary:Strong Sell
Moving Averages:SellBuy (2)Sell (10)
Technical Indicators:Strong SellBuy (0)Sell (8)","Name
S3
S2
S1
Pivot Points
R1
R2
R3
Classic
0.7541
0.7544
0.7548
0.7551
0.7555
0.7558
0.7562
Fibonacci
0.7544
0.7547
0.7548
0.7551
0.7554
0.7555
0.7558
Camarilla
0.7549
0.7550
0.7550
0.7551
0.7552
0.7552
0.7553
Woodie's
0.7541
0.7544
0.7548
0.7551
0.7555
0.7558
0.7562
DeMark's
-
-
0.7549
0.7551
0.7556
-
-","Technical IndicatorsJun 17, 2021 09:16PM GMT
Name
Value
Action
RSI(14)
29.017
Sell
STOCH(9,6)
19.084
Oversold
STOCHRSI(14)
100.000
Overbought
MACD(12,26)
-0.003
Sell
ADX(14)
55.201
Sell
Williams %R
-85.030
Oversold
CCI(14)
-88.7795
Sell
ATR(14)
0.0017
Less Volatility
Highs/Lows(14)
-0.0007
Sell
Ultimate Oscillator
33.696
Sell
ROC
-0.821
Sell
Bull/Bear Power(13)
-0.0020
Sell
Buy: 0
Sell: 8
Neutral: 0


Summary:Strong Sell","Jun 17, 2021 09:16PM GMT"
eur_gbp,0.8553 +0.0002    +0.02%,17:18:53,2021-06-17 21:19:10.708784,"Prev. Close: 0.8551
Bid/Ask: 0.8551 / 0.8555
Day's Range: 0.8550 - 0.8557",Strong Sell,"Summary:Strong Sell
Moving Averages:Strong SellBuy (0)Sell (12)
Technical Indicators:Strong SellBuy (1)Sell (7)","Name
S3
S2
S1
Pivot Points
R1
R2
R3
Classic
0.8542
0.8544
0.8549
0.8552
0.8557
0.8560
0.8564
Fibonacci
0.8544
0.8547
0.8549
0.8552
0.8555
0.8557
0.8560
Camarilla
0.8553
0.8554
0.8554
0.8552
0.8556
0.8556
0.8557
Woodie's
0.8544
0.8545
0.8551
0.8553
0.8559
0.8561
0.8566
DeMark's
-
-
0.8551
0.8553
0.8559
-
-","Technical IndicatorsJun 17, 2021 09:17PM GMT
Name
Value
Action
RSI(14)
38.873
Sell
STOCH(9,6)
40.494
Sell
STOCHRSI(14)
75.548
Overbought
MACD(12,26)
-0.001
Sell
ADX(14)
42.089
Sell
Williams %R
-60.000
Sell
CCI(14)
-45.6756
Neutral
ATR(14)
0.0010
Less Volatility
Highs/Lows(14)
0.0000
Neutral
Ultimate Oscillator
54.387
Buy
ROC
-0.012
Sell
Bull/Bear Power(13)
-0.0013
Sell
Buy: 1
Sell: 7
Neutral: 2


Summary:Strong Sell","Jun 17, 2021 09:17PM GMT"
usd_cad,1.2356 -0.0005    -0.04%,17:18:46,2021-06-17 21:19:10.711734,"Prev. Close: 1.2361
Bid/Ask: 1.2354 / 1.2358
Day's Range: 1.2351 - 1.2368",Strong Buy,"Summary:Strong Buy
Moving Averages:BuyBuy (12)Sell (0)
Technical Indicators:Strong BuyBuy (9)Sell (1)","Name
S3
S2
S1
Pivot Points
R1
R2
R3
Classic
1.2342
1.2346
1.2353
1.2357
1.2364
1.2368
1.2375
Fibonacci
1.2346
1.2350
1.2353
1.2357
1.2361
1.2364
1.2368
Camarilla
1.2358
1.2359
1.2360
1.2357
1.2362
1.2363
1.2364
Woodie's
1.2344
1.2347
1.2355
1.2358
1.2366
1.2369
1.2377
DeMark's
-
-
1.2356
1.2358
1.2366
-
-","Technical IndicatorsJun 17, 2021 09:17PM GMT
Name
Value
Action
RSI(14)
71.663
Buy
STOCH(9,6)
75.186
Buy
STOCHRSI(14)
42.088
Sell
MACD(12,26)
0.003
Buy
ADX(14)
45.997
Buy
Williams %R
-21.143
Buy
CCI(14)
113.6454
Buy
ATR(14)
0.0024
Less Volatility
Highs/Lows(14)
0.0010
Buy
Ultimate Oscillator
71.120
Overbought
ROC
0.467
Buy
Bull/Bear Power(13)
0.0039
Buy
Buy: 9
Sell: 1
Neutral: 0


Summary:Strong Buy","Jun 17, 2021 09:17PM GMT"
usd_chf,0.9176 +0.0003    +0.03%,17:18:46,2021-06-17 21:19:10.714621,"Prev. Close: 0.9173
Bid/Ask: 0.9174 / 0.9177
Day's Range: 0.9169 - 0.9183",Strong Buy,"Summary:Strong Buy
Moving Averages:BuyBuy (10)Sell (2)
Technical Indicators:Strong BuyBuy (10)Sell (0)","Name
S3
S2
S1
Pivot Points
R1
R2
R3
Classic
0.9166
0.9170
0.9173
0.9177
0.9180
0.9184
0.9187
Fibonacci
0.9170
0.9173
0.9174
0.9177
0.9180
0.9181
0.9184
Camarilla
0.9173
0.9174
0.9174
0.9177
0.9176
0.9176
0.9177
Woodie's
0.9164
0.9169
0.9171
0.9176
0.9178
0.9183
0.9185
DeMark's
-
-
0.9171
0.9176
0.9178
-
-","Technical IndicatorsJun 17, 2021 09:17PM GMT
Name
Value
Action
RSI(14)
71.009
Buy
STOCH(9,6)
77.932
Buy
STOCHRSI(14)
0.000
Oversold
MACD(12,26)
0.003
Buy
ADX(14)
41.373
Buy
Williams %R
-26.429
Buy
CCI(14)
79.8953
Buy
ATR(14)
0.0016
High Volatility
Highs/Lows(14)
0.0001
Buy
Ultimate Oscillator
61.489
Buy
ROC
0.532
Buy
Bull/Bear Power(13)
0.0031
Buy
Buy: 10
Sell: 0
Neutral: 0


Summary:Strong Buy","Jun 17, 2021 09:17PM GMT"
nzd_chf,0.6430 +0.0011    +0.17%,17:18:54,2021-06-17 21:19:10.717511,"Prev. Close: 0.6419
Bid/Ask: 0.6427 / 0.6433
Day's Range: 0.6422 - 0.6430",Sell,"Summary:Sell
Moving Averages:NeutralBuy (6)Sell (6)
Technical Indicators:Strong SellBuy (2)Sell (6)","Name
S3
S2
S1
Pivot Points
R1
R2
R3
Classic
0.6411
0.6417
0.6420
0.6426
0.6429
0.6435
0.6438
Fibonacci
0.6417
0.6420
0.6423
0.6426
0.6429
0.6432
0.6435
Camarilla
0.6421
0.6421
0.6422
0.6426
0.6424
0.6425
0.6425
Woodie's
0.6409
0.6416
0.6418
0.6425
0.6427
0.6434
0.6436
DeMark's
-
-
0.6419
0.6425
0.6427
-
-","Technical IndicatorsJun 17, 2021 09:17PM GMT
Name
Value
Action
RSI(14)
49.483
Neutral
STOCH(9,6)
58.782
Buy
STOCHRSI(14)
39.471
Sell
MACD(12,26)
0.000
Buy
ADX(14)
32.380
Sell
Williams %R
-60.216
Sell
CCI(14)
-24.5565
Neutral
ATR(14)
0.0012
Less Volatility
Highs/Lows(14)
0.0000
Neutral
Ultimate Oscillator
39.936
Sell
ROC
-0.310
Sell
Bull/Bear Power(13)
-0.0009
Sell
Buy: 2
Sell: 6
Neutral: 3


Summary:Strong Sell","Jun 17, 2021 09:17PM GMT"
usd_cny,6.4484 +0.0515    +0.80%,11:27:22,2021-06-17 21:19:10.720432,"Prev. Close: 6.3969
Bid/Ask: 6.4477 / 6.4490
Day's Range: 6.3972 - 6.4494",Strong Buy,"Summary:Strong Buy
Moving Averages:BuyBuy (12)Sell (0)
Technical Indicators:Strong BuyBuy (7)Sell (0)","Name
S3
S2
S1
Pivot Points
R1
R2
R3
Classic
6.4380
6.4399
6.4436
6.4455
6.4492
6.4511
6.4548
Fibonacci
6.4399
6.4420
6.4434
6.4455
6.4476
6.4490
6.4511
Camarilla
6.4458
6.4463
6.4468
6.4455
6.4479
6.4484
6.4489
Woodie's
6.4390
6.4404
6.4446
6.4460
6.4502
6.4516
6.4558
DeMark's
-
-
6.4446
6.4460
6.4502
-
-","Technical IndicatorsJun 17, 2021 03:34PM GMT
Name
Value
Action
RSI(14)
85.433
Overbought
STOCH(9,6)
77.649
Buy
STOCHRSI(14)
100.000
Overbought
MACD(12,26)
0.011
Buy
ADX(14)
61.337
Buy
Williams %R
-3.426
Overbought
CCI(14)
151.8010
Buy
ATR(14)
0.0041
Less Volatility
Highs/Lows(14)
0.0141
Buy
Ultimate Oscillator
82.973
Overbought
ROC
0.391
Buy
Bull/Bear Power(13)
0.0286
Buy
Buy: 7
Sell: 0
Neutral: 0


Summary:Strong Buy","Jun 17, 2021 03:34PM GMT"
usd_hkd,7.7646 +0.0001    +0.00%,17:18:29,2021-06-17 21:19:10.723347,"Prev. Close: 7.7644
Bid/Ask: 7.7643 / 7.7648
Day's Range: 7.7644 - 7.7650",Strong Buy,"Summary:Strong Buy
Moving Averages:BuyBuy (12)Sell (0)
Technical Indicators:Strong BuyBuy (7)Sell (2)","Name
S3
S2
S1
Pivot Points
R1
R2
R3
Classic
7.7632
7.7636
7.7641
7.7645
7.7649
7.7654
7.7658
Fibonacci
7.7636
7.7639
7.7642
7.7645
7.7648
7.7651
7.7654
Camarilla
7.7642
7.7643
7.7644
7.7645
7.7645
7.7646
7.7647
Woodie's
7.7632
7.7636
7.7641
7.7645
7.7649
7.7654
7.7658
DeMark's
-
-
7.7638
7.7644
7.7647
-
-","Technical IndicatorsJun 17, 2021 09:17PM GMT
Name
Value
Action
RSI(14)
56.856
Buy
STOCH(9,6)
58.371
Buy
STOCHRSI(14)
44.626
Sell
MACD(12,26)
0.000
Buy
ADX(14)
33.915
Sell
Williams %R
-36.838
Buy
CCI(14)
46.2567
Neutral
ATR(14)
0.0009
Less Volatility
Highs/Lows(14)
0.0000
Neutral
Ultimate Oscillator
57.076
Buy
ROC
0.003
Buy
Bull/Bear Power(13)
0.0013
Buy
Buy: 7
Sell: 2
Neutral: 2


Summary:Strong Buy","Jun 17, 2021 09:17PM GMT"
eur_usd,1.1907 +0.0001    +0.01%,17:19:39,2021-06-17 21:20:10.451514,"Prev. Close: 1.1906
Bid/Ask: 1.1906 / 1.1908
Day's Range: 1.1906 - 1.1909",Strong Sell,"Summary:Strong Sell
Moving Averages:Strong SellBuy (0)Sell (12)
Technical Indicators:Strong SellBuy (0)Sell (9)","Name
S3
S2
S1
Pivot Points
R1
R2
R3
Classic
1.1893
1.1897
1.1902
1.1906
1.1911
1.1915
1.1921
Fibonacci
1.1897
1.1900
1.1902
1.1906
1.1910
1.1912
1.1915
Camarilla
1.1905
1.1906
1.1907
1.1906
1.1908
1.1909
1.1910
Woodie's
1.1893
1.1897
1.1902
1.1906
1.1911
1.1915
1.1921
DeMark's
-
-
1.1904
1.1907
1.1913
-
-","Technical IndicatorsJun 17, 2021 09:19PM GMT
Name
Value
Action
RSI(14)
27.878
Sell
STOCH(9,6)
23.563
Sell
STOCHRSI(14)
98.347
Overbought
MACD(12,26)
-0.004
Sell
ADX(14)
42.257
Sell
Williams %R
-80.001
Oversold
CCI(14)
-93.2392
Sell
ATR(14)
0.0018
Less Volatility
Highs/Lows(14)
-0.0010
Sell
Ultimate Oscillator
33.035
Sell
ROC
-0.406
Sell
Bull/Bear Power(13)
-0.0025
Sell
Buy: 0
Sell: 9
Neutral: 0


Summary:Strong Sell","Jun 17, 2021 09:19PM GMT"
gbp_usd,1.3928 +0.0009    +0.06%,17:19:34,2021-06-17 21:20:10.455435,"Prev. Close: 1.3919
Bid/Ask: 1.3926 / 1.3930
Day's Range: 1.3915 - 1.3928",Strong Sell,"Summary:Strong Sell
Moving Averages:Strong SellBuy (0)Sell (12)
Technical Indicators:Strong SellBuy (0)Sell (10)","Name
S3
S2
S1
Pivot Points
R1
R2
R3
Classic
1.3912
1.3916
1.3921
1.3925
1.3930
1.3934
1.3940
Fibonacci
1.3916
1.3919
1.3922
1.3925
1.3928
1.3931
1.3934
Camarilla
1.3924
1.3925
1.3926
1.3925
1.3927
1.3928
1.3929
Woodie's
1.3912
1.3916
1.3921
1.3925
1.3930
1.3934
1.3940
DeMark's
-
-
1.3923
1.3926
1.3932
-
-","Technical IndicatorsJun 17, 2021 09:19PM GMT
Name
Value
Action
RSI(14)
35.635
Sell
STOCH(9,6)
31.366
Sell
STOCHRSI(14)
91.917
Overbought
MACD(12,26)
-0.003
Sell
ADX(14)
39.699
Sell
Williams %R
-74.242
Sell
CCI(14)
-77.5840
Sell
ATR(14)
0.0024
Less Volatility
Highs/Lows(14)
-0.0005
Sell
Ultimate Oscillator
34.762
Sell
ROC
-0.383
Sell
Bull/Bear Power(13)
-0.0020
Sell
Buy: 0
Sell: 10
Neutral: 0


Summary:Strong Sell","Jun 17, 2021 09:19PM GMT"
usd_jpy,110.25 +0.04    +0.04%,17:19:30,2021-06-17 21:20:10.458673,"Prev. Close: 110.20
Bid/Ask: 110.23 / 110.26
Day's Range: 110.17 - 110.83",Strong Sell,"Summary:Strong Sell
Moving Averages:SellBuy (5)Sell (7)
Technical Indicators:Strong SellBuy (0)Sell (8)","Name
S3
S2
S1
Pivot Points
R1
R2
R3
Classic
110.11
110.16
110.19
110.24
110.27
110.32
110.34
Fibonacci
110.16
110.19
110.21
110.24
110.27
110.29
110.32
Camarilla
110.19
110.20
110.21
110.24
110.22
110.23
110.24
Woodie's
110.09
110.15
110.17
110.23
110.25
110.31
110.32
DeMark's
-
-
110.17
110.23
110.25
-
-","Technical IndicatorsJun 17, 2021 09:18PM GMT
Name
Value
Action
RSI(14)
41.756
Sell
STOCH(9,6)
15.775
Oversold
STOCHRSI(14)
12.722
Oversold
MACD(12,26)
-0.030
Sell
ADX(14)
33.514
Sell
Williams %R
-87.394
Oversold
CCI(14)
-78.0185
Sell
ATR(14)
0.1232
Less Volatility
Highs/Lows(14)
-0.1121
Sell
Ultimate Oscillator
48.711
Sell
ROC
-0.303
Sell
Bull/Bear Power(13)
-0.2680
Sell
Buy: 0
Sell: 8
Neutral: 0


Summary:Strong Sell","Jun 17, 2021 09:18PM GMT"
aud_usd,0.7554 +0.0004    +0.05%,17:19:42,2021-06-17 21:20:10.461673,"Prev. Close: 0.7550
Bid/Ask: 0.7552 / 0.7556
Day's Range: 0.7547 - 0.7557",Strong Sell,"Summary:Strong Sell
Moving Averages:SellBuy (2)Sell (10)
Technical Indicators:Strong SellBuy (0)Sell (9)","Name
S3
S2
S1
Pivot Points
R1
R2
R3
Classic
0.7541
0.7544
0.7548
0.7551
0.7555
0.7558
0.7562
Fibonacci
0.7544
0.7547
0.7548
0.7551
0.7554
0.7555
0.7558
Camarilla
0.7549
0.7550
0.7550
0.7551
0.7552
0.7552
0.7553
Woodie's
0.7541
0.7544
0.7548
0.7551
0.7555
0.7558
0.7562
DeMark's
-
-
0.7549
0.7551
0.7556
-
-","Technical IndicatorsJun 17, 2021 09:18PM GMT
Name
Value
Action
RSI(14)
31.713
Sell
STOCH(9,6)
20.353
Sell
STOCHRSI(14)
100.000
Overbought
MACD(12,26)
-0.003
Sell
ADX(14)
52.645
Sell
Williams %R
-80.240
Oversold
CCI(14)
-78.7385
Sell
ATR(14)
0.0017
Less Volatility
Highs/Lows(14)
-0.0003
Sell
Ultimate Oscillator
35.818
Sell
ROC
-0.768
Sell
Bull/Bear Power(13)
-0.0037
Sell
Buy: 0
Sell: 9
Neutral: 0


Summary:Strong Sell","Jun 17, 2021 09:18PM GMT"
eur_gbp,0.8551 -0.0001    -0.01%,17:19:44,2021-06-17 21:20:10.464604,"Prev. Close: 0.8551
Bid/Ask: 0.8549 / 0.8552
Day's Range: 0.8549 - 0.8557",Strong Sell,"Summary:Strong Sell
Moving Averages:Strong SellBuy (0)Sell (12)
Technical Indicators:Strong SellBuy (1)Sell (7)","Name
S3
S2
S1
Pivot Points
R1
R2
R3
Classic
0.8542
0.8544
0.8549
0.8552
0.8557
0.8560
0.8564
Fibonacci
0.8544
0.8547
0.8549
0.8552
0.8555
0.8557
0.8560
Camarilla
0.8553
0.8554
0.8554
0.8552
0.8556
0.8556
0.8557
Woodie's
0.8544
0.8545
0.8551
0.8553
0.8559
0.8561
0.8566
DeMark's
-
-
0.8551
0.8553
0.8559
-
-","Technical IndicatorsJun 17, 2021 09:17PM GMT
Name
Value
Action
RSI(14)
38.873
Sell
STOCH(9,6)
40.494
Sell
STOCHRSI(14)
75.548
Overbought
MACD(12,26)
-0.001
Sell
ADX(14)
42.089
Sell
Williams %R
-60.000
Sell
CCI(14)
-45.6756
Neutral
ATR(14)
0.0010
Less Volatility
Highs/Lows(14)
0.0000
Neutral
Ultimate Oscillator
54.387
Buy
ROC
-0.012
Sell
Bull/Bear Power(13)
-0.0013
Sell
Buy: 1
Sell: 7
Neutral: 2


Summary:Strong Sell","Jun 17, 2021 09:17PM GMT"
usd_cad,1.2355 -0.0006    -0.05%,17:19:42,2021-06-17 21:20:10.467516,"Prev. Close: 1.2361
Bid/Ask: 1.2353 / 1.2357
Day's Range: 1.2351 - 1.2368",Strong Buy,"Summary:Strong Buy
Moving Averages:BuyBuy (12)Sell (0)
Technical Indicators:Strong BuyBuy (9)Sell (1)","Name
S3
S2
S1
Pivot Points
R1
R2
R3
Classic
1.2342
1.2346
1.2353
1.2357
1.2364
1.2368
1.2375
Fibonacci
1.2346
1.2350
1.2353
1.2357
1.2361
1.2364
1.2368
Camarilla
1.2358
1.2359
1.2360
1.2357
1.2362
1.2363
1.2364
Woodie's
1.2344
1.2347
1.2355
1.2358
1.2366
1.2369
1.2377
DeMark's
-
-
1.2356
1.2358
1.2366
-
-","Technical IndicatorsJun 17, 2021 09:17PM GMT
Name
Value
Action
RSI(14)
71.663
Buy
STOCH(9,6)
75.186
Buy
STOCHRSI(14)
42.088
Sell
MACD(12,26)
0.003
Buy
ADX(14)
45.997
Buy
Williams %R
-21.143
Buy
CCI(14)
113.6454
Buy
ATR(14)
0.0024
Less Volatility
Highs/Lows(14)
0.0010
Buy
Ultimate Oscillator
71.120
Overbought
ROC
0.467
Buy
Bull/Bear Power(13)
0.0039
Buy
Buy: 9
Sell: 1
Neutral: 0


Summary:Strong Buy","Jun 17, 2021 09:17PM GMT"
usd_chf,0.9179 +0.0006    +0.06%,17:19:20,2021-06-17 21:20:10.470438,"Prev. Close: 0.9173
Bid/Ask: 0.9177 / 0.9180
Day's Range: 0.9169 - 0.9183",Strong Buy,"Summary:Strong Buy
Moving Averages:BuyBuy (10)Sell (2)
Technical Indicators:Strong BuyBuy (10)Sell (0)","Name
S3
S2
S1
Pivot Points
R1
R2
R3
Classic
0.9166
0.9170
0.9173
0.9177
0.9180
0.9184
0.9187
Fibonacci
0.9170
0.9173
0.9174
0.9177
0.9180
0.9181
0.9184
Camarilla
0.9173
0.9174
0.9174
0.9177
0.9176
0.9176
0.9177
Woodie's
0.9164
0.9169
0.9171
0.9176
0.9178
0.9183
0.9185
DeMark's
-
-
0.9171
0.9176
0.9178
-
-","Technical IndicatorsJun 17, 2021 09:17PM GMT
Name
Value
Action
RSI(14)
71.009
Buy
STOCH(9,6)
77.932
Buy
STOCHRSI(14)
0.000
Oversold
MACD(12,26)
0.003
Buy
ADX(14)
41.373
Buy
Williams %R
-26.429
Buy
CCI(14)
79.8953
Buy
ATR(14)
0.0016
High Volatility
Highs/Lows(14)
0.0001
Buy
Ultimate Oscillator
61.489
Buy
ROC
0.532
Buy
Bull/Bear Power(13)
0.0031
Buy
Buy: 10
Sell: 0
Neutral: 0


Summary:Strong Buy","Jun 17, 2021 09:17PM GMT"
nzd_chf,0.6432 +0.0013    +0.20%,17:19:42,2021-06-17 21:20:10.473332,"Prev. Close: 0.6419
Bid/Ask: 0.6430 / 0.6434
Day's Range: 0.6422 - 0.6432",Neutral,"Summary:Neutral
Moving Averages:BuyBuy (10)Sell (2)
Technical Indicators:SellBuy (3)Sell (4)","Name
S3
S2
S1
Pivot Points
R1
R2
R3
Classic
0.6411
0.6417
0.6420
0.6426
0.6429
0.6435
0.6438
Fibonacci
0.6417
0.6420
0.6423
0.6426
0.6429
0.6432
0.6435
Camarilla
0.6421
0.6421
0.6422
0.6426
0.6424
0.6425
0.6425
Woodie's
0.6409
0.6416
0.6418
0.6425
0.6427
0.6434
0.6436
DeMark's
-
-
0.6419
0.6425
0.6427
-
-","Technical IndicatorsJun 17, 2021 09:19PM GMT
Name
Value
Action
RSI(14)
53.914
Neutral
STOCH(9,6)
62.628
Buy
STOCHRSI(14)
56.455
Buy
MACD(12,26)
0.000
Buy
ADX(14)
32.257
Sell
Williams %R
-47.312
Neutral
CCI(14)
-0.3796
Neutral
ATR(14)
0.0012
Less Volatility
Highs/Lows(14)
0.0000
Neutral
Ultimate Oscillator
46.401
Sell
ROC
-0.217
Sell
Bull/Bear Power(13)
-0.0007
Sell
Buy: 3
Sell: 4
Neutral: 4


Summary:Sell","Jun 17, 2021 09:19PM GMT"
usd_cny,6.4484 +0.0515    +0.80%,11:27:22,2021-06-17 21:20:10.476252,"Prev. Close: 6.3969
Bid/Ask: 6.4477 / 6.4490
Day's Range: 6.3972 - 6.4494",Strong Buy,"Summary:Strong Buy
Moving Averages:BuyBuy (12)Sell (0)
Technical Indicators:Strong BuyBuy (7)Sell (0)","Name
S3
S2
S1
Pivot Points
R1
R2
R3
Classic
6.4380
6.4399
6.4436
6.4455
6.4492
6.4511
6.4548
Fibonacci
6.4399
6.4420
6.4434
6.4455
6.4476
6.4490
6.4511
Camarilla
6.4458
6.4463
6.4468
6.4455
6.4479
6.4484
6.4489
Woodie's
6.4390
6.4404
6.4446
6.4460
6.4502
6.4516
6.4558
DeMark's
-
-
6.4446
6.4460
6.4502
-
-","Technical IndicatorsJun 17, 2021 03:34PM GMT
Name
Value
Action
RSI(14)
85.433
Overbought
STOCH(9,6)
77.649
Buy
STOCHRSI(14)
100.000
Overbought
MACD(12,26)
0.011
Buy
ADX(14)
61.337
Buy
Williams %R
-3.426
Overbought
CCI(14)
151.8010
Buy
ATR(14)
0.0041
Less Volatility
Highs/Lows(14)
0.0141
Buy
Ultimate Oscillator
82.973
Overbought
ROC
0.391
Buy
Bull/Bear Power(13)
0.0286
Buy
Buy: 7
Sell: 0
Neutral: 0


Summary:Strong Buy","Jun 17, 2021 03:34PM GMT"
usd_hkd,7.7649 +0.0004    +0.01%,17:19:37,2021-06-17 21:20:10.479170,"Prev. Close: 7.7644
Bid/Ask: 7.7648 / 7.7649
Day's Range: 7.7644 - 7.7650",Strong Buy,"Summary:Strong Buy
Moving Averages:BuyBuy (12)Sell (0)
Technical Indicators:Strong BuyBuy (7)Sell (2)","Name
S3
S2
S1
Pivot Points
R1
R2
R3
Classic
7.7632
7.7636
7.7641
7.7645
7.7649
7.7654
7.7658
Fibonacci
7.7636
7.7639
7.7642
7.7645
7.7648
7.7651
7.7654
Camarilla
7.7642
7.7643
7.7644
7.7645
7.7645
7.7646
7.7647
Woodie's
7.7632
7.7636
7.7641
7.7645
7.7649
7.7654
7.7658
DeMark's
-
-
7.7638
7.7644
7.7647
-
-","Technical IndicatorsJun 17, 2021 09:19PM GMT
Name
Value
Action
RSI(14)
56.856
Buy
STOCH(9,6)
58.371
Buy
STOCHRSI(14)
44.626
Sell
MACD(12,26)
0.000
Buy
ADX(14)
33.915
Sell
Williams %R
-36.838
Buy
CCI(14)
46.2567
Neutral
ATR(14)
0.0009
Less Volatility
Highs/Lows(14)
0.0000
Neutral
Ultimate Oscillator
57.076
Buy
ROC
0.003
Buy
Bull/Bear Power(13)
0.0013
Buy
Buy: 7
Sell: 2
Neutral: 2


Summary:Strong Buy","Jun 17, 2021 09:19PM GMT"
eur_usd,1.1907 +0.0001    +0.01%,17:20:49,2021-06-17 21:21:11.098394,"Prev. Close: 1.1906
Bid/Ask: 1.1906 / 1.1908
Day's Range: 1.1906 - 1.1909",Strong Sell,"Summary:Strong Sell
Moving Averages:Strong SellBuy (0)Sell (12)
Technical Indicators:Strong SellBuy (0)Sell (9)","Name
S3
S2
S1
Pivot Points
R1
R2
R3
Classic
1.1893
1.1897
1.1902
1.1906
1.1911
1.1915
1.1921
Fibonacci
1.1897
1.1900
1.1902
1.1906
1.1910
1.1912
1.1915
Camarilla
1.1905
1.1906
1.1907
1.1906
1.1908
1.1909
1.1910
Woodie's
1.1893
1.1897
1.1902
1.1906
1.1911
1.1915
1.1921
DeMark's
-
-
1.1904
1.1907
1.1913
-
-","Technical IndicatorsJun 17, 2021 09:19PM GMT
Name
Value
Action
RSI(14)
27.878
Sell
STOCH(9,6)
23.563
Sell
STOCHRSI(14)
98.347
Overbought
MACD(12,26)
-0.004
Sell
ADX(14)
42.257
Sell
Williams %R
-80.001
Oversold
CCI(14)
-93.2392
Sell
ATR(14)
0.0018
Less Volatility
Highs/Lows(14)
-0.0010
Sell
Ultimate Oscillator
33.035
Sell
ROC
-0.406
Sell
Bull/Bear Power(13)
-0.0025
Sell
Buy: 0
Sell: 9
Neutral: 0


Summary:Strong Sell","Jun 17, 2021 09:19PM GMT"
gbp_usd,1.3923 +0.0004    +0.03%,17:20:48,2021-06-17 21:21:11.102303,"Prev. Close: 1.3919
Bid/Ask: 1.3920 / 1.3926
Day's Range: 1.3915 - 1.3929",Strong Sell,"Summary:Strong Sell
Moving Averages:Strong SellBuy (0)Sell (12)
Technical Indicators:Strong SellBuy (0)Sell (10)","Name
S3
S2
S1
Pivot Points
R1
R2
R3
Classic
1.3912
1.3916
1.3921
1.3925
1.3930
1.3934
1.3940
Fibonacci
1.3916
1.3919
1.3922
1.3925
1.3928
1.3931
1.3934
Camarilla
1.3924
1.3925
1.3926
1.3925
1.3927
1.3928
1.3929
Woodie's
1.3912
1.3916
1.3921
1.3925
1.3930
1.3934
1.3940
DeMark's
-
-
1.3923
1.3926
1.3932
-
-","Technical IndicatorsJun 17, 2021 09:19PM GMT
Name
Value
Action
RSI(14)
35.635
Sell
STOCH(9,6)
31.366
Sell
STOCHRSI(14)
91.917
Overbought
MACD(12,26)
-0.003
Sell
ADX(14)
39.699
Sell
Williams %R
-74.242
Sell
CCI(14)
-77.5840
Sell
ATR(14)
0.0024
Less Volatility
Highs/Lows(14)
-0.0005
Sell
Ultimate Oscillator
34.762
Sell
ROC
-0.383
Sell
Bull/Bear Power(13)
-0.0020
Sell
Buy: 0
Sell: 10
Neutral: 0


Summary:Strong Sell","Jun 17, 2021 09:19PM GMT"
usd_jpy,110.25 +0.04    +0.04%,17:20:25,2021-06-17 21:21:11.105480,"Prev. Close: 110.20
Bid/Ask: 110.23 / 110.26
Day's Range: 110.17 - 110.83",Strong Sell,"Summary:Strong Sell
Moving Averages:SellBuy (5)Sell (7)
Technical Indicators:Strong SellBuy (0)Sell (8)","Name
S3
S2
S1
Pivot Points
R1
R2
R3
Classic
110.11
110.16
110.19
110.24
110.27
110.32
110.34
Fibonacci
110.16
110.19
110.21
110.24
110.27
110.29
110.32
Camarilla
110.19
110.20
110.21
110.24
110.22
110.23
110.24
Woodie's
110.09
110.15
110.17
110.23
110.25
110.31
110.32
DeMark's
-
-
110.17
110.23
110.25
-
-","Technical IndicatorsJun 17, 2021 09:19PM GMT
Name
Value
Action
RSI(14)
41.756
Sell
STOCH(9,6)
15.775
Oversold
STOCHRSI(14)
12.722
Oversold
MACD(12,26)
-0.030
Sell
ADX(14)
33.514
Sell
Williams %R
-87.394
Oversold
CCI(14)
-78.0185
Sell
ATR(14)
0.1232
Less Volatility
Highs/Lows(14)
-0.1121
Sell
Ultimate Oscillator
48.711
Sell
ROC
-0.303
Sell
Bull/Bear Power(13)
-0.2680
Sell
Buy: 0
Sell: 8
Neutral: 0


Summary:Strong Sell","Jun 17, 2021 09:19PM GMT"
aud_usd,0.7555 +0.0005    +0.07%,17:20:50,2021-06-17 21:21:11.108498,"Prev. Close: 0.7550
Bid/Ask: 0.7552 / 0.7558
Day's Range: 0.7547 - 0.7557",Strong Sell,"Summary:Strong Sell
Moving Averages:SellBuy (2)Sell (10)
Technical Indicators:Strong SellBuy (0)Sell (9)","Name
S3
S2
S1
Pivot Points
R1
R2
R3
Classic
0.7541
0.7544
0.7548
0.7551
0.7555
0.7558
0.7562
Fibonacci
0.7544
0.7547
0.7548
0.7551
0.7554
0.7555
0.7558
Camarilla
0.7549
0.7550
0.7550
0.7551
0.7552
0.7552
0.7553
Woodie's
0.7541
0.7544
0.7548
0.7551
0.7555
0.7558
0.7562
DeMark's
-
-
0.7549
0.7551
0.7556
-
-","Technical IndicatorsJun 17, 2021 09:20PM GMT
Name
Value
Action
RSI(14)
31.059
Sell
STOCH(9,6)
20.036
Sell
STOCHRSI(14)
100.000
Overbought
MACD(12,26)
-0.003
Sell
ADX(14)
52.645
Sell
Williams %R
-81.437
Oversold
CCI(14)
-80.0906
Sell
ATR(14)
0.0017
Less Volatility
Highs/Lows(14)
-0.0004
Sell
Ultimate Oscillator
35.041
Sell
ROC
-0.781
Sell
Bull/Bear Power(13)
-0.0017
Sell
Buy: 0
Sell: 9
Neutral: 0


Summary:Strong Sell","Jun 17, 2021 09:20PM GMT"
eur_gbp,0.8553 +0.0001    +0.02%,17:20:39,2021-06-17 21:21:11.111492,"Prev. Close: 0.8551
Bid/Ask: 0.8550 / 0.8555
Day's Range: 0.8549 - 0.8557",Strong Sell,"Summary:Strong Sell
Moving Averages:Strong SellBuy (0)Sell (12)
Technical Indicators:Strong SellBuy (2)Sell (8)","Name
S3
S2
S1
Pivot Points
R1
R2
R3
Classic
0.8542
0.8544
0.8549
0.8552
0.8557
0.8560
0.8564
Fibonacci
0.8544
0.8547
0.8549
0.8552
0.8555
0.8557
0.8560
Camarilla
0.8553
0.8554
0.8554
0.8552
0.8556
0.8556
0.8557
Woodie's
0.8544
0.8545
0.8551
0.8553
0.8559
0.8561
0.8566
DeMark's
-
-
0.8551
0.8553
0.8559
-
-","Technical IndicatorsJun 17, 2021 09:19PM GMT
Name
Value
Action
RSI(14)
38.165
Sell
STOCH(9,6)
39.877
Sell
STOCHRSI(14)
72.476
Buy
MACD(12,26)
-0.001
Sell
ADX(14)
42.089
Sell
Williams %R
-63.333
Sell
CCI(14)
-51.7476
Sell
ATR(14)
0.0010
Less Volatility
Highs/Lows(14)
0.0000
Neutral
Ultimate Oscillator
53.030
Buy
ROC
-0.023
Sell
Bull/Bear Power(13)
-0.0013
Sell
Buy: 2
Sell: 8
Neutral: 1


Summary:Strong Sell","Jun 17, 2021 09:19PM GMT"
usd_cad,1.2353 -0.0008    -0.06%,17:20:45,2021-06-17 21:21:11.114450,"Prev. Close: 1.2361
Bid/Ask: 1.2351 / 1.2355
Day's Range: 1.2351 - 1.2368",Strong Buy,"Summary:Strong Buy
Moving Averages:BuyBuy (10)Sell (2)
Technical Indicators:Strong BuyBuy (10)Sell (0)","Name
S3
S2
S1
Pivot Points
R1
R2
R3
Classic
1.2342
1.2346
1.2353
1.2357
1.2364
1.2368
1.2375
Fibonacci
1.2346
1.2350
1.2353
1.2357
1.2361
1.2364
1.2368
Camarilla
1.2358
1.2359
1.2360
1.2357
1.2362
1.2363
1.2364
Woodie's
1.2344
1.2347
1.2355
1.2358
1.2366
1.2369
1.2377
DeMark's
-
-
1.2356
1.2358
1.2366
-
-","Technical IndicatorsJun 17, 2021 09:19PM GMT
Name
Value
Action
RSI(14)
68.899
Buy
STOCH(9,6)
74.175
Buy
STOCHRSI(14)
21.240
Oversold
MACD(12,26)
0.003
Buy
ADX(14)
45.997
Buy
Williams %R
-26.858
Buy
CCI(14)
107.0437
Buy
ATR(14)
0.0024
Less Volatility
Highs/Lows(14)
0.0005
Buy
Ultimate Oscillator
68.695
Buy
ROC
0.427
Buy
Bull/Bear Power(13)
0.0039
Buy
Buy: 10
Sell: 0
Neutral: 0


Summary:Strong Buy","Jun 17, 2021 09:19PM GMT"
usd_chf,0.9179 +0.0006    +0.06%,17:20:48,2021-06-17 21:21:11.117379,"Prev. Close: 0.9173
Bid/Ask: 0.9178 / 0.9179
Day's Range: 0.9169 - 0.9183",Strong Buy,"Summary:Strong Buy
Moving Averages:BuyBuy (12)Sell (0)
Technical Indicators:Strong BuyBuy (7)Sell (0)","Name
S3
S2
S1
Pivot Points
R1
R2
R3
Classic
0.9166
0.9170
0.9173
0.9177
0.9180
0.9184
0.9187
Fibonacci
0.9170
0.9173
0.9174
0.9177
0.9180
0.9181
0.9184
Camarilla
0.9173
0.9174
0.9174
0.9177
0.9176
0.9176
0.9177
Woodie's
0.9164
0.9169
0.9171
0.9176
0.9178
0.9183
0.9185
DeMark's
-
-
0.9171
0.9176
0.9178
-
-","Technical IndicatorsJun 17, 2021 09:19PM GMT
Name
Value
Action
RSI(14)
75.510
Overbought
STOCH(9,6)
80.709
Overbought
STOCHRSI(14)
6.601
Oversold
MACD(12,26)
0.003
Buy
ADX(14)
41.373
Buy
Williams %R
-13.571
Overbought
CCI(14)
92.9474
Buy
ATR(14)
0.0016
High Volatility
Highs/Lows(14)
0.0010
Buy
Ultimate Oscillator
68.076
Buy
ROC
0.630
Buy
Bull/Bear Power(13)
0.0031
Buy
Buy: 7
Sell: 0
Neutral: 0


Summary:Strong Buy","Jun 17, 2021 09:19PM GMT"
nzd_chf,0.6432 +0.0013    +0.19%,17:20:51,2021-06-17 21:21:11.120304,"Prev. Close: 0.6419
Bid/Ask: 0.6429 / 0.6434
Day's Range: 0.6422 - 0.6434",Neutral,"Summary:Neutral
Moving Averages:BuyBuy (10)Sell (2)
Technical Indicators:SellBuy (3)Sell (4)","Name
S3
S2
S1
Pivot Points
R1
R2
R3
Classic
0.6411
0.6417
0.6420
0.6426
0.6429
0.6435
0.6438
Fibonacci
0.6417
0.6420
0.6423
0.6426
0.6429
0.6432
0.6435
Camarilla
0.6421
0.6421
0.6422
0.6426
0.6424
0.6425
0.6425
Woodie's
0.6409
0.6416
0.6418
0.6425
0.6427
0.6434
0.6436
DeMark's
-
-
0.6419
0.6425
0.6427
-
-","Technical IndicatorsJun 17, 2021 09:19PM GMT
Name
Value
Action
RSI(14)
53.914
Neutral
STOCH(9,6)
62.628
Buy
STOCHRSI(14)
56.455
Buy
MACD(12,26)
0.000
Buy
ADX(14)
32.257
Sell
Williams %R
-47.312
Neutral
CCI(14)
-0.3796
Neutral
ATR(14)
0.0012
Less Volatility
Highs/Lows(14)
0.0000
Neutral
Ultimate Oscillator
46.401
Sell
ROC
-0.217
Sell
Bull/Bear Power(13)
-0.0007
Sell
Buy: 3
Sell: 4
Neutral: 4


Summary:Sell","Jun 17, 2021 09:19PM GMT"
usd_cny,6.4484 +0.0515    +0.80%,11:27:22,2021-06-17 21:21:11.123240,"Prev. Close: 6.3969
Bid/Ask: 6.4477 / 6.4490
Day's Range: 6.3972 - 6.4494",Strong Buy,"Summary:Strong Buy
Moving Averages:BuyBuy (12)Sell (0)
Technical Indicators:Strong BuyBuy (7)Sell (0)","Name
S3
S2
S1
Pivot Points
R1
R2
R3
Classic
6.4380
6.4399
6.4436
6.4455
6.4492
6.4511
6.4548
Fibonacci
6.4399
6.4420
6.4434
6.4455
6.4476
6.4490
6.4511
Camarilla
6.4458
6.4463
6.4468
6.4455
6.4479
6.4484
6.4489
Woodie's
6.4390
6.4404
6.4446
6.4460
6.4502
6.4516
6.4558
DeMark's
-
-
6.4446
6.4460
6.4502
-
-","Technical IndicatorsJun 17, 2021 03:34PM GMT
Name
Value
Action
RSI(14)
85.433
Overbought
STOCH(9,6)
77.649
Buy
STOCHRSI(14)
100.000
Overbought
MACD(12,26)
0.011
Buy
ADX(14)
61.337
Buy
Williams %R
-3.426
Overbought
CCI(14)
151.8010
Buy
ATR(14)
0.0041
Less Volatility
Highs/Lows(14)
0.0141
Buy
Ultimate Oscillator
82.973
Overbought
ROC
0.391
Buy
Bull/Bear Power(13)
0.0286
Buy
Buy: 7
Sell: 0
Neutral: 0


Summary:Strong Buy","Jun 17, 2021 03:34PM GMT"
usd_hkd,7.7648 +0.0004    +0.01%,17:20:55,2021-06-17 21:21:11.126133,"Prev. Close: 7.7644
Bid/Ask: 7.7647 / 7.7649
Day's Range: 7.7644 - 7.7650",Strong Buy,"Summary:Strong Buy
Moving Averages:BuyBuy (12)Sell (0)
Technical Indicators:Strong BuyBuy (7)Sell (2)","Name
S3
S2
S1
Pivot Points
R1
R2
R3
Classic
7.7632
7.7636
7.7641
7.7645
7.7649
7.7654
7.7658
Fibonacci
7.7636
7.7639
7.7642
7.7645
7.7648
7.7651
7.7654
Camarilla
7.7642
7.7643
7.7644
7.7645
7.7645
7.7646
7.7647
Woodie's
7.7632
7.7636
7.7641
7.7645
7.7649
7.7654
7.7658
DeMark's
-
-
7.7638
7.7644
7.7647
-
-","Technical IndicatorsJun 17, 2021 09:19PM GMT
Name
Value
Action
RSI(14)
56.856
Buy
STOCH(9,6)
58.371
Buy
STOCHRSI(14)
44.626
Sell
MACD(12,26)
0.000
Buy
ADX(14)
33.915
Sell
Williams %R
-36.838
Buy
CCI(14)
46.2567
Neutral
ATR(14)
0.0009
Less Volatility
Highs/Lows(14)
0.0000
Neutral
Ultimate Oscillator
57.076
Buy
ROC
0.003
Buy
Bull/Bear Power(13)
0.0013
Buy
Buy: 7
Sell: 2
Neutral: 2


Summary:Strong Buy","Jun 17, 2021 09:19PM GMT"
eur_usd,1.1908 +0.0001    +0.01%,17:21:42,2021-06-17 21:22:10.637046,"Prev. Close: 1.1906
Bid/Ask: 1.1907 / 1.1908
Day's Range: 1.1906 - 1.1909",Strong Sell,"Summary:Strong Sell
Moving Averages:Strong SellBuy (0)Sell (12)
Technical Indicators:Strong SellBuy (0)Sell (10)","Name
S3
S2
S1
Pivot Points
R1
R2
R3
Classic
1.1893
1.1897
1.1902
1.1906
1.1911
1.1915
1.1921
Fibonacci
1.1897
1.1900
1.1902
1.1906
1.1910
1.1912
1.1915
Camarilla
1.1905
1.1906
1.1907
1.1906
1.1908
1.1909
1.1910
Woodie's
1.1893
1.1897
1.1902
1.1906
1.1911
1.1915
1.1921
DeMark's
-
-
1.1904
1.1907
1.1913
-
-","Technical IndicatorsJun 17, 2021 09:21PM GMT
Name
Value
Action
RSI(14)
27.984
Sell
STOCH(9,6)
23.705
Sell
STOCHRSI(14)
99.174
Overbought
MACD(12,26)
-0.004
Sell
ADX(14)
42.257
Sell
Williams %R
-79.310
Sell
CCI(14)
-92.5825
Sell
ATR(14)
0.0018
Less Volatility
Highs/Lows(14)
-0.0009
Sell
Ultimate Oscillator
33.349
Sell
ROC
-0.402
Sell
Bull/Bear Power(13)
-0.0025
Sell
Buy: 0
Sell: 10
Neutral: 0


Summary:Strong Sell","Jun 17, 2021 09:21PM GMT"
gbp_usd,1.3919 -0.0001    -0.00%,17:21:32,2021-06-17 21:22:10.640934,"Prev. Close: 1.3919
Bid/Ask: 1.3916 / 1.3921
Day's Range: 1.3915 - 1.3929",Strong Sell,"Summary:Strong Sell
Moving Averages:Strong SellBuy (0)Sell (12)
Technical Indicators:Strong SellBuy (0)Sell (10)","Name
S3
S2
S1
Pivot Points
R1
R2
R3
Classic
1.3912
1.3916
1.3921
1.3925
1.3930
1.3934
1.3940
Fibonacci
1.3916
1.3919
1.3922
1.3925
1.3928
1.3931
1.3934
Camarilla
1.3924
1.3925
1.3926
1.3925
1.3927
1.3928
1.3929
Woodie's
1.3912
1.3916
1.3921
1.3925
1.3930
1.3934
1.3940
DeMark's
-
-
1.3923
1.3926
1.3932
-
-","Technical IndicatorsJun 17, 2021 09:21PM GMT
Name
Value
Action
RSI(14)
36.066
Sell
STOCH(9,6)
31.867
Sell
STOCHRSI(14)
95.093
Overbought
MACD(12,26)
-0.003
Sell
ADX(14)
39.306
Sell
Williams %R
-72.223
Sell
CCI(14)
-71.4827
Sell
ATR(14)
0.0024
Less Volatility
Highs/Lows(14)
-0.0003
Sell
Ultimate Oscillator
35.414
Sell
ROC
-0.369
Sell
Bull/Bear Power(13)
-0.0036
Sell
Buy: 0
Sell: 10
Neutral: 0


Summary:Strong Sell","Jun 17, 2021 09:21PM GMT"
usd_jpy,110.25 +0.04    +0.04%,17:21:28,2021-06-17 21:22:10.644057,"Prev. Close: 110.20
Bid/Ask: 110.23 / 110.26
Day's Range: 110.17 - 110.83",Strong Sell,"Summary:Strong Sell
Moving Averages:SellBuy (5)Sell (7)
Technical Indicators:Strong SellBuy (0)Sell (8)","Name
S3
S2
S1
Pivot Points
R1
R2
R3
Classic
110.11
110.16
110.19
110.24
110.27
110.32
110.34
Fibonacci
110.16
110.19
110.21
110.24
110.27
110.29
110.32
Camarilla
110.19
110.20
110.21
110.24
110.22
110.23
110.24
Woodie's
110.09
110.15
110.17
110.23
110.25
110.31
110.32
DeMark's
-
-
110.17
110.23
110.25
-
-","Technical IndicatorsJun 17, 2021 09:21PM GMT
Name
Value
Action
RSI(14)
41.756
Sell
STOCH(9,6)
15.775
Oversold
STOCHRSI(14)
12.722
Oversold
MACD(12,26)
-0.030
Sell
ADX(14)
33.514
Sell
Williams %R
-87.394
Oversold
CCI(14)
-78.0185
Sell
ATR(14)
0.1232
Less Volatility
Highs/Lows(14)
-0.1121
Sell
Ultimate Oscillator
48.711
Sell
ROC
-0.303
Sell
Bull/Bear Power(13)
-0.2680
Sell
Buy: 0
Sell: 8
Neutral: 0


Summary:Strong Sell","Jun 17, 2021 09:21PM GMT"
aud_usd,0.7556 +0.0006    +0.08%,17:21:37,2021-06-17 21:22:10.646995,"Prev. Close: 0.7550
Bid/Ask: 0.7555 / 0.7557
Day's Range: 0.7547 - 0.7557",Strong Sell,"Summary:Strong Sell
Moving Averages:SellBuy (2)Sell (10)
Technical Indicators:Strong SellBuy (0)Sell (9)","Name
S3
S2
S1
Pivot Points
R1
R2
R3
Classic
0.7541
0.7544
0.7548
0.7551
0.7555
0.7558
0.7562
Fibonacci
0.7544
0.7547
0.7548
0.7551
0.7554
0.7555
0.7558
Camarilla
0.7549
0.7550
0.7550
0.7551
0.7552
0.7552
0.7553
Woodie's
0.7541
0.7544
0.7548
0.7551
0.7555
0.7558
0.7562
DeMark's
-
-
0.7549
0.7551
0.7556
-
-","Technical IndicatorsJun 17, 2021 09:20PM GMT
Name
Value
Action
RSI(14)
31.059
Sell
STOCH(9,6)
20.036
Sell
STOCHRSI(14)
100.000
Overbought
MACD(12,26)
-0.003
Sell
ADX(14)
52.645
Sell
Williams %R
-81.437
Oversold
CCI(14)
-80.0906
Sell
ATR(14)
0.0017
Less Volatility
Highs/Lows(14)
-0.0004
Sell
Ultimate Oscillator
35.041
Sell
ROC
-0.781
Sell
Bull/Bear Power(13)
-0.0017
Sell
Buy: 0
Sell: 9
Neutral: 0


Summary:Strong Sell","Jun 17, 2021 09:20PM GMT"
eur_gbp,0.8552 +0.0001    +0.01%,17:21:42,2021-06-17 21:22:10.649876,"Prev. Close: 0.8551
Bid/Ask: 0.8549 / 0.8555
Day's Range: 0.8549 - 0.8557",Strong Sell,"Summary:Strong Sell
Moving Averages:Strong SellBuy (0)Sell (12)
Technical Indicators:Strong SellBuy (2)Sell (8)","Name
S3
S2
S1
Pivot Points
R1
R2
R3
Classic
0.8542
0.8544
0.8549
0.8552
0.8557
0.8560
0.8564
Fibonacci
0.8544
0.8547
0.8549
0.8552
0.8555
0.8557
0.8560
Camarilla
0.8553
0.8554
0.8554
0.8552
0.8556
0.8556
0.8557
Woodie's
0.8544
0.8545
0.8551
0.8553
0.8559
0.8561
0.8566
DeMark's
-
-
0.8551
0.8553
0.8559
-
-","Technical IndicatorsJun 17, 2021 09:21PM GMT
Name
Value
Action
RSI(14)
37.820
Sell
STOCH(9,6)
39.568
Sell
STOCHRSI(14)
70.979
Buy
MACD(12,26)
-0.001
Sell
ADX(14)
42.380
Sell
Williams %R
-65.000
Sell
CCI(14)
-63.6456
Sell
ATR(14)
0.0010
Less Volatility
Highs/Lows(14)
0.0000
Neutral
Ultimate Oscillator
53.314
Buy
ROC
-0.029
Sell
Bull/Bear Power(13)
-0.0015
Sell
Buy: 2
Sell: 8
Neutral: 1


Summary:Strong Sell","Jun 17, 2021 09:21PM GMT"
usd_cad,1.2356 -0.0005    -0.04%,17:21:39,2021-06-17 21:22:10.652770,"Prev. Close: 1.2361
Bid/Ask: 1.2353 / 1.2359
Day's Range: 1.2351 - 1.2368",Strong Buy,"Summary:Strong Buy
Moving Averages:BuyBuy (10)Sell (2)
Technical Indicators:Strong BuyBuy (10)Sell (0)","Name
S3
S2
S1
Pivot Points
R1
R2
R3
Classic
1.2342
1.2346
1.2353
1.2357
1.2364
1.2368
1.2375
Fibonacci
1.2346
1.2350
1.2353
1.2357
1.2361
1.2364
1.2368
Camarilla
1.2358
1.2359
1.2360
1.2357
1.2362
1.2363
1.2364
Woodie's
1.2344
1.2347
1.2355
1.2358
1.2366
1.2369
1.2377
DeMark's
-
-
1.2356
1.2358
1.2366
-
-","Technical IndicatorsJun 17, 2021 09:21PM GMT
Name
Value
Action
RSI(14)
68.899
Buy
STOCH(9,6)
74.175
Buy
STOCHRSI(14)
21.240
Oversold
MACD(12,26)
0.003
Buy
ADX(14)
45.997
Buy
Williams %R
-26.858
Buy
CCI(14)
107.0437
Buy
ATR(14)
0.0024
Less Volatility
Highs/Lows(14)
0.0005
Buy
Ultimate Oscillator
68.695
Buy
ROC
0.427
Buy
Bull/Bear Power(13)
0.0039
Buy
Buy: 10
Sell: 0
Neutral: 0


Summary:Strong Buy","Jun 17, 2021 09:21PM GMT"
usd_chf,0.9178 +0.0005    +0.05%,17:21:36,2021-06-17 21:22:10.655677,"Prev. Close: 0.9173
Bid/Ask: 0.9177 / 0.9179
Day's Range: 0.9169 - 0.9183",Strong Buy,"Summary:Strong Buy
Moving Averages:BuyBuy (12)Sell (0)
Technical Indicators:Strong BuyBuy (7)Sell (0)","Name
S3
S2
S1
Pivot Points
R1
R2
R3
Classic
0.9166
0.9170
0.9173
0.9177
0.9180
0.9184
0.9187
Fibonacci
0.9170
0.9173
0.9174
0.9177
0.9180
0.9181
0.9184
Camarilla
0.9173
0.9174
0.9174
0.9177
0.9176
0.9176
0.9177
Woodie's
0.9164
0.9169
0.9171
0.9176
0.9178
0.9183
0.9185
DeMark's
-
-
0.9171
0.9176
0.9178
-
-","Technical IndicatorsJun 17, 2021 09:21PM GMT
Name
Value
Action
RSI(14)
75.398
Overbought
STOCH(9,6)
80.555
Overbought
STOCHRSI(14)
5.688
Oversold
MACD(12,26)
0.004
Buy
ADX(14)
41.373
Buy
Williams %R
-14.286
Overbought
CCI(14)
92.2327
Buy
ATR(14)
0.0016
High Volatility
Highs/Lows(14)
0.0010
Buy
Ultimate Oscillator
67.710
Buy
ROC
0.625
Buy
Bull/Bear Power(13)
0.0031
Buy
Buy: 7
Sell: 0
Neutral: 0


Summary:Strong Buy","Jun 17, 2021 09:21PM GMT"
nzd_chf,0.6431 +0.0012    +0.19%,17:21:42,2021-06-17 21:22:10.658561,"Prev. Close: 0.6419
Bid/Ask: 0.6429 / 0.6433
Day's Range: 0.6422 - 0.6434",Neutral,"Summary:Neutral
Moving Averages:BuyBuy (10)Sell (2)
Technical Indicators:NeutralBuy (3)Sell (3)","Name
S3
S2
S1
Pivot Points
R1
R2
R3
Classic
0.6411
0.6417
0.6420
0.6426
0.6429
0.6435
0.6438
Fibonacci
0.6417
0.6420
0.6423
0.6426
0.6429
0.6432
0.6435
Camarilla
0.6421
0.6421
0.6422
0.6426
0.6424
0.6425
0.6425
Woodie's
0.6409
0.6416
0.6418
0.6425
0.6427
0.6434
0.6436
DeMark's
-
-
0.6419
0.6425
0.6427
-
-","Technical IndicatorsJun 17, 2021 09:21PM GMT
Name
Value
Action
RSI(14)
54.249
Neutral
STOCH(9,6)
60.201
Buy
STOCHRSI(14)
57.739
Buy
MACD(12,26)
0.000
Buy
ADX(14)
29.230
Neutral
Williams %R
-46.237
Neutral
CCI(14)
13.6123
Neutral
ATR(14)
0.0012
Less Volatility
Highs/Lows(14)
0.0000
Neutral
Ultimate Oscillator
45.091
Sell
ROC
-0.209
Sell
Bull/Bear Power(13)
-0.0004
Sell
Buy: 3
Sell: 3
Neutral: 5


Summary:Neutral","Jun 17, 2021 09:21PM GMT"
usd_cny,6.4484 +0.0515    +0.80%,11:27:22,2021-06-17 21:22:10.661428,"Prev. Close: 6.3969
Bid/Ask: 6.4477 / 6.4490
Day's Range: 6.3972 - 6.4494",Strong Buy,"Summary:Strong Buy
Moving Averages:BuyBuy (12)Sell (0)
Technical Indicators:Strong BuyBuy (7)Sell (0)","Name
S3
S2
S1
Pivot Points
R1
R2
R3
Classic
6.4380
6.4399
6.4436
6.4455
6.4492
6.4511
6.4548
Fibonacci
6.4399
6.4420
6.4434
6.4455
6.4476
6.4490
6.4511
Camarilla
6.4458
6.4463
6.4468
6.4455
6.4479
6.4484
6.4489
Woodie's
6.4390
6.4404
6.4446
6.4460
6.4502
6.4516
6.4558
DeMark's
-
-
6.4446
6.4460
6.4502
-
-","Technical IndicatorsJun 17, 2021 03:34PM GMT
Name
Value
Action
RSI(14)
85.433
Overbought
STOCH(9,6)
77.649
Buy
STOCHRSI(14)
100.000
Overbought
MACD(12,26)
0.011
Buy
ADX(14)
61.337
Buy
Williams %R
-3.426
Overbought
CCI(14)
151.8010
Buy
ATR(14)
0.0041
Less Volatility
Highs/Lows(14)
0.0141
Buy
Ultimate Oscillator
82.973
Overbought
ROC
0.391
Buy
Bull/Bear Power(13)
0.0286
Buy
Buy: 7
Sell: 0
Neutral: 0


Summary:Strong Buy","Jun 17, 2021 03:34PM GMT"
usd_hkd,7.7646 +0.0001    +0.00%,17:21:28,2021-06-17 21:22:10.664328,"Prev. Close: 7.7644
Bid/Ask: 7.7643 / 7.7648
Day's Range: 7.7644 - 7.7650",Strong Buy,"Summary:Strong Buy
Moving Averages:BuyBuy (12)Sell (0)
Technical Indicators:Strong BuyBuy (7)Sell (2)","Name
S3
S2
S1
Pivot Points
R1
R2
R3
Classic
7.7632
7.7636
7.7641
7.7645
7.7649
7.7654
7.7658
Fibonacci
7.7636
7.7639
7.7642
7.7645
7.7648
7.7651
7.7654
Camarilla
7.7642
7.7643
7.7644
7.7645
7.7645
7.7646
7.7647
Woodie's
7.7632
7.7636
7.7641
7.7645
7.7649
7.7654
7.7658
DeMark's
-
-
7.7638
7.7644
7.7647
-
-","Technical IndicatorsJun 17, 2021 09:21PM GMT
Name
Value
Action
RSI(14)
56.487
Buy
STOCH(9,6)
57.729
Buy
STOCHRSI(14)
42.140
Sell
MACD(12,26)
0.000
Buy
ADX(14)
33.915
Sell
Williams %R
-39.473
Buy
CCI(14)
42.1550
Neutral
ATR(14)
0.0009
Less Volatility
Highs/Lows(14)
0.0000
Neutral
Ultimate Oscillator
56.309
Buy
ROC
0.003
Buy
Bull/Bear Power(13)
0.0013
Buy
Buy: 7
Sell: 2
Neutral: 2


Summary:Strong Buy","Jun 17, 2021 09:21PM GMT"
eur_usd,1.1908 +0.0002    +0.02%,17:22:33,2021-06-17 21:23:10.564115,"Prev. Close: 1.1906
Bid/Ask: 1.1907 / 1.1909
Day's Range: 1.1906 - 1.1909",Strong Sell,"Summary:Strong Sell
Moving Averages:Strong SellBuy (0)Sell (12)
Technical Indicators:Strong SellBuy (0)Sell (10)","Name
S3
S2
S1
Pivot Points
R1
R2
R3
Classic
1.1893
1.1897
1.1902
1.1906
1.1911
1.1915
1.1921
Fibonacci
1.1897
1.1900
1.1902
1.1906
1.1910
1.1912
1.1915
Camarilla
1.1905
1.1906
1.1907
1.1906
1.1908
1.1909
1.1910
Woodie's
1.1893
1.1897
1.1902
1.1906
1.1911
1.1915
1.1921
DeMark's
-
-
1.1904
1.1907
1.1913
-
-","Technical IndicatorsJun 17, 2021 09:21PM GMT
Name
Value
Action
RSI(14)
27.984
Sell
STOCH(9,6)
23.705
Sell
STOCHRSI(14)
99.174
Overbought
MACD(12,26)
-0.004
Sell
ADX(14)
42.257
Sell
Williams %R
-79.310
Sell
CCI(14)
-92.5825
Sell
ATR(14)
0.0018
Less Volatility
Highs/Lows(14)
-0.0009
Sell
Ultimate Oscillator
33.349
Sell
ROC
-0.402
Sell
Bull/Bear Power(13)
-0.0025
Sell
Buy: 0
Sell: 10
Neutral: 0


Summary:Strong Sell","Jun 17, 2021 09:21PM GMT"
gbp_usd,1.3925 +0.0006    +0.04%,17:22:33,2021-06-17 21:23:10.568020,"Prev. Close: 1.3919
Bid/Ask: 1.3923 / 1.3927
Day's Range: 1.3915 - 1.3929",Strong Sell,"Summary:Strong Sell
Moving Averages:Strong SellBuy (0)Sell (12)
Technical Indicators:Strong SellBuy (0)Sell (10)","Name
S3
S2
S1
Pivot Points
R1
R2
R3
Classic
1.3912
1.3916
1.3921
1.3925
1.3930
1.3934
1.3940
Fibonacci
1.3916
1.3919
1.3922
1.3925
1.3928
1.3931
1.3934
Camarilla
1.3924
1.3925
1.3926
1.3925
1.3927
1.3928
1.3929
Woodie's
1.3912
1.3916
1.3921
1.3925
1.3930
1.3934
1.3940
DeMark's
-
-
1.3923
1.3926
1.3932
-
-","Technical IndicatorsJun 17, 2021 09:21PM GMT
Name
Value
Action
RSI(14)
36.066
Sell
STOCH(9,6)
31.867
Sell
STOCHRSI(14)
95.093
Overbought
MACD(12,26)
-0.003
Sell
ADX(14)
39.306
Sell
Williams %R
-72.223
Sell
CCI(14)
-71.4827
Sell
ATR(14)
0.0024
Less Volatility
Highs/Lows(14)
-0.0003
Sell
Ultimate Oscillator
35.414
Sell
ROC
-0.369
Sell
Bull/Bear Power(13)
-0.0036
Sell
Buy: 0
Sell: 10
Neutral: 0


Summary:Strong Sell","Jun 17, 2021 09:21PM GMT"
usd_jpy,110.26 +0.06    +0.05%,17:22:35,2021-06-17 21:23:10.571113,"Prev. Close: 110.20
Bid/Ask: 110.24 / 110.28
Day's Range: 110.17 - 110.83",Strong Sell,"Summary:Strong Sell
Moving Averages:SellBuy (5)Sell (7)
Technical Indicators:Strong SellBuy (0)Sell (8)","Name
S3
S2
S1
Pivot Points
R1
R2
R3
Classic
110.11
110.16
110.19
110.24
110.27
110.32
110.34
Fibonacci
110.16
110.19
110.21
110.24
110.27
110.29
110.32
Camarilla
110.19
110.20
110.21
110.24
110.22
110.23
110.24
Woodie's
110.09
110.15
110.17
110.23
110.25
110.31
110.32
DeMark's
-
-
110.17
110.23
110.25
-
-","Technical IndicatorsJun 17, 2021 09:21PM GMT
Name
Value
Action
RSI(14)
41.756
Sell
STOCH(9,6)
15.775
Oversold
STOCHRSI(14)
12.722
Oversold
MACD(12,26)
-0.030
Sell
ADX(14)
33.514
Sell
Williams %R
-87.394
Oversold
CCI(14)
-78.0185
Sell
ATR(14)
0.1232
Less Volatility
Highs/Lows(14)
-0.1121
Sell
Ultimate Oscillator
48.711
Sell
ROC
-0.303
Sell
Bull/Bear Power(13)
-0.2680
Sell
Buy: 0
Sell: 8
Neutral: 0


Summary:Strong Sell","Jun 17, 2021 09:21PM GMT"
aud_usd,0.7555 +0.0004    +0.06%,17:22:51,2021-06-17 21:23:10.574061,"Prev. Close: 0.7550
Bid/Ask: 0.7552 / 0.7557
Day's Range: 0.7547 - 0.7557",Strong Sell,"Summary:Strong Sell
Moving Averages:SellBuy (2)Sell (10)
Technical Indicators:Strong SellBuy (0)Sell (9)","Name
S3
S2
S1
Pivot Points
R1
R2
R3
Classic
0.7541
0.7544
0.7548
0.7551
0.7555
0.7558
0.7562
Fibonacci
0.7544
0.7547
0.7548
0.7551
0.7554
0.7555
0.7558
Camarilla
0.7549
0.7550
0.7550
0.7551
0.7552
0.7552
0.7553
Woodie's
0.7541
0.7544
0.7548
0.7551
0.7555
0.7558
0.7562
DeMark's
-
-
0.7549
0.7551
0.7556
-
-","Technical IndicatorsJun 17, 2021 09:21PM GMT
Name
Value
Action
RSI(14)
31.713
Sell
STOCH(9,6)
20.353
Sell
STOCHRSI(14)
100.000
Overbought
MACD(12,26)
-0.003
Sell
ADX(14)
52.645
Sell
Williams %R
-80.240
Oversold
CCI(14)
-78.7385
Sell
ATR(14)
0.0017
Less Volatility
Highs/Lows(14)
-0.0003
Sell
Ultimate Oscillator
35.818
Sell
ROC
-0.768
Sell
Bull/Bear Power(13)
-0.0037
Sell
Buy: 0
Sell: 9
Neutral: 0


Summary:Strong Sell","Jun 17, 2021 09:21PM GMT"
eur_gbp,0.8552 0.0001    0.00%,17:22:33,2021-06-17 21:23:10.577008,"Prev. Close: 0.8551
Bid/Ask: 0.8550 / 0.8553
Day's Range: 0.8549 - 0.8557",Strong Sell,"Summary:Strong Sell
Moving Averages:Strong SellBuy (0)Sell (12)
Technical Indicators:Strong SellBuy (2)Sell (8)","Name
S3
S2
S1
Pivot Points
R1
R2
R3
Classic
0.8542
0.8544
0.8549
0.8552
0.8557
0.8560
0.8564
Fibonacci
0.8544
0.8547
0.8549
0.8552
0.8555
0.8557
0.8560
Camarilla
0.8553
0.8554
0.8554
0.8552
0.8556
0.8556
0.8557
Woodie's
0.8544
0.8545
0.8551
0.8553
0.8559
0.8561
0.8566
DeMark's
-
-
0.8551
0.8553
0.8559
-
-","Technical IndicatorsJun 17, 2021 09:21PM GMT
Name
Value
Action
RSI(14)
37.820
Sell
STOCH(9,6)
39.568
Sell
STOCHRSI(14)
70.979
Buy
MACD(12,26)
-0.001
Sell
ADX(14)
42.380
Sell
Williams %R
-65.000
Sell
CCI(14)
-63.6456
Sell
ATR(14)
0.0010
Less Volatility
Highs/Lows(14)
0.0000
Neutral
Ultimate Oscillator
53.314
Buy
ROC
-0.029
Sell
Bull/Bear Power(13)
-0.0015
Sell
Buy: 2
Sell: 8
Neutral: 1


Summary:Strong Sell","Jun 17, 2021 09:21PM GMT"
usd_cad,1.2356 -0.0005    -0.04%,17:22:48,2021-06-17 21:23:10.579985,"Prev. Close: 1.2361
Bid/Ask: 1.2353 / 1.2359
Day's Range: 1.2351 - 1.2368",Strong Buy,"Summary:Strong Buy
Moving Averages:BuyBuy (10)Sell (2)
Technical Indicators:Strong BuyBuy (10)Sell (0)","Name
S3
S2
S1
Pivot Points
R1
R2
R3
Classic
1.2342
1.2346
1.2353
1.2357
1.2364
1.2368
1.2375
Fibonacci
1.2346
1.2350
1.2353
1.2357
1.2361
1.2364
1.2368
Camarilla
1.2358
1.2359
1.2360
1.2357
1.2362
1.2363
1.2364
Woodie's
1.2344
1.2347
1.2355
1.2358
1.2366
1.2369
1.2377
DeMark's
-
-
1.2356
1.2358
1.2366
-
-","Technical IndicatorsJun 17, 2021 09:21PM GMT
Name
Value
Action
RSI(14)
68.899
Buy
STOCH(9,6)
74.175
Buy
STOCHRSI(14)
21.240
Oversold
MACD(12,26)
0.003
Buy
ADX(14)
45.997
Buy
Williams %R
-26.858
Buy
CCI(14)
107.0437
Buy
ATR(14)
0.0024
Less Volatility
Highs/Lows(14)
0.0005
Buy
Ultimate Oscillator
68.695
Buy
ROC
0.427
Buy
Bull/Bear Power(13)
0.0039
Buy
Buy: 10
Sell: 0
Neutral: 0


Summary:Strong Buy","Jun 17, 2021 09:21PM GMT"
usd_chf,0.9179 +0.0006    +0.06%,17:22:47,2021-06-17 21:23:10.582914,"Prev. Close: 0.9173
Bid/Ask: 0.9178 / 0.9179
Day's Range: 0.9169 - 0.9183",Strong Buy,"Summary:Strong Buy
Moving Averages:BuyBuy (12)Sell (0)
Technical Indicators:Strong BuyBuy (7)Sell (0)","Name
S3
S2
S1
Pivot Points
R1
R2
R3
Classic
0.9166
0.9170
0.9173
0.9177
0.9180
0.9184
0.9187
Fibonacci
0.9170
0.9173
0.9174
0.9177
0.9180
0.9181
0.9184
Camarilla
0.9173
0.9174
0.9174
0.9177
0.9176
0.9176
0.9177
Woodie's
0.9164
0.9169
0.9171
0.9176
0.9178
0.9183
0.9185
DeMark's
-
-
0.9171
0.9176
0.9178
-
-","Technical IndicatorsJun 17, 2021 09:21PM GMT
Name
Value
Action
RSI(14)
75.398
Overbought
STOCH(9,6)
80.555
Overbought
STOCHRSI(14)
5.688
Oversold
MACD(12,26)
0.004
Buy
ADX(14)
41.373
Buy
Williams %R
-14.286
Overbought
CCI(14)
92.2327
Buy
ATR(14)
0.0016
High Volatility
Highs/Lows(14)
0.0010
Buy
Ultimate Oscillator
67.710
Buy
ROC
0.625
Buy
Bull/Bear Power(13)
0.0031
Buy
Buy: 7
Sell: 0
Neutral: 0


Summary:Strong Buy","Jun 17, 2021 09:21PM GMT"
nzd_chf,0.6431 +0.0012    +0.19%,17:22:47,2021-06-17 21:23:10.585827,"Prev. Close: 0.6419
Bid/Ask: 0.6429 / 0.6433
Day's Range: 0.6422 - 0.6434",Neutral,"Summary:Neutral
Moving Averages:BuyBuy (10)Sell (2)
Technical Indicators:NeutralBuy (3)Sell (3)","Name
S3
S2
S1
Pivot Points
R1
R2
R3
Classic
0.6411
0.6417
0.6420
0.6426
0.6429
0.6435
0.6438
Fibonacci
0.6417
0.6420
0.6423
0.6426
0.6429
0.6432
0.6435
Camarilla
0.6421
0.6421
0.6422
0.6426
0.6424
0.6425
0.6425
Woodie's
0.6409
0.6416
0.6418
0.6425
0.6427
0.6434
0.6436
DeMark's
-
-
0.6419
0.6425
0.6427
-
-","Technical IndicatorsJun 17, 2021 09:21PM GMT
Name
Value
Action
RSI(14)
54.249
Neutral
STOCH(9,6)
60.201
Buy
STOCHRSI(14)
57.739
Buy
MACD(12,26)
0.000
Buy
ADX(14)
29.230
Neutral
Williams %R
-46.237
Neutral
CCI(14)
13.6123
Neutral
ATR(14)
0.0012
Less Volatility
Highs/Lows(14)
0.0000
Neutral
Ultimate Oscillator
45.091
Sell
ROC
-0.209
Sell
Bull/Bear Power(13)
-0.0004
Sell
Buy: 3
Sell: 3
Neutral: 5


Summary:Neutral","Jun 17, 2021 09:21PM GMT"
usd_cny,6.4484 +0.0515    +0.80%,11:27:22,2021-06-17 21:23:10.588746,"Prev. Close: 6.3969
Bid/Ask: 6.4477 / 6.4490
Day's Range: 6.3972 - 6.4494",Strong Buy,"Summary:Strong Buy
Moving Averages:BuyBuy (12)Sell (0)
Technical Indicators:Strong BuyBuy (7)Sell (0)","Name
S3
S2
S1
Pivot Points
R1
R2
R3
Classic
6.4380
6.4399
6.4436
6.4455
6.4492
6.4511
6.4548
Fibonacci
6.4399
6.4420
6.4434
6.4455
6.4476
6.4490
6.4511
Camarilla
6.4458
6.4463
6.4468
6.4455
6.4479
6.4484
6.4489
Woodie's
6.4390
6.4404
6.4446
6.4460
6.4502
6.4516
6.4558
DeMark's
-
-
6.4446
6.4460
6.4502
-
-","Technical IndicatorsJun 17, 2021 03:34PM GMT
Name
Value
Action
RSI(14)
85.433
Overbought
STOCH(9,6)
77.649
Buy
STOCHRSI(14)
100.000
Overbought
MACD(12,26)
0.011
Buy
ADX(14)
61.337
Buy
Williams %R
-3.426
Overbought
CCI(14)
151.8010
Buy
ATR(14)
0.0041
Less Volatility
Highs/Lows(14)
0.0141
Buy
Ultimate Oscillator
82.973
Overbought
ROC
0.391
Buy
Bull/Bear Power(13)
0.0286
Buy
Buy: 7
Sell: 0
Neutral: 0


Summary:Strong Buy","Jun 17, 2021 03:34PM GMT"
usd_hkd,7.7646 +0.0001    +0.00%,17:22:28,2021-06-17 21:23:10.591656,"Prev. Close: 7.7644
Bid/Ask: 7.7643 / 7.7648
Day's Range: 7.7644 - 7.7650",Strong Buy,"Summary:Strong Buy
Moving Averages:BuyBuy (12)Sell (0)
Technical Indicators:Strong BuyBuy (7)Sell (2)","Name
S3
S2
S1
Pivot Points
R1
R2
R3
Classic
7.7632
7.7636
7.7641
7.7645
7.7649
7.7654
7.7658
Fibonacci
7.7636
7.7639
7.7642
7.7645
7.7648
7.7651
7.7654
Camarilla
7.7642
7.7643
7.7644
7.7645
7.7645
7.7646
7.7647
Woodie's
7.7632
7.7636
7.7641
7.7645
7.7649
7.7654
7.7658
DeMark's
-
-
7.7638
7.7644
7.7647
-
-","Technical IndicatorsJun 17, 2021 09:21PM GMT
Name
Value
Action
RSI(14)
56.487
Buy
STOCH(9,6)
57.729
Buy
STOCHRSI(14)
42.140
Sell
MACD(12,26)
0.000
Buy
ADX(14)
33.915
Sell
Williams %R
-39.473
Buy
CCI(14)
42.1550
Neutral
ATR(14)
0.0009
Less Volatility
Highs/Lows(14)
0.0000
Neutral
Ultimate Oscillator
56.309
Buy
ROC
0.003
Buy
Bull/Bear Power(13)
0.0013
Buy
Buy: 7
Sell: 2
Neutral: 2


Summary:Strong Buy","Jun 17, 2021 09:21PM GMT"
eur_usd,1.1908 +0.0001    +0.01%,17:23:39,2021-06-17 21:24:10.458715,"Prev. Close: 1.1906
Bid/Ask: 1.1907 / 1.1908
Day's Range: 1.1906 - 1.1909",Strong Sell,"Summary:Strong Sell
Moving Averages:Strong SellBuy (0)Sell (12)
Technical Indicators:Strong SellBuy (0)Sell (10)","Name
S3
S2
S1
Pivot Points
R1
R2
R3
Classic
1.1893
1.1897
1.1902
1.1906
1.1911
1.1915
1.1921
Fibonacci
1.1897
1.1900
1.1902
1.1906
1.1910
1.1912
1.1915
Camarilla
1.1905
1.1906
1.1907
1.1906
1.1908
1.1909
1.1910
Woodie's
1.1893
1.1897
1.1902
1.1906
1.1911
1.1915
1.1921
DeMark's
-
-
1.1904
1.1907
1.1913
-
-","Technical IndicatorsJun 17, 2021 09:23PM GMT
Name
Value
Action
RSI(14)
28.090
Sell
STOCH(9,6)
23.846
Sell
STOCHRSI(14)
100.000
Overbought
MACD(12,26)
-0.004
Sell
ADX(14)
42.257
Sell
Williams %R
-78.621
Sell
CCI(14)
-91.9264
Sell
ATR(14)
0.0018
Less Volatility
Highs/Lows(14)
-0.0009
Sell
Ultimate Oscillator
33.662
Sell
ROC
-0.397
Sell
Bull/Bear Power(13)
-0.0025
Sell
Buy: 0
Sell: 10
Neutral: 0


Summary:Strong Sell","Jun 17, 2021 09:23PM GMT"
gbp_usd,1.3926 +0.0006    +0.05%,17:23:36,2021-06-17 21:24:10.462652,"Prev. Close: 1.3919
Bid/Ask: 1.3924 / 1.3927
Day's Range: 1.3915 - 1.3929",Strong Sell,"Summary:Strong Sell
Moving Averages:SellBuy (3)Sell (9)
Technical Indicators:Strong SellBuy (0)Sell (10)","Name
S3
S2
S1
Pivot Points
R1
R2
R3
Classic
1.3912
1.3916
1.3921
1.3925
1.3930
1.3934
1.3940
Fibonacci
1.3916
1.3919
1.3922
1.3925
1.3928
1.3931
1.3934
Camarilla
1.3924
1.3925
1.3926
1.3925
1.3927
1.3928
1.3929
Woodie's
1.3912
1.3916
1.3921
1.3925
1.3930
1.3934
1.3940
DeMark's
-
-
1.3923
1.3926
1.3932
-
-","Technical IndicatorsJun 17, 2021 09:23PM GMT
Name
Value
Action
RSI(14)
36.396
Sell
STOCH(9,6)
32.243
Sell
STOCHRSI(14)
97.524
Overbought
MACD(12,26)
-0.003
Sell
ADX(14)
39.306
Sell
Williams %R
-70.707
Sell
CCI(14)
-69.8023
Sell
ATR(14)
0.0024
Less Volatility
Highs/Lows(14)
-0.0002
Sell
Ultimate Oscillator
36.173
Sell
ROC
-0.358
Sell
Bull/Bear Power(13)
-0.0036
Sell
Buy: 0
Sell: 10
Neutral: 0


Summary:Strong Sell","Jun 17, 2021 09:23PM GMT"
usd_jpy,110.26 +0.06    +0.05%,17:23:29,2021-06-17 21:24:10.465819,"Prev. Close: 110.20
Bid/Ask: 110.23 / 110.28
Day's Range: 110.17 - 110.83",Strong Sell,"Summary:Strong Sell
Moving Averages:SellBuy (5)Sell (7)
Technical Indicators:Strong SellBuy (0)Sell (8)","Name
S3
S2
S1
Pivot Points
R1
R2
R3
Classic
110.11
110.16
110.19
110.24
110.27
110.32
110.34
Fibonacci
110.16
110.19
110.21
110.24
110.27
110.29
110.32
Camarilla
110.19
110.20
110.21
110.24
110.22
110.23
110.24
Woodie's
110.09
110.15
110.17
110.23
110.25
110.31
110.32
DeMark's
-
-
110.17
110.23
110.25
-
-","Technical IndicatorsJun 17, 2021 09:23PM GMT
Name
Value
Action
RSI(14)
41.756
Sell
STOCH(9,6)
15.775
Oversold
STOCHRSI(14)
12.722
Oversold
MACD(12,26)
-0.030
Sell
ADX(14)
33.370
Sell
Williams %R
-87.394
Oversold
CCI(14)
-76.8927
Sell
ATR(14)
0.1239
Less Volatility
Highs/Lows(14)
-0.1121
Sell
Ultimate Oscillator
48.189
Sell
ROC
-0.303
Sell
Bull/Bear Power(13)
-0.2580
Sell
Buy: 0
Sell: 8
Neutral: 0


Summary:Strong Sell","Jun 17, 2021 09:23PM GMT"
aud_usd,0.7554 +0.0003    +0.05%,17:23:41,2021-06-17 21:24:10.468867,"Prev. Close: 0.7550
Bid/Ask: 0.7553 / 0.7554
Day's Range: 0.7547 - 0.7557",Strong Sell,"Summary:Strong Sell
Moving Averages:SellBuy (2)Sell (10)
Technical Indicators:Strong SellBuy (0)Sell (9)","Name
S3
S2
S1
Pivot Points
R1
R2
R3
Classic
0.7541
0.7544
0.7548
0.7551
0.7555
0.7558
0.7562
Fibonacci
0.7544
0.7547
0.7548
0.7551
0.7554
0.7555
0.7558
Camarilla
0.7549
0.7550
0.7550
0.7551
0.7552
0.7552
0.7553
Woodie's
0.7541
0.7544
0.7548
0.7551
0.7555
0.7558
0.7562
DeMark's
-
-
0.7549
0.7551
0.7556
-
-","Technical IndicatorsJun 17, 2021 09:23PM GMT
Name
Value
Action
RSI(14)
31.059
Sell
STOCH(9,6)
20.036
Sell
STOCHRSI(14)
100.000
Overbought
MACD(12,26)
-0.003
Sell
ADX(14)
52.645
Sell
Williams %R
-81.437
Oversold
CCI(14)
-80.0906
Sell
ATR(14)
0.0017
Less Volatility
Highs/Lows(14)
-0.0004
Sell
Ultimate Oscillator
35.041
Sell
ROC
-0.781
Sell
Bull/Bear Power(13)
-0.0017
Sell
Buy: 0
Sell: 9
Neutral: 0


Summary:Strong Sell","Jun 17, 2021 09:23PM GMT"
eur_gbp,0.8553 +0.0001    +0.02%,17:23:30,2021-06-17 21:24:10.471876,"Prev. Close: 0.8551
Bid/Ask: 0.8550 / 0.8555
Day's Range: 0.8549 - 0.8557",Strong Sell,"Summary:Strong Sell
Moving Averages:Strong SellBuy (0)Sell (12)
Technical Indicators:Strong SellBuy (2)Sell (8)","Name
S3
S2
S1
Pivot Points
R1
R2
R3
Classic
0.8542
0.8544
0.8549
0.8552
0.8557
0.8560
0.8564
Fibonacci
0.8544
0.8547
0.8549
0.8552
0.8555
0.8557
0.8560
Camarilla
0.8553
0.8554
0.8554
0.8552
0.8556
0.8556
0.8557
Woodie's
0.8544
0.8545
0.8551
0.8553
0.8559
0.8561
0.8566
DeMark's
-
-
0.8551
0.8553
0.8559
-
-","Technical IndicatorsJun 17, 2021 09:23PM GMT
Name
Value
Action
RSI(14)
37.482
Sell
STOCH(9,6)
39.259
Sell
STOCHRSI(14)
69.512
Buy
MACD(12,26)
-0.001
Sell
ADX(14)
42.380
Sell
Williams %R
-66.667
Sell
CCI(14)
-66.5701
Sell
ATR(14)
0.0010
Less Volatility
Highs/Lows(14)
0.0000
Neutral
Ultimate Oscillator
52.653
Buy
ROC
-0.035
Sell
Bull/Bear Power(13)
-0.0015
Sell
Buy: 2
Sell: 8
Neutral: 1


Summary:Strong Sell","Jun 17, 2021 09:23PM GMT"
usd_cad,1.2356 -0.0006    -0.04%,17:23:41,2021-06-17 21:24:10.474829,"Prev. Close: 1.2361
Bid/Ask: 1.2354 / 1.2357
Day's Range: 1.2351 - 1.2368",Strong Buy,"Summary:Strong Buy
Moving Averages:BuyBuy (12)Sell (0)
Technical Indicators:Strong BuyBuy (9)Sell (1)","Name
S3
S2
S1
Pivot Points
R1
R2
R3
Classic
1.2342
1.2346
1.2353
1.2357
1.2364
1.2368
1.2375
Fibonacci
1.2346
1.2350
1.2353
1.2357
1.2361
1.2364
1.2368
Camarilla
1.2358
1.2359
1.2360
1.2357
1.2362
1.2363
1.2364
Woodie's
1.2344
1.2347
1.2355
1.2358
1.2366
1.2369
1.2377
DeMark's
-
-
1.2356
1.2358
1.2366
-
-","Technical IndicatorsJun 17, 2021 09:23PM GMT
Name
Value
Action
RSI(14)
71.093
Buy
STOCH(9,6)
74.984
Buy
STOCHRSI(14)
37.789
Sell
MACD(12,26)
0.003
Buy
ADX(14)
45.997
Buy
Williams %R
-22.286
Buy
CCI(14)
112.3335
Buy
ATR(14)
0.0024
Less Volatility
Highs/Lows(14)
0.0009
Buy
Ultimate Oscillator
70.635
Overbought
ROC
0.459
Buy
Bull/Bear Power(13)
0.0039
Buy
Buy: 9
Sell: 1
Neutral: 0


Summary:Strong Buy","Jun 17, 2021 09:23PM GMT"
usd_chf,0.9179 +0.0006    +0.06%,17:23:17,2021-06-17 21:24:10.477774,"Prev. Close: 0.9173
Bid/Ask: 0.9178 / 0.9179
Day's Range: 0.9169 - 0.9183",Strong Buy,"Summary:Strong Buy
Moving Averages:BuyBuy (12)Sell (0)
Technical Indicators:Strong BuyBuy (7)Sell (0)","Name
S3
S2
S1
Pivot Points
R1
R2
R3
Classic
0.9166
0.9170
0.9173
0.9177
0.9180
0.9184
0.9187
Fibonacci
0.9170
0.9173
0.9174
0.9177
0.9180
0.9181
0.9184
Camarilla
0.9173
0.9174
0.9174
0.9177
0.9176
0.9176
0.9177
Woodie's
0.9164
0.9169
0.9171
0.9176
0.9178
0.9183
0.9185
DeMark's
-
-
0.9171
0.9176
0.9178
-
-","Technical IndicatorsJun 17, 2021 09:23PM GMT
Name
Value
Action
RSI(14)
75.510
Overbought
STOCH(9,6)
80.709
Overbought
STOCHRSI(14)
6.601
Oversold
MACD(12,26)
0.003
Buy
ADX(14)
41.373
Buy
Williams %R
-13.571
Overbought
CCI(14)
92.9474
Buy
ATR(14)
0.0016
High Volatility
Highs/Lows(14)
0.0010
Buy
Ultimate Oscillator
68.076
Buy
ROC
0.630
Buy
Bull/Bear Power(13)
0.0031
Buy
Buy: 7
Sell: 0
Neutral: 0


Summary:Strong Buy","Jun 17, 2021 09:23PM GMT"
nzd_chf,0.6431 +0.0012    +0.19%,17:23:42,2021-06-17 21:24:10.480772,"Prev. Close: 0.6419
Bid/Ask: 0.6429 / 0.6433
Day's Range: 0.6422 - 0.6434",Neutral,"Summary:Neutral
Moving Averages:BuyBuy (10)Sell (2)
Technical Indicators:NeutralBuy (3)Sell (3)","Name
S3
S2
S1
Pivot Points
R1
R2
R3
Classic
0.6411
0.6417
0.6420
0.6426
0.6429
0.6435
0.6438
Fibonacci
0.6417
0.6420
0.6423
0.6426
0.6429
0.6432
0.6435
Camarilla
0.6421
0.6421
0.6422
0.6426
0.6424
0.6425
0.6425
Woodie's
0.6409
0.6416
0.6418
0.6425
0.6427
0.6434
0.6436
DeMark's
-
-
0.6419
0.6425
0.6427
-
-","Technical IndicatorsJun 17, 2021 09:21PM GMT
Name
Value
Action
RSI(14)
54.249
Neutral
STOCH(9,6)
60.201
Buy
STOCHRSI(14)
57.739
Buy
MACD(12,26)
0.000
Buy
ADX(14)
29.230
Neutral
Williams %R
-46.237
Neutral
CCI(14)
13.6123
Neutral
ATR(14)
0.0012
Less Volatility
Highs/Lows(14)
0.0000
Neutral
Ultimate Oscillator
45.091
Sell
ROC
-0.209
Sell
Bull/Bear Power(13)
-0.0004
Sell
Buy: 3
Sell: 3
Neutral: 5


Summary:Neutral","Jun 17, 2021 09:21PM GMT"
usd_cny,6.4484 +0.0515    +0.80%,11:27:22,2021-06-17 21:24:10.483778,"Prev. Close: 6.3969
Bid/Ask: 6.4477 / 6.4490
Day's Range: 6.3972 - 6.4494",Strong Buy,"Summary:Strong Buy
Moving Averages:BuyBuy (12)Sell (0)
Technical Indicators:Strong BuyBuy (7)Sell (0)","Name
S3
S2
S1
Pivot Points
R1
R2
R3
Classic
6.4380
6.4399
6.4436
6.4455
6.4492
6.4511
6.4548
Fibonacci
6.4399
6.4420
6.4434
6.4455
6.4476
6.4490
6.4511
Camarilla
6.4458
6.4463
6.4468
6.4455
6.4479
6.4484
6.4489
Woodie's
6.4390
6.4404
6.4446
6.4460
6.4502
6.4516
6.4558
DeMark's
-
-
6.4446
6.4460
6.4502
-
-","Technical IndicatorsJun 17, 2021 03:34PM GMT
Name
Value
Action
RSI(14)
85.433
Overbought
STOCH(9,6)
77.649
Buy
STOCHRSI(14)
100.000
Overbought
MACD(12,26)
0.011
Buy
ADX(14)
61.337
Buy
Williams %R
-3.426
Overbought
CCI(14)
151.8010
Buy
ATR(14)
0.0041
Less Volatility
Highs/Lows(14)
0.0141
Buy
Ultimate Oscillator
82.973
Overbought
ROC
0.391
Buy
Bull/Bear Power(13)
0.0286
Buy
Buy: 7
Sell: 0
Neutral: 0


Summary:Strong Buy","Jun 17, 2021 03:34PM GMT"
usd_hkd,7.7649 +0.0004    +0.01%,17:23:38,2021-06-17 21:24:10.486779,"Prev. Close: 7.7644
Bid/Ask: 7.7648 / 7.7649
Day's Range: 7.7644 - 7.7650",Strong Buy,"Summary:Strong Buy
Moving Averages:BuyBuy (12)Sell (0)
Technical Indicators:Strong BuyBuy (7)Sell (2)","Name
S3
S2
S1
Pivot Points
R1
R2
R3
Classic
7.7632
7.7636
7.7641
7.7645
7.7649
7.7654
7.7658
Fibonacci
7.7636
7.7639
7.7642
7.7645
7.7648
7.7651
7.7654
Camarilla
7.7642
7.7643
7.7644
7.7645
7.7645
7.7646
7.7647
Woodie's
7.7632
7.7636
7.7641
7.7645
7.7649
7.7654
7.7658
DeMark's
-
-
7.7638
7.7644
7.7647
-
-","Technical IndicatorsJun 17, 2021 09:23PM GMT
Name
Value
Action
RSI(14)
56.487
Buy
STOCH(9,6)
57.729
Buy
STOCHRSI(14)
42.140
Sell
MACD(12,26)
0.000
Buy
ADX(14)
33.915
Sell
Williams %R
-39.473
Buy
CCI(14)
42.1550
Neutral
ATR(14)
0.0009
Less Volatility
Highs/Lows(14)
0.0000
Neutral
Ultimate Oscillator
56.309
Buy
ROC
0.003
Buy
Bull/Bear Power(13)
0.0013
Buy
Buy: 7
Sell: 2
Neutral: 2


Summary:Strong Buy","Jun 17, 2021 09:23PM GMT"
eur_usd,1.1908 +0.0001    +0.01%,17:24:56,2021-06-17 21:25:10.257285,"Prev. Close: 1.1906
Bid/Ask: 1.1907 / 1.1908
Day's Range: 1.1906 - 1.1909",Strong Sell,"Summary:Strong Sell
Moving Averages:Strong SellBuy (0)Sell (12)
Technical Indicators:Strong SellBuy (0)Sell (10)","Name
S3
S2
S1
Pivot Points
R1
R2
R3
Classic
1.1893
1.1897
1.1902
1.1906
1.1911
1.1915
1.1921
Fibonacci
1.1897
1.1900
1.1902
1.1906
1.1910
1.1912
1.1915
Camarilla
1.1905
1.1906
1.1907
1.1906
1.1908
1.1909
1.1910
Woodie's
1.1893
1.1897
1.1902
1.1906
1.1911
1.1915
1.1921
DeMark's
-
-
1.1904
1.1907
1.1913
-
-","Technical IndicatorsJun 17, 2021 09:23PM GMT
Name
Value
Action
RSI(14)
28.090
Sell
STOCH(9,6)
23.846
Sell
STOCHRSI(14)
100.000
Overbought
MACD(12,26)
-0.004
Sell
ADX(14)
42.257
Sell
Williams %R
-78.621
Sell
CCI(14)
-91.9264
Sell
ATR(14)
0.0018
Less Volatility
Highs/Lows(14)
-0.0009
Sell
Ultimate Oscillator
33.662
Sell
ROC
-0.397
Sell
Bull/Bear Power(13)
-0.0025
Sell
Buy: 0
Sell: 10
Neutral: 0


Summary:Strong Sell","Jun 17, 2021 09:23PM GMT"
gbp_usd,1.3925 +0.0006    +0.04%,17:24:49,2021-06-17 21:25:10.261199,"Prev. Close: 1.3919
Bid/Ask: 1.3922 / 1.3927
Day's Range: 1.3915 - 1.3929",Strong Sell,"Summary:Strong Sell
Moving Averages:SellBuy (3)Sell (9)
Technical Indicators:Strong SellBuy (0)Sell (10)","Name
S3
S2
S1
Pivot Points
R1
R2
R3
Classic
1.3912
1.3916
1.3921
1.3925
1.3930
1.3934
1.3940
Fibonacci
1.3916
1.3919
1.3922
1.3925
1.3928
1.3931
1.3934
Camarilla
1.3924
1.3925
1.3926
1.3925
1.3927
1.3928
1.3929
Woodie's
1.3912
1.3916
1.3921
1.3925
1.3930
1.3934
1.3940
DeMark's
-
-
1.3923
1.3926
1.3932
-
-","Technical IndicatorsJun 17, 2021 09:23PM GMT
Name
Value
Action
RSI(14)
36.396
Sell
STOCH(9,6)
32.243
Sell
STOCHRSI(14)
97.524
Overbought
MACD(12,26)
-0.003
Sell
ADX(14)
39.306
Sell
Williams %R
-70.707
Sell
CCI(14)
-69.8023
Sell
ATR(14)
0.0024
Less Volatility
Highs/Lows(14)
-0.0002
Sell
Ultimate Oscillator
36.173
Sell
ROC
-0.358
Sell
Bull/Bear Power(13)
-0.0036
Sell
Buy: 0
Sell: 10
Neutral: 0


Summary:Strong Sell","Jun 17, 2021 09:23PM GMT"
usd_jpy,110.26 +0.06    +0.05%,17:24:16,2021-06-17 21:25:10.264353,"Prev. Close: 110.20
Bid/Ask: 110.23 / 110.28
Day's Range: 110.17 - 110.83",Strong Sell,"Summary:Strong Sell
Moving Averages:SellBuy (5)Sell (7)
Technical Indicators:Strong SellBuy (0)Sell (8)","Name
S3
S2
S1
Pivot Points
R1
R2
R3
Classic
110.11
110.16
110.19
110.24
110.27
110.32
110.34
Fibonacci
110.16
110.19
110.21
110.24
110.27
110.29
110.32
Camarilla
110.19
110.20
110.21
110.24
110.22
110.23
110.24
Woodie's
110.09
110.15
110.17
110.23
110.25
110.31
110.32
DeMark's
-
-
110.17
110.23
110.25
-
-","Technical IndicatorsJun 17, 2021 09:23PM GMT
Name
Value
Action
RSI(14)
41.756
Sell
STOCH(9,6)
15.775
Oversold
STOCHRSI(14)
12.722
Oversold
MACD(12,26)
-0.030
Sell
ADX(14)
33.370
Sell
Williams %R
-87.394
Oversold
CCI(14)
-76.8927
Sell
ATR(14)
0.1239
Less Volatility
Highs/Lows(14)
-0.1121
Sell
Ultimate Oscillator
48.189
Sell
ROC
-0.303
Sell
Bull/Bear Power(13)
-0.2580
Sell
Buy: 0
Sell: 8
Neutral: 0


Summary:Strong Sell","Jun 17, 2021 09:23PM GMT"
aud_usd,0.7555 +0.0005    +0.07%,17:24:44,2021-06-17 21:25:10.267383,"Prev. Close: 0.7550
Bid/Ask: 0.7553 / 0.7557
Day's Range: 0.7547 - 0.7557",Strong Sell,"Summary:Strong Sell
Moving Averages:SellBuy (2)Sell (10)
Technical Indicators:Strong SellBuy (0)Sell (9)","Name
S3
S2
S1
Pivot Points
R1
R2
R3
Classic
0.7541
0.7544
0.7548
0.7551
0.7555
0.7558
0.7562
Fibonacci
0.7544
0.7547
0.7548
0.7551
0.7554
0.7555
0.7558
Camarilla
0.7549
0.7550
0.7550
0.7551
0.7552
0.7552
0.7553
Woodie's
0.7541
0.7544
0.7548
0.7551
0.7555
0.7558
0.7562
DeMark's
-
-
0.7549
0.7551
0.7556
-
-","Technical IndicatorsJun 17, 2021 09:23PM GMT
Name
Value
Action
RSI(14)
31.059
Sell
STOCH(9,6)
20.036
Sell
STOCHRSI(14)
100.000
Overbought
MACD(12,26)
-0.003
Sell
ADX(14)
52.645
Sell
Williams %R
-81.437
Oversold
CCI(14)
-80.0906
Sell
ATR(14)
0.0017
Less Volatility
Highs/Lows(14)
-0.0004
Sell
Ultimate Oscillator
35.041
Sell
ROC
-0.781
Sell
Bull/Bear Power(13)
-0.0017
Sell
Buy: 0
Sell: 9
Neutral: 0


Summary:Strong Sell","Jun 17, 2021 09:23PM GMT"
eur_gbp,0.8549 -0.0002    -0.02%,17:24:30,2021-06-17 21:25:10.270322,"Prev. Close: 0.8551
Bid/Ask: 0.8546 / 0.8552
Day's Range: 0.8549 - 0.8557",Strong Sell,"Summary:Strong Sell
Moving Averages:Strong SellBuy (0)Sell (12)
Technical Indicators:Strong SellBuy (2)Sell (8)","Name
S3
S2
S1
Pivot Points
R1
R2
R3
Classic
0.8542
0.8544
0.8549
0.8552
0.8557
0.8560
0.8564
Fibonacci
0.8544
0.8547
0.8549
0.8552
0.8555
0.8557
0.8560
Camarilla
0.8553
0.8554
0.8554
0.8552
0.8556
0.8556
0.8557
Woodie's
0.8544
0.8545
0.8551
0.8553
0.8559
0.8561
0.8566
DeMark's
-
-
0.8551
0.8553
0.8559
-
-","Technical IndicatorsJun 17, 2021 09:23PM GMT
Name
Value
Action
RSI(14)
37.482
Sell
STOCH(9,6)
39.259
Sell
STOCHRSI(14)
69.512
Buy
MACD(12,26)
-0.001
Sell
ADX(14)
42.380
Sell
Williams %R
-66.667
Sell
CCI(14)
-66.5701
Sell
ATR(14)
0.0010
Less Volatility
Highs/Lows(14)
0.0000
Neutral
Ultimate Oscillator
52.653
Buy
ROC
-0.035
Sell
Bull/Bear Power(13)
-0.0015
Sell
Buy: 2
Sell: 8
Neutral: 1


Summary:Strong Sell","Jun 17, 2021 09:23PM GMT"
usd_cad,1.2355 -0.0006    -0.05%,17:24:55,2021-06-17 21:25:10.273261,"Prev. Close: 1.2361
Bid/Ask: 1.2353 / 1.2357
Day's Range: 1.2351 - 1.2368",Strong Buy,"Summary:Strong Buy
Moving Averages:BuyBuy (12)Sell (0)
Technical Indicators:Strong BuyBuy (9)Sell (1)","Name
S3
S2
S1
Pivot Points
R1
R2
R3
Classic
1.2342
1.2346
1.2353
1.2357
1.2364
1.2368
1.2375
Fibonacci
1.2346
1.2350
1.2353
1.2357
1.2361
1.2364
1.2368
Camarilla
1.2358
1.2359
1.2360
1.2357
1.2362
1.2363
1.2364
Woodie's
1.2344
1.2347
1.2355
1.2358
1.2366
1.2369
1.2377
DeMark's
-
-
1.2356
1.2358
1.2366
-
-","Technical IndicatorsJun 17, 2021 09:23PM GMT
Name
Value
Action
RSI(14)
71.093
Buy
STOCH(9,6)
74.984
Buy
STOCHRSI(14)
37.789
Sell
MACD(12,26)
0.003
Buy
ADX(14)
45.997
Buy
Williams %R
-22.286
Buy
CCI(14)
112.3335
Buy
ATR(14)
0.0024
Less Volatility
Highs/Lows(14)
0.0009
Buy
Ultimate Oscillator
70.635
Overbought
ROC
0.459
Buy
Bull/Bear Power(13)
0.0039
Buy
Buy: 9
Sell: 1
Neutral: 0


Summary:Strong Buy","Jun 17, 2021 09:23PM GMT"
usd_chf,0.9180 +0.0007    +0.08%,17:24:40,2021-06-17 21:25:10.276190,"Prev. Close: 0.9173
Bid/Ask: 0.9178 / 0.9182
Day's Range: 0.9169 - 0.9183",Strong Buy,"Summary:Strong Buy
Moving Averages:BuyBuy (12)Sell (0)
Technical Indicators:Strong BuyBuy (7)Sell (0)","Name
S3
S2
S1
Pivot Points
R1
R2
R3
Classic
0.9166
0.9170
0.9173
0.9177
0.9180
0.9184
0.9187
Fibonacci
0.9170
0.9173
0.9174
0.9177
0.9180
0.9181
0.9184
Camarilla
0.9173
0.9174
0.9174
0.9177
0.9176
0.9176
0.9177
Woodie's
0.9164
0.9169
0.9171
0.9176
0.9178
0.9183
0.9185
DeMark's
-
-
0.9171
0.9176
0.9178
-
-","Technical IndicatorsJun 17, 2021 09:23PM GMT
Name
Value
Action
RSI(14)
75.510
Overbought
STOCH(9,6)
80.709
Overbought
STOCHRSI(14)
6.601
Oversold
MACD(12,26)
0.003
Buy
ADX(14)
41.373
Buy
Williams %R
-13.571
Overbought
CCI(14)
92.9474
Buy
ATR(14)
0.0016
High Volatility
Highs/Lows(14)
0.0010
Buy
Ultimate Oscillator
68.076
Buy
ROC
0.630
Buy
Bull/Bear Power(13)
0.0031
Buy
Buy: 7
Sell: 0
Neutral: 0


Summary:Strong Buy","Jun 17, 2021 09:23PM GMT"
nzd_chf,0.6433 +0.0014    +0.21%,17:24:43,2021-06-17 21:25:10.279129,"Prev. Close: 0.6419
Bid/Ask: 0.6430 / 0.6435
Day's Range: 0.6422 - 0.6434",Neutral,"Summary:Neutral
Moving Averages:BuyBuy (10)Sell (2)
Technical Indicators:NeutralBuy (3)Sell (3)","Name
S3
S2
S1
Pivot Points
R1
R2
R3
Classic
0.6411
0.6417
0.6420
0.6426
0.6429
0.6435
0.6438
Fibonacci
0.6417
0.6420
0.6423
0.6426
0.6429
0.6432
0.6435
Camarilla
0.6421
0.6421
0.6422
0.6426
0.6424
0.6425
0.6425
Woodie's
0.6409
0.6416
0.6418
0.6425
0.6427
0.6434
0.6436
DeMark's
-
-
0.6419
0.6425
0.6427
-
-","Technical IndicatorsJun 17, 2021 09:23PM GMT
Name
Value
Action
RSI(14)
54.578
Neutral
STOCH(9,6)
60.498
Buy
STOCHRSI(14)
59.000
Buy
MACD(12,26)
0.000
Buy
ADX(14)
29.230
Neutral
Williams %R
-45.162
Neutral
CCI(14)
15.3301
Neutral
ATR(14)
0.0012
Less Volatility
Highs/Lows(14)
0.0000
Neutral
Ultimate Oscillator
45.640
Sell
ROC
-0.202
Sell
Bull/Bear Power(13)
-0.0004
Sell
Buy: 3
Sell: 3
Neutral: 5


Summary:Neutral","Jun 17, 2021 09:23PM GMT"
usd_cny,6.4484 +0.0515    +0.80%,11:27:22,2021-06-17 21:25:10.282047,"Prev. Close: 6.3969
Bid/Ask: 6.4477 / 6.4490
Day's Range: 6.3972 - 6.4494",Strong Buy,"Summary:Strong Buy
Moving Averages:BuyBuy (12)Sell (0)
Technical Indicators:Strong BuyBuy (7)Sell (0)","Name
S3
S2
S1
Pivot Points
R1
R2
R3
Classic
6.4380
6.4399
6.4436
6.4455
6.4492
6.4511
6.4548
Fibonacci
6.4399
6.4420
6.4434
6.4455
6.4476
6.4490
6.4511
Camarilla
6.4458
6.4463
6.4468
6.4455
6.4479
6.4484
6.4489
Woodie's
6.4390
6.4404
6.4446
6.4460
6.4502
6.4516
6.4558
DeMark's
-
-
6.4446
6.4460
6.4502
-
-","Technical IndicatorsJun 17, 2021 03:34PM GMT
Name
Value
Action
RSI(14)
85.433
Overbought
STOCH(9,6)
77.649
Buy
STOCHRSI(14)
100.000
Overbought
MACD(12,26)
0.011
Buy
ADX(14)
61.337
Buy
Williams %R
-3.426
Overbought
CCI(14)
151.8010
Buy
ATR(14)
0.0041
Less Volatility
Highs/Lows(14)
0.0141
Buy
Ultimate Oscillator
82.973
Overbought
ROC
0.391
Buy
Bull/Bear Power(13)
0.0286
Buy
Buy: 7
Sell: 0
Neutral: 0


Summary:Strong Buy","Jun 17, 2021 03:34PM GMT"
usd_hkd,7.7646 +0.0001    +0.00%,17:24:29,2021-06-17 21:25:10.284988,"Prev. Close: 7.7644
Bid/Ask: 7.7643 / 7.7648
Day's Range: 7.7644 - 7.7650",Strong Buy,"Summary:Strong Buy
Moving Averages:BuyBuy (12)Sell (0)
Technical Indicators:Strong BuyBuy (7)Sell (2)","Name
S3
S2
S1
Pivot Points
R1
R2
R3
Classic
7.7632
7.7636
7.7641
7.7645
7.7649
7.7654
7.7658
Fibonacci
7.7636
7.7639
7.7642
7.7645
7.7648
7.7651
7.7654
Camarilla
7.7642
7.7643
7.7644
7.7645
7.7645
7.7646
7.7647
Woodie's
7.7632
7.7636
7.7641
7.7645
7.7649
7.7654
7.7658
DeMark's
-
-
7.7638
7.7644
7.7647
-
-","Technical IndicatorsJun 17, 2021 09:23PM GMT
Name
Value
Action
RSI(14)
56.487
Buy
STOCH(9,6)
57.729
Buy
STOCHRSI(14)
42.140
Sell
MACD(12,26)
0.000
Buy
ADX(14)
33.915
Sell
Williams %R
-39.473
Buy
CCI(14)
42.1550
Neutral
ATR(14)
0.0009
Less Volatility
Highs/Lows(14)
0.0000
Neutral
Ultimate Oscillator
56.309
Buy
ROC
0.003
Buy
Bull/Bear Power(13)
0.0013
Buy
Buy: 7
Sell: 2
Neutral: 2


Summary:Strong Buy","Jun 17, 2021 09:23PM GMT"
eur_usd,1.1908 +0.0001    +0.01%,17:25:38,2021-06-17 21:26:10.732788,"Prev. Close: 1.1906
Bid/Ask: 1.1907 / 1.1908
Day's Range: 1.1906 - 1.1909",Strong Sell,"Summary:Strong Sell
Moving Averages:Strong SellBuy (0)Sell (12)
Technical Indicators:Strong SellBuy (0)Sell (10)","Name
S3
S2
S1
Pivot Points
R1
R2
R3
Classic
1.1893
1.1897
1.1902
1.1906
1.1911
1.1915
1.1921
Fibonacci
1.1897
1.1900
1.1902
1.1906
1.1910
1.1912
1.1915
Camarilla
1.1905
1.1906
1.1907
1.1906
1.1908
1.1909
1.1910
Woodie's
1.1893
1.1897
1.1902
1.1906
1.1911
1.1915
1.1921
DeMark's
-
-
1.1904
1.1907
1.1913
-
-","Technical IndicatorsJun 17, 2021 09:25PM GMT
Name
Value
Action
RSI(14)
28.090
Sell
STOCH(9,6)
23.846
Sell
STOCHRSI(14)
100.000
Overbought
MACD(12,26)
-0.004
Sell
ADX(14)
42.257
Sell
Williams %R
-78.621
Sell
CCI(14)
-91.9264
Sell
ATR(14)
0.0018
Less Volatility
Highs/Lows(14)
-0.0009
Sell
Ultimate Oscillator
33.662
Sell
ROC
-0.397
Sell
Bull/Bear Power(13)
-0.0025
Sell
Buy: 0
Sell: 10
Neutral: 0


Summary:Strong Sell","Jun 17, 2021 09:25PM GMT"
gbp_usd,1.3927 +0.0008    +0.05%,17:25:30,2021-06-17 21:26:10.736774,"Prev. Close: 1.3919
Bid/Ask: 1.3925 / 1.3928
Day's Range: 1.3915 - 1.3929",Strong Sell,"Summary:Strong Sell
Moving Averages:SellBuy (2)Sell (10)
Technical Indicators:Strong SellBuy (0)Sell (10)","Name
S3
S2
S1
Pivot Points
R1
R2
R3
Classic
1.3912
1.3916
1.3921
1.3925
1.3930
1.3934
1.3940
Fibonacci
1.3916
1.3919
1.3922
1.3925
1.3928
1.3931
1.3934
Camarilla
1.3924
1.3925
1.3926
1.3925
1.3927
1.3928
1.3929
Woodie's
1.3912
1.3916
1.3921
1.3925
1.3930
1.3934
1.3940
DeMark's
-
-
1.3923
1.3926
1.3932
-
-","Technical IndicatorsJun 17, 2021 09:25PM GMT
Name
Value
Action
RSI(14)
36.175
Sell
STOCH(9,6)
31.992
Sell
STOCHRSI(14)
95.896
Overbought
MACD(12,26)
-0.003
Sell
ADX(14)
39.306
Sell
Williams %R
-71.717
Sell
CCI(14)
-70.9229
Sell
ATR(14)
0.0024
Less Volatility
Highs/Lows(14)
-0.0003
Sell
Ultimate Oscillator
35.667
Sell
ROC
-0.365
Sell
Bull/Bear Power(13)
-0.0036
Sell
Buy: 0
Sell: 10
Neutral: 0


Summary:Strong Sell","Jun 17, 2021 09:25PM GMT"
usd_jpy,110.26 +0.06    +0.05%,17:25:32,2021-06-17 21:26:10.739972,"Prev. Close: 110.20
Bid/Ask: 110.23 / 110.28
Day's Range: 110.17 - 110.83",Strong Sell,"Summary:Strong Sell
Moving Averages:SellBuy (5)Sell (7)
Technical Indicators:Strong SellBuy (0)Sell (8)","Name
S3
S2
S1
Pivot Points
R1
R2
R3
Classic
110.11
110.16
110.19
110.24
110.27
110.32
110.34
Fibonacci
110.16
110.19
110.21
110.24
110.27
110.29
110.32
Camarilla
110.19
110.20
110.21
110.24
110.22
110.23
110.24
Woodie's
110.09
110.15
110.17
110.23
110.25
110.31
110.32
DeMark's
-
-
110.17
110.23
110.25
-
-","Technical IndicatorsJun 17, 2021 09:25PM GMT
Name
Value
Action
RSI(14)
41.756
Sell
STOCH(9,6)
15.775
Oversold
STOCHRSI(14)
12.722
Oversold
MACD(12,26)
-0.030
Sell
ADX(14)
33.370
Sell
Williams %R
-87.394
Oversold
CCI(14)
-76.8927
Sell
ATR(14)
0.1239
Less Volatility
Highs/Lows(14)
-0.1121
Sell
Ultimate Oscillator
48.189
Sell
ROC
-0.303
Sell
Bull/Bear Power(13)
-0.2580
Sell
Buy: 0
Sell: 8
Neutral: 0


Summary:Strong Sell","Jun 17, 2021 09:25PM GMT"
aud_usd,0.7554 +0.0004    +0.05%,17:25:35,2021-06-17 21:26:10.743128,"Prev. Close: 0.7550
Bid/Ask: 0.7552 / 0.7556
Day's Range: 0.7547 - 0.7557",Strong Sell,"Summary:Strong Sell
Moving Averages:SellBuy (2)Sell (10)
Technical Indicators:Strong SellBuy (0)Sell (8)","Name
S3
S2
S1
Pivot Points
R1
R2
R3
Classic
0.7541
0.7544
0.7548
0.7551
0.7555
0.7558
0.7562
Fibonacci
0.7544
0.7547
0.7548
0.7551
0.7554
0.7555
0.7558
Camarilla
0.7549
0.7550
0.7550
0.7551
0.7552
0.7552
0.7553
Woodie's
0.7541
0.7544
0.7548
0.7551
0.7555
0.7558
0.7562
DeMark's
-
-
0.7549
0.7551
0.7556
-
-","Technical IndicatorsJun 17, 2021 09:25PM GMT
Name
Value
Action
RSI(14)
30.391
Sell
STOCH(9,6)
19.718
Oversold
STOCHRSI(14)
100.000
Overbought
MACD(12,26)
-0.003
Sell
ADX(14)
52.645
Sell
Williams %R
-82.635
Oversold
CCI(14)
-81.4392
Sell
ATR(14)
0.0017
Less Volatility
Highs/Lows(14)
-0.0005
Sell
Ultimate Oscillator
34.264
Sell
ROC
-0.795
Sell
Bull/Bear Power(13)
-0.0017
Sell
Buy: 0
Sell: 8
Neutral: 0


Summary:Strong Sell","Jun 17, 2021 09:25PM GMT"
eur_gbp,0.8551 -0.0001    -0.01%,17:25:40,2021-06-17 21:26:10.745987,"Prev. Close: 0.8551
Bid/Ask: 0.8549 / 0.8552
Day's Range: 0.8549 - 0.8557",Strong Sell,"Summary:Strong Sell
Moving Averages:Strong SellBuy (0)Sell (12)
Technical Indicators:Strong SellBuy (2)Sell (8)","Name
S3
S2
S1
Pivot Points
R1
R2
R3
Classic
0.8542
0.8544
0.8549
0.8552
0.8557
0.8560
0.8564
Fibonacci
0.8544
0.8547
0.8549
0.8552
0.8555
0.8557
0.8560
Camarilla
0.8553
0.8554
0.8554
0.8552
0.8556
0.8556
0.8557
Woodie's
0.8544
0.8545
0.8551
0.8553
0.8559
0.8561
0.8566
DeMark's
-
-
0.8551
0.8553
0.8559
-
-","Technical IndicatorsJun 17, 2021 09:25PM GMT
Name
Value
Action
RSI(14)
37.149
Sell
STOCH(9,6)
38.951
Sell
STOCHRSI(14)
68.067
Buy
MACD(12,26)
-0.001
Sell
ADX(14)
42.380
Sell
Williams %R
-68.334
Sell
CCI(14)
-69.4749
Sell
ATR(14)
0.0010
Less Volatility
Highs/Lows(14)
0.0000
Neutral
Ultimate Oscillator
51.991
Buy
ROC
-0.041
Sell
Bull/Bear Power(13)
-0.0015
Sell
Buy: 2
Sell: 8
Neutral: 1


Summary:Strong Sell","Jun 17, 2021 09:25PM GMT"
usd_cad,1.2357 -0.0004    -0.04%,17:25:31,2021-06-17 21:26:10.748862,"Prev. Close: 1.2361
Bid/Ask: 1.2354 / 1.2359
Day's Range: 1.2351 - 1.2368",Strong Buy,"Summary:Strong Buy
Moving Averages:Strong BuyBuy (11)Sell (1)
Technical Indicators:Strong BuyBuy (10)Sell (1)","Name
S3
S2
S1
Pivot Points
R1
R2
R3
Classic
1.2342
1.2346
1.2353
1.2357
1.2364
1.2368
1.2375
Fibonacci
1.2346
1.2350
1.2353
1.2357
1.2361
1.2364
1.2368
Camarilla
1.2358
1.2359
1.2360
1.2357
1.2362
1.2363
1.2364
Woodie's
1.2344
1.2347
1.2355
1.2358
1.2366
1.2369
1.2377
DeMark's
-
-
1.2356
1.2358
1.2366
-
-","Technical IndicatorsJun 17, 2021 09:25PM GMT
Name
Value
Action
RSI(14)
69.435
Buy
STOCH(9,6)
74.377
Buy
STOCHRSI(14)
25.283
Sell
MACD(12,26)
0.003
Buy
ADX(14)
45.997
Buy
Williams %R
-25.715
Buy
CCI(14)
108.3726
Buy
ATR(14)
0.0024
Less Volatility
Highs/Lows(14)
0.0006
Buy
Ultimate Oscillator
69.180
Buy
ROC
0.435
Buy
Bull/Bear Power(13)
0.0039
Buy
Buy: 10
Sell: 1
Neutral: 0


Summary:Strong Buy","Jun 17, 2021 09:25PM GMT"
usd_chf,0.9180 +0.0007    +0.08%,17:24:40,2021-06-17 21:26:10.751742,"Prev. Close: 0.9173
Bid/Ask: 0.9178 / 0.9182
Day's Range: 0.9169 - 0.9183",Strong Buy,"Summary:Strong Buy
Moving Averages:BuyBuy (12)Sell (0)
Technical Indicators:Strong BuyBuy (7)Sell (0)","Name
S3
S2
S1
Pivot Points
R1
R2
R3
Classic
0.9166
0.9170
0.9173
0.9177
0.9180
0.9184
0.9187
Fibonacci
0.9170
0.9173
0.9174
0.9177
0.9180
0.9181
0.9184
Camarilla
0.9173
0.9174
0.9174
0.9177
0.9176
0.9176
0.9177
Woodie's
0.9164
0.9169
0.9171
0.9176
0.9178
0.9183
0.9185
DeMark's
-
-
0.9171
0.9176
0.9178
-
-","Technical IndicatorsJun 17, 2021 09:25PM GMT
Name
Value
Action
RSI(14)
75.842
Overbought
STOCH(9,6)
81.172
Overbought
STOCHRSI(14)
9.306
Oversold
MACD(12,26)
0.003
Buy
ADX(14)
41.373
Buy
Williams %R
-11.429
Overbought
CCI(14)
95.0835
Buy
ATR(14)
0.0016
High Volatility
Highs/Lows(14)
0.0012
Buy
Ultimate Oscillator
69.173
Buy
ROC
0.647
Buy
Bull/Bear Power(13)
0.0031
Buy
Buy: 7
Sell: 0
Neutral: 0


Summary:Strong Buy","Jun 17, 2021 09:25PM GMT"
nzd_chf,0.6433 +0.0014    +0.21%,17:25:42,2021-06-17 21:26:10.754608,"Prev. Close: 0.6419
Bid/Ask: 0.6430 / 0.6435
Day's Range: 0.6422 - 0.6434",Buy,"Summary:Buy
Moving Averages:BuyBuy (11)Sell (1)
Technical Indicators:BUYBuy (5)Sell (3)","Name
S3
S2
S1
Pivot Points
R1
R2
R3
Classic
0.6411
0.6417
0.6420
0.6426
0.6429
0.6435
0.6438
Fibonacci
0.6417
0.6420
0.6423
0.6426
0.6429
0.6432
0.6435
Camarilla
0.6421
0.6421
0.6422
0.6426
0.6424
0.6425
0.6425
Woodie's
0.6409
0.6416
0.6418
0.6425
0.6427
0.6434
0.6436
DeMark's
-
-
0.6419
0.6425
0.6427
-
-","Technical IndicatorsJun 17, 2021 09:25PM GMT
Name
Value
Action
RSI(14)
55.223
Buy
STOCH(9,6)
61.094
Buy
STOCHRSI(14)
61.472
Buy
MACD(12,26)
0.000
Buy
ADX(14)
29.230
Neutral
Williams %R
-43.012
Buy
CCI(14)
18.7506
Neutral
ATR(14)
0.0012
Less Volatility
Highs/Lows(14)
0.0000
Neutral
Ultimate Oscillator
46.740
Sell
ROC
-0.186
Sell
Bull/Bear Power(13)
-0.0004
Sell
Buy: 5
Sell: 3
Neutral: 3


Summary:BUY","Jun 17, 2021 09:25PM GMT"
usd_cny,6.4484 +0.0515    +0.80%,11:27:22,2021-06-17 21:26:10.757471,"Prev. Close: 6.3969
Bid/Ask: 6.4477 / 6.4490
Day's Range: 6.3972 - 6.4494",Strong Buy,"Summary:Strong Buy
Moving Averages:BuyBuy (12)Sell (0)
Technical Indicators:Strong BuyBuy (7)Sell (0)","Name
S3
S2
S1
Pivot Points
R1
R2
R3
Classic
6.4380
6.4399
6.4436
6.4455
6.4492
6.4511
6.4548
Fibonacci
6.4399
6.4420
6.4434
6.4455
6.4476
6.4490
6.4511
Camarilla
6.4458
6.4463
6.4468
6.4455
6.4479
6.4484
6.4489
Woodie's
6.4390
6.4404
6.4446
6.4460
6.4502
6.4516
6.4558
DeMark's
-
-
6.4446
6.4460
6.4502
-
-","Technical IndicatorsJun 17, 2021 03:34PM GMT
Name
Value
Action
RSI(14)
85.433
Overbought
STOCH(9,6)
77.649
Buy
STOCHRSI(14)
100.000
Overbought
MACD(12,26)
0.011
Buy
ADX(14)
61.337
Buy
Williams %R
-3.426
Overbought
CCI(14)
151.8010
Buy
ATR(14)
0.0041
Less Volatility
Highs/Lows(14)
0.0141
Buy
Ultimate Oscillator
82.973
Overbought
ROC
0.391
Buy
Bull/Bear Power(13)
0.0286
Buy
Buy: 7
Sell: 0
Neutral: 0


Summary:Strong Buy","Jun 17, 2021 03:34PM GMT"
usd_hkd,7.7646 +0.0001    +0.00%,17:25:28,2021-06-17 21:26:10.760353,"Prev. Close: 7.7644
Bid/Ask: 7.7643 / 7.7648
Day's Range: 7.7644 - 7.7650",Strong Buy,"Summary:Strong Buy
Moving Averages:BuyBuy (12)Sell (0)
Technical Indicators:Strong BuyBuy (7)Sell (2)","Name
S3
S2
S1
Pivot Points
R1
R2
R3
Classic
7.7632
7.7636
7.7641
7.7645
7.7649
7.7654
7.7658
Fibonacci
7.7636
7.7639
7.7642
7.7645
7.7648
7.7651
7.7654
Camarilla
7.7642
7.7643
7.7644
7.7645
7.7645
7.7646
7.7647
Woodie's
7.7632
7.7636
7.7641
7.7645
7.7649
7.7654
7.7658
DeMark's
-
-
7.7638
7.7644
7.7647
-
-","Technical IndicatorsJun 17, 2021 09:25PM GMT
Name
Value
Action
RSI(14)
56.487
Buy
STOCH(9,6)
57.729
Buy
STOCHRSI(14)
42.140
Sell
MACD(12,26)
0.000
Buy
ADX(14)
33.915
Sell
Williams %R
-39.473
Buy
CCI(14)
42.1550
Neutral
ATR(14)
0.0009
Less Volatility
Highs/Lows(14)
0.0000
Neutral
Ultimate Oscillator
56.309
Buy
ROC
0.003
Buy
Bull/Bear Power(13)
0.0013
Buy
Buy: 7
Sell: 2
Neutral: 2


Summary:Strong Buy","Jun 17, 2021 09:25PM GMT"
eur_usd,1.1908 +0.0001    +0.01%,17:26:53,2021-06-17 21:27:10.201511,"Prev. Close: 1.1906
Bid/Ask: 1.1907 / 1.1908
Day's Range: 1.1906 - 1.1909",Strong Sell,"Summary:Strong Sell
Moving Averages:Strong SellBuy (0)Sell (12)
Technical Indicators:Strong SellBuy (0)Sell (10)","Name
S3
S2
S1
Pivot Points
R1
R2
R3
Classic
1.1893
1.1897
1.1902
1.1906
1.1911
1.1915
1.1921
Fibonacci
1.1897
1.1900
1.1902
1.1906
1.1910
1.1912
1.1915
Camarilla
1.1905
1.1906
1.1907
1.1906
1.1908
1.1909
1.1910
Woodie's
1.1893
1.1897
1.1902
1.1906
1.1911
1.1915
1.1921
DeMark's
-
-
1.1904
1.1907
1.1913
-
-","Technical IndicatorsJun 17, 2021 09:25PM GMT
Name
Value
Action
RSI(14)
28.090
Sell
STOCH(9,6)
23.846
Sell
STOCHRSI(14)
100.000
Overbought
MACD(12,26)
-0.004
Sell
ADX(14)
42.257
Sell
Williams %R
-78.621
Sell
CCI(14)
-91.9264
Sell
ATR(14)
0.0018
Less Volatility
Highs/Lows(14)
-0.0009
Sell
Ultimate Oscillator
33.662
Sell
ROC
-0.397
Sell
Bull/Bear Power(13)
-0.0025
Sell
Buy: 0
Sell: 10
Neutral: 0


Summary:Strong Sell","Jun 17, 2021 09:25PM GMT"
gbp_usd,1.3923 +0.0003    +0.03%,17:26:50,2021-06-17 21:27:10.205366,"Prev. Close: 1.3919
Bid/Ask: 1.3921 / 1.3924
Day's Range: 1.3915 - 1.3929",Strong Sell,"Summary:Strong Sell
Moving Averages:SellBuy (2)Sell (10)
Technical Indicators:Strong SellBuy (0)Sell (10)","Name
S3
S2
S1
Pivot Points
R1
R2
R3
Classic
1.3912
1.3916
1.3921
1.3925
1.3930
1.3934
1.3940
Fibonacci
1.3916
1.3919
1.3922
1.3925
1.3928
1.3931
1.3934
Camarilla
1.3924
1.3925
1.3926
1.3925
1.3927
1.3928
1.3929
Woodie's
1.3912
1.3916
1.3921
1.3925
1.3930
1.3934
1.3940
DeMark's
-
-
1.3923
1.3926
1.3932
-
-","Technical IndicatorsJun 17, 2021 09:25PM GMT
Name
Value
Action
RSI(14)
36.175
Sell
STOCH(9,6)
31.992
Sell
STOCHRSI(14)
95.896
Overbought
MACD(12,26)
-0.003
Sell
ADX(14)
39.306
Sell
Williams %R
-71.717
Sell
CCI(14)
-70.9229
Sell
ATR(14)
0.0024
Less Volatility
Highs/Lows(14)
-0.0003
Sell
Ultimate Oscillator
35.667
Sell
ROC
-0.365
Sell
Bull/Bear Power(13)
-0.0036
Sell
Buy: 0
Sell: 10
Neutral: 0


Summary:Strong Sell","Jun 17, 2021 09:25PM GMT"
usd_jpy,110.26 +0.06    +0.05%,17:26:32,2021-06-17 21:27:10.208486,"Prev. Close: 110.20
Bid/Ask: 110.23 / 110.28
Day's Range: 110.17 - 110.83",Strong Sell,"Summary:Strong Sell
Moving Averages:SellBuy (5)Sell (7)
Technical Indicators:Strong SellBuy (0)Sell (8)","Name
S3
S2
S1
Pivot Points
R1
R2
R3
Classic
110.11
110.16
110.19
110.24
110.27
110.32
110.34
Fibonacci
110.16
110.19
110.21
110.24
110.27
110.29
110.32
Camarilla
110.19
110.20
110.21
110.24
110.22
110.23
110.24
Woodie's
110.09
110.15
110.17
110.23
110.25
110.31
110.32
DeMark's
-
-
110.17
110.23
110.25
-
-","Technical IndicatorsJun 17, 2021 09:25PM GMT
Name
Value
Action
RSI(14)
41.756
Sell
STOCH(9,6)
15.775
Oversold
STOCHRSI(14)
12.722
Oversold
MACD(12,26)
-0.030
Sell
ADX(14)
33.370
Sell
Williams %R
-87.394
Oversold
CCI(14)
-76.8927
Sell
ATR(14)
0.1239
Less Volatility
Highs/Lows(14)
-0.1121
Sell
Ultimate Oscillator
48.189
Sell
ROC
-0.303
Sell
Bull/Bear Power(13)
-0.2580
Sell
Buy: 0
Sell: 8
Neutral: 0


Summary:Strong Sell","Jun 17, 2021 09:25PM GMT"
aud_usd,0.7555 +0.0004    +0.06%,17:26:47,2021-06-17 21:27:10.211444,"Prev. Close: 0.7550
Bid/Ask: 0.7553 / 0.7556
Day's Range: 0.7547 - 0.7557",Strong Sell,"Summary:Strong Sell
Moving Averages:SellBuy (2)Sell (10)
Technical Indicators:Strong SellBuy (0)Sell (8)","Name
S3
S2
S1
Pivot Points
R1
R2
R3
Classic
0.7541
0.7544
0.7548
0.7551
0.7555
0.7558
0.7562
Fibonacci
0.7544
0.7547
0.7548
0.7551
0.7554
0.7555
0.7558
Camarilla
0.7549
0.7550
0.7550
0.7551
0.7552
0.7552
0.7553
Woodie's
0.7541
0.7544
0.7548
0.7551
0.7555
0.7558
0.7562
DeMark's
-
-
0.7549
0.7551
0.7556
-
-","Technical IndicatorsJun 17, 2021 09:25PM GMT
Name
Value
Action
RSI(14)
30.391
Sell
STOCH(9,6)
19.718
Oversold
STOCHRSI(14)
100.000
Overbought
MACD(12,26)
-0.003
Sell
ADX(14)
52.645
Sell
Williams %R
-82.635
Oversold
CCI(14)
-81.4392
Sell
ATR(14)
0.0017
Less Volatility
Highs/Lows(14)
-0.0005
Sell
Ultimate Oscillator
34.264
Sell
ROC
-0.795
Sell
Bull/Bear Power(13)
-0.0017
Sell
Buy: 0
Sell: 8
Neutral: 0


Summary:Strong Sell","Jun 17, 2021 09:25PM GMT"
eur_gbp,0.8552 0.0001    0.00%,17:26:32,2021-06-17 21:27:10.214331,"Prev. Close: 0.8551
Bid/Ask: 0.8550 / 0.8553
Day's Range: 0.8549 - 0.8557",Strong Sell,"Summary:Strong Sell
Moving Averages:Strong SellBuy (0)Sell (12)
Technical Indicators:Strong SellBuy (2)Sell (8)","Name
S3
S2
S1
Pivot Points
R1
R2
R3
Classic
0.8542
0.8544
0.8549
0.8552
0.8557
0.8560
0.8564
Fibonacci
0.8544
0.8547
0.8549
0.8552
0.8555
0.8557
0.8560
Camarilla
0.8553
0.8554
0.8554
0.8552
0.8556
0.8556
0.8557
Woodie's
0.8544
0.8545
0.8551
0.8553
0.8559
0.8561
0.8566
DeMark's
-
-
0.8551
0.8553
0.8559
-
-","Technical IndicatorsJun 17, 2021 09:25PM GMT
Name
Value
Action
RSI(14)
37.149
Sell
STOCH(9,6)
38.951
Sell
STOCHRSI(14)
68.067
Buy
MACD(12,26)
-0.001
Sell
ADX(14)
42.380
Sell
Williams %R
-68.334
Sell
CCI(14)
-69.4749
Sell
ATR(14)
0.0010
Less Volatility
Highs/Lows(14)
0.0000
Neutral
Ultimate Oscillator
51.991
Buy
ROC
-0.041
Sell
Bull/Bear Power(13)
-0.0015
Sell
Buy: 2
Sell: 8
Neutral: 1


Summary:Strong Sell","Jun 17, 2021 09:25PM GMT"
usd_cad,1.2356 -0.0005    -0.04%,17:26:50,2021-06-17 21:27:10.217226,"Prev. Close: 1.2361
Bid/Ask: 1.2354 / 1.2358
Day's Range: 1.2351 - 1.2368",Strong Buy,"Summary:Strong Buy
Moving Averages:Strong BuyBuy (11)Sell (1)
Technical Indicators:Strong BuyBuy (10)Sell (1)","Name
S3
S2
S1
Pivot Points
R1
R2
R3
Classic
1.2342
1.2346
1.2353
1.2357
1.2364
1.2368
1.2375
Fibonacci
1.2346
1.2350
1.2353
1.2357
1.2361
1.2364
1.2368
Camarilla
1.2358
1.2359
1.2360
1.2357
1.2362
1.2363
1.2364
Woodie's
1.2344
1.2347
1.2355
1.2358
1.2366
1.2369
1.2377
DeMark's
-
-
1.2356
1.2358
1.2366
-
-","Technical IndicatorsJun 17, 2021 09:25PM GMT
Name
Value
Action
RSI(14)
69.435
Buy
STOCH(9,6)
74.377
Buy
STOCHRSI(14)
25.283
Sell
MACD(12,26)
0.003
Buy
ADX(14)
45.997
Buy
Williams %R
-25.715
Buy
CCI(14)
108.3726
Buy
ATR(14)
0.0024
Less Volatility
Highs/Lows(14)
0.0006
Buy
Ultimate Oscillator
69.180
Buy
ROC
0.435
Buy
Bull/Bear Power(13)
0.0039
Buy
Buy: 10
Sell: 1
Neutral: 0


Summary:Strong Buy","Jun 17, 2021 09:25PM GMT"
usd_chf,0.9180 +0.0007    +0.08%,17:24:40,2021-06-17 21:27:10.220167,"Prev. Close: 0.9173
Bid/Ask: 0.9178 / 0.9182
Day's Range: 0.9169 - 0.9183",Strong Buy,"Summary:Strong Buy
Moving Averages:BuyBuy (12)Sell (0)
Technical Indicators:Strong BuyBuy (7)Sell (0)","Name
S3
S2
S1
Pivot Points
R1
R2
R3
Classic
0.9166
0.9170
0.9173
0.9177
0.9180
0.9184
0.9187
Fibonacci
0.9170
0.9173
0.9174
0.9177
0.9180
0.9181
0.9184
Camarilla
0.9173
0.9174
0.9174
0.9177
0.9176
0.9176
0.9177
Woodie's
0.9164
0.9169
0.9171
0.9176
0.9178
0.9183
0.9185
DeMark's
-
-
0.9171
0.9176
0.9178
-
-","Technical IndicatorsJun 17, 2021 09:25PM GMT
Name
Value
Action
RSI(14)
75.842
Overbought
STOCH(9,6)
81.172
Overbought
STOCHRSI(14)
9.306
Oversold
MACD(12,26)
0.003
Buy
ADX(14)
41.373
Buy
Williams %R
-11.429
Overbought
CCI(14)
95.0835
Buy
ATR(14)
0.0016
High Volatility
Highs/Lows(14)
0.0012
Buy
Ultimate Oscillator
69.173
Buy
ROC
0.647
Buy
Bull/Bear Power(13)
0.0031
Buy
Buy: 7
Sell: 0
Neutral: 0


Summary:Strong Buy","Jun 17, 2021 09:25PM GMT"
nzd_chf,0.6433 +0.0014    +0.21%,17:26:46,2021-06-17 21:27:10.223072,"Prev. Close: 0.6419
Bid/Ask: 0.6430 / 0.6435
Day's Range: 0.6422 - 0.6434",Buy,"Summary:Buy
Moving Averages:BuyBuy (11)Sell (1)
Technical Indicators:BUYBuy (5)Sell (3)","Name
S3
S2
S1
Pivot Points
R1
R2
R3
Classic
0.6411
0.6417
0.6420
0.6426
0.6429
0.6435
0.6438
Fibonacci
0.6417
0.6420
0.6423
0.6426
0.6429
0.6432
0.6435
Camarilla
0.6421
0.6421
0.6422
0.6426
0.6424
0.6425
0.6425
Woodie's
0.6409
0.6416
0.6418
0.6425
0.6427
0.6434
0.6436
DeMark's
-
-
0.6419
0.6425
0.6427
-
-","Technical IndicatorsJun 17, 2021 09:25PM GMT
Name
Value
Action
RSI(14)
55.223
Buy
STOCH(9,6)
61.094
Buy
STOCHRSI(14)
61.472
Buy
MACD(12,26)
0.000
Buy
ADX(14)
29.230
Neutral
Williams %R
-43.012
Buy
CCI(14)
18.7506
Neutral
ATR(14)
0.0012
Less Volatility
Highs/Lows(14)
0.0000
Neutral
Ultimate Oscillator
46.740
Sell
ROC
-0.186
Sell
Bull/Bear Power(13)
-0.0004
Sell
Buy: 5
Sell: 3
Neutral: 3


Summary:BUY","Jun 17, 2021 09:25PM GMT"
usd_cny,6.4484 +0.0515    +0.80%,11:27:22,2021-06-17 21:27:10.225947,"Prev. Close: 6.3969
Bid/Ask: 6.4477 / 6.4490
Day's Range: 6.3972 - 6.4494",Strong Buy,"Summary:Strong Buy
Moving Averages:BuyBuy (12)Sell (0)
Technical Indicators:Strong BuyBuy (7)Sell (0)","Name
S3
S2
S1
Pivot Points
R1
R2
R3
Classic
6.4380
6.4399
6.4436
6.4455
6.4492
6.4511
6.4548
Fibonacci
6.4399
6.4420
6.4434
6.4455
6.4476
6.4490
6.4511
Camarilla
6.4458
6.4463
6.4468
6.4455
6.4479
6.4484
6.4489
Woodie's
6.4390
6.4404
6.4446
6.4460
6.4502
6.4516
6.4558
DeMark's
-
-
6.4446
6.4460
6.4502
-
-","Technical IndicatorsJun 17, 2021 03:34PM GMT
Name
Value
Action
RSI(14)
85.433
Overbought
STOCH(9,6)
77.649
Buy
STOCHRSI(14)
100.000
Overbought
MACD(12,26)
0.011
Buy
ADX(14)
61.337
Buy
Williams %R
-3.426
Overbought
CCI(14)
151.8010
Buy
ATR(14)
0.0041
Less Volatility
Highs/Lows(14)
0.0141
Buy
Ultimate Oscillator
82.973
Overbought
ROC
0.391
Buy
Bull/Bear Power(13)
0.0286
Buy
Buy: 7
Sell: 0
Neutral: 0


Summary:Strong Buy","Jun 17, 2021 03:34PM GMT"
usd_hkd,7.7646 +0.0001    +0.00%,17:26:38,2021-06-17 21:27:10.228834,"Prev. Close: 7.7644
Bid/Ask: 7.7643 / 7.7648
Day's Range: 7.7644 - 7.7650",Strong Buy,"Summary:Strong Buy
Moving Averages:BuyBuy (12)Sell (0)
Technical Indicators:Strong BuyBuy (7)Sell (2)","Name
S3
S2
S1
Pivot Points
R1
R2
R3
Classic
7.7632
7.7636
7.7641
7.7645
7.7649
7.7654
7.7658
Fibonacci
7.7636
7.7639
7.7642
7.7645
7.7648
7.7651
7.7654
Camarilla
7.7642
7.7643
7.7644
7.7645
7.7645
7.7646
7.7647
Woodie's
7.7632
7.7636
7.7641
7.7645
7.7649
7.7654
7.7658
DeMark's
-
-
7.7638
7.7644
7.7647
-
-","Technical IndicatorsJun 17, 2021 09:25PM GMT
Name
Value
Action
RSI(14)
56.487
Buy
STOCH(9,6)
57.729
Buy
STOCHRSI(14)
42.140
Sell
MACD(12,26)
0.000
Buy
ADX(14)
33.915
Sell
Williams %R
-39.473
Buy
CCI(14)
42.1550
Neutral
ATR(14)
0.0009
Less Volatility
Highs/Lows(14)
0.0000
Neutral
Ultimate Oscillator
56.309
Buy
ROC
0.003
Buy
Bull/Bear Power(13)
0.0013
Buy
Buy: 7
Sell: 2
Neutral: 2


Summary:Strong Buy","Jun 17, 2021 09:25PM GMT"
eur_usd,1.1908 +0.0002    +0.02%,17:27:33,2021-06-17 21:28:10.509091,"Prev. Close: 1.1906
Bid/Ask: 1.1907 / 1.1909
Day's Range: 1.1906 - 1.1909",Strong Sell,"Summary:Strong Sell
Moving Averages:Strong SellBuy (0)Sell (12)
Technical Indicators:Strong SellBuy (0)Sell (10)","Name
S3
S2
S1
Pivot Points
R1
R2
R3
Classic
1.1893
1.1897
1.1902
1.1906
1.1911
1.1915
1.1921
Fibonacci
1.1897
1.1900
1.1902
1.1906
1.1910
1.1912
1.1915
Camarilla
1.1905
1.1906
1.1907
1.1906
1.1908
1.1909
1.1910
Woodie's
1.1893
1.1897
1.1902
1.1906
1.1911
1.1915
1.1921
DeMark's
-
-
1.1904
1.1907
1.1913
-
-","Technical IndicatorsJun 17, 2021 09:27PM GMT
Name
Value
Action
RSI(14)
28.090
Sell
STOCH(9,6)
23.846
Sell
STOCHRSI(14)
100.000
Overbought
MACD(12,26)
-0.004
Sell
ADX(14)
42.257
Sell
Williams %R
-78.621
Sell
CCI(14)
-91.9264
Sell
ATR(14)
0.0018
Less Volatility
Highs/Lows(14)
-0.0009
Sell
Ultimate Oscillator
33.662
Sell
ROC
-0.397
Sell
Bull/Bear Power(13)
-0.0025
Sell
Buy: 0
Sell: 10
Neutral: 0


Summary:Strong Sell","Jun 17, 2021 09:27PM GMT"
gbp_usd,1.3924 +0.0005    +0.04%,17:27:39,2021-06-17 21:28:10.513080,"Prev. Close: 1.3919
Bid/Ask: 1.3922 / 1.3926
Day's Range: 1.3915 - 1.3929",Strong Sell,"Summary:Strong Sell
Moving Averages:Strong SellBuy (0)Sell (12)
Technical Indicators:Strong SellBuy (0)Sell (10)","Name
S3
S2
S1
Pivot Points
R1
R2
R3
Classic
1.3912
1.3916
1.3921
1.3925
1.3930
1.3934
1.3940
Fibonacci
1.3916
1.3919
1.3922
1.3925
1.3928
1.3931
1.3934
Camarilla
1.3924
1.3925
1.3926
1.3925
1.3927
1.3928
1.3929
Woodie's
1.3912
1.3916
1.3921
1.3925
1.3930
1.3934
1.3940
DeMark's
-
-
1.3923
1.3926
1.3932
-
-","Technical IndicatorsJun 17, 2021 09:27PM GMT
Name
Value
Action
RSI(14)
35.741
Sell
STOCH(9,6)
31.491
Sell
STOCHRSI(14)
92.698
Overbought
MACD(12,26)
-0.003
Sell
ADX(14)
39.306
Sell
Williams %R
-73.738
Sell
CCI(14)
-73.1552
Sell
ATR(14)
0.0024
Less Volatility
Highs/Lows(14)
-0.0005
Sell
Ultimate Oscillator
34.656
Sell
ROC
-0.379
Sell
Bull/Bear Power(13)
-0.0016
Sell
Buy: 0
Sell: 10
Neutral: 0


Summary:Strong Sell","Jun 17, 2021 09:27PM GMT"
usd_jpy,110.26 +0.06    +0.05%,17:27:36,2021-06-17 21:28:10.516303,"Prev. Close: 110.20
Bid/Ask: 110.23 / 110.28
Day's Range: 110.17 - 110.83",Strong Sell,"Summary:Strong Sell
Moving Averages:SellBuy (5)Sell (7)
Technical Indicators:Strong SellBuy (0)Sell (7)","Name
S3
S2
S1
Pivot Points
R1
R2
R3
Classic
110.11
110.16
110.19
110.24
110.27
110.32
110.34
Fibonacci
110.16
110.19
110.21
110.24
110.27
110.29
110.32
Camarilla
110.19
110.20
110.21
110.24
110.22
110.23
110.24
Woodie's
110.09
110.15
110.17
110.23
110.25
110.31
110.32
DeMark's
-
-
110.17
110.23
110.25
-
-","Technical IndicatorsJun 17, 2021 09:27PM GMT
Name
Value
Action
RSI(14)
42.404
Sell
STOCH(9,6)
16.287
Oversold
STOCHRSI(14)
15.083
Oversold
MACD(12,26)
-0.030
Sell
ADX(14)
33.370
Sell
Williams %R
-85.714
Oversold
CCI(14)
-75.7648
Sell
ATR(14)
0.1239
Less Volatility
Highs/Lows(14)
-0.1021
Sell
Ultimate Oscillator
49.244
Neutral
ROC
-0.294
Sell
Bull/Bear Power(13)
-0.2620
Sell
Buy: 0
Sell: 7
Neutral: 1


Summary:Strong Sell","Jun 17, 2021 09:27PM GMT"
aud_usd,0.7555 +0.0005    +0.07%,17:27:22,2021-06-17 21:28:10.519345,"Prev. Close: 0.7550
Bid/Ask: 0.7553 / 0.7557
Day's Range: 0.7547 - 0.7557",Strong Sell,"Summary:Strong Sell
Moving Averages:SellBuy (2)Sell (10)
Technical Indicators:Strong SellBuy (0)Sell (8)","Name
S3
S2
S1
Pivot Points
R1
R2
R3
Classic
0.7541
0.7544
0.7548
0.7551
0.7555
0.7558
0.7562
Fibonacci
0.7544
0.7547
0.7548
0.7551
0.7554
0.7555
0.7558
Camarilla
0.7549
0.7550
0.7550
0.7551
0.7552
0.7552
0.7553
Woodie's
0.7541
0.7544
0.7548
0.7551
0.7555
0.7558
0.7562
DeMark's
-
-
0.7549
0.7551
0.7556
-
-","Technical IndicatorsJun 17, 2021 09:25PM GMT
Name
Value
Action
RSI(14)
30.391
Sell
STOCH(9,6)
19.718
Oversold
STOCHRSI(14)
100.000
Overbought
MACD(12,26)
-0.003
Sell
ADX(14)
52.645
Sell
Williams %R
-82.635
Oversold
CCI(14)
-81.4392
Sell
ATR(14)
0.0017
Less Volatility
Highs/Lows(14)
-0.0005
Sell
Ultimate Oscillator
34.264
Sell
ROC
-0.795
Sell
Bull/Bear Power(13)
-0.0017
Sell
Buy: 0
Sell: 8
Neutral: 0


Summary:Strong Sell","Jun 17, 2021 09:25PM GMT"
eur_gbp,0.8552 +0.0001    +0.01%,17:27:40,2021-06-17 21:28:10.522272,"Prev. Close: 0.8551
Bid/Ask: 0.8550 / 0.8554
Day's Range: 0.8549 - 0.8557",Strong Sell,"Summary:Strong Sell
Moving Averages:Strong SellBuy (0)Sell (12)
Technical Indicators:Strong SellBuy (2)Sell (8)","Name
S3
S2
S1
Pivot Points
R1
R2
R3
Classic
0.8542
0.8544
0.8549
0.8552
0.8557
0.8560
0.8564
Fibonacci
0.8544
0.8547
0.8549
0.8552
0.8555
0.8557
0.8560
Camarilla
0.8553
0.8554
0.8554
0.8552
0.8556
0.8556
0.8557
Woodie's
0.8544
0.8545
0.8551
0.8553
0.8559
0.8561
0.8566
DeMark's
-
-
0.8551
0.8553
0.8559
-
-","Technical IndicatorsJun 17, 2021 09:27PM GMT
Name
Value
Action
RSI(14)
38.165
Sell
STOCH(9,6)
39.877
Sell
STOCHRSI(14)
72.476
Buy
MACD(12,26)
-0.001
Sell
ADX(14)
42.380
Sell
Williams %R
-63.333
Sell
CCI(14)
-60.7013
Sell
ATR(14)
0.0010
Less Volatility
Highs/Lows(14)
0.0000
Neutral
Ultimate Oscillator
53.976
Buy
ROC
-0.023
Sell
Bull/Bear Power(13)
-0.0015
Sell
Buy: 2
Sell: 8
Neutral: 1


Summary:Strong Sell","Jun 17, 2021 09:27PM GMT"
usd_cad,1.2358 -0.0003    -0.03%,17:27:20,2021-06-17 21:28:10.525190,"Prev. Close: 1.2361
Bid/Ask: 1.2355 / 1.2360
Day's Range: 1.2351 - 1.2368",Strong Buy,"Summary:Strong Buy
Moving Averages:Strong BuyBuy (11)Sell (1)
Technical Indicators:Strong BuyBuy (10)Sell (1)","Name
S3
S2
S1
Pivot Points
R1
R2
R3
Classic
1.2342
1.2346
1.2353
1.2357
1.2364
1.2368
1.2375
Fibonacci
1.2346
1.2350
1.2353
1.2357
1.2361
1.2364
1.2368
Camarilla
1.2358
1.2359
1.2360
1.2357
1.2362
1.2363
1.2364
Woodie's
1.2344
1.2347
1.2355
1.2358
1.2366
1.2369
1.2377
DeMark's
-
-
1.2356
1.2358
1.2366
-
-","Technical IndicatorsJun 17, 2021 09:27PM GMT
Name
Value
Action
RSI(14)
69.979
Buy
STOCH(9,6)
74.579
Buy
STOCHRSI(14)
29.386
Sell
MACD(12,26)
0.003
Buy
ADX(14)
45.997
Buy
Williams %R
-24.572
Buy
CCI(14)
109.6971
Buy
ATR(14)
0.0024
Less Volatility
Highs/Lows(14)
0.0007
Buy
Ultimate Oscillator
69.665
Buy
ROC
0.443
Buy
Bull/Bear Power(13)
0.0039
Buy
Buy: 10
Sell: 1
Neutral: 0


Summary:Strong Buy","Jun 17, 2021 09:27PM GMT"
usd_chf,0.9181 +0.0008    +0.08%,17:27:22,2021-06-17 21:28:10.528104,"Prev. Close: 0.9173
Bid/Ask: 0.9179 / 0.9182
Day's Range: 0.9169 - 0.9183",Strong Buy,"Summary:Strong Buy
Moving Averages:BuyBuy (12)Sell (0)
Technical Indicators:Strong BuyBuy (7)Sell (0)","Name
S3
S2
S1
Pivot Points
R1
R2
R3
Classic
0.9166
0.9170
0.9173
0.9177
0.9180
0.9184
0.9187
Fibonacci
0.9170
0.9173
0.9174
0.9177
0.9180
0.9181
0.9184
Camarilla
0.9173
0.9174
0.9174
0.9177
0.9176
0.9176
0.9177
Woodie's
0.9164
0.9169
0.9171
0.9176
0.9178
0.9183
0.9185
DeMark's
-
-
0.9171
0.9176
0.9178
-
-","Technical IndicatorsJun 17, 2021 09:28PM GMT
Name
Value
Action
RSI(14)
75.950
Overbought
STOCH(9,6)
81.327
Overbought
STOCHRSI(14)
10.187
Oversold
MACD(12,26)
0.003
Buy
ADX(14)
41.373
Buy
Williams %R
-10.714
Overbought
CCI(14)
95.7934
Buy
ATR(14)
0.0016
High Volatility
Highs/Lows(14)
0.0012
Buy
Ultimate Oscillator
69.539
Buy
ROC
0.652
Buy
Bull/Bear Power(13)
0.0031
Buy
Buy: 7
Sell: 0
Neutral: 0


Summary:Strong Buy","Jun 17, 2021 09:28PM GMT"
nzd_chf,0.6434 +0.0015    +0.23%,17:27:42,2021-06-17 21:28:10.531013,"Prev. Close: 0.6419
Bid/Ask: 0.6432 / 0.6436
Day's Range: 0.6422 - 0.6434",Buy,"Summary:Buy
Moving Averages:BuyBuy (11)Sell (1)
Technical Indicators:BUYBuy (5)Sell (3)","Name
S3
S2
S1
Pivot Points
R1
R2
R3
Classic
0.6411
0.6417
0.6420
0.6426
0.6429
0.6435
0.6438
Fibonacci
0.6417
0.6420
0.6423
0.6426
0.6429
0.6432
0.6435
Camarilla
0.6421
0.6421
0.6422
0.6426
0.6424
0.6425
0.6425
Woodie's
0.6409
0.6416
0.6418
0.6425
0.6427
0.6434
0.6436
DeMark's
-
-
0.6419
0.6425
0.6427
-
-","Technical IndicatorsJun 17, 2021 09:27PM GMT
Name
Value
Action
RSI(14)
55.223
Buy
STOCH(9,6)
61.094
Buy
STOCHRSI(14)
61.472
Buy
MACD(12,26)
0.000
Buy
ADX(14)
29.230
Neutral
Williams %R
-43.012
Buy
CCI(14)
18.7506
Neutral
ATR(14)
0.0012
Less Volatility
Highs/Lows(14)
0.0000
Neutral
Ultimate Oscillator
46.740
Sell
ROC
-0.186
Sell
Bull/Bear Power(13)
-0.0004
Sell
Buy: 5
Sell: 3
Neutral: 3


Summary:BUY","Jun 17, 2021 09:27PM GMT"
usd_cny,6.4484 +0.0515    +0.80%,11:27:22,2021-06-17 21:28:10.533911,"Prev. Close: 6.3969
Bid/Ask: 6.4477 / 6.4490
Day's Range: 6.3972 - 6.4494",Strong Buy,"Summary:Strong Buy
Moving Averages:BuyBuy (12)Sell (0)
Technical Indicators:Strong BuyBuy (7)Sell (0)","Name
S3
S2
S1
Pivot Points
R1
R2
R3
Classic
6.4380
6.4399
6.4436
6.4455
6.4492
6.4511
6.4548
Fibonacci
6.4399
6.4420
6.4434
6.4455
6.4476
6.4490
6.4511
Camarilla
6.4458
6.4463
6.4468
6.4455
6.4479
6.4484
6.4489
Woodie's
6.4390
6.4404
6.4446
6.4460
6.4502
6.4516
6.4558
DeMark's
-
-
6.4446
6.4460
6.4502
-
-","Technical IndicatorsJun 17, 2021 03:34PM GMT
Name
Value
Action
RSI(14)
85.433
Overbought
STOCH(9,6)
77.649
Buy
STOCHRSI(14)
100.000
Overbought
MACD(12,26)
0.011
Buy
ADX(14)
61.337
Buy
Williams %R
-3.426
Overbought
CCI(14)
151.8010
Buy
ATR(14)
0.0041
Less Volatility
Highs/Lows(14)
0.0141
Buy
Ultimate Oscillator
82.973
Overbought
ROC
0.391
Buy
Bull/Bear Power(13)
0.0286
Buy
Buy: 7
Sell: 0
Neutral: 0


Summary:Strong Buy","Jun 17, 2021 03:34PM GMT"
usd_hkd,7.7646 +0.0001    +0.00%,17:27:28,2021-06-17 21:28:10.536896,"Prev. Close: 7.7644
Bid/Ask: 7.7643 / 7.7648
Day's Range: 7.7644 - 7.7650",Strong Buy,"Summary:Strong Buy
Moving Averages:BuyBuy (12)Sell (0)
Technical Indicators:Strong BuyBuy (7)Sell (2)","Name
S3
S2
S1
Pivot Points
R1
R2
R3
Classic
7.7632
7.7636
7.7641
7.7645
7.7649
7.7654
7.7658
Fibonacci
7.7636
7.7639
7.7642
7.7645
7.7648
7.7651
7.7654
Camarilla
7.7642
7.7643
7.7644
7.7645
7.7645
7.7646
7.7647
Woodie's
7.7632
7.7636
7.7641
7.7645
7.7649
7.7654
7.7658
DeMark's
-
-
7.7638
7.7644
7.7647
-
-","Technical IndicatorsJun 17, 2021 09:27PM GMT
Name
Value
Action
RSI(14)
56.487
Buy
STOCH(9,6)
57.729
Buy
STOCHRSI(14)
42.140
Sell
MACD(12,26)
0.000
Buy
ADX(14)
33.915
Sell
Williams %R
-39.473
Buy
CCI(14)
42.1550
Neutral
ATR(14)
0.0009
Less Volatility
Highs/Lows(14)
0.0000
Neutral
Ultimate Oscillator
56.309
Buy
ROC
0.003
Buy
Bull/Bear Power(13)
0.0013
Buy
Buy: 7
Sell: 2
Neutral: 2


Summary:Strong Buy","Jun 17, 2021 09:27PM GMT"
eur_usd,1.1907 +0.0001    +0.01%,17:28:56,2021-06-17 21:29:10.231604,"Prev. Close: 1.1906
Bid/Ask: 1.1906 / 1.1908
Day's Range: 1.1906 - 1.1909",Strong Sell,"Summary:Strong Sell
Moving Averages:Strong SellBuy (0)Sell (12)
Technical Indicators:Strong SellBuy (0)Sell (10)","Name
S3
S2
S1
Pivot Points
R1
R2
R3
Classic
1.1893
1.1897
1.1902
1.1906
1.1911
1.1915
1.1921
Fibonacci
1.1897
1.1900
1.1902
1.1906
1.1910
1.1912
1.1915
Camarilla
1.1905
1.1906
1.1907
1.1906
1.1908
1.1909
1.1910
Woodie's
1.1893
1.1897
1.1902
1.1906
1.1911
1.1915
1.1921
DeMark's
-
-
1.1904
1.1907
1.1913
-
-","Technical IndicatorsJun 17, 2021 09:27PM GMT
Name
Value
Action
RSI(14)
28.090
Sell
STOCH(9,6)
23.846
Sell
STOCHRSI(14)
100.000
Overbought
MACD(12,26)
-0.004
Sell
ADX(14)
42.257
Sell
Williams %R
-78.621
Sell
CCI(14)
-91.9264
Sell
ATR(14)
0.0018
Less Volatility
Highs/Lows(14)
-0.0009
Sell
Ultimate Oscillator
33.662
Sell
ROC
-0.397
Sell
Bull/Bear Power(13)
-0.0025
Sell
Buy: 0
Sell: 10
Neutral: 0


Summary:Strong Sell","Jun 17, 2021 09:27PM GMT"
gbp_usd,1.3924 +0.0005    +0.04%,17:28:46,2021-06-17 21:29:10.235590,"Prev. Close: 1.3919
Bid/Ask: 1.3921 / 1.3927
Day's Range: 1.3915 - 1.3929",Strong Sell,"Summary:Strong Sell
Moving Averages:Strong SellBuy (0)Sell (12)
Technical Indicators:Strong SellBuy (0)Sell (10)","Name
S3
S2
S1
Pivot Points
R1
R2
R3
Classic
1.3912
1.3916
1.3921
1.3925
1.3930
1.3934
1.3940
Fibonacci
1.3916
1.3919
1.3922
1.3925
1.3928
1.3931
1.3934
Camarilla
1.3924
1.3925
1.3926
1.3925
1.3927
1.3928
1.3929
Woodie's
1.3912
1.3916
1.3921
1.3925
1.3930
1.3934
1.3940
DeMark's
-
-
1.3923
1.3926
1.3932
-
-","Technical IndicatorsJun 17, 2021 09:28PM GMT
Name
Value
Action
RSI(14)
36.066
Sell
STOCH(9,6)
31.867
Sell
STOCHRSI(14)
95.093
Overbought
MACD(12,26)
-0.003
Sell
ADX(14)
39.306
Sell
Williams %R
-72.223
Sell
CCI(14)
-71.4827
Sell
ATR(14)
0.0024
Less Volatility
Highs/Lows(14)
-0.0003
Sell
Ultimate Oscillator
35.414
Sell
ROC
-0.369
Sell
Bull/Bear Power(13)
-0.0036
Sell
Buy: 0
Sell: 10
Neutral: 0


Summary:Strong Sell","Jun 17, 2021 09:28PM GMT"
usd_jpy,110.26 +0.06    +0.05%,17:28:31,2021-06-17 21:29:10.238722,"Prev. Close: 110.20
Bid/Ask: 110.24 / 110.28
Day's Range: 110.17 - 110.83",Strong Sell,"Summary:Strong Sell
Moving Averages:SellBuy (5)Sell (7)
Technical Indicators:Strong SellBuy (0)Sell (7)","Name
S3
S2
S1
Pivot Points
R1
R2
R3
Classic
110.11
110.16
110.19
110.24
110.27
110.32
110.34
Fibonacci
110.16
110.19
110.21
110.24
110.27
110.29
110.32
Camarilla
110.19
110.20
110.21
110.24
110.22
110.23
110.24
Woodie's
110.09
110.15
110.17
110.23
110.25
110.31
110.32
DeMark's
-
-
110.17
110.23
110.25
-
-","Technical IndicatorsJun 17, 2021 09:27PM GMT
Name
Value
Action
RSI(14)
42.404
Sell
STOCH(9,6)
16.287
Oversold
STOCHRSI(14)
15.083
Oversold
MACD(12,26)
-0.030
Sell
ADX(14)
33.370
Sell
Williams %R
-85.714
Oversold
CCI(14)
-75.7648
Sell
ATR(14)
0.1239
Less Volatility
Highs/Lows(14)
-0.1021
Sell
Ultimate Oscillator
49.244
Neutral
ROC
-0.294
Sell
Bull/Bear Power(13)
-0.2620
Sell
Buy: 0
Sell: 7
Neutral: 1


Summary:Strong Sell","Jun 17, 2021 09:27PM GMT"
aud_usd,0.7555 +0.0004    +0.06%,17:28:50,2021-06-17 21:29:10.241717,"Prev. Close: 0.7550
Bid/Ask: 0.7553 / 0.7556
Day's Range: 0.7547 - 0.7557",Strong Sell,"Summary:Strong Sell
Moving Averages:SellBuy (2)Sell (10)
Technical Indicators:Strong SellBuy (0)Sell (9)","Name
S3
S2
S1
Pivot Points
R1
R2
R3
Classic
0.7541
0.7544
0.7548
0.7551
0.7555
0.7558
0.7562
Fibonacci
0.7544
0.7547
0.7548
0.7551
0.7554
0.7555
0.7558
Camarilla
0.7549
0.7550
0.7550
0.7551
0.7552
0.7552
0.7553
Woodie's
0.7541
0.7544
0.7548
0.7551
0.7555
0.7558
0.7562
DeMark's
-
-
0.7549
0.7551
0.7556
-
-","Technical IndicatorsJun 17, 2021 09:27PM GMT
Name
Value
Action
RSI(14)
31.059
Sell
STOCH(9,6)
20.036
Sell
STOCHRSI(14)
100.000
Overbought
MACD(12,26)
-0.003
Sell
ADX(14)
52.645
Sell
Williams %R
-81.437
Oversold
CCI(14)
-80.0906
Sell
ATR(14)
0.0017
Less Volatility
Highs/Lows(14)
-0.0004
Sell
Ultimate Oscillator
35.041
Sell
ROC
-0.781
Sell
Bull/Bear Power(13)
-0.0017
Sell
Buy: 0
Sell: 9
Neutral: 0


Summary:Strong Sell","Jun 17, 2021 09:27PM GMT"
eur_gbp,0.8552 0.0001    0.00%,17:28:54,2021-06-17 21:29:10.244670,"Prev. Close: 0.8551
Bid/Ask: 0.8549 / 0.8554
Day's Range: 0.8549 - 0.8557",Strong Sell,"Summary:Strong Sell
Moving Averages:Strong SellBuy (0)Sell (12)
Technical Indicators:Strong SellBuy (2)Sell (8)","Name
S3
S2
S1
Pivot Points
R1
R2
R3
Classic
0.8542
0.8544
0.8549
0.8552
0.8557
0.8560
0.8564
Fibonacci
0.8544
0.8547
0.8549
0.8552
0.8555
0.8557
0.8560
Camarilla
0.8553
0.8554
0.8554
0.8552
0.8556
0.8556
0.8557
Woodie's
0.8544
0.8545
0.8551
0.8553
0.8559
0.8561
0.8566
DeMark's
-
-
0.8551
0.8553
0.8559
-
-","Technical IndicatorsJun 17, 2021 09:28PM GMT
Name
Value
Action
RSI(14)
38.165
Sell
STOCH(9,6)
39.877
Sell
STOCHRSI(14)
72.476
Buy
MACD(12,26)
-0.001
Sell
ADX(14)
42.380
Sell
Williams %R
-63.333
Sell
CCI(14)
-60.7013
Sell
ATR(14)
0.0010
Less Volatility
Highs/Lows(14)
0.0000
Neutral
Ultimate Oscillator
53.976
Buy
ROC
-0.023
Sell
Bull/Bear Power(13)
-0.0015
Sell
Buy: 2
Sell: 8
Neutral: 1


Summary:Strong Sell","Jun 17, 2021 09:28PM GMT"
usd_cad,1.2356 -0.0006    -0.04%,17:28:50,2021-06-17 21:29:10.247638,"Prev. Close: 1.2361
Bid/Ask: 1.2355 / 1.2356
Day's Range: 1.2351 - 1.2368",Strong Buy,"Summary:Strong Buy
Moving Averages:BuyBuy (12)Sell (0)
Technical Indicators:Strong BuyBuy (9)Sell (1)","Name
S3
S2
S1
Pivot Points
R1
R2
R3
Classic
1.2342
1.2346
1.2353
1.2357
1.2364
1.2368
1.2375
Fibonacci
1.2346
1.2350
1.2353
1.2357
1.2361
1.2364
1.2368
Camarilla
1.2358
1.2359
1.2360
1.2357
1.2362
1.2363
1.2364
Woodie's
1.2344
1.2347
1.2355
1.2358
1.2366
1.2369
1.2377
DeMark's
-
-
1.2356
1.2358
1.2366
-
-","Technical IndicatorsJun 17, 2021 09:28PM GMT
Name
Value
Action
RSI(14)
70.531
Buy
STOCH(9,6)
74.782
Buy
STOCHRSI(14)
33.550
Sell
MACD(12,26)
0.003
Buy
ADX(14)
45.997
Buy
Williams %R
-23.429
Buy
CCI(14)
111.0174
Buy
ATR(14)
0.0024
Less Volatility
Highs/Lows(14)
0.0008
Buy
Ultimate Oscillator
70.150
Overbought
ROC
0.451
Buy
Bull/Bear Power(13)
0.0039
Buy
Buy: 9
Sell: 1
Neutral: 0


Summary:Strong Buy","Jun 17, 2021 09:28PM GMT"
usd_chf,0.9181 +0.0008    +0.08%,17:27:22,2021-06-17 21:29:10.250585,"Prev. Close: 0.9173
Bid/Ask: 0.9179 / 0.9182
Day's Range: 0.9169 - 0.9183",Strong Buy,"Summary:Strong Buy
Moving Averages:BuyBuy (12)Sell (0)
Technical Indicators:Strong BuyBuy (7)Sell (0)","Name
S3
S2
S1
Pivot Points
R1
R2
R3
Classic
0.9166
0.9170
0.9173
0.9177
0.9180
0.9184
0.9187
Fibonacci
0.9170
0.9173
0.9174
0.9177
0.9180
0.9181
0.9184
Camarilla
0.9173
0.9174
0.9174
0.9177
0.9176
0.9176
0.9177
Woodie's
0.9164
0.9169
0.9171
0.9176
0.9178
0.9183
0.9185
DeMark's
-
-
0.9171
0.9176
0.9178
-
-","Technical IndicatorsJun 17, 2021 09:28PM GMT
Name
Value
Action
RSI(14)
75.950
Overbought
STOCH(9,6)
81.327
Overbought
STOCHRSI(14)
10.187
Oversold
MACD(12,26)
0.003
Buy
ADX(14)
41.373
Buy
Williams %R
-10.714
Overbought
CCI(14)
95.7934
Buy
ATR(14)
0.0016
High Volatility
Highs/Lows(14)
0.0012
Buy
Ultimate Oscillator
69.539
Buy
ROC
0.652
Buy
Bull/Bear Power(13)
0.0031
Buy
Buy: 7
Sell: 0
Neutral: 0


Summary:Strong Buy","Jun 17, 2021 09:28PM GMT"
nzd_chf,0.6434 +0.0014    +0.23%,17:28:43,2021-06-17 21:29:10.253510,"Prev. Close: 0.6419
Bid/Ask: 0.6432 / 0.6435
Day's Range: 0.6422 - 0.6434",Buy,"Summary:Buy
Moving Averages:BuyBuy (11)Sell (1)
Technical Indicators:BUYBuy (5)Sell (3)","Name
S3
S2
S1
Pivot Points
R1
R2
R3
Classic
0.6411
0.6417
0.6420
0.6426
0.6429
0.6435
0.6438
Fibonacci
0.6417
0.6420
0.6423
0.6426
0.6429
0.6432
0.6435
Camarilla
0.6421
0.6421
0.6422
0.6426
0.6424
0.6425
0.6425
Woodie's
0.6409
0.6416
0.6418
0.6425
0.6427
0.6434
0.6436
DeMark's
-
-
0.6419
0.6425
0.6427
-
-","Technical IndicatorsJun 17, 2021 09:27PM GMT
Name
Value
Action
RSI(14)
55.223
Buy
STOCH(9,6)
61.094
Buy
STOCHRSI(14)
61.472
Buy
MACD(12,26)
0.000
Buy
ADX(14)
29.230
Neutral
Williams %R
-43.012
Buy
CCI(14)
18.7506
Neutral
ATR(14)
0.0012
Less Volatility
Highs/Lows(14)
0.0000
Neutral
Ultimate Oscillator
46.740
Sell
ROC
-0.186
Sell
Bull/Bear Power(13)
-0.0004
Sell
Buy: 5
Sell: 3
Neutral: 3


Summary:BUY","Jun 17, 2021 09:27PM GMT"
usd_cny,6.4484 +0.0515    +0.80%,11:27:22,2021-06-17 21:29:10.256444,"Prev. Close: 6.3969
Bid/Ask: 6.4477 / 6.4490
Day's Range: 6.3972 - 6.4494",Strong Buy,"Summary:Strong Buy
Moving Averages:BuyBuy (12)Sell (0)
Technical Indicators:Strong BuyBuy (7)Sell (0)","Name
S3
S2
S1
Pivot Points
R1
R2
R3
Classic
6.4380
6.4399
6.4436
6.4455
6.4492
6.4511
6.4548
Fibonacci
6.4399
6.4420
6.4434
6.4455
6.4476
6.4490
6.4511
Camarilla
6.4458
6.4463
6.4468
6.4455
6.4479
6.4484
6.4489
Woodie's
6.4390
6.4404
6.4446
6.4460
6.4502
6.4516
6.4558
DeMark's
-
-
6.4446
6.4460
6.4502
-
-","Technical IndicatorsJun 17, 2021 03:34PM GMT
Name
Value
Action
RSI(14)
85.433
Overbought
STOCH(9,6)
77.649
Buy
STOCHRSI(14)
100.000
Overbought
MACD(12,26)
0.011
Buy
ADX(14)
61.337
Buy
Williams %R
-3.426
Overbought
CCI(14)
151.8010
Buy
ATR(14)
0.0041
Less Volatility
Highs/Lows(14)
0.0141
Buy
Ultimate Oscillator
82.973
Overbought
ROC
0.391
Buy
Bull/Bear Power(13)
0.0286
Buy
Buy: 7
Sell: 0
Neutral: 0


Summary:Strong Buy","Jun 17, 2021 03:34PM GMT"
usd_hkd,7.7647 +0.0003    +0.00%,17:28:40,2021-06-17 21:29:10.259381,"Prev. Close: 7.7644
Bid/Ask: 7.7646 / 7.7648
Day's Range: 7.7644 - 7.7650",Strong Buy,"Summary:Strong Buy
Moving Averages:BuyBuy (12)Sell (0)
Technical Indicators:Strong BuyBuy (7)Sell (2)","Name
S3
S2
S1
Pivot Points
R1
R2
R3
Classic
7.7632
7.7636
7.7641
7.7645
7.7649
7.7654
7.7658
Fibonacci
7.7636
7.7639
7.7642
7.7645
7.7648
7.7651
7.7654
Camarilla
7.7642
7.7643
7.7644
7.7645
7.7645
7.7646
7.7647
Woodie's
7.7632
7.7636
7.7641
7.7645
7.7649
7.7654
7.7658
DeMark's
-
-
7.7638
7.7644
7.7647
-
-","Technical IndicatorsJun 17, 2021 09:27PM GMT
Name
Value
Action
RSI(14)
56.487
Buy
STOCH(9,6)
57.729
Buy
STOCHRSI(14)
42.140
Sell
MACD(12,26)
0.000
Buy
ADX(14)
33.915
Sell
Williams %R
-39.473
Buy
CCI(14)
42.1550
Neutral
ATR(14)
0.0009
Less Volatility
Highs/Lows(14)
0.0000
Neutral
Ultimate Oscillator
56.309
Buy
ROC
0.003
Buy
Bull/Bear Power(13)
0.0013
Buy
Buy: 7
Sell: 2
Neutral: 2


Summary:Strong Buy","Jun 17, 2021 09:27PM GMT"
eur_usd,1.1908 +0.0002    +0.02%,17:29:29,2021-06-17 21:30:10.564793,"Prev. Close: 1.1906
Bid/Ask: 1.1907 / 1.1909
Day's Range: 1.1906 - 1.1909",Strong Sell,"Summary:Strong Sell
Moving Averages:Strong SellBuy (0)Sell (12)
Technical Indicators:Strong SellBuy (0)Sell (10)","Name
S3
S2
S1
Pivot Points
R1
R2
R3
Classic
1.1893
1.1897
1.1902
1.1906
1.1911
1.1915
1.1921
Fibonacci
1.1897
1.1900
1.1902
1.1906
1.1910
1.1912
1.1915
Camarilla
1.1905
1.1906
1.1907
1.1906
1.1908
1.1909
1.1910
Woodie's
1.1893
1.1897
1.1902
1.1906
1.1911
1.1915
1.1921
DeMark's
-
-
1.1904
1.1907
1.1913
-
-","Technical IndicatorsJun 17, 2021 09:29PM GMT
Name
Value
Action
RSI(14)
28.090
Sell
STOCH(9,6)
23.846
Sell
STOCHRSI(14)
100.000
Overbought
MACD(12,26)
-0.004
Sell
ADX(14)
42.257
Sell
Williams %R
-78.621
Sell
CCI(14)
-91.9264
Sell
ATR(14)
0.0018
Less Volatility
Highs/Lows(14)
-0.0009
Sell
Ultimate Oscillator
33.662
Sell
ROC
-0.397
Sell
Bull/Bear Power(13)
-0.0025
Sell
Buy: 0
Sell: 10
Neutral: 0


Summary:Strong Sell","Jun 17, 2021 09:29PM GMT"
gbp_usd,1.3925 +0.0006    +0.04%,17:29:31,2021-06-17 21:30:10.568806,"Prev. Close: 1.3919
Bid/Ask: 1.3923 / 1.3927
Day's Range: 1.3915 - 1.3929",Strong Sell,"Summary:Strong Sell
Moving Averages:Strong SellBuy (0)Sell (12)
Technical Indicators:Strong SellBuy (0)Sell (10)","Name
S3
S2
S1
Pivot Points
R1
R2
R3
Classic
1.3912
1.3916
1.3921
1.3925
1.3930
1.3934
1.3940
Fibonacci
1.3916
1.3919
1.3922
1.3925
1.3928
1.3931
1.3934
Camarilla
1.3924
1.3925
1.3926
1.3925
1.3927
1.3928
1.3929
Woodie's
1.3912
1.3916
1.3921
1.3925
1.3930
1.3934
1.3940
DeMark's
-
-
1.3923
1.3926
1.3932
-
-","Technical IndicatorsJun 17, 2021 09:28PM GMT
Name
Value
Action
RSI(14)
36.066
Sell
STOCH(9,6)
31.867
Sell
STOCHRSI(14)
95.093
Overbought
MACD(12,26)
-0.003
Sell
ADX(14)
39.306
Sell
Williams %R
-72.223
Sell
CCI(14)
-71.4827
Sell
ATR(14)
0.0024
Less Volatility
Highs/Lows(14)
-0.0003
Sell
Ultimate Oscillator
35.414
Sell
ROC
-0.369
Sell
Bull/Bear Power(13)
-0.0036
Sell
Buy: 0
Sell: 10
Neutral: 0


Summary:Strong Sell","Jun 17, 2021 09:28PM GMT"
usd_jpy,110.26 +0.06    +0.05%,17:29:30,2021-06-17 21:30:10.572060,"Prev. Close: 110.20
Bid/Ask: 110.24 / 110.28
Day's Range: 110.17 - 110.83",Strong Sell,"Summary:Strong Sell
Moving Averages:SellBuy (5)Sell (7)
Technical Indicators:Strong SellBuy (0)Sell (7)","Name
S3
S2
S1
Pivot Points
R1
R2
R3
Classic
110.11
110.16
110.19
110.24
110.27
110.32
110.34
Fibonacci
110.16
110.19
110.21
110.24
110.27
110.29
110.32
Camarilla
110.19
110.20
110.21
110.24
110.22
110.23
110.24
Woodie's
110.09
110.15
110.17
110.23
110.25
110.31
110.32
DeMark's
-
-
110.17
110.23
110.25
-
-","Technical IndicatorsJun 17, 2021 09:29PM GMT
Name
Value
Action
RSI(14)
42.404
Sell
STOCH(9,6)
16.287
Oversold
STOCHRSI(14)
15.083
Oversold
MACD(12,26)
-0.030
Sell
ADX(14)
33.370
Sell
Williams %R
-85.714
Oversold
CCI(14)
-75.7648
Sell
ATR(14)
0.1239
Less Volatility
Highs/Lows(14)
-0.1021
Sell
Ultimate Oscillator
49.244
Neutral
ROC
-0.294
Sell
Bull/Bear Power(13)
-0.2620
Sell
Buy: 0
Sell: 7
Neutral: 1


Summary:Strong Sell","Jun 17, 2021 09:29PM GMT"
aud_usd,0.7555 +0.0004    +0.06%,17:29:41,2021-06-17 21:30:10.575054,"Prev. Close: 0.7550
Bid/Ask: 0.7553 / 0.7556
Day's Range: 0.7547 - 0.7557",Strong Sell,"Summary:Strong Sell
Moving Averages:SellBuy (2)Sell (10)
Technical Indicators:Strong SellBuy (0)Sell (9)","Name
S3
S2
S1
Pivot Points
R1
R2
R3
Classic
0.7541
0.7544
0.7548
0.7551
0.7555
0.7558
0.7562
Fibonacci
0.7544
0.7547
0.7548
0.7551
0.7554
0.7555
0.7558
Camarilla
0.7549
0.7550
0.7550
0.7551
0.7552
0.7552
0.7553
Woodie's
0.7541
0.7544
0.7548
0.7551
0.7555
0.7558
0.7562
DeMark's
-
-
0.7549
0.7551
0.7556
-
-","Technical IndicatorsJun 17, 2021 09:29PM GMT
Name
Value
Action
RSI(14)
31.059
Sell
STOCH(9,6)
20.036
Sell
STOCHRSI(14)
100.000
Overbought
MACD(12,26)
-0.003
Sell
ADX(14)
52.645
Sell
Williams %R
-81.437
Oversold
CCI(14)
-80.0906
Sell
ATR(14)
0.0017
Less Volatility
Highs/Lows(14)
-0.0004
Sell
Ultimate Oscillator
35.041
Sell
ROC
-0.781
Sell
Bull/Bear Power(13)
-0.0017
Sell
Buy: 0
Sell: 9
Neutral: 0


Summary:Strong Sell","Jun 17, 2021 09:29PM GMT"
eur_gbp,0.8553 +0.0001    +0.02%,17:29:40,2021-06-17 21:30:10.577977,"Prev. Close: 0.8551
Bid/Ask: 0.8550 / 0.8555
Day's Range: 0.8549 - 0.8557",Strong Sell,"Summary:Strong Sell
Moving Averages:Strong SellBuy (0)Sell (12)
Technical Indicators:Strong SellBuy (2)Sell (8)","Name
S3
S2
S1
Pivot Points
R1
R2
R3
Classic
0.8542
0.8544
0.8549
0.8552
0.8557
0.8560
0.8564
Fibonacci
0.8544
0.8547
0.8549
0.8552
0.8555
0.8557
0.8560
Camarilla
0.8553
0.8554
0.8554
0.8552
0.8556
0.8556
0.8557
Woodie's
0.8544
0.8545
0.8551
0.8553
0.8559
0.8561
0.8566
DeMark's
-
-
0.8551
0.8553
0.8559
-
-","Technical IndicatorsJun 17, 2021 09:29PM GMT
Name
Value
Action
RSI(14)
37.820
Sell
STOCH(9,6)
39.568
Sell
STOCHRSI(14)
70.979
Buy
MACD(12,26)
-0.001
Sell
ADX(14)
42.380
Sell
Williams %R
-65.000
Sell
CCI(14)
-63.6456
Sell
ATR(14)
0.0010
Less Volatility
Highs/Lows(14)
0.0000
Neutral
Ultimate Oscillator
53.314
Buy
ROC
-0.029
Sell
Bull/Bear Power(13)
-0.0015
Sell
Buy: 2
Sell: 8
Neutral: 1


Summary:Strong Sell","Jun 17, 2021 09:29PM GMT"
usd_cad,1.2355 -0.0006    -0.05%,17:29:41,2021-06-17 21:30:10.580889,"Prev. Close: 1.2361
Bid/Ask: 1.2353 / 1.2356
Day's Range: 1.2351 - 1.2368",Strong Buy,"Summary:Strong Buy
Moving Averages:Strong BuyBuy (11)Sell (1)
Technical Indicators:Strong BuyBuy (10)Sell (1)","Name
S3
S2
S1
Pivot Points
R1
R2
R3
Classic
1.2342
1.2346
1.2353
1.2357
1.2364
1.2368
1.2375
Fibonacci
1.2346
1.2350
1.2353
1.2357
1.2361
1.2364
1.2368
Camarilla
1.2358
1.2359
1.2360
1.2357
1.2362
1.2363
1.2364
Woodie's
1.2344
1.2347
1.2355
1.2358
1.2366
1.2369
1.2377
DeMark's
-
-
1.2356
1.2358
1.2366
-
-","Technical IndicatorsJun 17, 2021 09:29PM GMT
Name
Value
Action
RSI(14)
69.979
Buy
STOCH(9,6)
74.579
Buy
STOCHRSI(14)
29.386
Sell
MACD(12,26)
0.003
Buy
ADX(14)
45.997
Buy
Williams %R
-24.572
Buy
CCI(14)
109.6971
Buy
ATR(14)
0.0024
Less Volatility
Highs/Lows(14)
0.0007
Buy
Ultimate Oscillator
69.665
Buy
ROC
0.443
Buy
Bull/Bear Power(13)
0.0039
Buy
Buy: 10
Sell: 1
Neutral: 0


Summary:Strong Buy","Jun 17, 2021 09:29PM GMT"
usd_chf,0.9181 +0.0008    +0.08%,17:27:22,2021-06-17 21:30:10.583784,"Prev. Close: 0.9173
Bid/Ask: 0.9179 / 0.9182
Day's Range: 0.9169 - 0.9183",Strong Buy,"Summary:Strong Buy
Moving Averages:BuyBuy (12)Sell (0)
Technical Indicators:Strong BuyBuy (7)Sell (0)","Name
S3
S2
S1
Pivot Points
R1
R2
R3
Classic
0.9166
0.9170
0.9173
0.9177
0.9180
0.9184
0.9187
Fibonacci
0.9170
0.9173
0.9174
0.9177
0.9180
0.9181
0.9184
Camarilla
0.9173
0.9174
0.9174
0.9177
0.9176
0.9176
0.9177
Woodie's
0.9164
0.9169
0.9171
0.9176
0.9178
0.9183
0.9185
DeMark's
-
-
0.9171
0.9176
0.9178
-
-","Technical IndicatorsJun 17, 2021 09:28PM GMT
Name
Value
Action
RSI(14)
75.950
Overbought
STOCH(9,6)
81.327
Overbought
STOCHRSI(14)
10.187
Oversold
MACD(12,26)
0.003
Buy
ADX(14)
41.373
Buy
Williams %R
-10.714
Overbought
CCI(14)
95.7934
Buy
ATR(14)
0.0016
High Volatility
Highs/Lows(14)
0.0012
Buy
Ultimate Oscillator
69.539
Buy
ROC
0.652
Buy
Bull/Bear Power(13)
0.0031
Buy
Buy: 7
Sell: 0
Neutral: 0


Summary:Strong Buy","Jun 17, 2021 09:28PM GMT"
nzd_chf,0.6434 +0.0014    +0.23%,17:29:42,2021-06-17 21:30:10.586660,"Prev. Close: 0.6419
Bid/Ask: 0.6432 / 0.6435
Day's Range: 0.6422 - 0.6434",Strong Buy,"Summary:Strong Buy
Moving Averages:BuyBuy (11)Sell (1)
Technical Indicators:Strong BuyBuy (6)Sell (3)","Name
S3
S2
S1
Pivot Points
R1
R2
R3
Classic
0.6411
0.6417
0.6420
0.6426
0.6429
0.6435
0.6438
Fibonacci
0.6417
0.6420
0.6423
0.6426
0.6429
0.6432
0.6435
Camarilla
0.6421
0.6421
0.6422
0.6426
0.6424
0.6425
0.6425
Woodie's
0.6409
0.6416
0.6418
0.6425
0.6427
0.6434
0.6436
DeMark's
-
-
0.6419
0.6425
0.6427
-
-","Technical IndicatorsJun 17, 2021 09:29PM GMT
Name
Value
Action
RSI(14)
55.850
Buy
STOCH(9,6)
61.689
Buy
STOCHRSI(14)
63.875
Buy
MACD(12,26)
0.000
Buy
ADX(14)
29.230
Neutral
Williams %R
-40.861
Buy
CCI(14)
22.1457
Neutral
ATR(14)
0.0012
Less Volatility
Highs/Lows(14)
0.0000
Buy
Ultimate Oscillator
47.839
Sell
ROC
-0.171
Sell
Bull/Bear Power(13)
-0.0004
Sell
Buy: 6
Sell: 3
Neutral: 2


Summary:Strong Buy","Jun 17, 2021 09:29PM GMT"
usd_cny,6.4484 +0.0515    +0.80%,11:27:22,2021-06-17 21:30:10.589526,"Prev. Close: 6.3969
Bid/Ask: 6.4477 / 6.4490
Day's Range: 6.3972 - 6.4494",Strong Buy,"Summary:Strong Buy
Moving Averages:BuyBuy (12)Sell (0)
Technical Indicators:Strong BuyBuy (7)Sell (0)","Name
S3
S2
S1
Pivot Points
R1
R2
R3
Classic
6.4380
6.4399
6.4436
6.4455
6.4492
6.4511
6.4548
Fibonacci
6.4399
6.4420
6.4434
6.4455
6.4476
6.4490
6.4511
Camarilla
6.4458
6.4463
6.4468
6.4455
6.4479
6.4484
6.4489
Woodie's
6.4390
6.4404
6.4446
6.4460
6.4502
6.4516
6.4558
DeMark's
-
-
6.4446
6.4460
6.4502
-
-","Technical IndicatorsJun 17, 2021 03:34PM GMT
Name
Value
Action
RSI(14)
85.433
Overbought
STOCH(9,6)
77.649
Buy
STOCHRSI(14)
100.000
Overbought
MACD(12,26)
0.011
Buy
ADX(14)
61.337
Buy
Williams %R
-3.426
Overbought
CCI(14)
151.8010
Buy
ATR(14)
0.0041
Less Volatility
Highs/Lows(14)
0.0141
Buy
Ultimate Oscillator
82.973
Overbought
ROC
0.391
Buy
Bull/Bear Power(13)
0.0286
Buy
Buy: 7
Sell: 0
Neutral: 0


Summary:Strong Buy","Jun 17, 2021 03:34PM GMT"
usd_hkd,7.7647 +0.0003    +0.00%,17:29:28,2021-06-17 21:30:10.592432,"Prev. Close: 7.7644
Bid/Ask: 7.7646 / 7.7648
Day's Range: 7.7644 - 7.7650",Strong Buy,"Summary:Strong Buy
Moving Averages:Strong BuyBuy (11)Sell (1)
Technical Indicators:Strong BuyBuy (7)Sell (2)","Name
S3
S2
S1
Pivot Points
R1
R2
R3
Classic
7.7632
7.7636
7.7641
7.7645
7.7649
7.7654
7.7658
Fibonacci
7.7636
7.7639
7.7642
7.7645
7.7648
7.7651
7.7654
Camarilla
7.7642
7.7643
7.7644
7.7645
7.7645
7.7646
7.7647
Woodie's
7.7632
7.7636
7.7641
7.7645
7.7649
7.7654
7.7658
DeMark's
-
-
7.7638
7.7644
7.7647
-
-","Technical IndicatorsJun 17, 2021 09:29PM GMT
Name
Value
Action
RSI(14)
55.730
Buy
STOCH(9,6)
56.445
Buy
STOCHRSI(14)
37.042
Sell
MACD(12,26)
0.000
Buy
ADX(14)
33.915
Sell
Williams %R
-44.743
Buy
CCI(14)
33.8367
Neutral
ATR(14)
0.0009
Less Volatility
Highs/Lows(14)
0.0000
Neutral
Ultimate Oscillator
54.775
Buy
ROC
0.001
Buy
Bull/Bear Power(13)
0.0013
Buy
Buy: 7
Sell: 2
Neutral: 2


Summary:Strong Buy","Jun 17, 2021 09:29PM GMT"
eur_usd,1.1907 +0.0001    +0.01%,17:30:37,2021-06-17 21:31:09.925201,"Prev. Close: 1.1906
Bid/Ask: 1.1905 / 1.1909
Day's Range: 1.1906 - 1.1909",Strong Sell,"Summary:Strong Sell
Moving Averages:Strong SellBuy (0)Sell (12)
Technical Indicators:Strong SellBuy (0)Sell (10)","Name
S3
S2
S1
Pivot Points
R1
R2
R3
Classic
1.1893
1.1897
1.1902
1.1906
1.1911
1.1915
1.1921
Fibonacci
1.1897
1.1900
1.1902
1.1906
1.1910
1.1912
1.1915
Camarilla
1.1905
1.1906
1.1907
1.1906
1.1908
1.1909
1.1910
Woodie's
1.1893
1.1897
1.1902
1.1906
1.1911
1.1915
1.1921
DeMark's
-
-
1.1904
1.1907
1.1913
-
-","Technical IndicatorsJun 17, 2021 09:29PM GMT
Name
Value
Action
RSI(14)
28.090
Sell
STOCH(9,6)
23.846
Sell
STOCHRSI(14)
100.000
Overbought
MACD(12,26)
-0.004
Sell
ADX(14)
42.257
Sell
Williams %R
-78.621
Sell
CCI(14)
-91.9264
Sell
ATR(14)
0.0018
Less Volatility
Highs/Lows(14)
-0.0009
Sell
Ultimate Oscillator
33.662
Sell
ROC
-0.397
Sell
Bull/Bear Power(13)
-0.0025
Sell
Buy: 0
Sell: 10
Neutral: 0


Summary:Strong Sell","Jun 17, 2021 09:29PM GMT"
gbp_usd,1.3925 +0.0006    +0.04%,17:30:41,2021-06-17 21:31:09.929073,"Prev. Close: 1.3919
Bid/Ask: 1.3922 / 1.3927
Day's Range: 1.3915 - 1.3929",Strong Sell,"Summary:Strong Sell
Moving Averages:SellBuy (2)Sell (10)
Technical Indicators:Strong SellBuy (0)Sell (10)","Name
S3
S2
S1
Pivot Points
R1
R2
R3
Classic
1.3912
1.3916
1.3921
1.3925
1.3930
1.3934
1.3940
Fibonacci
1.3916
1.3919
1.3922
1.3925
1.3928
1.3931
1.3934
Camarilla
1.3924
1.3925
1.3926
1.3925
1.3927
1.3928
1.3929
Woodie's
1.3912
1.3916
1.3921
1.3925
1.3930
1.3934
1.3940
DeMark's
-
-
1.3923
1.3926
1.3932
-
-","Technical IndicatorsJun 17, 2021 09:30PM GMT
Name
Value
Action
RSI(14)
36.175
Sell
STOCH(9,6)
31.992
Sell
STOCHRSI(14)
95.896
Overbought
MACD(12,26)
-0.003
Sell
ADX(14)
39.306
Sell
Williams %R
-71.717
Sell
CCI(14)
-70.9229
Sell
ATR(14)
0.0024
Less Volatility
Highs/Lows(14)
-0.0003
Sell
Ultimate Oscillator
35.667
Sell
ROC
-0.365
Sell
Bull/Bear Power(13)
-0.0036
Sell
Buy: 0
Sell: 10
Neutral: 0


Summary:Strong Sell","Jun 17, 2021 09:30PM GMT"
usd_jpy,110.26 +0.06    +0.05%,17:30:31,2021-06-17 21:31:09.932213,"Prev. Close: 110.20
Bid/Ask: 110.24 / 110.28
Day's Range: 110.17 - 110.83",Strong Sell,"Summary:Strong Sell
Moving Averages:SellBuy (5)Sell (7)
Technical Indicators:Strong SellBuy (0)Sell (7)","Name
S3
S2
S1
Pivot Points
R1
R2
R3
Classic
110.11
110.16
110.19
110.24
110.27
110.32
110.34
Fibonacci
110.16
110.19
110.21
110.24
110.27
110.29
110.32
Camarilla
110.19
110.20
110.21
110.24
110.22
110.23
110.24
Woodie's
110.09
110.15
110.17
110.23
110.25
110.31
110.32
DeMark's
-
-
110.17
110.23
110.25
-
-","Technical IndicatorsJun 17, 2021 09:29PM GMT
Name
Value
Action
RSI(14)
42.404
Sell
STOCH(9,6)
16.287
Oversold
STOCHRSI(14)
15.083
Oversold
MACD(12,26)
-0.030
Sell
ADX(14)
33.370
Sell
Williams %R
-85.714
Oversold
CCI(14)
-75.7648
Sell
ATR(14)
0.1239
Less Volatility
Highs/Lows(14)
-0.1021
Sell
Ultimate Oscillator
49.244
Neutral
ROC
-0.294
Sell
Bull/Bear Power(13)
-0.2620
Sell
Buy: 0
Sell: 7
Neutral: 1


Summary:Strong Sell","Jun 17, 2021 09:29PM GMT"
aud_usd,0.7555 +0.0005    +0.07%,17:30:51,2021-06-17 21:31:09.935223,"Prev. Close: 0.7550
Bid/Ask: 0.7554 / 0.7556
Day's Range: 0.7547 - 0.7557",Strong Sell,"Summary:Strong Sell
Moving Averages:SellBuy (2)Sell (10)
Technical Indicators:Strong SellBuy (0)Sell (9)","Name
S3
S2
S1
Pivot Points
R1
R2
R3
Classic
0.7541
0.7544
0.7548
0.7551
0.7555
0.7558
0.7562
Fibonacci
0.7544
0.7547
0.7548
0.7551
0.7554
0.7555
0.7558
Camarilla
0.7549
0.7550
0.7550
0.7551
0.7552
0.7552
0.7553
Woodie's
0.7541
0.7544
0.7548
0.7551
0.7555
0.7558
0.7562
DeMark's
-
-
0.7549
0.7551
0.7556
-
-","Technical IndicatorsJun 17, 2021 09:29PM GMT
Name
Value
Action
RSI(14)
31.059
Sell
STOCH(9,6)
20.036
Sell
STOCHRSI(14)
100.000
Overbought
MACD(12,26)
-0.003
Sell
ADX(14)
52.645
Sell
Williams %R
-81.437
Oversold
CCI(14)
-80.0906
Sell
ATR(14)
0.0017
Less Volatility
Highs/Lows(14)
-0.0004
Sell
Ultimate Oscillator
35.041
Sell
ROC
-0.781
Sell
Bull/Bear Power(13)
-0.0017
Sell
Buy: 0
Sell: 9
Neutral: 0


Summary:Strong Sell","Jun 17, 2021 09:29PM GMT"
eur_gbp,0.8552 0.0001    0.00%,17:30:50,2021-06-17 21:31:09.938165,"Prev. Close: 0.8551
Bid/Ask: 0.8550 / 0.8553
Day's Range: 0.8549 - 0.8557",Strong Sell,"Summary:Strong Sell
Moving Averages:Strong SellBuy (0)Sell (12)
Technical Indicators:Strong SellBuy (2)Sell (8)","Name
S3
S2
S1
Pivot Points
R1
R2
R3
Classic
0.8542
0.8544
0.8549
0.8552
0.8557
0.8560
0.8564
Fibonacci
0.8544
0.8547
0.8549
0.8552
0.8555
0.8557
0.8560
Camarilla
0.8553
0.8554
0.8554
0.8552
0.8556
0.8556
0.8557
Woodie's
0.8544
0.8545
0.8551
0.8553
0.8559
0.8561
0.8566
DeMark's
-
-
0.8551
0.8553
0.8559
-
-","Technical IndicatorsJun 17, 2021 09:29PM GMT
Name
Value
Action
RSI(14)
37.820
Sell
STOCH(9,6)
39.568
Sell
STOCHRSI(14)
70.979
Buy
MACD(12,26)
-0.001
Sell
ADX(14)
42.380
Sell
Williams %R
-65.000
Sell
CCI(14)
-63.6456
Sell
ATR(14)
0.0010
Less Volatility
Highs/Lows(14)
0.0000
Neutral
Ultimate Oscillator
53.314
Buy
ROC
-0.029
Sell
Bull/Bear Power(13)
-0.0015
Sell
Buy: 2
Sell: 8
Neutral: 1


Summary:Strong Sell","Jun 17, 2021 09:29PM GMT"
usd_cad,1.2355 -0.0006    -0.05%,17:30:42,2021-06-17 21:31:09.941103,"Prev. Close: 1.2361
Bid/Ask: 1.2353 / 1.2356
Day's Range: 1.2351 - 1.2368",Strong Buy,"Summary:Strong Buy
Moving Averages:Strong BuyBuy (11)Sell (1)
Technical Indicators:Strong BuyBuy (10)Sell (1)","Name
S3
S2
S1
Pivot Points
R1
R2
R3
Classic
1.2342
1.2346
1.2353
1.2357
1.2364
1.2368
1.2375
Fibonacci
1.2346
1.2350
1.2353
1.2357
1.2361
1.2364
1.2368
Camarilla
1.2358
1.2359
1.2360
1.2357
1.2362
1.2363
1.2364
Woodie's
1.2344
1.2347
1.2355
1.2358
1.2366
1.2369
1.2377
DeMark's
-
-
1.2356
1.2358
1.2366
-
-","Technical IndicatorsJun 17, 2021 09:29PM GMT
Name
Value
Action
RSI(14)
69.979
Buy
STOCH(9,6)
74.579
Buy
STOCHRSI(14)
29.386
Sell
MACD(12,26)
0.003
Buy
ADX(14)
45.997
Buy
Williams %R
-24.572
Buy
CCI(14)
109.6971
Buy
ATR(14)
0.0024
Less Volatility
Highs/Lows(14)
0.0007
Buy
Ultimate Oscillator
69.665
Buy
ROC
0.443
Buy
Bull/Bear Power(13)
0.0039
Buy
Buy: 10
Sell: 1
Neutral: 0


Summary:Strong Buy","Jun 17, 2021 09:29PM GMT"
usd_chf,0.9181 +0.0008    +0.09%,17:30:50,2021-06-17 21:31:09.944011,"Prev. Close: 0.9173
Bid/Ask: 0.9179 / 0.9183
Day's Range: 0.9169 - 0.9183",Strong Buy,"Summary:Strong Buy
Moving Averages:BuyBuy (12)Sell (0)
Technical Indicators:Strong BuyBuy (7)Sell (0)","Name
S3
S2
S1
Pivot Points
R1
R2
R3
Classic
0.9166
0.9170
0.9173
0.9177
0.9180
0.9184
0.9187
Fibonacci
0.9170
0.9173
0.9174
0.9177
0.9180
0.9181
0.9184
Camarilla
0.9173
0.9174
0.9174
0.9177
0.9176
0.9176
0.9177
Woodie's
0.9164
0.9169
0.9171
0.9176
0.9178
0.9183
0.9185
DeMark's
-
-
0.9171
0.9176
0.9178
-
-","Technical IndicatorsJun 17, 2021 09:28PM GMT
Name
Value
Action
RSI(14)
75.950
Overbought
STOCH(9,6)
81.327
Overbought
STOCHRSI(14)
10.187
Oversold
MACD(12,26)
0.003
Buy
ADX(14)
41.373
Buy
Williams %R
-10.714
Overbought
CCI(14)
95.7934
Buy
ATR(14)
0.0016
High Volatility
Highs/Lows(14)
0.0012
Buy
Ultimate Oscillator
69.539
Buy
ROC
0.652
Buy
Bull/Bear Power(13)
0.0031
Buy
Buy: 7
Sell: 0
Neutral: 0


Summary:Strong Buy","Jun 17, 2021 09:28PM GMT"
nzd_chf,0.6433 +0.0014    +0.22%,17:30:50,2021-06-17 21:31:09.946912,"Prev. Close: 0.6419
Bid/Ask: 0.6430 / 0.6436
Day's Range: 0.6422 - 0.6434",Strong Buy,"Summary:Strong Buy
Moving Averages:BuyBuy (11)Sell (1)
Technical Indicators:Strong BuyBuy (6)Sell (3)","Name
S3
S2
S1
Pivot Points
R1
R2
R3
Classic
0.6411
0.6417
0.6420
0.6426
0.6429
0.6435
0.6438
Fibonacci
0.6417
0.6420
0.6423
0.6426
0.6429
0.6432
0.6435
Camarilla
0.6421
0.6421
0.6422
0.6426
0.6424
0.6425
0.6425
Woodie's
0.6409
0.6416
0.6418
0.6425
0.6427
0.6434
0.6436
DeMark's
-
-
0.6419
0.6425
0.6427
-
-","Technical IndicatorsJun 17, 2021 09:29PM GMT
Name
Value
Action
RSI(14)
55.850
Buy
STOCH(9,6)
61.689
Buy
STOCHRSI(14)
63.875
Buy
MACD(12,26)
0.000
Buy
ADX(14)
29.230
Neutral
Williams %R
-40.861
Buy
CCI(14)
22.1457
Neutral
ATR(14)
0.0012
Less Volatility
Highs/Lows(14)
0.0000
Buy
Ultimate Oscillator
47.839
Sell
ROC
-0.171
Sell
Bull/Bear Power(13)
-0.0004
Sell
Buy: 6
Sell: 3
Neutral: 2


Summary:Strong Buy","Jun 17, 2021 09:29PM GMT"
usd_cny,6.4484 +0.0515    +0.80%,11:27:22,2021-06-17 21:31:09.949797,"Prev. Close: 6.3969
Bid/Ask: 6.4477 / 6.4490
Day's Range: 6.3972 - 6.4494",Strong Buy,"Summary:Strong Buy
Moving Averages:BuyBuy (12)Sell (0)
Technical Indicators:Strong BuyBuy (7)Sell (0)","Name
S3
S2
S1
Pivot Points
R1
R2
R3
Classic
6.4380
6.4399
6.4436
6.4455
6.4492
6.4511
6.4548
Fibonacci
6.4399
6.4420
6.4434
6.4455
6.4476
6.4490
6.4511
Camarilla
6.4458
6.4463
6.4468
6.4455
6.4479
6.4484
6.4489
Woodie's
6.4390
6.4404
6.4446
6.4460
6.4502
6.4516
6.4558
DeMark's
-
-
6.4446
6.4460
6.4502
-
-","Technical IndicatorsJun 17, 2021 03:34PM GMT
Name
Value
Action
RSI(14)
85.433
Overbought
STOCH(9,6)
77.649
Buy
STOCHRSI(14)
100.000
Overbought
MACD(12,26)
0.011
Buy
ADX(14)
61.337
Buy
Williams %R
-3.426
Overbought
CCI(14)
151.8010
Buy
ATR(14)
0.0041
Less Volatility
Highs/Lows(14)
0.0141
Buy
Ultimate Oscillator
82.973
Overbought
ROC
0.391
Buy
Bull/Bear Power(13)
0.0286
Buy
Buy: 7
Sell: 0
Neutral: 0


Summary:Strong Buy","Jun 17, 2021 03:34PM GMT"
usd_hkd,7.7647 +0.0003    +0.00%,17:30:42,2021-06-17 21:31:09.952697,"Prev. Close: 7.7644
Bid/Ask: 7.7646 / 7.7648
Day's Range: 7.7644 - 7.7650",Strong Buy,"Summary:Strong Buy
Moving Averages:Strong BuyBuy (11)Sell (1)
Technical Indicators:Strong BuyBuy (7)Sell (2)","Name
S3
S2
S1
Pivot Points
R1
R2
R3
Classic
7.7632
7.7636
7.7641
7.7645
7.7649
7.7654
7.7658
Fibonacci
7.7636
7.7639
7.7642
7.7645
7.7648
7.7651
7.7654
Camarilla
7.7642
7.7643
7.7644
7.7645
7.7645
7.7646
7.7647
Woodie's
7.7632
7.7636
7.7641
7.7645
7.7649
7.7654
7.7658
DeMark's
-
-
7.7638
7.7644
7.7647
-
-","Technical IndicatorsJun 17, 2021 09:30PM GMT
Name
Value
Action
RSI(14)
55.730
Buy
STOCH(9,6)
56.445
Buy
STOCHRSI(14)
37.042
Sell
MACD(12,26)
0.000
Buy
ADX(14)
33.915
Sell
Williams %R
-44.743
Buy
CCI(14)
33.8367
Neutral
ATR(14)
0.0009
Less Volatility
Highs/Lows(14)
0.0000
Neutral
Ultimate Oscillator
54.775
Buy
ROC
0.001
Buy
Bull/Bear Power(13)
0.0013
Buy
Buy: 7
Sell: 2
Neutral: 2


Summary:Strong Buy","Jun 17, 2021 09:30PM GMT"
eur_usd,1.1907 +0.0001    +0.01%,17:31:34,2021-06-17 21:32:10.198402,"Prev. Close: 1.1906
Bid/Ask: 1.1906 / 1.1908
Day's Range: 1.1906 - 1.1909",Strong Sell,"Summary:Strong Sell
Moving Averages:Strong SellBuy (0)Sell (12)
Technical Indicators:Strong SellBuy (0)Sell (10)","Name
S3
S2
S1
Pivot Points
R1
R2
R3
Classic
1.1893
1.1897
1.1902
1.1906
1.1911
1.1915
1.1921
Fibonacci
1.1897
1.1900
1.1902
1.1906
1.1910
1.1912
1.1915
Camarilla
1.1905
1.1906
1.1907
1.1906
1.1908
1.1909
1.1910
Woodie's
1.1893
1.1897
1.1902
1.1906
1.1911
1.1915
1.1921
DeMark's
-
-
1.1904
1.1907
1.1913
-
-","Technical IndicatorsJun 17, 2021 09:31PM GMT
Name
Value
Action
RSI(14)
27.984
Sell
STOCH(9,6)
23.705
Sell
STOCHRSI(14)
99.174
Overbought
MACD(12,26)
-0.004
Sell
ADX(14)
42.257
Sell
Williams %R
-79.310
Sell
CCI(14)
-92.5825
Sell
ATR(14)
0.0018
Less Volatility
Highs/Lows(14)
-0.0009
Sell
Ultimate Oscillator
33.349
Sell
ROC
-0.402
Sell
Bull/Bear Power(13)
-0.0025
Sell
Buy: 0
Sell: 10
Neutral: 0


Summary:Strong Sell","Jun 17, 2021 09:31PM GMT"
gbp_usd,1.3925 +0.0006    +0.04%,17:31:32,2021-06-17 21:32:10.202253,"Prev. Close: 1.3919
Bid/Ask: 1.3923 / 1.3927
Day's Range: 1.3915 - 1.3929",Strong Sell,"Summary:Strong Sell
Moving Averages:SellBuy (2)Sell (10)
Technical Indicators:Strong SellBuy (0)Sell (10)","Name
S3
S2
S1
Pivot Points
R1
R2
R3
Classic
1.3912
1.3916
1.3921
1.3925
1.3930
1.3934
1.3940
Fibonacci
1.3916
1.3919
1.3922
1.3925
1.3928
1.3931
1.3934
Camarilla
1.3924
1.3925
1.3926
1.3925
1.3927
1.3928
1.3929
Woodie's
1.3912
1.3916
1.3921
1.3925
1.3930
1.3934
1.3940
DeMark's
-
-
1.3923
1.3926
1.3932
-
-","Technical IndicatorsJun 17, 2021 09:30PM GMT
Name
Value
Action
RSI(14)
36.175
Sell
STOCH(9,6)
31.992
Sell
STOCHRSI(14)
95.896
Overbought
MACD(12,26)
-0.003
Sell
ADX(14)
39.306
Sell
Williams %R
-71.717
Sell
CCI(14)
-70.9229
Sell
ATR(14)
0.0024
Less Volatility
Highs/Lows(14)
-0.0003
Sell
Ultimate Oscillator
35.667
Sell
ROC
-0.365
Sell
Bull/Bear Power(13)
-0.0036
Sell
Buy: 0
Sell: 10
Neutral: 0


Summary:Strong Sell","Jun 17, 2021 09:30PM GMT"
usd_jpy,110.26 +0.06    +0.05%,17:31:31,2021-06-17 21:32:10.205326,"Prev. Close: 110.20
Bid/Ask: 110.24 / 110.28
Day's Range: 110.17 - 110.83",Strong Sell,"Summary:Strong Sell
Moving Averages:SellBuy (5)Sell (7)
Technical Indicators:Strong SellBuy (0)Sell (7)","Name
S3
S2
S1
Pivot Points
R1
R2
R3
Classic
110.11
110.16
110.19
110.24
110.27
110.32
110.34
Fibonacci
110.16
110.19
110.21
110.24
110.27
110.29
110.32
Camarilla
110.19
110.20
110.21
110.24
110.22
110.23
110.24
Woodie's
110.09
110.15
110.17
110.23
110.25
110.31
110.32
DeMark's
-
-
110.17
110.23
110.25
-
-","Technical IndicatorsJun 17, 2021 09:31PM GMT
Name
Value
Action
RSI(14)
42.404
Sell
STOCH(9,6)
16.287
Oversold
STOCHRSI(14)
15.083
Oversold
MACD(12,26)
-0.030
Sell
ADX(14)
33.370
Sell
Williams %R
-85.714
Oversold
CCI(14)
-75.7648
Sell
ATR(14)
0.1239
Less Volatility
Highs/Lows(14)
-0.1021
Sell
Ultimate Oscillator
49.244
Neutral
ROC
-0.294
Sell
Bull/Bear Power(13)
-0.2620
Sell
Buy: 0
Sell: 7
Neutral: 1


Summary:Strong Sell","Jun 17, 2021 09:31PM GMT"
aud_usd,0.7555 +0.0004    +0.06%,17:31:38,2021-06-17 21:32:10.208276,"Prev. Close: 0.7550
Bid/Ask: 0.7553 / 0.7556
Day's Range: 0.7547 - 0.7557",Strong Sell,"Summary:Strong Sell
Moving Averages:SellBuy (2)Sell (10)
Technical Indicators:Strong SellBuy (0)Sell (9)","Name
S3
S2
S1
Pivot Points
R1
R2
R3
Classic
0.7541
0.7544
0.7548
0.7551
0.7555
0.7558
0.7562
Fibonacci
0.7544
0.7547
0.7548
0.7551
0.7554
0.7555
0.7558
Camarilla
0.7549
0.7550
0.7550
0.7551
0.7552
0.7552
0.7553
Woodie's
0.7541
0.7544
0.7548
0.7551
0.7555
0.7558
0.7562
DeMark's
-
-
0.7549
0.7551
0.7556
-
-","Technical IndicatorsJun 17, 2021 09:31PM GMT
Name
Value
Action
RSI(14)
31.059
Sell
STOCH(9,6)
20.036
Sell
STOCHRSI(14)
100.000
Overbought
MACD(12,26)
-0.003
Sell
ADX(14)
52.645
Sell
Williams %R
-81.437
Oversold
CCI(14)
-80.0906
Sell
ATR(14)
0.0017
Less Volatility
Highs/Lows(14)
-0.0004
Sell
Ultimate Oscillator
35.041
Sell
ROC
-0.781
Sell
Bull/Bear Power(13)
-0.0017
Sell
Buy: 0
Sell: 9
Neutral: 0


Summary:Strong Sell","Jun 17, 2021 09:31PM GMT"
eur_gbp,0.8551 0.0000    0.00%,17:31:39,2021-06-17 21:32:10.211169,"Prev. Close: 0.8551
Bid/Ask: 0.8549 / 0.8553
Day's Range: 0.8549 - 0.8557",Strong Sell,"Summary:Strong Sell
Moving Averages:Strong SellBuy (0)Sell (12)
Technical Indicators:Strong SellBuy (2)Sell (8)","Name
S3
S2
S1
Pivot Points
R1
R2
R3
Classic
0.8542
0.8544
0.8549
0.8552
0.8557
0.8560
0.8564
Fibonacci
0.8544
0.8547
0.8549
0.8552
0.8555
0.8557
0.8560
Camarilla
0.8553
0.8554
0.8554
0.8552
0.8556
0.8556
0.8557
Woodie's
0.8544
0.8545
0.8551
0.8553
0.8559
0.8561
0.8566
DeMark's
-
-
0.8551
0.8553
0.8559
-
-","Technical IndicatorsJun 17, 2021 09:31PM GMT
Name
Value
Action
RSI(14)
37.149
Sell
STOCH(9,6)
38.951
Sell
STOCHRSI(14)
68.067
Buy
MACD(12,26)
-0.001
Sell
ADX(14)
42.380
Sell
Williams %R
-68.334
Sell
CCI(14)
-69.4749
Sell
ATR(14)
0.0010
Less Volatility
Highs/Lows(14)
0.0000
Neutral
Ultimate Oscillator
51.991
Buy
ROC
-0.041
Sell
Bull/Bear Power(13)
-0.0015
Sell
Buy: 2
Sell: 8
Neutral: 1


Summary:Strong Sell","Jun 17, 2021 09:31PM GMT"
usd_cad,1.2356 -0.0005    -0.04%,17:31:37,2021-06-17 21:32:10.214044,"Prev. Close: 1.2361
Bid/Ask: 1.2354 / 1.2358
Day's Range: 1.2351 - 1.2368",Strong Buy,"Summary:Strong Buy
Moving Averages:Strong BuyBuy (11)Sell (1)
Technical Indicators:Strong BuyBuy (10)Sell (1)","Name
S3
S2
S1
Pivot Points
R1
R2
R3
Classic
1.2342
1.2346
1.2353
1.2357
1.2364
1.2368
1.2375
Fibonacci
1.2346
1.2350
1.2353
1.2357
1.2361
1.2364
1.2368
Camarilla
1.2358
1.2359
1.2360
1.2357
1.2362
1.2363
1.2364
Woodie's
1.2344
1.2347
1.2355
1.2358
1.2366
1.2369
1.2377
DeMark's
-
-
1.2356
1.2358
1.2366
-
-","Technical IndicatorsJun 17, 2021 09:31PM GMT
Name
Value
Action
RSI(14)
69.979
Buy
STOCH(9,6)
74.579
Buy
STOCHRSI(14)
29.386
Sell
MACD(12,26)
0.003
Buy
ADX(14)
45.997
Buy
Williams %R
-24.572
Buy
CCI(14)
109.6971
Buy
ATR(14)
0.0024
Less Volatility
Highs/Lows(14)
0.0007
Buy
Ultimate Oscillator
69.665
Buy
ROC
0.443
Buy
Bull/Bear Power(13)
0.0039
Buy
Buy: 10
Sell: 1
Neutral: 0


Summary:Strong Buy","Jun 17, 2021 09:31PM GMT"
usd_chf,0.9173 0.0000    0.00%,17:31:34,2021-06-17 21:32:10.216960,"Prev. Close: 0.9173
Bid/Ask: 0.9171 / 0.9175
Day's Range: 0.9169 - 0.9183",Strong Buy,"Summary:Strong Buy
Moving Averages:BuyBuy (12)Sell (0)
Technical Indicators:Strong BuyBuy (6)Sell (0)","Name
S3
S2
S1
Pivot Points
R1
R2
R3
Classic
0.9166
0.9170
0.9173
0.9177
0.9180
0.9184
0.9187
Fibonacci
0.9170
0.9173
0.9174
0.9177
0.9180
0.9181
0.9184
Camarilla
0.9173
0.9174
0.9174
0.9177
0.9176
0.9176
0.9177
Woodie's
0.9164
0.9169
0.9171
0.9176
0.9178
0.9183
0.9185
DeMark's
-
-
0.9171
0.9176
0.9178
-
-","Technical IndicatorsJun 17, 2021 09:31PM GMT
Name
Value
Action
RSI(14)
76.165
Overbought
STOCH(9,6)
81.635
Overbought
STOCHRSI(14)
11.939
Oversold
MACD(12,26)
0.003
Buy
ADX(14)
41.373
Buy
Williams %R
-9.286
Overbought
CCI(14)
97.2096
Buy
ATR(14)
0.0016
High Volatility
Highs/Lows(14)
0.0013
Buy
Ultimate Oscillator
70.271
Overbought
ROC
0.663
Buy
Bull/Bear Power(13)
0.0031
Buy
Buy: 6
Sell: 0
Neutral: 0


Summary:Strong Buy","Jun 17, 2021 09:31PM GMT"
nzd_chf,0.6428 +0.0008    +0.13%,17:31:42,2021-06-17 21:32:10.219850,"Prev. Close: 0.6419
Bid/Ask: 0.6426 / 0.6429
Day's Range: 0.6422 - 0.6434",Strong Buy,"Summary:Strong Buy
Moving Averages:BuyBuy (11)Sell (1)
Technical Indicators:Strong BuyBuy (6)Sell (3)","Name
S3
S2
S1
Pivot Points
R1
R2
R3
Classic
0.6411
0.6417
0.6420
0.6426
0.6429
0.6435
0.6438
Fibonacci
0.6417
0.6420
0.6423
0.6426
0.6429
0.6432
0.6435
Camarilla
0.6421
0.6421
0.6422
0.6426
0.6424
0.6425
0.6425
Woodie's
0.6409
0.6416
0.6418
0.6425
0.6427
0.6434
0.6436
DeMark's
-
-
0.6419
0.6425
0.6427
-
-","Technical IndicatorsJun 17, 2021 09:31PM GMT
Name
Value
Action
RSI(14)
55.850
Buy
STOCH(9,6)
61.689
Buy
STOCHRSI(14)
63.875
Buy
MACD(12,26)
0.000
Buy
ADX(14)
29.230
Neutral
Williams %R
-40.861
Buy
CCI(14)
22.1457
Neutral
ATR(14)
0.0012
Less Volatility
Highs/Lows(14)
0.0000
Buy
Ultimate Oscillator
47.839
Sell
ROC
-0.171
Sell
Bull/Bear Power(13)
-0.0004
Sell
Buy: 6
Sell: 3
Neutral: 2


Summary:Strong Buy","Jun 17, 2021 09:31PM GMT"
usd_cny,6.4484 +0.0515    +0.80%,11:27:22,2021-06-17 21:32:10.222740,"Prev. Close: 6.3969
Bid/Ask: 6.4477 / 6.4490
Day's Range: 6.3972 - 6.4494",Strong Buy,"Summary:Strong Buy
Moving Averages:BuyBuy (12)Sell (0)
Technical Indicators:Strong BuyBuy (7)Sell (0)","Name
S3
S2
S1
Pivot Points
R1
R2
R3
Classic
6.4380
6.4399
6.4436
6.4455
6.4492
6.4511
6.4548
Fibonacci
6.4399
6.4420
6.4434
6.4455
6.4476
6.4490
6.4511
Camarilla
6.4458
6.4463
6.4468
6.4455
6.4479
6.4484
6.4489
Woodie's
6.4390
6.4404
6.4446
6.4460
6.4502
6.4516
6.4558
DeMark's
-
-
6.4446
6.4460
6.4502
-
-","Technical IndicatorsJun 17, 2021 03:34PM GMT
Name
Value
Action
RSI(14)
85.433
Overbought
STOCH(9,6)
77.649
Buy
STOCHRSI(14)
100.000
Overbought
MACD(12,26)
0.011
Buy
ADX(14)
61.337
Buy
Williams %R
-3.426
Overbought
CCI(14)
151.8010
Buy
ATR(14)
0.0041
Less Volatility
Highs/Lows(14)
0.0141
Buy
Ultimate Oscillator
82.973
Overbought
ROC
0.391
Buy
Bull/Bear Power(13)
0.0286
Buy
Buy: 7
Sell: 0
Neutral: 0


Summary:Strong Buy","Jun 17, 2021 03:34PM GMT"
usd_hkd,7.7646 +0.0001    +0.00%,17:31:28,2021-06-17 21:32:10.225595,"Prev. Close: 7.7644
Bid/Ask: 7.7643 / 7.7648
Day's Range: 7.7644 - 7.7650",Strong Buy,"Summary:Strong Buy
Moving Averages:Strong BuyBuy (11)Sell (1)
Technical Indicators:Strong BuyBuy (7)Sell (2)","Name
S3
S2
S1
Pivot Points
R1
R2
R3
Classic
7.7632
7.7636
7.7641
7.7645
7.7649
7.7654
7.7658
Fibonacci
7.7636
7.7639
7.7642
7.7645
7.7648
7.7651
7.7654
Camarilla
7.7642
7.7643
7.7644
7.7645
7.7645
7.7646
7.7647
Woodie's
7.7632
7.7636
7.7641
7.7645
7.7649
7.7654
7.7658
DeMark's
-
-
7.7638
7.7644
7.7647
-
-","Technical IndicatorsJun 17, 2021 09:30PM GMT
Name
Value
Action
RSI(14)
55.730
Buy
STOCH(9,6)
56.445
Buy
STOCHRSI(14)
37.042
Sell
MACD(12,26)
0.000
Buy
ADX(14)
33.915
Sell
Williams %R
-44.743
Buy
CCI(14)
33.8367
Neutral
ATR(14)
0.0009
Less Volatility
Highs/Lows(14)
0.0000
Neutral
Ultimate Oscillator
54.775
Buy
ROC
0.001
Buy
Bull/Bear Power(13)
0.0013
Buy
Buy: 7
Sell: 2
Neutral: 2


Summary:Strong Buy","Jun 17, 2021 09:30PM GMT"
eur_usd,1.1908 +0.0001    +0.01%,17:32:47,2021-06-17 21:33:09.904965,"Prev. Close: 1.1906
Bid/Ask: 1.1906 / 1.1909
Day's Range: 1.1906 - 1.1909",Strong Sell,"Summary:Strong Sell
Moving Averages:Strong SellBuy (0)Sell (12)
Technical Indicators:Strong SellBuy (0)Sell (10)","Name
S3
S2
S1
Pivot Points
R1
R2
R3
Classic
1.1893
1.1897
1.1902
1.1906
1.1911
1.1915
1.1921
Fibonacci
1.1897
1.1900
1.1902
1.1906
1.1910
1.1912
1.1915
Camarilla
1.1905
1.1906
1.1907
1.1906
1.1908
1.1909
1.1910
Woodie's
1.1893
1.1897
1.1902
1.1906
1.1911
1.1915
1.1921
DeMark's
-
-
1.1904
1.1907
1.1913
-
-","Technical IndicatorsJun 17, 2021 09:31PM GMT
Name
Value
Action
RSI(14)
27.984
Sell
STOCH(9,6)
23.705
Sell
STOCHRSI(14)
99.174
Overbought
MACD(12,26)
-0.004
Sell
ADX(14)
42.257
Sell
Williams %R
-79.310
Sell
CCI(14)
-92.5825
Sell
ATR(14)
0.0018
Less Volatility
Highs/Lows(14)
-0.0009
Sell
Ultimate Oscillator
33.349
Sell
ROC
-0.402
Sell
Bull/Bear Power(13)
-0.0025
Sell
Buy: 0
Sell: 10
Neutral: 0


Summary:Strong Sell","Jun 17, 2021 09:31PM GMT"
gbp_usd,1.3925 +0.0006    +0.04%,17:32:48,2021-06-17 21:33:09.908812,"Prev. Close: 1.3919
Bid/Ask: 1.3922 / 1.3927
Day's Range: 1.3915 - 1.3929",Strong Sell,"Summary:Strong Sell
Moving Averages:SellBuy (1)Sell (11)
Technical Indicators:Strong SellBuy (0)Sell (10)","Name
S3
S2
S1
Pivot Points
R1
R2
R3
Classic
1.3912
1.3916
1.3921
1.3925
1.3930
1.3934
1.3940
Fibonacci
1.3916
1.3919
1.3922
1.3925
1.3928
1.3931
1.3934
Camarilla
1.3924
1.3925
1.3926
1.3925
1.3927
1.3928
1.3929
Woodie's
1.3912
1.3916
1.3921
1.3925
1.3930
1.3934
1.3940
DeMark's
-
-
1.3923
1.3926
1.3932
-
-","Technical IndicatorsJun 17, 2021 09:32PM GMT
Name
Value
Action
RSI(14)
36.285
Sell
STOCH(9,6)
32.118
Sell
STOCHRSI(14)
96.706
Overbought
MACD(12,26)
-0.003
Sell
ADX(14)
39.306
Sell
Williams %R
-71.213
Sell
CCI(14)
-70.3636
Sell
ATR(14)
0.0024
Less Volatility
Highs/Lows(14)
-0.0002
Sell
Ultimate Oscillator
35.920
Sell
ROC
-0.361
Sell
Bull/Bear Power(13)
-0.0036
Sell
Buy: 0
Sell: 10
Neutral: 0


Summary:Strong Sell","Jun 17, 2021 09:32PM GMT"
usd_jpy,110.25 +0.05    +0.05%,17:32:38,2021-06-17 21:33:09.911912,"Prev. Close: 110.20
Bid/Ask: 110.24 / 110.26
Day's Range: 110.17 - 110.83",Strong Sell,"Summary:Strong Sell
Moving Averages:SellBuy (5)Sell (7)
Technical Indicators:Strong SellBuy (0)Sell (7)","Name
S3
S2
S1
Pivot Points
R1
R2
R3
Classic
110.11
110.16
110.19
110.24
110.27
110.32
110.34
Fibonacci
110.16
110.19
110.21
110.24
110.27
110.29
110.32
Camarilla
110.19
110.20
110.21
110.24
110.22
110.23
110.24
Woodie's
110.09
110.15
110.17
110.23
110.25
110.31
110.32
DeMark's
-
-
110.17
110.23
110.25
-
-","Technical IndicatorsJun 17, 2021 09:31PM GMT
Name
Value
Action
RSI(14)
42.404
Sell
STOCH(9,6)
16.287
Oversold
STOCHRSI(14)
15.083
Oversold
MACD(12,26)
-0.030
Sell
ADX(14)
33.370
Sell
Williams %R
-85.714
Oversold
CCI(14)
-75.7648
Sell
ATR(14)
0.1239
Less Volatility
Highs/Lows(14)
-0.1021
Sell
Ultimate Oscillator
49.244
Neutral
ROC
-0.294
Sell
Bull/Bear Power(13)
-0.2620
Sell
Buy: 0
Sell: 7
Neutral: 1


Summary:Strong Sell","Jun 17, 2021 09:31PM GMT"
aud_usd,0.7555 +0.0005    +0.07%,17:32:50,2021-06-17 21:33:09.914858,"Prev. Close: 0.7550
Bid/Ask: 0.7554 / 0.7556
Day's Range: 0.7547 - 0.7557",Strong Sell,"Summary:Strong Sell
Moving Averages:SellBuy (2)Sell (10)
Technical Indicators:Strong SellBuy (0)Sell (9)","Name
S3
S2
S1
Pivot Points
R1
R2
R3
Classic
0.7541
0.7544
0.7548
0.7551
0.7555
0.7558
0.7562
Fibonacci
0.7544
0.7547
0.7548
0.7551
0.7554
0.7555
0.7558
Camarilla
0.7549
0.7550
0.7550
0.7551
0.7552
0.7552
0.7553
Woodie's
0.7541
0.7544
0.7548
0.7551
0.7555
0.7558
0.7562
DeMark's
-
-
0.7549
0.7551
0.7556
-
-","Technical IndicatorsJun 17, 2021 09:31PM GMT
Name
Value
Action
RSI(14)
31.059
Sell
STOCH(9,6)
20.036
Sell
STOCHRSI(14)
100.000
Overbought
MACD(12,26)
-0.003
Sell
ADX(14)
52.645
Sell
Williams %R
-81.437
Oversold
CCI(14)
-80.0906
Sell
ATR(14)
0.0017
Less Volatility
Highs/Lows(14)
-0.0004
Sell
Ultimate Oscillator
35.041
Sell
ROC
-0.781
Sell
Bull/Bear Power(13)
-0.0017
Sell
Buy: 0
Sell: 9
Neutral: 0


Summary:Strong Sell","Jun 17, 2021 09:31PM GMT"
eur_gbp,0.8552 0.0001    0.00%,17:32:48,2021-06-17 21:33:09.917723,"Prev. Close: 0.8551
Bid/Ask: 0.8550 / 0.8553
Day's Range: 0.8549 - 0.8557",Strong Sell,"Summary:Strong Sell
Moving Averages:Strong SellBuy (0)Sell (12)
Technical Indicators:Strong SellBuy (2)Sell (8)","Name
S3
S2
S1
Pivot Points
R1
R2
R3
Classic
0.8542
0.8544
0.8549
0.8552
0.8557
0.8560
0.8564
Fibonacci
0.8544
0.8547
0.8549
0.8552
0.8555
0.8557
0.8560
Camarilla
0.8553
0.8554
0.8554
0.8552
0.8556
0.8556
0.8557
Woodie's
0.8544
0.8545
0.8551
0.8553
0.8559
0.8561
0.8566
DeMark's
-
-
0.8551
0.8553
0.8559
-
-","Technical IndicatorsJun 17, 2021 09:31PM GMT
Name
Value
Action
RSI(14)
37.149
Sell
STOCH(9,6)
38.951
Sell
STOCHRSI(14)
68.067
Buy
MACD(12,26)
-0.001
Sell
ADX(14)
42.380
Sell
Williams %R
-68.334
Sell
CCI(14)
-69.4749
Sell
ATR(14)
0.0010
Less Volatility
Highs/Lows(14)
0.0000
Neutral
Ultimate Oscillator
51.991
Buy
ROC
-0.041
Sell
Bull/Bear Power(13)
-0.0015
Sell
Buy: 2
Sell: 8
Neutral: 1


Summary:Strong Sell","Jun 17, 2021 09:31PM GMT"
usd_cad,1.2356 -0.0005    -0.04%,17:32:52,2021-06-17 21:33:09.920599,"Prev. Close: 1.2361
Bid/Ask: 1.2354 / 1.2358
Day's Range: 1.2351 - 1.2368",Strong Buy,"Summary:Strong Buy
Moving Averages:Strong BuyBuy (11)Sell (1)
Technical Indicators:Strong BuyBuy (10)Sell (1)","Name
S3
S2
S1
Pivot Points
R1
R2
R3
Classic
1.2342
1.2346
1.2353
1.2357
1.2364
1.2368
1.2375
Fibonacci
1.2346
1.2350
1.2353
1.2357
1.2361
1.2364
1.2368
Camarilla
1.2358
1.2359
1.2360
1.2357
1.2362
1.2363
1.2364
Woodie's
1.2344
1.2347
1.2355
1.2358
1.2366
1.2369
1.2377
DeMark's
-
-
1.2356
1.2358
1.2366
-
-","Technical IndicatorsJun 17, 2021 09:31PM GMT
Name
Value
Action
RSI(14)
69.979
Buy
STOCH(9,6)
74.579
Buy
STOCHRSI(14)
29.386
Sell
MACD(12,26)
0.003
Buy
ADX(14)
45.997
Buy
Williams %R
-24.572
Buy
CCI(14)
109.6971
Buy
ATR(14)
0.0024
Less Volatility
Highs/Lows(14)
0.0007
Buy
Ultimate Oscillator
69.665
Buy
ROC
0.443
Buy
Bull/Bear Power(13)
0.0039
Buy
Buy: 10
Sell: 1
Neutral: 0


Summary:Strong Buy","Jun 17, 2021 09:31PM GMT"
usd_chf,0.9180 +0.0007    +0.08%,17:32:43,2021-06-17 21:33:09.923493,"Prev. Close: 0.9173
Bid/Ask: 0.9178 / 0.9182
Day's Range: 0.9169 - 0.9183",Strong Buy,"Summary:Strong Buy
Moving Averages:BuyBuy (12)Sell (0)
Technical Indicators:Strong BuyBuy (6)Sell (0)","Name
S3
S2
S1
Pivot Points
R1
R2
R3
Classic
0.9166
0.9170
0.9173
0.9177
0.9180
0.9184
0.9187
Fibonacci
0.9170
0.9173
0.9174
0.9177
0.9180
0.9181
0.9184
Camarilla
0.9173
0.9174
0.9174
0.9177
0.9176
0.9176
0.9177
Woodie's
0.9164
0.9169
0.9171
0.9176
0.9178
0.9183
0.9185
DeMark's
-
-
0.9171
0.9176
0.9178
-
-","Technical IndicatorsJun 17, 2021 09:31PM GMT
Name
Value
Action
RSI(14)
76.165
Overbought
STOCH(9,6)
81.635
Overbought
STOCHRSI(14)
11.939
Oversold
MACD(12,26)
0.003
Buy
ADX(14)
41.373
Buy
Williams %R
-9.286
Overbought
CCI(14)
97.2096
Buy
ATR(14)
0.0016
High Volatility
Highs/Lows(14)
0.0013
Buy
Ultimate Oscillator
70.271
Overbought
ROC
0.663
Buy
Bull/Bear Power(13)
0.0031
Buy
Buy: 6
Sell: 0
Neutral: 0


Summary:Strong Buy","Jun 17, 2021 09:31PM GMT"
nzd_chf,0.6433 +0.0014    +0.21%,17:32:43,2021-06-17 21:33:09.926349,"Prev. Close: 0.6419
Bid/Ask: 0.6430 / 0.6435
Day's Range: 0.6422 - 0.6434",Strong Buy,"Summary:Strong Buy
Moving Averages:BuyBuy (11)Sell (1)
Technical Indicators:Strong BuyBuy (6)Sell (3)","Name
S3
S2
S1
Pivot Points
R1
R2
R3
Classic
0.6411
0.6417
0.6420
0.6426
0.6429
0.6435
0.6438
Fibonacci
0.6417
0.6420
0.6423
0.6426
0.6429
0.6432
0.6435
Camarilla
0.6421
0.6421
0.6422
0.6426
0.6424
0.6425
0.6425
Woodie's
0.6409
0.6416
0.6418
0.6425
0.6427
0.6434
0.6436
DeMark's
-
-
0.6419
0.6425
0.6427
-
-","Technical IndicatorsJun 17, 2021 09:31PM GMT
Name
Value
Action
RSI(14)
55.850
Buy
STOCH(9,6)
61.689
Buy
STOCHRSI(14)
63.875
Buy
MACD(12,26)
0.000
Buy
ADX(14)
29.230
Neutral
Williams %R
-40.861
Buy
CCI(14)
22.1457
Neutral
ATR(14)
0.0012
Less Volatility
Highs/Lows(14)
0.0000
Buy
Ultimate Oscillator
47.839
Sell
ROC
-0.171
Sell
Bull/Bear Power(13)
-0.0004
Sell
Buy: 6
Sell: 3
Neutral: 2


Summary:Strong Buy","Jun 17, 2021 09:31PM GMT"
usd_cny,6.4484 +0.0515    +0.80%,11:27:22,2021-06-17 21:33:09.929211,"Prev. Close: 6.3969
Bid/Ask: 6.4477 / 6.4490
Day's Range: 6.3972 - 6.4494",Strong Buy,"Summary:Strong Buy
Moving Averages:BuyBuy (12)Sell (0)
Technical Indicators:Strong BuyBuy (7)Sell (0)","Name
S3
S2
S1
Pivot Points
R1
R2
R3
Classic
6.4380
6.4399
6.4436
6.4455
6.4492
6.4511
6.4548
Fibonacci
6.4399
6.4420
6.4434
6.4455
6.4476
6.4490
6.4511
Camarilla
6.4458
6.4463
6.4468
6.4455
6.4479
6.4484
6.4489
Woodie's
6.4390
6.4404
6.4446
6.4460
6.4502
6.4516
6.4558
DeMark's
-
-
6.4446
6.4460
6.4502
-
-","Technical IndicatorsJun 17, 2021 03:34PM GMT
Name
Value
Action
RSI(14)
85.433
Overbought
STOCH(9,6)
77.649
Buy
STOCHRSI(14)
100.000
Overbought
MACD(12,26)
0.011
Buy
ADX(14)
61.337
Buy
Williams %R
-3.426
Overbought
CCI(14)
151.8010
Buy
ATR(14)
0.0041
Less Volatility
Highs/Lows(14)
0.0141
Buy
Ultimate Oscillator
82.973
Overbought
ROC
0.391
Buy
Bull/Bear Power(13)
0.0286
Buy
Buy: 7
Sell: 0
Neutral: 0


Summary:Strong Buy","Jun 17, 2021 03:34PM GMT"
usd_hkd,7.7646 +0.0001    +0.00%,17:32:29,2021-06-17 21:33:09.932081,"Prev. Close: 7.7644
Bid/Ask: 7.7643 / 7.7648
Day's Range: 7.7644 - 7.7650",Strong Buy,"Summary:Strong Buy
Moving Averages:Strong BuyBuy (11)Sell (1)
Technical Indicators:Strong BuyBuy (7)Sell (2)","Name
S3
S2
S1
Pivot Points
R1
R2
R3
Classic
7.7632
7.7636
7.7641
7.7645
7.7649
7.7654
7.7658
Fibonacci
7.7636
7.7639
7.7642
7.7645
7.7648
7.7651
7.7654
Camarilla
7.7642
7.7643
7.7644
7.7645
7.7645
7.7646
7.7647
Woodie's
7.7632
7.7636
7.7641
7.7645
7.7649
7.7654
7.7658
DeMark's
-
-
7.7638
7.7644
7.7647
-
-","Technical IndicatorsJun 17, 2021 09:30PM GMT
Name
Value
Action
RSI(14)
55.730
Buy
STOCH(9,6)
56.445
Buy
STOCHRSI(14)
37.042
Sell
MACD(12,26)
0.000
Buy
ADX(14)
33.915
Sell
Williams %R
-44.743
Buy
CCI(14)
33.8367
Neutral
ATR(14)
0.0009
Less Volatility
Highs/Lows(14)
0.0000
Neutral
Ultimate Oscillator
54.775
Buy
ROC
0.001
Buy
Bull/Bear Power(13)
0.0013
Buy
Buy: 7
Sell: 2
Neutral: 2


Summary:Strong Buy","Jun 17, 2021 09:30PM GMT"
eur_usd,1.1908 +0.0001    +0.01%,17:33:38,2021-06-17 21:34:10.138040,"Prev. Close: 1.1906
Bid/Ask: 1.1907 / 1.1908
Day's Range: 1.1906 - 1.1909",Strong Sell,"Summary:Strong Sell
Moving Averages:Strong SellBuy (0)Sell (12)
Technical Indicators:Strong SellBuy (0)Sell (10)","Name
S3
S2
S1
Pivot Points
R1
R2
R3
Classic
1.1893
1.1897
1.1902
1.1906
1.1911
1.1915
1.1921
Fibonacci
1.1897
1.1900
1.1902
1.1906
1.1910
1.1912
1.1915
Camarilla
1.1905
1.1906
1.1907
1.1906
1.1908
1.1909
1.1910
Woodie's
1.1893
1.1897
1.1902
1.1906
1.1911
1.1915
1.1921
DeMark's
-
-
1.1904
1.1907
1.1913
-
-","Technical IndicatorsJun 17, 2021 09:33PM GMT
Name
Value
Action
RSI(14)
28.090
Sell
STOCH(9,6)
23.846
Sell
STOCHRSI(14)
100.000
Overbought
MACD(12,26)
-0.004
Sell
ADX(14)
42.257
Sell
Williams %R
-78.621
Sell
CCI(14)
-91.9264
Sell
ATR(14)
0.0018
Less Volatility
Highs/Lows(14)
-0.0009
Sell
Ultimate Oscillator
33.662
Sell
ROC
-0.397
Sell
Bull/Bear Power(13)
-0.0025
Sell
Buy: 0
Sell: 10
Neutral: 0


Summary:Strong Sell","Jun 17, 2021 09:33PM GMT"
gbp_usd,1.3926 +0.0006    +0.05%,17:33:28,2021-06-17 21:34:10.142152,"Prev. Close: 1.3919
Bid/Ask: 1.3924 / 1.3927
Day's Range: 1.3915 - 1.3929",Strong Sell,"Summary:Strong Sell
Moving Averages:SellBuy (1)Sell (11)
Technical Indicators:Strong SellBuy (0)Sell (10)","Name
S3
S2
S1
Pivot Points
R1
R2
R3
Classic
1.3912
1.3916
1.3921
1.3925
1.3930
1.3934
1.3940
Fibonacci
1.3916
1.3919
1.3922
1.3925
1.3928
1.3931
1.3934
Camarilla
1.3924
1.3925
1.3926
1.3925
1.3927
1.3928
1.3929
Woodie's
1.3912
1.3916
1.3921
1.3925
1.3930
1.3934
1.3940
DeMark's
-
-
1.3923
1.3926
1.3932
-
-","Technical IndicatorsJun 17, 2021 09:32PM GMT
Name
Value
Action
RSI(14)
36.285
Sell
STOCH(9,6)
32.118
Sell
STOCHRSI(14)
96.706
Overbought
MACD(12,26)
-0.003
Sell
ADX(14)
39.306
Sell
Williams %R
-71.213
Sell
CCI(14)
-70.3636
Sell
ATR(14)
0.0024
Less Volatility
Highs/Lows(14)
-0.0002
Sell
Ultimate Oscillator
35.920
Sell
ROC
-0.361
Sell
Bull/Bear Power(13)
-0.0036
Sell
Buy: 0
Sell: 10
Neutral: 0


Summary:Strong Sell","Jun 17, 2021 09:32PM GMT"
usd_jpy,110.25 +0.05    +0.05%,17:33:38,2021-06-17 21:34:10.145253,"Prev. Close: 110.20
Bid/Ask: 110.24 / 110.26
Day's Range: 110.17 - 110.83",Strong Sell,"Summary:Strong Sell
Moving Averages:SellBuy (5)Sell (7)
Technical Indicators:Strong SellBuy (0)Sell (7)","Name
S3
S2
S1
Pivot Points
R1
R2
R3
Classic
110.11
110.16
110.19
110.24
110.27
110.32
110.34
Fibonacci
110.16
110.19
110.21
110.24
110.27
110.29
110.32
Camarilla
110.19
110.20
110.21
110.24
110.22
110.23
110.24
Woodie's
110.09
110.15
110.17
110.23
110.25
110.31
110.32
DeMark's
-
-
110.17
110.23
110.25
-
-","Technical IndicatorsJun 17, 2021 09:33PM GMT
Name
Value
Action
RSI(14)
42.404
Sell
STOCH(9,6)
16.287
Oversold
STOCHRSI(14)
15.083
Oversold
MACD(12,26)
-0.030
Sell
ADX(14)
33.370
Sell
Williams %R
-85.714
Oversold
CCI(14)
-75.7648
Sell
ATR(14)
0.1239
Less Volatility
Highs/Lows(14)
-0.1021
Sell
Ultimate Oscillator
49.244
Neutral
ROC
-0.294
Sell
Bull/Bear Power(13)
-0.2620
Sell
Buy: 0
Sell: 7
Neutral: 1


Summary:Strong Sell","Jun 17, 2021 09:33PM GMT"
aud_usd,0.7554 +0.0004    +0.05%,17:33:38,2021-06-17 21:34:10.148190,"Prev. Close: 0.7550
Bid/Ask: 0.7553 / 0.7555
Day's Range: 0.7547 - 0.7557",Strong Sell,"Summary:Strong Sell
Moving Averages:SellBuy (2)Sell (10)
Technical Indicators:Strong SellBuy (0)Sell (9)","Name
S3
S2
S1
Pivot Points
R1
R2
R3
Classic
0.7541
0.7544
0.7548
0.7551
0.7555
0.7558
0.7562
Fibonacci
0.7544
0.7547
0.7548
0.7551
0.7554
0.7555
0.7558
Camarilla
0.7549
0.7550
0.7550
0.7551
0.7552
0.7552
0.7553
Woodie's
0.7541
0.7544
0.7548
0.7551
0.7555
0.7558
0.7562
DeMark's
-
-
0.7549
0.7551
0.7556
-
-","Technical IndicatorsJun 17, 2021 09:33PM GMT
Name
Value
Action
RSI(14)
31.387
Sell
STOCH(9,6)
20.195
Sell
STOCHRSI(14)
100.000
Overbought
MACD(12,26)
-0.003
Sell
ADX(14)
52.645
Sell
Williams %R
-80.838
Oversold
CCI(14)
-79.4147
Sell
ATR(14)
0.0017
Less Volatility
Highs/Lows(14)
-0.0004
Sell
Ultimate Oscillator
35.430
Sell
ROC
-0.775
Sell
Bull/Bear Power(13)
-0.0017
Sell
Buy: 0
Sell: 9
Neutral: 0


Summary:Strong Sell","Jun 17, 2021 09:33PM GMT"
eur_gbp,0.8552 0.0001    0.00%,17:33:38,2021-06-17 21:34:10.151086,"Prev. Close: 0.8551
Bid/Ask: 0.8550 / 0.8553
Day's Range: 0.8549 - 0.8557",Strong Sell,"Summary:Strong Sell
Moving Averages:Strong SellBuy (0)Sell (12)
Technical Indicators:Strong SellBuy (2)Sell (8)","Name
S3
S2
S1
Pivot Points
R1
R2
R3
Classic
0.8542
0.8544
0.8549
0.8552
0.8557
0.8560
0.8564
Fibonacci
0.8544
0.8547
0.8549
0.8552
0.8555
0.8557
0.8560
Camarilla
0.8553
0.8554
0.8554
0.8552
0.8556
0.8556
0.8557
Woodie's
0.8544
0.8545
0.8551
0.8553
0.8559
0.8561
0.8566
DeMark's
-
-
0.8551
0.8553
0.8559
-
-","Technical IndicatorsJun 17, 2021 09:33PM GMT
Name
Value
Action
RSI(14)
37.482
Sell
STOCH(9,6)
39.259
Sell
STOCHRSI(14)
69.512
Buy
MACD(12,26)
-0.001
Sell
ADX(14)
42.380
Sell
Williams %R
-66.667
Sell
CCI(14)
-66.5701
Sell
ATR(14)
0.0010
Less Volatility
Highs/Lows(14)
0.0000
Neutral
Ultimate Oscillator
52.653
Buy
ROC
-0.035
Sell
Bull/Bear Power(13)
-0.0015
Sell
Buy: 2
Sell: 8
Neutral: 1


Summary:Strong Sell","Jun 17, 2021 09:33PM GMT"
usd_cad,1.2357 -0.0004    -0.04%,17:33:40,2021-06-17 21:34:10.153945,"Prev. Close: 1.2361
Bid/Ask: 1.2356 / 1.2357
Day's Range: 1.2351 - 1.2368",Strong Buy,"Summary:Strong Buy
Moving Averages:BuyBuy (10)Sell (2)
Technical Indicators:Strong BuyBuy (10)Sell (0)","Name
S3
S2
S1
Pivot Points
R1
R2
R3
Classic
1.2342
1.2346
1.2353
1.2357
1.2364
1.2368
1.2375
Fibonacci
1.2346
1.2350
1.2353
1.2357
1.2361
1.2364
1.2368
Camarilla
1.2358
1.2359
1.2360
1.2357
1.2362
1.2363
1.2364
Woodie's
1.2344
1.2347
1.2355
1.2358
1.2366
1.2369
1.2377
DeMark's
-
-
1.2356
1.2358
1.2366
-
-","Technical IndicatorsJun 17, 2021 09:33PM GMT
Name
Value
Action
RSI(14)
68.899
Buy
STOCH(9,6)
74.175
Buy
STOCHRSI(14)
21.240
Oversold
MACD(12,26)
0.003
Buy
ADX(14)
45.997
Buy
Williams %R
-26.858
Buy
CCI(14)
107.0437
Buy
ATR(14)
0.0024
Less Volatility
Highs/Lows(14)
0.0005
Buy
Ultimate Oscillator
68.695
Buy
ROC
0.427
Buy
Bull/Bear Power(13)
0.0039
Buy
Buy: 10
Sell: 0
Neutral: 0


Summary:Strong Buy","Jun 17, 2021 09:33PM GMT"
usd_chf,0.9181 +0.0008    +0.09%,17:33:02,2021-06-17 21:34:10.156811,"Prev. Close: 0.9173
Bid/Ask: 0.9179 / 0.9183
Day's Range: 0.9169 - 0.9183",Strong Buy,"Summary:Strong Buy
Moving Averages:BuyBuy (12)Sell (0)
Technical Indicators:Strong BuyBuy (7)Sell (0)","Name
S3
S2
S1
Pivot Points
R1
R2
R3
Classic
0.9166
0.9170
0.9173
0.9177
0.9180
0.9184
0.9187
Fibonacci
0.9170
0.9173
0.9174
0.9177
0.9180
0.9181
0.9184
Camarilla
0.9173
0.9174
0.9174
0.9177
0.9176
0.9176
0.9177
Woodie's
0.9164
0.9169
0.9171
0.9176
0.9178
0.9183
0.9185
DeMark's
-
-
0.9171
0.9176
0.9178
-
-","Technical IndicatorsJun 17, 2021 09:33PM GMT
Name
Value
Action
RSI(14)
75.842
Overbought
STOCH(9,6)
81.172
Overbought
STOCHRSI(14)
9.306
Oversold
MACD(12,26)
0.003
Buy
ADX(14)
41.373
Buy
Williams %R
-11.429
Overbought
CCI(14)
95.0835
Buy
ATR(14)
0.0016
High Volatility
Highs/Lows(14)
0.0012
Buy
Ultimate Oscillator
69.173
Buy
ROC
0.647
Buy
Bull/Bear Power(13)
0.0031
Buy
Buy: 7
Sell: 0
Neutral: 0


Summary:Strong Buy","Jun 17, 2021 09:33PM GMT"
nzd_chf,0.6433 +0.0014    +0.22%,17:33:42,2021-06-17 21:34:10.159676,"Prev. Close: 0.6419
Bid/Ask: 0.6431 / 0.6435
Day's Range: 0.6422 - 0.6434",Buy,"Summary:Buy
Moving Averages:BuyBuy (11)Sell (1)
Technical Indicators:BUYBuy (5)Sell (3)","Name
S3
S2
S1
Pivot Points
R1
R2
R3
Classic
0.6411
0.6417
0.6420
0.6426
0.6429
0.6435
0.6438
Fibonacci
0.6417
0.6420
0.6423
0.6426
0.6429
0.6432
0.6435
Camarilla
0.6421
0.6421
0.6422
0.6426
0.6424
0.6425
0.6425
Woodie's
0.6409
0.6416
0.6418
0.6425
0.6427
0.6434
0.6436
DeMark's
-
-
0.6419
0.6425
0.6427
-
-","Technical IndicatorsJun 17, 2021 09:33PM GMT
Name
Value
Action
RSI(14)
55.539
Buy
STOCH(9,6)
61.391
Buy
STOCHRSI(14)
62.683
Buy
MACD(12,26)
0.000
Buy
ADX(14)
29.230
Neutral
Williams %R
-41.936
Buy
CCI(14)
20.4513
Neutral
ATR(14)
0.0012
Less Volatility
Highs/Lows(14)
0.0000
Neutral
Ultimate Oscillator
47.289
Sell
ROC
-0.178
Sell
Bull/Bear Power(13)
-0.0004
Sell
Buy: 5
Sell: 3
Neutral: 3


Summary:BUY","Jun 17, 2021 09:33PM GMT"
usd_cny,6.4484 +0.0515    +0.80%,11:27:22,2021-06-17 21:34:10.162532,"Prev. Close: 6.3969
Bid/Ask: 6.4477 / 6.4490
Day's Range: 6.3972 - 6.4494",Strong Buy,"Summary:Strong Buy
Moving Averages:BuyBuy (12)Sell (0)
Technical Indicators:Strong BuyBuy (7)Sell (0)","Name
S3
S2
S1
Pivot Points
R1
R2
R3
Classic
6.4380
6.4399
6.4436
6.4455
6.4492
6.4511
6.4548
Fibonacci
6.4399
6.4420
6.4434
6.4455
6.4476
6.4490
6.4511
Camarilla
6.4458
6.4463
6.4468
6.4455
6.4479
6.4484
6.4489
Woodie's
6.4390
6.4404
6.4446
6.4460
6.4502
6.4516
6.4558
DeMark's
-
-
6.4446
6.4460
6.4502
-
-","Technical IndicatorsJun 17, 2021 03:34PM GMT
Name
Value
Action
RSI(14)
85.433
Overbought
STOCH(9,6)
77.649
Buy
STOCHRSI(14)
100.000
Overbought
MACD(12,26)
0.011
Buy
ADX(14)
61.337
Buy
Williams %R
-3.426
Overbought
CCI(14)
151.8010
Buy
ATR(14)
0.0041
Less Volatility
Highs/Lows(14)
0.0141
Buy
Ultimate Oscillator
82.973
Overbought
ROC
0.391
Buy
Bull/Bear Power(13)
0.0286
Buy
Buy: 7
Sell: 0
Neutral: 0


Summary:Strong Buy","Jun 17, 2021 03:34PM GMT"
usd_hkd,7.7647 +0.0003    +0.00%,17:33:31,2021-06-17 21:34:10.165364,"Prev. Close: 7.7644
Bid/Ask: 7.7646 / 7.7648
Day's Range: 7.7644 - 7.7650",Strong Buy,"Summary:Strong Buy
Moving Averages:Strong BuyBuy (11)Sell (1)
Technical Indicators:Strong BuyBuy (7)Sell (2)","Name
S3
S2
S1
Pivot Points
R1
R2
R3
Classic
7.7632
7.7636
7.7641
7.7645
7.7649
7.7654
7.7658
Fibonacci
7.7636
7.7639
7.7642
7.7645
7.7648
7.7651
7.7654
Camarilla
7.7642
7.7643
7.7644
7.7645
7.7645
7.7646
7.7647
Woodie's
7.7632
7.7636
7.7641
7.7645
7.7649
7.7654
7.7658
DeMark's
-
-
7.7638
7.7644
7.7647
-
-","Technical IndicatorsJun 17, 2021 09:34PM GMT
Name
Value
Action
RSI(14)
55.730
Buy
STOCH(9,6)
56.445
Buy
STOCHRSI(14)
37.042
Sell
MACD(12,26)
0.000
Buy
ADX(14)
33.915
Sell
Williams %R
-44.743
Buy
CCI(14)
33.8367
Neutral
ATR(14)
0.0009
Less Volatility
Highs/Lows(14)
0.0000
Neutral
Ultimate Oscillator
54.775
Buy
ROC
0.001
Buy
Bull/Bear Power(13)
0.0013
Buy
Buy: 7
Sell: 2
Neutral: 2


Summary:Strong Buy","Jun 17, 2021 09:34PM GMT"
eur_usd,1.1908 +0.0001    +0.01%,17:34:39,2021-06-17 21:35:10.510307,"Prev. Close: 1.1906
Bid/Ask: 1.1907 / 1.1908
Day's Range: 1.1906 - 1.1909",Strong Sell,"Summary:Strong Sell
Moving Averages:Strong SellBuy (0)Sell (12)
Technical Indicators:Strong SellBuy (0)Sell (10)","Name
S3
S2
S1
Pivot Points
R1
R2
R3
Classic
1.1893
1.1897
1.1902
1.1906
1.1911
1.1915
1.1921
Fibonacci
1.1897
1.1900
1.1902
1.1906
1.1910
1.1912
1.1915
Camarilla
1.1905
1.1906
1.1907
1.1906
1.1908
1.1909
1.1910
Woodie's
1.1893
1.1897
1.1902
1.1906
1.1911
1.1915
1.1921
DeMark's
-
-
1.1904
1.1907
1.1913
-
-","Technical IndicatorsJun 17, 2021 09:33PM GMT
Name
Value
Action
RSI(14)
28.090
Sell
STOCH(9,6)
23.846
Sell
STOCHRSI(14)
100.000
Overbought
MACD(12,26)
-0.004
Sell
ADX(14)
42.257
Sell
Williams %R
-78.621
Sell
CCI(14)
-91.9264
Sell
ATR(14)
0.0018
Less Volatility
Highs/Lows(14)
-0.0009
Sell
Ultimate Oscillator
33.662
Sell
ROC
-0.397
Sell
Bull/Bear Power(13)
-0.0025
Sell
Buy: 0
Sell: 10
Neutral: 0


Summary:Strong Sell","Jun 17, 2021 09:33PM GMT"
gbp_usd,1.3925 +0.0006    +0.04%,17:34:45,2021-06-17 21:35:10.514177,"Prev. Close: 1.3919
Bid/Ask: 1.3922 / 1.3927
Day's Range: 1.3915 - 1.3929",Strong Sell,"Summary:Strong Sell
Moving Averages:SellBuy (3)Sell (9)
Technical Indicators:Strong SellBuy (0)Sell (10)","Name
S3
S2
S1
Pivot Points
R1
R2
R3
Classic
1.3912
1.3916
1.3921
1.3925
1.3930
1.3934
1.3940
Fibonacci
1.3916
1.3919
1.3922
1.3925
1.3928
1.3931
1.3934
Camarilla
1.3924
1.3925
1.3926
1.3925
1.3927
1.3928
1.3929
Woodie's
1.3912
1.3916
1.3921
1.3925
1.3930
1.3934
1.3940
DeMark's
-
-
1.3923
1.3926
1.3932
-
-","Technical IndicatorsJun 17, 2021 09:34PM GMT
Name
Value
Action
RSI(14)
36.507
Sell
STOCH(9,6)
32.368
Sell
STOCHRSI(14)
98.342
Overbought
MACD(12,26)
-0.003
Sell
ADX(14)
39.306
Sell
Williams %R
-70.202
Sell
CCI(14)
-69.2417
Sell
ATR(14)
0.0024
Less Volatility
Highs/Lows(14)
-0.0001
Sell
Ultimate Oscillator
36.426
Sell
ROC
-0.354
Sell
Bull/Bear Power(13)
-0.0036
Sell
Buy: 0
Sell: 10
Neutral: 0


Summary:Strong Sell","Jun 17, 2021 09:34PM GMT"
usd_jpy,110.25 +0.05    +0.05%,17:34:31,2021-06-17 21:35:10.517281,"Prev. Close: 110.20
Bid/Ask: 110.24 / 110.26
Day's Range: 110.17 - 110.83",Strong Sell,"Summary:Strong Sell
Moving Averages:SellBuy (5)Sell (7)
Technical Indicators:Strong SellBuy (0)Sell (7)","Name
S3
S2
S1
Pivot Points
R1
R2
R3
Classic
110.11
110.16
110.19
110.24
110.27
110.32
110.34
Fibonacci
110.16
110.19
110.21
110.24
110.27
110.29
110.32
Camarilla
110.19
110.20
110.21
110.24
110.22
110.23
110.24
Woodie's
110.09
110.15
110.17
110.23
110.25
110.31
110.32
DeMark's
-
-
110.17
110.23
110.25
-
-","Technical IndicatorsJun 17, 2021 09:33PM GMT
Name
Value
Action
RSI(14)
42.404
Sell
STOCH(9,6)
16.287
Oversold
STOCHRSI(14)
15.083
Oversold
MACD(12,26)
-0.030
Sell
ADX(14)
33.370
Sell
Williams %R
-85.714
Oversold
CCI(14)
-75.7648
Sell
ATR(14)
0.1239
Less Volatility
Highs/Lows(14)
-0.1021
Sell
Ultimate Oscillator
49.244
Neutral
ROC
-0.294
Sell
Bull/Bear Power(13)
-0.2620
Sell
Buy: 0
Sell: 7
Neutral: 1


Summary:Strong Sell","Jun 17, 2021 09:33PM GMT"
aud_usd,0.7555 +0.0005    +0.07%,17:34:47,2021-06-17 21:35:10.520210,"Prev. Close: 0.7550
Bid/Ask: 0.7554 / 0.7556
Day's Range: 0.7547 - 0.7557",Strong Sell,"Summary:Strong Sell
Moving Averages:SellBuy (2)Sell (10)
Technical Indicators:Strong SellBuy (0)Sell (9)","Name
S3
S2
S1
Pivot Points
R1
R2
R3
Classic
0.7541
0.7544
0.7548
0.7551
0.7555
0.7558
0.7562
Fibonacci
0.7544
0.7547
0.7548
0.7551
0.7554
0.7555
0.7558
Camarilla
0.7549
0.7550
0.7550
0.7551
0.7552
0.7552
0.7553
Woodie's
0.7541
0.7544
0.7548
0.7551
0.7555
0.7558
0.7562
DeMark's
-
-
0.7549
0.7551
0.7556
-
-","Technical IndicatorsJun 17, 2021 09:33PM GMT
Name
Value
Action
RSI(14)
31.387
Sell
STOCH(9,6)
20.195
Sell
STOCHRSI(14)
100.000
Overbought
MACD(12,26)
-0.003
Sell
ADX(14)
52.645
Sell
Williams %R
-80.838
Oversold
CCI(14)
-79.4147
Sell
ATR(14)
0.0017
Less Volatility
Highs/Lows(14)
-0.0004
Sell
Ultimate Oscillator
35.430
Sell
ROC
-0.775
Sell
Bull/Bear Power(13)
-0.0017
Sell
Buy: 0
Sell: 9
Neutral: 0


Summary:Strong Sell","Jun 17, 2021 09:33PM GMT"
eur_gbp,0.8551 0.0000    0.00%,17:34:45,2021-06-17 21:35:10.523097,"Prev. Close: 0.8551
Bid/Ask: 0.8548 / 0.8554
Day's Range: 0.8549 - 0.8557",Strong Sell,"Summary:Strong Sell
Moving Averages:Strong SellBuy (0)Sell (12)
Technical Indicators:Strong SellBuy (2)Sell (8)","Name
S3
S2
S1
Pivot Points
R1
R2
R3
Classic
0.8542
0.8544
0.8549
0.8552
0.8557
0.8560
0.8564
Fibonacci
0.8544
0.8547
0.8549
0.8552
0.8555
0.8557
0.8560
Camarilla
0.8553
0.8554
0.8554
0.8552
0.8556
0.8556
0.8557
Woodie's
0.8544
0.8545
0.8551
0.8553
0.8559
0.8561
0.8566
DeMark's
-
-
0.8551
0.8553
0.8559
-
-","Technical IndicatorsJun 17, 2021 09:33PM GMT
Name
Value
Action
RSI(14)
37.482
Sell
STOCH(9,6)
39.259
Sell
STOCHRSI(14)
69.512
Buy
MACD(12,26)
-0.001
Sell
ADX(14)
42.380
Sell
Williams %R
-66.667
Sell
CCI(14)
-66.5701
Sell
ATR(14)
0.0010
Less Volatility
Highs/Lows(14)
0.0000
Neutral
Ultimate Oscillator
52.653
Buy
ROC
-0.035
Sell
Bull/Bear Power(13)
-0.0015
Sell
Buy: 2
Sell: 8
Neutral: 1


Summary:Strong Sell","Jun 17, 2021 09:33PM GMT"
usd_cad,1.2355 -0.0006    -0.05%,,2021-06-17 21:35:10.525958,"Prev. Close: 1.2361
Bid/Ask: 1.2354 / 1.2355
Day's Range: 1.2351 - 1.2368",Strong Buy,"Summary:Strong Buy
Moving Averages:BuyBuy (10)Sell (2)
Technical Indicators:Strong BuyBuy (10)Sell (0)","Name
S3
S2
S1
Pivot Points
R1
R2
R3
Classic
1.2342
1.2346
1.2353
1.2357
1.2364
1.2368
1.2375
Fibonacci
1.2346
1.2350
1.2353
1.2357
1.2361
1.2364
1.2368
Camarilla
1.2358
1.2359
1.2360
1.2357
1.2362
1.2363
1.2364
Woodie's
1.2344
1.2347
1.2355
1.2358
1.2366
1.2369
1.2377
DeMark's
-
-
1.2356
1.2358
1.2366
-
-","Technical IndicatorsJun 17, 2021 09:33PM GMT
Name
Value
Action
RSI(14)
68.899
Buy
STOCH(9,6)
74.175
Buy
STOCHRSI(14)
21.240
Oversold
MACD(12,26)
0.003
Buy
ADX(14)
45.997
Buy
Williams %R
-26.858
Buy
CCI(14)
107.0437
Buy
ATR(14)
0.0024
Less Volatility
Highs/Lows(14)
0.0005
Buy
Ultimate Oscillator
68.695
Buy
ROC
0.427
Buy
Bull/Bear Power(13)
0.0039
Buy
Buy: 10
Sell: 0
Neutral: 0


Summary:Strong Buy","Jun 17, 2021 09:33PM GMT"
usd_chf,0.9181 +0.0008    +0.09%,17:33:02,2021-06-17 21:35:10.528829,"Prev. Close: 0.9173
Bid/Ask: 0.9179 / 0.9183
Day's Range: 0.9169 - 0.9183",Strong Buy,"Summary:Strong Buy
Moving Averages:BuyBuy (12)Sell (0)
Technical Indicators:Strong BuyBuy (7)Sell (0)","Name
S3
S2
S1
Pivot Points
R1
R2
R3
Classic
0.9166
0.9170
0.9173
0.9177
0.9180
0.9184
0.9187
Fibonacci
0.9170
0.9173
0.9174
0.9177
0.9180
0.9181
0.9184
Camarilla
0.9173
0.9174
0.9174
0.9177
0.9176
0.9176
0.9177
Woodie's
0.9164
0.9169
0.9171
0.9176
0.9178
0.9183
0.9185
DeMark's
-
-
0.9171
0.9176
0.9178
-
-","Technical IndicatorsJun 17, 2021 09:33PM GMT
Name
Value
Action
RSI(14)
75.842
Overbought
STOCH(9,6)
81.172
Overbought
STOCHRSI(14)
9.306
Oversold
MACD(12,26)
0.003
Buy
ADX(14)
41.373
Buy
Williams %R
-11.429
Overbought
CCI(14)
95.0835
Buy
ATR(14)
0.0016
High Volatility
Highs/Lows(14)
0.0012
Buy
Ultimate Oscillator
69.173
Buy
ROC
0.647
Buy
Bull/Bear Power(13)
0.0031
Buy
Buy: 7
Sell: 0
Neutral: 0


Summary:Strong Buy","Jun 17, 2021 09:33PM GMT"
nzd_chf,0.6433 +0.0014    +0.22%,17:34:50,2021-06-17 21:35:10.531709,"Prev. Close: 0.6419
Bid/Ask: 0.6431 / 0.6435
Day's Range: 0.6422 - 0.6434",Buy,"Summary:Buy
Moving Averages:BuyBuy (11)Sell (1)
Technical Indicators:BUYBuy (5)Sell (3)","Name
S3
S2
S1
Pivot Points
R1
R2
R3
Classic
0.6411
0.6417
0.6420
0.6426
0.6429
0.6435
0.6438
Fibonacci
0.6417
0.6420
0.6423
0.6426
0.6429
0.6432
0.6435
Camarilla
0.6421
0.6421
0.6422
0.6426
0.6424
0.6425
0.6425
Woodie's
0.6409
0.6416
0.6418
0.6425
0.6427
0.6434
0.6436
DeMark's
-
-
0.6419
0.6425
0.6427
-
-","Technical IndicatorsJun 17, 2021 09:33PM GMT
Name
Value
Action
RSI(14)
55.539
Buy
STOCH(9,6)
61.391
Buy
STOCHRSI(14)
62.683
Buy
MACD(12,26)
0.000
Buy
ADX(14)
29.230
Neutral
Williams %R
-41.936
Buy
CCI(14)
20.4513
Neutral
ATR(14)
0.0012
Less Volatility
Highs/Lows(14)
0.0000
Neutral
Ultimate Oscillator
47.289
Sell
ROC
-0.178
Sell
Bull/Bear Power(13)
-0.0004
Sell
Buy: 5
Sell: 3
Neutral: 3


Summary:BUY","Jun 17, 2021 09:33PM GMT"
usd_cny,6.4484 +0.0515    +0.80%,11:27:22,2021-06-17 21:35:10.534568,"Prev. Close: 6.3969
Bid/Ask: 6.4477 / 6.4490
Day's Range: 6.3972 - 6.4494",Strong Buy,"Summary:Strong Buy
Moving Averages:BuyBuy (12)Sell (0)
Technical Indicators:Strong BuyBuy (7)Sell (0)","Name
S3
S2
S1
Pivot Points
R1
R2
R3
Classic
6.4380
6.4399
6.4436
6.4455
6.4492
6.4511
6.4548
Fibonacci
6.4399
6.4420
6.4434
6.4455
6.4476
6.4490
6.4511
Camarilla
6.4458
6.4463
6.4468
6.4455
6.4479
6.4484
6.4489
Woodie's
6.4390
6.4404
6.4446
6.4460
6.4502
6.4516
6.4558
DeMark's
-
-
6.4446
6.4460
6.4502
-
-","Technical IndicatorsJun 17, 2021 03:34PM GMT
Name
Value
Action
RSI(14)
85.433
Overbought
STOCH(9,6)
77.649
Buy
STOCHRSI(14)
100.000
Overbought
MACD(12,26)
0.011
Buy
ADX(14)
61.337
Buy
Williams %R
-3.426
Overbought
CCI(14)
151.8010
Buy
ATR(14)
0.0041
Less Volatility
Highs/Lows(14)
0.0141
Buy
Ultimate Oscillator
82.973
Overbought
ROC
0.391
Buy
Bull/Bear Power(13)
0.0286
Buy
Buy: 7
Sell: 0
Neutral: 0


Summary:Strong Buy","Jun 17, 2021 03:34PM GMT"
usd_hkd,7.7647 +0.0003    +0.00%,17:34:43,2021-06-17 21:35:10.537428,"Prev. Close: 7.7644
Bid/Ask: 7.7646 / 7.7648
Day's Range: 7.7644 - 7.7650",Strong Buy,"Summary:Strong Buy
Moving Averages:Strong BuyBuy (11)Sell (1)
Technical Indicators:Strong BuyBuy (7)Sell (2)","Name
S3
S2
S1
Pivot Points
R1
R2
R3
Classic
7.7632
7.7636
7.7641
7.7645
7.7649
7.7654
7.7658
Fibonacci
7.7636
7.7639
7.7642
7.7645
7.7648
7.7651
7.7654
Camarilla
7.7642
7.7643
7.7644
7.7645
7.7645
7.7646
7.7647
Woodie's
7.7632
7.7636
7.7641
7.7645
7.7649
7.7654
7.7658
DeMark's
-
-
7.7638
7.7644
7.7647
-
-","Technical IndicatorsJun 17, 2021 09:34PM GMT
Name
Value
Action
RSI(14)
55.730
Buy
STOCH(9,6)
56.445
Buy
STOCHRSI(14)
37.042
Sell
MACD(12,26)
0.000
Buy
ADX(14)
33.915
Sell
Williams %R
-44.743
Buy
CCI(14)
33.8367
Neutral
ATR(14)
0.0009
Less Volatility
Highs/Lows(14)
0.0000
Neutral
Ultimate Oscillator
54.775
Buy
ROC
0.001
Buy
Bull/Bear Power(13)
0.0013
Buy
Buy: 7
Sell: 2
Neutral: 2


Summary:Strong Buy","Jun 17, 2021 09:34PM GMT"
eur_usd,1.1908 +0.0001    +0.01%,17:35:32,2021-06-17 21:36:10.005560,"Prev. Close: 1.1906
Bid/Ask: 1.1907 / 1.1908
Day's Range: 1.1906 - 1.1909",Strong Sell,"Summary:Strong Sell
Moving Averages:Strong SellBuy (0)Sell (12)
Technical Indicators:Strong SellBuy (0)Sell (10)","Name
S3
S2
S1
Pivot Points
R1
R2
R3
Classic
1.1893
1.1897
1.1902
1.1906
1.1911
1.1915
1.1921
Fibonacci
1.1897
1.1900
1.1902
1.1906
1.1910
1.1912
1.1915
Camarilla
1.1905
1.1906
1.1907
1.1906
1.1908
1.1909
1.1910
Woodie's
1.1893
1.1897
1.1902
1.1906
1.1911
1.1915
1.1921
DeMark's
-
-
1.1904
1.1907
1.1913
-
-","Technical IndicatorsJun 17, 2021 09:35PM GMT
Name
Value
Action
RSI(14)
28.090
Sell
STOCH(9,6)
23.846
Sell
STOCHRSI(14)
100.000
Overbought
MACD(12,26)
-0.004
Sell
ADX(14)
42.257
Sell
Williams %R
-78.621
Sell
CCI(14)
-91.9264
Sell
ATR(14)
0.0018
Less Volatility
Highs/Lows(14)
-0.0009
Sell
Ultimate Oscillator
33.662
Sell
ROC
-0.397
Sell
Bull/Bear Power(13)
-0.0025
Sell
Buy: 0
Sell: 10
Neutral: 0


Summary:Strong Sell","Jun 17, 2021 09:35PM GMT"
gbp_usd,1.3925 +0.0006    +0.04%,17:35:32,2021-06-17 21:36:10.009504,"Prev. Close: 1.3919
Bid/Ask: 1.3922 / 1.3927
Day's Range: 1.3915 - 1.3929",Strong Sell,"Summary:Strong Sell
Moving Averages:SellBuy (3)Sell (9)
Technical Indicators:Strong SellBuy (0)Sell (10)","Name
S3
S2
S1
Pivot Points
R1
R2
R3
Classic
1.3912
1.3916
1.3921
1.3925
1.3930
1.3934
1.3940
Fibonacci
1.3916
1.3919
1.3922
1.3925
1.3928
1.3931
1.3934
Camarilla
1.3924
1.3925
1.3926
1.3925
1.3927
1.3928
1.3929
Woodie's
1.3912
1.3916
1.3921
1.3925
1.3930
1.3934
1.3940
DeMark's
-
-
1.3923
1.3926
1.3932
-
-","Technical IndicatorsJun 17, 2021 09:34PM GMT
Name
Value
Action
RSI(14)
36.507
Sell
STOCH(9,6)
32.368
Sell
STOCHRSI(14)
98.342
Overbought
MACD(12,26)
-0.003
Sell
ADX(14)
39.306
Sell
Williams %R
-70.202
Sell
CCI(14)
-69.2417
Sell
ATR(14)
0.0024
Less Volatility
Highs/Lows(14)
-0.0001
Sell
Ultimate Oscillator
36.426
Sell
ROC
-0.354
Sell
Bull/Bear Power(13)
-0.0036
Sell
Buy: 0
Sell: 10
Neutral: 0


Summary:Strong Sell","Jun 17, 2021 09:34PM GMT"
usd_jpy,110.25 +0.05    +0.05%,17:35:41,2021-06-17 21:36:10.012654,"Prev. Close: 110.20
Bid/Ask: 110.24 / 110.26
Day's Range: 110.17 - 110.83",Strong Sell,"Summary:Strong Sell
Moving Averages:SellBuy (5)Sell (7)
Technical Indicators:Strong SellBuy (0)Sell (8)","Name
S3
S2
S1
Pivot Points
R1
R2
R3
Classic
110.11
110.16
110.19
110.24
110.27
110.32
110.34
Fibonacci
110.16
110.19
110.21
110.24
110.27
110.29
110.32
Camarilla
110.19
110.20
110.21
110.24
110.22
110.23
110.24
Woodie's
110.09
110.15
110.17
110.23
110.25
110.31
110.32
DeMark's
-
-
110.17
110.23
110.25
-
-","Technical IndicatorsJun 17, 2021 09:35PM GMT
Name
Value
Action
RSI(14)
42.082
Sell
STOCH(9,6)
16.031
Oversold
STOCHRSI(14)
13.910
Oversold
MACD(12,26)
-0.030
Sell
ADX(14)
33.370
Sell
Williams %R
-86.554
Oversold
CCI(14)
-76.3291
Sell
ATR(14)
0.1239
Less Volatility
Highs/Lows(14)
-0.1071
Sell
Ultimate Oscillator
48.716
Sell
ROC
-0.298
Sell
Bull/Bear Power(13)
-0.2600
Sell
Buy: 0
Sell: 8
Neutral: 0


Summary:Strong Sell","Jun 17, 2021 09:35PM GMT"
aud_usd,0.7556 +0.0006    +0.07%,17:35:30,2021-06-17 21:36:10.015670,"Prev. Close: 0.7550
Bid/Ask: 0.7554 / 0.7557
Day's Range: 0.7547 - 0.7557",Strong Sell,"Summary:Strong Sell
Moving Averages:SellBuy (2)Sell (10)
Technical Indicators:Strong SellBuy (0)Sell (8)","Name
S3
S2
S1
Pivot Points
R1
R2
R3
Classic
0.7541
0.7544
0.7548
0.7551
0.7555
0.7558
0.7562
Fibonacci
0.7544
0.7547
0.7548
0.7551
0.7554
0.7555
0.7558
Camarilla
0.7549
0.7550
0.7550
0.7551
0.7552
0.7552
0.7553
Woodie's
0.7541
0.7544
0.7548
0.7551
0.7555
0.7558
0.7562
DeMark's
-
-
0.7549
0.7551
0.7556
-
-","Technical IndicatorsJun 17, 2021 09:35PM GMT
Name
Value
Action
RSI(14)
30.726
Sell
STOCH(9,6)
19.877
Oversold
STOCHRSI(14)
100.000
Overbought
MACD(12,26)
-0.003
Sell
ADX(14)
52.645
Sell
Williams %R
-82.036
Oversold
CCI(14)
-80.7654
Sell
ATR(14)
0.0017
Less Volatility
Highs/Lows(14)
-0.0005
Sell
Ultimate Oscillator
34.652
Sell
ROC
-0.788
Sell
Bull/Bear Power(13)
-0.0017
Sell
Buy: 0
Sell: 8
Neutral: 0


Summary:Strong Sell","Jun 17, 2021 09:35PM GMT"
eur_gbp,0.8551 -0.0001    -0.01%,17:35:40,2021-06-17 21:36:10.018609,"Prev. Close: 0.8551
Bid/Ask: 0.8548 / 0.8553
Day's Range: 0.8549 - 0.8557",Strong Sell,"Summary:Strong Sell
Moving Averages:Strong SellBuy (0)Sell (12)
Technical Indicators:Strong SellBuy (2)Sell (8)","Name
S3
S2
S1
Pivot Points
R1
R2
R3
Classic
0.8542
0.8544
0.8549
0.8552
0.8557
0.8560
0.8564
Fibonacci
0.8544
0.8547
0.8549
0.8552
0.8555
0.8557
0.8560
Camarilla
0.8553
0.8554
0.8554
0.8552
0.8556
0.8556
0.8557
Woodie's
0.8544
0.8545
0.8551
0.8553
0.8559
0.8561
0.8566
DeMark's
-
-
0.8551
0.8553
0.8559
-
-","Technical IndicatorsJun 17, 2021 09:35PM GMT
Name
Value
Action
RSI(14)
37.482
Sell
STOCH(9,6)
39.259
Sell
STOCHRSI(14)
69.512
Buy
MACD(12,26)
-0.001
Sell
ADX(14)
42.380
Sell
Williams %R
-66.667
Sell
CCI(14)
-66.5701
Sell
ATR(14)
0.0010
Less Volatility
Highs/Lows(14)
0.0000
Neutral
Ultimate Oscillator
52.653
Buy
ROC
-0.035
Sell
Bull/Bear Power(13)
-0.0015
Sell
Buy: 2
Sell: 8
Neutral: 1


Summary:Strong Sell","Jun 17, 2021 09:35PM GMT"
usd_cad,1.2356 -0.0005    -0.04%,17:35:40,2021-06-17 21:36:10.021474,"Prev. Close: 1.2361
Bid/Ask: 1.2354 / 1.2358
Day's Range: 1.2351 - 1.2368",Strong Buy,"Summary:Strong Buy
Moving Averages:BuyBuy (12)Sell (0)
Technical Indicators:Strong BuyBuy (9)Sell (1)","Name
S3
S2
S1
Pivot Points
R1
R2
R3
Classic
1.2342
1.2346
1.2353
1.2357
1.2364
1.2368
1.2375
Fibonacci
1.2346
1.2350
1.2353
1.2357
1.2361
1.2364
1.2368
Camarilla
1.2358
1.2359
1.2360
1.2357
1.2362
1.2363
1.2364
Woodie's
1.2344
1.2347
1.2355
1.2358
1.2366
1.2369
1.2377
DeMark's
-
-
1.2356
1.2358
1.2366
-
-","Technical IndicatorsJun 17, 2021 09:35PM GMT
Name
Value
Action
RSI(14)
70.531
Buy
STOCH(9,6)
74.782
Buy
STOCHRSI(14)
33.550
Sell
MACD(12,26)
0.003
Buy
ADX(14)
45.997
Buy
Williams %R
-23.429
Buy
CCI(14)
111.0174
Buy
ATR(14)
0.0024
Less Volatility
Highs/Lows(14)
0.0008
Buy
Ultimate Oscillator
70.150
Overbought
ROC
0.451
Buy
Bull/Bear Power(13)
0.0039
Buy
Buy: 9
Sell: 1
Neutral: 0


Summary:Strong Buy","Jun 17, 2021 09:35PM GMT"
usd_chf,0.9174 0.0001    0.00%,17:35:31,2021-06-17 21:36:10.024366,"Prev. Close: 0.9173
Bid/Ask: 0.9170 / 0.9177
Day's Range: 0.9169 - 0.9183",Strong Buy,"Summary:Strong Buy
Moving Averages:BuyBuy (10)Sell (2)
Technical Indicators:Strong BuyBuy (10)Sell (0)","Name
S3
S2
S1
Pivot Points
R1
R2
R3
Classic
0.9166
0.9170
0.9173
0.9177
0.9180
0.9184
0.9187
Fibonacci
0.9170
0.9173
0.9174
0.9177
0.9180
0.9181
0.9184
Camarilla
0.9173
0.9174
0.9174
0.9177
0.9176
0.9176
0.9177
Woodie's
0.9164
0.9169
0.9171
0.9176
0.9178
0.9183
0.9185
DeMark's
-
-
0.9171
0.9176
0.9178
-
-","Technical IndicatorsJun 17, 2021 09:36PM GMT
Name
Value
Action
RSI(14)
73.656
Buy
STOCH(9,6)
79.166
Buy
STOCHRSI(14)
0.000
Oversold
MACD(12,26)
0.003
Buy
ADX(14)
41.373
Buy
Williams %R
-20.714
Buy
CCI(14)
85.7459
Buy
ATR(14)
0.0016
High Volatility
Highs/Lows(14)
0.0005
Buy
Ultimate Oscillator
64.416
Buy
ROC
0.576
Buy
Bull/Bear Power(13)
0.0031
Buy
Buy: 10
Sell: 0
Neutral: 0


Summary:Strong Buy","Jun 17, 2021 09:36PM GMT"
nzd_chf,0.6428 +0.0009    +0.14%,17:35:42,2021-06-17 21:36:10.027302,"Prev. Close: 0.6419
Bid/Ask: 0.6425 / 0.6431
Day's Range: 0.6422 - 0.6434",Neutral,"Summary:Neutral
Moving Averages:BuyBuy (9)Sell (3)
Technical Indicators:SellBuy (2)Sell (3)","Name
S3
S2
S1
Pivot Points
R1
R2
R3
Classic
0.6411
0.6417
0.6420
0.6426
0.6429
0.6435
0.6438
Fibonacci
0.6417
0.6420
0.6423
0.6426
0.6429
0.6432
0.6435
Camarilla
0.6421
0.6421
0.6422
0.6426
0.6424
0.6425
0.6425
Woodie's
0.6409
0.6416
0.6418
0.6425
0.6427
0.6434
0.6436
DeMark's
-
-
0.6419
0.6425
0.6427
-
-","Technical IndicatorsJun 17, 2021 09:35PM GMT
Name
Value
Action
RSI(14)
52.526
Neutral
STOCH(9,6)
58.713
Buy
STOCHRSI(14)
51.135
Neutral
MACD(12,26)
0.000
Buy
ADX(14)
29.230
Neutral
Williams %R
-51.614
Neutral
CCI(14)
4.9154
Neutral
ATR(14)
0.0012
Less Volatility
Highs/Lows(14)
0.0000
Neutral
Ultimate Oscillator
42.342
Sell
ROC
-0.248
Sell
Bull/Bear Power(13)
-0.0004
Sell
Buy: 2
Sell: 3
Neutral: 6


Summary:Sell","Jun 17, 2021 09:35PM GMT"
usd_cny,6.4484 +0.0515    +0.80%,11:27:22,2021-06-17 21:36:10.030160,"Prev. Close: 6.3969
Bid/Ask: 6.4477 / 6.4490
Day's Range: 6.3972 - 6.4494",Strong Buy,"Summary:Strong Buy
Moving Averages:BuyBuy (12)Sell (0)
Technical Indicators:Strong BuyBuy (7)Sell (0)","Name
S3
S2
S1
Pivot Points
R1
R2
R3
Classic
6.4380
6.4399
6.4436
6.4455
6.4492
6.4511
6.4548
Fibonacci
6.4399
6.4420
6.4434
6.4455
6.4476
6.4490
6.4511
Camarilla
6.4458
6.4463
6.4468
6.4455
6.4479
6.4484
6.4489
Woodie's
6.4390
6.4404
6.4446
6.4460
6.4502
6.4516
6.4558
DeMark's
-
-
6.4446
6.4460
6.4502
-
-","Technical IndicatorsJun 17, 2021 03:34PM GMT
Name
Value
Action
RSI(14)
85.433
Overbought
STOCH(9,6)
77.649
Buy
STOCHRSI(14)
100.000
Overbought
MACD(12,26)
0.011
Buy
ADX(14)
61.337
Buy
Williams %R
-3.426
Overbought
CCI(14)
151.8010
Buy
ATR(14)
0.0041
Less Volatility
Highs/Lows(14)
0.0141
Buy
Ultimate Oscillator
82.973
Overbought
ROC
0.391
Buy
Bull/Bear Power(13)
0.0286
Buy
Buy: 7
Sell: 0
Neutral: 0


Summary:Strong Buy","Jun 17, 2021 03:34PM GMT"
usd_hkd,7.7646 +0.0001    +0.00%,17:35:28,2021-06-17 21:36:10.033055,"Prev. Close: 7.7644
Bid/Ask: 7.7643 / 7.7648
Day's Range: 7.7644 - 7.7650",Strong Buy,"Summary:Strong Buy
Moving Averages:Strong BuyBuy (11)Sell (1)
Technical Indicators:Strong BuyBuy (7)Sell (2)","Name
S3
S2
S1
Pivot Points
R1
R2
R3
Classic
7.7632
7.7636
7.7641
7.7645
7.7649
7.7654
7.7658
Fibonacci
7.7636
7.7639
7.7642
7.7645
7.7648
7.7651
7.7654
Camarilla
7.7642
7.7643
7.7644
7.7645
7.7645
7.7646
7.7647
Woodie's
7.7632
7.7636
7.7641
7.7645
7.7649
7.7654
7.7658
DeMark's
-
-
7.7638
7.7644
7.7647
-
-","Technical IndicatorsJun 17, 2021 09:34PM GMT
Name
Value
Action
RSI(14)
55.730
Buy
STOCH(9,6)
56.445
Buy
STOCHRSI(14)
37.042
Sell
MACD(12,26)
0.000
Buy
ADX(14)
33.915
Sell
Williams %R
-44.743
Buy
CCI(14)
33.8367
Neutral
ATR(14)
0.0009
Less Volatility
Highs/Lows(14)
0.0000
Neutral
Ultimate Oscillator
54.775
Buy
ROC
0.001
Buy
Bull/Bear Power(13)
0.0013
Buy
Buy: 7
Sell: 2
Neutral: 2


Summary:Strong Buy","Jun 17, 2021 09:34PM GMT"
eur_usd,1.1908 +0.0002    +0.02%,17:36:54,2021-06-17 21:37:09.957868,"Prev. Close: 1.1906
Bid/Ask: 1.1907 / 1.1909
Day's Range: 1.1906 - 1.1909",Strong Sell,"Summary:Strong Sell
Moving Averages:Strong SellBuy (0)Sell (12)
Technical Indicators:Strong SellBuy (0)Sell (10)","Name
S3
S2
S1
Pivot Points
R1
R2
R3
Classic
1.1893
1.1897
1.1902
1.1906
1.1911
1.1915
1.1921
Fibonacci
1.1897
1.1900
1.1902
1.1906
1.1910
1.1912
1.1915
Camarilla
1.1905
1.1906
1.1907
1.1906
1.1908
1.1909
1.1910
Woodie's
1.1893
1.1897
1.1902
1.1906
1.1911
1.1915
1.1921
DeMark's
-
-
1.1904
1.1907
1.1913
-
-","Technical IndicatorsJun 17, 2021 09:35PM GMT
Name
Value
Action
RSI(14)
28.090
Sell
STOCH(9,6)
23.846
Sell
STOCHRSI(14)
100.000
Overbought
MACD(12,26)
-0.004
Sell
ADX(14)
42.257
Sell
Williams %R
-78.621
Sell
CCI(14)
-91.9264
Sell
ATR(14)
0.0018
Less Volatility
Highs/Lows(14)
-0.0009
Sell
Ultimate Oscillator
33.662
Sell
ROC
-0.397
Sell
Bull/Bear Power(13)
-0.0025
Sell
Buy: 0
Sell: 10
Neutral: 0


Summary:Strong Sell","Jun 17, 2021 09:35PM GMT"
gbp_usd,1.3925 +0.0006    +0.04%,17:36:44,2021-06-17 21:37:09.961787,"Prev. Close: 1.3919
Bid/Ask: 1.3922 / 1.3927
Day's Range: 1.3915 - 1.3929",Strong Sell,"Summary:Strong Sell
Moving Averages:SellBuy (1)Sell (11)
Technical Indicators:Strong SellBuy (0)Sell (10)","Name
S3
S2
S1
Pivot Points
R1
R2
R3
Classic
1.3912
1.3916
1.3921
1.3925
1.3930
1.3934
1.3940
Fibonacci
1.3916
1.3919
1.3922
1.3925
1.3928
1.3931
1.3934
Camarilla
1.3924
1.3925
1.3926
1.3925
1.3927
1.3928
1.3929
Woodie's
1.3912
1.3916
1.3921
1.3925
1.3930
1.3934
1.3940
DeMark's
-
-
1.3923
1.3926
1.3932
-
-","Technical IndicatorsJun 17, 2021 09:36PM GMT
Name
Value
Action
RSI(14)
36.285
Sell
STOCH(9,6)
32.118
Sell
STOCHRSI(14)
96.706
Overbought
MACD(12,26)
-0.003
Sell
ADX(14)
39.306
Sell
Williams %R
-71.213
Sell
CCI(14)
-70.3636
Sell
ATR(14)
0.0024
Less Volatility
Highs/Lows(14)
-0.0002
Sell
Ultimate Oscillator
35.920
Sell
ROC
-0.361
Sell
Bull/Bear Power(13)
-0.0036
Sell
Buy: 0
Sell: 10
Neutral: 0


Summary:Strong Sell","Jun 17, 2021 09:36PM GMT"
usd_jpy,110.25 +0.05    +0.05%,17:36:33,2021-06-17 21:37:09.965016,"Prev. Close: 110.20
Bid/Ask: 110.24 / 110.26
Day's Range: 110.17 - 110.83",Strong Sell,"Summary:Strong Sell
Moving Averages:SellBuy (5)Sell (7)
Technical Indicators:Strong SellBuy (0)Sell (8)","Name
S3
S2
S1
Pivot Points
R1
R2
R3
Classic
110.11
110.16
110.19
110.24
110.27
110.32
110.34
Fibonacci
110.16
110.19
110.21
110.24
110.27
110.29
110.32
Camarilla
110.19
110.20
110.21
110.24
110.22
110.23
110.24
Woodie's
110.09
110.15
110.17
110.23
110.25
110.31
110.32
DeMark's
-
-
110.17
110.23
110.25
-
-","Technical IndicatorsJun 17, 2021 09:35PM GMT
Name
Value
Action
RSI(14)
42.082
Sell
STOCH(9,6)
16.031
Oversold
STOCHRSI(14)
13.910
Oversold
MACD(12,26)
-0.030
Sell
ADX(14)
33.370
Sell
Williams %R
-86.554
Oversold
CCI(14)
-76.3291
Sell
ATR(14)
0.1239
Less Volatility
Highs/Lows(14)
-0.1071
Sell
Ultimate Oscillator
48.716
Sell
ROC
-0.298
Sell
Bull/Bear Power(13)
-0.2600
Sell
Buy: 0
Sell: 8
Neutral: 0


Summary:Strong Sell","Jun 17, 2021 09:35PM GMT"
aud_usd,0.7555 +0.0004    +0.06%,17:36:42,2021-06-17 21:37:09.968070,"Prev. Close: 0.7550
Bid/Ask: 0.7552 / 0.7557
Day's Range: 0.7547 - 0.7557",Strong Sell,"Summary:Strong Sell
Moving Averages:SellBuy (2)Sell (10)
Technical Indicators:Strong SellBuy (0)Sell (8)","Name
S3
S2
S1
Pivot Points
R1
R2
R3
Classic
0.7541
0.7544
0.7548
0.7551
0.7555
0.7558
0.7562
Fibonacci
0.7544
0.7547
0.7548
0.7551
0.7554
0.7555
0.7558
Camarilla
0.7549
0.7550
0.7550
0.7551
0.7552
0.7552
0.7553
Woodie's
0.7541
0.7544
0.7548
0.7551
0.7555
0.7558
0.7562
DeMark's
-
-
0.7549
0.7551
0.7556
-
-","Technical IndicatorsJun 17, 2021 09:35PM GMT
Name
Value
Action
RSI(14)
30.726
Sell
STOCH(9,6)
19.877
Oversold
STOCHRSI(14)
100.000
Overbought
MACD(12,26)
-0.003
Sell
ADX(14)
52.645
Sell
Williams %R
-82.036
Oversold
CCI(14)
-80.7654
Sell
ATR(14)
0.0017
Less Volatility
Highs/Lows(14)
-0.0005
Sell
Ultimate Oscillator
34.652
Sell
ROC
-0.788
Sell
Bull/Bear Power(13)
-0.0017
Sell
Buy: 0
Sell: 8
Neutral: 0


Summary:Strong Sell","Jun 17, 2021 09:35PM GMT"
eur_gbp,0.8552 +0.0001    +0.01%,17:36:54,2021-06-17 21:37:09.971056,"Prev. Close: 0.8551
Bid/Ask: 0.8550 / 0.8554
Day's Range: 0.8549 - 0.8557",Strong Sell,"Summary:Strong Sell
Moving Averages:Strong SellBuy (0)Sell (12)
Technical Indicators:Strong SellBuy (2)Sell (8)","Name
S3
S2
S1
Pivot Points
R1
R2
R3
Classic
0.8542
0.8544
0.8549
0.8552
0.8557
0.8560
0.8564
Fibonacci
0.8544
0.8547
0.8549
0.8552
0.8555
0.8557
0.8560
Camarilla
0.8553
0.8554
0.8554
0.8552
0.8556
0.8556
0.8557
Woodie's
0.8544
0.8545
0.8551
0.8553
0.8559
0.8561
0.8566
DeMark's
-
-
0.8551
0.8553
0.8559
-
-","Technical IndicatorsJun 17, 2021 09:35PM GMT
Name
Value
Action
RSI(14)
37.482
Sell
STOCH(9,6)
39.259
Sell
STOCHRSI(14)
69.512
Buy
MACD(12,26)
-0.001
Sell
ADX(14)
42.380
Sell
Williams %R
-66.667
Sell
CCI(14)
-66.5701
Sell
ATR(14)
0.0010
Less Volatility
Highs/Lows(14)
0.0000
Neutral
Ultimate Oscillator
52.653
Buy
ROC
-0.035
Sell
Bull/Bear Power(13)
-0.0015
Sell
Buy: 2
Sell: 8
Neutral: 1


Summary:Strong Sell","Jun 17, 2021 09:35PM GMT"
usd_cad,1.2354 -0.0007    -0.06%,17:36:51,2021-06-17 21:37:09.974017,"Prev. Close: 1.2361
Bid/Ask: 1.2352 / 1.2356
Day's Range: 1.2351 - 1.2368",Strong Buy,"Summary:Strong Buy
Moving Averages:BuyBuy (12)Sell (0)
Technical Indicators:Strong BuyBuy (9)Sell (1)","Name
S3
S2
S1
Pivot Points
R1
R2
R3
Classic
1.2342
1.2346
1.2353
1.2357
1.2364
1.2368
1.2375
Fibonacci
1.2346
1.2350
1.2353
1.2357
1.2361
1.2364
1.2368
Camarilla
1.2358
1.2359
1.2360
1.2357
1.2362
1.2363
1.2364
Woodie's
1.2344
1.2347
1.2355
1.2358
1.2366
1.2369
1.2377
DeMark's
-
-
1.2356
1.2358
1.2366
-
-","Technical IndicatorsJun 17, 2021 09:35PM GMT
Name
Value
Action
RSI(14)
70.531
Buy
STOCH(9,6)
74.782
Buy
STOCHRSI(14)
33.550
Sell
MACD(12,26)
0.003
Buy
ADX(14)
45.997
Buy
Williams %R
-23.429
Buy
CCI(14)
111.0174
Buy
ATR(14)
0.0024
Less Volatility
Highs/Lows(14)
0.0008
Buy
Ultimate Oscillator
70.150
Overbought
ROC
0.451
Buy
Bull/Bear Power(13)
0.0039
Buy
Buy: 9
Sell: 1
Neutral: 0


Summary:Strong Buy","Jun 17, 2021 09:35PM GMT"
usd_chf,0.9172 -0.0001    -0.01%,17:36:48,2021-06-17 21:37:09.976952,"Prev. Close: 0.9173
Bid/Ask: 0.9168 / 0.9176
Day's Range: 0.9169 - 0.9183",Strong Buy,"Summary:Strong Buy
Moving Averages:BuyBuy (10)Sell (2)
Technical Indicators:Strong BuyBuy (10)Sell (0)","Name
S3
S2
S1
Pivot Points
R1
R2
R3
Classic
0.9166
0.9170
0.9173
0.9177
0.9180
0.9184
0.9187
Fibonacci
0.9170
0.9173
0.9174
0.9177
0.9180
0.9181
0.9184
Camarilla
0.9173
0.9174
0.9174
0.9177
0.9176
0.9176
0.9177
Woodie's
0.9164
0.9169
0.9171
0.9176
0.9178
0.9183
0.9185
DeMark's
-
-
0.9171
0.9176
0.9178
-
-","Technical IndicatorsJun 17, 2021 09:36PM GMT
Name
Value
Action
RSI(14)
73.656
Buy
STOCH(9,6)
79.166
Buy
STOCHRSI(14)
0.000
Oversold
MACD(12,26)
0.003
Buy
ADX(14)
41.373
Buy
Williams %R
-20.714
Buy
CCI(14)
85.7459
Buy
ATR(14)
0.0016
High Volatility
Highs/Lows(14)
0.0005
Buy
Ultimate Oscillator
64.416
Buy
ROC
0.576
Buy
Bull/Bear Power(13)
0.0031
Buy
Buy: 10
Sell: 0
Neutral: 0


Summary:Strong Buy","Jun 17, 2021 09:36PM GMT"
nzd_chf,0.6427 +0.0008    +0.12%,17:36:49,2021-06-17 21:37:09.979868,"Prev. Close: 0.6419
Bid/Ask: 0.6423 / 0.6431
Day's Range: 0.6422 - 0.6434",Neutral,"Summary:Neutral
Moving Averages:BuyBuy (9)Sell (3)
Technical Indicators:SellBuy (2)Sell (3)","Name
S3
S2
S1
Pivot Points
R1
R2
R3
Classic
0.6411
0.6417
0.6420
0.6426
0.6429
0.6435
0.6438
Fibonacci
0.6417
0.6420
0.6423
0.6426
0.6429
0.6432
0.6435
Camarilla
0.6421
0.6421
0.6422
0.6426
0.6424
0.6425
0.6425
Woodie's
0.6409
0.6416
0.6418
0.6425
0.6427
0.6434
0.6436
DeMark's
-
-
0.6419
0.6425
0.6427
-
-","Technical IndicatorsJun 17, 2021 09:35PM GMT
Name
Value
Action
RSI(14)
52.526
Neutral
STOCH(9,6)
58.713
Buy
STOCHRSI(14)
51.135
Neutral
MACD(12,26)
0.000
Buy
ADX(14)
29.230
Neutral
Williams %R
-51.614
Neutral
CCI(14)
4.9154
Neutral
ATR(14)
0.0012
Less Volatility
Highs/Lows(14)
0.0000
Neutral
Ultimate Oscillator
42.342
Sell
ROC
-0.248
Sell
Bull/Bear Power(13)
-0.0004
Sell
Buy: 2
Sell: 3
Neutral: 6


Summary:Sell","Jun 17, 2021 09:35PM GMT"
usd_cny,6.4484 +0.0515    +0.80%,11:27:22,2021-06-17 21:37:09.982789,"Prev. Close: 6.3969
Bid/Ask: 6.4477 / 6.4490
Day's Range: 6.3972 - 6.4494",Strong Buy,"Summary:Strong Buy
Moving Averages:BuyBuy (12)Sell (0)
Technical Indicators:Strong BuyBuy (7)Sell (0)","Name
S3
S2
S1
Pivot Points
R1
R2
R3
Classic
6.4380
6.4399
6.4436
6.4455
6.4492
6.4511
6.4548
Fibonacci
6.4399
6.4420
6.4434
6.4455
6.4476
6.4490
6.4511
Camarilla
6.4458
6.4463
6.4468
6.4455
6.4479
6.4484
6.4489
Woodie's
6.4390
6.4404
6.4446
6.4460
6.4502
6.4516
6.4558
DeMark's
-
-
6.4446
6.4460
6.4502
-
-","Technical IndicatorsJun 17, 2021 03:34PM GMT
Name
Value
Action
RSI(14)
85.433
Overbought
STOCH(9,6)
77.649
Buy
STOCHRSI(14)
100.000
Overbought
MACD(12,26)
0.011
Buy
ADX(14)
61.337
Buy
Williams %R
-3.426
Overbought
CCI(14)
151.8010
Buy
ATR(14)
0.0041
Less Volatility
Highs/Lows(14)
0.0141
Buy
Ultimate Oscillator
82.973
Overbought
ROC
0.391
Buy
Bull/Bear Power(13)
0.0286
Buy
Buy: 7
Sell: 0
Neutral: 0


Summary:Strong Buy","Jun 17, 2021 03:34PM GMT"
usd_hkd,7.7647 +0.0003    +0.00%,17:36:39,2021-06-17 21:37:09.985654,"Prev. Close: 7.7644
Bid/Ask: 7.7646 / 7.7648
Day's Range: 7.7644 - 7.7650",Strong Buy,"Summary:Strong Buy
Moving Averages:Strong BuyBuy (11)Sell (1)
Technical Indicators:Strong BuyBuy (7)Sell (2)","Name
S3
S2
S1
Pivot Points
R1
R2
R3
Classic
7.7632
7.7636
7.7641
7.7645
7.7649
7.7654
7.7658
Fibonacci
7.7636
7.7639
7.7642
7.7645
7.7648
7.7651
7.7654
Camarilla
7.7642
7.7643
7.7644
7.7645
7.7645
7.7646
7.7647
Woodie's
7.7632
7.7636
7.7641
7.7645
7.7649
7.7654
7.7658
DeMark's
-
-
7.7638
7.7644
7.7647
-
-","Technical IndicatorsJun 17, 2021 09:36PM GMT
Name
Value
Action
RSI(14)
55.730
Buy
STOCH(9,6)
56.445
Buy
STOCHRSI(14)
37.042
Sell
MACD(12,26)
0.000
Buy
ADX(14)
33.915
Sell
Williams %R
-44.743
Buy
CCI(14)
33.8367
Neutral
ATR(14)
0.0009
Less Volatility
Highs/Lows(14)
0.0000
Neutral
Ultimate Oscillator
54.775
Buy
ROC
0.001
Buy
Bull/Bear Power(13)
0.0013
Buy
Buy: 7
Sell: 2
Neutral: 2


Summary:Strong Buy","Jun 17, 2021 09:36PM GMT"
eur_usd,1.1908 +0.0002    +0.02%,17:37:41,2021-06-17 21:38:10.078549,"Prev. Close: 1.1906
Bid/Ask: 1.1907 / 1.1909
Day's Range: 1.1906 - 1.1909",Strong Sell,"Summary:Strong Sell
Moving Averages:Strong SellBuy (0)Sell (12)
Technical Indicators:Strong SellBuy (0)Sell (10)","Name
S3
S2
S1
Pivot Points
R1
R2
R3
Classic
1.1893
1.1897
1.1902
1.1906
1.1911
1.1915
1.1921
Fibonacci
1.1897
1.1900
1.1902
1.1906
1.1910
1.1912
1.1915
Camarilla
1.1905
1.1906
1.1907
1.1906
1.1908
1.1909
1.1910
Woodie's
1.1893
1.1897
1.1902
1.1906
1.1911
1.1915
1.1921
DeMark's
-
-
1.1904
1.1907
1.1913
-
-","Technical IndicatorsJun 17, 2021 09:37PM GMT
Name
Value
Action
RSI(14)
28.090
Sell
STOCH(9,6)
23.846
Sell
STOCHRSI(14)
100.000
Overbought
MACD(12,26)
-0.004
Sell
ADX(14)
42.257
Sell
Williams %R
-78.621
Sell
CCI(14)
-91.9264
Sell
ATR(14)
0.0018
Less Volatility
Highs/Lows(14)
-0.0009
Sell
Ultimate Oscillator
33.662
Sell
ROC
-0.397
Sell
Bull/Bear Power(13)
-0.0025
Sell
Buy: 0
Sell: 10
Neutral: 0


Summary:Strong Sell","Jun 17, 2021 09:37PM GMT"
gbp_usd,1.3926 +0.0006    +0.05%,17:37:28,2021-06-17 21:38:10.082438,"Prev. Close: 1.3919
Bid/Ask: 1.3924 / 1.3927
Day's Range: 1.3915 - 1.3929",Strong Sell,"Summary:Strong Sell
Moving Averages:SellBuy (1)Sell (11)
Technical Indicators:Strong SellBuy (0)Sell (10)","Name
S3
S2
S1
Pivot Points
R1
R2
R3
Classic
1.3912
1.3916
1.3921
1.3925
1.3930
1.3934
1.3940
Fibonacci
1.3916
1.3919
1.3922
1.3925
1.3928
1.3931
1.3934
Camarilla
1.3924
1.3925
1.3926
1.3925
1.3927
1.3928
1.3929
Woodie's
1.3912
1.3916
1.3921
1.3925
1.3930
1.3934
1.3940
DeMark's
-
-
1.3923
1.3926
1.3932
-
-","Technical IndicatorsJun 17, 2021 09:36PM GMT
Name
Value
Action
RSI(14)
36.285
Sell
STOCH(9,6)
32.118
Sell
STOCHRSI(14)
96.706
Overbought
MACD(12,26)
-0.003
Sell
ADX(14)
39.306
Sell
Williams %R
-71.213
Sell
CCI(14)
-70.3636
Sell
ATR(14)
0.0024
Less Volatility
Highs/Lows(14)
-0.0002
Sell
Ultimate Oscillator
35.920
Sell
ROC
-0.361
Sell
Bull/Bear Power(13)
-0.0036
Sell
Buy: 0
Sell: 10
Neutral: 0


Summary:Strong Sell","Jun 17, 2021 09:36PM GMT"
usd_jpy,110.25 +0.05    +0.05%,17:37:43,2021-06-17 21:38:10.085577,"Prev. Close: 110.20
Bid/Ask: 110.24 / 110.26
Day's Range: 110.17 - 110.83",Strong Sell,"Summary:Strong Sell
Moving Averages:SellBuy (5)Sell (7)
Technical Indicators:Strong SellBuy (0)Sell (7)","Name
S3
S2
S1
Pivot Points
R1
R2
R3
Classic
110.11
110.16
110.19
110.24
110.27
110.32
110.34
Fibonacci
110.16
110.19
110.21
110.24
110.27
110.29
110.32
Camarilla
110.19
110.20
110.21
110.24
110.22
110.23
110.24
Woodie's
110.09
110.15
110.17
110.23
110.25
110.31
110.32
DeMark's
-
-
110.17
110.23
110.25
-
-","Technical IndicatorsJun 17, 2021 09:37PM GMT
Name
Value
Action
RSI(14)
42.404
Sell
STOCH(9,6)
16.287
Oversold
STOCHRSI(14)
15.083
Oversold
MACD(12,26)
-0.030
Sell
ADX(14)
33.370
Sell
Williams %R
-85.714
Oversold
CCI(14)
-75.7648
Sell
ATR(14)
0.1239
Less Volatility
Highs/Lows(14)
-0.1021
Sell
Ultimate Oscillator
49.244
Neutral
ROC
-0.294
Sell
Bull/Bear Power(13)
-0.2620
Sell
Buy: 0
Sell: 7
Neutral: 1


Summary:Strong Sell","Jun 17, 2021 09:37PM GMT"
aud_usd,0.7555 +0.0004    +0.06%,17:37:42,2021-06-17 21:38:10.088553,"Prev. Close: 0.7550
Bid/Ask: 0.7552 / 0.7557
Day's Range: 0.7547 - 0.7557",Strong Sell,"Summary:Strong Sell
Moving Averages:SellBuy (2)Sell (10)
Technical Indicators:Strong SellBuy (0)Sell (8)","Name
S3
S2
S1
Pivot Points
R1
R2
R3
Classic
0.7541
0.7544
0.7548
0.7551
0.7555
0.7558
0.7562
Fibonacci
0.7544
0.7547
0.7548
0.7551
0.7554
0.7555
0.7558
Camarilla
0.7549
0.7550
0.7550
0.7551
0.7552
0.7552
0.7553
Woodie's
0.7541
0.7544
0.7548
0.7551
0.7555
0.7558
0.7562
DeMark's
-
-
0.7549
0.7551
0.7556
-
-","Technical IndicatorsJun 17, 2021 09:37PM GMT
Name
Value
Action
RSI(14)
30.391
Sell
STOCH(9,6)
19.718
Oversold
STOCHRSI(14)
100.000
Overbought
MACD(12,26)
-0.003
Sell
ADX(14)
52.645
Sell
Williams %R
-82.635
Oversold
CCI(14)
-81.4392
Sell
ATR(14)
0.0017
Less Volatility
Highs/Lows(14)
-0.0005
Sell
Ultimate Oscillator
34.264
Sell
ROC
-0.795
Sell
Bull/Bear Power(13)
-0.0017
Sell
Buy: 0
Sell: 8
Neutral: 0


Summary:Strong Sell","Jun 17, 2021 09:37PM GMT"
eur_gbp,0.8552 0.0001    0.00%,17:37:41,2021-06-17 21:38:10.091482,"Prev. Close: 0.8551
Bid/Ask: 0.8550 / 0.8553
Day's Range: 0.8549 - 0.8557",Strong Sell,"Summary:Strong Sell
Moving Averages:Strong SellBuy (0)Sell (12)
Technical Indicators:Strong SellBuy (2)Sell (8)","Name
S3
S2
S1
Pivot Points
R1
R2
R3
Classic
0.8542
0.8544
0.8549
0.8552
0.8557
0.8560
0.8564
Fibonacci
0.8544
0.8547
0.8549
0.8552
0.8555
0.8557
0.8560
Camarilla
0.8553
0.8554
0.8554
0.8552
0.8556
0.8556
0.8557
Woodie's
0.8544
0.8545
0.8551
0.8553
0.8559
0.8561
0.8566
DeMark's
-
-
0.8551
0.8553
0.8559
-
-","Technical IndicatorsJun 17, 2021 09:37PM GMT
Name
Value
Action
RSI(14)
37.820
Sell
STOCH(9,6)
39.568
Sell
STOCHRSI(14)
70.979
Buy
MACD(12,26)
-0.001
Sell
ADX(14)
42.380
Sell
Williams %R
-65.000
Sell
CCI(14)
-63.6456
Sell
ATR(14)
0.0010
Less Volatility
Highs/Lows(14)
0.0000
Neutral
Ultimate Oscillator
53.314
Buy
ROC
-0.029
Sell
Bull/Bear Power(13)
-0.0015
Sell
Buy: 2
Sell: 8
Neutral: 1


Summary:Strong Sell","Jun 17, 2021 09:37PM GMT"
usd_cad,1.2357 -0.0004    -0.04%,17:37:42,2021-06-17 21:38:10.094366,"Prev. Close: 1.2361
Bid/Ask: 1.2355 / 1.2358
Day's Range: 1.2351 - 1.2368",Strong Buy,"Summary:Strong Buy
Moving Averages:BuyBuy (12)Sell (0)
Technical Indicators:Strong BuyBuy (10)Sell (1)","Name
S3
S2
S1
Pivot Points
R1
R2
R3
Classic
1.2342
1.2346
1.2353
1.2357
1.2364
1.2368
1.2375
Fibonacci
1.2346
1.2350
1.2353
1.2357
1.2361
1.2364
1.2368
Camarilla
1.2358
1.2359
1.2360
1.2357
1.2362
1.2363
1.2364
Woodie's
1.2344
1.2347
1.2355
1.2358
1.2366
1.2369
1.2377
DeMark's
-
-
1.2356
1.2358
1.2366
-
-","Technical IndicatorsJun 17, 2021 09:37PM GMT
Name
Value
Action
RSI(14)
70.254
Buy
STOCH(9,6)
74.680
Buy
STOCHRSI(14)
31.460
Sell
MACD(12,26)
0.003
Buy
ADX(14)
45.997
Buy
Williams %R
-24.001
Buy
CCI(14)
110.3570
Buy
ATR(14)
0.0024
Less Volatility
Highs/Lows(14)
0.0007
Buy
Ultimate Oscillator
69.908
Buy
ROC
0.447
Buy
Bull/Bear Power(13)
0.0039
Buy
Buy: 10
Sell: 1
Neutral: 0


Summary:Strong Buy","Jun 17, 2021 09:37PM GMT"
usd_chf,0.9173 0.0000    0.00%,17:37:42,2021-06-17 21:38:10.097253,"Prev. Close: 0.9173
Bid/Ask: 0.9169 / 0.9177
Day's Range: 0.9169 - 0.9183",Strong Buy,"Summary:Strong Buy
Moving Averages:BuyBuy (10)Sell (2)
Technical Indicators:Strong BuyBuy (10)Sell (0)","Name
S3
S2
S1
Pivot Points
R1
R2
R3
Classic
0.9166
0.9170
0.9173
0.9177
0.9180
0.9184
0.9187
Fibonacci
0.9170
0.9173
0.9174
0.9177
0.9180
0.9181
0.9184
Camarilla
0.9173
0.9174
0.9174
0.9177
0.9176
0.9176
0.9177
Woodie's
0.9164
0.9169
0.9171
0.9176
0.9178
0.9183
0.9185
DeMark's
-
-
0.9171
0.9176
0.9178
-
-","Technical IndicatorsJun 17, 2021 09:37PM GMT
Name
Value
Action
RSI(14)
72.641
Buy
STOCH(9,6)
78.703
Buy
STOCHRSI(14)
0.000
Oversold
MACD(12,26)
0.003
Buy
ADX(14)
41.373
Buy
Williams %R
-22.857
Buy
CCI(14)
83.5619
Buy
ATR(14)
0.0016
High Volatility
Highs/Lows(14)
0.0004
Buy
Ultimate Oscillator
63.319
Buy
ROC
0.559
Buy
Bull/Bear Power(13)
0.0031
Buy
Buy: 10
Sell: 0
Neutral: 0


Summary:Strong Buy","Jun 17, 2021 09:37PM GMT"
nzd_chf,0.6428 +0.0008    +0.13%,17:37:42,2021-06-17 21:38:10.100128,"Prev. Close: 0.6419
Bid/Ask: 0.6424 / 0.6431
Day's Range: 0.6422 - 0.6434",Neutral,"Summary:Neutral
Moving Averages:NeutralBuy (6)Sell (6)
Technical Indicators:SellBuy (2)Sell (5)","Name
S3
S2
S1
Pivot Points
R1
R2
R3
Classic
0.6411
0.6417
0.6420
0.6426
0.6429
0.6435
0.6438
Fibonacci
0.6417
0.6420
0.6423
0.6426
0.6429
0.6432
0.6435
Camarilla
0.6421
0.6421
0.6422
0.6426
0.6424
0.6425
0.6425
Woodie's
0.6409
0.6416
0.6418
0.6425
0.6427
0.6434
0.6436
DeMark's
-
-
0.6419
0.6425
0.6427
-
-","Technical IndicatorsJun 17, 2021 09:37PM GMT
Name
Value
Action
RSI(14)
50.669
Neutral
STOCH(9,6)
57.225
Buy
STOCHRSI(14)
44.017
Sell
MACD(12,26)
0.000
Buy
ADX(14)
29.230
Neutral
Williams %R
-56.990
Sell
CCI(14)
-3.9122
Neutral
ATR(14)
0.0012
Less Volatility
Highs/Lows(14)
0.0000
Neutral
Ultimate Oscillator
39.594
Sell
ROC
-0.287
Sell
Bull/Bear Power(13)
-0.0004
Sell
Buy: 2
Sell: 5
Neutral: 4


Summary:Sell","Jun 17, 2021 09:37PM GMT"
usd_cny,6.4484 +0.0515    +0.80%,11:27:22,2021-06-17 21:38:10.103016,"Prev. Close: 6.3969
Bid/Ask: 6.4477 / 6.4490
Day's Range: 6.3972 - 6.4494",Strong Buy,"Summary:Strong Buy
Moving Averages:BuyBuy (12)Sell (0)
Technical Indicators:Strong BuyBuy (7)Sell (0)","Name
S3
S2
S1
Pivot Points
R1
R2
R3
Classic
6.4380
6.4399
6.4436
6.4455
6.4492
6.4511
6.4548
Fibonacci
6.4399
6.4420
6.4434
6.4455
6.4476
6.4490
6.4511
Camarilla
6.4458
6.4463
6.4468
6.4455
6.4479
6.4484
6.4489
Woodie's
6.4390
6.4404
6.4446
6.4460
6.4502
6.4516
6.4558
DeMark's
-
-
6.4446
6.4460
6.4502
-
-","Technical IndicatorsJun 17, 2021 03:34PM GMT
Name
Value
Action
RSI(14)
85.433
Overbought
STOCH(9,6)
77.649
Buy
STOCHRSI(14)
100.000
Overbought
MACD(12,26)
0.011
Buy
ADX(14)
61.337
Buy
Williams %R
-3.426
Overbought
CCI(14)
151.8010
Buy
ATR(14)
0.0041
Less Volatility
Highs/Lows(14)
0.0141
Buy
Ultimate Oscillator
82.973
Overbought
ROC
0.391
Buy
Bull/Bear Power(13)
0.0286
Buy
Buy: 7
Sell: 0
Neutral: 0


Summary:Strong Buy","Jun 17, 2021 03:34PM GMT"
usd_hkd,7.7647 +0.0003    +0.00%,17:37:44,2021-06-17 21:38:10.105876,"Prev. Close: 7.7644
Bid/Ask: 7.7646 / 7.7648
Day's Range: 7.7644 - 7.7650",Strong Buy,"Summary:Strong Buy
Moving Averages:Strong BuyBuy (11)Sell (1)
Technical Indicators:Strong BuyBuy (7)Sell (2)","Name
S3
S2
S1
Pivot Points
R1
R2
R3
Classic
7.7632
7.7636
7.7641
7.7645
7.7649
7.7654
7.7658
Fibonacci
7.7636
7.7639
7.7642
7.7645
7.7648
7.7651
7.7654
Camarilla
7.7642
7.7643
7.7644
7.7645
7.7645
7.7646
7.7647
Woodie's
7.7632
7.7636
7.7641
7.7645
7.7649
7.7654
7.7658
DeMark's
-
-
7.7638
7.7644
7.7647
-
-","Technical IndicatorsJun 17, 2021 09:36PM GMT
Name
Value
Action
RSI(14)
55.730
Buy
STOCH(9,6)
56.445
Buy
STOCHRSI(14)
37.042
Sell
MACD(12,26)
0.000
Buy
ADX(14)
33.915
Sell
Williams %R
-44.743
Buy
CCI(14)
33.8367
Neutral
ATR(14)
0.0009
Less Volatility
Highs/Lows(14)
0.0000
Neutral
Ultimate Oscillator
54.775
Buy
ROC
0.001
Buy
Bull/Bear Power(13)
0.0013
Buy
Buy: 7
Sell: 2
Neutral: 2


Summary:Strong Buy","Jun 17, 2021 09:36PM GMT"
eur_usd,1.1908 +0.0001    +0.01%,17:38:27,2021-06-17 21:39:10.206329,"Prev. Close: 1.1906
Bid/Ask: 1.1906 / 1.1909
Day's Range: 1.1906 - 1.1909",Strong Sell,"Summary:Strong Sell
Moving Averages:Strong SellBuy (0)Sell (12)
Technical Indicators:Strong SellBuy (0)Sell (10)","Name
S3
S2
S1
Pivot Points
R1
R2
R3
Classic
1.1893
1.1897
1.1902
1.1906
1.1911
1.1915
1.1921
Fibonacci
1.1897
1.1900
1.1902
1.1906
1.1910
1.1912
1.1915
Camarilla
1.1905
1.1906
1.1907
1.1906
1.1908
1.1909
1.1910
Woodie's
1.1893
1.1897
1.1902
1.1906
1.1911
1.1915
1.1921
DeMark's
-
-
1.1904
1.1907
1.1913
-
-","Technical IndicatorsJun 17, 2021 09:37PM GMT
Name
Value
Action
RSI(14)
28.090
Sell
STOCH(9,6)
23.846
Sell
STOCHRSI(14)
100.000
Overbought
MACD(12,26)
-0.004
Sell
ADX(14)
42.257
Sell
Williams %R
-78.621
Sell
CCI(14)
-91.9264
Sell
ATR(14)
0.0018
Less Volatility
Highs/Lows(14)
-0.0009
Sell
Ultimate Oscillator
33.662
Sell
ROC
-0.397
Sell
Bull/Bear Power(13)
-0.0025
Sell
Buy: 0
Sell: 10
Neutral: 0


Summary:Strong Sell","Jun 17, 2021 09:37PM GMT"
gbp_usd,1.3925 +0.0006    +0.04%,17:38:45,2021-06-17 21:39:10.210233,"Prev. Close: 1.3919
Bid/Ask: 1.3922 / 1.3927
Day's Range: 1.3915 - 1.3929",Strong Sell,"Summary:Strong Sell
Moving Averages:SellBuy (1)Sell (11)
Technical Indicators:Strong SellBuy (0)Sell (10)","Name
S3
S2
S1
Pivot Points
R1
R2
R3
Classic
1.3912
1.3916
1.3921
1.3925
1.3930
1.3934
1.3940
Fibonacci
1.3916
1.3919
1.3922
1.3925
1.3928
1.3931
1.3934
Camarilla
1.3924
1.3925
1.3926
1.3925
1.3927
1.3928
1.3929
Woodie's
1.3912
1.3916
1.3921
1.3925
1.3930
1.3934
1.3940
DeMark's
-
-
1.3923
1.3926
1.3932
-
-","Technical IndicatorsJun 17, 2021 09:38PM GMT
Name
Value
Action
RSI(14)
36.285
Sell
STOCH(9,6)
32.118
Sell
STOCHRSI(14)
96.706
Overbought
MACD(12,26)
-0.003
Sell
ADX(14)
39.306
Sell
Williams %R
-71.213
Sell
CCI(14)
-70.3636
Sell
ATR(14)
0.0024
Less Volatility
Highs/Lows(14)
-0.0002
Sell
Ultimate Oscillator
35.920
Sell
ROC
-0.361
Sell
Bull/Bear Power(13)
-0.0036
Sell
Buy: 0
Sell: 10
Neutral: 0


Summary:Strong Sell","Jun 17, 2021 09:38PM GMT"
usd_jpy,110.25 +0.05    +0.05%,17:38:33,2021-06-17 21:39:10.213345,"Prev. Close: 110.20
Bid/Ask: 110.24 / 110.26
Day's Range: 110.17 - 110.83",Strong Sell,"Summary:Strong Sell
Moving Averages:SellBuy (5)Sell (7)
Technical Indicators:Strong SellBuy (0)Sell (8)","Name
S3
S2
S1
Pivot Points
R1
R2
R3
Classic
110.11
110.16
110.19
110.24
110.27
110.32
110.34
Fibonacci
110.16
110.19
110.21
110.24
110.27
110.29
110.32
Camarilla
110.19
110.20
110.21
110.24
110.22
110.23
110.24
Woodie's
110.09
110.15
110.17
110.23
110.25
110.31
110.32
DeMark's
-
-
110.17
110.23
110.25
-
-","Technical IndicatorsJun 17, 2021 09:38PM GMT
Name
Value
Action
RSI(14)
41.756
Sell
STOCH(9,6)
15.775
Oversold
STOCHRSI(14)
12.722
Oversold
MACD(12,26)
-0.030
Sell
ADX(14)
33.370
Sell
Williams %R
-87.394
Oversold
CCI(14)
-76.8927
Sell
ATR(14)
0.1239
Less Volatility
Highs/Lows(14)
-0.1121
Sell
Ultimate Oscillator
48.189
Sell
ROC
-0.303
Sell
Bull/Bear Power(13)
-0.2580
Sell
Buy: 0
Sell: 8
Neutral: 0


Summary:Strong Sell","Jun 17, 2021 09:38PM GMT"
aud_usd,0.7555 +0.0004    +0.06%,17:38:42,2021-06-17 21:39:10.216319,"Prev. Close: 0.7550
Bid/Ask: 0.7552 / 0.7557
Day's Range: 0.7547 - 0.7557",Strong Sell,"Summary:Strong Sell
Moving Averages:SellBuy (2)Sell (10)
Technical Indicators:Strong SellBuy (0)Sell (8)","Name
S3
S2
S1
Pivot Points
R1
R2
R3
Classic
0.7541
0.7544
0.7548
0.7551
0.7555
0.7558
0.7562
Fibonacci
0.7544
0.7547
0.7548
0.7551
0.7554
0.7555
0.7558
Camarilla
0.7549
0.7550
0.7550
0.7551
0.7552
0.7552
0.7553
Woodie's
0.7541
0.7544
0.7548
0.7551
0.7555
0.7558
0.7562
DeMark's
-
-
0.7549
0.7551
0.7556
-
-","Technical IndicatorsJun 17, 2021 09:37PM GMT
Name
Value
Action
RSI(14)
30.391
Sell
STOCH(9,6)
19.718
Oversold
STOCHRSI(14)
100.000
Overbought
MACD(12,26)
-0.003
Sell
ADX(14)
52.645
Sell
Williams %R
-82.635
Oversold
CCI(14)
-81.4392
Sell
ATR(14)
0.0017
Less Volatility
Highs/Lows(14)
-0.0005
Sell
Ultimate Oscillator
34.264
Sell
ROC
-0.795
Sell
Bull/Bear Power(13)
-0.0017
Sell
Buy: 0
Sell: 8
Neutral: 0


Summary:Strong Sell","Jun 17, 2021 09:37PM GMT"
eur_gbp,0.8552 0.0001    0.00%,17:38:49,2021-06-17 21:39:10.219205,"Prev. Close: 0.8551
Bid/Ask: 0.8549 / 0.8554
Day's Range: 0.8549 - 0.8557",Strong Sell,"Summary:Strong Sell
Moving Averages:Strong SellBuy (0)Sell (12)
Technical Indicators:Strong SellBuy (2)Sell (8)","Name
S3
S2
S1
Pivot Points
R1
R2
R3
Classic
0.8542
0.8544
0.8549
0.8552
0.8557
0.8560
0.8564
Fibonacci
0.8544
0.8547
0.8549
0.8552
0.8555
0.8557
0.8560
Camarilla
0.8553
0.8554
0.8554
0.8552
0.8556
0.8556
0.8557
Woodie's
0.8544
0.8545
0.8551
0.8553
0.8559
0.8561
0.8566
DeMark's
-
-
0.8551
0.8553
0.8559
-
-","Technical IndicatorsJun 17, 2021 09:37PM GMT
Name
Value
Action
RSI(14)
37.820
Sell
STOCH(9,6)
39.568
Sell
STOCHRSI(14)
70.979
Buy
MACD(12,26)
-0.001
Sell
ADX(14)
42.380
Sell
Williams %R
-65.000
Sell
CCI(14)
-63.6456
Sell
ATR(14)
0.0010
Less Volatility
Highs/Lows(14)
0.0000
Neutral
Ultimate Oscillator
53.314
Buy
ROC
-0.029
Sell
Bull/Bear Power(13)
-0.0015
Sell
Buy: 2
Sell: 8
Neutral: 1


Summary:Strong Sell","Jun 17, 2021 09:37PM GMT"
usd_cad,1.2357 -0.0004    -0.04%,17:38:42,2021-06-17 21:39:10.222067,"Prev. Close: 1.2361
Bid/Ask: 1.2356 / 1.2357
Day's Range: 1.2351 - 1.2368",Strong Buy,"Summary:Strong Buy
Moving Averages:BuyBuy (12)Sell (0)
Technical Indicators:Strong BuyBuy (10)Sell (1)","Name
S3
S2
S1
Pivot Points
R1
R2
R3
Classic
1.2342
1.2346
1.2353
1.2357
1.2364
1.2368
1.2375
Fibonacci
1.2346
1.2350
1.2353
1.2357
1.2361
1.2364
1.2368
Camarilla
1.2358
1.2359
1.2360
1.2357
1.2362
1.2363
1.2364
Woodie's
1.2344
1.2347
1.2355
1.2358
1.2366
1.2369
1.2377
DeMark's
-
-
1.2356
1.2358
1.2366
-
-","Technical IndicatorsJun 17, 2021 09:37PM GMT
Name
Value
Action
RSI(14)
70.254
Buy
STOCH(9,6)
74.680
Buy
STOCHRSI(14)
31.460
Sell
MACD(12,26)
0.003
Buy
ADX(14)
45.997
Buy
Williams %R
-24.001
Buy
CCI(14)
110.3570
Buy
ATR(14)
0.0024
Less Volatility
Highs/Lows(14)
0.0007
Buy
Ultimate Oscillator
69.908
Buy
ROC
0.447
Buy
Bull/Bear Power(13)
0.0039
Buy
Buy: 10
Sell: 1
Neutral: 0


Summary:Strong Buy","Jun 17, 2021 09:37PM GMT"
usd_chf,0.9175 +0.0001    +0.02%,17:38:55,2021-06-17 21:39:10.224942,"Prev. Close: 0.9173
Bid/Ask: 0.9170 / 0.9179
Day's Range: 0.9169 - 0.9183",Strong Buy,"Summary:Strong Buy
Moving Averages:BuyBuy (10)Sell (2)
Technical Indicators:Strong BuyBuy (10)Sell (0)","Name
S3
S2
S1
Pivot Points
R1
R2
R3
Classic
0.9166
0.9170
0.9173
0.9177
0.9180
0.9184
0.9187
Fibonacci
0.9170
0.9173
0.9174
0.9177
0.9180
0.9181
0.9184
Camarilla
0.9173
0.9174
0.9174
0.9177
0.9176
0.9176
0.9177
Woodie's
0.9164
0.9169
0.9171
0.9176
0.9178
0.9183
0.9185
DeMark's
-
-
0.9171
0.9176
0.9178
-
-","Technical IndicatorsJun 17, 2021 09:37PM GMT
Name
Value
Action
RSI(14)
72.641
Buy
STOCH(9,6)
78.703
Buy
STOCHRSI(14)
0.000
Oversold
MACD(12,26)
0.003
Buy
ADX(14)
41.373
Buy
Williams %R
-22.857
Buy
CCI(14)
83.5619
Buy
ATR(14)
0.0016
High Volatility
Highs/Lows(14)
0.0004
Buy
Ultimate Oscillator
63.319
Buy
ROC
0.559
Buy
Bull/Bear Power(13)
0.0031
Buy
Buy: 10
Sell: 0
Neutral: 0


Summary:Strong Buy","Jun 17, 2021 09:37PM GMT"
nzd_chf,0.6429 +0.0009    +0.15%,17:38:55,2021-06-17 21:39:10.227821,"Prev. Close: 0.6419
Bid/Ask: 0.6427 / 0.6430
Day's Range: 0.6422 - 0.6434",Neutral,"Summary:Neutral
Moving Averages:BuyBuy (9)Sell (3)
Technical Indicators:SellBuy (2)Sell (3)","Name
S3
S2
S1
Pivot Points
R1
R2
R3
Classic
0.6411
0.6417
0.6420
0.6426
0.6429
0.6435
0.6438
Fibonacci
0.6417
0.6420
0.6423
0.6426
0.6429
0.6432
0.6435
Camarilla
0.6421
0.6421
0.6422
0.6426
0.6424
0.6425
0.6425
Woodie's
0.6409
0.6416
0.6418
0.6425
0.6427
0.6434
0.6436
DeMark's
-
-
0.6419
0.6425
0.6427
-
-","Technical IndicatorsJun 17, 2021 09:38PM GMT
Name
Value
Action
RSI(14)
51.429
Neutral
STOCH(9,6)
57.820
Buy
STOCHRSI(14)
46.930
Neutral
MACD(12,26)
0.000
Buy
ADX(14)
29.230
Neutral
Williams %R
-54.839
Neutral
CCI(14)
-0.3796
Neutral
ATR(14)
0.0012
Less Volatility
Highs/Lows(14)
0.0000
Neutral
Ultimate Oscillator
40.693
Sell
ROC
-0.272
Sell
Bull/Bear Power(13)
-0.0004
Sell
Buy: 2
Sell: 3
Neutral: 6


Summary:Sell","Jun 17, 2021 09:38PM GMT"
usd_cny,6.4484 +0.0515    +0.80%,11:27:22,2021-06-17 21:39:10.230666,"Prev. Close: 6.3969
Bid/Ask: 6.4477 / 6.4490
Day's Range: 6.3972 - 6.4494",Strong Buy,"Summary:Strong Buy
Moving Averages:BuyBuy (12)Sell (0)
Technical Indicators:Strong BuyBuy (7)Sell (0)","Name
S3
S2
S1
Pivot Points
R1
R2
R3
Classic
6.4380
6.4399
6.4436
6.4455
6.4492
6.4511
6.4548
Fibonacci
6.4399
6.4420
6.4434
6.4455
6.4476
6.4490
6.4511
Camarilla
6.4458
6.4463
6.4468
6.4455
6.4479
6.4484
6.4489
Woodie's
6.4390
6.4404
6.4446
6.4460
6.4502
6.4516
6.4558
DeMark's
-
-
6.4446
6.4460
6.4502
-
-","Technical IndicatorsJun 17, 2021 03:34PM GMT
Name
Value
Action
RSI(14)
85.433
Overbought
STOCH(9,6)
77.649
Buy
STOCHRSI(14)
100.000
Overbought
MACD(12,26)
0.011
Buy
ADX(14)
61.337
Buy
Williams %R
-3.426
Overbought
CCI(14)
151.8010
Buy
ATR(14)
0.0041
Less Volatility
Highs/Lows(14)
0.0141
Buy
Ultimate Oscillator
82.973
Overbought
ROC
0.391
Buy
Bull/Bear Power(13)
0.0286
Buy
Buy: 7
Sell: 0
Neutral: 0


Summary:Strong Buy","Jun 17, 2021 03:34PM GMT"
usd_hkd,7.7648 +0.0003    +0.00%,17:38:46,2021-06-17 21:39:10.233513,"Prev. Close: 7.7644
Bid/Ask: 7.7647 / 7.7648
Day's Range: 7.7644 - 7.7650",Strong Buy,"Summary:Strong Buy
Moving Averages:Strong BuyBuy (11)Sell (1)
Technical Indicators:Strong BuyBuy (7)Sell (2)","Name
S3
S2
S1
Pivot Points
R1
R2
R3
Classic
7.7632
7.7636
7.7641
7.7645
7.7649
7.7654
7.7658
Fibonacci
7.7636
7.7639
7.7642
7.7645
7.7648
7.7651
7.7654
Camarilla
7.7642
7.7643
7.7644
7.7645
7.7645
7.7646
7.7647
Woodie's
7.7632
7.7636
7.7641
7.7645
7.7649
7.7654
7.7658
DeMark's
-
-
7.7638
7.7644
7.7647
-
-","Technical IndicatorsJun 17, 2021 09:38PM GMT
Name
Value
Action
RSI(14)
55.730
Buy
STOCH(9,6)
56.445
Buy
STOCHRSI(14)
37.042
Sell
MACD(12,26)
0.000
Buy
ADX(14)
33.915
Sell
Williams %R
-44.743
Buy
CCI(14)
33.8367
Neutral
ATR(14)
0.0009
Less Volatility
Highs/Lows(14)
0.0000
Neutral
Ultimate Oscillator
54.775
Buy
ROC
0.001
Buy
Bull/Bear Power(13)
0.0013
Buy
Buy: 7
Sell: 2
Neutral: 2


Summary:Strong Buy","Jun 17, 2021 09:38PM GMT"
eur_usd,1.1908 +0.0002    +0.02%,17:39:30,2021-06-17 21:40:10.208273,"Prev. Close: 1.1906
Bid/Ask: 1.1907 / 1.1909
Day's Range: 1.1906 - 1.1909",Strong Sell,"Summary:Strong Sell
Moving Averages:Strong SellBuy (0)Sell (12)
Technical Indicators:Strong SellBuy (0)Sell (10)","Name
S3
S2
S1
Pivot Points
R1
R2
R3
Classic
1.1893
1.1897
1.1902
1.1906
1.1911
1.1915
1.1921
Fibonacci
1.1897
1.1900
1.1902
1.1906
1.1910
1.1912
1.1915
Camarilla
1.1905
1.1906
1.1907
1.1906
1.1908
1.1909
1.1910
Woodie's
1.1893
1.1897
1.1902
1.1906
1.1911
1.1915
1.1921
DeMark's
-
-
1.1904
1.1907
1.1913
-
-","Technical IndicatorsJun 17, 2021 09:39PM GMT
Name
Value
Action
RSI(14)
28.090
Sell
STOCH(9,6)
23.846
Sell
STOCHRSI(14)
100.000
Overbought
MACD(12,26)
-0.004
Sell
ADX(14)
42.257
Sell
Williams %R
-78.621
Sell
CCI(14)
-91.9264
Sell
ATR(14)
0.0018
Less Volatility
Highs/Lows(14)
-0.0009
Sell
Ultimate Oscillator
33.662
Sell
ROC
-0.397
Sell
Bull/Bear Power(13)
-0.0025
Sell
Buy: 0
Sell: 10
Neutral: 0


Summary:Strong Sell","Jun 17, 2021 09:39PM GMT"
gbp_usd,1.3925 +0.0006    +0.04%,17:39:35,2021-06-17 21:40:10.212164,"Prev. Close: 1.3919
Bid/Ask: 1.3923 / 1.3927
Day's Range: 1.3915 - 1.3929",Strong Sell,"Summary:Strong Sell
Moving Averages:SellBuy (1)Sell (11)
Technical Indicators:Strong SellBuy (0)Sell (10)","Name
S3
S2
S1
Pivot Points
R1
R2
R3
Classic
1.3912
1.3916
1.3921
1.3925
1.3930
1.3934
1.3940
Fibonacci
1.3916
1.3919
1.3922
1.3925
1.3928
1.3931
1.3934
Camarilla
1.3924
1.3925
1.3926
1.3925
1.3927
1.3928
1.3929
Woodie's
1.3912
1.3916
1.3921
1.3925
1.3930
1.3934
1.3940
DeMark's
-
-
1.3923
1.3926
1.3932
-
-","Technical IndicatorsJun 17, 2021 09:38PM GMT
Name
Value
Action
RSI(14)
36.285
Sell
STOCH(9,6)
32.118
Sell
STOCHRSI(14)
96.706
Overbought
MACD(12,26)
-0.003
Sell
ADX(14)
39.306
Sell
Williams %R
-71.213
Sell
CCI(14)
-70.3636
Sell
ATR(14)
0.0024
Less Volatility
Highs/Lows(14)
-0.0002
Sell
Ultimate Oscillator
35.920
Sell
ROC
-0.361
Sell
Bull/Bear Power(13)
-0.0036
Sell
Buy: 0
Sell: 10
Neutral: 0


Summary:Strong Sell","Jun 17, 2021 09:38PM GMT"
usd_jpy,110.25 +0.05    +0.05%,17:39:40,2021-06-17 21:40:10.215263,"Prev. Close: 110.20
Bid/Ask: 110.23 / 110.27
Day's Range: 110.17 - 110.83",Strong Sell,"Summary:Strong Sell
Moving Averages:SellBuy (5)Sell (7)
Technical Indicators:Strong SellBuy (0)Sell (7)","Name
S3
S2
S1
Pivot Points
R1
R2
R3
Classic
110.11
110.16
110.19
110.24
110.27
110.32
110.34
Fibonacci
110.16
110.19
110.21
110.24
110.27
110.29
110.32
Camarilla
110.19
110.20
110.21
110.24
110.22
110.23
110.24
Woodie's
110.09
110.15
110.17
110.23
110.25
110.31
110.32
DeMark's
-
-
110.17
110.23
110.25
-
-","Technical IndicatorsJun 17, 2021 09:39PM GMT
Name
Value
Action
RSI(14)
42.404
Sell
STOCH(9,6)
16.287
Oversold
STOCHRSI(14)
15.083
Oversold
MACD(12,26)
-0.030
Sell
ADX(14)
33.370
Sell
Williams %R
-85.714
Oversold
CCI(14)
-75.7648
Sell
ATR(14)
0.1239
Less Volatility
Highs/Lows(14)
-0.1021
Sell
Ultimate Oscillator
49.244
Neutral
ROC
-0.294
Sell
Bull/Bear Power(13)
-0.2620
Sell
Buy: 0
Sell: 7
Neutral: 1


Summary:Strong Sell","Jun 17, 2021 09:39PM GMT"
aud_usd,0.7555 +0.0005    +0.07%,17:39:35,2021-06-17 21:40:10.218197,"Prev. Close: 0.7550
Bid/Ask: 0.7552 / 0.7558
Day's Range: 0.7547 - 0.7557",Strong Sell,"Summary:Strong Sell
Moving Averages:SellBuy (2)Sell (10)
Technical Indicators:Strong SellBuy (0)Sell (8)","Name
S3
S2
S1
Pivot Points
R1
R2
R3
Classic
0.7541
0.7544
0.7548
0.7551
0.7555
0.7558
0.7562
Fibonacci
0.7544
0.7547
0.7548
0.7551
0.7554
0.7555
0.7558
Camarilla
0.7549
0.7550
0.7550
0.7551
0.7552
0.7552
0.7553
Woodie's
0.7541
0.7544
0.7548
0.7551
0.7555
0.7558
0.7562
DeMark's
-
-
0.7549
0.7551
0.7556
-
-","Technical IndicatorsJun 17, 2021 09:39PM GMT
Name
Value
Action
RSI(14)
30.391
Sell
STOCH(9,6)
19.718
Oversold
STOCHRSI(14)
100.000
Overbought
MACD(12,26)
-0.003
Sell
ADX(14)
52.645
Sell
Williams %R
-82.635
Oversold
CCI(14)
-81.4392
Sell
ATR(14)
0.0017
Less Volatility
Highs/Lows(14)
-0.0005
Sell
Ultimate Oscillator
34.264
Sell
ROC
-0.795
Sell
Bull/Bear Power(13)
-0.0017
Sell
Buy: 0
Sell: 8
Neutral: 0


Summary:Strong Sell","Jun 17, 2021 09:39PM GMT"
eur_gbp,0.8552 0.0001    0.00%,17:39:42,2021-06-17 21:40:10.221127,"Prev. Close: 0.8551
Bid/Ask: 0.8550 / 0.8553
Day's Range: 0.8549 - 0.8557",Strong Sell,"Summary:Strong Sell
Moving Averages:Strong SellBuy (0)Sell (12)
Technical Indicators:Strong SellBuy (2)Sell (8)","Name
S3
S2
S1
Pivot Points
R1
R2
R3
Classic
0.8542
0.8544
0.8549
0.8552
0.8557
0.8560
0.8564
Fibonacci
0.8544
0.8547
0.8549
0.8552
0.8555
0.8557
0.8560
Camarilla
0.8553
0.8554
0.8554
0.8552
0.8556
0.8556
0.8557
Woodie's
0.8544
0.8545
0.8551
0.8553
0.8559
0.8561
0.8566
DeMark's
-
-
0.8551
0.8553
0.8559
-
-","Technical IndicatorsJun 17, 2021 09:39PM GMT
Name
Value
Action
RSI(14)
37.482
Sell
STOCH(9,6)
39.259
Sell
STOCHRSI(14)
69.512
Buy
MACD(12,26)
-0.001
Sell
ADX(14)
42.380
Sell
Williams %R
-66.667
Sell
CCI(14)
-66.5701
Sell
ATR(14)
0.0010
Less Volatility
Highs/Lows(14)
0.0000
Neutral
Ultimate Oscillator
52.653
Buy
ROC
-0.035
Sell
Bull/Bear Power(13)
-0.0015
Sell
Buy: 2
Sell: 8
Neutral: 1


Summary:Strong Sell","Jun 17, 2021 09:39PM GMT"
usd_cad,1.2358 -0.0003    -0.03%,17:39:35,2021-06-17 21:40:10.224126,"Prev. Close: 1.2361
Bid/Ask: 1.2357 / 1.2358
Day's Range: 1.2351 - 1.2368",Strong Buy,"Summary:Strong Buy
Moving Averages:BuyBuy (12)Sell (0)
Technical Indicators:Strong BuyBuy (10)Sell (1)","Name
S3
S2
S1
Pivot Points
R1
R2
R3
Classic
1.2342
1.2346
1.2353
1.2357
1.2364
1.2368
1.2375
Fibonacci
1.2346
1.2350
1.2353
1.2357
1.2361
1.2364
1.2368
Camarilla
1.2358
1.2359
1.2360
1.2357
1.2362
1.2363
1.2364
Woodie's
1.2344
1.2347
1.2355
1.2358
1.2366
1.2369
1.2377
DeMark's
-
-
1.2356
1.2358
1.2366
-
-","Technical IndicatorsJun 17, 2021 09:39PM GMT
Name
Value
Action
RSI(14)
70.254
Buy
STOCH(9,6)
74.680
Buy
STOCHRSI(14)
31.460
Sell
MACD(12,26)
0.003
Buy
ADX(14)
45.997
Buy
Williams %R
-24.001
Buy
CCI(14)
110.3570
Buy
ATR(14)
0.0024
Less Volatility
Highs/Lows(14)
0.0007
Buy
Ultimate Oscillator
69.908
Buy
ROC
0.447
Buy
Bull/Bear Power(13)
0.0039
Buy
Buy: 10
Sell: 1
Neutral: 0


Summary:Strong Buy","Jun 17, 2021 09:39PM GMT"
usd_chf,0.9175 +0.0001    +0.02%,17:39:41,2021-06-17 21:40:10.227032,"Prev. Close: 0.9173
Bid/Ask: 0.9170 / 0.9179
Day's Range: 0.9169 - 0.9183",Strong Buy,"Summary:Strong Buy
Moving Averages:BuyBuy (10)Sell (2)
Technical Indicators:Strong BuyBuy (10)Sell (0)","Name
S3
S2
S1
Pivot Points
R1
R2
R3
Classic
0.9166
0.9170
0.9173
0.9177
0.9180
0.9184
0.9187
Fibonacci
0.9170
0.9173
0.9174
0.9177
0.9180
0.9181
0.9184
Camarilla
0.9173
0.9174
0.9174
0.9177
0.9176
0.9176
0.9177
Woodie's
0.9164
0.9169
0.9171
0.9176
0.9178
0.9183
0.9185
DeMark's
-
-
0.9171
0.9176
0.9178
-
-","Technical IndicatorsJun 17, 2021 09:39PM GMT
Name
Value
Action
RSI(14)
72.641
Buy
STOCH(9,6)
78.703
Buy
STOCHRSI(14)
0.000
Oversold
MACD(12,26)
0.003
Buy
ADX(14)
41.373
Buy
Williams %R
-22.857
Buy
CCI(14)
83.5619
Buy
ATR(14)
0.0016
High Volatility
Highs/Lows(14)
0.0004
Buy
Ultimate Oscillator
63.319
Buy
ROC
0.559
Buy
Bull/Bear Power(13)
0.0031
Buy
Buy: 10
Sell: 0
Neutral: 0


Summary:Strong Buy","Jun 17, 2021 09:39PM GMT"
nzd_chf,0.6429 +0.0009    +0.15%,17:39:37,2021-06-17 21:40:10.229897,"Prev. Close: 0.6419
Bid/Ask: 0.6425 / 0.6432
Day's Range: 0.6422 - 0.6434",Neutral,"Summary:Neutral
Moving Averages:BuyBuy (9)Sell (3)
Technical Indicators:SellBuy (2)Sell (3)","Name
S3
S2
S1
Pivot Points
R1
R2
R3
Classic
0.6411
0.6417
0.6420
0.6426
0.6429
0.6435
0.6438
Fibonacci
0.6417
0.6420
0.6423
0.6426
0.6429
0.6432
0.6435
Camarilla
0.6421
0.6421
0.6422
0.6426
0.6424
0.6425
0.6425
Woodie's
0.6409
0.6416
0.6418
0.6425
0.6427
0.6434
0.6436
DeMark's
-
-
0.6419
0.6425
0.6427
-
-","Technical IndicatorsJun 17, 2021 09:39PM GMT
Name
Value
Action
RSI(14)
52.526
Neutral
STOCH(9,6)
58.713
Buy
STOCHRSI(14)
51.135
Neutral
MACD(12,26)
0.000
Buy
ADX(14)
29.230
Neutral
Williams %R
-51.614
Neutral
CCI(14)
4.9154
Neutral
ATR(14)
0.0012
Less Volatility
Highs/Lows(14)
0.0000
Neutral
Ultimate Oscillator
42.342
Sell
ROC
-0.248
Sell
Bull/Bear Power(13)
-0.0004
Sell
Buy: 2
Sell: 3
Neutral: 6


Summary:Sell","Jun 17, 2021 09:39PM GMT"
usd_cny,6.4484 +0.0515    +0.80%,11:27:22,2021-06-17 21:40:10.232808,"Prev. Close: 6.3969
Bid/Ask: 6.4477 / 6.4490
Day's Range: 6.3972 - 6.4494",Strong Buy,"Summary:Strong Buy
Moving Averages:BuyBuy (12)Sell (0)
Technical Indicators:Strong BuyBuy (7)Sell (0)","Name
S3
S2
S1
Pivot Points
R1
R2
R3
Classic
6.4380
6.4399
6.4436
6.4455
6.4492
6.4511
6.4548
Fibonacci
6.4399
6.4420
6.4434
6.4455
6.4476
6.4490
6.4511
Camarilla
6.4458
6.4463
6.4468
6.4455
6.4479
6.4484
6.4489
Woodie's
6.4390
6.4404
6.4446
6.4460
6.4502
6.4516
6.4558
DeMark's
-
-
6.4446
6.4460
6.4502
-
-","Technical IndicatorsJun 17, 2021 03:34PM GMT
Name
Value
Action
RSI(14)
85.433
Overbought
STOCH(9,6)
77.649
Buy
STOCHRSI(14)
100.000
Overbought
MACD(12,26)
0.011
Buy
ADX(14)
61.337
Buy
Williams %R
-3.426
Overbought
CCI(14)
151.8010
Buy
ATR(14)
0.0041
Less Volatility
Highs/Lows(14)
0.0141
Buy
Ultimate Oscillator
82.973
Overbought
ROC
0.391
Buy
Bull/Bear Power(13)
0.0286
Buy
Buy: 7
Sell: 0
Neutral: 0


Summary:Strong Buy","Jun 17, 2021 03:34PM GMT"
usd_hkd,7.7646 +0.0001    +0.00%,17:39:27,2021-06-17 21:40:10.235702,"Prev. Close: 7.7644
Bid/Ask: 7.7643 / 7.7648
Day's Range: 7.7644 - 7.7650",Strong Buy,"Summary:Strong Buy
Moving Averages:Strong BuyBuy (11)Sell (1)
Technical Indicators:Strong BuyBuy (7)Sell (2)","Name
S3
S2
S1
Pivot Points
R1
R2
R3
Classic
7.7632
7.7636
7.7641
7.7645
7.7649
7.7654
7.7658
Fibonacci
7.7636
7.7639
7.7642
7.7645
7.7648
7.7651
7.7654
Camarilla
7.7642
7.7643
7.7644
7.7645
7.7645
7.7646
7.7647
Woodie's
7.7632
7.7636
7.7641
7.7645
7.7649
7.7654
7.7658
DeMark's
-
-
7.7638
7.7644
7.7647
-
-","Technical IndicatorsJun 17, 2021 09:38PM GMT
Name
Value
Action
RSI(14)
55.730
Buy
STOCH(9,6)
56.445
Buy
STOCHRSI(14)
37.042
Sell
MACD(12,26)
0.000
Buy
ADX(14)
33.915
Sell
Williams %R
-44.743
Buy
CCI(14)
33.8367
Neutral
ATR(14)
0.0009
Less Volatility
Highs/Lows(14)
0.0000
Neutral
Ultimate Oscillator
54.775
Buy
ROC
0.001
Buy
Bull/Bear Power(13)
0.0013
Buy
Buy: 7
Sell: 2
Neutral: 2


Summary:Strong Buy","Jun 17, 2021 09:38PM GMT"
eur_usd,1.1907 +0.0001    +0.01%,17:40:31,2021-06-17 21:41:09.964806,"Prev. Close: 1.1906
Bid/Ask: 1.1906 / 1.1908
Day's Range: 1.1906 - 1.1909",Strong Sell,"Summary:Strong Sell
Moving Averages:Strong SellBuy (0)Sell (12)
Technical Indicators:Strong SellBuy (0)Sell (10)","Name
S3
S2
S1
Pivot Points
R1
R2
R3
Classic
1.1893
1.1897
1.1902
1.1906
1.1911
1.1915
1.1921
Fibonacci
1.1897
1.1900
1.1902
1.1906
1.1910
1.1912
1.1915
Camarilla
1.1905
1.1906
1.1907
1.1906
1.1908
1.1909
1.1910
Woodie's
1.1893
1.1897
1.1902
1.1906
1.1911
1.1915
1.1921
DeMark's
-
-
1.1904
1.1907
1.1913
-
-","Technical IndicatorsJun 17, 2021 09:40PM GMT
Name
Value
Action
RSI(14)
28.090
Sell
STOCH(9,6)
23.846
Sell
STOCHRSI(14)
100.000
Overbought
MACD(12,26)
-0.004
Sell
ADX(14)
42.257
Sell
Williams %R
-78.621
Sell
CCI(14)
-91.9264
Sell
ATR(14)
0.0018
Less Volatility
Highs/Lows(14)
-0.0009
Sell
Ultimate Oscillator
33.662
Sell
ROC
-0.397
Sell
Bull/Bear Power(13)
-0.0025
Sell
Buy: 0
Sell: 10
Neutral: 0


Summary:Strong Sell","Jun 17, 2021 09:40PM GMT"
gbp_usd,1.3926 +0.0006    +0.05%,17:40:47,2021-06-17 21:41:09.968739,"Prev. Close: 1.3919
Bid/Ask: 1.3923 / 1.3928
Day's Range: 1.3915 - 1.3931",Strong Sell,"Summary:Strong Sell
Moving Averages:SellBuy (3)Sell (9)
Technical Indicators:Strong SellBuy (0)Sell (9)","Name
S3
S2
S1
Pivot Points
R1
R2
R3
Classic
1.3912
1.3916
1.3921
1.3925
1.3930
1.3934
1.3940
Fibonacci
1.3916
1.3919
1.3922
1.3925
1.3928
1.3931
1.3934
Camarilla
1.3924
1.3925
1.3926
1.3925
1.3927
1.3928
1.3929
Woodie's
1.3912
1.3916
1.3921
1.3925
1.3930
1.3934
1.3940
DeMark's
-
-
1.3923
1.3926
1.3932
-
-","Technical IndicatorsJun 17, 2021 09:40PM GMT
Name
Value
Action
RSI(14)
38.254
Sell
STOCH(9,6)
33.621
Sell
STOCHRSI(14)
100.000
Overbought
MACD(12,26)
-0.003
Sell
ADX(14)
39.151
Sell
Williams %R
-65.152
Sell
CCI(14)
-61.3082
Sell
ATR(14)
0.0025
High Volatility
Highs/Lows(14)
0.0000
Neutral
Ultimate Oscillator
38.549
Sell
ROC
-0.318
Sell
Bull/Bear Power(13)
-0.0035
Sell
Buy: 0
Sell: 9
Neutral: 1


Summary:Strong Sell","Jun 17, 2021 09:40PM GMT"
usd_jpy,110.25 +0.05    +0.05%,17:40:37,2021-06-17 21:41:09.971924,"Prev. Close: 110.20
Bid/Ask: 110.24 / 110.26
Day's Range: 110.17 - 110.83",Strong Sell,"Summary:Strong Sell
Moving Averages:SellBuy (5)Sell (7)
Technical Indicators:Strong SellBuy (0)Sell (7)","Name
S3
S2
S1
Pivot Points
R1
R2
R3
Classic
110.11
110.16
110.19
110.24
110.27
110.32
110.34
Fibonacci
110.16
110.19
110.21
110.24
110.27
110.29
110.32
Camarilla
110.19
110.20
110.21
110.24
110.22
110.23
110.24
Woodie's
110.09
110.15
110.17
110.23
110.25
110.31
110.32
DeMark's
-
-
110.17
110.23
110.25
-
-","Technical IndicatorsJun 17, 2021 09:39PM GMT
Name
Value
Action
RSI(14)
42.404
Sell
STOCH(9,6)
16.287
Oversold
STOCHRSI(14)
15.083
Oversold
MACD(12,26)
-0.030
Sell
ADX(14)
33.370
Sell
Williams %R
-85.714
Oversold
CCI(14)
-75.7648
Sell
ATR(14)
0.1239
Less Volatility
Highs/Lows(14)
-0.1021
Sell
Ultimate Oscillator
49.244
Neutral
ROC
-0.294
Sell
Bull/Bear Power(13)
-0.2620
Sell
Buy: 0
Sell: 7
Neutral: 1


Summary:Strong Sell","Jun 17, 2021 09:39PM GMT"
aud_usd,0.7555 +0.0005    +0.07%,17:40:53,2021-06-17 21:41:09.974914,"Prev. Close: 0.7550
Bid/Ask: 0.7554 / 0.7556
Day's Range: 0.7547 - 0.7557",Strong Sell,"Summary:Strong Sell
Moving Averages:SellBuy (2)Sell (10)
Technical Indicators:Strong SellBuy (0)Sell (8)","Name
S3
S2
S1
Pivot Points
R1
R2
R3
Classic
0.7541
0.7544
0.7548
0.7551
0.7555
0.7558
0.7562
Fibonacci
0.7544
0.7547
0.7548
0.7551
0.7554
0.7555
0.7558
Camarilla
0.7549
0.7550
0.7550
0.7551
0.7552
0.7552
0.7553
Woodie's
0.7541
0.7544
0.7548
0.7551
0.7555
0.7558
0.7562
DeMark's
-
-
0.7549
0.7551
0.7556
-
-","Technical IndicatorsJun 17, 2021 09:39PM GMT
Name
Value
Action
RSI(14)
30.391
Sell
STOCH(9,6)
19.718
Oversold
STOCHRSI(14)
100.000
Overbought
MACD(12,26)
-0.003
Sell
ADX(14)
52.645
Sell
Williams %R
-82.635
Oversold
CCI(14)
-81.4392
Sell
ATR(14)
0.0017
Less Volatility
Highs/Lows(14)
-0.0005
Sell
Ultimate Oscillator
34.264
Sell
ROC
-0.795
Sell
Bull/Bear Power(13)
-0.0017
Sell
Buy: 0
Sell: 8
Neutral: 0


Summary:Strong Sell","Jun 17, 2021 09:39PM GMT"
eur_gbp,0.8550 -0.0001    -0.01%,17:40:46,2021-06-17 21:41:09.977829,"Prev. Close: 0.8551
Bid/Ask: 0.8548 / 0.8552
Day's Range: 0.8549 - 0.8557",Strong Sell,"Summary:Strong Sell
Moving Averages:Strong SellBuy (0)Sell (12)
Technical Indicators:Strong SellBuy (2)Sell (8)","Name
S3
S2
S1
Pivot Points
R1
R2
R3
Classic
0.8542
0.8544
0.8549
0.8552
0.8557
0.8560
0.8564
Fibonacci
0.8544
0.8547
0.8549
0.8552
0.8555
0.8557
0.8560
Camarilla
0.8553
0.8554
0.8554
0.8552
0.8556
0.8556
0.8557
Woodie's
0.8544
0.8545
0.8551
0.8553
0.8559
0.8561
0.8566
DeMark's
-
-
0.8551
0.8553
0.8559
-
-","Technical IndicatorsJun 17, 2021 09:40PM GMT
Name
Value
Action
RSI(14)
37.149
Sell
STOCH(9,6)
38.951
Sell
STOCHRSI(14)
68.067
Buy
MACD(12,26)
-0.001
Sell
ADX(14)
42.380
Sell
Williams %R
-68.334
Sell
CCI(14)
-69.4749
Sell
ATR(14)
0.0010
Less Volatility
Highs/Lows(14)
0.0000
Neutral
Ultimate Oscillator
51.991
Buy
ROC
-0.041
Sell
Bull/Bear Power(13)
-0.0015
Sell
Buy: 2
Sell: 8
Neutral: 1


Summary:Strong Sell","Jun 17, 2021 09:40PM GMT"
usd_cad,1.2355 -0.0006    -0.05%,17:40:42,2021-06-17 21:41:09.980821,"Prev. Close: 1.2361
Bid/Ask: 1.2352 / 1.2358
Day's Range: 1.2351 - 1.2368",Strong Buy,"Summary:Strong Buy
Moving Averages:BuyBuy (12)Sell (0)
Technical Indicators:Strong BuyBuy (10)Sell (1)","Name
S3
S2
S1
Pivot Points
R1
R2
R3
Classic
1.2342
1.2346
1.2353
1.2357
1.2364
1.2368
1.2375
Fibonacci
1.2346
1.2350
1.2353
1.2357
1.2361
1.2364
1.2368
Camarilla
1.2358
1.2359
1.2360
1.2357
1.2362
1.2363
1.2364
Woodie's
1.2344
1.2347
1.2355
1.2358
1.2366
1.2369
1.2377
DeMark's
-
-
1.2356
1.2358
1.2366
-
-","Technical IndicatorsJun 17, 2021 09:39PM GMT
Name
Value
Action
RSI(14)
70.254
Buy
STOCH(9,6)
74.680
Buy
STOCHRSI(14)
31.460
Sell
MACD(12,26)
0.003
Buy
ADX(14)
45.997
Buy
Williams %R
-24.001
Buy
CCI(14)
110.3570
Buy
ATR(14)
0.0024
Less Volatility
Highs/Lows(14)
0.0007
Buy
Ultimate Oscillator
69.908
Buy
ROC
0.447
Buy
Bull/Bear Power(13)
0.0039
Buy
Buy: 10
Sell: 1
Neutral: 0


Summary:Strong Buy","Jun 17, 2021 09:39PM GMT"
usd_chf,0.9173 -0.0001    -0.01%,17:40:31,2021-06-17 21:41:09.983767,"Prev. Close: 0.9173
Bid/Ask: 0.9172 / 0.9173
Day's Range: 0.9169 - 0.9183",Strong Buy,"Summary:Strong Buy
Moving Averages:BuyBuy (10)Sell (2)
Technical Indicators:Strong BuyBuy (10)Sell (0)","Name
S3
S2
S1
Pivot Points
R1
R2
R3
Classic
0.9166
0.9170
0.9173
0.9177
0.9180
0.9184
0.9187
Fibonacci
0.9170
0.9173
0.9174
0.9177
0.9180
0.9181
0.9184
Camarilla
0.9173
0.9174
0.9174
0.9177
0.9176
0.9176
0.9177
Woodie's
0.9164
0.9169
0.9171
0.9176
0.9178
0.9183
0.9185
DeMark's
-
-
0.9171
0.9176
0.9178
-
-","Technical IndicatorsJun 17, 2021 09:39PM GMT
Name
Value
Action
RSI(14)
72.641
Buy
STOCH(9,6)
78.703
Buy
STOCHRSI(14)
0.000
Oversold
MACD(12,26)
0.003
Buy
ADX(14)
41.373
Buy
Williams %R
-22.857
Buy
CCI(14)
83.5619
Buy
ATR(14)
0.0016
High Volatility
Highs/Lows(14)
0.0004
Buy
Ultimate Oscillator
63.319
Buy
ROC
0.559
Buy
Bull/Bear Power(13)
0.0031
Buy
Buy: 10
Sell: 0
Neutral: 0


Summary:Strong Buy","Jun 17, 2021 09:39PM GMT"
nzd_chf,0.6428 +0.0008    +0.13%,17:40:43,2021-06-17 21:41:09.986728,"Prev. Close: 0.6419
Bid/Ask: 0.6424 / 0.6431
Day's Range: 0.6422 - 0.6434",Neutral,"Summary:Neutral
Moving Averages:BuyBuy (9)Sell (3)
Technical Indicators:SellBuy (2)Sell (3)","Name
S3
S2
S1
Pivot Points
R1
R2
R3
Classic
0.6411
0.6417
0.6420
0.6426
0.6429
0.6435
0.6438
Fibonacci
0.6417
0.6420
0.6423
0.6426
0.6429
0.6432
0.6435
Camarilla
0.6421
0.6421
0.6422
0.6426
0.6424
0.6425
0.6425
Woodie's
0.6409
0.6416
0.6418
0.6425
0.6427
0.6434
0.6436
DeMark's
-
-
0.6419
0.6425
0.6427
-
-","Technical IndicatorsJun 17, 2021 09:39PM GMT
Name
Value
Action
RSI(14)
52.526
Neutral
STOCH(9,6)
58.713
Buy
STOCHRSI(14)
51.135
Neutral
MACD(12,26)
0.000
Buy
ADX(14)
29.230
Neutral
Williams %R
-51.614
Neutral
CCI(14)
4.9154
Neutral
ATR(14)
0.0012
Less Volatility
Highs/Lows(14)
0.0000
Neutral
Ultimate Oscillator
42.342
Sell
ROC
-0.248
Sell
Bull/Bear Power(13)
-0.0004
Sell
Buy: 2
Sell: 3
Neutral: 6


Summary:Sell","Jun 17, 2021 09:39PM GMT"
usd_cny,6.4484 +0.0515    +0.80%,11:27:22,2021-06-17 21:41:09.989640,"Prev. Close: 6.3969
Bid/Ask: 6.4477 / 6.4490
Day's Range: 6.3972 - 6.4494",Strong Buy,"Summary:Strong Buy
Moving Averages:BuyBuy (12)Sell (0)
Technical Indicators:Strong BuyBuy (7)Sell (0)","Name
S3
S2
S1
Pivot Points
R1
R2
R3
Classic
6.4380
6.4399
6.4436
6.4455
6.4492
6.4511
6.4548
Fibonacci
6.4399
6.4420
6.4434
6.4455
6.4476
6.4490
6.4511
Camarilla
6.4458
6.4463
6.4468
6.4455
6.4479
6.4484
6.4489
Woodie's
6.4390
6.4404
6.4446
6.4460
6.4502
6.4516
6.4558
DeMark's
-
-
6.4446
6.4460
6.4502
-
-","Technical IndicatorsJun 17, 2021 03:34PM GMT
Name
Value
Action
RSI(14)
85.433
Overbought
STOCH(9,6)
77.649
Buy
STOCHRSI(14)
100.000
Overbought
MACD(12,26)
0.011
Buy
ADX(14)
61.337
Buy
Williams %R
-3.426
Overbought
CCI(14)
151.8010
Buy
ATR(14)
0.0041
Less Volatility
Highs/Lows(14)
0.0141
Buy
Ultimate Oscillator
82.973
Overbought
ROC
0.391
Buy
Bull/Bear Power(13)
0.0286
Buy
Buy: 7
Sell: 0
Neutral: 0


Summary:Strong Buy","Jun 17, 2021 03:34PM GMT"
usd_hkd,7.7647 +0.0003    +0.00%,17:40:54,2021-06-17 21:41:09.992580,"Prev. Close: 7.7644
Bid/Ask: 7.7646 / 7.7647
Day's Range: 7.7644 - 7.7650",Strong Buy,"Summary:Strong Buy
Moving Averages:Strong BuyBuy (11)Sell (1)
Technical Indicators:Strong BuyBuy (7)Sell (2)","Name
S3
S2
S1
Pivot Points
R1
R2
R3
Classic
7.7632
7.7636
7.7641
7.7645
7.7649
7.7654
7.7658
Fibonacci
7.7636
7.7639
7.7642
7.7645
7.7648
7.7651
7.7654
Camarilla
7.7642
7.7643
7.7644
7.7645
7.7645
7.7646
7.7647
Woodie's
7.7632
7.7636
7.7641
7.7645
7.7649
7.7654
7.7658
DeMark's
-
-
7.7638
7.7644
7.7647
-
-","Technical IndicatorsJun 17, 2021 09:40PM GMT
Name
Value
Action
RSI(14)
55.730
Buy
STOCH(9,6)
56.445
Buy
STOCHRSI(14)
37.042
Sell
MACD(12,26)
0.000
Buy
ADX(14)
33.915
Sell
Williams %R
-44.743
Buy
CCI(14)
33.8367
Neutral
ATR(14)
0.0009
Less Volatility
Highs/Lows(14)
0.0000
Neutral
Ultimate Oscillator
54.775
Buy
ROC
0.001
Buy
Bull/Bear Power(13)
0.0013
Buy
Buy: 7
Sell: 2
Neutral: 2


Summary:Strong Buy","Jun 17, 2021 09:40PM GMT"
eur_usd,1.1908 +0.0002    +0.02%,17:41:41,2021-06-17 21:42:10.294118,"Prev. Close: 1.1906
Bid/Ask: 1.1907 / 1.1909
Day's Range: 1.1906 - 1.1909",Strong Sell,"Summary:Strong Sell
Moving Averages:Strong SellBuy (0)Sell (12)
Technical Indicators:Strong SellBuy (0)Sell (10)","Name
S3
S2
S1
Pivot Points
R1
R2
R3
Classic
1.1893
1.1897
1.1902
1.1906
1.1911
1.1915
1.1921
Fibonacci
1.1897
1.1900
1.1902
1.1906
1.1910
1.1912
1.1915
Camarilla
1.1905
1.1906
1.1907
1.1906
1.1908
1.1909
1.1910
Woodie's
1.1893
1.1897
1.1902
1.1906
1.1911
1.1915
1.1921
DeMark's
-
-
1.1904
1.1907
1.1913
-
-","Technical IndicatorsJun 17, 2021 09:41PM GMT
Name
Value
Action
RSI(14)
28.090
Sell
STOCH(9,6)
23.846
Sell
STOCHRSI(14)
100.000
Overbought
MACD(12,26)
-0.004
Sell
ADX(14)
42.257
Sell
Williams %R
-78.621
Sell
CCI(14)
-91.9264
Sell
ATR(14)
0.0018
Less Volatility
Highs/Lows(14)
-0.0009
Sell
Ultimate Oscillator
33.662
Sell
ROC
-0.397
Sell
Bull/Bear Power(13)
-0.0025
Sell
Buy: 0
Sell: 10
Neutral: 0


Summary:Strong Sell","Jun 17, 2021 09:41PM GMT"
gbp_usd,1.3926 +0.0007    +0.05%,17:41:35,2021-06-17 21:42:10.298054,"Prev. Close: 1.3919
Bid/Ask: 1.3923 / 1.3929
Day's Range: 1.3915 - 1.3931",Strong Sell,"Summary:Strong Sell
Moving Averages:SellBuy (3)Sell (9)
Technical Indicators:Strong SellBuy (0)Sell (10)","Name
S3
S2
S1
Pivot Points
R1
R2
R3
Classic
1.3912
1.3916
1.3921
1.3925
1.3930
1.3934
1.3940
Fibonacci
1.3916
1.3919
1.3922
1.3925
1.3928
1.3931
1.3934
Camarilla
1.3924
1.3925
1.3926
1.3925
1.3927
1.3928
1.3929
Woodie's
1.3912
1.3916
1.3921
1.3925
1.3930
1.3934
1.3940
DeMark's
-
-
1.3923
1.3926
1.3932
-
-","Technical IndicatorsJun 17, 2021 09:41PM GMT
Name
Value
Action
RSI(14)
36.507
Sell
STOCH(9,6)
32.368
Sell
STOCHRSI(14)
98.342
Overbought
MACD(12,26)
-0.003
Sell
ADX(14)
39.151
Sell
Williams %R
-70.202
Sell
CCI(14)
-66.9903
Sell
ATR(14)
0.0025
High Volatility
Highs/Lows(14)
-0.0001
Sell
Ultimate Oscillator
36.052
Sell
ROC
-0.354
Sell
Bull/Bear Power(13)
-0.0035
Sell
Buy: 0
Sell: 10
Neutral: 0


Summary:Strong Sell","Jun 17, 2021 09:41PM GMT"
usd_jpy,110.26 +0.06    +0.05%,17:41:28,2021-06-17 21:42:10.301324,"Prev. Close: 110.20
Bid/Ask: 110.24 / 110.28
Day's Range: 110.17 - 110.83",Strong Sell,"Summary:Strong Sell
Moving Averages:SellBuy (5)Sell (7)
Technical Indicators:Strong SellBuy (0)Sell (8)","Name
S3
S2
S1
Pivot Points
R1
R2
R3
Classic
110.11
110.16
110.19
110.24
110.27
110.32
110.34
Fibonacci
110.16
110.19
110.21
110.24
110.27
110.29
110.32
Camarilla
110.19
110.20
110.21
110.24
110.22
110.23
110.24
Woodie's
110.09
110.15
110.17
110.23
110.25
110.31
110.32
DeMark's
-
-
110.17
110.23
110.25
-
-","Technical IndicatorsJun 17, 2021 09:41PM GMT
Name
Value
Action
RSI(14)
41.756
Sell
STOCH(9,6)
15.775
Oversold
STOCHRSI(14)
12.722
Oversold
MACD(12,26)
-0.030
Sell
ADX(14)
33.370
Sell
Williams %R
-87.394
Oversold
CCI(14)
-76.8927
Sell
ATR(14)
0.1239
Less Volatility
Highs/Lows(14)
-0.1121
Sell
Ultimate Oscillator
48.189
Sell
ROC
-0.303
Sell
Bull/Bear Power(13)
-0.2580
Sell
Buy: 0
Sell: 8
Neutral: 0


Summary:Strong Sell","Jun 17, 2021 09:41PM GMT"
aud_usd,0.7555 +0.0004    +0.06%,17:41:40,2021-06-17 21:42:10.304426,"Prev. Close: 0.7550
Bid/Ask: 0.7552 / 0.7557
Day's Range: 0.7547 - 0.7557",Strong Sell,"Summary:Strong Sell
Moving Averages:SellBuy (2)Sell (10)
Technical Indicators:Strong SellBuy (0)Sell (9)","Name
S3
S2
S1
Pivot Points
R1
R2
R3
Classic
0.7541
0.7544
0.7548
0.7551
0.7555
0.7558
0.7562
Fibonacci
0.7544
0.7547
0.7548
0.7551
0.7554
0.7555
0.7558
Camarilla
0.7549
0.7550
0.7550
0.7551
0.7552
0.7552
0.7553
Woodie's
0.7541
0.7544
0.7548
0.7551
0.7555
0.7558
0.7562
DeMark's
-
-
0.7549
0.7551
0.7556
-
-","Technical IndicatorsJun 17, 2021 09:41PM GMT
Name
Value
Action
RSI(14)
31.059
Sell
STOCH(9,6)
20.036
Sell
STOCHRSI(14)
100.000
Overbought
MACD(12,26)
-0.003
Sell
ADX(14)
52.645
Sell
Williams %R
-81.437
Oversold
CCI(14)
-80.0906
Sell
ATR(14)
0.0017
Less Volatility
Highs/Lows(14)
-0.0004
Sell
Ultimate Oscillator
35.041
Sell
ROC
-0.781
Sell
Bull/Bear Power(13)
-0.0017
Sell
Buy: 0
Sell: 9
Neutral: 0


Summary:Strong Sell","Jun 17, 2021 09:41PM GMT"
eur_gbp,0.8551 0.0000    0.00%,17:41:41,2021-06-17 21:42:10.307564,"Prev. Close: 0.8551
Bid/Ask: 0.8548 / 0.8554
Day's Range: 0.8549 - 0.8557",Strong Sell,"Summary:Strong Sell
Moving Averages:Strong SellBuy (0)Sell (12)
Technical Indicators:Strong SellBuy (2)Sell (8)","Name
S3
S2
S1
Pivot Points
R1
R2
R3
Classic
0.8542
0.8544
0.8549
0.8552
0.8557
0.8560
0.8564
Fibonacci
0.8544
0.8547
0.8549
0.8552
0.8555
0.8557
0.8560
Camarilla
0.8553
0.8554
0.8554
0.8552
0.8556
0.8556
0.8557
Woodie's
0.8544
0.8545
0.8551
0.8553
0.8559
0.8561
0.8566
DeMark's
-
-
0.8551
0.8553
0.8559
-
-","Technical IndicatorsJun 17, 2021 09:40PM GMT
Name
Value
Action
RSI(14)
37.149
Sell
STOCH(9,6)
38.951
Sell
STOCHRSI(14)
68.067
Buy
MACD(12,26)
-0.001
Sell
ADX(14)
42.380
Sell
Williams %R
-68.334
Sell
CCI(14)
-69.4749
Sell
ATR(14)
0.0010
Less Volatility
Highs/Lows(14)
0.0000
Neutral
Ultimate Oscillator
51.991
Buy
ROC
-0.041
Sell
Bull/Bear Power(13)
-0.0015
Sell
Buy: 2
Sell: 8
Neutral: 1


Summary:Strong Sell","Jun 17, 2021 09:40PM GMT"
usd_cad,1.2356 -0.0005    -0.04%,17:41:42,2021-06-17 21:42:10.310612,"Prev. Close: 1.2361
Bid/Ask: 1.2353 / 1.2359
Day's Range: 1.2351 - 1.2368",Strong Buy,"Summary:Strong Buy
Moving Averages:Strong BuyBuy (11)Sell (1)
Technical Indicators:Strong BuyBuy (10)Sell (1)","Name
S3
S2
S1
Pivot Points
R1
R2
R3
Classic
1.2342
1.2346
1.2353
1.2357
1.2364
1.2368
1.2375
Fibonacci
1.2346
1.2350
1.2353
1.2357
1.2361
1.2364
1.2368
Camarilla
1.2358
1.2359
1.2360
1.2357
1.2362
1.2363
1.2364
Woodie's
1.2344
1.2347
1.2355
1.2358
1.2366
1.2369
1.2377
DeMark's
-
-
1.2356
1.2358
1.2366
-
-","Technical IndicatorsJun 17, 2021 09:41PM GMT
Name
Value
Action
RSI(14)
69.706
Buy
STOCH(9,6)
74.479
Buy
STOCHRSI(14)
27.327
Sell
MACD(12,26)
0.003
Buy
ADX(14)
45.997
Buy
Williams %R
-25.143
Buy
CCI(14)
109.0362
Buy
ATR(14)
0.0024
Less Volatility
Highs/Lows(14)
0.0006
Buy
Ultimate Oscillator
69.423
Buy
ROC
0.439
Buy
Bull/Bear Power(13)
0.0039
Buy
Buy: 10
Sell: 1
Neutral: 0


Summary:Strong Buy","Jun 17, 2021 09:41PM GMT"
usd_chf,0.9175 +0.0002    +0.02%,17:41:42,2021-06-17 21:42:10.313563,"Prev. Close: 0.9173
Bid/Ask: 0.9171 / 0.9179
Day's Range: 0.9169 - 0.9183",Strong Buy,"Summary:Strong Buy
Moving Averages:BuyBuy (10)Sell (2)
Technical Indicators:Strong BuyBuy (10)Sell (0)","Name
S3
S2
S1
Pivot Points
R1
R2
R3
Classic
0.9166
0.9170
0.9173
0.9177
0.9180
0.9184
0.9187
Fibonacci
0.9170
0.9173
0.9174
0.9177
0.9180
0.9181
0.9184
Camarilla
0.9173
0.9174
0.9174
0.9177
0.9176
0.9176
0.9177
Woodie's
0.9164
0.9169
0.9171
0.9176
0.9178
0.9183
0.9185
DeMark's
-
-
0.9171
0.9176
0.9178
-
-","Technical IndicatorsJun 17, 2021 09:41PM GMT
Name
Value
Action
RSI(14)
72.641
Buy
STOCH(9,6)
78.703
Buy
STOCHRSI(14)
0.000
Oversold
MACD(12,26)
0.003
Buy
ADX(14)
41.373
Buy
Williams %R
-22.857
Buy
CCI(14)
83.5619
Buy
ATR(14)
0.0016
High Volatility
Highs/Lows(14)
0.0004
Buy
Ultimate Oscillator
63.319
Buy
ROC
0.559
Buy
Bull/Bear Power(13)
0.0031
Buy
Buy: 10
Sell: 0
Neutral: 0


Summary:Strong Buy","Jun 17, 2021 09:41PM GMT"
nzd_chf,0.6429 +0.0009    +0.15%,17:41:42,2021-06-17 21:42:10.316534,"Prev. Close: 0.6419
Bid/Ask: 0.6424 / 0.6433
Day's Range: 0.6422 - 0.6434",Neutral,"Summary:Neutral
Moving Averages:BuyBuy (9)Sell (3)
Technical Indicators:SellBuy (2)Sell (3)","Name
S3
S2
S1
Pivot Points
R1
R2
R3
Classic
0.6411
0.6417
0.6420
0.6426
0.6429
0.6435
0.6438
Fibonacci
0.6417
0.6420
0.6423
0.6426
0.6429
0.6432
0.6435
Camarilla
0.6421
0.6421
0.6422
0.6426
0.6424
0.6425
0.6425
Woodie's
0.6409
0.6416
0.6418
0.6425
0.6427
0.6434
0.6436
DeMark's
-
-
0.6419
0.6425
0.6427
-
-","Technical IndicatorsJun 17, 2021 09:41PM GMT
Name
Value
Action
RSI(14)
51.801
Neutral
STOCH(9,6)
58.118
Buy
STOCHRSI(14)
48.356
Neutral
MACD(12,26)
0.000
Buy
ADX(14)
29.230
Neutral
Williams %R
-53.763
Neutral
CCI(14)
1.3926
Neutral
ATR(14)
0.0012
Less Volatility
Highs/Lows(14)
0.0000
Neutral
Ultimate Oscillator
41.243
Sell
ROC
-0.264
Sell
Bull/Bear Power(13)
-0.0004
Sell
Buy: 2
Sell: 3
Neutral: 6


Summary:Sell","Jun 17, 2021 09:41PM GMT"
usd_cny,6.4484 +0.0515    +0.80%,11:27:22,2021-06-17 21:42:10.319477,"Prev. Close: 6.3969
Bid/Ask: 6.4477 / 6.4490
Day's Range: 6.3972 - 6.4494",Strong Buy,"Summary:Strong Buy
Moving Averages:BuyBuy (12)Sell (0)
Technical Indicators:Strong BuyBuy (7)Sell (0)","Name
S3
S2
S1
Pivot Points
R1
R2
R3
Classic
6.4380
6.4399
6.4436
6.4455
6.4492
6.4511
6.4548
Fibonacci
6.4399
6.4420
6.4434
6.4455
6.4476
6.4490
6.4511
Camarilla
6.4458
6.4463
6.4468
6.4455
6.4479
6.4484
6.4489
Woodie's
6.4390
6.4404
6.4446
6.4460
6.4502
6.4516
6.4558
DeMark's
-
-
6.4446
6.4460
6.4502
-
-","Technical IndicatorsJun 17, 2021 03:34PM GMT
Name
Value
Action
RSI(14)
85.433
Overbought
STOCH(9,6)
77.649
Buy
STOCHRSI(14)
100.000
Overbought
MACD(12,26)
0.011
Buy
ADX(14)
61.337
Buy
Williams %R
-3.426
Overbought
CCI(14)
151.8010
Buy
ATR(14)
0.0041
Less Volatility
Highs/Lows(14)
0.0141
Buy
Ultimate Oscillator
82.973
Overbought
ROC
0.391
Buy
Bull/Bear Power(13)
0.0286
Buy
Buy: 7
Sell: 0
Neutral: 0


Summary:Strong Buy","Jun 17, 2021 03:34PM GMT"
usd_hkd,7.7647 +0.0003    +0.00%,17:41:42,2021-06-17 21:42:10.322398,"Prev. Close: 7.7644
Bid/Ask: 7.7646 / 7.7647
Day's Range: 7.7644 - 7.7650",Strong Buy,"Summary:Strong Buy
Moving Averages:Strong BuyBuy (11)Sell (1)
Technical Indicators:Strong BuyBuy (6)Sell (2)","Name
S3
S2
S1
Pivot Points
R1
R2
R3
Classic
7.7632
7.7636
7.7641
7.7645
7.7649
7.7654
7.7658
Fibonacci
7.7636
7.7639
7.7642
7.7645
7.7648
7.7651
7.7654
Camarilla
7.7642
7.7643
7.7644
7.7645
7.7645
7.7646
7.7647
Woodie's
7.7632
7.7636
7.7641
7.7645
7.7649
7.7654
7.7658
DeMark's
-
-
7.7638
7.7644
7.7647
-
-","Technical IndicatorsJun 17, 2021 09:41PM GMT
Name
Value
Action
RSI(14)
55.342
Buy
STOCH(9,6)
55.803
Buy
STOCHRSI(14)
34.429
Sell
MACD(12,26)
0.000
Buy
ADX(14)
33.915
Sell
Williams %R
-47.378
Neutral
CCI(14)
29.6190
Neutral
ATR(14)
0.0009
Less Volatility
Highs/Lows(14)
0.0000
Neutral
Ultimate Oscillator
54.009
Buy
ROC
0.001
Buy
Bull/Bear Power(13)
0.0013
Buy
Buy: 6
Sell: 2
Neutral: 3


Summary:Strong Buy","Jun 17, 2021 09:41PM GMT"
eur_usd,1.1908 +0.0002    +0.02%,17:42:52,2021-06-17 21:43:10.254948,"Prev. Close: 1.1906
Bid/Ask: 1.1907 / 1.1909
Day's Range: 1.1906 - 1.1909",Strong Sell,"Summary:Strong Sell
Moving Averages:Strong SellBuy (0)Sell (12)
Technical Indicators:Strong SellBuy (0)Sell (10)","Name
S3
S2
S1
Pivot Points
R1
R2
R3
Classic
1.1893
1.1897
1.1902
1.1906
1.1911
1.1915
1.1921
Fibonacci
1.1897
1.1900
1.1902
1.1906
1.1910
1.1912
1.1915
Camarilla
1.1905
1.1906
1.1907
1.1906
1.1908
1.1909
1.1910
Woodie's
1.1893
1.1897
1.1902
1.1906
1.1911
1.1915
1.1921
DeMark's
-
-
1.1904
1.1907
1.1913
-
-","Technical IndicatorsJun 17, 2021 09:41PM GMT
Name
Value
Action
RSI(14)
28.090
Sell
STOCH(9,6)
23.846
Sell
STOCHRSI(14)
100.000
Overbought
MACD(12,26)
-0.004
Sell
ADX(14)
42.257
Sell
Williams %R
-78.621
Sell
CCI(14)
-91.9264
Sell
ATR(14)
0.0018
Less Volatility
Highs/Lows(14)
-0.0009
Sell
Ultimate Oscillator
33.662
Sell
ROC
-0.397
Sell
Bull/Bear Power(13)
-0.0025
Sell
Buy: 0
Sell: 10
Neutral: 0


Summary:Strong Sell","Jun 17, 2021 09:41PM GMT"
gbp_usd,1.3926 +0.0006    +0.05%,17:42:30,2021-06-17 21:43:10.258887,"Prev. Close: 1.3919
Bid/Ask: 1.3922 / 1.3929
Day's Range: 1.3915 - 1.3931",Strong Sell,"Summary:Strong Sell
Moving Averages:SellBuy (3)Sell (9)
Technical Indicators:Strong SellBuy (0)Sell (10)","Name
S3
S2
S1
Pivot Points
R1
R2
R3
Classic
1.3912
1.3916
1.3921
1.3925
1.3930
1.3934
1.3940
Fibonacci
1.3916
1.3919
1.3922
1.3925
1.3928
1.3931
1.3934
Camarilla
1.3924
1.3925
1.3926
1.3925
1.3927
1.3928
1.3929
Woodie's
1.3912
1.3916
1.3921
1.3925
1.3930
1.3934
1.3940
DeMark's
-
-
1.3923
1.3926
1.3932
-
-","Technical IndicatorsJun 17, 2021 09:41PM GMT
Name
Value
Action
RSI(14)
36.507
Sell
STOCH(9,6)
32.368
Sell
STOCHRSI(14)
98.342
Overbought
MACD(12,26)
-0.003
Sell
ADX(14)
39.151
Sell
Williams %R
-70.202
Sell
CCI(14)
-66.9903
Sell
ATR(14)
0.0025
High Volatility
Highs/Lows(14)
-0.0001
Sell
Ultimate Oscillator
36.052
Sell
ROC
-0.354
Sell
Bull/Bear Power(13)
-0.0035
Sell
Buy: 0
Sell: 10
Neutral: 0


Summary:Strong Sell","Jun 17, 2021 09:41PM GMT"
usd_jpy,110.26 +0.06    +0.05%,17:42:31,2021-06-17 21:43:10.262009,"Prev. Close: 110.20
Bid/Ask: 110.25 / 110.26
Day's Range: 110.17 - 110.83",Strong Sell,"Summary:Strong Sell
Moving Averages:SellBuy (5)Sell (7)
Technical Indicators:Strong SellBuy (0)Sell (8)","Name
S3
S2
S1
Pivot Points
R1
R2
R3
Classic
110.11
110.16
110.19
110.24
110.27
110.32
110.34
Fibonacci
110.16
110.19
110.21
110.24
110.27
110.29
110.32
Camarilla
110.19
110.20
110.21
110.24
110.22
110.23
110.24
Woodie's
110.09
110.15
110.17
110.23
110.25
110.31
110.32
DeMark's
-
-
110.17
110.23
110.25
-
-","Technical IndicatorsJun 17, 2021 09:41PM GMT
Name
Value
Action
RSI(14)
41.756
Sell
STOCH(9,6)
15.775
Oversold
STOCHRSI(14)
12.722
Oversold
MACD(12,26)
-0.030
Sell
ADX(14)
33.370
Sell
Williams %R
-87.394
Oversold
CCI(14)
-76.8927
Sell
ATR(14)
0.1239
Less Volatility
Highs/Lows(14)
-0.1121
Sell
Ultimate Oscillator
48.189
Sell
ROC
-0.303
Sell
Bull/Bear Power(13)
-0.2580
Sell
Buy: 0
Sell: 8
Neutral: 0


Summary:Strong Sell","Jun 17, 2021 09:41PM GMT"
aud_usd,0.7555 +0.0005    +0.07%,17:42:46,2021-06-17 21:43:10.264994,"Prev. Close: 0.7550
Bid/Ask: 0.7554 / 0.7556
Day's Range: 0.7547 - 0.7557",Strong Sell,"Summary:Strong Sell
Moving Averages:SellBuy (2)Sell (10)
Technical Indicators:Strong SellBuy (0)Sell (9)","Name
S3
S2
S1
Pivot Points
R1
R2
R3
Classic
0.7541
0.7544
0.7548
0.7551
0.7555
0.7558
0.7562
Fibonacci
0.7544
0.7547
0.7548
0.7551
0.7554
0.7555
0.7558
Camarilla
0.7549
0.7550
0.7550
0.7551
0.7552
0.7552
0.7553
Woodie's
0.7541
0.7544
0.7548
0.7551
0.7555
0.7558
0.7562
DeMark's
-
-
0.7549
0.7551
0.7556
-
-","Technical IndicatorsJun 17, 2021 09:41PM GMT
Name
Value
Action
RSI(14)
31.059
Sell
STOCH(9,6)
20.036
Sell
STOCHRSI(14)
100.000
Overbought
MACD(12,26)
-0.003
Sell
ADX(14)
52.645
Sell
Williams %R
-81.437
Oversold
CCI(14)
-80.0906
Sell
ATR(14)
0.0017
Less Volatility
Highs/Lows(14)
-0.0004
Sell
Ultimate Oscillator
35.041
Sell
ROC
-0.781
Sell
Bull/Bear Power(13)
-0.0017
Sell
Buy: 0
Sell: 9
Neutral: 0


Summary:Strong Sell","Jun 17, 2021 09:41PM GMT"
eur_gbp,0.8551 0.0000    0.00%,17:42:52,2021-06-17 21:43:10.267920,"Prev. Close: 0.8551
Bid/Ask: 0.8548 / 0.8554
Day's Range: 0.8549 - 0.8557",Strong Sell,"Summary:Strong Sell
Moving Averages:Strong SellBuy (0)Sell (12)
Technical Indicators:Strong SellBuy (2)Sell (8)","Name
S3
S2
S1
Pivot Points
R1
R2
R3
Classic
0.8542
0.8544
0.8549
0.8552
0.8557
0.8560
0.8564
Fibonacci
0.8544
0.8547
0.8549
0.8552
0.8555
0.8557
0.8560
Camarilla
0.8553
0.8554
0.8554
0.8552
0.8556
0.8556
0.8557
Woodie's
0.8544
0.8545
0.8551
0.8553
0.8559
0.8561
0.8566
DeMark's
-
-
0.8551
0.8553
0.8559
-
-","Technical IndicatorsJun 17, 2021 09:42PM GMT
Name
Value
Action
RSI(14)
37.149
Sell
STOCH(9,6)
38.951
Sell
STOCHRSI(14)
68.067
Buy
MACD(12,26)
-0.001
Sell
ADX(14)
42.380
Sell
Williams %R
-68.334
Sell
CCI(14)
-69.4749
Sell
ATR(14)
0.0010
Less Volatility
Highs/Lows(14)
0.0000
Neutral
Ultimate Oscillator
51.991
Buy
ROC
-0.041
Sell
Bull/Bear Power(13)
-0.0015
Sell
Buy: 2
Sell: 8
Neutral: 1


Summary:Strong Sell","Jun 17, 2021 09:42PM GMT"
usd_cad,1.2357 -0.0004    -0.04%,17:42:50,2021-06-17 21:43:10.270819,"Prev. Close: 1.2361
Bid/Ask: 1.2355 / 1.2358
Day's Range: 1.2351 - 1.2368",Strong Buy,"Summary:Strong Buy
Moving Averages:Strong BuyBuy (11)Sell (1)
Technical Indicators:Strong BuyBuy (10)Sell (1)","Name
S3
S2
S1
Pivot Points
R1
R2
R3
Classic
1.2342
1.2346
1.2353
1.2357
1.2364
1.2368
1.2375
Fibonacci
1.2346
1.2350
1.2353
1.2357
1.2361
1.2364
1.2368
Camarilla
1.2358
1.2359
1.2360
1.2357
1.2362
1.2363
1.2364
Woodie's
1.2344
1.2347
1.2355
1.2358
1.2366
1.2369
1.2377
DeMark's
-
-
1.2356
1.2358
1.2366
-
-","Technical IndicatorsJun 17, 2021 09:41PM GMT
Name
Value
Action
RSI(14)
69.706
Buy
STOCH(9,6)
74.479
Buy
STOCHRSI(14)
27.327
Sell
MACD(12,26)
0.003
Buy
ADX(14)
45.997
Buy
Williams %R
-25.143
Buy
CCI(14)
109.0362
Buy
ATR(14)
0.0024
Less Volatility
Highs/Lows(14)
0.0006
Buy
Ultimate Oscillator
69.423
Buy
ROC
0.439
Buy
Bull/Bear Power(13)
0.0039
Buy
Buy: 10
Sell: 1
Neutral: 0


Summary:Strong Buy","Jun 17, 2021 09:41PM GMT"
usd_chf,0.9175 +0.0002    +0.02%,17:42:48,2021-06-17 21:43:10.273697,"Prev. Close: 0.9173
Bid/Ask: 0.9171 / 0.9179
Day's Range: 0.9169 - 0.9183",Strong Buy,"Summary:Strong Buy
Moving Averages:BuyBuy (10)Sell (2)
Technical Indicators:Strong BuyBuy (10)Sell (0)","Name
S3
S2
S1
Pivot Points
R1
R2
R3
Classic
0.9166
0.9170
0.9173
0.9177
0.9180
0.9184
0.9187
Fibonacci
0.9170
0.9173
0.9174
0.9177
0.9180
0.9181
0.9184
Camarilla
0.9173
0.9174
0.9174
0.9177
0.9176
0.9176
0.9177
Woodie's
0.9164
0.9169
0.9171
0.9176
0.9178
0.9183
0.9185
DeMark's
-
-
0.9171
0.9176
0.9178
-
-","Technical IndicatorsJun 17, 2021 09:41PM GMT
Name
Value
Action
RSI(14)
72.641
Buy
STOCH(9,6)
78.703
Buy
STOCHRSI(14)
0.000
Oversold
MACD(12,26)
0.003
Buy
ADX(14)
41.373
Buy
Williams %R
-22.857
Buy
CCI(14)
83.5619
Buy
ATR(14)
0.0016
High Volatility
Highs/Lows(14)
0.0004
Buy
Ultimate Oscillator
63.319
Buy
ROC
0.559
Buy
Bull/Bear Power(13)
0.0031
Buy
Buy: 10
Sell: 0
Neutral: 0


Summary:Strong Buy","Jun 17, 2021 09:41PM GMT"
nzd_chf,0.6427 +0.0008    +0.12%,17:42:53,2021-06-17 21:43:10.276592,"Prev. Close: 0.6419
Bid/Ask: 0.6423 / 0.6431
Day's Range: 0.6422 - 0.6434",Neutral,"Summary:Neutral
Moving Averages:BuyBuy (9)Sell (3)
Technical Indicators:SellBuy (2)Sell (3)","Name
S3
S2
S1
Pivot Points
R1
R2
R3
Classic
0.6411
0.6417
0.6420
0.6426
0.6429
0.6435
0.6438
Fibonacci
0.6417
0.6420
0.6423
0.6426
0.6429
0.6432
0.6435
Camarilla
0.6421
0.6421
0.6422
0.6426
0.6424
0.6425
0.6425
Woodie's
0.6409
0.6416
0.6418
0.6425
0.6427
0.6434
0.6436
DeMark's
-
-
0.6419
0.6425
0.6427
-
-","Technical IndicatorsJun 17, 2021 09:41PM GMT
Name
Value
Action
RSI(14)
51.801
Neutral
STOCH(9,6)
58.118
Buy
STOCHRSI(14)
48.356
Neutral
MACD(12,26)
0.000
Buy
ADX(14)
29.230
Neutral
Williams %R
-53.763
Neutral
CCI(14)
1.3926
Neutral
ATR(14)
0.0012
Less Volatility
Highs/Lows(14)
0.0000
Neutral
Ultimate Oscillator
41.243
Sell
ROC
-0.264
Sell
Bull/Bear Power(13)
-0.0004
Sell
Buy: 2
Sell: 3
Neutral: 6


Summary:Sell","Jun 17, 2021 09:41PM GMT"
usd_cny,6.4484 +0.0515    +0.80%,11:27:22,2021-06-17 21:43:10.279472,"Prev. Close: 6.3969
Bid/Ask: 6.4477 / 6.4490
Day's Range: 6.3972 - 6.4494",Strong Buy,"Summary:Strong Buy
Moving Averages:BuyBuy (12)Sell (0)
Technical Indicators:Strong BuyBuy (7)Sell (0)","Name
S3
S2
S1
Pivot Points
R1
R2
R3
Classic
6.4380
6.4399
6.4436
6.4455
6.4492
6.4511
6.4548
Fibonacci
6.4399
6.4420
6.4434
6.4455
6.4476
6.4490
6.4511
Camarilla
6.4458
6.4463
6.4468
6.4455
6.4479
6.4484
6.4489
Woodie's
6.4390
6.4404
6.4446
6.4460
6.4502
6.4516
6.4558
DeMark's
-
-
6.4446
6.4460
6.4502
-
-","Technical IndicatorsJun 17, 2021 03:34PM GMT
Name
Value
Action
RSI(14)
85.433
Overbought
STOCH(9,6)
77.649
Buy
STOCHRSI(14)
100.000
Overbought
MACD(12,26)
0.011
Buy
ADX(14)
61.337
Buy
Williams %R
-3.426
Overbought
CCI(14)
151.8010
Buy
ATR(14)
0.0041
Less Volatility
Highs/Lows(14)
0.0141
Buy
Ultimate Oscillator
82.973
Overbought
ROC
0.391
Buy
Bull/Bear Power(13)
0.0286
Buy
Buy: 7
Sell: 0
Neutral: 0


Summary:Strong Buy","Jun 17, 2021 03:34PM GMT"
usd_hkd,7.7648 +0.0003    +0.00%,17:42:40,2021-06-17 21:43:10.282319,"Prev. Close: 7.7644
Bid/Ask: 7.7647 / 7.7648
Day's Range: 7.7644 - 7.7650",Strong Buy,"Summary:Strong Buy
Moving Averages:Strong BuyBuy (11)Sell (1)
Technical Indicators:Strong BuyBuy (6)Sell (2)","Name
S3
S2
S1
Pivot Points
R1
R2
R3
Classic
7.7632
7.7636
7.7641
7.7645
7.7649
7.7654
7.7658
Fibonacci
7.7636
7.7639
7.7642
7.7645
7.7648
7.7651
7.7654
Camarilla
7.7642
7.7643
7.7644
7.7645
7.7645
7.7646
7.7647
Woodie's
7.7632
7.7636
7.7641
7.7645
7.7649
7.7654
7.7658
DeMark's
-
-
7.7638
7.7644
7.7647
-
-","Technical IndicatorsJun 17, 2021 09:41PM GMT
Name
Value
Action
RSI(14)
55.342
Buy
STOCH(9,6)
55.803
Buy
STOCHRSI(14)
34.429
Sell
MACD(12,26)
0.000
Buy
ADX(14)
33.915
Sell
Williams %R
-47.378
Neutral
CCI(14)
29.6190
Neutral
ATR(14)
0.0009
Less Volatility
Highs/Lows(14)
0.0000
Neutral
Ultimate Oscillator
54.009
Buy
ROC
0.001
Buy
Bull/Bear Power(13)
0.0013
Buy
Buy: 6
Sell: 2
Neutral: 3


Summary:Strong Buy","Jun 17, 2021 09:41PM GMT"
eur_usd,1.1908 +0.0001    +0.01%,17:43:40,2021-06-17 21:44:10.437692,"Prev. Close: 1.1906
Bid/Ask: 1.1907 / 1.1908
Day's Range: 1.1906 - 1.1909",Strong Sell,"Summary:Strong Sell
Moving Averages:Strong SellBuy (0)Sell (12)
Technical Indicators:Strong SellBuy (0)Sell (10)","Name
S3
S2
S1
Pivot Points
R1
R2
R3
Classic
1.1893
1.1897
1.1902
1.1906
1.1911
1.1915
1.1921
Fibonacci
1.1897
1.1900
1.1902
1.1906
1.1910
1.1912
1.1915
Camarilla
1.1905
1.1906
1.1907
1.1906
1.1908
1.1909
1.1910
Woodie's
1.1893
1.1897
1.1902
1.1906
1.1911
1.1915
1.1921
DeMark's
-
-
1.1904
1.1907
1.1913
-
-","Technical IndicatorsJun 17, 2021 09:43PM GMT
Name
Value
Action
RSI(14)
28.090
Sell
STOCH(9,6)
23.846
Sell
STOCHRSI(14)
100.000
Overbought
MACD(12,26)
-0.004
Sell
ADX(14)
42.257
Sell
Williams %R
-78.621
Sell
CCI(14)
-91.9264
Sell
ATR(14)
0.0018
Less Volatility
Highs/Lows(14)
-0.0009
Sell
Ultimate Oscillator
33.662
Sell
ROC
-0.397
Sell
Bull/Bear Power(13)
-0.0025
Sell
Buy: 0
Sell: 10
Neutral: 0


Summary:Strong Sell","Jun 17, 2021 09:43PM GMT"
gbp_usd,1.3926 +0.0006    +0.05%,17:43:28,2021-06-17 21:44:10.441611,"Prev. Close: 1.3919
Bid/Ask: 1.3922 / 1.3929
Day's Range: 1.3915 - 1.3931",Strong Sell,"Summary:Strong Sell
Moving Averages:SellBuy (3)Sell (9)
Technical Indicators:Strong SellBuy (0)Sell (10)","Name
S3
S2
S1
Pivot Points
R1
R2
R3
Classic
1.3912
1.3916
1.3921
1.3925
1.3930
1.3934
1.3940
Fibonacci
1.3916
1.3919
1.3922
1.3925
1.3928
1.3931
1.3934
Camarilla
1.3924
1.3925
1.3926
1.3925
1.3927
1.3928
1.3929
Woodie's
1.3912
1.3916
1.3921
1.3925
1.3930
1.3934
1.3940
DeMark's
-
-
1.3923
1.3926
1.3932
-
-","Technical IndicatorsJun 17, 2021 09:43PM GMT
Name
Value
Action
RSI(14)
36.507
Sell
STOCH(9,6)
32.368
Sell
STOCHRSI(14)
98.342
Overbought
MACD(12,26)
-0.003
Sell
ADX(14)
39.151
Sell
Williams %R
-70.202
Sell
CCI(14)
-66.9903
Sell
ATR(14)
0.0025
High Volatility
Highs/Lows(14)
-0.0001
Sell
Ultimate Oscillator
36.052
Sell
ROC
-0.354
Sell
Bull/Bear Power(13)
-0.0035
Sell
Buy: 0
Sell: 10
Neutral: 0


Summary:Strong Sell","Jun 17, 2021 09:43PM GMT"
usd_jpy,110.26 +0.06    +0.05%,17:43:43,2021-06-17 21:44:10.444755,"Prev. Close: 110.20
Bid/Ask: 110.24 / 110.27
Day's Range: 110.17 - 110.83",Strong Sell,"Summary:Strong Sell
Moving Averages:SellBuy (5)Sell (7)
Technical Indicators:Strong SellBuy (0)Sell (8)","Name
S3
S2
S1
Pivot Points
R1
R2
R3
Classic
110.11
110.16
110.19
110.24
110.27
110.32
110.34
Fibonacci
110.16
110.19
110.21
110.24
110.27
110.29
110.32
Camarilla
110.19
110.20
110.21
110.24
110.22
110.23
110.24
Woodie's
110.09
110.15
110.17
110.23
110.25
110.31
110.32
DeMark's
-
-
110.17
110.23
110.25
-
-","Technical IndicatorsJun 17, 2021 09:43PM GMT
Name
Value
Action
RSI(14)
41.756
Sell
STOCH(9,6)
15.775
Oversold
STOCHRSI(14)
12.722
Oversold
MACD(12,26)
-0.030
Sell
ADX(14)
33.370
Sell
Williams %R
-87.394
Oversold
CCI(14)
-76.8927
Sell
ATR(14)
0.1239
Less Volatility
Highs/Lows(14)
-0.1121
Sell
Ultimate Oscillator
48.189
Sell
ROC
-0.303
Sell
Bull/Bear Power(13)
-0.2580
Sell
Buy: 0
Sell: 8
Neutral: 0


Summary:Strong Sell","Jun 17, 2021 09:43PM GMT"
aud_usd,0.7555 +0.0004    +0.06%,17:43:42,2021-06-17 21:44:10.447861,"Prev. Close: 0.7550
Bid/Ask: 0.7553 / 0.7556
Day's Range: 0.7547 - 0.7557",Strong Sell,"Summary:Strong Sell
Moving Averages:SellBuy (2)Sell (10)
Technical Indicators:Strong SellBuy (0)Sell (9)","Name
S3
S2
S1
Pivot Points
R1
R2
R3
Classic
0.7541
0.7544
0.7548
0.7551
0.7555
0.7558
0.7562
Fibonacci
0.7544
0.7547
0.7548
0.7551
0.7554
0.7555
0.7558
Camarilla
0.7549
0.7550
0.7550
0.7551
0.7552
0.7552
0.7553
Woodie's
0.7541
0.7544
0.7548
0.7551
0.7555
0.7558
0.7562
DeMark's
-
-
0.7549
0.7551
0.7556
-
-","Technical IndicatorsJun 17, 2021 09:43PM GMT
Name
Value
Action
RSI(14)
31.059
Sell
STOCH(9,6)
20.036
Sell
STOCHRSI(14)
100.000
Overbought
MACD(12,26)
-0.003
Sell
ADX(14)
52.645
Sell
Williams %R
-81.437
Oversold
CCI(14)
-80.0906
Sell
ATR(14)
0.0017
Less Volatility
Highs/Lows(14)
-0.0004
Sell
Ultimate Oscillator
35.041
Sell
ROC
-0.781
Sell
Bull/Bear Power(13)
-0.0017
Sell
Buy: 0
Sell: 9
Neutral: 0


Summary:Strong Sell","Jun 17, 2021 09:43PM GMT"
eur_gbp,0.8551 -0.0001    -0.01%,17:43:40,2021-06-17 21:44:10.450971,"Prev. Close: 0.8551
Bid/Ask: 0.8548 / 0.8553
Day's Range: 0.8549 - 0.8557",Strong Sell,"Summary:Strong Sell
Moving Averages:Strong SellBuy (0)Sell (12)
Technical Indicators:Strong SellBuy (2)Sell (8)","Name
S3
S2
S1
Pivot Points
R1
R2
R3
Classic
0.8542
0.8544
0.8549
0.8552
0.8557
0.8560
0.8564
Fibonacci
0.8544
0.8547
0.8549
0.8552
0.8555
0.8557
0.8560
Camarilla
0.8553
0.8554
0.8554
0.8552
0.8556
0.8556
0.8557
Woodie's
0.8544
0.8545
0.8551
0.8553
0.8559
0.8561
0.8566
DeMark's
-
-
0.8551
0.8553
0.8559
-
-","Technical IndicatorsJun 17, 2021 09:43PM GMT
Name
Value
Action
RSI(14)
37.149
Sell
STOCH(9,6)
38.951
Sell
STOCHRSI(14)
68.067
Buy
MACD(12,26)
-0.001
Sell
ADX(14)
42.380
Sell
Williams %R
-68.334
Sell
CCI(14)
-69.4749
Sell
ATR(14)
0.0010
Less Volatility
Highs/Lows(14)
0.0000
Neutral
Ultimate Oscillator
51.991
Buy
ROC
-0.041
Sell
Bull/Bear Power(13)
-0.0015
Sell
Buy: 2
Sell: 8
Neutral: 1


Summary:Strong Sell","Jun 17, 2021 09:43PM GMT"
usd_cad,1.2356 -0.0005    -0.04%,17:43:42,2021-06-17 21:44:10.453939,"Prev. Close: 1.2361
Bid/Ask: 1.2353 / 1.2359
Day's Range: 1.2351 - 1.2368",Strong Buy,"Summary:Strong Buy
Moving Averages:Strong BuyBuy (11)Sell (1)
Technical Indicators:Strong BuyBuy (10)Sell (1)","Name
S3
S2
S1
Pivot Points
R1
R2
R3
Classic
1.2342
1.2346
1.2353
1.2357
1.2364
1.2368
1.2375
Fibonacci
1.2346
1.2350
1.2353
1.2357
1.2361
1.2364
1.2368
Camarilla
1.2358
1.2359
1.2360
1.2357
1.2362
1.2363
1.2364
Woodie's
1.2344
1.2347
1.2355
1.2358
1.2366
1.2369
1.2377
DeMark's
-
-
1.2356
1.2358
1.2366
-
-","Technical IndicatorsJun 17, 2021 09:43PM GMT
Name
Value
Action
RSI(14)
69.979
Buy
STOCH(9,6)
74.579
Buy
STOCHRSI(14)
29.386
Sell
MACD(12,26)
0.003
Buy
ADX(14)
45.997
Buy
Williams %R
-24.572
Buy
CCI(14)
109.6971
Buy
ATR(14)
0.0024
Less Volatility
Highs/Lows(14)
0.0007
Buy
Ultimate Oscillator
69.665
Buy
ROC
0.443
Buy
Bull/Bear Power(13)
0.0039
Buy
Buy: 10
Sell: 1
Neutral: 0


Summary:Strong Buy","Jun 17, 2021 09:43PM GMT"
usd_chf,0.9175 +0.0002    +0.02%,17:43:42,2021-06-17 21:44:10.456874,"Prev. Close: 0.9173
Bid/Ask: 0.9171 / 0.9179
Day's Range: 0.9169 - 0.9183",Strong Buy,"Summary:Strong Buy
Moving Averages:BuyBuy (10)Sell (2)
Technical Indicators:Strong BuyBuy (10)Sell (0)","Name
S3
S2
S1
Pivot Points
R1
R2
R3
Classic
0.9166
0.9170
0.9173
0.9177
0.9180
0.9184
0.9187
Fibonacci
0.9170
0.9173
0.9174
0.9177
0.9180
0.9181
0.9184
Camarilla
0.9173
0.9174
0.9174
0.9177
0.9176
0.9176
0.9177
Woodie's
0.9164
0.9169
0.9171
0.9176
0.9178
0.9183
0.9185
DeMark's
-
-
0.9171
0.9176
0.9178
-
-","Technical IndicatorsJun 17, 2021 09:43PM GMT
Name
Value
Action
RSI(14)
72.641
Buy
STOCH(9,6)
78.703
Buy
STOCHRSI(14)
0.000
Oversold
MACD(12,26)
0.003
Buy
ADX(14)
41.373
Buy
Williams %R
-22.857
Buy
CCI(14)
83.5619
Buy
ATR(14)
0.0016
High Volatility
Highs/Lows(14)
0.0004
Buy
Ultimate Oscillator
63.319
Buy
ROC
0.559
Buy
Bull/Bear Power(13)
0.0031
Buy
Buy: 10
Sell: 0
Neutral: 0


Summary:Strong Buy","Jun 17, 2021 09:43PM GMT"
nzd_chf,0.6428 +0.0008    +0.13%,17:43:42,2021-06-17 21:44:10.459796,"Prev. Close: 0.6419
Bid/Ask: 0.6424 / 0.6431
Day's Range: 0.6422 - 0.6434",Neutral,"Summary:Neutral
Moving Averages:NeutralBuy (6)Sell (6)
Technical Indicators:SellBuy (2)Sell (5)","Name
S3
S2
S1
Pivot Points
R1
R2
R3
Classic
0.6411
0.6417
0.6420
0.6426
0.6429
0.6435
0.6438
Fibonacci
0.6417
0.6420
0.6423
0.6426
0.6429
0.6432
0.6435
Camarilla
0.6421
0.6421
0.6422
0.6426
0.6424
0.6425
0.6425
Woodie's
0.6409
0.6416
0.6418
0.6425
0.6427
0.6434
0.6436
DeMark's
-
-
0.6419
0.6425
0.6427
-
-","Technical IndicatorsJun 17, 2021 09:43PM GMT
Name
Value
Action
RSI(14)
49.483
Neutral
STOCH(9,6)
56.332
Buy
STOCHRSI(14)
39.471
Sell
MACD(12,26)
0.000
Buy
ADX(14)
29.230
Neutral
Williams %R
-60.216
Sell
CCI(14)
-9.1612
Neutral
ATR(14)
0.0012
Less Volatility
Highs/Lows(14)
0.0000
Neutral
Ultimate Oscillator
37.944
Sell
ROC
-0.310
Sell
Bull/Bear Power(13)
-0.0004
Sell
Buy: 2
Sell: 5
Neutral: 4


Summary:Sell","Jun 17, 2021 09:43PM GMT"
usd_cny,6.4484 +0.0515    +0.80%,11:27:22,2021-06-17 21:44:10.462677,"Prev. Close: 6.3969
Bid/Ask: 6.4477 / 6.4490
Day's Range: 6.3972 - 6.4494",Strong Buy,"Summary:Strong Buy
Moving Averages:BuyBuy (12)Sell (0)
Technical Indicators:Strong BuyBuy (7)Sell (0)","Name
S3
S2
S1
Pivot Points
R1
R2
R3
Classic
6.4380
6.4399
6.4436
6.4455
6.4492
6.4511
6.4548
Fibonacci
6.4399
6.4420
6.4434
6.4455
6.4476
6.4490
6.4511
Camarilla
6.4458
6.4463
6.4468
6.4455
6.4479
6.4484
6.4489
Woodie's
6.4390
6.4404
6.4446
6.4460
6.4502
6.4516
6.4558
DeMark's
-
-
6.4446
6.4460
6.4502
-
-","Technical IndicatorsJun 17, 2021 03:34PM GMT
Name
Value
Action
RSI(14)
85.433
Overbought
STOCH(9,6)
77.649
Buy
STOCHRSI(14)
100.000
Overbought
MACD(12,26)
0.011
Buy
ADX(14)
61.337
Buy
Williams %R
-3.426
Overbought
CCI(14)
151.8010
Buy
ATR(14)
0.0041
Less Volatility
Highs/Lows(14)
0.0141
Buy
Ultimate Oscillator
82.973
Overbought
ROC
0.391
Buy
Bull/Bear Power(13)
0.0286
Buy
Buy: 7
Sell: 0
Neutral: 0


Summary:Strong Buy","Jun 17, 2021 03:34PM GMT"
usd_hkd,7.7646 +0.0001    +0.00%,17:43:28,2021-06-17 21:44:10.465584,"Prev. Close: 7.7644
Bid/Ask: 7.7643 / 7.7648
Day's Range: 7.7644 - 7.7650",Strong Buy,"Summary:Strong Buy
Moving Averages:Strong BuyBuy (11)Sell (1)
Technical Indicators:Strong BuyBuy (7)Sell (2)","Name
S3
S2
S1
Pivot Points
R1
R2
R3
Classic
7.7632
7.7636
7.7641
7.7645
7.7649
7.7654
7.7658
Fibonacci
7.7636
7.7639
7.7642
7.7645
7.7648
7.7651
7.7654
Camarilla
7.7642
7.7643
7.7644
7.7645
7.7645
7.7646
7.7647
Woodie's
7.7632
7.7636
7.7641
7.7645
7.7649
7.7654
7.7658
DeMark's
-
-
7.7638
7.7644
7.7647
-
-","Technical IndicatorsJun 17, 2021 09:43PM GMT
Name
Value
Action
RSI(14)
56.112
Buy
STOCH(9,6)
57.087
Buy
STOCHRSI(14)
39.615
Sell
MACD(12,26)
0.000
Buy
ADX(14)
33.915
Sell
Williams %R
-42.108
Buy
CCI(14)
38.0151
Neutral
ATR(14)
0.0009
Less Volatility
Highs/Lows(14)
0.0000
Neutral
Ultimate Oscillator
55.542
Buy
ROC
0.002
Buy
Bull/Bear Power(13)
0.0013
Buy
Buy: 7
Sell: 2
Neutral: 2


Summary:Strong Buy","Jun 17, 2021 09:43PM GMT"
eur_usd,1.1908 +0.0002    +0.02%,17:44:52,2021-06-17 21:45:10.205664,"Prev. Close: 1.1906
Bid/Ask: 1.1907 / 1.1909
Day's Range: 1.1906 - 1.1909",Strong Sell,"Summary:Strong Sell
Moving Averages:Strong SellBuy (0)Sell (12)
Technical Indicators:Strong SellBuy (0)Sell (10)","Name
S3
S2
S1
Pivot Points
R1
R2
R3
Classic
1.1893
1.1897
1.1902
1.1906
1.1911
1.1915
1.1921
Fibonacci
1.1897
1.1900
1.1902
1.1906
1.1910
1.1912
1.1915
Camarilla
1.1905
1.1906
1.1907
1.1906
1.1908
1.1909
1.1910
Woodie's
1.1893
1.1897
1.1902
1.1906
1.1911
1.1915
1.1921
DeMark's
-
-
1.1904
1.1907
1.1913
-
-","Technical IndicatorsJun 17, 2021 09:43PM GMT
Name
Value
Action
RSI(14)
28.090
Sell
STOCH(9,6)
23.846
Sell
STOCHRSI(14)
100.000
Overbought
MACD(12,26)
-0.004
Sell
ADX(14)
42.257
Sell
Williams %R
-78.621
Sell
CCI(14)
-91.9264
Sell
ATR(14)
0.0018
Less Volatility
Highs/Lows(14)
-0.0009
Sell
Ultimate Oscillator
33.662
Sell
ROC
-0.397
Sell
Bull/Bear Power(13)
-0.0025
Sell
Buy: 0
Sell: 10
Neutral: 0


Summary:Strong Sell","Jun 17, 2021 09:43PM GMT"
gbp_usd,1.3926 +0.0006    +0.05%,17:44:28,2021-06-17 21:45:10.209611,"Prev. Close: 1.3919
Bid/Ask: 1.3922 / 1.3929
Day's Range: 1.3915 - 1.3931",Strong Sell,"Summary:Strong Sell
Moving Averages:SellBuy (3)Sell (9)
Technical Indicators:Strong SellBuy (0)Sell (10)","Name
S3
S2
S1
Pivot Points
R1
R2
R3
Classic
1.3912
1.3916
1.3921
1.3925
1.3930
1.3934
1.3940
Fibonacci
1.3916
1.3919
1.3922
1.3925
1.3928
1.3931
1.3934
Camarilla
1.3924
1.3925
1.3926
1.3925
1.3927
1.3928
1.3929
Woodie's
1.3912
1.3916
1.3921
1.3925
1.3930
1.3934
1.3940
DeMark's
-
-
1.3923
1.3926
1.3932
-
-","Technical IndicatorsJun 17, 2021 09:43PM GMT
Name
Value
Action
RSI(14)
36.507
Sell
STOCH(9,6)
32.368
Sell
STOCHRSI(14)
98.342
Overbought
MACD(12,26)
-0.003
Sell
ADX(14)
39.151
Sell
Williams %R
-70.202
Sell
CCI(14)
-66.9903
Sell
ATR(14)
0.0025
High Volatility
Highs/Lows(14)
-0.0001
Sell
Ultimate Oscillator
36.052
Sell
ROC
-0.354
Sell
Bull/Bear Power(13)
-0.0035
Sell
Buy: 0
Sell: 10
Neutral: 0


Summary:Strong Sell","Jun 17, 2021 09:43PM GMT"
usd_jpy,110.26 +0.06    +0.05%,17:44:32,2021-06-17 21:45:10.212773,"Prev. Close: 110.20
Bid/Ask: 110.24 / 110.27
Day's Range: 110.17 - 110.83",Strong Sell,"Summary:Strong Sell
Moving Averages:SellBuy (5)Sell (7)
Technical Indicators:Strong SellBuy (0)Sell (8)","Name
S3
S2
S1
Pivot Points
R1
R2
R3
Classic
110.11
110.16
110.19
110.24
110.27
110.32
110.34
Fibonacci
110.16
110.19
110.21
110.24
110.27
110.29
110.32
Camarilla
110.19
110.20
110.21
110.24
110.22
110.23
110.24
Woodie's
110.09
110.15
110.17
110.23
110.25
110.31
110.32
DeMark's
-
-
110.17
110.23
110.25
-
-","Technical IndicatorsJun 17, 2021 09:43PM GMT
Name
Value
Action
RSI(14)
41.756
Sell
STOCH(9,6)
15.775
Oversold
STOCHRSI(14)
12.722
Oversold
MACD(12,26)
-0.030
Sell
ADX(14)
33.370
Sell
Williams %R
-87.394
Oversold
CCI(14)
-76.8927
Sell
ATR(14)
0.1239
Less Volatility
Highs/Lows(14)
-0.1121
Sell
Ultimate Oscillator
48.189
Sell
ROC
-0.303
Sell
Bull/Bear Power(13)
-0.2580
Sell
Buy: 0
Sell: 8
Neutral: 0


Summary:Strong Sell","Jun 17, 2021 09:43PM GMT"
aud_usd,0.7555 +0.0004    +0.06%,17:44:42,2021-06-17 21:45:10.215725,"Prev. Close: 0.7550
Bid/Ask: 0.7553 / 0.7556
Day's Range: 0.7547 - 0.7557",Strong Sell,"Summary:Strong Sell
Moving Averages:SellBuy (2)Sell (10)
Technical Indicators:Strong SellBuy (0)Sell (9)","Name
S3
S2
S1
Pivot Points
R1
R2
R3
Classic
0.7541
0.7544
0.7548
0.7551
0.7555
0.7558
0.7562
Fibonacci
0.7544
0.7547
0.7548
0.7551
0.7554
0.7555
0.7558
Camarilla
0.7549
0.7550
0.7550
0.7551
0.7552
0.7552
0.7553
Woodie's
0.7541
0.7544
0.7548
0.7551
0.7555
0.7558
0.7562
DeMark's
-
-
0.7549
0.7551
0.7556
-
-","Technical IndicatorsJun 17, 2021 09:43PM GMT
Name
Value
Action
RSI(14)
31.059
Sell
STOCH(9,6)
20.036
Sell
STOCHRSI(14)
100.000
Overbought
MACD(12,26)
-0.003
Sell
ADX(14)
52.645
Sell
Williams %R
-81.437
Oversold
CCI(14)
-80.0906
Sell
ATR(14)
0.0017
Less Volatility
Highs/Lows(14)
-0.0004
Sell
Ultimate Oscillator
35.041
Sell
ROC
-0.781
Sell
Bull/Bear Power(13)
-0.0017
Sell
Buy: 0
Sell: 9
Neutral: 0


Summary:Strong Sell","Jun 17, 2021 09:43PM GMT"
eur_gbp,0.8551 0.0000    0.00%,17:44:52,2021-06-17 21:45:10.218643,"Prev. Close: 0.8551
Bid/Ask: 0.8548 / 0.8554
Day's Range: 0.8549 - 0.8557",Strong Sell,"Summary:Strong Sell
Moving Averages:Strong SellBuy (0)Sell (12)
Technical Indicators:Strong SellBuy (2)Sell (8)","Name
S3
S2
S1
Pivot Points
R1
R2
R3
Classic
0.8542
0.8544
0.8549
0.8552
0.8557
0.8560
0.8564
Fibonacci
0.8544
0.8547
0.8549
0.8552
0.8555
0.8557
0.8560
Camarilla
0.8553
0.8554
0.8554
0.8552
0.8556
0.8556
0.8557
Woodie's
0.8544
0.8545
0.8551
0.8553
0.8559
0.8561
0.8566
DeMark's
-
-
0.8551
0.8553
0.8559
-
-","Technical IndicatorsJun 17, 2021 09:43PM GMT
Name
Value
Action
RSI(14)
37.149
Sell
STOCH(9,6)
38.951
Sell
STOCHRSI(14)
68.067
Buy
MACD(12,26)
-0.001
Sell
ADX(14)
42.380
Sell
Williams %R
-68.334
Sell
CCI(14)
-69.4749
Sell
ATR(14)
0.0010
Less Volatility
Highs/Lows(14)
0.0000
Neutral
Ultimate Oscillator
51.991
Buy
ROC
-0.041
Sell
Bull/Bear Power(13)
-0.0015
Sell
Buy: 2
Sell: 8
Neutral: 1


Summary:Strong Sell","Jun 17, 2021 09:43PM GMT"
usd_cad,1.2356 -0.0005    -0.04%,17:44:47,2021-06-17 21:45:10.221543,"Prev. Close: 1.2361
Bid/Ask: 1.2353 / 1.2359
Day's Range: 1.2351 - 1.2368",Strong Buy,"Summary:Strong Buy
Moving Averages:Strong BuyBuy (11)Sell (1)
Technical Indicators:Strong BuyBuy (10)Sell (1)","Name
S3
S2
S1
Pivot Points
R1
R2
R3
Classic
1.2342
1.2346
1.2353
1.2357
1.2364
1.2368
1.2375
Fibonacci
1.2346
1.2350
1.2353
1.2357
1.2361
1.2364
1.2368
Camarilla
1.2358
1.2359
1.2360
1.2357
1.2362
1.2363
1.2364
Woodie's
1.2344
1.2347
1.2355
1.2358
1.2366
1.2369
1.2377
DeMark's
-
-
1.2356
1.2358
1.2366
-
-","Technical IndicatorsJun 17, 2021 09:43PM GMT
Name
Value
Action
RSI(14)
69.979
Buy
STOCH(9,6)
74.579
Buy
STOCHRSI(14)
29.386
Sell
MACD(12,26)
0.003
Buy
ADX(14)
45.997
Buy
Williams %R
-24.572
Buy
CCI(14)
109.6971
Buy
ATR(14)
0.0024
Less Volatility
Highs/Lows(14)
0.0007
Buy
Ultimate Oscillator
69.665
Buy
ROC
0.443
Buy
Bull/Bear Power(13)
0.0039
Buy
Buy: 10
Sell: 1
Neutral: 0


Summary:Strong Buy","Jun 17, 2021 09:43PM GMT"
usd_chf,0.9172 -0.0001    -0.01%,17:44:34,2021-06-17 21:45:10.224424,"Prev. Close: 0.9173
Bid/Ask: 0.9168 / 0.9176
Day's Range: 0.9169 - 0.9183",Strong Buy,"Summary:Strong Buy
Moving Averages:BuyBuy (10)Sell (2)
Technical Indicators:Strong BuyBuy (10)Sell (0)","Name
S3
S2
S1
Pivot Points
R1
R2
R3
Classic
0.9166
0.9170
0.9173
0.9177
0.9180
0.9184
0.9187
Fibonacci
0.9170
0.9173
0.9174
0.9177
0.9180
0.9181
0.9184
Camarilla
0.9173
0.9174
0.9174
0.9177
0.9176
0.9176
0.9177
Woodie's
0.9164
0.9169
0.9171
0.9176
0.9178
0.9183
0.9185
DeMark's
-
-
0.9171
0.9176
0.9178
-
-","Technical IndicatorsJun 17, 2021 09:43PM GMT
Name
Value
Action
RSI(14)
72.641
Buy
STOCH(9,6)
78.703
Buy
STOCHRSI(14)
0.000
Oversold
MACD(12,26)
0.003
Buy
ADX(14)
41.373
Buy
Williams %R
-22.857
Buy
CCI(14)
83.5619
Buy
ATR(14)
0.0016
High Volatility
Highs/Lows(14)
0.0004
Buy
Ultimate Oscillator
63.319
Buy
ROC
0.559
Buy
Bull/Bear Power(13)
0.0031
Buy
Buy: 10
Sell: 0
Neutral: 0


Summary:Strong Buy","Jun 17, 2021 09:43PM GMT"
nzd_chf,0.6428 +0.0008    +0.13%,17:44:43,2021-06-17 21:45:10.227316,"Prev. Close: 0.6419
Bid/Ask: 0.6424 / 0.6431
Day's Range: 0.6422 - 0.6434",Neutral,"Summary:Neutral
Moving Averages:NeutralBuy (6)Sell (6)
Technical Indicators:SellBuy (2)Sell (5)","Name
S3
S2
S1
Pivot Points
R1
R2
R3
Classic
0.6411
0.6417
0.6420
0.6426
0.6429
0.6435
0.6438
Fibonacci
0.6417
0.6420
0.6423
0.6426
0.6429
0.6432
0.6435
Camarilla
0.6421
0.6421
0.6422
0.6426
0.6424
0.6425
0.6425
Woodie's
0.6409
0.6416
0.6418
0.6425
0.6427
0.6434
0.6436
DeMark's
-
-
0.6419
0.6425
0.6427
-
-","Technical IndicatorsJun 17, 2021 09:43PM GMT
Name
Value
Action
RSI(14)
49.483
Neutral
STOCH(9,6)
56.332
Buy
STOCHRSI(14)
39.471
Sell
MACD(12,26)
0.000
Buy
ADX(14)
29.230
Neutral
Williams %R
-60.216
Sell
CCI(14)
-9.1612
Neutral
ATR(14)
0.0012
Less Volatility
Highs/Lows(14)
0.0000
Neutral
Ultimate Oscillator
37.944
Sell
ROC
-0.310
Sell
Bull/Bear Power(13)
-0.0004
Sell
Buy: 2
Sell: 5
Neutral: 4


Summary:Sell","Jun 17, 2021 09:43PM GMT"
usd_cny,6.4484 +0.0515    +0.80%,11:27:22,2021-06-17 21:45:10.230195,"Prev. Close: 6.3969
Bid/Ask: 6.4477 / 6.4490
Day's Range: 6.3972 - 6.4494",Strong Buy,"Summary:Strong Buy
Moving Averages:BuyBuy (12)Sell (0)
Technical Indicators:Strong BuyBuy (7)Sell (0)","Name
S3
S2
S1
Pivot Points
R1
R2
R3
Classic
6.4380
6.4399
6.4436
6.4455
6.4492
6.4511
6.4548
Fibonacci
6.4399
6.4420
6.4434
6.4455
6.4476
6.4490
6.4511
Camarilla
6.4458
6.4463
6.4468
6.4455
6.4479
6.4484
6.4489
Woodie's
6.4390
6.4404
6.4446
6.4460
6.4502
6.4516
6.4558
DeMark's
-
-
6.4446
6.4460
6.4502
-
-","Technical IndicatorsJun 17, 2021 03:34PM GMT
Name
Value
Action
RSI(14)
85.433
Overbought
STOCH(9,6)
77.649
Buy
STOCHRSI(14)
100.000
Overbought
MACD(12,26)
0.011
Buy
ADX(14)
61.337
Buy
Williams %R
-3.426
Overbought
CCI(14)
151.8010
Buy
ATR(14)
0.0041
Less Volatility
Highs/Lows(14)
0.0141
Buy
Ultimate Oscillator
82.973
Overbought
ROC
0.391
Buy
Bull/Bear Power(13)
0.0286
Buy
Buy: 7
Sell: 0
Neutral: 0


Summary:Strong Buy","Jun 17, 2021 03:34PM GMT"
usd_hkd,7.7646 +0.0001    +0.00%,17:44:28,2021-06-17 21:45:10.233078,"Prev. Close: 7.7644
Bid/Ask: 7.7643 / 7.7648
Day's Range: 7.7644 - 7.7650",Strong Buy,"Summary:Strong Buy
Moving Averages:Strong BuyBuy (11)Sell (1)
Technical Indicators:Strong BuyBuy (7)Sell (2)","Name
S3
S2
S1
Pivot Points
R1
R2
R3
Classic
7.7632
7.7636
7.7641
7.7645
7.7649
7.7654
7.7658
Fibonacci
7.7636
7.7639
7.7642
7.7645
7.7648
7.7651
7.7654
Camarilla
7.7642
7.7643
7.7644
7.7645
7.7645
7.7646
7.7647
Woodie's
7.7632
7.7636
7.7641
7.7645
7.7649
7.7654
7.7658
DeMark's
-
-
7.7638
7.7644
7.7647
-
-","Technical IndicatorsJun 17, 2021 09:43PM GMT
Name
Value
Action
RSI(14)
56.112
Buy
STOCH(9,6)
57.087
Buy
STOCHRSI(14)
39.615
Sell
MACD(12,26)
0.000
Buy
ADX(14)
33.915
Sell
Williams %R
-42.108
Buy
CCI(14)
38.0151
Neutral
ATR(14)
0.0009
Less Volatility
Highs/Lows(14)
0.0000
Neutral
Ultimate Oscillator
55.542
Buy
ROC
0.002
Buy
Bull/Bear Power(13)
0.0013
Buy
Buy: 7
Sell: 2
Neutral: 2


Summary:Strong Buy","Jun 17, 2021 09:43PM GMT"
eur_usd,1.1908 +0.0002    +0.02%,17:45:28,2021-06-17 21:46:10.199731,"Prev. Close: 1.1906
Bid/Ask: 1.1906 / 1.1910
Day's Range: 1.1906 - 1.1909",Strong Sell,"Summary:Strong Sell
Moving Averages:Strong SellBuy (0)Sell (12)
Technical Indicators:Strong SellBuy (0)Sell (10)","Name
S3
S2
S1
Pivot Points
R1
R2
R3
Classic
1.1893
1.1897
1.1902
1.1906
1.1911
1.1915
1.1921
Fibonacci
1.1897
1.1900
1.1902
1.1906
1.1910
1.1912
1.1915
Camarilla
1.1905
1.1906
1.1907
1.1906
1.1908
1.1909
1.1910
Woodie's
1.1893
1.1897
1.1902
1.1906
1.1911
1.1915
1.1921
DeMark's
-
-
1.1904
1.1907
1.1913
-
-","Technical IndicatorsJun 17, 2021 09:45PM GMT
Name
Value
Action
RSI(14)
28.090
Sell
STOCH(9,6)
23.846
Sell
STOCHRSI(14)
100.000
Overbought
MACD(12,26)
-0.004
Sell
ADX(14)
42.257
Sell
Williams %R
-78.621
Sell
CCI(14)
-91.9264
Sell
ATR(14)
0.0018
Less Volatility
Highs/Lows(14)
-0.0009
Sell
Ultimate Oscillator
33.662
Sell
ROC
-0.397
Sell
Bull/Bear Power(13)
-0.0025
Sell
Buy: 0
Sell: 10
Neutral: 0


Summary:Strong Sell","Jun 17, 2021 09:45PM GMT"
gbp_usd,1.3926 +0.0006    +0.05%,17:45:34,2021-06-17 21:46:10.203745,"Prev. Close: 1.3919
Bid/Ask: 1.3922 / 1.3929
Day's Range: 1.3915 - 1.3931",Strong Sell,"Summary:Strong Sell
Moving Averages:SellBuy (3)Sell (9)
Technical Indicators:Strong SellBuy (0)Sell (10)","Name
S3
S2
S1
Pivot Points
R1
R2
R3
Classic
1.3912
1.3916
1.3921
1.3925
1.3930
1.3934
1.3940
Fibonacci
1.3916
1.3919
1.3922
1.3925
1.3928
1.3931
1.3934
Camarilla
1.3924
1.3925
1.3926
1.3925
1.3927
1.3928
1.3929
Woodie's
1.3912
1.3916
1.3921
1.3925
1.3930
1.3934
1.3940
DeMark's
-
-
1.3923
1.3926
1.3932
-
-","Technical IndicatorsJun 17, 2021 09:45PM GMT
Name
Value
Action
RSI(14)
36.396
Sell
STOCH(9,6)
32.243
Sell
STOCHRSI(14)
97.524
Overbought
MACD(12,26)
-0.003
Sell
ADX(14)
39.151
Sell
Williams %R
-70.707
Sell
CCI(14)
-67.5539
Sell
ATR(14)
0.0025
High Volatility
Highs/Lows(14)
-0.0002
Sell
Ultimate Oscillator
35.802
Sell
ROC
-0.358
Sell
Bull/Bear Power(13)
-0.0035
Sell
Buy: 0
Sell: 10
Neutral: 0


Summary:Strong Sell","Jun 17, 2021 09:45PM GMT"
usd_jpy,110.26 +0.06    +0.05%,17:45:40,2021-06-17 21:46:10.207022,"Prev. Close: 110.20
Bid/Ask: 110.23 / 110.28
Day's Range: 110.17 - 110.83",Sell,"Summary:Sell
Moving Averages:NeutralBuy (6)Sell (6)
Technical Indicators:Strong SellBuy (0)Sell (7)","Name
S3
S2
S1
Pivot Points
R1
R2
R3
Classic
110.11
110.16
110.19
110.24
110.27
110.32
110.34
Fibonacci
110.16
110.19
110.21
110.24
110.27
110.29
110.32
Camarilla
110.19
110.20
110.21
110.24
110.22
110.23
110.24
Woodie's
110.09
110.15
110.17
110.23
110.25
110.31
110.32
DeMark's
-
-
110.17
110.23
110.25
-
-","Technical IndicatorsJun 17, 2021 09:45PM GMT
Name
Value
Action
RSI(14)
42.723
Sell
STOCH(9,6)
16.544
Oversold
STOCHRSI(14)
16.245
Oversold
MACD(12,26)
-0.030
Sell
ADX(14)
33.370
Sell
Williams %R
-84.873
Oversold
CCI(14)
-75.1989
Sell
ATR(14)
0.1239
Less Volatility
Highs/Lows(14)
-0.0971
Sell
Ultimate Oscillator
49.772
Neutral
ROC
-0.289
Sell
Bull/Bear Power(13)
-0.2620
Sell
Buy: 0
Sell: 7
Neutral: 1


Summary:Strong Sell","Jun 17, 2021 09:45PM GMT"
aud_usd,0.7555 +0.0004    +0.06%,17:45:37,2021-06-17 21:46:10.210081,"Prev. Close: 0.7550
Bid/Ask: 0.7553 / 0.7556
Day's Range: 0.7547 - 0.7557",Strong Sell,"Summary:Strong Sell
Moving Averages:SellBuy (2)Sell (10)
Technical Indicators:Strong SellBuy (0)Sell (8)","Name
S3
S2
S1
Pivot Points
R1
R2
R3
Classic
0.7541
0.7544
0.7548
0.7551
0.7555
0.7558
0.7562
Fibonacci
0.7544
0.7547
0.7548
0.7551
0.7554
0.7555
0.7558
Camarilla
0.7549
0.7550
0.7550
0.7551
0.7552
0.7552
0.7553
Woodie's
0.7541
0.7544
0.7548
0.7551
0.7555
0.7558
0.7562
DeMark's
-
-
0.7549
0.7551
0.7556
-
-","Technical IndicatorsJun 17, 2021 09:45PM GMT
Name
Value
Action
RSI(14)
30.391
Sell
STOCH(9,6)
19.718
Oversold
STOCHRSI(14)
100.000
Overbought
MACD(12,26)
-0.003
Sell
ADX(14)
52.645
Sell
Williams %R
-82.635
Oversold
CCI(14)
-81.4392
Sell
ATR(14)
0.0017
Less Volatility
Highs/Lows(14)
-0.0005
Sell
Ultimate Oscillator
34.264
Sell
ROC
-0.795
Sell
Bull/Bear Power(13)
-0.0017
Sell
Buy: 0
Sell: 8
Neutral: 0


Summary:Strong Sell","Jun 17, 2021 09:45PM GMT"
eur_gbp,0.8551 0.0000    0.00%,17:45:34,2021-06-17 21:46:10.213076,"Prev. Close: 0.8551
Bid/Ask: 0.8548 / 0.8554
Day's Range: 0.8549 - 0.8557",Strong Sell,"Summary:Strong Sell
Moving Averages:Strong SellBuy (0)Sell (12)
Technical Indicators:Strong SellBuy (2)Sell (8)","Name
S3
S2
S1
Pivot Points
R1
R2
R3
Classic
0.8542
0.8544
0.8549
0.8552
0.8557
0.8560
0.8564
Fibonacci
0.8544
0.8547
0.8549
0.8552
0.8555
0.8557
0.8560
Camarilla
0.8553
0.8554
0.8554
0.8552
0.8556
0.8556
0.8557
Woodie's
0.8544
0.8545
0.8551
0.8553
0.8559
0.8561
0.8566
DeMark's
-
-
0.8551
0.8553
0.8559
-
-","Technical IndicatorsJun 17, 2021 09:45PM GMT
Name
Value
Action
RSI(14)
37.482
Sell
STOCH(9,6)
39.259
Sell
STOCHRSI(14)
69.512
Buy
MACD(12,26)
-0.001
Sell
ADX(14)
42.380
Sell
Williams %R
-66.667
Sell
CCI(14)
-66.5701
Sell
ATR(14)
0.0010
Less Volatility
Highs/Lows(14)
0.0000
Neutral
Ultimate Oscillator
52.653
Buy
ROC
-0.035
Sell
Bull/Bear Power(13)
-0.0015
Sell
Buy: 2
Sell: 8
Neutral: 1


Summary:Strong Sell","Jun 17, 2021 09:45PM GMT"
usd_cad,1.2357 -0.0004    -0.04%,17:45:21,2021-06-17 21:46:10.216032,"Prev. Close: 1.2361
Bid/Ask: 1.2356 / 1.2357
Day's Range: 1.2351 - 1.2368",Strong Buy,"Summary:Strong Buy
Moving Averages:Strong BuyBuy (11)Sell (1)
Technical Indicators:Strong BuyBuy (10)Sell (1)","Name
S3
S2
S1
Pivot Points
R1
R2
R3
Classic
1.2342
1.2346
1.2353
1.2357
1.2364
1.2368
1.2375
Fibonacci
1.2346
1.2350
1.2353
1.2357
1.2361
1.2364
1.2368
Camarilla
1.2358
1.2359
1.2360
1.2357
1.2362
1.2363
1.2364
Woodie's
1.2344
1.2347
1.2355
1.2358
1.2366
1.2369
1.2377
DeMark's
-
-
1.2356
1.2358
1.2366
-
-","Technical IndicatorsJun 17, 2021 09:45PM GMT
Name
Value
Action
RSI(14)
69.979
Buy
STOCH(9,6)
74.579
Buy
STOCHRSI(14)
29.386
Sell
MACD(12,26)
0.003
Buy
ADX(14)
45.997
Buy
Williams %R
-24.572
Buy
CCI(14)
109.6971
Buy
ATR(14)
0.0024
Less Volatility
Highs/Lows(14)
0.0007
Buy
Ultimate Oscillator
69.665
Buy
ROC
0.443
Buy
Bull/Bear Power(13)
0.0039
Buy
Buy: 10
Sell: 1
Neutral: 0


Summary:Strong Buy","Jun 17, 2021 09:45PM GMT"
usd_chf,0.9175 +0.0002    +0.02%,17:45:42,2021-06-17 21:46:10.218970,"Prev. Close: 0.9173
Bid/Ask: 0.9171 / 0.9179
Day's Range: 0.9169 - 0.9183",Strong Buy,"Summary:Strong Buy
Moving Averages:BuyBuy (12)Sell (0)
Technical Indicators:Strong BuyBuy (9)Sell (0)","Name
S3
S2
S1
Pivot Points
R1
R2
R3
Classic
0.9166
0.9170
0.9173
0.9177
0.9180
0.9184
0.9187
Fibonacci
0.9170
0.9173
0.9174
0.9177
0.9180
0.9181
0.9184
Camarilla
0.9173
0.9174
0.9174
0.9177
0.9176
0.9176
0.9177
Woodie's
0.9164
0.9169
0.9171
0.9176
0.9178
0.9183
0.9185
DeMark's
-
-
0.9171
0.9176
0.9178
-
-","Technical IndicatorsJun 17, 2021 09:45PM GMT
Name
Value
Action
RSI(14)
74.819
Buy
STOCH(9,6)
79.784
Buy
STOCHRSI(14)
0.970
Oversold
MACD(12,26)
0.003
Buy
ADX(14)
41.373
Buy
Williams %R
-17.857
Overbought
CCI(14)
88.6416
Buy
ATR(14)
0.0016
High Volatility
Highs/Lows(14)
0.0007
Buy
Ultimate Oscillator
65.880
Buy
ROC
0.598
Buy
Bull/Bear Power(13)
0.0031
Buy
Buy: 9
Sell: 0
Neutral: 0


Summary:Strong Buy","Jun 17, 2021 09:45PM GMT"
nzd_chf,0.6428 +0.0008    +0.13%,17:45:42,2021-06-17 21:46:10.221871,"Prev. Close: 0.6419
Bid/Ask: 0.6424 / 0.6431
Day's Range: 0.6422 - 0.6434",Neutral,"Summary:Neutral
Moving Averages:BuyBuy (9)Sell (3)
Technical Indicators:SellBuy (2)Sell (4)","Name
S3
S2
S1
Pivot Points
R1
R2
R3
Classic
0.6411
0.6417
0.6420
0.6426
0.6429
0.6435
0.6438
Fibonacci
0.6417
0.6420
0.6423
0.6426
0.6429
0.6432
0.6435
Camarilla
0.6421
0.6421
0.6422
0.6426
0.6424
0.6425
0.6425
Woodie's
0.6409
0.6416
0.6418
0.6425
0.6427
0.6434
0.6436
DeMark's
-
-
0.6419
0.6425
0.6427
-
-","Technical IndicatorsJun 17, 2021 09:45PM GMT
Name
Value
Action
RSI(14)
51.052
Neutral
STOCH(9,6)
57.522
Buy
STOCHRSI(14)
45.485
Neutral
MACD(12,26)
0.000
Buy
ADX(14)
29.230
Neutral
Williams %R
-55.914
Sell
CCI(14)
-2.1493
Neutral
ATR(14)
0.0012
Less Volatility
Highs/Lows(14)
0.0000
Neutral
Ultimate Oscillator
40.143
Sell
ROC
-0.279
Sell
Bull/Bear Power(13)
-0.0004
Sell
Buy: 2
Sell: 4
Neutral: 5


Summary:Sell","Jun 17, 2021 09:45PM GMT"
usd_cny,6.4484 +0.0515    +0.80%,11:27:22,2021-06-17 21:46:10.224804,"Prev. Close: 6.3969
Bid/Ask: 6.4477 / 6.4490
Day's Range: 6.3972 - 6.4494",Strong Buy,"Summary:Strong Buy
Moving Averages:BuyBuy (12)Sell (0)
Technical Indicators:Strong BuyBuy (7)Sell (0)","Name
S3
S2
S1
Pivot Points
R1
R2
R3
Classic
6.4380
6.4399
6.4436
6.4455
6.4492
6.4511
6.4548
Fibonacci
6.4399
6.4420
6.4434
6.4455
6.4476
6.4490
6.4511
Camarilla
6.4458
6.4463
6.4468
6.4455
6.4479
6.4484
6.4489
Woodie's
6.4390
6.4404
6.4446
6.4460
6.4502
6.4516
6.4558
DeMark's
-
-
6.4446
6.4460
6.4502
-
-","Technical IndicatorsJun 17, 2021 03:34PM GMT
Name
Value
Action
RSI(14)
85.433
Overbought
STOCH(9,6)
77.649
Buy
STOCHRSI(14)
100.000
Overbought
MACD(12,26)
0.011
Buy
ADX(14)
61.337
Buy
Williams %R
-3.426
Overbought
CCI(14)
151.8010
Buy
ATR(14)
0.0041
Less Volatility
Highs/Lows(14)
0.0141
Buy
Ultimate Oscillator
82.973
Overbought
ROC
0.391
Buy
Bull/Bear Power(13)
0.0286
Buy
Buy: 7
Sell: 0
Neutral: 0


Summary:Strong Buy","Jun 17, 2021 03:34PM GMT"
usd_hkd,7.7647 +0.0003    +0.00%,17:45:30,2021-06-17 21:46:10.227731,"Prev. Close: 7.7644
Bid/Ask: 7.7646 / 7.7648
Day's Range: 7.7644 - 7.7650",Strong Buy,"Summary:Strong Buy
Moving Averages:Strong BuyBuy (11)Sell (1)
Technical Indicators:Strong BuyBuy (7)Sell (2)","Name
S3
S2
S1
Pivot Points
R1
R2
R3
Classic
7.7632
7.7636
7.7641
7.7645
7.7649
7.7654
7.7658
Fibonacci
7.7636
7.7639
7.7642
7.7645
7.7648
7.7651
7.7654
Camarilla
7.7642
7.7643
7.7644
7.7645
7.7645
7.7646
7.7647
Woodie's
7.7632
7.7636
7.7641
7.7645
7.7649
7.7654
7.7658
DeMark's
-
-
7.7638
7.7644
7.7647
-
-","Technical IndicatorsJun 17, 2021 09:45PM GMT
Name
Value
Action
RSI(14)
56.112
Buy
STOCH(9,6)
57.087
Buy
STOCHRSI(14)
39.615
Sell
MACD(12,26)
0.000
Buy
ADX(14)
33.915
Sell
Williams %R
-42.108
Buy
CCI(14)
38.0151
Neutral
ATR(14)
0.0009
Less Volatility
Highs/Lows(14)
0.0000
Neutral
Ultimate Oscillator
55.542
Buy
ROC
0.002
Buy
Bull/Bear Power(13)
0.0013
Buy
Buy: 7
Sell: 2
Neutral: 2


Summary:Strong Buy","Jun 17, 2021 09:45PM GMT"
eur_usd,1.1908 +0.0002    +0.02%,17:46:50,2021-06-17 21:47:10.086859,"Prev. Close: 1.1906
Bid/Ask: 1.1906 / 1.1910
Day's Range: 1.1906 - 1.1909",Strong Sell,"Summary:Strong Sell
Moving Averages:Strong SellBuy (0)Sell (12)
Technical Indicators:Strong SellBuy (0)Sell (10)","Name
S3
S2
S1
Pivot Points
R1
R2
R3
Classic
1.1893
1.1897
1.1902
1.1906
1.1911
1.1915
1.1921
Fibonacci
1.1897
1.1900
1.1902
1.1906
1.1910
1.1912
1.1915
Camarilla
1.1905
1.1906
1.1907
1.1906
1.1908
1.1909
1.1910
Woodie's
1.1893
1.1897
1.1902
1.1906
1.1911
1.1915
1.1921
DeMark's
-
-
1.1904
1.1907
1.1913
-
-","Technical IndicatorsJun 17, 2021 09:45PM GMT
Name
Value
Action
RSI(14)
28.090
Sell
STOCH(9,6)
23.846
Sell
STOCHRSI(14)
100.000
Overbought
MACD(12,26)
-0.004
Sell
ADX(14)
42.257
Sell
Williams %R
-78.621
Sell
CCI(14)
-91.9264
Sell
ATR(14)
0.0018
Less Volatility
Highs/Lows(14)
-0.0009
Sell
Ultimate Oscillator
33.662
Sell
ROC
-0.397
Sell
Bull/Bear Power(13)
-0.0025
Sell
Buy: 0
Sell: 10
Neutral: 0


Summary:Strong Sell","Jun 17, 2021 09:45PM GMT"
gbp_usd,1.3926 +0.0006    +0.05%,17:46:30,2021-06-17 21:47:10.090814,"Prev. Close: 1.3919
Bid/Ask: 1.3922 / 1.3929
Day's Range: 1.3915 - 1.3931",Strong Sell,"Summary:Strong Sell
Moving Averages:SellBuy (3)Sell (9)
Technical Indicators:Strong SellBuy (0)Sell (10)","Name
S3
S2
S1
Pivot Points
R1
R2
R3
Classic
1.3912
1.3916
1.3921
1.3925
1.3930
1.3934
1.3940
Fibonacci
1.3916
1.3919
1.3922
1.3925
1.3928
1.3931
1.3934
Camarilla
1.3924
1.3925
1.3926
1.3925
1.3927
1.3928
1.3929
Woodie's
1.3912
1.3916
1.3921
1.3925
1.3930
1.3934
1.3940
DeMark's
-
-
1.3923
1.3926
1.3932
-
-","Technical IndicatorsJun 17, 2021 09:45PM GMT
Name
Value
Action
RSI(14)
36.396
Sell
STOCH(9,6)
32.243
Sell
STOCHRSI(14)
97.524
Overbought
MACD(12,26)
-0.003
Sell
ADX(14)
39.151
Sell
Williams %R
-70.707
Sell
CCI(14)
-67.5539
Sell
ATR(14)
0.0025
High Volatility
Highs/Lows(14)
-0.0002
Sell
Ultimate Oscillator
35.802
Sell
ROC
-0.358
Sell
Bull/Bear Power(13)
-0.0035
Sell
Buy: 0
Sell: 10
Neutral: 0


Summary:Strong Sell","Jun 17, 2021 09:45PM GMT"
usd_jpy,110.26 +0.06    +0.05%,17:46:34,2021-06-17 21:47:10.093976,"Prev. Close: 110.20
Bid/Ask: 110.24 / 110.27
Day's Range: 110.17 - 110.83",Sell,"Summary:Sell
Moving Averages:NeutralBuy (6)Sell (6)
Technical Indicators:Strong SellBuy (0)Sell (7)","Name
S3
S2
S1
Pivot Points
R1
R2
R3
Classic
110.11
110.16
110.19
110.24
110.27
110.32
110.34
Fibonacci
110.16
110.19
110.21
110.24
110.27
110.29
110.32
Camarilla
110.19
110.20
110.21
110.24
110.22
110.23
110.24
Woodie's
110.09
110.15
110.17
110.23
110.25
110.31
110.32
DeMark's
-
-
110.17
110.23
110.25
-
-","Technical IndicatorsJun 17, 2021 09:45PM GMT
Name
Value
Action
RSI(14)
42.723
Sell
STOCH(9,6)
16.544
Oversold
STOCHRSI(14)
16.245
Oversold
MACD(12,26)
-0.030
Sell
ADX(14)
33.370
Sell
Williams %R
-84.873
Oversold
CCI(14)
-75.1989
Sell
ATR(14)
0.1239
Less Volatility
Highs/Lows(14)
-0.0971
Sell
Ultimate Oscillator
49.772
Neutral
ROC
-0.289
Sell
Bull/Bear Power(13)
-0.2620
Sell
Buy: 0
Sell: 7
Neutral: 1


Summary:Strong Sell","Jun 17, 2021 09:45PM GMT"
aud_usd,0.7555 +0.0004    +0.06%,17:46:42,2021-06-17 21:47:10.096935,"Prev. Close: 0.7550
Bid/Ask: 0.7553 / 0.7556
Day's Range: 0.7547 - 0.7557",Strong Sell,"Summary:Strong Sell
Moving Averages:SellBuy (2)Sell (10)
Technical Indicators:Strong SellBuy (0)Sell (8)","Name
S3
S2
S1
Pivot Points
R1
R2
R3
Classic
0.7541
0.7544
0.7548
0.7551
0.7555
0.7558
0.7562
Fibonacci
0.7544
0.7547
0.7548
0.7551
0.7554
0.7555
0.7558
Camarilla
0.7549
0.7550
0.7550
0.7551
0.7552
0.7552
0.7553
Woodie's
0.7541
0.7544
0.7548
0.7551
0.7555
0.7558
0.7562
DeMark's
-
-
0.7549
0.7551
0.7556
-
-","Technical IndicatorsJun 17, 2021 09:45PM GMT
Name
Value
Action
RSI(14)
30.391
Sell
STOCH(9,6)
19.718
Oversold
STOCHRSI(14)
100.000
Overbought
MACD(12,26)
-0.003
Sell
ADX(14)
52.645
Sell
Williams %R
-82.635
Oversold
CCI(14)
-81.4392
Sell
ATR(14)
0.0017
Less Volatility
Highs/Lows(14)
-0.0005
Sell
Ultimate Oscillator
34.264
Sell
ROC
-0.795
Sell
Bull/Bear Power(13)
-0.0017
Sell
Buy: 0
Sell: 8
Neutral: 0


Summary:Strong Sell","Jun 17, 2021 09:45PM GMT"
eur_gbp,0.8551 0.0000    0.00%,17:46:55,2021-06-17 21:47:10.099838,"Prev. Close: 0.8551
Bid/Ask: 0.8548 / 0.8554
Day's Range: 0.8549 - 0.8557",Strong Sell,"Summary:Strong Sell
Moving Averages:Strong SellBuy (0)Sell (12)
Technical Indicators:Strong SellBuy (2)Sell (8)","Name
S3
S2
S1
Pivot Points
R1
R2
R3
Classic
0.8542
0.8544
0.8549
0.8552
0.8557
0.8560
0.8564
Fibonacci
0.8544
0.8547
0.8549
0.8552
0.8555
0.8557
0.8560
Camarilla
0.8553
0.8554
0.8554
0.8552
0.8556
0.8556
0.8557
Woodie's
0.8544
0.8545
0.8551
0.8553
0.8559
0.8561
0.8566
DeMark's
-
-
0.8551
0.8553
0.8559
-
-","Technical IndicatorsJun 17, 2021 09:45PM GMT
Name
Value
Action
RSI(14)
37.482
Sell
STOCH(9,6)
39.259
Sell
STOCHRSI(14)
69.512
Buy
MACD(12,26)
-0.001
Sell
ADX(14)
42.380
Sell
Williams %R
-66.667
Sell
CCI(14)
-66.5701
Sell
ATR(14)
0.0010
Less Volatility
Highs/Lows(14)
0.0000
Neutral
Ultimate Oscillator
52.653
Buy
ROC
-0.035
Sell
Bull/Bear Power(13)
-0.0015
Sell
Buy: 2
Sell: 8
Neutral: 1


Summary:Strong Sell","Jun 17, 2021 09:45PM GMT"
usd_cad,1.2357 -0.0004    -0.03%,17:46:52,2021-06-17 21:47:10.102714,"Prev. Close: 1.2361
Bid/Ask: 1.2356 / 1.2358
Day's Range: 1.2351 - 1.2368",Strong Buy,"Summary:Strong Buy
Moving Averages:Strong BuyBuy (11)Sell (1)
Technical Indicators:Strong BuyBuy (10)Sell (1)","Name
S3
S2
S1
Pivot Points
R1
R2
R3
Classic
1.2342
1.2346
1.2353
1.2357
1.2364
1.2368
1.2375
Fibonacci
1.2346
1.2350
1.2353
1.2357
1.2361
1.2364
1.2368
Camarilla
1.2358
1.2359
1.2360
1.2357
1.2362
1.2363
1.2364
Woodie's
1.2344
1.2347
1.2355
1.2358
1.2366
1.2369
1.2377
DeMark's
-
-
1.2356
1.2358
1.2366
-
-","Technical IndicatorsJun 17, 2021 09:45PM GMT
Name
Value
Action
RSI(14)
69.979
Buy
STOCH(9,6)
74.579
Buy
STOCHRSI(14)
29.386
Sell
MACD(12,26)
0.003
Buy
ADX(14)
45.997
Buy
Williams %R
-24.572
Buy
CCI(14)
109.6971
Buy
ATR(14)
0.0024
Less Volatility
Highs/Lows(14)
0.0007
Buy
Ultimate Oscillator
69.665
Buy
ROC
0.443
Buy
Bull/Bear Power(13)
0.0039
Buy
Buy: 10
Sell: 1
Neutral: 0


Summary:Strong Buy","Jun 17, 2021 09:45PM GMT"
usd_chf,0.9172 -0.0001    -0.01%,17:46:20,2021-06-17 21:47:10.105570,"Prev. Close: 0.9173
Bid/Ask: 0.9168 / 0.9176
Day's Range: 0.9169 - 0.9183",Strong Buy,"Summary:Strong Buy
Moving Averages:BuyBuy (12)Sell (0)
Technical Indicators:Strong BuyBuy (9)Sell (0)","Name
S3
S2
S1
Pivot Points
R1
R2
R3
Classic
0.9166
0.9170
0.9173
0.9177
0.9180
0.9184
0.9187
Fibonacci
0.9170
0.9173
0.9174
0.9177
0.9180
0.9181
0.9184
Camarilla
0.9173
0.9174
0.9174
0.9177
0.9176
0.9176
0.9177
Woodie's
0.9164
0.9169
0.9171
0.9176
0.9178
0.9183
0.9185
DeMark's
-
-
0.9171
0.9176
0.9178
-
-","Technical IndicatorsJun 17, 2021 09:45PM GMT
Name
Value
Action
RSI(14)
74.819
Buy
STOCH(9,6)
79.784
Buy
STOCHRSI(14)
0.970
Oversold
MACD(12,26)
0.003
Buy
ADX(14)
41.373
Buy
Williams %R
-17.857
Overbought
CCI(14)
88.6416
Buy
ATR(14)
0.0016
High Volatility
Highs/Lows(14)
0.0007
Buy
Ultimate Oscillator
65.880
Buy
ROC
0.598
Buy
Bull/Bear Power(13)
0.0031
Buy
Buy: 9
Sell: 0
Neutral: 0


Summary:Strong Buy","Jun 17, 2021 09:45PM GMT"
nzd_chf,0.6424 +0.0005    +0.08%,17:46:51,2021-06-17 21:47:10.108460,"Prev. Close: 0.6419
Bid/Ask: 0.6419 / 0.6429
Day's Range: 0.6422 - 0.6434",Neutral,"Summary:Neutral
Moving Averages:BuyBuy (9)Sell (3)
Technical Indicators:SellBuy (2)Sell (4)","Name
S3
S2
S1
Pivot Points
R1
R2
R3
Classic
0.6411
0.6417
0.6420
0.6426
0.6429
0.6435
0.6438
Fibonacci
0.6417
0.6420
0.6423
0.6426
0.6429
0.6432
0.6435
Camarilla
0.6421
0.6421
0.6422
0.6426
0.6424
0.6425
0.6425
Woodie's
0.6409
0.6416
0.6418
0.6425
0.6427
0.6434
0.6436
DeMark's
-
-
0.6419
0.6425
0.6427
-
-","Technical IndicatorsJun 17, 2021 09:45PM GMT
Name
Value
Action
RSI(14)
51.052
Neutral
STOCH(9,6)
57.522
Buy
STOCHRSI(14)
45.485
Neutral
MACD(12,26)
0.000
Buy
ADX(14)
29.230
Neutral
Williams %R
-55.914
Sell
CCI(14)
-2.1493
Neutral
ATR(14)
0.0012
Less Volatility
Highs/Lows(14)
0.0000
Neutral
Ultimate Oscillator
40.143
Sell
ROC
-0.279
Sell
Bull/Bear Power(13)
-0.0004
Sell
Buy: 2
Sell: 4
Neutral: 5


Summary:Sell","Jun 17, 2021 09:45PM GMT"
usd_cny,6.4484 +0.0515    +0.80%,11:27:22,2021-06-17 21:47:10.111345,"Prev. Close: 6.3969
Bid/Ask: 6.4477 / 6.4490
Day's Range: 6.3972 - 6.4494",Strong Buy,"Summary:Strong Buy
Moving Averages:BuyBuy (12)Sell (0)
Technical Indicators:Strong BuyBuy (7)Sell (0)","Name
S3
S2
S1
Pivot Points
R1
R2
R3
Classic
6.4380
6.4399
6.4436
6.4455
6.4492
6.4511
6.4548
Fibonacci
6.4399
6.4420
6.4434
6.4455
6.4476
6.4490
6.4511
Camarilla
6.4458
6.4463
6.4468
6.4455
6.4479
6.4484
6.4489
Woodie's
6.4390
6.4404
6.4446
6.4460
6.4502
6.4516
6.4558
DeMark's
-
-
6.4446
6.4460
6.4502
-
-","Technical IndicatorsJun 17, 2021 03:34PM GMT
Name
Value
Action
RSI(14)
85.433
Overbought
STOCH(9,6)
77.649
Buy
STOCHRSI(14)
100.000
Overbought
MACD(12,26)
0.011
Buy
ADX(14)
61.337
Buy
Williams %R
-3.426
Overbought
CCI(14)
151.8010
Buy
ATR(14)
0.0041
Less Volatility
Highs/Lows(14)
0.0141
Buy
Ultimate Oscillator
82.973
Overbought
ROC
0.391
Buy
Bull/Bear Power(13)
0.0286
Buy
Buy: 7
Sell: 0
Neutral: 0


Summary:Strong Buy","Jun 17, 2021 03:34PM GMT"
usd_hkd,7.7646 +0.0002    +0.00%,17:46:34,2021-06-17 21:47:10.114199,"Prev. Close: 7.7644
Bid/Ask: 7.7643 / 7.7649
Day's Range: 7.7644 - 7.7650",Strong Buy,"Summary:Strong Buy
Moving Averages:Strong BuyBuy (11)Sell (1)
Technical Indicators:Strong BuyBuy (7)Sell (2)","Name
S3
S2
S1
Pivot Points
R1
R2
R3
Classic
7.7632
7.7636
7.7641
7.7645
7.7649
7.7654
7.7658
Fibonacci
7.7636
7.7639
7.7642
7.7645
7.7648
7.7651
7.7654
Camarilla
7.7642
7.7643
7.7644
7.7645
7.7645
7.7646
7.7647
Woodie's
7.7632
7.7636
7.7641
7.7645
7.7649
7.7654
7.7658
DeMark's
-
-
7.7638
7.7644
7.7647
-
-","Technical IndicatorsJun 17, 2021 09:45PM GMT
Name
Value
Action
RSI(14)
56.112
Buy
STOCH(9,6)
57.087
Buy
STOCHRSI(14)
39.615
Sell
MACD(12,26)
0.000
Buy
ADX(14)
33.915
Sell
Williams %R
-42.108
Buy
CCI(14)
38.0151
Neutral
ATR(14)
0.0009
Less Volatility
Highs/Lows(14)
0.0000
Neutral
Ultimate Oscillator
55.542
Buy
ROC
0.002
Buy
Bull/Bear Power(13)
0.0013
Buy
Buy: 7
Sell: 2
Neutral: 2


Summary:Strong Buy","Jun 17, 2021 09:45PM GMT"
eur_usd,1.1908 +0.0002    +0.02%,17:47:37,2021-06-17 21:48:10.694553,"Prev. Close: 1.1906
Bid/Ask: 1.1907 / 1.1909
Day's Range: 1.1906 - 1.1909",Strong Sell,"Summary:Strong Sell
Moving Averages:Strong SellBuy (0)Sell (12)
Technical Indicators:Strong SellBuy (0)Sell (10)","Name
S3
S2
S1
Pivot Points
R1
R2
R3
Classic
1.1893
1.1897
1.1902
1.1906
1.1911
1.1915
1.1921
Fibonacci
1.1897
1.1900
1.1902
1.1906
1.1910
1.1912
1.1915
Camarilla
1.1905
1.1906
1.1907
1.1906
1.1908
1.1909
1.1910
Woodie's
1.1893
1.1897
1.1902
1.1906
1.1911
1.1915
1.1921
DeMark's
-
-
1.1904
1.1907
1.1913
-
-","Technical IndicatorsJun 17, 2021 09:47PM GMT
Name
Value
Action
RSI(14)
28.090
Sell
STOCH(9,6)
23.846
Sell
STOCHRSI(14)
100.000
Overbought
MACD(12,26)
-0.004
Sell
ADX(14)
42.257
Sell
Williams %R
-78.621
Sell
CCI(14)
-91.9264
Sell
ATR(14)
0.0018
Less Volatility
Highs/Lows(14)
-0.0009
Sell
Ultimate Oscillator
33.662
Sell
ROC
-0.397
Sell
Bull/Bear Power(13)
-0.0025
Sell
Buy: 0
Sell: 10
Neutral: 0


Summary:Strong Sell","Jun 17, 2021 09:47PM GMT"
gbp_usd,1.3925 +0.0006    +0.04%,17:47:29,2021-06-17 21:48:10.698459,"Prev. Close: 1.3919
Bid/Ask: 1.3923 / 1.3927
Day's Range: 1.3915 - 1.3931",Strong Sell,"Summary:Strong Sell
Moving Averages:SellBuy (3)Sell (9)
Technical Indicators:Strong SellBuy (0)Sell (10)","Name
S3
S2
S1
Pivot Points
R1
R2
R3
Classic
1.3912
1.3916
1.3921
1.3925
1.3930
1.3934
1.3940
Fibonacci
1.3916
1.3919
1.3922
1.3925
1.3928
1.3931
1.3934
Camarilla
1.3924
1.3925
1.3926
1.3925
1.3927
1.3928
1.3929
Woodie's
1.3912
1.3916
1.3921
1.3925
1.3930
1.3934
1.3940
DeMark's
-
-
1.3923
1.3926
1.3932
-
-","Technical IndicatorsJun 17, 2021 09:47PM GMT
Name
Value
Action
RSI(14)
36.507
Sell
STOCH(9,6)
32.368
Sell
STOCHRSI(14)
98.342
Overbought
MACD(12,26)
-0.003
Sell
ADX(14)
39.151
Sell
Williams %R
-70.202
Sell
CCI(14)
-66.9903
Sell
ATR(14)
0.0025
High Volatility
Highs/Lows(14)
-0.0001
Sell
Ultimate Oscillator
36.052
Sell
ROC
-0.354
Sell
Bull/Bear Power(13)
-0.0035
Sell
Buy: 0
Sell: 10
Neutral: 0


Summary:Strong Sell","Jun 17, 2021 09:47PM GMT"
usd_jpy,110.26 +0.06    +0.05%,17:47:40,2021-06-17 21:48:10.701576,"Prev. Close: 110.20
Bid/Ask: 110.23 / 110.28
Day's Range: 110.17 - 110.83",Strong Sell,"Summary:Strong Sell
Moving Averages:SellBuy (5)Sell (7)
Technical Indicators:Strong SellBuy (0)Sell (7)","Name
S3
S2
S1
Pivot Points
R1
R2
R3
Classic
110.11
110.16
110.19
110.24
110.27
110.32
110.34
Fibonacci
110.16
110.19
110.21
110.24
110.27
110.29
110.32
Camarilla
110.19
110.20
110.21
110.24
110.22
110.23
110.24
Woodie's
110.09
110.15
110.17
110.23
110.25
110.31
110.32
DeMark's
-
-
110.17
110.23
110.25
-
-","Technical IndicatorsJun 17, 2021 09:47PM GMT
Name
Value
Action
RSI(14)
42.404
Sell
STOCH(9,6)
16.287
Oversold
STOCHRSI(14)
15.083
Oversold
MACD(12,26)
-0.030
Sell
ADX(14)
33.370
Sell
Williams %R
-85.714
Oversold
CCI(14)
-75.7648
Sell
ATR(14)
0.1239
Less Volatility
Highs/Lows(14)
-0.1021
Sell
Ultimate Oscillator
49.244
Neutral
ROC
-0.294
Sell
Bull/Bear Power(13)
-0.2620
Sell
Buy: 0
Sell: 7
Neutral: 1


Summary:Strong Sell","Jun 17, 2021 09:47PM GMT"
aud_usd,0.7555 +0.0004    +0.06%,17:47:42,2021-06-17 21:48:10.704580,"Prev. Close: 0.7550
Bid/Ask: 0.7553 / 0.7556
Day's Range: 0.7547 - 0.7557",Strong Sell,"Summary:Strong Sell
Moving Averages:SellBuy (2)Sell (10)
Technical Indicators:Strong SellBuy (0)Sell (8)","Name
S3
S2
S1
Pivot Points
R1
R2
R3
Classic
0.7541
0.7544
0.7548
0.7551
0.7555
0.7558
0.7562
Fibonacci
0.7544
0.7547
0.7548
0.7551
0.7554
0.7555
0.7558
Camarilla
0.7549
0.7550
0.7550
0.7551
0.7552
0.7552
0.7553
Woodie's
0.7541
0.7544
0.7548
0.7551
0.7555
0.7558
0.7562
DeMark's
-
-
0.7549
0.7551
0.7556
-
-","Technical IndicatorsJun 17, 2021 09:47PM GMT
Name
Value
Action
RSI(14)
30.391
Sell
STOCH(9,6)
19.718
Oversold
STOCHRSI(14)
100.000
Overbought
MACD(12,26)
-0.003
Sell
ADX(14)
52.645
Sell
Williams %R
-82.635
Oversold
CCI(14)
-81.4392
Sell
ATR(14)
0.0017
Less Volatility
Highs/Lows(14)
-0.0005
Sell
Ultimate Oscillator
34.264
Sell
ROC
-0.795
Sell
Bull/Bear Power(13)
-0.0017
Sell
Buy: 0
Sell: 8
Neutral: 0


Summary:Strong Sell","Jun 17, 2021 09:47PM GMT"
eur_gbp,0.8552 0.0001    0.00%,17:47:41,2021-06-17 21:48:10.707511,"Prev. Close: 0.8551
Bid/Ask: 0.8550 / 0.8553
Day's Range: 0.8549 - 0.8557",Strong Sell,"Summary:Strong Sell
Moving Averages:Strong SellBuy (0)Sell (12)
Technical Indicators:Strong SellBuy (2)Sell (8)","Name
S3
S2
S1
Pivot Points
R1
R2
R3
Classic
0.8542
0.8544
0.8549
0.8552
0.8557
0.8560
0.8564
Fibonacci
0.8544
0.8547
0.8549
0.8552
0.8555
0.8557
0.8560
Camarilla
0.8553
0.8554
0.8554
0.8552
0.8556
0.8556
0.8557
Woodie's
0.8544
0.8545
0.8551
0.8553
0.8559
0.8561
0.8566
DeMark's
-
-
0.8551
0.8553
0.8559
-
-","Technical IndicatorsJun 17, 2021 09:47PM GMT
Name
Value
Action
RSI(14)
37.149
Sell
STOCH(9,6)
38.951
Sell
STOCHRSI(14)
68.067
Buy
MACD(12,26)
-0.001
Sell
ADX(14)
42.380
Sell
Williams %R
-68.334
Sell
CCI(14)
-69.4749
Sell
ATR(14)
0.0010
Less Volatility
Highs/Lows(14)
0.0000
Neutral
Ultimate Oscillator
51.991
Buy
ROC
-0.041
Sell
Bull/Bear Power(13)
-0.0015
Sell
Buy: 2
Sell: 8
Neutral: 1


Summary:Strong Sell","Jun 17, 2021 09:47PM GMT"
usd_cad,1.2356 -0.0005    -0.04%,17:47:42,2021-06-17 21:48:10.710434,"Prev. Close: 1.2361
Bid/Ask: 1.2353 / 1.2359
Day's Range: 1.2351 - 1.2368",Strong Buy,"Summary:Strong Buy
Moving Averages:Strong BuyBuy (11)Sell (1)
Technical Indicators:Strong BuyBuy (10)Sell (1)","Name
S3
S2
S1
Pivot Points
R1
R2
R3
Classic
1.2342
1.2346
1.2353
1.2357
1.2364
1.2368
1.2375
Fibonacci
1.2346
1.2350
1.2353
1.2357
1.2361
1.2364
1.2368
Camarilla
1.2358
1.2359
1.2360
1.2357
1.2362
1.2363
1.2364
Woodie's
1.2344
1.2347
1.2355
1.2358
1.2366
1.2369
1.2377
DeMark's
-
-
1.2356
1.2358
1.2366
-
-","Technical IndicatorsJun 17, 2021 09:47PM GMT
Name
Value
Action
RSI(14)
69.979
Buy
STOCH(9,6)
74.579
Buy
STOCHRSI(14)
29.386
Sell
MACD(12,26)
0.003
Buy
ADX(14)
45.997
Buy
Williams %R
-24.572
Buy
CCI(14)
109.6971
Buy
ATR(14)
0.0024
Less Volatility
Highs/Lows(14)
0.0007
Buy
Ultimate Oscillator
69.665
Buy
ROC
0.443
Buy
Bull/Bear Power(13)
0.0039
Buy
Buy: 10
Sell: 1
Neutral: 0


Summary:Strong Buy","Jun 17, 2021 09:47PM GMT"
usd_chf,0.9174 +0.0001    +0.01%,17:47:41,2021-06-17 21:48:10.713335,"Prev. Close: 0.9173
Bid/Ask: 0.9172 / 0.9176
Day's Range: 0.9169 - 0.9183",Strong Buy,"Summary:Strong Buy
Moving Averages:Strong BuyBuy (11)Sell (1)
Technical Indicators:Strong BuyBuy (10)Sell (0)","Name
S3
S2
S1
Pivot Points
R1
R2
R3
Classic
0.9166
0.9170
0.9173
0.9177
0.9180
0.9184
0.9187
Fibonacci
0.9170
0.9173
0.9174
0.9177
0.9180
0.9181
0.9184
Camarilla
0.9173
0.9174
0.9174
0.9177
0.9176
0.9176
0.9177
Woodie's
0.9164
0.9169
0.9171
0.9176
0.9178
0.9183
0.9185
DeMark's
-
-
0.9171
0.9176
0.9178
-
-","Technical IndicatorsJun 17, 2021 09:47PM GMT
Name
Value
Action
RSI(14)
74.001
Buy
STOCH(9,6)
79.321
Buy
STOCHRSI(14)
0.000
Oversold
MACD(12,26)
0.003
Buy
ADX(14)
41.373
Buy
Williams %R
-20.000
Buy
CCI(14)
86.4717
Buy
ATR(14)
0.0016
High Volatility
Highs/Lows(14)
0.0006
Buy
Ultimate Oscillator
64.782
Buy
ROC
0.581
Buy
Bull/Bear Power(13)
0.0031
Buy
Buy: 10
Sell: 0
Neutral: 0


Summary:Strong Buy","Jun 17, 2021 09:47PM GMT"
nzd_chf,0.6427 +0.0008    +0.12%,17:47:43,2021-06-17 21:48:10.716241,"Prev. Close: 0.6419
Bid/Ask: 0.6422 / 0.6432
Day's Range: 0.6422 - 0.6434",Neutral,"Summary:Neutral
Moving Averages:BuyBuy (7)Sell (5)
Technical Indicators:SellBuy (2)Sell (5)","Name
S3
S2
S1
Pivot Points
R1
R2
R3
Classic
0.6411
0.6417
0.6420
0.6426
0.6429
0.6435
0.6438
Fibonacci
0.6417
0.6420
0.6423
0.6426
0.6429
0.6432
0.6435
Camarilla
0.6421
0.6421
0.6422
0.6426
0.6424
0.6425
0.6425
Woodie's
0.6409
0.6416
0.6418
0.6425
0.6427
0.6434
0.6436
DeMark's
-
-
0.6419
0.6425
0.6427
-
-","Technical IndicatorsJun 17, 2021 09:47PM GMT
Name
Value
Action
RSI(14)
50.280
Neutral
STOCH(9,6)
56.927
Buy
STOCHRSI(14)
42.526
Sell
MACD(12,26)
0.000
Buy
ADX(14)
29.230
Neutral
Williams %R
-58.065
Sell
CCI(14)
-5.6685
Neutral
ATR(14)
0.0012
Less Volatility
Highs/Lows(14)
0.0000
Neutral
Ultimate Oscillator
39.044
Sell
ROC
-0.295
Sell
Bull/Bear Power(13)
-0.0004
Sell
Buy: 2
Sell: 5
Neutral: 4


Summary:Sell","Jun 17, 2021 09:47PM GMT"
usd_cny,6.4484 +0.0515    +0.80%,11:27:22,2021-06-17 21:48:10.719130,"Prev. Close: 6.3969
Bid/Ask: 6.4477 / 6.4490
Day's Range: 6.3972 - 6.4494",Strong Buy,"Summary:Strong Buy
Moving Averages:BuyBuy (12)Sell (0)
Technical Indicators:Strong BuyBuy (7)Sell (0)","Name
S3
S2
S1
Pivot Points
R1
R2
R3
Classic
6.4380
6.4399
6.4436
6.4455
6.4492
6.4511
6.4548
Fibonacci
6.4399
6.4420
6.4434
6.4455
6.4476
6.4490
6.4511
Camarilla
6.4458
6.4463
6.4468
6.4455
6.4479
6.4484
6.4489
Woodie's
6.4390
6.4404
6.4446
6.4460
6.4502
6.4516
6.4558
DeMark's
-
-
6.4446
6.4460
6.4502
-
-","Technical IndicatorsJun 17, 2021 03:34PM GMT
Name
Value
Action
RSI(14)
85.433
Overbought
STOCH(9,6)
77.649
Buy
STOCHRSI(14)
100.000
Overbought
MACD(12,26)
0.011
Buy
ADX(14)
61.337
Buy
Williams %R
-3.426
Overbought
CCI(14)
151.8010
Buy
ATR(14)
0.0041
Less Volatility
Highs/Lows(14)
0.0141
Buy
Ultimate Oscillator
82.973
Overbought
ROC
0.391
Buy
Bull/Bear Power(13)
0.0286
Buy
Buy: 7
Sell: 0
Neutral: 0


Summary:Strong Buy","Jun 17, 2021 03:34PM GMT"
usd_hkd,7.7646 +0.0002    +0.00%,17:47:28,2021-06-17 21:48:10.722000,"Prev. Close: 7.7644
Bid/Ask: 7.7643 / 7.7649
Day's Range: 7.7644 - 7.7650",Buy,"Summary:Buy
Moving Averages:BuyBuy (10)Sell (2)
Technical Indicators:BUYBuy (4)Sell (2)","Name
S3
S2
S1
Pivot Points
R1
R2
R3
Classic
7.7632
7.7636
7.7641
7.7645
7.7649
7.7654
7.7658
Fibonacci
7.7636
7.7639
7.7642
7.7645
7.7648
7.7651
7.7654
Camarilla
7.7642
7.7643
7.7644
7.7645
7.7645
7.7646
7.7647
Woodie's
7.7632
7.7636
7.7641
7.7645
7.7649
7.7654
7.7658
DeMark's
-
-
7.7638
7.7644
7.7647
-
-","Technical IndicatorsJun 17, 2021 09:47PM GMT
Name
Value
Action
RSI(14)
54.946
Neutral
STOCH(9,6)
55.161
Buy
STOCHRSI(14)
31.762
Sell
MACD(12,26)
0.000
Buy
ADX(14)
33.915
Sell
Williams %R
-50.013
Neutral
CCI(14)
25.3616
Neutral
ATR(14)
0.0009
Less Volatility
Highs/Lows(14)
0.0000
Neutral
Ultimate Oscillator
53.242
Buy
ROC
0.000
Neutral
Bull/Bear Power(13)
0.0013
Buy
Buy: 4
Sell: 2
Neutral: 5


Summary:BUY","Jun 17, 2021 09:47PM GMT"
eur_usd,1.1908 +0.0002    +0.02%,17:48:55,2021-06-17 21:49:10.297622,"Prev. Close: 1.1906
Bid/Ask: 1.1907 / 1.1909
Day's Range: 1.1906 - 1.1909",Strong Sell,"Summary:Strong Sell
Moving Averages:Strong SellBuy (0)Sell (12)
Technical Indicators:Strong SellBuy (0)Sell (10)","Name
S3
S2
S1
Pivot Points
R1
R2
R3
Classic
1.1893
1.1897
1.1902
1.1906
1.1911
1.1915
1.1921
Fibonacci
1.1897
1.1900
1.1902
1.1906
1.1910
1.1912
1.1915
Camarilla
1.1905
1.1906
1.1907
1.1906
1.1908
1.1909
1.1910
Woodie's
1.1893
1.1897
1.1902
1.1906
1.1911
1.1915
1.1921
DeMark's
-
-
1.1904
1.1907
1.1913
-
-","Technical IndicatorsJun 17, 2021 09:47PM GMT
Name
Value
Action
RSI(14)
28.090
Sell
STOCH(9,6)
23.846
Sell
STOCHRSI(14)
100.000
Overbought
MACD(12,26)
-0.004
Sell
ADX(14)
42.257
Sell
Williams %R
-78.621
Sell
CCI(14)
-91.9264
Sell
ATR(14)
0.0018
Less Volatility
Highs/Lows(14)
-0.0009
Sell
Ultimate Oscillator
33.662
Sell
ROC
-0.397
Sell
Bull/Bear Power(13)
-0.0025
Sell
Buy: 0
Sell: 10
Neutral: 0


Summary:Strong Sell","Jun 17, 2021 09:47PM GMT"
gbp_usd,1.3925 +0.0006    +0.04%,17:48:32,2021-06-17 21:49:10.301525,"Prev. Close: 1.3919
Bid/Ask: 1.3922 / 1.3928
Day's Range: 1.3915 - 1.3931",Strong Sell,"Summary:Strong Sell
Moving Averages:Strong SellBuy (0)Sell (12)
Technical Indicators:Strong SellBuy (0)Sell (10)","Name
S3
S2
S1
Pivot Points
R1
R2
R3
Classic
1.3912
1.3916
1.3921
1.3925
1.3930
1.3934
1.3940
Fibonacci
1.3916
1.3919
1.3922
1.3925
1.3928
1.3931
1.3934
Camarilla
1.3924
1.3925
1.3926
1.3925
1.3927
1.3928
1.3929
Woodie's
1.3912
1.3916
1.3921
1.3925
1.3930
1.3934
1.3940
DeMark's
-
-
1.3923
1.3926
1.3932
-
-","Technical IndicatorsJun 17, 2021 09:48PM GMT
Name
Value
Action
RSI(14)
36.066
Sell
STOCH(9,6)
31.867
Sell
STOCHRSI(14)
95.093
Overbought
MACD(12,26)
-0.003
Sell
ADX(14)
39.151
Sell
Williams %R
-72.223
Sell
CCI(14)
-69.2430
Sell
ATR(14)
0.0025
High Volatility
Highs/Lows(14)
-0.0003
Sell
Ultimate Oscillator
35.052
Sell
ROC
-0.369
Sell
Bull/Bear Power(13)
-0.0035
Sell
Buy: 0
Sell: 10
Neutral: 0


Summary:Strong Sell","Jun 17, 2021 09:48PM GMT"
usd_jpy,110.25 +0.04    +0.04%,17:48:36,2021-06-17 21:49:10.304731,"Prev. Close: 110.20
Bid/Ask: 110.23 / 110.26
Day's Range: 110.17 - 110.83",Strong Sell,"Summary:Strong Sell
Moving Averages:SellBuy (5)Sell (7)
Technical Indicators:Strong SellBuy (0)Sell (7)","Name
S3
S2
S1
Pivot Points
R1
R2
R3
Classic
110.11
110.16
110.19
110.24
110.27
110.32
110.34
Fibonacci
110.16
110.19
110.21
110.24
110.27
110.29
110.32
Camarilla
110.19
110.20
110.21
110.24
110.22
110.23
110.24
Woodie's
110.09
110.15
110.17
110.23
110.25
110.31
110.32
DeMark's
-
-
110.17
110.23
110.25
-
-","Technical IndicatorsJun 17, 2021 09:47PM GMT
Name
Value
Action
RSI(14)
42.404
Sell
STOCH(9,6)
16.287
Oversold
STOCHRSI(14)
15.083
Oversold
MACD(12,26)
-0.030
Sell
ADX(14)
33.370
Sell
Williams %R
-85.714
Oversold
CCI(14)
-75.7648
Sell
ATR(14)
0.1239
Less Volatility
Highs/Lows(14)
-0.1021
Sell
Ultimate Oscillator
49.244
Neutral
ROC
-0.294
Sell
Bull/Bear Power(13)
-0.2620
Sell
Buy: 0
Sell: 7
Neutral: 1


Summary:Strong Sell","Jun 17, 2021 09:47PM GMT"
aud_usd,0.7555 +0.0004    +0.06%,17:48:54,2021-06-17 21:49:10.307774,"Prev. Close: 0.7550
Bid/Ask: 0.7553 / 0.7556
Day's Range: 0.7547 - 0.7557",Strong Sell,"Summary:Strong Sell
Moving Averages:SellBuy (2)Sell (10)
Technical Indicators:Strong SellBuy (0)Sell (8)","Name
S3
S2
S1
Pivot Points
R1
R2
R3
Classic
0.7541
0.7544
0.7548
0.7551
0.7555
0.7558
0.7562
Fibonacci
0.7544
0.7547
0.7548
0.7551
0.7554
0.7555
0.7558
Camarilla
0.7549
0.7550
0.7550
0.7551
0.7552
0.7552
0.7553
Woodie's
0.7541
0.7544
0.7548
0.7551
0.7555
0.7558
0.7562
DeMark's
-
-
0.7549
0.7551
0.7556
-
-","Technical IndicatorsJun 17, 2021 09:48PM GMT
Name
Value
Action
RSI(14)
30.726
Sell
STOCH(9,6)
19.877
Oversold
STOCHRSI(14)
100.000
Overbought
MACD(12,26)
-0.003
Sell
ADX(14)
52.645
Sell
Williams %R
-82.036
Oversold
CCI(14)
-80.7654
Sell
ATR(14)
0.0017
Less Volatility
Highs/Lows(14)
-0.0005
Sell
Ultimate Oscillator
34.652
Sell
ROC
-0.788
Sell
Bull/Bear Power(13)
-0.0017
Sell
Buy: 0
Sell: 8
Neutral: 0


Summary:Strong Sell","Jun 17, 2021 09:48PM GMT"
eur_gbp,0.8552 0.0001    0.00%,17:48:48,2021-06-17 21:49:10.310709,"Prev. Close: 0.8551
Bid/Ask: 0.8549 / 0.8554
Day's Range: 0.8549 - 0.8557",Strong Sell,"Summary:Strong Sell
Moving Averages:Strong SellBuy (0)Sell (12)
Technical Indicators:Strong SellBuy (2)Sell (8)","Name
S3
S2
S1
Pivot Points
R1
R2
R3
Classic
0.8542
0.8544
0.8549
0.8552
0.8557
0.8560
0.8564
Fibonacci
0.8544
0.8547
0.8549
0.8552
0.8555
0.8557
0.8560
Camarilla
0.8553
0.8554
0.8554
0.8552
0.8556
0.8556
0.8557
Woodie's
0.8544
0.8545
0.8551
0.8553
0.8559
0.8561
0.8566
DeMark's
-
-
0.8551
0.8553
0.8559
-
-","Technical IndicatorsJun 17, 2021 09:47PM GMT
Name
Value
Action
RSI(14)
37.149
Sell
STOCH(9,6)
38.951
Sell
STOCHRSI(14)
68.067
Buy
MACD(12,26)
-0.001
Sell
ADX(14)
42.380
Sell
Williams %R
-68.334
Sell
CCI(14)
-69.4749
Sell
ATR(14)
0.0010
Less Volatility
Highs/Lows(14)
0.0000
Neutral
Ultimate Oscillator
51.991
Buy
ROC
-0.041
Sell
Bull/Bear Power(13)
-0.0015
Sell
Buy: 2
Sell: 8
Neutral: 1


Summary:Strong Sell","Jun 17, 2021 09:47PM GMT"
usd_cad,1.2356 -0.0006    -0.04%,17:48:45,2021-06-17 21:49:10.313605,"Prev. Close: 1.2361
Bid/Ask: 1.2353 / 1.2358
Day's Range: 1.2351 - 1.2368",Strong Buy,"Summary:Strong Buy
Moving Averages:BuyBuy (12)Sell (0)
Technical Indicators:Strong BuyBuy (9)Sell (1)","Name
S3
S2
S1
Pivot Points
R1
R2
R3
Classic
1.2342
1.2346
1.2353
1.2357
1.2364
1.2368
1.2375
Fibonacci
1.2346
1.2350
1.2353
1.2357
1.2361
1.2364
1.2368
Camarilla
1.2358
1.2359
1.2360
1.2357
1.2362
1.2363
1.2364
Woodie's
1.2344
1.2347
1.2355
1.2358
1.2366
1.2369
1.2377
DeMark's
-
-
1.2356
1.2358
1.2366
-
-","Technical IndicatorsJun 17, 2021 09:48PM GMT
Name
Value
Action
RSI(14)
70.531
Buy
STOCH(9,6)
74.782
Buy
STOCHRSI(14)
33.550
Sell
MACD(12,26)
0.003
Buy
ADX(14)
45.997
Buy
Williams %R
-23.429
Buy
CCI(14)
111.0174
Buy
ATR(14)
0.0024
Less Volatility
Highs/Lows(14)
0.0008
Buy
Ultimate Oscillator
70.150
Overbought
ROC
0.451
Buy
Bull/Bear Power(13)
0.0039
Buy
Buy: 9
Sell: 1
Neutral: 0


Summary:Strong Buy","Jun 17, 2021 09:48PM GMT"
usd_chf,0.9176 +0.0003    +0.03%,17:48:26,2021-06-17 21:49:10.316501,"Prev. Close: 0.9173
Bid/Ask: 0.9174 / 0.9177
Day's Range: 0.9169 - 0.9183",Strong Buy,"Summary:Strong Buy
Moving Averages:BuyBuy (10)Sell (2)
Technical Indicators:Strong BuyBuy (10)Sell (0)","Name
S3
S2
S1
Pivot Points
R1
R2
R3
Classic
0.9166
0.9170
0.9173
0.9177
0.9180
0.9184
0.9187
Fibonacci
0.9170
0.9173
0.9174
0.9177
0.9180
0.9181
0.9184
Camarilla
0.9173
0.9174
0.9174
0.9177
0.9176
0.9176
0.9177
Woodie's
0.9164
0.9169
0.9171
0.9176
0.9178
0.9183
0.9185
DeMark's
-
-
0.9171
0.9176
0.9178
-
-","Technical IndicatorsJun 17, 2021 09:48PM GMT
Name
Value
Action
RSI(14)
71.009
Buy
STOCH(9,6)
77.932
Buy
STOCHRSI(14)
0.000
Oversold
MACD(12,26)
0.003
Buy
ADX(14)
41.373
Buy
Williams %R
-26.429
Buy
CCI(14)
79.8953
Buy
ATR(14)
0.0016
High Volatility
Highs/Lows(14)
0.0001
Buy
Ultimate Oscillator
61.489
Buy
ROC
0.532
Buy
Bull/Bear Power(13)
0.0031
Buy
Buy: 10
Sell: 0
Neutral: 0


Summary:Strong Buy","Jun 17, 2021 09:48PM GMT"
nzd_chf,0.6424 +0.0004    +0.07%,17:48:50,2021-06-17 21:49:10.319395,"Prev. Close: 0.6419
Bid/Ask: 0.6422 / 0.6425
Day's Range: 0.6422 - 0.6434",Neutral,"Summary:Neutral
Moving Averages:BuyBuy (7)Sell (5)
Technical Indicators:SellBuy (2)Sell (5)","Name
S3
S2
S1
Pivot Points
R1
R2
R3
Classic
0.6411
0.6417
0.6420
0.6426
0.6429
0.6435
0.6438
Fibonacci
0.6417
0.6420
0.6423
0.6426
0.6429
0.6432
0.6435
Camarilla
0.6421
0.6421
0.6422
0.6426
0.6424
0.6425
0.6425
Woodie's
0.6409
0.6416
0.6418
0.6425
0.6427
0.6434
0.6436
DeMark's
-
-
0.6419
0.6425
0.6427
-
-","Technical IndicatorsJun 17, 2021 09:47PM GMT
Name
Value
Action
RSI(14)
50.280
Neutral
STOCH(9,6)
56.927
Buy
STOCHRSI(14)
42.526
Sell
MACD(12,26)
0.000
Buy
ADX(14)
29.230
Neutral
Williams %R
-58.065
Sell
CCI(14)
-5.6685
Neutral
ATR(14)
0.0012
Less Volatility
Highs/Lows(14)
0.0000
Neutral
Ultimate Oscillator
39.044
Sell
ROC
-0.295
Sell
Bull/Bear Power(13)
-0.0004
Sell
Buy: 2
Sell: 5
Neutral: 4


Summary:Sell","Jun 17, 2021 09:47PM GMT"
usd_cny,6.4484 +0.0515    +0.80%,11:27:22,2021-06-17 21:49:10.322268,"Prev. Close: 6.3969
Bid/Ask: 6.4477 / 6.4490
Day's Range: 6.3972 - 6.4494",Strong Buy,"Summary:Strong Buy
Moving Averages:BuyBuy (12)Sell (0)
Technical Indicators:Strong BuyBuy (7)Sell (0)","Name
S3
S2
S1
Pivot Points
R1
R2
R3
Classic
6.4380
6.4399
6.4436
6.4455
6.4492
6.4511
6.4548
Fibonacci
6.4399
6.4420
6.4434
6.4455
6.4476
6.4490
6.4511
Camarilla
6.4458
6.4463
6.4468
6.4455
6.4479
6.4484
6.4489
Woodie's
6.4390
6.4404
6.4446
6.4460
6.4502
6.4516
6.4558
DeMark's
-
-
6.4446
6.4460
6.4502
-
-","Technical IndicatorsJun 17, 2021 03:34PM GMT
Name
Value
Action
RSI(14)
85.433
Overbought
STOCH(9,6)
77.649
Buy
STOCHRSI(14)
100.000
Overbought
MACD(12,26)
0.011
Buy
ADX(14)
61.337
Buy
Williams %R
-3.426
Overbought
CCI(14)
151.8010
Buy
ATR(14)
0.0041
Less Volatility
Highs/Lows(14)
0.0141
Buy
Ultimate Oscillator
82.973
Overbought
ROC
0.391
Buy
Bull/Bear Power(13)
0.0286
Buy
Buy: 7
Sell: 0
Neutral: 0


Summary:Strong Buy","Jun 17, 2021 03:34PM GMT"
usd_hkd,7.7647 +0.0003    +0.00%,17:48:50,2021-06-17 21:49:10.325156,"Prev. Close: 7.7644
Bid/Ask: 7.7646 / 7.7648
Day's Range: 7.7644 - 7.7650",Buy,"Summary:Buy
Moving Averages:BuyBuy (10)Sell (2)
Technical Indicators:BUYBuy (4)Sell (2)","Name
S3
S2
S1
Pivot Points
R1
R2
R3
Classic
7.7632
7.7636
7.7641
7.7645
7.7649
7.7654
7.7658
Fibonacci
7.7636
7.7639
7.7642
7.7645
7.7648
7.7651
7.7654
Camarilla
7.7642
7.7643
7.7644
7.7645
7.7645
7.7646
7.7647
Woodie's
7.7632
7.7636
7.7641
7.7645
7.7649
7.7654
7.7658
DeMark's
-
-
7.7638
7.7644
7.7647
-
-","Technical IndicatorsJun 17, 2021 09:47PM GMT
Name
Value
Action
RSI(14)
54.946
Neutral
STOCH(9,6)
55.161
Buy
STOCHRSI(14)
31.762
Sell
MACD(12,26)
0.000
Buy
ADX(14)
33.915
Sell
Williams %R
-50.013
Neutral
CCI(14)
25.3616
Neutral
ATR(14)
0.0009
Less Volatility
Highs/Lows(14)
0.0000
Neutral
Ultimate Oscillator
53.242
Buy
ROC
0.000
Neutral
Bull/Bear Power(13)
0.0013
Buy
Buy: 4
Sell: 2
Neutral: 5


Summary:BUY","Jun 17, 2021 09:47PM GMT"
eur_usd,1.1908 +0.0002    +0.02%,17:49:36,2021-06-17 21:50:10.242815,"Prev. Close: 1.1906
Bid/Ask: 1.1907 / 1.1909
Day's Range: 1.1906 - 1.1909",Strong Sell,"Summary:Strong Sell
Moving Averages:Strong SellBuy (0)Sell (12)
Technical Indicators:Strong SellBuy (0)Sell (10)","Name
S3
S2
S1
Pivot Points
R1
R2
R3
Classic
1.1893
1.1897
1.1902
1.1906
1.1911
1.1915
1.1921
Fibonacci
1.1897
1.1900
1.1902
1.1906
1.1910
1.1912
1.1915
Camarilla
1.1905
1.1906
1.1907
1.1906
1.1908
1.1909
1.1910
Woodie's
1.1893
1.1897
1.1902
1.1906
1.1911
1.1915
1.1921
DeMark's
-
-
1.1904
1.1907
1.1913
-
-","Technical IndicatorsJun 17, 2021 09:49PM GMT
Name
Value
Action
RSI(14)
28.090
Sell
STOCH(9,6)
23.846
Sell
STOCHRSI(14)
100.000
Overbought
MACD(12,26)
-0.004
Sell
ADX(14)
42.257
Sell
Williams %R
-78.621
Sell
CCI(14)
-91.9264
Sell
ATR(14)
0.0018
Less Volatility
Highs/Lows(14)
-0.0009
Sell
Ultimate Oscillator
33.662
Sell
ROC
-0.397
Sell
Bull/Bear Power(13)
-0.0025
Sell
Buy: 0
Sell: 10
Neutral: 0


Summary:Strong Sell","Jun 17, 2021 09:49PM GMT"
gbp_usd,1.3925 +0.0006    +0.04%,17:49:29,2021-06-17 21:50:10.246730,"Prev. Close: 1.3919
Bid/Ask: 1.3922 / 1.3928
Day's Range: 1.3915 - 1.3931",Strong Sell,"Summary:Strong Sell
Moving Averages:Strong SellBuy (0)Sell (12)
Technical Indicators:Strong SellBuy (0)Sell (10)","Name
S3
S2
S1
Pivot Points
R1
R2
R3
Classic
1.3912
1.3916
1.3921
1.3925
1.3930
1.3934
1.3940
Fibonacci
1.3916
1.3919
1.3922
1.3925
1.3928
1.3931
1.3934
Camarilla
1.3924
1.3925
1.3926
1.3925
1.3927
1.3928
1.3929
Woodie's
1.3912
1.3916
1.3921
1.3925
1.3930
1.3934
1.3940
DeMark's
-
-
1.3923
1.3926
1.3932
-
-","Technical IndicatorsJun 17, 2021 09:48PM GMT
Name
Value
Action
RSI(14)
36.066
Sell
STOCH(9,6)
31.867
Sell
STOCHRSI(14)
95.093
Overbought
MACD(12,26)
-0.003
Sell
ADX(14)
39.151
Sell
Williams %R
-72.223
Sell
CCI(14)
-69.2430
Sell
ATR(14)
0.0025
High Volatility
Highs/Lows(14)
-0.0003
Sell
Ultimate Oscillator
35.052
Sell
ROC
-0.369
Sell
Bull/Bear Power(13)
-0.0035
Sell
Buy: 0
Sell: 10
Neutral: 0


Summary:Strong Sell","Jun 17, 2021 09:48PM GMT"
usd_jpy,110.26 +0.06    +0.05%,17:49:40,2021-06-17 21:50:10.249805,"Prev. Close: 110.20
Bid/Ask: 110.23 / 110.28
Day's Range: 110.17 - 110.83",Strong Sell,"Summary:Strong Sell
Moving Averages:SellBuy (5)Sell (7)
Technical Indicators:Strong SellBuy (0)Sell (7)","Name
S3
S2
S1
Pivot Points
R1
R2
R3
Classic
110.11
110.16
110.19
110.24
110.27
110.32
110.34
Fibonacci
110.16
110.19
110.21
110.24
110.27
110.29
110.32
Camarilla
110.19
110.20
110.21
110.24
110.22
110.23
110.24
Woodie's
110.09
110.15
110.17
110.23
110.25
110.31
110.32
DeMark's
-
-
110.17
110.23
110.25
-
-","Technical IndicatorsJun 17, 2021 09:49PM GMT
Name
Value
Action
RSI(14)
42.404
Sell
STOCH(9,6)
16.287
Oversold
STOCHRSI(14)
15.083
Oversold
MACD(12,26)
-0.030
Sell
ADX(14)
33.370
Sell
Williams %R
-85.714
Oversold
CCI(14)
-75.7648
Sell
ATR(14)
0.1239
Less Volatility
Highs/Lows(14)
-0.1021
Sell
Ultimate Oscillator
49.244
Neutral
ROC
-0.294
Sell
Bull/Bear Power(13)
-0.2620
Sell
Buy: 0
Sell: 7
Neutral: 1


Summary:Strong Sell","Jun 17, 2021 09:49PM GMT"
aud_usd,0.7555 +0.0004    +0.06%,17:49:31,2021-06-17 21:50:10.252738,"Prev. Close: 0.7550
Bid/Ask: 0.7553 / 0.7556
Day's Range: 0.7547 - 0.7557",Strong Sell,"Summary:Strong Sell
Moving Averages:SellBuy (2)Sell (10)
Technical Indicators:Strong SellBuy (0)Sell (8)","Name
S3
S2
S1
Pivot Points
R1
R2
R3
Classic
0.7541
0.7544
0.7548
0.7551
0.7555
0.7558
0.7562
Fibonacci
0.7544
0.7547
0.7548
0.7551
0.7554
0.7555
0.7558
Camarilla
0.7549
0.7550
0.7550
0.7551
0.7552
0.7552
0.7553
Woodie's
0.7541
0.7544
0.7548
0.7551
0.7555
0.7558
0.7562
DeMark's
-
-
0.7549
0.7551
0.7556
-
-","Technical IndicatorsJun 17, 2021 09:49PM GMT
Name
Value
Action
RSI(14)
30.726
Sell
STOCH(9,6)
19.877
Oversold
STOCHRSI(14)
100.000
Overbought
MACD(12,26)
-0.003
Sell
ADX(14)
52.645
Sell
Williams %R
-82.036
Oversold
CCI(14)
-80.7654
Sell
ATR(14)
0.0017
Less Volatility
Highs/Lows(14)
-0.0005
Sell
Ultimate Oscillator
34.652
Sell
ROC
-0.788
Sell
Bull/Bear Power(13)
-0.0017
Sell
Buy: 0
Sell: 8
Neutral: 0


Summary:Strong Sell","Jun 17, 2021 09:49PM GMT"
eur_gbp,0.8552 0.0001    0.00%,17:49:36,2021-06-17 21:50:10.255652,"Prev. Close: 0.8551
Bid/Ask: 0.8549 / 0.8554
Day's Range: 0.8549 - 0.8557",Strong Sell,"Summary:Strong Sell
Moving Averages:Strong SellBuy (0)Sell (12)
Technical Indicators:Strong SellBuy (2)Sell (8)","Name
S3
S2
S1
Pivot Points
R1
R2
R3
Classic
0.8542
0.8544
0.8549
0.8552
0.8557
0.8560
0.8564
Fibonacci
0.8544
0.8547
0.8549
0.8552
0.8555
0.8557
0.8560
Camarilla
0.8553
0.8554
0.8554
0.8552
0.8556
0.8556
0.8557
Woodie's
0.8544
0.8545
0.8551
0.8553
0.8559
0.8561
0.8566
DeMark's
-
-
0.8551
0.8553
0.8559
-
-","Technical IndicatorsJun 17, 2021 09:49PM GMT
Name
Value
Action
RSI(14)
37.482
Sell
STOCH(9,6)
39.259
Sell
STOCHRSI(14)
69.512
Buy
MACD(12,26)
-0.001
Sell
ADX(14)
42.380
Sell
Williams %R
-66.667
Sell
CCI(14)
-66.5701
Sell
ATR(14)
0.0010
Less Volatility
Highs/Lows(14)
0.0000
Neutral
Ultimate Oscillator
52.653
Buy
ROC
-0.035
Sell
Bull/Bear Power(13)
-0.0015
Sell
Buy: 2
Sell: 8
Neutral: 1


Summary:Strong Sell","Jun 17, 2021 09:49PM GMT"
usd_cad,1.2356 -0.0006    -0.04%,17:49:33,2021-06-17 21:50:10.258614,"Prev. Close: 1.2361
Bid/Ask: 1.2353 / 1.2358
Day's Range: 1.2351 - 1.2368",Strong Buy,"Summary:Strong Buy
Moving Averages:BuyBuy (12)Sell (0)
Technical Indicators:Strong BuyBuy (9)Sell (1)","Name
S3
S2
S1
Pivot Points
R1
R2
R3
Classic
1.2342
1.2346
1.2353
1.2357
1.2364
1.2368
1.2375
Fibonacci
1.2346
1.2350
1.2353
1.2357
1.2361
1.2364
1.2368
Camarilla
1.2358
1.2359
1.2360
1.2357
1.2362
1.2363
1.2364
Woodie's
1.2344
1.2347
1.2355
1.2358
1.2366
1.2369
1.2377
DeMark's
-
-
1.2356
1.2358
1.2366
-
-","Technical IndicatorsJun 17, 2021 09:48PM GMT
Name
Value
Action
RSI(14)
70.531
Buy
STOCH(9,6)
74.782
Buy
STOCHRSI(14)
33.550
Sell
MACD(12,26)
0.003
Buy
ADX(14)
45.997
Buy
Williams %R
-23.429
Buy
CCI(14)
111.0174
Buy
ATR(14)
0.0024
Less Volatility
Highs/Lows(14)
0.0008
Buy
Ultimate Oscillator
70.150
Overbought
ROC
0.451
Buy
Bull/Bear Power(13)
0.0039
Buy
Buy: 9
Sell: 1
Neutral: 0


Summary:Strong Buy","Jun 17, 2021 09:48PM GMT"
usd_chf,0.9175 +0.0001    +0.02%,17:49:42,2021-06-17 21:50:10.261488,"Prev. Close: 0.9173
Bid/Ask: 0.9170 / 0.9179
Day's Range: 0.9169 - 0.9183",Strong Buy,"Summary:Strong Buy
Moving Averages:BuyBuy (10)Sell (2)
Technical Indicators:Strong BuyBuy (10)Sell (0)","Name
S3
S2
S1
Pivot Points
R1
R2
R3
Classic
0.9166
0.9170
0.9173
0.9177
0.9180
0.9184
0.9187
Fibonacci
0.9170
0.9173
0.9174
0.9177
0.9180
0.9181
0.9184
Camarilla
0.9173
0.9174
0.9174
0.9177
0.9176
0.9176
0.9177
Woodie's
0.9164
0.9169
0.9171
0.9176
0.9178
0.9183
0.9185
DeMark's
-
-
0.9171
0.9176
0.9178
-
-","Technical IndicatorsJun 17, 2021 09:48PM GMT
Name
Value
Action
RSI(14)
71.009
Buy
STOCH(9,6)
77.932
Buy
STOCHRSI(14)
0.000
Oversold
MACD(12,26)
0.003
Buy
ADX(14)
41.373
Buy
Williams %R
-26.429
Buy
CCI(14)
79.8953
Buy
ATR(14)
0.0016
High Volatility
Highs/Lows(14)
0.0001
Buy
Ultimate Oscillator
61.489
Buy
ROC
0.532
Buy
Bull/Bear Power(13)
0.0031
Buy
Buy: 10
Sell: 0
Neutral: 0


Summary:Strong Buy","Jun 17, 2021 09:48PM GMT"
nzd_chf,0.6428 +0.0008    +0.13%,17:49:36,2021-06-17 21:50:10.264381,"Prev. Close: 0.6419
Bid/Ask: 0.6426 / 0.6429
Day's Range: 0.6422 - 0.6434",Neutral,"Summary:Neutral
Moving Averages:BuyBuy (9)Sell (3)
Technical Indicators:SellBuy (2)Sell (3)","Name
S3
S2
S1
Pivot Points
R1
R2
R3
Classic
0.6411
0.6417
0.6420
0.6426
0.6429
0.6435
0.6438
Fibonacci
0.6417
0.6420
0.6423
0.6426
0.6429
0.6432
0.6435
Camarilla
0.6421
0.6421
0.6422
0.6426
0.6424
0.6425
0.6425
Woodie's
0.6409
0.6416
0.6418
0.6425
0.6427
0.6434
0.6436
DeMark's
-
-
0.6419
0.6425
0.6427
-
-","Technical IndicatorsJun 17, 2021 09:48PM GMT
Name
Value
Action
RSI(14)
51.801
Neutral
STOCH(9,6)
58.118
Buy
STOCHRSI(14)
48.356
Neutral
MACD(12,26)
0.000
Buy
ADX(14)
29.230
Neutral
Williams %R
-53.763
Neutral
CCI(14)
1.3926
Neutral
ATR(14)
0.0012
Less Volatility
Highs/Lows(14)
0.0000
Neutral
Ultimate Oscillator
41.243
Sell
ROC
-0.264
Sell
Bull/Bear Power(13)
-0.0004
Sell
Buy: 2
Sell: 3
Neutral: 6


Summary:Sell","Jun 17, 2021 09:48PM GMT"
usd_cny,6.4484 +0.0515    +0.80%,11:27:22,2021-06-17 21:50:10.267283,"Prev. Close: 6.3969
Bid/Ask: 6.4477 / 6.4490
Day's Range: 6.3972 - 6.4494",Strong Buy,"Summary:Strong Buy
Moving Averages:BuyBuy (12)Sell (0)
Technical Indicators:Strong BuyBuy (7)Sell (0)","Name
S3
S2
S1
Pivot Points
R1
R2
R3
Classic
6.4380
6.4399
6.4436
6.4455
6.4492
6.4511
6.4548
Fibonacci
6.4399
6.4420
6.4434
6.4455
6.4476
6.4490
6.4511
Camarilla
6.4458
6.4463
6.4468
6.4455
6.4479
6.4484
6.4489
Woodie's
6.4390
6.4404
6.4446
6.4460
6.4502
6.4516
6.4558
DeMark's
-
-
6.4446
6.4460
6.4502
-
-","Technical IndicatorsJun 17, 2021 03:34PM GMT
Name
Value
Action
RSI(14)
85.433
Overbought
STOCH(9,6)
77.649
Buy
STOCHRSI(14)
100.000
Overbought
MACD(12,26)
0.011
Buy
ADX(14)
61.337
Buy
Williams %R
-3.426
Overbought
CCI(14)
151.8010
Buy
ATR(14)
0.0041
Less Volatility
Highs/Lows(14)
0.0141
Buy
Ultimate Oscillator
82.973
Overbought
ROC
0.391
Buy
Bull/Bear Power(13)
0.0286
Buy
Buy: 7
Sell: 0
Neutral: 0


Summary:Strong Buy","Jun 17, 2021 03:34PM GMT"
usd_hkd,7.7646 +0.0002    +0.00%,17:49:28,2021-06-17 21:50:10.270174,"Prev. Close: 7.7644
Bid/Ask: 7.7643 / 7.7649
Day's Range: 7.7644 - 7.7650",Strong Buy,"Summary:Strong Buy
Moving Averages:Strong BuyBuy (11)Sell (1)
Technical Indicators:Strong BuyBuy (7)Sell (2)","Name
S3
S2
S1
Pivot Points
R1
R2
R3
Classic
7.7632
7.7636
7.7641
7.7645
7.7649
7.7654
7.7658
Fibonacci
7.7636
7.7639
7.7642
7.7645
7.7648
7.7651
7.7654
Camarilla
7.7642
7.7643
7.7644
7.7645
7.7645
7.7646
7.7647
Woodie's
7.7632
7.7636
7.7641
7.7645
7.7649
7.7654
7.7658
DeMark's
-
-
7.7638
7.7644
7.7647
-
-","Technical IndicatorsJun 17, 2021 09:49PM GMT
Name
Value
Action
RSI(14)
55.730
Buy
STOCH(9,6)
56.445
Buy
STOCHRSI(14)
37.042
Sell
MACD(12,26)
0.000
Buy
ADX(14)
33.915
Sell
Williams %R
-44.743
Buy
CCI(14)
33.8367
Neutral
ATR(14)
0.0009
Less Volatility
Highs/Lows(14)
0.0000
Neutral
Ultimate Oscillator
54.775
Buy
ROC
0.001
Buy
Bull/Bear Power(13)
0.0013
Buy
Buy: 7
Sell: 2
Neutral: 2


Summary:Strong Buy","Jun 17, 2021 09:49PM GMT"
eur_usd,1.1908 +0.0002    +0.02%,17:50:35,2021-06-17 21:51:09.990636,"Prev. Close: 1.1906
Bid/Ask: 1.1907 / 1.1909
Day's Range: 1.1906 - 1.1909",Strong Sell,"Summary:Strong Sell
Moving Averages:Strong SellBuy (0)Sell (12)
Technical Indicators:Strong SellBuy (0)Sell (10)","Name
S3
S2
S1
Pivot Points
R1
R2
R3
Classic
1.1893
1.1897
1.1902
1.1906
1.1911
1.1915
1.1921
Fibonacci
1.1897
1.1900
1.1902
1.1906
1.1910
1.1912
1.1915
Camarilla
1.1905
1.1906
1.1907
1.1906
1.1908
1.1909
1.1910
Woodie's
1.1893
1.1897
1.1902
1.1906
1.1911
1.1915
1.1921
DeMark's
-
-
1.1904
1.1907
1.1913
-
-","Technical IndicatorsJun 17, 2021 09:50PM GMT
Name
Value
Action
RSI(14)
28.090
Sell
STOCH(9,6)
23.846
Sell
STOCHRSI(14)
100.000
Overbought
MACD(12,26)
-0.004
Sell
ADX(14)
42.257
Sell
Williams %R
-78.621
Sell
CCI(14)
-91.9264
Sell
ATR(14)
0.0018
Less Volatility
Highs/Lows(14)
-0.0009
Sell
Ultimate Oscillator
33.662
Sell
ROC
-0.397
Sell
Bull/Bear Power(13)
-0.0025
Sell
Buy: 0
Sell: 10
Neutral: 0


Summary:Strong Sell","Jun 17, 2021 09:50PM GMT"
gbp_usd,1.3925 +0.0006    +0.04%,17:50:30,2021-06-17 21:51:09.994530,"Prev. Close: 1.3919
Bid/Ask: 1.3922 / 1.3927
Day's Range: 1.3915 - 1.3931",Strong Sell,"Summary:Strong Sell
Moving Averages:SellBuy (3)Sell (9)
Technical Indicators:Strong SellBuy (0)Sell (10)","Name
S3
S2
S1
Pivot Points
R1
R2
R3
Classic
1.3912
1.3916
1.3921
1.3925
1.3930
1.3934
1.3940
Fibonacci
1.3916
1.3919
1.3922
1.3925
1.3928
1.3931
1.3934
Camarilla
1.3924
1.3925
1.3926
1.3925
1.3927
1.3928
1.3929
Woodie's
1.3912
1.3916
1.3921
1.3925
1.3930
1.3934
1.3940
DeMark's
-
-
1.3923
1.3926
1.3932
-
-","Technical IndicatorsJun 17, 2021 09:50PM GMT
Name
Value
Action
RSI(14)
36.396
Sell
STOCH(9,6)
32.243
Sell
STOCHRSI(14)
97.524
Overbought
MACD(12,26)
-0.003
Sell
ADX(14)
39.151
Sell
Williams %R
-70.707
Sell
CCI(14)
-67.5539
Sell
ATR(14)
0.0025
High Volatility
Highs/Lows(14)
-0.0002
Sell
Ultimate Oscillator
35.802
Sell
ROC
-0.358
Sell
Bull/Bear Power(13)
-0.0035
Sell
Buy: 0
Sell: 10
Neutral: 0


Summary:Strong Sell","Jun 17, 2021 09:50PM GMT"
usd_jpy,110.26 +0.06    +0.05%,17:50:36,2021-06-17 21:51:09.997624,"Prev. Close: 110.20
Bid/Ask: 110.23 / 110.28
Day's Range: 110.17 - 110.83",Strong Sell,"Summary:Strong Sell
Moving Averages:SellBuy (5)Sell (7)
Technical Indicators:Strong SellBuy (0)Sell (7)","Name
S3
S2
S1
Pivot Points
R1
R2
R3
Classic
110.11
110.16
110.19
110.24
110.27
110.32
110.34
Fibonacci
110.16
110.19
110.21
110.24
110.27
110.29
110.32
Camarilla
110.19
110.20
110.21
110.24
110.22
110.23
110.24
Woodie's
110.09
110.15
110.17
110.23
110.25
110.31
110.32
DeMark's
-
-
110.17
110.23
110.25
-
-","Technical IndicatorsJun 17, 2021 09:50PM GMT
Name
Value
Action
RSI(14)
42.404
Sell
STOCH(9,6)
16.287
Oversold
STOCHRSI(14)
15.083
Oversold
MACD(12,26)
-0.030
Sell
ADX(14)
33.370
Sell
Williams %R
-85.714
Oversold
CCI(14)
-75.7648
Sell
ATR(14)
0.1239
Less Volatility
Highs/Lows(14)
-0.1021
Sell
Ultimate Oscillator
49.244
Neutral
ROC
-0.294
Sell
Bull/Bear Power(13)
-0.2620
Sell
Buy: 0
Sell: 7
Neutral: 1


Summary:Strong Sell","Jun 17, 2021 09:50PM GMT"
aud_usd,0.7555 +0.0004    +0.06%,17:50:43,2021-06-17 21:51:10.000567,"Prev. Close: 0.7550
Bid/Ask: 0.7552 / 0.7557
Day's Range: 0.7547 - 0.7557",Strong Sell,"Summary:Strong Sell
Moving Averages:SellBuy (2)Sell (10)
Technical Indicators:Strong SellBuy (0)Sell (8)","Name
S3
S2
S1
Pivot Points
R1
R2
R3
Classic
0.7541
0.7544
0.7548
0.7551
0.7555
0.7558
0.7562
Fibonacci
0.7544
0.7547
0.7548
0.7551
0.7554
0.7555
0.7558
Camarilla
0.7549
0.7550
0.7550
0.7551
0.7552
0.7552
0.7553
Woodie's
0.7541
0.7544
0.7548
0.7551
0.7555
0.7558
0.7562
DeMark's
-
-
0.7549
0.7551
0.7556
-
-","Technical IndicatorsJun 17, 2021 09:49PM GMT
Name
Value
Action
RSI(14)
30.726
Sell
STOCH(9,6)
19.877
Oversold
STOCHRSI(14)
100.000
Overbought
MACD(12,26)
-0.003
Sell
ADX(14)
52.645
Sell
Williams %R
-82.036
Oversold
CCI(14)
-80.7654
Sell
ATR(14)
0.0017
Less Volatility
Highs/Lows(14)
-0.0005
Sell
Ultimate Oscillator
34.652
Sell
ROC
-0.788
Sell
Bull/Bear Power(13)
-0.0017
Sell
Buy: 0
Sell: 8
Neutral: 0


Summary:Strong Sell","Jun 17, 2021 09:49PM GMT"
eur_gbp,0.8552 +0.0001    +0.01%,17:50:55,2021-06-17 21:51:10.003477,"Prev. Close: 0.8551
Bid/Ask: 0.8550 / 0.8554
Day's Range: 0.8549 - 0.8557",Strong Sell,"Summary:Strong Sell
Moving Averages:Strong SellBuy (0)Sell (12)
Technical Indicators:Strong SellBuy (2)Sell (8)","Name
S3
S2
S1
Pivot Points
R1
R2
R3
Classic
0.8542
0.8544
0.8549
0.8552
0.8557
0.8560
0.8564
Fibonacci
0.8544
0.8547
0.8549
0.8552
0.8555
0.8557
0.8560
Camarilla
0.8553
0.8554
0.8554
0.8552
0.8556
0.8556
0.8557
Woodie's
0.8544
0.8545
0.8551
0.8553
0.8559
0.8561
0.8566
DeMark's
-
-
0.8551
0.8553
0.8559
-
-","Technical IndicatorsJun 17, 2021 09:50PM GMT
Name
Value
Action
RSI(14)
37.482
Sell
STOCH(9,6)
39.259
Sell
STOCHRSI(14)
69.512
Buy
MACD(12,26)
-0.001
Sell
ADX(14)
42.380
Sell
Williams %R
-66.667
Sell
CCI(14)
-66.5701
Sell
ATR(14)
0.0010
Less Volatility
Highs/Lows(14)
0.0000
Neutral
Ultimate Oscillator
52.653
Buy
ROC
-0.035
Sell
Bull/Bear Power(13)
-0.0015
Sell
Buy: 2
Sell: 8
Neutral: 1


Summary:Strong Sell","Jun 17, 2021 09:50PM GMT"
usd_cad,1.2356 -0.0005    -0.04%,17:50:51,2021-06-17 21:51:10.006361,"Prev. Close: 1.2361
Bid/Ask: 1.2355 / 1.2357
Day's Range: 1.2351 - 1.2368",Strong Buy,"Summary:Strong Buy
Moving Averages:Strong BuyBuy (11)Sell (1)
Technical Indicators:Strong BuyBuy (10)Sell (1)","Name
S3
S2
S1
Pivot Points
R1
R2
R3
Classic
1.2342
1.2346
1.2353
1.2357
1.2364
1.2368
1.2375
Fibonacci
1.2346
1.2350
1.2353
1.2357
1.2361
1.2364
1.2368
Camarilla
1.2358
1.2359
1.2360
1.2357
1.2362
1.2363
1.2364
Woodie's
1.2344
1.2347
1.2355
1.2358
1.2366
1.2369
1.2377
DeMark's
-
-
1.2356
1.2358
1.2366
-
-","Technical IndicatorsJun 17, 2021 09:50PM GMT
Name
Value
Action
RSI(14)
69.979
Buy
STOCH(9,6)
74.579
Buy
STOCHRSI(14)
29.386
Sell
MACD(12,26)
0.003
Buy
ADX(14)
45.997
Buy
Williams %R
-24.572
Buy
CCI(14)
109.6971
Buy
ATR(14)
0.0024
Less Volatility
Highs/Lows(14)
0.0007
Buy
Ultimate Oscillator
69.665
Buy
ROC
0.443
Buy
Bull/Bear Power(13)
0.0039
Buy
Buy: 10
Sell: 1
Neutral: 0


Summary:Strong Buy","Jun 17, 2021 09:50PM GMT"
usd_chf,0.9170 -0.0003    -0.04%,17:50:23,2021-06-17 21:51:10.009249,"Prev. Close: 0.9173
Bid/Ask: 0.9168 / 0.9171
Day's Range: 0.9169 - 0.9183",Strong Buy,"Summary:Strong Buy
Moving Averages:BuyBuy (10)Sell (2)
Technical Indicators:Strong BuyBuy (10)Sell (0)","Name
S3
S2
S1
Pivot Points
R1
R2
R3
Classic
0.9166
0.9170
0.9173
0.9177
0.9180
0.9184
0.9187
Fibonacci
0.9170
0.9173
0.9174
0.9177
0.9180
0.9181
0.9184
Camarilla
0.9173
0.9174
0.9174
0.9177
0.9176
0.9176
0.9177
Woodie's
0.9164
0.9169
0.9171
0.9176
0.9178
0.9183
0.9185
DeMark's
-
-
0.9171
0.9176
0.9178
-
-","Technical IndicatorsJun 17, 2021 09:50PM GMT
Name
Value
Action
RSI(14)
71.009
Buy
STOCH(9,6)
77.932
Buy
STOCHRSI(14)
0.000
Oversold
MACD(12,26)
0.003
Buy
ADX(14)
41.373
Buy
Williams %R
-26.429
Buy
CCI(14)
79.8953
Buy
ATR(14)
0.0016
High Volatility
Highs/Lows(14)
0.0001
Buy
Ultimate Oscillator
61.489
Buy
ROC
0.532
Buy
Bull/Bear Power(13)
0.0031
Buy
Buy: 10
Sell: 0
Neutral: 0


Summary:Strong Buy","Jun 17, 2021 09:50PM GMT"
nzd_chf,0.6428 +0.0009    +0.14%,17:50:48,2021-06-17 21:51:10.012136,"Prev. Close: 0.6419
Bid/Ask: 0.6424 / 0.6432
Day's Range: 0.6422 - 0.6434",Neutral,"Summary:Neutral
Moving Averages:NeutralBuy (6)Sell (6)
Technical Indicators:SellBuy (2)Sell (5)","Name
S3
S2
S1
Pivot Points
R1
R2
R3
Classic
0.6411
0.6417
0.6420
0.6426
0.6429
0.6435
0.6438
Fibonacci
0.6417
0.6420
0.6423
0.6426
0.6429
0.6432
0.6435
Camarilla
0.6421
0.6421
0.6422
0.6426
0.6424
0.6425
0.6425
Woodie's
0.6409
0.6416
0.6418
0.6425
0.6427
0.6434
0.6436
DeMark's
-
-
0.6419
0.6425
0.6427
-
-","Technical IndicatorsJun 17, 2021 09:50PM GMT
Name
Value
Action
RSI(14)
49.483
Neutral
STOCH(9,6)
56.332
Buy
STOCHRSI(14)
39.471
Sell
MACD(12,26)
0.000
Buy
ADX(14)
29.230
Neutral
Williams %R
-60.216
Sell
CCI(14)
-9.1612
Neutral
ATR(14)
0.0012
Less Volatility
Highs/Lows(14)
0.0000
Neutral
Ultimate Oscillator
37.944
Sell
ROC
-0.310
Sell
Bull/Bear Power(13)
-0.0004
Sell
Buy: 2
Sell: 5
Neutral: 4


Summary:Sell","Jun 17, 2021 09:50PM GMT"
usd_cny,6.4484 +0.0515    +0.80%,11:27:22,2021-06-17 21:51:10.015028,"Prev. Close: 6.3969
Bid/Ask: 6.4477 / 6.4490
Day's Range: 6.3972 - 6.4494",Strong Buy,"Summary:Strong Buy
Moving Averages:BuyBuy (12)Sell (0)
Technical Indicators:Strong BuyBuy (7)Sell (0)","Name
S3
S2
S1
Pivot Points
R1
R2
R3
Classic
6.4380
6.4399
6.4436
6.4455
6.4492
6.4511
6.4548
Fibonacci
6.4399
6.4420
6.4434
6.4455
6.4476
6.4490
6.4511
Camarilla
6.4458
6.4463
6.4468
6.4455
6.4479
6.4484
6.4489
Woodie's
6.4390
6.4404
6.4446
6.4460
6.4502
6.4516
6.4558
DeMark's
-
-
6.4446
6.4460
6.4502
-
-","Technical IndicatorsJun 17, 2021 03:34PM GMT
Name
Value
Action
RSI(14)
85.433
Overbought
STOCH(9,6)
77.649
Buy
STOCHRSI(14)
100.000
Overbought
MACD(12,26)
0.011
Buy
ADX(14)
61.337
Buy
Williams %R
-3.426
Overbought
CCI(14)
151.8010
Buy
ATR(14)
0.0041
Less Volatility
Highs/Lows(14)
0.0141
Buy
Ultimate Oscillator
82.973
Overbought
ROC
0.391
Buy
Bull/Bear Power(13)
0.0286
Buy
Buy: 7
Sell: 0
Neutral: 0


Summary:Strong Buy","Jun 17, 2021 03:34PM GMT"
usd_hkd,7.7646 +0.0002    +0.00%,17:50:29,2021-06-17 21:51:10.017892,"Prev. Close: 7.7644
Bid/Ask: 7.7643 / 7.7649
Day's Range: 7.7644 - 7.7650",Strong Buy,"Summary:Strong Buy
Moving Averages:Strong BuyBuy (11)Sell (1)
Technical Indicators:Strong BuyBuy (6)Sell (2)","Name
S3
S2
S1
Pivot Points
R1
R2
R3
Classic
7.7632
7.7636
7.7641
7.7645
7.7649
7.7654
7.7658
Fibonacci
7.7636
7.7639
7.7642
7.7645
7.7648
7.7651
7.7654
Camarilla
7.7642
7.7643
7.7644
7.7645
7.7645
7.7646
7.7647
Woodie's
7.7632
7.7636
7.7641
7.7645
7.7649
7.7654
7.7658
DeMark's
-
-
7.7638
7.7644
7.7647
-
-","Technical IndicatorsJun 17, 2021 09:51PM GMT
Name
Value
Action
RSI(14)
55.342
Buy
STOCH(9,6)
55.803
Buy
STOCHRSI(14)
34.429
Sell
MACD(12,26)
0.000
Buy
ADX(14)
33.915
Sell
Williams %R
-47.378
Neutral
CCI(14)
29.6190
Neutral
ATR(14)
0.0009
Less Volatility
Highs/Lows(14)
0.0000
Neutral
Ultimate Oscillator
54.009
Buy
ROC
0.001
Buy
Bull/Bear Power(13)
0.0013
Buy
Buy: 6
Sell: 2
Neutral: 3


Summary:Strong Buy","Jun 17, 2021 09:51PM GMT"
eur_usd,1.1908 +0.0002    +0.02%,17:51:31,2021-06-17 21:52:10.216843,"Prev. Close: 1.1906
Bid/Ask: 1.1907 / 1.1909
Day's Range: 1.1906 - 1.1909",Strong Sell,"Summary:Strong Sell
Moving Averages:Strong SellBuy (0)Sell (12)
Technical Indicators:Strong SellBuy (0)Sell (10)","Name
S3
S2
S1
Pivot Points
R1
R2
R3
Classic
1.1893
1.1897
1.1902
1.1906
1.1911
1.1915
1.1921
Fibonacci
1.1897
1.1900
1.1902
1.1906
1.1910
1.1912
1.1915
Camarilla
1.1905
1.1906
1.1907
1.1906
1.1908
1.1909
1.1910
Woodie's
1.1893
1.1897
1.1902
1.1906
1.1911
1.1915
1.1921
DeMark's
-
-
1.1904
1.1907
1.1913
-
-","Technical IndicatorsJun 17, 2021 09:50PM GMT
Name
Value
Action
RSI(14)
28.090
Sell
STOCH(9,6)
23.846
Sell
STOCHRSI(14)
100.000
Overbought
MACD(12,26)
-0.004
Sell
ADX(14)
42.257
Sell
Williams %R
-78.621
Sell
CCI(14)
-91.9264
Sell
ATR(14)
0.0018
Less Volatility
Highs/Lows(14)
-0.0009
Sell
Ultimate Oscillator
33.662
Sell
ROC
-0.397
Sell
Bull/Bear Power(13)
-0.0025
Sell
Buy: 0
Sell: 10
Neutral: 0


Summary:Strong Sell","Jun 17, 2021 09:50PM GMT"
gbp_usd,1.3924 +0.0004    +0.03%,17:51:35,2021-06-17 21:52:10.220792,"Prev. Close: 1.3919
Bid/Ask: 1.3921 / 1.3926
Day's Range: 1.3915 - 1.3931",Strong Sell,"Summary:Strong Sell
Moving Averages:SellBuy (3)Sell (9)
Technical Indicators:Strong SellBuy (0)Sell (10)","Name
S3
S2
S1
Pivot Points
R1
R2
R3
Classic
1.3912
1.3916
1.3921
1.3925
1.3930
1.3934
1.3940
Fibonacci
1.3916
1.3919
1.3922
1.3925
1.3928
1.3931
1.3934
Camarilla
1.3924
1.3925
1.3926
1.3925
1.3927
1.3928
1.3929
Woodie's
1.3912
1.3916
1.3921
1.3925
1.3930
1.3934
1.3940
DeMark's
-
-
1.3923
1.3926
1.3932
-
-","Technical IndicatorsJun 17, 2021 09:50PM GMT
Name
Value
Action
RSI(14)
36.396
Sell
STOCH(9,6)
32.243
Sell
STOCHRSI(14)
97.524
Overbought
MACD(12,26)
-0.003
Sell
ADX(14)
39.151
Sell
Williams %R
-70.707
Sell
CCI(14)
-67.5539
Sell
ATR(14)
0.0025
High Volatility
Highs/Lows(14)
-0.0002
Sell
Ultimate Oscillator
35.802
Sell
ROC
-0.358
Sell
Bull/Bear Power(13)
-0.0035
Sell
Buy: 0
Sell: 10
Neutral: 0


Summary:Strong Sell","Jun 17, 2021 09:50PM GMT"
usd_jpy,110.26 +0.06    +0.05%,17:51:42,2021-06-17 21:52:10.223999,"Prev. Close: 110.20
Bid/Ask: 110.24 / 110.27
Day's Range: 110.17 - 110.83",Strong Sell,"Summary:Strong Sell
Moving Averages:SellBuy (5)Sell (7)
Technical Indicators:Strong SellBuy (0)Sell (7)","Name
S3
S2
S1
Pivot Points
R1
R2
R3
Classic
110.11
110.16
110.19
110.24
110.27
110.32
110.34
Fibonacci
110.16
110.19
110.21
110.24
110.27
110.29
110.32
Camarilla
110.19
110.20
110.21
110.24
110.22
110.23
110.24
Woodie's
110.09
110.15
110.17
110.23
110.25
110.31
110.32
DeMark's
-
-
110.17
110.23
110.25
-
-","Technical IndicatorsJun 17, 2021 09:50PM GMT
Name
Value
Action
RSI(14)
42.404
Sell
STOCH(9,6)
16.287
Oversold
STOCHRSI(14)
15.083
Oversold
MACD(12,26)
-0.030
Sell
ADX(14)
33.370
Sell
Williams %R
-85.714
Oversold
CCI(14)
-75.7648
Sell
ATR(14)
0.1239
Less Volatility
Highs/Lows(14)
-0.1021
Sell
Ultimate Oscillator
49.244
Neutral
ROC
-0.294
Sell
Bull/Bear Power(13)
-0.2620
Sell
Buy: 0
Sell: 7
Neutral: 1


Summary:Strong Sell","Jun 17, 2021 09:50PM GMT"
aud_usd,0.7555 +0.0004    +0.06%,17:51:37,2021-06-17 21:52:10.227003,"Prev. Close: 0.7550
Bid/Ask: 0.7552 / 0.7557
Day's Range: 0.7547 - 0.7557",Strong Sell,"Summary:Strong Sell
Moving Averages:SellBuy (2)Sell (10)
Technical Indicators:Strong SellBuy (0)Sell (8)","Name
S3
S2
S1
Pivot Points
R1
R2
R3
Classic
0.7541
0.7544
0.7548
0.7551
0.7555
0.7558
0.7562
Fibonacci
0.7544
0.7547
0.7548
0.7551
0.7554
0.7555
0.7558
Camarilla
0.7549
0.7550
0.7550
0.7551
0.7552
0.7552
0.7553
Woodie's
0.7541
0.7544
0.7548
0.7551
0.7555
0.7558
0.7562
DeMark's
-
-
0.7549
0.7551
0.7556
-
-","Technical IndicatorsJun 17, 2021 09:49PM GMT
Name
Value
Action
RSI(14)
30.726
Sell
STOCH(9,6)
19.877
Oversold
STOCHRSI(14)
100.000
Overbought
MACD(12,26)
-0.003
Sell
ADX(14)
52.645
Sell
Williams %R
-82.036
Oversold
CCI(14)
-80.7654
Sell
ATR(14)
0.0017
Less Volatility
Highs/Lows(14)
-0.0005
Sell
Ultimate Oscillator
34.652
Sell
ROC
-0.788
Sell
Bull/Bear Power(13)
-0.0017
Sell
Buy: 0
Sell: 8
Neutral: 0


Summary:Strong Sell","Jun 17, 2021 09:49PM GMT"
eur_gbp,0.8552 +0.0001    +0.01%,17:51:35,2021-06-17 21:52:10.229888,"Prev. Close: 0.8551
Bid/Ask: 0.8549 / 0.8555
Day's Range: 0.8549 - 0.8557",Strong Sell,"Summary:Strong Sell
Moving Averages:Strong SellBuy (0)Sell (12)
Technical Indicators:Strong SellBuy (2)Sell (8)","Name
S3
S2
S1
Pivot Points
R1
R2
R3
Classic
0.8542
0.8544
0.8549
0.8552
0.8557
0.8560
0.8564
Fibonacci
0.8544
0.8547
0.8549
0.8552
0.8555
0.8557
0.8560
Camarilla
0.8553
0.8554
0.8554
0.8552
0.8556
0.8556
0.8557
Woodie's
0.8544
0.8545
0.8551
0.8553
0.8559
0.8561
0.8566
DeMark's
-
-
0.8551
0.8553
0.8559
-
-","Technical IndicatorsJun 17, 2021 09:50PM GMT
Name
Value
Action
RSI(14)
37.482
Sell
STOCH(9,6)
39.259
Sell
STOCHRSI(14)
69.512
Buy
MACD(12,26)
-0.001
Sell
ADX(14)
42.380
Sell
Williams %R
-66.667
Sell
CCI(14)
-66.5701
Sell
ATR(14)
0.0010
Less Volatility
Highs/Lows(14)
0.0000
Neutral
Ultimate Oscillator
52.653
Buy
ROC
-0.035
Sell
Bull/Bear Power(13)
-0.0015
Sell
Buy: 2
Sell: 8
Neutral: 1


Summary:Strong Sell","Jun 17, 2021 09:50PM GMT"
usd_cad,1.2356 -0.0005    -0.04%,17:51:42,2021-06-17 21:52:10.232788,"Prev. Close: 1.2361
Bid/Ask: 1.2355 / 1.2357
Day's Range: 1.2351 - 1.2368",Strong Buy,"Summary:Strong Buy
Moving Averages:Strong BuyBuy (11)Sell (1)
Technical Indicators:Strong BuyBuy (10)Sell (1)","Name
S3
S2
S1
Pivot Points
R1
R2
R3
Classic
1.2342
1.2346
1.2353
1.2357
1.2364
1.2368
1.2375
Fibonacci
1.2346
1.2350
1.2353
1.2357
1.2361
1.2364
1.2368
Camarilla
1.2358
1.2359
1.2360
1.2357
1.2362
1.2363
1.2364
Woodie's
1.2344
1.2347
1.2355
1.2358
1.2366
1.2369
1.2377
DeMark's
-
-
1.2356
1.2358
1.2366
-
-","Technical IndicatorsJun 17, 2021 09:51PM GMT
Name
Value
Action
RSI(14)
69.979
Buy
STOCH(9,6)
74.579
Buy
STOCHRSI(14)
29.386
Sell
MACD(12,26)
0.003
Buy
ADX(14)
45.997
Buy
Williams %R
-24.572
Buy
CCI(14)
109.6971
Buy
ATR(14)
0.0024
Less Volatility
Highs/Lows(14)
0.0007
Buy
Ultimate Oscillator
69.665
Buy
ROC
0.443
Buy
Bull/Bear Power(13)
0.0039
Buy
Buy: 10
Sell: 1
Neutral: 0


Summary:Strong Buy","Jun 17, 2021 09:51PM GMT"
usd_chf,0.9175 +0.0001    +0.02%,17:51:42,2021-06-17 21:52:10.235691,"Prev. Close: 0.9173
Bid/Ask: 0.9170 / 0.9179
Day's Range: 0.9169 - 0.9183",Strong Buy,"Summary:Strong Buy
Moving Averages:BuyBuy (10)Sell (2)
Technical Indicators:Strong BuyBuy (10)Sell (0)","Name
S3
S2
S1
Pivot Points
R1
R2
R3
Classic
0.9166
0.9170
0.9173
0.9177
0.9180
0.9184
0.9187
Fibonacci
0.9170
0.9173
0.9174
0.9177
0.9180
0.9181
0.9184
Camarilla
0.9173
0.9174
0.9174
0.9177
0.9176
0.9176
0.9177
Woodie's
0.9164
0.9169
0.9171
0.9176
0.9178
0.9183
0.9185
DeMark's
-
-
0.9171
0.9176
0.9178
-
-","Technical IndicatorsJun 17, 2021 09:50PM GMT
Name
Value
Action
RSI(14)
71.009
Buy
STOCH(9,6)
77.932
Buy
STOCHRSI(14)
0.000
Oversold
MACD(12,26)
0.003
Buy
ADX(14)
41.373
Buy
Williams %R
-26.429
Buy
CCI(14)
79.8953
Buy
ATR(14)
0.0016
High Volatility
Highs/Lows(14)
0.0001
Buy
Ultimate Oscillator
61.489
Buy
ROC
0.532
Buy
Bull/Bear Power(13)
0.0031
Buy
Buy: 10
Sell: 0
Neutral: 0


Summary:Strong Buy","Jun 17, 2021 09:50PM GMT"
nzd_chf,0.6429 +0.0010    +0.16%,17:51:42,2021-06-17 21:52:10.238571,"Prev. Close: 0.6419
Bid/Ask: 0.6425 / 0.6433
Day's Range: 0.6422 - 0.6434",Neutral,"Summary:Neutral
Moving Averages:NeutralBuy (6)Sell (6)
Technical Indicators:SellBuy (2)Sell (5)","Name
S3
S2
S1
Pivot Points
R1
R2
R3
Classic
0.6411
0.6417
0.6420
0.6426
0.6429
0.6435
0.6438
Fibonacci
0.6417
0.6420
0.6423
0.6426
0.6429
0.6432
0.6435
Camarilla
0.6421
0.6421
0.6422
0.6426
0.6424
0.6425
0.6425
Woodie's
0.6409
0.6416
0.6418
0.6425
0.6427
0.6434
0.6436
DeMark's
-
-
0.6419
0.6425
0.6427
-
-","Technical IndicatorsJun 17, 2021 09:50PM GMT
Name
Value
Action
RSI(14)
49.483
Neutral
STOCH(9,6)
56.332
Buy
STOCHRSI(14)
39.471
Sell
MACD(12,26)
0.000
Buy
ADX(14)
29.230
Neutral
Williams %R
-60.216
Sell
CCI(14)
-9.1612
Neutral
ATR(14)
0.0012
Less Volatility
Highs/Lows(14)
0.0000
Neutral
Ultimate Oscillator
37.944
Sell
ROC
-0.310
Sell
Bull/Bear Power(13)
-0.0004
Sell
Buy: 2
Sell: 5
Neutral: 4


Summary:Sell","Jun 17, 2021 09:50PM GMT"
usd_cny,6.4484 +0.0515    +0.80%,11:27:22,2021-06-17 21:52:10.241447,"Prev. Close: 6.3969
Bid/Ask: 6.4477 / 6.4490
Day's Range: 6.3972 - 6.4494",Strong Buy,"Summary:Strong Buy
Moving Averages:BuyBuy (12)Sell (0)
Technical Indicators:Strong BuyBuy (7)Sell (0)","Name
S3
S2
S1
Pivot Points
R1
R2
R3
Classic
6.4380
6.4399
6.4436
6.4455
6.4492
6.4511
6.4548
Fibonacci
6.4399
6.4420
6.4434
6.4455
6.4476
6.4490
6.4511
Camarilla
6.4458
6.4463
6.4468
6.4455
6.4479
6.4484
6.4489
Woodie's
6.4390
6.4404
6.4446
6.4460
6.4502
6.4516
6.4558
DeMark's
-
-
6.4446
6.4460
6.4502
-
-","Technical IndicatorsJun 17, 2021 03:34PM GMT
Name
Value
Action
RSI(14)
85.433
Overbought
STOCH(9,6)
77.649
Buy
STOCHRSI(14)
100.000
Overbought
MACD(12,26)
0.011
Buy
ADX(14)
61.337
Buy
Williams %R
-3.426
Overbought
CCI(14)
151.8010
Buy
ATR(14)
0.0041
Less Volatility
Highs/Lows(14)
0.0141
Buy
Ultimate Oscillator
82.973
Overbought
ROC
0.391
Buy
Bull/Bear Power(13)
0.0286
Buy
Buy: 7
Sell: 0
Neutral: 0


Summary:Strong Buy","Jun 17, 2021 03:34PM GMT"
usd_hkd,7.7646 +0.0002    +0.00%,17:51:29,2021-06-17 21:52:10.244327,"Prev. Close: 7.7644
Bid/Ask: 7.7643 / 7.7649
Day's Range: 7.7644 - 7.7650",Strong Buy,"Summary:Strong Buy
Moving Averages:Strong BuyBuy (11)Sell (1)
Technical Indicators:Strong BuyBuy (6)Sell (2)","Name
S3
S2
S1
Pivot Points
R1
R2
R3
Classic
7.7632
7.7636
7.7641
7.7645
7.7649
7.7654
7.7658
Fibonacci
7.7636
7.7639
7.7642
7.7645
7.7648
7.7651
7.7654
Camarilla
7.7642
7.7643
7.7644
7.7645
7.7645
7.7646
7.7647
Woodie's
7.7632
7.7636
7.7641
7.7645
7.7649
7.7654
7.7658
DeMark's
-
-
7.7638
7.7644
7.7647
-
-","Technical IndicatorsJun 17, 2021 09:51PM GMT
Name
Value
Action
RSI(14)
55.342
Buy
STOCH(9,6)
55.803
Buy
STOCHRSI(14)
34.429
Sell
MACD(12,26)
0.000
Buy
ADX(14)
33.915
Sell
Williams %R
-47.378
Neutral
CCI(14)
29.6190
Neutral
ATR(14)
0.0009
Less Volatility
Highs/Lows(14)
0.0000
Neutral
Ultimate Oscillator
54.009
Buy
ROC
0.001
Buy
Bull/Bear Power(13)
0.0013
Buy
Buy: 6
Sell: 2
Neutral: 3


Summary:Strong Buy","Jun 17, 2021 09:51PM GMT"
eur_usd,1.1908 +0.0002    +0.02%,17:52:37,2021-06-17 21:53:10.467167,"Prev. Close: 1.1906
Bid/Ask: 1.1907 / 1.1909
Day's Range: 1.1906 - 1.1909",Strong Sell,"Summary:Strong Sell
Moving Averages:Strong SellBuy (0)Sell (12)
Technical Indicators:Strong SellBuy (0)Sell (10)","Name
S3
S2
S1
Pivot Points
R1
R2
R3
Classic
1.1893
1.1897
1.1902
1.1906
1.1911
1.1915
1.1921
Fibonacci
1.1897
1.1900
1.1902
1.1906
1.1910
1.1912
1.1915
Camarilla
1.1905
1.1906
1.1907
1.1906
1.1908
1.1909
1.1910
Woodie's
1.1893
1.1897
1.1902
1.1906
1.1911
1.1915
1.1921
DeMark's
-
-
1.1904
1.1907
1.1913
-
-","Technical IndicatorsJun 17, 2021 09:52PM GMT
Name
Value
Action
RSI(14)
28.899
Sell
STOCH(9,6)
24.270
Sell
STOCHRSI(14)
100.000
Overbought
MACD(12,26)
-0.004
Sell
ADX(14)
42.257
Sell
Williams %R
-76.553
Sell
CCI(14)
-89.2899
Sell
ATR(14)
0.0018
Less Volatility
Highs/Lows(14)
-0.0007
Sell
Ultimate Oscillator
34.493
Sell
ROC
-0.385
Sell
Bull/Bear Power(13)
-0.0025
Sell
Buy: 0
Sell: 10
Neutral: 0


Summary:Strong Sell","Jun 17, 2021 09:52PM GMT"
gbp_usd,1.3922 +0.0003    +0.02%,17:52:48,2021-06-17 21:53:10.471081,"Prev. Close: 1.3919
Bid/Ask: 1.3920 / 1.3923
Day's Range: 1.3915 - 1.3931",Strong Sell,"Summary:Strong Sell
Moving Averages:SellBuy (2)Sell (10)
Technical Indicators:Strong SellBuy (0)Sell (10)","Name
S3
S2
S1
Pivot Points
R1
R2
R3
Classic
1.3912
1.3916
1.3921
1.3925
1.3930
1.3934
1.3940
Fibonacci
1.3916
1.3919
1.3922
1.3925
1.3928
1.3931
1.3934
Camarilla
1.3924
1.3925
1.3926
1.3925
1.3927
1.3928
1.3929
Woodie's
1.3912
1.3916
1.3921
1.3925
1.3930
1.3934
1.3940
DeMark's
-
-
1.3923
1.3926
1.3932
-
-","Technical IndicatorsJun 17, 2021 09:52PM GMT
Name
Value
Action
RSI(14)
36.175
Sell
STOCH(9,6)
31.992
Sell
STOCHRSI(14)
95.896
Overbought
MACD(12,26)
-0.003
Sell
ADX(14)
39.151
Sell
Williams %R
-71.717
Sell
CCI(14)
-68.6803
Sell
ATR(14)
0.0025
High Volatility
Highs/Lows(14)
-0.0003
Sell
Ultimate Oscillator
35.302
Sell
ROC
-0.365
Sell
Bull/Bear Power(13)
-0.0035
Sell
Buy: 0
Sell: 10
Neutral: 0


Summary:Strong Sell","Jun 17, 2021 09:52PM GMT"
usd_jpy,110.26 +0.06    +0.05%,17:52:35,2021-06-17 21:53:10.474239,"Prev. Close: 110.20
Bid/Ask: 110.24 / 110.27
Day's Range: 110.17 - 110.83",Strong Sell,"Summary:Strong Sell
Moving Averages:SellBuy (5)Sell (7)
Technical Indicators:Strong SellBuy (0)Sell (8)","Name
S3
S2
S1
Pivot Points
R1
R2
R3
Classic
110.11
110.16
110.19
110.24
110.27
110.32
110.34
Fibonacci
110.16
110.19
110.21
110.24
110.27
110.29
110.32
Camarilla
110.19
110.20
110.21
110.24
110.22
110.23
110.24
Woodie's
110.09
110.15
110.17
110.23
110.25
110.31
110.32
DeMark's
-
-
110.17
110.23
110.25
-
-","Technical IndicatorsJun 17, 2021 09:52PM GMT
Name
Value
Action
RSI(14)
42.082
Sell
STOCH(9,6)
16.031
Oversold
STOCHRSI(14)
13.910
Oversold
MACD(12,26)
-0.030
Sell
ADX(14)
33.370
Sell
Williams %R
-86.554
Oversold
CCI(14)
-76.3291
Sell
ATR(14)
0.1239
Less Volatility
Highs/Lows(14)
-0.1071
Sell
Ultimate Oscillator
48.716
Sell
ROC
-0.298
Sell
Bull/Bear Power(13)
-0.2600
Sell
Buy: 0
Sell: 8
Neutral: 0


Summary:Strong Sell","Jun 17, 2021 09:52PM GMT"
aud_usd,0.7555 +0.0005    +0.07%,17:52:55,2021-06-17 21:53:10.477241,"Prev. Close: 0.7550
Bid/Ask: 0.7554 / 0.7556
Day's Range: 0.7547 - 0.7557",Strong Sell,"Summary:Strong Sell
Moving Averages:SellBuy (2)Sell (10)
Technical Indicators:Strong SellBuy (0)Sell (8)","Name
S3
S2
S1
Pivot Points
R1
R2
R3
Classic
0.7541
0.7544
0.7548
0.7551
0.7555
0.7558
0.7562
Fibonacci
0.7544
0.7547
0.7548
0.7551
0.7554
0.7555
0.7558
Camarilla
0.7549
0.7550
0.7550
0.7551
0.7552
0.7552
0.7553
Woodie's
0.7541
0.7544
0.7548
0.7551
0.7555
0.7558
0.7562
DeMark's
-
-
0.7549
0.7551
0.7556
-
-","Technical IndicatorsJun 17, 2021 09:51PM GMT
Name
Value
Action
RSI(14)
30.726
Sell
STOCH(9,6)
19.877
Oversold
STOCHRSI(14)
100.000
Overbought
MACD(12,26)
-0.003
Sell
ADX(14)
52.645
Sell
Williams %R
-82.036
Oversold
CCI(14)
-80.7654
Sell
ATR(14)
0.0017
Less Volatility
Highs/Lows(14)
-0.0005
Sell
Ultimate Oscillator
34.652
Sell
ROC
-0.788
Sell
Bull/Bear Power(13)
-0.0017
Sell
Buy: 0
Sell: 8
Neutral: 0


Summary:Strong Sell","Jun 17, 2021 09:51PM GMT"
eur_gbp,0.8553 +0.0001    +0.02%,17:52:52,2021-06-17 21:53:10.480203,"Prev. Close: 0.8551
Bid/Ask: 0.8550 / 0.8555
Day's Range: 0.8549 - 0.8557",Strong Sell,"Summary:Strong Sell
Moving Averages:Strong SellBuy (0)Sell (12)
Technical Indicators:Strong SellBuy (2)Sell (8)","Name
S3
S2
S1
Pivot Points
R1
R2
R3
Classic
0.8542
0.8544
0.8549
0.8552
0.8557
0.8560
0.8564
Fibonacci
0.8544
0.8547
0.8549
0.8552
0.8555
0.8557
0.8560
Camarilla
0.8553
0.8554
0.8554
0.8552
0.8556
0.8556
0.8557
Woodie's
0.8544
0.8545
0.8551
0.8553
0.8559
0.8561
0.8566
DeMark's
-
-
0.8551
0.8553
0.8559
-
-","Technical IndicatorsJun 17, 2021 09:52PM GMT
Name
Value
Action
RSI(14)
37.820
Sell
STOCH(9,6)
39.568
Sell
STOCHRSI(14)
70.979
Buy
MACD(12,26)
-0.001
Sell
ADX(14)
42.380
Sell
Williams %R
-65.000
Sell
CCI(14)
-63.6456
Sell
ATR(14)
0.0010
Less Volatility
Highs/Lows(14)
0.0000
Neutral
Ultimate Oscillator
53.314
Buy
ROC
-0.029
Sell
Bull/Bear Power(13)
-0.0015
Sell
Buy: 2
Sell: 8
Neutral: 1


Summary:Strong Sell","Jun 17, 2021 09:52PM GMT"
usd_cad,1.2357 -0.0004    -0.04%,17:52:50,2021-06-17 21:53:10.483179,"Prev. Close: 1.2361
Bid/Ask: 1.2354 / 1.2359
Day's Range: 1.2351 - 1.2368",Strong Buy,"Summary:Strong Buy
Moving Averages:Strong BuyBuy (11)Sell (1)
Technical Indicators:Strong BuyBuy (10)Sell (1)","Name
S3
S2
S1
Pivot Points
R1
R2
R3
Classic
1.2342
1.2346
1.2353
1.2357
1.2364
1.2368
1.2375
Fibonacci
1.2346
1.2350
1.2353
1.2357
1.2361
1.2364
1.2368
Camarilla
1.2358
1.2359
1.2360
1.2357
1.2362
1.2363
1.2364
Woodie's
1.2344
1.2347
1.2355
1.2358
1.2366
1.2369
1.2377
DeMark's
-
-
1.2356
1.2358
1.2366
-
-","Technical IndicatorsJun 17, 2021 09:51PM GMT
Name
Value
Action
RSI(14)
69.979
Buy
STOCH(9,6)
74.579
Buy
STOCHRSI(14)
29.386
Sell
MACD(12,26)
0.003
Buy
ADX(14)
45.997
Buy
Williams %R
-24.572
Buy
CCI(14)
109.6971
Buy
ATR(14)
0.0024
Less Volatility
Highs/Lows(14)
0.0007
Buy
Ultimate Oscillator
69.665
Buy
ROC
0.443
Buy
Bull/Bear Power(13)
0.0039
Buy
Buy: 10
Sell: 1
Neutral: 0


Summary:Strong Buy","Jun 17, 2021 09:51PM GMT"
usd_chf,0.9170 -0.0003    -0.04%,17:52:26,2021-06-17 21:53:10.486099,"Prev. Close: 0.9173
Bid/Ask: 0.9169 / 0.9170
Day's Range: 0.9169 - 0.9183",Strong Buy,"Summary:Strong Buy
Moving Averages:Strong BuyBuy (11)Sell (1)
Technical Indicators:Strong BuyBuy (10)Sell (0)","Name
S3
S2
S1
Pivot Points
R1
R2
R3
Classic
0.9166
0.9170
0.9173
0.9177
0.9180
0.9184
0.9187
Fibonacci
0.9170
0.9173
0.9174
0.9177
0.9180
0.9181
0.9184
Camarilla
0.9173
0.9174
0.9174
0.9177
0.9176
0.9176
0.9177
Woodie's
0.9164
0.9169
0.9171
0.9176
0.9178
0.9183
0.9185
DeMark's
-
-
0.9171
0.9176
0.9178
-
-","Technical IndicatorsJun 17, 2021 09:52PM GMT
Name
Value
Action
RSI(14)
74.001
Buy
STOCH(9,6)
79.321
Buy
STOCHRSI(14)
0.000
Oversold
MACD(12,26)
0.003
Buy
ADX(14)
41.373
Buy
Williams %R
-20.000
Buy
CCI(14)
86.4717
Buy
ATR(14)
0.0016
High Volatility
Highs/Lows(14)
0.0006
Buy
Ultimate Oscillator
64.782
Buy
ROC
0.581
Buy
Bull/Bear Power(13)
0.0031
Buy
Buy: 10
Sell: 0
Neutral: 0


Summary:Strong Buy","Jun 17, 2021 09:52PM GMT"
nzd_chf,0.6425 +0.0006    +0.09%,17:52:51,2021-06-17 21:53:10.489031,"Prev. Close: 0.6419
Bid/Ask: 0.6420 / 0.6429
Day's Range: 0.6422 - 0.6434",Neutral,"Summary:Neutral
Moving Averages:BuyBuy (9)Sell (3)
Technical Indicators:SellBuy (2)Sell (3)","Name
S3
S2
S1
Pivot Points
R1
R2
R3
Classic
0.6411
0.6417
0.6420
0.6426
0.6429
0.6435
0.6438
Fibonacci
0.6417
0.6420
0.6423
0.6426
0.6429
0.6432
0.6435
Camarilla
0.6421
0.6421
0.6422
0.6426
0.6424
0.6425
0.6425
Woodie's
0.6409
0.6416
0.6418
0.6425
0.6427
0.6434
0.6436
DeMark's
-
-
0.6419
0.6425
0.6427
-
-","Technical IndicatorsJun 17, 2021 09:52PM GMT
Name
Value
Action
RSI(14)
51.801
Neutral
STOCH(9,6)
58.118
Buy
STOCHRSI(14)
48.356
Neutral
MACD(12,26)
0.000
Buy
ADX(14)
29.230
Neutral
Williams %R
-53.763
Neutral
CCI(14)
1.3926
Neutral
ATR(14)
0.0012
Less Volatility
Highs/Lows(14)
0.0000
Neutral
Ultimate Oscillator
41.243
Sell
ROC
-0.264
Sell
Bull/Bear Power(13)
-0.0004
Sell
Buy: 2
Sell: 3
Neutral: 6


Summary:Sell","Jun 17, 2021 09:52PM GMT"
usd_cny,6.4484 +0.0515    +0.80%,11:27:22,2021-06-17 21:53:10.491958,"Prev. Close: 6.3969
Bid/Ask: 6.4477 / 6.4490
Day's Range: 6.3972 - 6.4494",Strong Buy,"Summary:Strong Buy
Moving Averages:BuyBuy (12)Sell (0)
Technical Indicators:Strong BuyBuy (7)Sell (0)","Name
S3
S2
S1
Pivot Points
R1
R2
R3
Classic
6.4380
6.4399
6.4436
6.4455
6.4492
6.4511
6.4548
Fibonacci
6.4399
6.4420
6.4434
6.4455
6.4476
6.4490
6.4511
Camarilla
6.4458
6.4463
6.4468
6.4455
6.4479
6.4484
6.4489
Woodie's
6.4390
6.4404
6.4446
6.4460
6.4502
6.4516
6.4558
DeMark's
-
-
6.4446
6.4460
6.4502
-
-","Technical IndicatorsJun 17, 2021 03:34PM GMT
Name
Value
Action
RSI(14)
85.433
Overbought
STOCH(9,6)
77.649
Buy
STOCHRSI(14)
100.000
Overbought
MACD(12,26)
0.011
Buy
ADX(14)
61.337
Buy
Williams %R
-3.426
Overbought
CCI(14)
151.8010
Buy
ATR(14)
0.0041
Less Volatility
Highs/Lows(14)
0.0141
Buy
Ultimate Oscillator
82.973
Overbought
ROC
0.391
Buy
Bull/Bear Power(13)
0.0286
Buy
Buy: 7
Sell: 0
Neutral: 0


Summary:Strong Buy","Jun 17, 2021 03:34PM GMT"
usd_hkd,7.7646 +0.0002    +0.00%,17:52:29,2021-06-17 21:53:10.494883,"Prev. Close: 7.7644
Bid/Ask: 7.7643 / 7.7649
Day's Range: 7.7644 - 7.7650",Buy,"Summary:Buy
Moving Averages:BuyBuy (10)Sell (2)
Technical Indicators:BUYBuy (4)Sell (2)","Name
S3
S2
S1
Pivot Points
R1
R2
R3
Classic
7.7632
7.7636
7.7641
7.7645
7.7649
7.7654
7.7658
Fibonacci
7.7636
7.7639
7.7642
7.7645
7.7648
7.7651
7.7654
Camarilla
7.7642
7.7643
7.7644
7.7645
7.7645
7.7646
7.7647
Woodie's
7.7632
7.7636
7.7641
7.7645
7.7649
7.7654
7.7658
DeMark's
-
-
7.7638
7.7644
7.7647
-
-","Technical IndicatorsJun 17, 2021 09:53PM GMT
Name
Value
Action
RSI(14)
54.946
Neutral
STOCH(9,6)
55.161
Buy
STOCHRSI(14)
31.762
Sell
MACD(12,26)
0.000
Buy
ADX(14)
33.915
Sell
Williams %R
-50.013
Neutral
CCI(14)
25.3616
Neutral
ATR(14)
0.0009
Less Volatility
Highs/Lows(14)
0.0000
Neutral
Ultimate Oscillator
53.242
Buy
ROC
0.000
Neutral
Bull/Bear Power(13)
0.0013
Buy
Buy: 4
Sell: 2
Neutral: 5


Summary:BUY","Jun 17, 2021 09:53PM GMT"
eur_usd,1.1908 +0.0002    +0.02%,17:53:37,2021-06-17 21:54:10.042530,"Prev. Close: 1.1906
Bid/Ask: 1.1907 / 1.1909
Day's Range: 1.1906 - 1.1909",Strong Sell,"Summary:Strong Sell
Moving Averages:Strong SellBuy (0)Sell (12)
Technical Indicators:Strong SellBuy (0)Sell (10)","Name
S3
S2
S1
Pivot Points
R1
R2
R3
Classic
1.1893
1.1897
1.1902
1.1906
1.1911
1.1915
1.1921
Fibonacci
1.1897
1.1900
1.1902
1.1906
1.1910
1.1912
1.1915
Camarilla
1.1905
1.1906
1.1907
1.1906
1.1908
1.1909
1.1910
Woodie's
1.1893
1.1897
1.1902
1.1906
1.1911
1.1915
1.1921
DeMark's
-
-
1.1904
1.1907
1.1913
-
-","Technical IndicatorsJun 17, 2021 09:52PM GMT
Name
Value
Action
RSI(14)
28.899
Sell
STOCH(9,6)
24.270
Sell
STOCHRSI(14)
100.000
Overbought
MACD(12,26)
-0.004
Sell
ADX(14)
42.257
Sell
Williams %R
-76.553
Sell
CCI(14)
-89.2899
Sell
ATR(14)
0.0018
Less Volatility
Highs/Lows(14)
-0.0007
Sell
Ultimate Oscillator
34.493
Sell
ROC
-0.385
Sell
Bull/Bear Power(13)
-0.0025
Sell
Buy: 0
Sell: 10
Neutral: 0


Summary:Strong Sell","Jun 17, 2021 09:52PM GMT"
gbp_usd,1.3922 +0.0003    +0.02%,17:53:32,2021-06-17 21:54:10.046508,"Prev. Close: 1.3919
Bid/Ask: 1.3920 / 1.3924
Day's Range: 1.3915 - 1.3931",Strong Sell,"Summary:Strong Sell
Moving Averages:SellBuy (2)Sell (10)
Technical Indicators:Strong SellBuy (0)Sell (10)","Name
S3
S2
S1
Pivot Points
R1
R2
R3
Classic
1.3912
1.3916
1.3921
1.3925
1.3930
1.3934
1.3940
Fibonacci
1.3916
1.3919
1.3922
1.3925
1.3928
1.3931
1.3934
Camarilla
1.3924
1.3925
1.3926
1.3925
1.3927
1.3928
1.3929
Woodie's
1.3912
1.3916
1.3921
1.3925
1.3930
1.3934
1.3940
DeMark's
-
-
1.3923
1.3926
1.3932
-
-","Technical IndicatorsJun 17, 2021 09:52PM GMT
Name
Value
Action
RSI(14)
36.175
Sell
STOCH(9,6)
31.992
Sell
STOCHRSI(14)
95.896
Overbought
MACD(12,26)
-0.003
Sell
ADX(14)
39.151
Sell
Williams %R
-71.717
Sell
CCI(14)
-68.6803
Sell
ATR(14)
0.0025
High Volatility
Highs/Lows(14)
-0.0003
Sell
Ultimate Oscillator
35.302
Sell
ROC
-0.365
Sell
Bull/Bear Power(13)
-0.0035
Sell
Buy: 0
Sell: 10
Neutral: 0


Summary:Strong Sell","Jun 17, 2021 09:52PM GMT"
usd_jpy,110.26 +0.06    +0.05%,17:53:40,2021-06-17 21:54:10.049771,"Prev. Close: 110.20
Bid/Ask: 110.24 / 110.28
Day's Range: 110.17 - 110.83",Strong Sell,"Summary:Strong Sell
Moving Averages:SellBuy (5)Sell (7)
Technical Indicators:Strong SellBuy (0)Sell (8)","Name
S3
S2
S1
Pivot Points
R1
R2
R3
Classic
110.11
110.16
110.19
110.24
110.27
110.32
110.34
Fibonacci
110.16
110.19
110.21
110.24
110.27
110.29
110.32
Camarilla
110.19
110.20
110.21
110.24
110.22
110.23
110.24
Woodie's
110.09
110.15
110.17
110.23
110.25
110.31
110.32
DeMark's
-
-
110.17
110.23
110.25
-
-","Technical IndicatorsJun 17, 2021 09:53PM GMT
Name
Value
Action
RSI(14)
42.082
Sell
STOCH(9,6)
16.031
Oversold
STOCHRSI(14)
13.910
Oversold
MACD(12,26)
-0.030
Sell
ADX(14)
33.370
Sell
Williams %R
-86.554
Oversold
CCI(14)
-76.3291
Sell
ATR(14)
0.1239
Less Volatility
Highs/Lows(14)
-0.1071
Sell
Ultimate Oscillator
48.716
Sell
ROC
-0.298
Sell
Bull/Bear Power(13)
-0.2600
Sell
Buy: 0
Sell: 8
Neutral: 0


Summary:Strong Sell","Jun 17, 2021 09:53PM GMT"
aud_usd,0.7554 +0.0004    +0.05%,17:53:32,2021-06-17 21:54:10.052830,"Prev. Close: 0.7550
Bid/Ask: 0.7553 / 0.7555
Day's Range: 0.7547 - 0.7557",Strong Sell,"Summary:Strong Sell
Moving Averages:SellBuy (2)Sell (10)
Technical Indicators:Strong SellBuy (0)Sell (8)","Name
S3
S2
S1
Pivot Points
R1
R2
R3
Classic
0.7541
0.7544
0.7548
0.7551
0.7555
0.7558
0.7562
Fibonacci
0.7544
0.7547
0.7548
0.7551
0.7554
0.7555
0.7558
Camarilla
0.7549
0.7550
0.7550
0.7551
0.7552
0.7552
0.7553
Woodie's
0.7541
0.7544
0.7548
0.7551
0.7555
0.7558
0.7562
DeMark's
-
-
0.7549
0.7551
0.7556
-
-","Technical IndicatorsJun 17, 2021 09:53PM GMT
Name
Value
Action
RSI(14)
30.391
Sell
STOCH(9,6)
19.718
Oversold
STOCHRSI(14)
100.000
Overbought
MACD(12,26)
-0.003
Sell
ADX(14)
52.645
Sell
Williams %R
-82.635
Oversold
CCI(14)
-81.4392
Sell
ATR(14)
0.0017
Less Volatility
Highs/Lows(14)
-0.0005
Sell
Ultimate Oscillator
34.264
Sell
ROC
-0.795
Sell
Bull/Bear Power(13)
-0.0017
Sell
Buy: 0
Sell: 8
Neutral: 0


Summary:Strong Sell","Jun 17, 2021 09:53PM GMT"
eur_gbp,0.8554 +0.0003    +0.04%,17:53:43,2021-06-17 21:54:10.055829,"Prev. Close: 0.8551
Bid/Ask: 0.8551 / 0.8557
Day's Range: 0.8549 - 0.8557",Strong Sell,"Summary:Strong Sell
Moving Averages:Strong SellBuy (0)Sell (12)
Technical Indicators:Strong SellBuy (2)Sell (8)","Name
S3
S2
S1
Pivot Points
R1
R2
R3
Classic
0.8542
0.8544
0.8549
0.8552
0.8557
0.8560
0.8564
Fibonacci
0.8544
0.8547
0.8549
0.8552
0.8555
0.8557
0.8560
Camarilla
0.8553
0.8554
0.8554
0.8552
0.8556
0.8556
0.8557
Woodie's
0.8544
0.8545
0.8551
0.8553
0.8559
0.8561
0.8566
DeMark's
-
-
0.8551
0.8553
0.8559
-
-","Technical IndicatorsJun 17, 2021 09:52PM GMT
Name
Value
Action
RSI(14)
37.820
Sell
STOCH(9,6)
39.568
Sell
STOCHRSI(14)
70.979
Buy
MACD(12,26)
-0.001
Sell
ADX(14)
42.380
Sell
Williams %R
-65.000
Sell
CCI(14)
-63.6456
Sell
ATR(14)
0.0010
Less Volatility
Highs/Lows(14)
0.0000
Neutral
Ultimate Oscillator
53.314
Buy
ROC
-0.029
Sell
Bull/Bear Power(13)
-0.0015
Sell
Buy: 2
Sell: 8
Neutral: 1


Summary:Strong Sell","Jun 17, 2021 09:52PM GMT"
usd_cad,1.2357 -0.0004    -0.04%,17:53:37,2021-06-17 21:54:10.059002,"Prev. Close: 1.2361
Bid/Ask: 1.2353 / 1.2360
Day's Range: 1.2351 - 1.2368",Strong Buy,"Summary:Strong Buy
Moving Averages:Strong BuyBuy (11)Sell (1)
Technical Indicators:Strong BuyBuy (10)Sell (1)","Name
S3
S2
S1
Pivot Points
R1
R2
R3
Classic
1.2342
1.2346
1.2353
1.2357
1.2364
1.2368
1.2375
Fibonacci
1.2346
1.2350
1.2353
1.2357
1.2361
1.2364
1.2368
Camarilla
1.2358
1.2359
1.2360
1.2357
1.2362
1.2363
1.2364
Woodie's
1.2344
1.2347
1.2355
1.2358
1.2366
1.2369
1.2377
DeMark's
-
-
1.2356
1.2358
1.2366
-
-","Technical IndicatorsJun 17, 2021 09:53PM GMT
Name
Value
Action
RSI(14)
69.435
Buy
STOCH(9,6)
74.377
Buy
STOCHRSI(14)
25.283
Sell
MACD(12,26)
0.003
Buy
ADX(14)
45.997
Buy
Williams %R
-25.715
Buy
CCI(14)
108.3726
Buy
ATR(14)
0.0024
Less Volatility
Highs/Lows(14)
0.0006
Buy
Ultimate Oscillator
69.180
Buy
ROC
0.435
Buy
Bull/Bear Power(13)
0.0039
Buy
Buy: 10
Sell: 1
Neutral: 0


Summary:Strong Buy","Jun 17, 2021 09:53PM GMT"
usd_chf,0.9175 +0.0001    +0.02%,17:53:42,2021-06-17 21:54:10.061961,"Prev. Close: 0.9173
Bid/Ask: 0.9170 / 0.9179
Day's Range: 0.9169 - 0.9183",Strong Buy,"Summary:Strong Buy
Moving Averages:Strong BuyBuy (11)Sell (1)
Technical Indicators:Strong BuyBuy (10)Sell (0)","Name
S3
S2
S1
Pivot Points
R1
R2
R3
Classic
0.9166
0.9170
0.9173
0.9177
0.9180
0.9184
0.9187
Fibonacci
0.9170
0.9173
0.9174
0.9177
0.9180
0.9181
0.9184
Camarilla
0.9173
0.9174
0.9174
0.9177
0.9176
0.9176
0.9177
Woodie's
0.9164
0.9169
0.9171
0.9176
0.9178
0.9183
0.9185
DeMark's
-
-
0.9171
0.9176
0.9178
-
-","Technical IndicatorsJun 17, 2021 09:52PM GMT
Name
Value
Action
RSI(14)
74.001
Buy
STOCH(9,6)
79.321
Buy
STOCHRSI(14)
0.000
Oversold
MACD(12,26)
0.003
Buy
ADX(14)
41.373
Buy
Williams %R
-20.000
Buy
CCI(14)
86.4717
Buy
ATR(14)
0.0016
High Volatility
Highs/Lows(14)
0.0006
Buy
Ultimate Oscillator
64.782
Buy
ROC
0.581
Buy
Bull/Bear Power(13)
0.0031
Buy
Buy: 10
Sell: 0
Neutral: 0


Summary:Strong Buy","Jun 17, 2021 09:52PM GMT"
nzd_chf,0.6422 +0.0003    +0.05%,17:53:36,2021-06-17 21:54:10.064939,"Prev. Close: 0.6419
Bid/Ask: 0.6419 / 0.6425
Day's Range: 0.6422 - 0.6434",Neutral,"Summary:Neutral
Moving Averages:NeutralBuy (6)Sell (6)
Technical Indicators:SellBuy (2)Sell (5)","Name
S3
S2
S1
Pivot Points
R1
R2
R3
Classic
0.6411
0.6417
0.6420
0.6426
0.6429
0.6435
0.6438
Fibonacci
0.6417
0.6420
0.6423
0.6426
0.6429
0.6432
0.6435
Camarilla
0.6421
0.6421
0.6422
0.6426
0.6424
0.6425
0.6425
Woodie's
0.6409
0.6416
0.6418
0.6425
0.6427
0.6434
0.6436
DeMark's
-
-
0.6419
0.6425
0.6427
-
-","Technical IndicatorsJun 17, 2021 09:53PM GMT
Name
Value
Action
RSI(14)
49.483
Neutral
STOCH(9,6)
56.332
Buy
STOCHRSI(14)
39.471
Sell
MACD(12,26)
0.000
Buy
ADX(14)
29.300
Neutral
Williams %R
-60.216
Sell
CCI(14)
-10.8978
Neutral
ATR(14)
0.0012
Less Volatility
Highs/Lows(14)
0.0000
Neutral
Ultimate Oscillator
38.284
Sell
ROC
-0.310
Sell
Bull/Bear Power(13)
-0.0005
Sell
Buy: 2
Sell: 5
Neutral: 4


Summary:Sell","Jun 17, 2021 09:53PM GMT"
usd_cny,6.4484 +0.0515    +0.80%,11:27:22,2021-06-17 21:54:10.067905,"Prev. Close: 6.3969
Bid/Ask: 6.4477 / 6.4490
Day's Range: 6.3972 - 6.4494",Strong Buy,"Summary:Strong Buy
Moving Averages:BuyBuy (12)Sell (0)
Technical Indicators:Strong BuyBuy (7)Sell (0)","Name
S3
S2
S1
Pivot Points
R1
R2
R3
Classic
6.4380
6.4399
6.4436
6.4455
6.4492
6.4511
6.4548
Fibonacci
6.4399
6.4420
6.4434
6.4455
6.4476
6.4490
6.4511
Camarilla
6.4458
6.4463
6.4468
6.4455
6.4479
6.4484
6.4489
Woodie's
6.4390
6.4404
6.4446
6.4460
6.4502
6.4516
6.4558
DeMark's
-
-
6.4446
6.4460
6.4502
-
-","Technical IndicatorsJun 17, 2021 03:34PM GMT
Name
Value
Action
RSI(14)
85.433
Overbought
STOCH(9,6)
77.649
Buy
STOCHRSI(14)
100.000
Overbought
MACD(12,26)
0.011
Buy
ADX(14)
61.337
Buy
Williams %R
-3.426
Overbought
CCI(14)
151.8010
Buy
ATR(14)
0.0041
Less Volatility
Highs/Lows(14)
0.0141
Buy
Ultimate Oscillator
82.973
Overbought
ROC
0.391
Buy
Bull/Bear Power(13)
0.0286
Buy
Buy: 7
Sell: 0
Neutral: 0


Summary:Strong Buy","Jun 17, 2021 03:34PM GMT"
usd_hkd,7.7647 +0.0003    +0.00%,17:53:33,2021-06-17 21:54:10.070908,"Prev. Close: 7.7644
Bid/Ask: 7.7646 / 7.7648
Day's Range: 7.7644 - 7.7650",Buy,"Summary:Buy
Moving Averages:BuyBuy (10)Sell (2)
Technical Indicators:BUYBuy (4)Sell (2)","Name
S3
S2
S1
Pivot Points
R1
R2
R3
Classic
7.7632
7.7636
7.7641
7.7645
7.7649
7.7654
7.7658
Fibonacci
7.7636
7.7639
7.7642
7.7645
7.7648
7.7651
7.7654
Camarilla
7.7642
7.7643
7.7644
7.7645
7.7645
7.7646
7.7647
Woodie's
7.7632
7.7636
7.7641
7.7645
7.7649
7.7654
7.7658
DeMark's
-
-
7.7638
7.7644
7.7647
-
-","Technical IndicatorsJun 17, 2021 09:53PM GMT
Name
Value
Action
RSI(14)
54.946
Neutral
STOCH(9,6)
55.161
Buy
STOCHRSI(14)
31.762
Sell
MACD(12,26)
0.000
Buy
ADX(14)
33.915
Sell
Williams %R
-50.013
Neutral
CCI(14)
25.3616
Neutral
ATR(14)
0.0009
Less Volatility
Highs/Lows(14)
0.0000
Neutral
Ultimate Oscillator
53.242
Buy
ROC
0.000
Neutral
Bull/Bear Power(13)
0.0013
Buy
Buy: 4
Sell: 2
Neutral: 5


Summary:BUY","Jun 17, 2021 09:53PM GMT"
eur_usd,1.1909 +0.0003    +0.03%,17:54:49,2021-06-17 21:55:10.267845,"Prev. Close: 1.1906
Bid/Ask: 1.1907 / 1.1911
Day's Range: 1.1906 - 1.1909",Strong Sell,"Summary:Strong Sell
Moving Averages:Strong SellBuy (0)Sell (12)
Technical Indicators:Strong SellBuy (0)Sell (10)","Name
S3
S2
S1
Pivot Points
R1
R2
R3
Classic
1.1893
1.1897
1.1902
1.1906
1.1911
1.1915
1.1921
Fibonacci
1.1897
1.1900
1.1902
1.1906
1.1910
1.1912
1.1915
Camarilla
1.1905
1.1906
1.1907
1.1906
1.1908
1.1909
1.1910
Woodie's
1.1893
1.1897
1.1902
1.1906
1.1911
1.1915
1.1921
DeMark's
-
-
1.1904
1.1907
1.1913
-
-","Technical IndicatorsJun 17, 2021 09:54PM GMT
Name
Value
Action
RSI(14)
28.899
Sell
STOCH(9,6)
24.270
Sell
STOCHRSI(14)
100.000
Overbought
MACD(12,26)
-0.004
Sell
ADX(14)
42.257
Sell
Williams %R
-76.553
Sell
CCI(14)
-89.2899
Sell
ATR(14)
0.0018
Less Volatility
Highs/Lows(14)
-0.0007
Sell
Ultimate Oscillator
34.493
Sell
ROC
-0.385
Sell
Bull/Bear Power(13)
-0.0025
Sell
Buy: 0
Sell: 10
Neutral: 0


Summary:Strong Sell","Jun 17, 2021 09:54PM GMT"
gbp_usd,1.3926 +0.0007    +0.05%,17:54:48,2021-06-17 21:55:10.271767,"Prev. Close: 1.3919
Bid/Ask: 1.3924 / 1.3928
Day's Range: 1.3915 - 1.3931",Strong Sell,"Summary:Strong Sell
Moving Averages:Strong SellBuy (0)Sell (12)
Technical Indicators:Strong SellBuy (0)Sell (10)","Name
S3
S2
S1
Pivot Points
R1
R2
R3
Classic
1.3912
1.3916
1.3921
1.3925
1.3930
1.3934
1.3940
Fibonacci
1.3916
1.3919
1.3922
1.3925
1.3928
1.3931
1.3934
Camarilla
1.3924
1.3925
1.3926
1.3925
1.3927
1.3928
1.3929
Woodie's
1.3912
1.3916
1.3921
1.3925
1.3930
1.3934
1.3940
DeMark's
-
-
1.3923
1.3926
1.3932
-
-","Technical IndicatorsJun 17, 2021 09:53PM GMT
Name
Value
Action
RSI(14)
35.957
Sell
STOCH(9,6)
31.742
Sell
STOCHRSI(14)
94.290
Overbought
MACD(12,26)
-0.003
Sell
ADX(14)
39.151
Sell
Williams %R
-72.727
Sell
CCI(14)
-69.8037
Sell
ATR(14)
0.0025
High Volatility
Highs/Lows(14)
-0.0004
Sell
Ultimate Oscillator
34.803
Sell
ROC
-0.372
Sell
Bull/Bear Power(13)
-0.0035
Sell
Buy: 0
Sell: 10
Neutral: 0


Summary:Strong Sell","Jun 17, 2021 09:53PM GMT"
usd_jpy,110.26 +0.06    +0.05%,17:54:37,2021-06-17 21:55:10.274826,"Prev. Close: 110.20
Bid/Ask: 110.24 / 110.27
Day's Range: 110.17 - 110.83",Strong Sell,"Summary:Strong Sell
Moving Averages:SellBuy (5)Sell (7)
Technical Indicators:Strong SellBuy (0)Sell (8)","Name
S3
S2
S1
Pivot Points
R1
R2
R3
Classic
110.11
110.16
110.19
110.24
110.27
110.32
110.34
Fibonacci
110.16
110.19
110.21
110.24
110.27
110.29
110.32
Camarilla
110.19
110.20
110.21
110.24
110.22
110.23
110.24
Woodie's
110.09
110.15
110.17
110.23
110.25
110.31
110.32
DeMark's
-
-
110.17
110.23
110.25
-
-","Technical IndicatorsJun 17, 2021 09:53PM GMT
Name
Value
Action
RSI(14)
42.082
Sell
STOCH(9,6)
16.031
Oversold
STOCHRSI(14)
13.910
Oversold
MACD(12,26)
-0.030
Sell
ADX(14)
33.370
Sell
Williams %R
-86.554
Oversold
CCI(14)
-76.3291
Sell
ATR(14)
0.1239
Less Volatility
Highs/Lows(14)
-0.1071
Sell
Ultimate Oscillator
48.716
Sell
ROC
-0.298
Sell
Bull/Bear Power(13)
-0.2600
Sell
Buy: 0
Sell: 8
Neutral: 0


Summary:Strong Sell","Jun 17, 2021 09:53PM GMT"
aud_usd,0.7552 +0.0001    +0.02%,17:54:53,2021-06-17 21:55:10.277752,"Prev. Close: 0.7550
Bid/Ask: 0.7550 / 0.7553
Day's Range: 0.7547 - 0.7557",Strong Sell,"Summary:Strong Sell
Moving Averages:SellBuy (2)Sell (10)
Technical Indicators:Strong SellBuy (0)Sell (8)","Name
S3
S2
S1
Pivot Points
R1
R2
R3
Classic
0.7541
0.7544
0.7548
0.7551
0.7555
0.7558
0.7562
Fibonacci
0.7544
0.7547
0.7548
0.7551
0.7554
0.7555
0.7558
Camarilla
0.7549
0.7550
0.7550
0.7551
0.7552
0.7552
0.7553
Woodie's
0.7541
0.7544
0.7548
0.7551
0.7555
0.7558
0.7562
DeMark's
-
-
0.7549
0.7551
0.7556
-
-","Technical IndicatorsJun 17, 2021 09:53PM GMT
Name
Value
Action
RSI(14)
30.391
Sell
STOCH(9,6)
19.718
Oversold
STOCHRSI(14)
100.000
Overbought
MACD(12,26)
-0.003
Sell
ADX(14)
52.645
Sell
Williams %R
-82.635
Oversold
CCI(14)
-81.4392
Sell
ATR(14)
0.0017
Less Volatility
Highs/Lows(14)
-0.0005
Sell
Ultimate Oscillator
34.264
Sell
ROC
-0.795
Sell
Bull/Bear Power(13)
-0.0017
Sell
Buy: 0
Sell: 8
Neutral: 0


Summary:Strong Sell","Jun 17, 2021 09:53PM GMT"
eur_gbp,0.8552 0.0001    0.00%,17:54:43,2021-06-17 21:55:10.280677,"Prev. Close: 0.8551
Bid/Ask: 0.8549 / 0.8554
Day's Range: 0.8549 - 0.8557",Strong Sell,"Summary:Strong Sell
Moving Averages:Strong SellBuy (0)Sell (12)
Technical Indicators:Strong SellBuy (2)Sell (8)","Name
S3
S2
S1
Pivot Points
R1
R2
R3
Classic
0.8542
0.8544
0.8549
0.8552
0.8557
0.8560
0.8564
Fibonacci
0.8544
0.8547
0.8549
0.8552
0.8555
0.8557
0.8560
Camarilla
0.8553
0.8554
0.8554
0.8552
0.8556
0.8556
0.8557
Woodie's
0.8544
0.8545
0.8551
0.8553
0.8559
0.8561
0.8566
DeMark's
-
-
0.8551
0.8553
0.8559
-
-","Technical IndicatorsJun 17, 2021 09:54PM GMT
Name
Value
Action
RSI(14)
37.820
Sell
STOCH(9,6)
39.568
Sell
STOCHRSI(14)
70.979
Buy
MACD(12,26)
-0.001
Sell
ADX(14)
42.380
Sell
Williams %R
-65.000
Sell
CCI(14)
-63.6456
Sell
ATR(14)
0.0010
Less Volatility
Highs/Lows(14)
0.0000
Neutral
Ultimate Oscillator
53.314
Buy
ROC
-0.029
Sell
Bull/Bear Power(13)
-0.0015
Sell
Buy: 2
Sell: 8
Neutral: 1


Summary:Strong Sell","Jun 17, 2021 09:54PM GMT"
usd_cad,1.2355 -0.0006    -0.05%,17:54:44,2021-06-17 21:55:10.283584,"Prev. Close: 1.2361
Bid/Ask: 1.2353 / 1.2357
Day's Range: 1.2351 - 1.2368",Strong Buy,"Summary:Strong Buy
Moving Averages:Strong BuyBuy (11)Sell (1)
Technical Indicators:Strong BuyBuy (10)Sell (1)","Name
S3
S2
S1
Pivot Points
R1
R2
R3
Classic
1.2342
1.2346
1.2353
1.2357
1.2364
1.2368
1.2375
Fibonacci
1.2346
1.2350
1.2353
1.2357
1.2361
1.2364
1.2368
Camarilla
1.2358
1.2359
1.2360
1.2357
1.2362
1.2363
1.2364
Woodie's
1.2344
1.2347
1.2355
1.2358
1.2366
1.2369
1.2377
DeMark's
-
-
1.2356
1.2358
1.2366
-
-","Technical IndicatorsJun 17, 2021 09:53PM GMT
Name
Value
Action
RSI(14)
69.435
Buy
STOCH(9,6)
74.377
Buy
STOCHRSI(14)
25.283
Sell
MACD(12,26)
0.003
Buy
ADX(14)
45.997
Buy
Williams %R
-25.715
Buy
CCI(14)
108.3726
Buy
ATR(14)
0.0024
Less Volatility
Highs/Lows(14)
0.0006
Buy
Ultimate Oscillator
69.180
Buy
ROC
0.435
Buy
Bull/Bear Power(13)
0.0039
Buy
Buy: 10
Sell: 1
Neutral: 0


Summary:Strong Buy","Jun 17, 2021 09:53PM GMT"
usd_chf,0.9175 +0.0001    +0.02%,17:54:43,2021-06-17 21:55:10.286470,"Prev. Close: 0.9173
Bid/Ask: 0.9170 / 0.9179
Day's Range: 0.9169 - 0.9183",Strong Buy,"Summary:Strong Buy
Moving Averages:Strong BuyBuy (11)Sell (1)
Technical Indicators:Strong BuyBuy (10)Sell (0)","Name
S3
S2
S1
Pivot Points
R1
R2
R3
Classic
0.9166
0.9170
0.9173
0.9177
0.9180
0.9184
0.9187
Fibonacci
0.9170
0.9173
0.9174
0.9177
0.9180
0.9181
0.9184
Camarilla
0.9173
0.9174
0.9174
0.9177
0.9176
0.9176
0.9177
Woodie's
0.9164
0.9169
0.9171
0.9176
0.9178
0.9183
0.9185
DeMark's
-
-
0.9171
0.9176
0.9178
-
-","Technical IndicatorsJun 17, 2021 09:53PM GMT
Name
Value
Action
RSI(14)
74.001
Buy
STOCH(9,6)
79.321
Buy
STOCHRSI(14)
0.000
Oversold
MACD(12,26)
0.003
Buy
ADX(14)
41.373
Buy
Williams %R
-20.000
Buy
CCI(14)
86.4717
Buy
ATR(14)
0.0016
High Volatility
Highs/Lows(14)
0.0006
Buy
Ultimate Oscillator
64.782
Buy
ROC
0.581
Buy
Bull/Bear Power(13)
0.0031
Buy
Buy: 10
Sell: 0
Neutral: 0


Summary:Strong Buy","Jun 17, 2021 09:53PM GMT"
nzd_chf,0.6424 +0.0005    +0.08%,17:54:51,2021-06-17 21:55:10.289375,"Prev. Close: 0.6419
Bid/Ask: 0.6421 / 0.6427
Day's Range: 0.6421 - 0.6434",Neutral,"Summary:Neutral
Moving Averages:NeutralBuy (6)Sell (6)
Technical Indicators:SellBuy (2)Sell (5)","Name
S3
S2
S1
Pivot Points
R1
R2
R3
Classic
0.6411
0.6417
0.6420
0.6426
0.6429
0.6435
0.6438
Fibonacci
0.6417
0.6420
0.6423
0.6426
0.6429
0.6432
0.6435
Camarilla
0.6421
0.6421
0.6422
0.6426
0.6424
0.6425
0.6425
Woodie's
0.6409
0.6416
0.6418
0.6425
0.6427
0.6434
0.6436
DeMark's
-
-
0.6419
0.6425
0.6427
-
-","Technical IndicatorsJun 17, 2021 09:53PM GMT
Name
Value
Action
RSI(14)
49.483
Neutral
STOCH(9,6)
56.332
Buy
STOCHRSI(14)
39.471
Sell
MACD(12,26)
0.000
Buy
ADX(14)
29.300
Neutral
Williams %R
-60.216
Sell
CCI(14)
-10.8978
Neutral
ATR(14)
0.0012
Less Volatility
Highs/Lows(14)
0.0000
Neutral
Ultimate Oscillator
38.284
Sell
ROC
-0.310
Sell
Bull/Bear Power(13)
-0.0005
Sell
Buy: 2
Sell: 5
Neutral: 4


Summary:Sell","Jun 17, 2021 09:53PM GMT"
usd_cny,6.4484 +0.0515    +0.80%,11:27:22,2021-06-17 21:55:10.292307,"Prev. Close: 6.3969
Bid/Ask: 6.4477 / 6.4490
Day's Range: 6.3972 - 6.4494",Strong Buy,"Summary:Strong Buy
Moving Averages:BuyBuy (12)Sell (0)
Technical Indicators:Strong BuyBuy (7)Sell (0)","Name
S3
S2
S1
Pivot Points
R1
R2
R3
Classic
6.4380
6.4399
6.4436
6.4455
6.4492
6.4511
6.4548
Fibonacci
6.4399
6.4420
6.4434
6.4455
6.4476
6.4490
6.4511
Camarilla
6.4458
6.4463
6.4468
6.4455
6.4479
6.4484
6.4489
Woodie's
6.4390
6.4404
6.4446
6.4460
6.4502
6.4516
6.4558
DeMark's
-
-
6.4446
6.4460
6.4502
-
-","Technical IndicatorsJun 17, 2021 03:34PM GMT
Name
Value
Action
RSI(14)
85.433
Overbought
STOCH(9,6)
77.649
Buy
STOCHRSI(14)
100.000
Overbought
MACD(12,26)
0.011
Buy
ADX(14)
61.337
Buy
Williams %R
-3.426
Overbought
CCI(14)
151.8010
Buy
ATR(14)
0.0041
Less Volatility
Highs/Lows(14)
0.0141
Buy
Ultimate Oscillator
82.973
Overbought
ROC
0.391
Buy
Bull/Bear Power(13)
0.0286
Buy
Buy: 7
Sell: 0
Neutral: 0


Summary:Strong Buy","Jun 17, 2021 03:34PM GMT"
usd_hkd,7.7648 +0.0003    +0.00%,17:54:40,2021-06-17 21:55:10.295218,"Prev. Close: 7.7644
Bid/Ask: 7.7647 / 7.7648
Day's Range: 7.7644 - 7.7650",Buy,"Summary:Buy
Moving Averages:BuyBuy (10)Sell (2)
Technical Indicators:BUYBuy (4)Sell (2)","Name
S3
S2
S1
Pivot Points
R1
R2
R3
Classic
7.7632
7.7636
7.7641
7.7645
7.7649
7.7654
7.7658
Fibonacci
7.7636
7.7639
7.7642
7.7645
7.7648
7.7651
7.7654
Camarilla
7.7642
7.7643
7.7644
7.7645
7.7645
7.7646
7.7647
Woodie's
7.7632
7.7636
7.7641
7.7645
7.7649
7.7654
7.7658
DeMark's
-
-
7.7638
7.7644
7.7647
-
-","Technical IndicatorsJun 17, 2021 09:53PM GMT
Name
Value
Action
RSI(14)
54.946
Neutral
STOCH(9,6)
55.161
Buy
STOCHRSI(14)
31.762
Sell
MACD(12,26)
0.000
Buy
ADX(14)
33.915
Sell
Williams %R
-50.013
Neutral
CCI(14)
25.3616
Neutral
ATR(14)
0.0009
Less Volatility
Highs/Lows(14)
0.0000
Neutral
Ultimate Oscillator
53.242
Buy
ROC
0.000
Neutral
Bull/Bear Power(13)
0.0013
Buy
Buy: 4
Sell: 2
Neutral: 5


Summary:BUY","Jun 17, 2021 09:53PM GMT"
eur_usd,1.1909 +0.0003    +0.02%,17:55:38,2021-06-17 21:56:10.453599,"Prev. Close: 1.1906
Bid/Ask: 1.1907 / 1.1910
Day's Range: 1.1906 - 1.1909",Strong Sell,"Summary:Strong Sell
Moving Averages:Strong SellBuy (0)Sell (12)
Technical Indicators:Strong SellBuy (0)Sell (10)","Name
S3
S2
S1
Pivot Points
R1
R2
R3
Classic
1.1893
1.1897
1.1902
1.1906
1.1911
1.1915
1.1921
Fibonacci
1.1897
1.1900
1.1902
1.1906
1.1910
1.1912
1.1915
Camarilla
1.1905
1.1906
1.1907
1.1906
1.1908
1.1909
1.1910
Woodie's
1.1893
1.1897
1.1902
1.1906
1.1911
1.1915
1.1921
DeMark's
-
-
1.1904
1.1907
1.1913
-
-","Technical IndicatorsJun 17, 2021 09:55PM GMT
Name
Value
Action
RSI(14)
28.899
Sell
STOCH(9,6)
24.270
Sell
STOCHRSI(14)
100.000
Overbought
MACD(12,26)
-0.004
Sell
ADX(14)
42.257
Sell
Williams %R
-76.553
Sell
CCI(14)
-89.2899
Sell
ATR(14)
0.0018
Less Volatility
Highs/Lows(14)
-0.0007
Sell
Ultimate Oscillator
34.493
Sell
ROC
-0.385
Sell
Bull/Bear Power(13)
-0.0025
Sell
Buy: 0
Sell: 10
Neutral: 0


Summary:Strong Sell","Jun 17, 2021 09:55PM GMT"
gbp_usd,1.3925 +0.0006    +0.04%,17:55:32,2021-06-17 21:56:10.457734,"Prev. Close: 1.3919
Bid/Ask: 1.3923 / 1.3927
Day's Range: 1.3915 - 1.3931",Strong Sell,"Summary:Strong Sell
Moving Averages:Strong SellBuy (0)Sell (12)
Technical Indicators:Strong SellBuy (0)Sell (10)","Name
S3
S2
S1
Pivot Points
R1
R2
R3
Classic
1.3912
1.3916
1.3921
1.3925
1.3930
1.3934
1.3940
Fibonacci
1.3916
1.3919
1.3922
1.3925
1.3928
1.3931
1.3934
Camarilla
1.3924
1.3925
1.3926
1.3925
1.3927
1.3928
1.3929
Woodie's
1.3912
1.3916
1.3921
1.3925
1.3930
1.3934
1.3940
DeMark's
-
-
1.3923
1.3926
1.3932
-
-","Technical IndicatorsJun 17, 2021 09:53PM GMT
Name
Value
Action
RSI(14)
35.957
Sell
STOCH(9,6)
31.742
Sell
STOCHRSI(14)
94.290
Overbought
MACD(12,26)
-0.003
Sell
ADX(14)
39.151
Sell
Williams %R
-72.727
Sell
CCI(14)
-69.8037
Sell
ATR(14)
0.0025
High Volatility
Highs/Lows(14)
-0.0004
Sell
Ultimate Oscillator
34.803
Sell
ROC
-0.372
Sell
Bull/Bear Power(13)
-0.0035
Sell
Buy: 0
Sell: 10
Neutral: 0


Summary:Strong Sell","Jun 17, 2021 09:53PM GMT"
usd_jpy,110.26 +0.06    +0.05%,17:55:41,2021-06-17 21:56:10.461051,"Prev. Close: 110.20
Bid/Ask: 110.24 / 110.28
Day's Range: 110.17 - 110.83",Sell,"Summary:Sell
Moving Averages:NeutralBuy (6)Sell (6)
Technical Indicators:Strong SellBuy (0)Sell (7)","Name
S3
S2
S1
Pivot Points
R1
R2
R3
Classic
110.11
110.16
110.19
110.24
110.27
110.32
110.34
Fibonacci
110.16
110.19
110.21
110.24
110.27
110.29
110.32
Camarilla
110.19
110.20
110.21
110.24
110.22
110.23
110.24
Woodie's
110.09
110.15
110.17
110.23
110.25
110.31
110.32
DeMark's
-
-
110.17
110.23
110.25
-
-","Technical IndicatorsJun 17, 2021 09:55PM GMT
Name
Value
Action
RSI(14)
42.723
Sell
STOCH(9,6)
16.544
Oversold
STOCHRSI(14)
16.245
Oversold
MACD(12,26)
-0.030
Sell
ADX(14)
33.370
Sell
Williams %R
-84.873
Oversold
CCI(14)
-75.1989
Sell
ATR(14)
0.1239
Less Volatility
Highs/Lows(14)
-0.0971
Sell
Ultimate Oscillator
49.772
Neutral
ROC
-0.289
Sell
Bull/Bear Power(13)
-0.2620
Sell
Buy: 0
Sell: 7
Neutral: 1


Summary:Strong Sell","Jun 17, 2021 09:55PM GMT"
aud_usd,0.7553 +0.0003    +0.03%,17:55:42,2021-06-17 21:56:10.464159,"Prev. Close: 0.7550
Bid/Ask: 0.7551 / 0.7554
Day's Range: 0.7547 - 0.7557",Strong Sell,"Summary:Strong Sell
Moving Averages:SellBuy (1)Sell (11)
Technical Indicators:Strong SellBuy (0)Sell (8)","Name
S3
S2
S1
Pivot Points
R1
R2
R3
Classic
0.7541
0.7544
0.7548
0.7551
0.7555
0.7558
0.7562
Fibonacci
0.7544
0.7547
0.7548
0.7551
0.7554
0.7555
0.7558
Camarilla
0.7549
0.7550
0.7550
0.7551
0.7552
0.7552
0.7553
Woodie's
0.7541
0.7544
0.7548
0.7551
0.7555
0.7558
0.7562
DeMark's
-
-
0.7549
0.7551
0.7556
-
-","Technical IndicatorsJun 17, 2021 09:55PM GMT
Name
Value
Action
RSI(14)
29.711
Sell
STOCH(9,6)
19.401
Oversold
STOCHRSI(14)
100.000
Overbought
MACD(12,26)
-0.003
Sell
ADX(14)
52.645
Sell
Williams %R
-83.833
Oversold
CCI(14)
-82.7836
Sell
ATR(14)
0.0017
Less Volatility
Highs/Lows(14)
-0.0006
Sell
Ultimate Oscillator
33.487
Sell
ROC
-0.808
Sell
Bull/Bear Power(13)
-0.0017
Sell
Buy: 0
Sell: 8
Neutral: 0


Summary:Strong Sell","Jun 17, 2021 09:55PM GMT"
eur_gbp,0.8552 0.0001    0.00%,17:55:41,2021-06-17 21:56:10.467271,"Prev. Close: 0.8551
Bid/Ask: 0.8548 / 0.8555
Day's Range: 0.8549 - 0.8557",Strong Sell,"Summary:Strong Sell
Moving Averages:Strong SellBuy (0)Sell (12)
Technical Indicators:Strong SellBuy (2)Sell (8)","Name
S3
S2
S1
Pivot Points
R1
R2
R3
Classic
0.8542
0.8544
0.8549
0.8552
0.8557
0.8560
0.8564
Fibonacci
0.8544
0.8547
0.8549
0.8552
0.8555
0.8557
0.8560
Camarilla
0.8553
0.8554
0.8554
0.8552
0.8556
0.8556
0.8557
Woodie's
0.8544
0.8545
0.8551
0.8553
0.8559
0.8561
0.8566
DeMark's
-
-
0.8551
0.8553
0.8559
-
-","Technical IndicatorsJun 17, 2021 09:55PM GMT
Name
Value
Action
RSI(14)
37.820
Sell
STOCH(9,6)
39.568
Sell
STOCHRSI(14)
70.979
Buy
MACD(12,26)
-0.001
Sell
ADX(14)
42.380
Sell
Williams %R
-65.000
Sell
CCI(14)
-63.6456
Sell
ATR(14)
0.0010
Less Volatility
Highs/Lows(14)
0.0000
Neutral
Ultimate Oscillator
53.314
Buy
ROC
-0.029
Sell
Bull/Bear Power(13)
-0.0015
Sell
Buy: 2
Sell: 8
Neutral: 1


Summary:Strong Sell","Jun 17, 2021 09:55PM GMT"
usd_cad,1.2357 -0.0004    -0.03%,17:55:42,2021-06-17 21:56:10.470305,"Prev. Close: 1.2361
Bid/Ask: 1.2356 / 1.2358
Day's Range: 1.2351 - 1.2368",Strong Buy,"Summary:Strong Buy
Moving Averages:BuyBuy (12)Sell (0)
Technical Indicators:Strong BuyBuy (9)Sell (1)","Name
S3
S2
S1
Pivot Points
R1
R2
R3
Classic
1.2342
1.2346
1.2353
1.2357
1.2364
1.2368
1.2375
Fibonacci
1.2346
1.2350
1.2353
1.2357
1.2361
1.2364
1.2368
Camarilla
1.2358
1.2359
1.2360
1.2357
1.2362
1.2363
1.2364
Woodie's
1.2344
1.2347
1.2355
1.2358
1.2366
1.2369
1.2377
DeMark's
-
-
1.2356
1.2358
1.2366
-
-","Technical IndicatorsJun 17, 2021 09:55PM GMT
Name
Value
Action
RSI(14)
70.810
Buy
STOCH(9,6)
74.882
Buy
STOCHRSI(14)
35.654
Sell
MACD(12,26)
0.003
Buy
ADX(14)
45.997
Buy
Williams %R
-22.858
Buy
CCI(14)
111.6752
Buy
ATR(14)
0.0024
Less Volatility
Highs/Lows(14)
0.0008
Buy
Ultimate Oscillator
70.393
Overbought
ROC
0.455
Buy
Bull/Bear Power(13)
0.0039
Buy
Buy: 9
Sell: 1
Neutral: 0


Summary:Strong Buy","Jun 17, 2021 09:55PM GMT"
usd_chf,0.9175 +0.0001    +0.02%,17:55:42,2021-06-17 21:56:10.473307,"Prev. Close: 0.9173
Bid/Ask: 0.9170 / 0.9179
Day's Range: 0.9169 - 0.9183",Strong Buy,"Summary:Strong Buy
Moving Averages:BuyBuy (10)Sell (2)
Technical Indicators:Strong BuyBuy (10)Sell (0)","Name
S3
S2
S1
Pivot Points
R1
R2
R3
Classic
0.9166
0.9170
0.9173
0.9177
0.9180
0.9184
0.9187
Fibonacci
0.9170
0.9173
0.9174
0.9177
0.9180
0.9181
0.9184
Camarilla
0.9173
0.9174
0.9174
0.9177
0.9176
0.9176
0.9177
Woodie's
0.9164
0.9169
0.9171
0.9176
0.9178
0.9183
0.9185
DeMark's
-
-
0.9171
0.9176
0.9178
-
-","Technical IndicatorsJun 17, 2021 09:55PM GMT
Name
Value
Action
RSI(14)
71.009
Buy
STOCH(9,6)
77.932
Buy
STOCHRSI(14)
0.000
Oversold
MACD(12,26)
0.003
Buy
ADX(14)
41.373
Buy
Williams %R
-26.429
Buy
CCI(14)
79.8953
Buy
ATR(14)
0.0016
High Volatility
Highs/Lows(14)
0.0001
Buy
Ultimate Oscillator
61.489
Buy
ROC
0.532
Buy
Bull/Bear Power(13)
0.0031
Buy
Buy: 10
Sell: 0
Neutral: 0


Summary:Strong Buy","Jun 17, 2021 09:55PM GMT"
nzd_chf,0.6427 +0.0008    +0.12%,17:55:42,2021-06-17 21:56:10.476301,"Prev. Close: 0.6419
Bid/Ask: 0.6422 / 0.6432
Day's Range: 0.6421 - 0.6434",Strong Sell,"Summary:Strong Sell
Moving Averages:Strong SellBuy (1)Sell (11)
Technical Indicators:Strong SellBuy (1)Sell (6)","Name
S3
S2
S1
Pivot Points
R1
R2
R3
Classic
0.6411
0.6417
0.6420
0.6426
0.6429
0.6435
0.6438
Fibonacci
0.6417
0.6420
0.6423
0.6426
0.6429
0.6432
0.6435
Camarilla
0.6421
0.6421
0.6422
0.6426
0.6424
0.6425
0.6425
Woodie's
0.6409
0.6416
0.6418
0.6425
0.6427
0.6434
0.6436
DeMark's
-
-
0.6419
0.6425
0.6427
-
-","Technical IndicatorsJun 17, 2021 09:55PM GMT
Name
Value
Action
RSI(14)
46.706
Neutral
STOCH(9,6)
54.248
Neutral
STOCHRSI(14)
28.827
Sell
MACD(12,26)
0.000
Neutral
ADX(14)
32.767
Sell
Williams %R
-67.743
Sell
CCI(14)
-26.2337
Neutral
ATR(14)
0.0012
Less Volatility
Highs/Lows(14)
-0.0000
Sell
Ultimate Oscillator
35.179
Sell
ROC
-0.365
Sell
Bull/Bear Power(13)
0.0015
Buy
Buy: 1
Sell: 6
Neutral: 4


Summary:Strong Sell","Jun 17, 2021 09:55PM GMT"
usd_cny,6.4484 +0.0515    +0.80%,11:27:22,2021-06-17 21:56:10.479294,"Prev. Close: 6.3969
Bid/Ask: 6.4477 / 6.4490
Day's Range: 6.3972 - 6.4494",Strong Buy,"Summary:Strong Buy
Moving Averages:BuyBuy (12)Sell (0)
Technical Indicators:Strong BuyBuy (7)Sell (0)","Name
S3
S2
S1
Pivot Points
R1
R2
R3
Classic
6.4380
6.4399
6.4436
6.4455
6.4492
6.4511
6.4548
Fibonacci
6.4399
6.4420
6.4434
6.4455
6.4476
6.4490
6.4511
Camarilla
6.4458
6.4463
6.4468
6.4455
6.4479
6.4484
6.4489
Woodie's
6.4390
6.4404
6.4446
6.4460
6.4502
6.4516
6.4558
DeMark's
-
-
6.4446
6.4460
6.4502
-
-","Technical IndicatorsJun 17, 2021 03:34PM GMT
Name
Value
Action
RSI(14)
85.433
Overbought
STOCH(9,6)
77.649
Buy
STOCHRSI(14)
100.000
Overbought
MACD(12,26)
0.011
Buy
ADX(14)
61.337
Buy
Williams %R
-3.426
Overbought
CCI(14)
151.8010
Buy
ATR(14)
0.0041
Less Volatility
Highs/Lows(14)
0.0141
Buy
Ultimate Oscillator
82.973
Overbought
ROC
0.391
Buy
Bull/Bear Power(13)
0.0286
Buy
Buy: 7
Sell: 0
Neutral: 0


Summary:Strong Buy","Jun 17, 2021 03:34PM GMT"
usd_hkd,7.7646 +0.0002    +0.00%,17:55:28,2021-06-17 21:56:10.482246,"Prev. Close: 7.7644
Bid/Ask: 7.7643 / 7.7649
Day's Range: 7.7644 - 7.7650",Strong Buy,"Summary:Strong Buy
Moving Averages:Strong BuyBuy (11)Sell (1)
Technical Indicators:Strong BuyBuy (7)Sell (2)","Name
S3
S2
S1
Pivot Points
R1
R2
R3
Classic
7.7632
7.7636
7.7641
7.7645
7.7649
7.7654
7.7658
Fibonacci
7.7636
7.7639
7.7642
7.7645
7.7648
7.7651
7.7654
Camarilla
7.7642
7.7643
7.7644
7.7645
7.7645
7.7646
7.7647
Woodie's
7.7632
7.7636
7.7641
7.7645
7.7649
7.7654
7.7658
DeMark's
-
-
7.7638
7.7644
7.7647
-
-","Technical IndicatorsJun 17, 2021 09:55PM GMT
Name
Value
Action
RSI(14)
56.112
Buy
STOCH(9,6)
57.087
Buy
STOCHRSI(14)
39.615
Sell
MACD(12,26)
0.000
Buy
ADX(14)
33.915
Sell
Williams %R
-42.108
Buy
CCI(14)
38.0151
Neutral
ATR(14)
0.0009
Less Volatility
Highs/Lows(14)
0.0000
Neutral
Ultimate Oscillator
55.542
Buy
ROC
0.002
Buy
Bull/Bear Power(13)
0.0013
Buy
Buy: 7
Sell: 2
Neutral: 2


Summary:Strong Buy","Jun 17, 2021 09:55PM GMT"
eur_usd,1.1909 +0.0003    +0.02%,17:56:24,2021-06-17 21:57:10.284348,"Prev. Close: 1.1906
Bid/Ask: 1.1907 / 1.1910
Day's Range: 1.1906 - 1.1909",Strong Sell,"Summary:Strong Sell
Moving Averages:Strong SellBuy (0)Sell (12)
Technical Indicators:Strong SellBuy (0)Sell (10)","Name
S3
S2
S1
Pivot Points
R1
R2
R3
Classic
1.1893
1.1897
1.1902
1.1906
1.1911
1.1915
1.1921
Fibonacci
1.1897
1.1900
1.1902
1.1906
1.1910
1.1912
1.1915
Camarilla
1.1905
1.1906
1.1907
1.1906
1.1908
1.1909
1.1910
Woodie's
1.1893
1.1897
1.1902
1.1906
1.1911
1.1915
1.1921
DeMark's
-
-
1.1904
1.1907
1.1913
-
-","Technical IndicatorsJun 17, 2021 09:55PM GMT
Name
Value
Action
RSI(14)
28.899
Sell
STOCH(9,6)
24.270
Sell
STOCHRSI(14)
100.000
Overbought
MACD(12,26)
-0.004
Sell
ADX(14)
42.257
Sell
Williams %R
-76.553
Sell
CCI(14)
-89.2899
Sell
ATR(14)
0.0018
Less Volatility
Highs/Lows(14)
-0.0007
Sell
Ultimate Oscillator
34.493
Sell
ROC
-0.385
Sell
Bull/Bear Power(13)
-0.0025
Sell
Buy: 0
Sell: 10
Neutral: 0


Summary:Strong Sell","Jun 17, 2021 09:55PM GMT"
gbp_usd,1.3922 +0.0003    +0.02%,17:56:50,2021-06-17 21:57:10.288471,"Prev. Close: 1.3919
Bid/Ask: 1.3920 / 1.3924
Day's Range: 1.3915 - 1.3931",Strong Sell,"Summary:Strong Sell
Moving Averages:SellBuy (3)Sell (9)
Technical Indicators:Strong SellBuy (0)Sell (10)","Name
S3
S2
S1
Pivot Points
R1
R2
R3
Classic
1.3912
1.3916
1.3921
1.3925
1.3930
1.3934
1.3940
Fibonacci
1.3916
1.3919
1.3922
1.3925
1.3928
1.3931
1.3934
Camarilla
1.3924
1.3925
1.3926
1.3925
1.3927
1.3928
1.3929
Woodie's
1.3912
1.3916
1.3921
1.3925
1.3930
1.3934
1.3940
DeMark's
-
-
1.3923
1.3926
1.3932
-
-","Technical IndicatorsJun 17, 2021 09:55PM GMT
Name
Value
Action
RSI(14)
36.396
Sell
STOCH(9,6)
32.243
Sell
STOCHRSI(14)
97.524
Overbought
MACD(12,26)
-0.003
Sell
ADX(14)
39.151
Sell
Williams %R
-70.707
Sell
CCI(14)
-67.5539
Sell
ATR(14)
0.0025
High Volatility
Highs/Lows(14)
-0.0002
Sell
Ultimate Oscillator
35.802
Sell
ROC
-0.358
Sell
Bull/Bear Power(13)
-0.0035
Sell
Buy: 0
Sell: 10
Neutral: 0


Summary:Strong Sell","Jun 17, 2021 09:55PM GMT"
usd_jpy,110.27 +0.07    +0.06%,17:56:37,2021-06-17 21:57:10.291759,"Prev. Close: 110.20
Bid/Ask: 110.24 / 110.29
Day's Range: 110.17 - 110.83",Sell,"Summary:Sell
Moving Averages:NeutralBuy (6)Sell (6)
Technical Indicators:Strong SellBuy (0)Sell (7)","Name
S3
S2
S1
Pivot Points
R1
R2
R3
Classic
110.11
110.16
110.19
110.24
110.27
110.32
110.34
Fibonacci
110.16
110.19
110.21
110.24
110.27
110.29
110.32
Camarilla
110.19
110.20
110.21
110.24
110.22
110.23
110.24
Woodie's
110.09
110.15
110.17
110.23
110.25
110.31
110.32
DeMark's
-
-
110.17
110.23
110.25
-
-","Technical IndicatorsJun 17, 2021 09:55PM GMT
Name
Value
Action
RSI(14)
42.723
Sell
STOCH(9,6)
16.544
Oversold
STOCHRSI(14)
16.245
Oversold
MACD(12,26)
-0.030
Sell
ADX(14)
33.370
Sell
Williams %R
-84.873
Oversold
CCI(14)
-75.1989
Sell
ATR(14)
0.1239
Less Volatility
Highs/Lows(14)
-0.0971
Sell
Ultimate Oscillator
49.772
Neutral
ROC
-0.289
Sell
Bull/Bear Power(13)
-0.2620
Sell
Buy: 0
Sell: 7
Neutral: 1


Summary:Strong Sell","Jun 17, 2021 09:55PM GMT"
aud_usd,0.7553 +0.0003    +0.04%,17:56:56,2021-06-17 21:57:10.294946,"Prev. Close: 0.7550
Bid/Ask: 0.7552 / 0.7554
Day's Range: 0.7547 - 0.7557",Strong Sell,"Summary:Strong Sell
Moving Averages:SellBuy (1)Sell (11)
Technical Indicators:Strong SellBuy (0)Sell (8)","Name
S3
S2
S1
Pivot Points
R1
R2
R3
Classic
0.7541
0.7544
0.7548
0.7551
0.7555
0.7558
0.7562
Fibonacci
0.7544
0.7547
0.7548
0.7551
0.7554
0.7555
0.7558
Camarilla
0.7549
0.7550
0.7550
0.7551
0.7552
0.7552
0.7553
Woodie's
0.7541
0.7544
0.7548
0.7551
0.7555
0.7558
0.7562
DeMark's
-
-
0.7549
0.7551
0.7556
-
-","Technical IndicatorsJun 17, 2021 09:55PM GMT
Name
Value
Action
RSI(14)
29.711
Sell
STOCH(9,6)
19.401
Oversold
STOCHRSI(14)
100.000
Overbought
MACD(12,26)
-0.003
Sell
ADX(14)
52.645
Sell
Williams %R
-83.833
Oversold
CCI(14)
-82.7836
Sell
ATR(14)
0.0017
Less Volatility
Highs/Lows(14)
-0.0006
Sell
Ultimate Oscillator
33.487
Sell
ROC
-0.808
Sell
Bull/Bear Power(13)
-0.0017
Sell
Buy: 0
Sell: 8
Neutral: 0


Summary:Strong Sell","Jun 17, 2021 09:55PM GMT"
eur_gbp,0.8554 +0.0003    +0.03%,17:56:50,2021-06-17 21:57:10.298009,"Prev. Close: 0.8551
Bid/Ask: 0.8551 / 0.8556
Day's Range: 0.8549 - 0.8557",Strong Sell,"Summary:Strong Sell
Moving Averages:Strong SellBuy (0)Sell (12)
Technical Indicators:Strong SellBuy (2)Sell (8)","Name
S3
S2
S1
Pivot Points
R1
R2
R3
Classic
0.8542
0.8544
0.8549
0.8552
0.8557
0.8560
0.8564
Fibonacci
0.8544
0.8547
0.8549
0.8552
0.8555
0.8557
0.8560
Camarilla
0.8553
0.8554
0.8554
0.8552
0.8556
0.8556
0.8557
Woodie's
0.8544
0.8545
0.8551
0.8553
0.8559
0.8561
0.8566
DeMark's
-
-
0.8551
0.8553
0.8559
-
-","Technical IndicatorsJun 17, 2021 09:55PM GMT
Name
Value
Action
RSI(14)
37.820
Sell
STOCH(9,6)
39.568
Sell
STOCHRSI(14)
70.979
Buy
MACD(12,26)
-0.001
Sell
ADX(14)
42.380
Sell
Williams %R
-65.000
Sell
CCI(14)
-63.6456
Sell
ATR(14)
0.0010
Less Volatility
Highs/Lows(14)
0.0000
Neutral
Ultimate Oscillator
53.314
Buy
ROC
-0.029
Sell
Bull/Bear Power(13)
-0.0015
Sell
Buy: 2
Sell: 8
Neutral: 1


Summary:Strong Sell","Jun 17, 2021 09:55PM GMT"
usd_cad,1.2355 -0.0006    -0.05%,17:56:52,2021-06-17 21:57:10.301068,"Prev. Close: 1.2361
Bid/Ask: 1.2353 / 1.2357
Day's Range: 1.2351 - 1.2368",Strong Buy,"Summary:Strong Buy
Moving Averages:BuyBuy (12)Sell (0)
Technical Indicators:Strong BuyBuy (9)Sell (1)","Name
S3
S2
S1
Pivot Points
R1
R2
R3
Classic
1.2342
1.2346
1.2353
1.2357
1.2364
1.2368
1.2375
Fibonacci
1.2346
1.2350
1.2353
1.2357
1.2361
1.2364
1.2368
Camarilla
1.2358
1.2359
1.2360
1.2357
1.2362
1.2363
1.2364
Woodie's
1.2344
1.2347
1.2355
1.2358
1.2366
1.2369
1.2377
DeMark's
-
-
1.2356
1.2358
1.2366
-
-","Technical IndicatorsJun 17, 2021 09:55PM GMT
Name
Value
Action
RSI(14)
70.810
Buy
STOCH(9,6)
74.882
Buy
STOCHRSI(14)
35.654
Sell
MACD(12,26)
0.003
Buy
ADX(14)
45.997
Buy
Williams %R
-22.858
Buy
CCI(14)
111.6752
Buy
ATR(14)
0.0024
Less Volatility
Highs/Lows(14)
0.0008
Buy
Ultimate Oscillator
70.393
Overbought
ROC
0.455
Buy
Bull/Bear Power(13)
0.0039
Buy
Buy: 9
Sell: 1
Neutral: 0


Summary:Strong Buy","Jun 17, 2021 09:55PM GMT"
usd_chf,0.9176 +0.0003    +0.03%,17:56:37,2021-06-17 21:57:10.304107,"Prev. Close: 0.9173
Bid/Ask: 0.9171 / 0.9180
Day's Range: 0.9169 - 0.9183",Strong Buy,"Summary:Strong Buy
Moving Averages:BuyBuy (10)Sell (2)
Technical Indicators:Strong BuyBuy (10)Sell (0)","Name
S3
S2
S1
Pivot Points
R1
R2
R3
Classic
0.9166
0.9170
0.9173
0.9177
0.9180
0.9184
0.9187
Fibonacci
0.9170
0.9173
0.9174
0.9177
0.9180
0.9181
0.9184
Camarilla
0.9173
0.9174
0.9174
0.9177
0.9176
0.9176
0.9177
Woodie's
0.9164
0.9169
0.9171
0.9176
0.9178
0.9183
0.9185
DeMark's
-
-
0.9171
0.9176
0.9178
-
-","Technical IndicatorsJun 17, 2021 09:55PM GMT
Name
Value
Action
RSI(14)
71.009
Buy
STOCH(9,6)
77.932
Buy
STOCHRSI(14)
0.000
Oversold
MACD(12,26)
0.003
Buy
ADX(14)
41.373
Buy
Williams %R
-26.429
Buy
CCI(14)
79.8953
Buy
ATR(14)
0.0016
High Volatility
Highs/Lows(14)
0.0001
Buy
Ultimate Oscillator
61.489
Buy
ROC
0.532
Buy
Bull/Bear Power(13)
0.0031
Buy
Buy: 10
Sell: 0
Neutral: 0


Summary:Strong Buy","Jun 17, 2021 09:55PM GMT"
nzd_chf,0.6427 +0.0008    +0.12%,17:56:52,2021-06-17 21:57:10.307090,"Prev. Close: 0.6419
Bid/Ask: 0.6423 / 0.6430
Day's Range: 0.6421 - 0.6434",Strong Sell,"Summary:Strong Sell
Moving Averages:Strong SellBuy (1)Sell (11)
Technical Indicators:Strong SellBuy (1)Sell (6)","Name
S3
S2
S1
Pivot Points
R1
R2
R3
Classic
0.6411
0.6417
0.6420
0.6426
0.6429
0.6435
0.6438
Fibonacci
0.6417
0.6420
0.6423
0.6426
0.6429
0.6432
0.6435
Camarilla
0.6421
0.6421
0.6422
0.6426
0.6424
0.6425
0.6425
Woodie's
0.6409
0.6416
0.6418
0.6425
0.6427
0.6434
0.6436
DeMark's
-
-
0.6419
0.6425
0.6427
-
-","Technical IndicatorsJun 17, 2021 09:55PM GMT
Name
Value
Action
RSI(14)
46.706
Neutral
STOCH(9,6)
54.248
Neutral
STOCHRSI(14)
28.827
Sell
MACD(12,26)
0.000
Neutral
ADX(14)
32.767
Sell
Williams %R
-67.743
Sell
CCI(14)
-26.2337
Neutral
ATR(14)
0.0012
Less Volatility
Highs/Lows(14)
-0.0000
Sell
Ultimate Oscillator
35.179
Sell
ROC
-0.365
Sell
Bull/Bear Power(13)
0.0015
Buy
Buy: 1
Sell: 6
Neutral: 4


Summary:Strong Sell","Jun 17, 2021 09:55PM GMT"
usd_cny,6.4484 +0.0515    +0.80%,11:27:22,2021-06-17 21:57:10.310058,"Prev. Close: 6.3969
Bid/Ask: 6.4477 / 6.4490
Day's Range: 6.3972 - 6.4494",Strong Buy,"Summary:Strong Buy
Moving Averages:BuyBuy (12)Sell (0)
Technical Indicators:Strong BuyBuy (7)Sell (0)","Name
S3
S2
S1
Pivot Points
R1
R2
R3
Classic
6.4380
6.4399
6.4436
6.4455
6.4492
6.4511
6.4548
Fibonacci
6.4399
6.4420
6.4434
6.4455
6.4476
6.4490
6.4511
Camarilla
6.4458
6.4463
6.4468
6.4455
6.4479
6.4484
6.4489
Woodie's
6.4390
6.4404
6.4446
6.4460
6.4502
6.4516
6.4558
DeMark's
-
-
6.4446
6.4460
6.4502
-
-","Technical IndicatorsJun 17, 2021 03:34PM GMT
Name
Value
Action
RSI(14)
85.433
Overbought
STOCH(9,6)
77.649
Buy
STOCHRSI(14)
100.000
Overbought
MACD(12,26)
0.011
Buy
ADX(14)
61.337
Buy
Williams %R
-3.426
Overbought
CCI(14)
151.8010
Buy
ATR(14)
0.0041
Less Volatility
Highs/Lows(14)
0.0141
Buy
Ultimate Oscillator
82.973
Overbought
ROC
0.391
Buy
Bull/Bear Power(13)
0.0286
Buy
Buy: 7
Sell: 0
Neutral: 0


Summary:Strong Buy","Jun 17, 2021 03:34PM GMT"
usd_hkd,7.7646 +0.0002    +0.00%,17:56:29,2021-06-17 21:57:10.313045,"Prev. Close: 7.7644
Bid/Ask: 7.7643 / 7.7649
Day's Range: 7.7644 - 7.7650",Strong Buy,"Summary:Strong Buy
Moving Averages:Strong BuyBuy (11)Sell (1)
Technical Indicators:Strong BuyBuy (7)Sell (2)","Name
S3
S2
S1
Pivot Points
R1
R2
R3
Classic
7.7632
7.7636
7.7641
7.7645
7.7649
7.7654
7.7658
Fibonacci
7.7636
7.7639
7.7642
7.7645
7.7648
7.7651
7.7654
Camarilla
7.7642
7.7643
7.7644
7.7645
7.7645
7.7646
7.7647
Woodie's
7.7632
7.7636
7.7641
7.7645
7.7649
7.7654
7.7658
DeMark's
-
-
7.7638
7.7644
7.7647
-
-","Technical IndicatorsJun 17, 2021 09:56PM GMT
Name
Value
Action
RSI(14)
55.730
Buy
STOCH(9,6)
56.445
Buy
STOCHRSI(14)
37.042
Sell
MACD(12,26)
0.000
Buy
ADX(14)
33.915
Sell
Williams %R
-44.743
Buy
CCI(14)
33.8367
Neutral
ATR(14)
0.0009
Less Volatility
Highs/Lows(14)
0.0000
Neutral
Ultimate Oscillator
54.775
Buy
ROC
0.001
Buy
Bull/Bear Power(13)
0.0013
Buy
Buy: 7
Sell: 2
Neutral: 2


Summary:Strong Buy","Jun 17, 2021 09:56PM GMT"
eur_usd,1.1909 +0.0003    +0.02%,17:57:41,2021-06-17 21:58:10.234715,"Prev. Close: 1.1906
Bid/Ask: 1.1907 / 1.1910
Day's Range: 1.1906 - 1.1909",Strong Sell,"Summary:Strong Sell
Moving Averages:Strong SellBuy (0)Sell (12)
Technical Indicators:Strong SellBuy (0)Sell (10)","Name
S3
S2
S1
Pivot Points
R1
R2
R3
Classic
1.1893
1.1897
1.1902
1.1906
1.1911
1.1915
1.1921
Fibonacci
1.1897
1.1900
1.1902
1.1906
1.1910
1.1912
1.1915
Camarilla
1.1905
1.1906
1.1907
1.1906
1.1908
1.1909
1.1910
Woodie's
1.1893
1.1897
1.1902
1.1906
1.1911
1.1915
1.1921
DeMark's
-
-
1.1904
1.1907
1.1913
-
-","Technical IndicatorsJun 17, 2021 09:57PM GMT
Name
Value
Action
RSI(14)
28.632
Sell
STOCH(9,6)
24.128
Sell
STOCHRSI(14)
100.000
Overbought
MACD(12,26)
-0.004
Sell
ADX(14)
42.257
Sell
Williams %R
-77.242
Sell
CCI(14)
-89.9501
Sell
ATR(14)
0.0018
Less Volatility
Highs/Lows(14)
-0.0008
Sell
Ultimate Oscillator
34.182
Sell
ROC
-0.389
Sell
Bull/Bear Power(13)
-0.0025
Sell
Buy: 0
Sell: 10
Neutral: 0


Summary:Strong Sell","Jun 17, 2021 09:57PM GMT"
gbp_usd,1.3922 +0.0003    +0.02%,17:56:50,2021-06-17 21:58:10.238674,"Prev. Close: 1.3919
Bid/Ask: 1.3920 / 1.3924
Day's Range: 1.3915 - 1.3931",Strong Sell,"Summary:Strong Sell
Moving Averages:SellBuy (3)Sell (9)
Technical Indicators:Strong SellBuy (0)Sell (10)","Name
S3
S2
S1
Pivot Points
R1
R2
R3
Classic
1.3912
1.3916
1.3921
1.3925
1.3930
1.3934
1.3940
Fibonacci
1.3916
1.3919
1.3922
1.3925
1.3928
1.3931
1.3934
Camarilla
1.3924
1.3925
1.3926
1.3925
1.3927
1.3928
1.3929
Woodie's
1.3912
1.3916
1.3921
1.3925
1.3930
1.3934
1.3940
DeMark's
-
-
1.3923
1.3926
1.3932
-
-","Technical IndicatorsJun 17, 2021 09:55PM GMT
Name
Value
Action
RSI(14)
36.396
Sell
STOCH(9,6)
32.243
Sell
STOCHRSI(14)
97.524
Overbought
MACD(12,26)
-0.003
Sell
ADX(14)
39.151
Sell
Williams %R
-70.707
Sell
CCI(14)
-67.5539
Sell
ATR(14)
0.0025
High Volatility
Highs/Lows(14)
-0.0002
Sell
Ultimate Oscillator
35.802
Sell
ROC
-0.358
Sell
Bull/Bear Power(13)
-0.0035
Sell
Buy: 0
Sell: 10
Neutral: 0


Summary:Strong Sell","Jun 17, 2021 09:55PM GMT"
usd_jpy,110.26 +0.06    +0.05%,17:57:31,2021-06-17 21:58:10.241828,"Prev. Close: 110.20
Bid/Ask: 110.24 / 110.28
Day's Range: 110.17 - 110.83",Strong Sell,"Summary:Strong Sell
Moving Averages:SellBuy (5)Sell (7)
Technical Indicators:Strong SellBuy (0)Sell (8)","Name
S3
S2
S1
Pivot Points
R1
R2
R3
Classic
110.11
110.16
110.19
110.24
110.27
110.32
110.34
Fibonacci
110.16
110.19
110.21
110.24
110.27
110.29
110.32
Camarilla
110.19
110.20
110.21
110.24
110.22
110.23
110.24
Woodie's
110.09
110.15
110.17
110.23
110.25
110.31
110.32
DeMark's
-
-
110.17
110.23
110.25
-
-","Technical IndicatorsJun 17, 2021 09:57PM GMT
Name
Value
Action
RSI(14)
42.404
Sell
STOCH(9,6)
16.287
Oversold
STOCHRSI(14)
15.083
Oversold
MACD(12,26)
-0.030
Sell
ADX(14)
33.312
Sell
Williams %R
-85.714
Oversold
CCI(14)
-75.1998
Sell
ATR(14)
0.1243
Less Volatility
Highs/Lows(14)
-0.1021
Sell
Ultimate Oscillator
48.981
Sell
ROC
-0.294
Sell
Bull/Bear Power(13)
-0.2570
Sell
Buy: 0
Sell: 8
Neutral: 0


Summary:Strong Sell","Jun 17, 2021 09:57PM GMT"
aud_usd,0.7553 +0.0003    +0.03%,17:57:42,2021-06-17 21:58:10.244867,"Prev. Close: 0.7550
Bid/Ask: 0.7551 / 0.7554
Day's Range: 0.7547 - 0.7557",Strong Sell,"Summary:Strong Sell
Moving Averages:SellBuy (2)Sell (10)
Technical Indicators:Strong SellBuy (0)Sell (8)","Name
S3
S2
S1
Pivot Points
R1
R2
R3
Classic
0.7541
0.7544
0.7548
0.7551
0.7555
0.7558
0.7562
Fibonacci
0.7544
0.7547
0.7548
0.7551
0.7554
0.7555
0.7558
Camarilla
0.7549
0.7550
0.7550
0.7551
0.7552
0.7552
0.7553
Woodie's
0.7541
0.7544
0.7548
0.7551
0.7555
0.7558
0.7562
DeMark's
-
-
0.7549
0.7551
0.7556
-
-","Technical IndicatorsJun 17, 2021 09:57PM GMT
Name
Value
Action
RSI(14)
30.391
Sell
STOCH(9,6)
19.718
Oversold
STOCHRSI(14)
100.000
Overbought
MACD(12,26)
-0.003
Sell
ADX(14)
52.645
Sell
Williams %R
-82.635
Oversold
CCI(14)
-81.4392
Sell
ATR(14)
0.0017
Less Volatility
Highs/Lows(14)
-0.0005
Sell
Ultimate Oscillator
34.264
Sell
ROC
-0.795
Sell
Bull/Bear Power(13)
-0.0017
Sell
Buy: 0
Sell: 8
Neutral: 0


Summary:Strong Sell","Jun 17, 2021 09:57PM GMT"
eur_gbp,0.8554 +0.0003    +0.03%,17:57:41,2021-06-17 21:58:10.247848,"Prev. Close: 0.8551
Bid/Ask: 0.8551 / 0.8556
Day's Range: 0.8549 - 0.8557",Strong Sell,"Summary:Strong Sell
Moving Averages:Strong SellBuy (0)Sell (12)
Technical Indicators:Strong SellBuy (1)Sell (8)","Name
S3
S2
S1
Pivot Points
R1
R2
R3
Classic
0.8542
0.8544
0.8549
0.8552
0.8557
0.8560
0.8564
Fibonacci
0.8544
0.8547
0.8549
0.8552
0.8555
0.8557
0.8560
Camarilla
0.8553
0.8554
0.8554
0.8552
0.8556
0.8556
0.8557
Woodie's
0.8544
0.8545
0.8551
0.8553
0.8559
0.8561
0.8566
DeMark's
-
-
0.8551
0.8553
0.8559
-
-","Technical IndicatorsJun 17, 2021 09:57PM GMT
Name
Value
Action
RSI(14)
38.873
Sell
STOCH(9,6)
40.494
Sell
STOCHRSI(14)
75.548
Overbought
MACD(12,26)
-0.001
Sell
ADX(14)
42.380
Sell
Williams %R
-60.000
Sell
CCI(14)
-54.7525
Sell
ATR(14)
0.0010
Less Volatility
Highs/Lows(14)
0.0000
Neutral
Ultimate Oscillator
55.300
Buy
ROC
-0.012
Sell
Bull/Bear Power(13)
-0.0015
Sell
Buy: 1
Sell: 8
Neutral: 1


Summary:Strong Sell","Jun 17, 2021 09:57PM GMT"
usd_cad,1.2358 -0.0003    -0.02%,17:57:39,2021-06-17 21:58:10.250751,"Prev. Close: 1.2361
Bid/Ask: 1.2356 / 1.2360
Day's Range: 1.2351 - 1.2368",Strong Buy,"Summary:Strong Buy
Moving Averages:BuyBuy (12)Sell (0)
Technical Indicators:Strong BuyBuy (9)Sell (1)","Name
S3
S2
S1
Pivot Points
R1
R2
R3
Classic
1.2342
1.2346
1.2353
1.2357
1.2364
1.2368
1.2375
Fibonacci
1.2346
1.2350
1.2353
1.2357
1.2361
1.2364
1.2368
Camarilla
1.2358
1.2359
1.2360
1.2357
1.2362
1.2363
1.2364
Woodie's
1.2344
1.2347
1.2355
1.2358
1.2366
1.2369
1.2377
DeMark's
-
-
1.2356
1.2358
1.2366
-
-","Technical IndicatorsJun 17, 2021 09:57PM GMT
Name
Value
Action
RSI(14)
71.093
Buy
STOCH(9,6)
74.984
Buy
STOCHRSI(14)
37.789
Sell
MACD(12,26)
0.003
Buy
ADX(14)
45.997
Buy
Williams %R
-22.286
Buy
CCI(14)
112.3335
Buy
ATR(14)
0.0024
Less Volatility
Highs/Lows(14)
0.0009
Buy
Ultimate Oscillator
70.635
Overbought
ROC
0.459
Buy
Bull/Bear Power(13)
0.0039
Buy
Buy: 9
Sell: 1
Neutral: 0


Summary:Strong Buy","Jun 17, 2021 09:57PM GMT"
usd_chf,0.9175 +0.0001    +0.02%,17:57:42,2021-06-17 21:58:10.253638,"Prev. Close: 0.9173
Bid/Ask: 0.9171 / 0.9178
Day's Range: 0.9169 - 0.9183",Strong Buy,"Summary:Strong Buy
Moving Averages:BuyBuy (10)Sell (2)
Technical Indicators:Strong BuyBuy (10)Sell (0)","Name
S3
S2
S1
Pivot Points
R1
R2
R3
Classic
0.9166
0.9170
0.9173
0.9177
0.9180
0.9184
0.9187
Fibonacci
0.9170
0.9173
0.9174
0.9177
0.9180
0.9181
0.9184
Camarilla
0.9173
0.9174
0.9174
0.9177
0.9176
0.9176
0.9177
Woodie's
0.9164
0.9169
0.9171
0.9176
0.9178
0.9183
0.9185
DeMark's
-
-
0.9171
0.9176
0.9178
-
-","Technical IndicatorsJun 17, 2021 09:57PM GMT
Name
Value
Action
RSI(14)
72.309
Buy
STOCH(9,6)
78.549
Buy
STOCHRSI(14)
0.000
Oversold
MACD(12,26)
0.003
Buy
ADX(14)
41.373
Buy
Williams %R
-23.571
Buy
CCI(14)
82.8311
Buy
ATR(14)
0.0016
High Volatility
Highs/Lows(14)
0.0003
Buy
Ultimate Oscillator
62.953
Buy
ROC
0.554
Buy
Bull/Bear Power(13)
0.0031
Buy
Buy: 10
Sell: 0
Neutral: 0


Summary:Strong Buy","Jun 17, 2021 09:57PM GMT"
nzd_chf,0.6427 +0.0008    +0.12%,17:57:42,2021-06-17 21:58:10.256550,"Prev. Close: 0.6419
Bid/Ask: 0.6424 / 0.6430
Day's Range: 0.6421 - 0.6434",Sell,"Summary:Sell
Moving Averages:NeutralBuy (6)Sell (6)
Technical Indicators:Strong SellBuy (2)Sell (6)","Name
S3
S2
S1
Pivot Points
R1
R2
R3
Classic
0.6411
0.6417
0.6420
0.6426
0.6429
0.6435
0.6438
Fibonacci
0.6417
0.6420
0.6423
0.6426
0.6429
0.6432
0.6435
Camarilla
0.6421
0.6421
0.6422
0.6426
0.6424
0.6425
0.6425
Woodie's
0.6409
0.6416
0.6418
0.6425
0.6427
0.6434
0.6436
DeMark's
-
-
0.6419
0.6425
0.6427
-
-","Technical IndicatorsJun 17, 2021 09:57PM GMT
Name
Value
Action
RSI(14)
49.076
Neutral
STOCH(9,6)
56.034
Buy
STOCHRSI(14)
37.911
Sell
MACD(12,26)
0.000
Buy
ADX(14)
32.767
Sell
Williams %R
-61.290
Sell
CCI(14)
-16.0643
Neutral
ATR(14)
0.0012
Less Volatility
Highs/Lows(14)
0.0000
Neutral
Ultimate Oscillator
38.412
Sell
ROC
-0.318
Sell
Bull/Bear Power(13)
-0.0005
Sell
Buy: 2
Sell: 6
Neutral: 3


Summary:Strong Sell","Jun 17, 2021 09:57PM GMT"
usd_cny,6.4484 +0.0515    +0.80%,11:27:22,2021-06-17 21:58:10.259455,"Prev. Close: 6.3969
Bid/Ask: 6.4477 / 6.4490
Day's Range: 6.3972 - 6.4494",Strong Buy,"Summary:Strong Buy
Moving Averages:BuyBuy (12)Sell (0)
Technical Indicators:Strong BuyBuy (7)Sell (0)","Name
S3
S2
S1
Pivot Points
R1
R2
R3
Classic
6.4380
6.4399
6.4436
6.4455
6.4492
6.4511
6.4548
Fibonacci
6.4399
6.4420
6.4434
6.4455
6.4476
6.4490
6.4511
Camarilla
6.4458
6.4463
6.4468
6.4455
6.4479
6.4484
6.4489
Woodie's
6.4390
6.4404
6.4446
6.4460
6.4502
6.4516
6.4558
DeMark's
-
-
6.4446
6.4460
6.4502
-
-","Technical IndicatorsJun 17, 2021 03:34PM GMT
Name
Value
Action
RSI(14)
85.433
Overbought
STOCH(9,6)
77.649
Buy
STOCHRSI(14)
100.000
Overbought
MACD(12,26)
0.011
Buy
ADX(14)
61.337
Buy
Williams %R
-3.426
Overbought
CCI(14)
151.8010
Buy
ATR(14)
0.0041
Less Volatility
Highs/Lows(14)
0.0141
Buy
Ultimate Oscillator
82.973
Overbought
ROC
0.391
Buy
Bull/Bear Power(13)
0.0286
Buy
Buy: 7
Sell: 0
Neutral: 0


Summary:Strong Buy","Jun 17, 2021 03:34PM GMT"
usd_hkd,7.7646 +0.0002    +0.00%,17:57:28,2021-06-17 21:58:10.262349,"Prev. Close: 7.7644
Bid/Ask: 7.7643 / 7.7649
Day's Range: 7.7644 - 7.7650",Strong Buy,"Summary:Strong Buy
Moving Averages:Strong BuyBuy (11)Sell (1)
Technical Indicators:Strong BuyBuy (7)Sell (2)","Name
S3
S2
S1
Pivot Points
R1
R2
R3
Classic
7.7632
7.7636
7.7641
7.7645
7.7649
7.7654
7.7658
Fibonacci
7.7636
7.7639
7.7642
7.7645
7.7648
7.7651
7.7654
Camarilla
7.7642
7.7643
7.7644
7.7645
7.7645
7.7646
7.7647
Woodie's
7.7632
7.7636
7.7641
7.7645
7.7649
7.7654
7.7658
DeMark's
-
-
7.7638
7.7644
7.7647
-
-","Technical IndicatorsJun 17, 2021 09:56PM GMT
Name
Value
Action
RSI(14)
55.730
Buy
STOCH(9,6)
56.445
Buy
STOCHRSI(14)
37.042
Sell
MACD(12,26)
0.000
Buy
ADX(14)
33.915
Sell
Williams %R
-44.743
Buy
CCI(14)
33.8367
Neutral
ATR(14)
0.0009
Less Volatility
Highs/Lows(14)
0.0000
Neutral
Ultimate Oscillator
54.775
Buy
ROC
0.001
Buy
Bull/Bear Power(13)
0.0013
Buy
Buy: 7
Sell: 2
Neutral: 2


Summary:Strong Buy","Jun 17, 2021 09:56PM GMT"
eur_usd,1.1908 +0.0002    +0.02%,17:58:27,2021-06-17 21:59:10.344570,"Prev. Close: 1.1906
Bid/Ask: 1.1906 / 1.1910
Day's Range: 1.1906 - 1.1909",Strong Sell,"Summary:Strong Sell
Moving Averages:Strong SellBuy (0)Sell (12)
Technical Indicators:Strong SellBuy (0)Sell (10)","Name
S3
S2
S1
Pivot Points
R1
R2
R3
Classic
1.1893
1.1897
1.1902
1.1906
1.1911
1.1915
1.1921
Fibonacci
1.1897
1.1900
1.1902
1.1906
1.1910
1.1912
1.1915
Camarilla
1.1905
1.1906
1.1907
1.1906
1.1908
1.1909
1.1910
Woodie's
1.1893
1.1897
1.1902
1.1906
1.1911
1.1915
1.1921
DeMark's
-
-
1.1904
1.1907
1.1913
-
-","Technical IndicatorsJun 17, 2021 09:57PM GMT
Name
Value
Action
RSI(14)
28.632
Sell
STOCH(9,6)
24.128
Sell
STOCHRSI(14)
100.000
Overbought
MACD(12,26)
-0.004
Sell
ADX(14)
42.257
Sell
Williams %R
-77.242
Sell
CCI(14)
-89.9501
Sell
ATR(14)
0.0018
Less Volatility
Highs/Lows(14)
-0.0008
Sell
Ultimate Oscillator
34.182
Sell
ROC
-0.389
Sell
Bull/Bear Power(13)
-0.0025
Sell
Buy: 0
Sell: 10
Neutral: 0


Summary:Strong Sell","Jun 17, 2021 09:57PM GMT"
gbp_usd,1.3921 +0.0002    +0.01%,17:58:49,2021-06-17 21:59:10.348557,"Prev. Close: 1.3919
Bid/Ask: 1.3919 / 1.3923
Day's Range: 1.3915 - 1.3931",Strong Sell,"Summary:Strong Sell
Moving Averages:Strong SellBuy (0)Sell (12)
Technical Indicators:Strong SellBuy (0)Sell (10)","Name
S3
S2
S1
Pivot Points
R1
R2
R3
Classic
1.3912
1.3916
1.3921
1.3925
1.3930
1.3934
1.3940
Fibonacci
1.3916
1.3919
1.3922
1.3925
1.3928
1.3931
1.3934
Camarilla
1.3924
1.3925
1.3926
1.3925
1.3927
1.3928
1.3929
Woodie's
1.3912
1.3916
1.3921
1.3925
1.3930
1.3934
1.3940
DeMark's
-
-
1.3923
1.3926
1.3932
-
-","Technical IndicatorsJun 17, 2021 09:57PM GMT
Name
Value
Action
RSI(14)
35.741
Sell
STOCH(9,6)
31.491
Sell
STOCHRSI(14)
92.698
Overbought
MACD(12,26)
-0.003
Sell
ADX(14)
39.151
Sell
Williams %R
-73.738
Sell
CCI(14)
-70.9242
Sell
ATR(14)
0.0025
High Volatility
Highs/Lows(14)
-0.0005
Sell
Ultimate Oscillator
34.303
Sell
ROC
-0.379
Sell
Bull/Bear Power(13)
-0.0015
Sell
Buy: 0
Sell: 10
Neutral: 0


Summary:Strong Sell","Jun 17, 2021 09:57PM GMT"
usd_jpy,110.26 +0.06    +0.05%,17:58:34,2021-06-17 21:59:10.351675,"Prev. Close: 110.20
Bid/Ask: 110.24 / 110.28
Day's Range: 110.17 - 110.83",Strong Sell,"Summary:Strong Sell
Moving Averages:SellBuy (5)Sell (7)
Technical Indicators:Strong SellBuy (0)Sell (8)","Name
S3
S2
S1
Pivot Points
R1
R2
R3
Classic
110.11
110.16
110.19
110.24
110.27
110.32
110.34
Fibonacci
110.16
110.19
110.21
110.24
110.27
110.29
110.32
Camarilla
110.19
110.20
110.21
110.24
110.22
110.23
110.24
Woodie's
110.09
110.15
110.17
110.23
110.25
110.31
110.32
DeMark's
-
-
110.17
110.23
110.25
-
-","Technical IndicatorsJun 17, 2021 09:57PM GMT
Name
Value
Action
RSI(14)
42.404
Sell
STOCH(9,6)
16.287
Oversold
STOCHRSI(14)
15.083
Oversold
MACD(12,26)
-0.030
Sell
ADX(14)
33.312
Sell
Williams %R
-85.714
Oversold
CCI(14)
-75.1998
Sell
ATR(14)
0.1243
Less Volatility
Highs/Lows(14)
-0.1021
Sell
Ultimate Oscillator
48.981
Sell
ROC
-0.294
Sell
Bull/Bear Power(13)
-0.2570
Sell
Buy: 0
Sell: 8
Neutral: 0


Summary:Strong Sell","Jun 17, 2021 09:57PM GMT"
aud_usd,0.7554 +0.0004    +0.05%,17:58:53,2021-06-17 21:59:10.354610,"Prev. Close: 0.7550
Bid/Ask: 0.7553 / 0.7555
Day's Range: 0.7547 - 0.7557",Strong Sell,"Summary:Strong Sell
Moving Averages:SellBuy (2)Sell (10)
Technical Indicators:Strong SellBuy (0)Sell (8)","Name
S3
S2
S1
Pivot Points
R1
R2
R3
Classic
0.7541
0.7544
0.7548
0.7551
0.7555
0.7558
0.7562
Fibonacci
0.7544
0.7547
0.7548
0.7551
0.7554
0.7555
0.7558
Camarilla
0.7549
0.7550
0.7550
0.7551
0.7552
0.7552
0.7553
Woodie's
0.7541
0.7544
0.7548
0.7551
0.7555
0.7558
0.7562
DeMark's
-
-
0.7549
0.7551
0.7556
-
-","Technical IndicatorsJun 17, 2021 09:57PM GMT
Name
Value
Action
RSI(14)
30.391
Sell
STOCH(9,6)
19.718
Oversold
STOCHRSI(14)
100.000
Overbought
MACD(12,26)
-0.003
Sell
ADX(14)
52.645
Sell
Williams %R
-82.635
Oversold
CCI(14)
-81.4392
Sell
ATR(14)
0.0017
Less Volatility
Highs/Lows(14)
-0.0005
Sell
Ultimate Oscillator
34.264
Sell
ROC
-0.795
Sell
Bull/Bear Power(13)
-0.0017
Sell
Buy: 0
Sell: 8
Neutral: 0


Summary:Strong Sell","Jun 17, 2021 09:57PM GMT"
eur_gbp,0.8553 +0.0002    +0.02%,17:58:52,2021-06-17 21:59:10.357503,"Prev. Close: 0.8551
Bid/Ask: 0.8551 / 0.8555
Day's Range: 0.8549 - 0.8557",Strong Sell,"Summary:Strong Sell
Moving Averages:Strong SellBuy (0)Sell (12)
Technical Indicators:Strong SellBuy (1)Sell (8)","Name
S3
S2
S1
Pivot Points
R1
R2
R3
Classic
0.8542
0.8544
0.8549
0.8552
0.8557
0.8560
0.8564
Fibonacci
0.8544
0.8547
0.8549
0.8552
0.8555
0.8557
0.8560
Camarilla
0.8553
0.8554
0.8554
0.8552
0.8556
0.8556
0.8557
Woodie's
0.8544
0.8545
0.8551
0.8553
0.8559
0.8561
0.8566
DeMark's
-
-
0.8551
0.8553
0.8559
-
-","Technical IndicatorsJun 17, 2021 09:57PM GMT
Name
Value
Action
RSI(14)
38.873
Sell
STOCH(9,6)
40.494
Sell
STOCHRSI(14)
75.548
Overbought
MACD(12,26)
-0.001
Sell
ADX(14)
42.380
Sell
Williams %R
-60.000
Sell
CCI(14)
-54.7525
Sell
ATR(14)
0.0010
Less Volatility
Highs/Lows(14)
0.0000
Neutral
Ultimate Oscillator
55.300
Buy
ROC
-0.012
Sell
Bull/Bear Power(13)
-0.0015
Sell
Buy: 1
Sell: 8
Neutral: 1


Summary:Strong Sell","Jun 17, 2021 09:57PM GMT"
usd_cad,1.2358 -0.0003    -0.02%,17:58:53,2021-06-17 21:59:10.360384,"Prev. Close: 1.2361
Bid/Ask: 1.2356 / 1.2360
Day's Range: 1.2351 - 1.2368",Strong Buy,"Summary:Strong Buy
Moving Averages:BuyBuy (12)Sell (0)
Technical Indicators:Strong BuyBuy (9)Sell (1)","Name
S3
S2
S1
Pivot Points
R1
R2
R3
Classic
1.2342
1.2346
1.2353
1.2357
1.2364
1.2368
1.2375
Fibonacci
1.2346
1.2350
1.2353
1.2357
1.2361
1.2364
1.2368
Camarilla
1.2358
1.2359
1.2360
1.2357
1.2362
1.2363
1.2364
Woodie's
1.2344
1.2347
1.2355
1.2358
1.2366
1.2369
1.2377
DeMark's
-
-
1.2356
1.2358
1.2366
-
-","Technical IndicatorsJun 17, 2021 09:57PM GMT
Name
Value
Action
RSI(14)
71.093
Buy
STOCH(9,6)
74.984
Buy
STOCHRSI(14)
37.789
Sell
MACD(12,26)
0.003
Buy
ADX(14)
45.997
Buy
Williams %R
-22.286
Buy
CCI(14)
112.3335
Buy
ATR(14)
0.0024
Less Volatility
Highs/Lows(14)
0.0009
Buy
Ultimate Oscillator
70.635
Overbought
ROC
0.459
Buy
Bull/Bear Power(13)
0.0039
Buy
Buy: 9
Sell: 1
Neutral: 0


Summary:Strong Buy","Jun 17, 2021 09:57PM GMT"
usd_chf,0.9176 +0.0003    +0.03%,17:58:46,2021-06-17 21:59:10.363261,"Prev. Close: 0.9173
Bid/Ask: 0.9171 / 0.9180
Day's Range: 0.9169 - 0.9183",Strong Buy,"Summary:Strong Buy
Moving Averages:BuyBuy (10)Sell (2)
Technical Indicators:Strong BuyBuy (10)Sell (0)","Name
S3
S2
S1
Pivot Points
R1
R2
R3
Classic
0.9166
0.9170
0.9173
0.9177
0.9180
0.9184
0.9187
Fibonacci
0.9170
0.9173
0.9174
0.9177
0.9180
0.9181
0.9184
Camarilla
0.9173
0.9174
0.9174
0.9177
0.9176
0.9176
0.9177
Woodie's
0.9164
0.9169
0.9171
0.9176
0.9178
0.9183
0.9185
DeMark's
-
-
0.9171
0.9176
0.9178
-
-","Technical IndicatorsJun 17, 2021 09:57PM GMT
Name
Value
Action
RSI(14)
72.309
Buy
STOCH(9,6)
78.549
Buy
STOCHRSI(14)
0.000
Oversold
MACD(12,26)
0.003
Buy
ADX(14)
41.373
Buy
Williams %R
-23.571
Buy
CCI(14)
82.8311
Buy
ATR(14)
0.0016
High Volatility
Highs/Lows(14)
0.0003
Buy
Ultimate Oscillator
62.953
Buy
ROC
0.554
Buy
Bull/Bear Power(13)
0.0031
Buy
Buy: 10
Sell: 0
Neutral: 0


Summary:Strong Buy","Jun 17, 2021 09:57PM GMT"
nzd_chf,0.6426 +0.0007    +0.11%,17:58:48,2021-06-17 21:59:10.366350,"Prev. Close: 0.6419
Bid/Ask: 0.6421 / 0.6431
Day's Range: 0.6421 - 0.6434",Sell,"Summary:Sell
Moving Averages:NeutralBuy (6)Sell (6)
Technical Indicators:Strong SellBuy (2)Sell (6)","Name
S3
S2
S1
Pivot Points
R1
R2
R3
Classic
0.6411
0.6417
0.6420
0.6426
0.6429
0.6435
0.6438
Fibonacci
0.6417
0.6420
0.6423
0.6426
0.6429
0.6432
0.6435
Camarilla
0.6421
0.6421
0.6422
0.6426
0.6424
0.6425
0.6425
Woodie's
0.6409
0.6416
0.6418
0.6425
0.6427
0.6434
0.6436
DeMark's
-
-
0.6419
0.6425
0.6427
-
-","Technical IndicatorsJun 17, 2021 09:57PM GMT
Name
Value
Action
RSI(14)
49.076
Neutral
STOCH(9,6)
56.034
Buy
STOCHRSI(14)
37.911
Sell
MACD(12,26)
0.000
Buy
ADX(14)
32.767
Sell
Williams %R
-61.290
Sell
CCI(14)
-16.0643
Neutral
ATR(14)
0.0012
Less Volatility
Highs/Lows(14)
0.0000
Neutral
Ultimate Oscillator
38.412
Sell
ROC
-0.318
Sell
Bull/Bear Power(13)
-0.0005
Sell
Buy: 2
Sell: 6
Neutral: 3


Summary:Strong Sell","Jun 17, 2021 09:57PM GMT"
usd_cny,6.4484 +0.0515    +0.80%,11:27:22,2021-06-17 21:59:10.369225,"Prev. Close: 6.3969
Bid/Ask: 6.4477 / 6.4490
Day's Range: 6.3972 - 6.4494",Strong Buy,"Summary:Strong Buy
Moving Averages:BuyBuy (12)Sell (0)
Technical Indicators:Strong BuyBuy (7)Sell (0)","Name
S3
S2
S1
Pivot Points
R1
R2
R3
Classic
6.4380
6.4399
6.4436
6.4455
6.4492
6.4511
6.4548
Fibonacci
6.4399
6.4420
6.4434
6.4455
6.4476
6.4490
6.4511
Camarilla
6.4458
6.4463
6.4468
6.4455
6.4479
6.4484
6.4489
Woodie's
6.4390
6.4404
6.4446
6.4460
6.4502
6.4516
6.4558
DeMark's
-
-
6.4446
6.4460
6.4502
-
-","Technical IndicatorsJun 17, 2021 03:34PM GMT
Name
Value
Action
RSI(14)
85.433
Overbought
STOCH(9,6)
77.649
Buy
STOCHRSI(14)
100.000
Overbought
MACD(12,26)
0.011
Buy
ADX(14)
61.337
Buy
Williams %R
-3.426
Overbought
CCI(14)
151.8010
Buy
ATR(14)
0.0041
Less Volatility
Highs/Lows(14)
0.0141
Buy
Ultimate Oscillator
82.973
Overbought
ROC
0.391
Buy
Bull/Bear Power(13)
0.0286
Buy
Buy: 7
Sell: 0
Neutral: 0


Summary:Strong Buy","Jun 17, 2021 03:34PM GMT"
usd_hkd,7.7648 +0.0004    +0.01%,17:58:31,2021-06-17 21:59:10.372096,"Prev. Close: 7.7644
Bid/Ask: 7.7647 / 7.7649
Day's Range: 7.7644 - 7.7650",Strong Buy,"Summary:Strong Buy
Moving Averages:BuyBuy (12)Sell (0)
Technical Indicators:Strong BuyBuy (7)Sell (2)","Name
S3
S2
S1
Pivot Points
R1
R2
R3
Classic
7.7632
7.7636
7.7641
7.7645
7.7649
7.7654
7.7658
Fibonacci
7.7636
7.7639
7.7642
7.7645
7.7648
7.7651
7.7654
Camarilla
7.7642
7.7643
7.7644
7.7645
7.7645
7.7646
7.7647
Woodie's
7.7632
7.7636
7.7641
7.7645
7.7649
7.7654
7.7658
DeMark's
-
-
7.7638
7.7644
7.7647
-
-","Technical IndicatorsJun 17, 2021 09:58PM GMT
Name
Value
Action
RSI(14)
56.487
Buy
STOCH(9,6)
57.729
Buy
STOCHRSI(14)
42.140
Sell
MACD(12,26)
0.000
Buy
ADX(14)
33.915
Sell
Williams %R
-39.473
Buy
CCI(14)
42.1550
Neutral
ATR(14)
0.0009
Less Volatility
Highs/Lows(14)
0.0000
Neutral
Ultimate Oscillator
56.309
Buy
ROC
0.003
Buy
Bull/Bear Power(13)
0.0013
Buy
Buy: 7
Sell: 2
Neutral: 2


Summary:Strong Buy","Jun 17, 2021 09:58PM GMT"
eur_usd,1.1906 -0.0001    -0.00%,17:59:42,2021-06-17 22:00:10.149600,"Prev. Close: 1.1906
Bid/Ask: 1.1904 / 1.1907
Day's Range: 1.1906 - 1.1909",Strong Sell,"Summary:Strong Sell
Moving Averages:Strong SellBuy (0)Sell (12)
Technical Indicators:Strong SellBuy (0)Sell (10)","Name
S3
S2
S1
Pivot Points
R1
R2
R3
Classic
1.1893
1.1897
1.1902
1.1906
1.1911
1.1915
1.1921
Fibonacci
1.1897
1.1900
1.1902
1.1906
1.1910
1.1912
1.1915
Camarilla
1.1905
1.1906
1.1907
1.1906
1.1908
1.1909
1.1910
Woodie's
1.1893
1.1897
1.1902
1.1906
1.1911
1.1915
1.1921
DeMark's
-
-
1.1904
1.1907
1.1913
-
-","Technical IndicatorsJun 17, 2021 09:59PM GMT
Name
Value
Action
RSI(14)
28.899
Sell
STOCH(9,6)
24.270
Sell
STOCHRSI(14)
100.000
Overbought
MACD(12,26)
-0.004
Sell
ADX(14)
42.257
Sell
Williams %R
-76.553
Sell
CCI(14)
-89.2899
Sell
ATR(14)
0.0018
Less Volatility
Highs/Lows(14)
-0.0007
Sell
Ultimate Oscillator
34.493
Sell
ROC
-0.385
Sell
Bull/Bear Power(13)
-0.0025
Sell
Buy: 0
Sell: 10
Neutral: 0


Summary:Strong Sell","Jun 17, 2021 09:59PM GMT"
gbp_usd,1.3921 +0.0002    +0.01%,17:59:31,2021-06-17 22:00:10.153559,"Prev. Close: 1.3919
Bid/Ask: 1.3919 / 1.3923
Day's Range: 1.3915 - 1.3931",Strong Sell,"Summary:Strong Sell
Moving Averages:Strong SellBuy (0)Sell (12)
Technical Indicators:Strong SellBuy (0)Sell (10)","Name
S3
S2
S1
Pivot Points
R1
R2
R3
Classic
1.3912
1.3916
1.3921
1.3925
1.3930
1.3934
1.3940
Fibonacci
1.3916
1.3919
1.3922
1.3925
1.3928
1.3931
1.3934
Camarilla
1.3924
1.3925
1.3926
1.3925
1.3927
1.3928
1.3929
Woodie's
1.3912
1.3916
1.3921
1.3925
1.3930
1.3934
1.3940
DeMark's
-
-
1.3923
1.3926
1.3932
-
-","Technical IndicatorsJun 17, 2021 09:59PM GMT
Name
Value
Action
RSI(14)
35.528
Sell
STOCH(9,6)
31.240
Sell
STOCHRSI(14)
91.129
Overbought
MACD(12,26)
-0.003
Sell
ADX(14)
39.151
Sell
Williams %R
-74.748
Sell
CCI(14)
-72.0418
Sell
ATR(14)
0.0025
High Volatility
Highs/Lows(14)
-0.0006
Sell
Ultimate Oscillator
33.803
Sell
ROC
-0.386
Sell
Bull/Bear Power(13)
-0.0015
Sell
Buy: 0
Sell: 10
Neutral: 0


Summary:Strong Sell","Jun 17, 2021 09:59PM GMT"
usd_jpy,110.25 +0.04    +0.04%,17:59:44,2021-06-17 22:00:10.156766,"Prev. Close: 110.20
Bid/Ask: 110.23 / 110.26
Day's Range: 110.17 - 110.83",Strong Sell,"Summary:Strong Sell
Moving Averages:SellBuy (5)Sell (7)
Technical Indicators:Strong SellBuy (0)Sell (8)","Name
S3
S2
S1
Pivot Points
R1
R2
R3
Classic
110.11
110.16
110.19
110.24
110.27
110.32
110.34
Fibonacci
110.16
110.19
110.21
110.24
110.27
110.29
110.32
Camarilla
110.19
110.20
110.21
110.24
110.22
110.23
110.24
Woodie's
110.09
110.15
110.17
110.23
110.25
110.31
110.32
DeMark's
-
-
110.17
110.23
110.25
-
-","Technical IndicatorsJun 17, 2021 09:59PM GMT
Name
Value
Action
RSI(14)
41.756
Sell
STOCH(9,6)
15.775
Oversold
STOCHRSI(14)
12.722
Oversold
MACD(12,26)
-0.030
Sell
ADX(14)
33.312
Sell
Williams %R
-87.394
Oversold
CCI(14)
-76.3291
Sell
ATR(14)
0.1243
Less Volatility
Highs/Lows(14)
-0.1121
Sell
Ultimate Oscillator
47.934
Sell
ROC
-0.303
Sell
Bull/Bear Power(13)
-0.2530
Sell
Buy: 0
Sell: 8
Neutral: 0


Summary:Strong Sell","Jun 17, 2021 09:59PM GMT"
aud_usd,0.7553 +0.0003    +0.03%,17:59:42,2021-06-17 22:00:10.159796,"Prev. Close: 0.7550
Bid/Ask: 0.7551 / 0.7554
Day's Range: 0.7547 - 0.7557",Strong Sell,"Summary:Strong Sell
Moving Averages:SellBuy (2)Sell (10)
Technical Indicators:Strong SellBuy (0)Sell (8)","Name
S3
S2
S1
Pivot Points
R1
R2
R3
Classic
0.7541
0.7544
0.7548
0.7551
0.7555
0.7558
0.7562
Fibonacci
0.7544
0.7547
0.7548
0.7551
0.7554
0.7555
0.7558
Camarilla
0.7549
0.7550
0.7550
0.7551
0.7552
0.7552
0.7553
Woodie's
0.7541
0.7544
0.7548
0.7551
0.7555
0.7558
0.7562
DeMark's
-
-
0.7549
0.7551
0.7556
-
-","Technical IndicatorsJun 17, 2021 09:59PM GMT
Name
Value
Action
RSI(14)
30.391
Sell
STOCH(9,6)
19.718
Oversold
STOCHRSI(14)
100.000
Overbought
MACD(12,26)
-0.003
Sell
ADX(14)
52.645
Sell
Williams %R
-82.635
Oversold
CCI(14)
-81.4392
Sell
ATR(14)
0.0017
Less Volatility
Highs/Lows(14)
-0.0005
Sell
Ultimate Oscillator
34.264
Sell
ROC
-0.795
Sell
Bull/Bear Power(13)
-0.0017
Sell
Buy: 0
Sell: 8
Neutral: 0


Summary:Strong Sell","Jun 17, 2021 09:59PM GMT"
eur_gbp,0.8554 +0.0003    +0.04%,17:59:42,2021-06-17 22:00:10.162718,"Prev. Close: 0.8551
Bid/Ask: 0.8552 / 0.8556
Day's Range: 0.8549 - 0.8557",Strong Sell,"Summary:Strong Sell
Moving Averages:Strong SellBuy (0)Sell (12)
Technical Indicators:Strong SellBuy (1)Sell (8)","Name
S3
S2
S1
Pivot Points
R1
R2
R3
Classic
0.8542
0.8544
0.8549
0.8552
0.8557
0.8560
0.8564
Fibonacci
0.8544
0.8547
0.8549
0.8552
0.8555
0.8557
0.8560
Camarilla
0.8553
0.8554
0.8554
0.8552
0.8556
0.8556
0.8557
Woodie's
0.8544
0.8545
0.8551
0.8553
0.8559
0.8561
0.8566
DeMark's
-
-
0.8551
0.8553
0.8559
-
-","Technical IndicatorsJun 17, 2021 09:57PM GMT
Name
Value
Action
RSI(14)
38.873
Sell
STOCH(9,6)
40.494
Sell
STOCHRSI(14)
75.548
Overbought
MACD(12,26)
-0.001
Sell
ADX(14)
42.380
Sell
Williams %R
-60.000
Sell
CCI(14)
-54.7525
Sell
ATR(14)
0.0010
Less Volatility
Highs/Lows(14)
0.0000
Neutral
Ultimate Oscillator
55.300
Buy
ROC
-0.012
Sell
Bull/Bear Power(13)
-0.0015
Sell
Buy: 1
Sell: 8
Neutral: 1


Summary:Strong Sell","Jun 17, 2021 09:57PM GMT"
usd_cad,1.2359 -0.0002    -0.02%,17:59:43,2021-06-17 22:00:10.165625,"Prev. Close: 1.2361
Bid/Ask: 1.2356 / 1.2362
Day's Range: 1.2351 - 1.2368",Strong Buy,"Summary:Strong Buy
Moving Averages:BuyBuy (12)Sell (0)
Technical Indicators:Strong BuyBuy (9)Sell (0)","Name
S3
S2
S1
Pivot Points
R1
R2
R3
Classic
1.2342
1.2346
1.2353
1.2357
1.2364
1.2368
1.2375
Fibonacci
1.2346
1.2350
1.2353
1.2357
1.2361
1.2364
1.2368
Camarilla
1.2358
1.2359
1.2360
1.2357
1.2362
1.2363
1.2364
Woodie's
1.2344
1.2347
1.2355
1.2358
1.2366
1.2369
1.2377
DeMark's
-
-
1.2356
1.2358
1.2366
-
-","Technical IndicatorsJun 17, 2021 09:59PM GMT
Name
Value
Action
RSI(14)
72.242
Buy
STOCH(9,6)
75.387
Buy
STOCHRSI(14)
46.455
Neutral
MACD(12,26)
0.003
Buy
ADX(14)
45.997
Buy
Williams %R
-20.001
Buy
CCI(14)
114.9515
Buy
ATR(14)
0.0024
Less Volatility
Highs/Lows(14)
0.0011
Buy
Ultimate Oscillator
71.605
Overbought
ROC
0.476
Buy
Bull/Bear Power(13)
0.0039
Buy
Buy: 9
Sell: 0
Neutral: 1


Summary:Strong Buy","Jun 17, 2021 09:59PM GMT"
usd_chf,0.9174 +0.0001    +0.01%,17:59:35,2021-06-17 22:00:10.168548,"Prev. Close: 0.9173
Bid/Ask: 0.9170 / 0.9178
Day's Range: 0.9169 - 0.9183",Strong Buy,"Summary:Strong Buy
Moving Averages:BuyBuy (12)Sell (0)
Technical Indicators:Strong BuyBuy (9)Sell (0)","Name
S3
S2
S1
Pivot Points
R1
R2
R3
Classic
0.9166
0.9170
0.9173
0.9177
0.9180
0.9184
0.9187
Fibonacci
0.9170
0.9173
0.9174
0.9177
0.9180
0.9181
0.9184
Camarilla
0.9173
0.9174
0.9174
0.9177
0.9176
0.9176
0.9177
Woodie's
0.9164
0.9169
0.9171
0.9176
0.9178
0.9183
0.9185
DeMark's
-
-
0.9171
0.9176
0.9178
-
-","Technical IndicatorsJun 17, 2021 09:59PM GMT
Name
Value
Action
RSI(14)
74.819
Buy
STOCH(9,6)
79.784
Buy
STOCHRSI(14)
0.970
Oversold
MACD(12,26)
0.003
Buy
ADX(14)
41.373
Buy
Williams %R
-17.857
Overbought
CCI(14)
88.6416
Buy
ATR(14)
0.0016
High Volatility
Highs/Lows(14)
0.0007
Buy
Ultimate Oscillator
65.880
Buy
ROC
0.598
Buy
Bull/Bear Power(13)
0.0031
Buy
Buy: 9
Sell: 0
Neutral: 0


Summary:Strong Buy","Jun 17, 2021 09:59PM GMT"
nzd_chf,0.6427 +0.0008    +0.12%,17:59:43,2021-06-17 22:00:10.171472,"Prev. Close: 0.6419
Bid/Ask: 0.6423 / 0.6430
Day's Range: 0.6421 - 0.6434",Neutral,"Summary:Neutral
Moving Averages:BuyBuy (7)Sell (5)
Technical Indicators:Strong SellBuy (2)Sell (6)","Name
S3
S2
S1
Pivot Points
R1
R2
R3
Classic
0.6411
0.6417
0.6420
0.6426
0.6429
0.6435
0.6438
Fibonacci
0.6417
0.6420
0.6423
0.6426
0.6429
0.6432
0.6435
Camarilla
0.6421
0.6421
0.6422
0.6426
0.6424
0.6425
0.6425
Woodie's
0.6409
0.6416
0.6418
0.6425
0.6427
0.6434
0.6436
DeMark's
-
-
0.6419
0.6425
0.6427
-
-","Technical IndicatorsJun 17, 2021 09:59PM GMT
Name
Value
Action
RSI(14)
50.280
Neutral
STOCH(9,6)
56.927
Buy
STOCHRSI(14)
42.526
Sell
MACD(12,26)
0.000
Buy
ADX(14)
32.767
Sell
Williams %R
-58.065
Sell
CCI(14)
-10.8957
Neutral
ATR(14)
0.0012
Less Volatility
Highs/Lows(14)
0.0000
Neutral
Ultimate Oscillator
40.027
Sell
ROC
-0.295
Sell
Bull/Bear Power(13)
-0.0005
Sell
Buy: 2
Sell: 6
Neutral: 3


Summary:Strong Sell","Jun 17, 2021 09:59PM GMT"
usd_cny,6.4484 +0.0515    +0.80%,11:27:22,2021-06-17 22:00:10.174475,"Prev. Close: 6.3969
Bid/Ask: 6.4477 / 6.4490
Day's Range: 6.3972 - 6.4494",Strong Buy,"Summary:Strong Buy
Moving Averages:BuyBuy (12)Sell (0)
Technical Indicators:Strong BuyBuy (7)Sell (0)","Name
S3
S2
S1
Pivot Points
R1
R2
R3
Classic
6.4380
6.4399
6.4436
6.4455
6.4492
6.4511
6.4548
Fibonacci
6.4399
6.4420
6.4434
6.4455
6.4476
6.4490
6.4511
Camarilla
6.4458
6.4463
6.4468
6.4455
6.4479
6.4484
6.4489
Woodie's
6.4390
6.4404
6.4446
6.4460
6.4502
6.4516
6.4558
DeMark's
-
-
6.4446
6.4460
6.4502
-
-","Technical IndicatorsJun 17, 2021 03:34PM GMT
Name
Value
Action
RSI(14)
85.433
Overbought
STOCH(9,6)
77.649
Buy
STOCHRSI(14)
100.000
Overbought
MACD(12,26)
0.011
Buy
ADX(14)
61.337
Buy
Williams %R
-3.426
Overbought
CCI(14)
151.8010
Buy
ATR(14)
0.0041
Less Volatility
Highs/Lows(14)
0.0141
Buy
Ultimate Oscillator
82.973
Overbought
ROC
0.391
Buy
Bull/Bear Power(13)
0.0286
Buy
Buy: 7
Sell: 0
Neutral: 0


Summary:Strong Buy","Jun 17, 2021 03:34PM GMT"
usd_hkd,7.7646 +0.0002    +0.00%,17:59:28,2021-06-17 22:00:10.177400,"Prev. Close: 7.7644
Bid/Ask: 7.7643 / 7.7649
Day's Range: 7.7644 - 7.7650",Strong Buy,"Summary:Strong Buy
Moving Averages:BuyBuy (12)Sell (0)
Technical Indicators:Strong BuyBuy (7)Sell (2)","Name
S3
S2
S1
Pivot Points
R1
R2
R3
Classic
7.7632
7.7636
7.7641
7.7645
7.7649
7.7654
7.7658
Fibonacci
7.7636
7.7639
7.7642
7.7645
7.7648
7.7651
7.7654
Camarilla
7.7642
7.7643
7.7644
7.7645
7.7645
7.7646
7.7647
Woodie's
7.7632
7.7636
7.7641
7.7645
7.7649
7.7654
7.7658
DeMark's
-
-
7.7638
7.7644
7.7647
-
-","Technical IndicatorsJun 17, 2021 09:58PM GMT
Name
Value
Action
RSI(14)
56.487
Buy
STOCH(9,6)
57.729
Buy
STOCHRSI(14)
42.140
Sell
MACD(12,26)
0.000
Buy
ADX(14)
33.915
Sell
Williams %R
-39.473
Buy
CCI(14)
42.1550
Neutral
ATR(14)
0.0009
Less Volatility
Highs/Lows(14)
0.0000
Neutral
Ultimate Oscillator
56.309
Buy
ROC
0.003
Buy
Bull/Bear Power(13)
0.0013
Buy
Buy: 7
Sell: 2
Neutral: 2


Summary:Strong Buy","Jun 17, 2021 09:58PM GMT"
eur_usd,1.1907 0.0001    0.00%,17:59:57,2021-06-17 22:01:10.383548,"Prev. Close: 1.1906
Bid/Ask: 1.1906 / 1.1907
Day's Range: 1.1906 - 1.1909",Strong Sell,"Summary:Strong Sell
Moving Averages:Strong SellBuy (0)Sell (12)
Technical Indicators:Strong SellBuy (0)Sell (10)","Name
S3
S2
S1
Pivot Points
R1
R2
R3
Classic
1.1893
1.1897
1.1902
1.1906
1.1911
1.1915
1.1921
Fibonacci
1.1897
1.1900
1.1902
1.1906
1.1910
1.1912
1.1915
Camarilla
1.1905
1.1906
1.1907
1.1906
1.1908
1.1909
1.1910
Woodie's
1.1893
1.1897
1.1902
1.1906
1.1911
1.1915
1.1921
DeMark's
-
-
1.1904
1.1907
1.1913
-
-","Technical IndicatorsJun 17, 2021 09:59PM GMT
Name
Value
Action
RSI(14)
28.899
Sell
STOCH(9,6)
24.270
Sell
STOCHRSI(14)
100.000
Overbought
MACD(12,26)
-0.004
Sell
ADX(14)
42.257
Sell
Williams %R
-76.553
Sell
CCI(14)
-89.2899
Sell
ATR(14)
0.0018
Less Volatility
Highs/Lows(14)
-0.0007
Sell
Ultimate Oscillator
34.493
Sell
ROC
-0.385
Sell
Bull/Bear Power(13)
-0.0025
Sell
Buy: 0
Sell: 10
Neutral: 0


Summary:Strong Sell","Jun 17, 2021 09:59PM GMT"
gbp_usd,1.3924 +0.0005    +0.04%,18:00:42,2021-06-17 22:01:10.387521,"Prev. Close: 1.3919
Bid/Ask: 1.3922 / 1.3926
Day's Range: 1.3915 - 1.3931",Strong Sell,"Summary:Strong Sell
Moving Averages:Strong SellBuy (0)Sell (12)
Technical Indicators:Strong SellBuy (0)Sell (10)","Name
S3
S2
S1
Pivot Points
R1
R2
R3
Classic
1.3912
1.3916
1.3921
1.3925
1.3930
1.3934
1.3940
Fibonacci
1.3916
1.3919
1.3922
1.3925
1.3928
1.3931
1.3934
Camarilla
1.3924
1.3925
1.3926
1.3925
1.3927
1.3928
1.3929
Woodie's
1.3912
1.3916
1.3921
1.3925
1.3930
1.3934
1.3940
DeMark's
-
-
1.3923
1.3926
1.3932
-
-","Technical IndicatorsJun 17, 2021 10:00PM GMT
Name
Value
Action
RSI(14)
35.423
Sell
STOCH(9,6)
31.115
Sell
STOCHRSI(14)
90.355
Overbought
MACD(12,26)
-0.003
Sell
ADX(14)
39.151
Sell
Williams %R
-75.253
Sell
CCI(14)
-72.5989
Sell
ATR(14)
0.0025
High Volatility
Highs/Lows(14)
-0.0006
Sell
Ultimate Oscillator
33.554
Sell
ROC
-0.390
Sell
Bull/Bear Power(13)
-0.0015
Sell
Buy: 0
Sell: 10
Neutral: 0


Summary:Strong Sell","Jun 17, 2021 10:00PM GMT"
usd_jpy,110.26 +0.06    +0.05%,17:59:57,2021-06-17 22:01:10.390871,"Prev. Close: 110.20
Bid/Ask: 110.24 / 110.28
Day's Range: 110.17 - 110.83",Sell,"Summary:Sell
Moving Averages:NeutralBuy (6)Sell (6)
Technical Indicators:Strong SellBuy (0)Sell (7)","Name
S3
S2
S1
Pivot Points
R1
R2
R3
Classic
110.11
110.16
110.19
110.24
110.27
110.32
110.34
Fibonacci
110.16
110.19
110.21
110.24
110.27
110.29
110.32
Camarilla
110.19
110.20
110.21
110.24
110.22
110.23
110.24
Woodie's
110.09
110.15
110.17
110.23
110.25
110.31
110.32
DeMark's
-
-
110.17
110.23
110.25
-
-","Technical IndicatorsJun 17, 2021 10:00PM GMT
Name
Value
Action
RSI(14)
42.723
Sell
STOCH(9,6)
16.544
Oversold
STOCHRSI(14)
16.245
Oversold
MACD(12,26)
-0.030
Sell
ADX(14)
33.312
Sell
Williams %R
-84.873
Oversold
CCI(14)
-74.6331
Sell
ATR(14)
0.1243
Less Volatility
Highs/Lows(14)
-0.0971
Sell
Ultimate Oscillator
49.506
Neutral
ROC
-0.289
Sell
Bull/Bear Power(13)
-0.2570
Sell
Buy: 0
Sell: 7
Neutral: 1


Summary:Strong Sell","Jun 17, 2021 10:00PM GMT"
aud_usd,0.7551 +0.0001    +0.01%,18:00:53,2021-06-17 22:01:10.393997,"Prev. Close: 0.7550
Bid/Ask: 0.7550 / 0.7552
Day's Range: 0.7547 - 0.7557",Strong Sell,"Summary:Strong Sell
Moving Averages:SellBuy (2)Sell (10)
Technical Indicators:Strong SellBuy (0)Sell (8)","Name
S3
S2
S1
Pivot Points
R1
R2
R3
Classic
0.7541
0.7544
0.7548
0.7551
0.7555
0.7558
0.7562
Fibonacci
0.7544
0.7547
0.7548
0.7551
0.7554
0.7555
0.7558
Camarilla
0.7549
0.7550
0.7550
0.7551
0.7552
0.7552
0.7553
Woodie's
0.7541
0.7544
0.7548
0.7551
0.7555
0.7558
0.7562
DeMark's
-
-
0.7549
0.7551
0.7556
-
-","Technical IndicatorsJun 17, 2021 09:59PM GMT
Name
Value
Action
RSI(14)
30.391
Sell
STOCH(9,6)
19.718
Oversold
STOCHRSI(14)
100.000
Overbought
MACD(12,26)
-0.003
Sell
ADX(14)
52.645
Sell
Williams %R
-82.635
Oversold
CCI(14)
-81.4392
Sell
ATR(14)
0.0017
Less Volatility
Highs/Lows(14)
-0.0005
Sell
Ultimate Oscillator
34.264
Sell
ROC
-0.795
Sell
Bull/Bear Power(13)
-0.0017
Sell
Buy: 0
Sell: 8
Neutral: 0


Summary:Strong Sell","Jun 17, 2021 09:59PM GMT"
eur_gbp,0.8552 +0.0001    +0.01%,18:00:52,2021-06-17 22:01:10.397032,"Prev. Close: 0.8551
Bid/Ask: 0.8549 / 0.8555
Day's Range: 0.8549 - 0.8557",Strong Sell,"Summary:Strong Sell
Moving Averages:SellBuy (1)Sell (11)
Technical Indicators:Strong SellBuy (1)Sell (8)","Name
S3
S2
S1
Pivot Points
R1
R2
R3
Classic
0.8542
0.8544
0.8549
0.8552
0.8557
0.8560
0.8564
Fibonacci
0.8544
0.8547
0.8549
0.8552
0.8555
0.8557
0.8560
Camarilla
0.8553
0.8554
0.8554
0.8552
0.8556
0.8556
0.8557
Woodie's
0.8544
0.8545
0.8551
0.8553
0.8559
0.8561
0.8566
DeMark's
-
-
0.8551
0.8553
0.8559
-
-","Technical IndicatorsJun 17, 2021 09:59PM GMT
Name
Value
Action
RSI(14)
39.237
Sell
STOCH(9,6)
40.803
Sell
STOCHRSI(14)
77.127
Overbought
MACD(12,26)
-0.001
Sell
ADX(14)
42.380
Sell
Williams %R
-58.333
Sell
CCI(14)
-51.7476
Sell
ATR(14)
0.0010
Less Volatility
Highs/Lows(14)
0.0000
Neutral
Ultimate Oscillator
55.962
Buy
ROC
-0.006
Sell
Bull/Bear Power(13)
-0.0015
Sell
Buy: 1
Sell: 8
Neutral: 1


Summary:Strong Sell","Jun 17, 2021 09:59PM GMT"
usd_cad,1.2358 -0.0003    -0.03%,18:00:52,2021-06-17 22:01:10.400035,"Prev. Close: 1.2361
Bid/Ask: 1.2356 / 1.2359
Day's Range: 1.2351 - 1.2368",Strong Buy,"Summary:Strong Buy
Moving Averages:BuyBuy (12)Sell (0)
Technical Indicators:Strong BuyBuy (9)Sell (1)","Name
S3
S2
S1
Pivot Points
R1
R2
R3
Classic
1.2342
1.2346
1.2353
1.2357
1.2364
1.2368
1.2375
Fibonacci
1.2346
1.2350
1.2353
1.2357
1.2361
1.2364
1.2368
Camarilla
1.2358
1.2359
1.2360
1.2357
1.2362
1.2363
1.2364
Woodie's
1.2344
1.2347
1.2355
1.2358
1.2366
1.2369
1.2377
DeMark's
-
-
1.2356
1.2358
1.2366
-
-","Technical IndicatorsJun 17, 2021 10:00PM GMT
Name
Value
Action
RSI(14)
71.093
Buy
STOCH(9,6)
74.984
Buy
STOCHRSI(14)
37.789
Sell
MACD(12,26)
0.003
Buy
ADX(14)
45.997
Buy
Williams %R
-22.286
Buy
CCI(14)
112.3335
Buy
ATR(14)
0.0024
Less Volatility
Highs/Lows(14)
0.0009
Buy
Ultimate Oscillator
70.635
Overbought
ROC
0.459
Buy
Bull/Bear Power(13)
0.0039
Buy
Buy: 9
Sell: 1
Neutral: 0


Summary:Strong Buy","Jun 17, 2021 10:00PM GMT"
usd_chf,0.9176 +0.0003    +0.03%,18:00:43,2021-06-17 22:01:10.403024,"Prev. Close: 0.9173
Bid/Ask: 0.9172 / 0.9180
Day's Range: 0.9169 - 0.9183",Strong Buy,"Summary:Strong Buy
Moving Averages:BuyBuy (12)Sell (0)
Technical Indicators:Strong BuyBuy (9)Sell (0)","Name
S3
S2
S1
Pivot Points
R1
R2
R3
Classic
0.9166
0.9170
0.9173
0.9177
0.9180
0.9184
0.9187
Fibonacci
0.9170
0.9173
0.9174
0.9177
0.9180
0.9181
0.9184
Camarilla
0.9173
0.9174
0.9174
0.9177
0.9176
0.9176
0.9177
Woodie's
0.9164
0.9169
0.9171
0.9176
0.9178
0.9183
0.9185
DeMark's
-
-
0.9171
0.9176
0.9178
-
-","Technical IndicatorsJun 17, 2021 10:00PM GMT
Name
Value
Action
RSI(14)
74.937
Buy
STOCH(9,6)
79.938
Buy
STOCHRSI(14)
1.931
Oversold
MACD(12,26)
0.003
Buy
ADX(14)
41.373
Buy
Williams %R
-17.143
Overbought
CCI(14)
89.3616
Buy
ATR(14)
0.0016
High Volatility
Highs/Lows(14)
0.0008
Buy
Ultimate Oscillator
66.246
Buy
ROC
0.603
Buy
Bull/Bear Power(13)
0.0031
Buy
Buy: 9
Sell: 0
Neutral: 0


Summary:Strong Buy","Jun 17, 2021 10:00PM GMT"
nzd_chf,0.6427 +0.0008    +0.12%,18:00:54,2021-06-17 22:01:10.405992,"Prev. Close: 0.6419
Bid/Ask: 0.6422 / 0.6431
Day's Range: 0.6421 - 0.6434",Neutral,"Summary:Neutral
Moving Averages:BuyBuy (7)Sell (5)
Technical Indicators:Strong SellBuy (2)Sell (6)","Name
S3
S2
S1
Pivot Points
R1
R2
R3
Classic
0.6411
0.6417
0.6420
0.6426
0.6429
0.6435
0.6438
Fibonacci
0.6417
0.6420
0.6423
0.6426
0.6429
0.6432
0.6435
Camarilla
0.6421
0.6421
0.6422
0.6426
0.6424
0.6425
0.6425
Woodie's
0.6409
0.6416
0.6418
0.6425
0.6427
0.6434
0.6436
DeMark's
-
-
0.6419
0.6425
0.6427
-
-","Technical IndicatorsJun 17, 2021 09:59PM GMT
Name
Value
Action
RSI(14)
50.280
Neutral
STOCH(9,6)
56.927
Buy
STOCHRSI(14)
42.526
Sell
MACD(12,26)
0.000
Buy
ADX(14)
32.767
Sell
Williams %R
-58.065
Sell
CCI(14)
-10.8957
Neutral
ATR(14)
0.0012
Less Volatility
Highs/Lows(14)
0.0000
Neutral
Ultimate Oscillator
40.027
Sell
ROC
-0.295
Sell
Bull/Bear Power(13)
-0.0005
Sell
Buy: 2
Sell: 6
Neutral: 3


Summary:Strong Sell","Jun 17, 2021 09:59PM GMT"
usd_cny,6.4484 +0.0515    +0.80%,11:27:22,2021-06-17 22:01:10.408980,"Prev. Close: 6.3969
Bid/Ask: 6.4477 / 6.4490
Day's Range: 6.3972 - 6.4494",Strong Buy,"Summary:Strong Buy
Moving Averages:BuyBuy (12)Sell (0)
Technical Indicators:Strong BuyBuy (7)Sell (0)","Name
S3
S2
S1
Pivot Points
R1
R2
R3
Classic
6.4380
6.4399
6.4436
6.4455
6.4492
6.4511
6.4548
Fibonacci
6.4399
6.4420
6.4434
6.4455
6.4476
6.4490
6.4511
Camarilla
6.4458
6.4463
6.4468
6.4455
6.4479
6.4484
6.4489
Woodie's
6.4390
6.4404
6.4446
6.4460
6.4502
6.4516
6.4558
DeMark's
-
-
6.4446
6.4460
6.4502
-
-","Technical IndicatorsJun 17, 2021 03:34PM GMT
Name
Value
Action
RSI(14)
85.433
Overbought
STOCH(9,6)
77.649
Buy
STOCHRSI(14)
100.000
Overbought
MACD(12,26)
0.011
Buy
ADX(14)
61.337
Buy
Williams %R
-3.426
Overbought
CCI(14)
151.8010
Buy
ATR(14)
0.0041
Less Volatility
Highs/Lows(14)
0.0141
Buy
Ultimate Oscillator
82.973
Overbought
ROC
0.391
Buy
Bull/Bear Power(13)
0.0286
Buy
Buy: 7
Sell: 0
Neutral: 0


Summary:Strong Buy","Jun 17, 2021 03:34PM GMT"
usd_hkd,7.7648 +0.0003    +0.00%,18:00:53,2021-06-17 22:01:10.411960,"Prev. Close: 7.7644
Bid/Ask: 7.7647 / 7.7648
Day's Range: 7.7644 - 7.7650",Strong Buy,"Summary:Strong Buy
Moving Averages:Strong BuyBuy (11)Sell (1)
Technical Indicators:Strong BuyBuy (7)Sell (2)","Name
S3
S2
S1
Pivot Points
R1
R2
R3
Classic
7.7632
7.7636
7.7641
7.7645
7.7649
7.7654
7.7658
Fibonacci
7.7636
7.7639
7.7642
7.7645
7.7648
7.7651
7.7654
Camarilla
7.7642
7.7643
7.7644
7.7645
7.7645
7.7646
7.7647
Woodie's
7.7632
7.7636
7.7641
7.7645
7.7649
7.7654
7.7658
DeMark's
-
-
7.7638
7.7644
7.7647
-
-","Technical IndicatorsJun 17, 2021 10:00PM GMT
Name
Value
Action
RSI(14)
56.112
Buy
STOCH(9,6)
57.087
Buy
STOCHRSI(14)
39.615
Sell
MACD(12,26)
0.000
Buy
ADX(14)
33.915
Sell
Williams %R
-42.108
Buy
CCI(14)
38.0151
Neutral
ATR(14)
0.0009
Less Volatility
Highs/Lows(14)
0.0000
Neutral
Ultimate Oscillator
55.542
Buy
ROC
0.002
Buy
Bull/Bear Power(13)
0.0013
Buy
Buy: 7
Sell: 2
Neutral: 2


Summary:Strong Buy","Jun 17, 2021 10:00PM GMT"
eur_usd,1.1909 +0.0003    +0.03%,18:01:40,2021-06-17 22:02:10.360128,"Prev. Close: 1.1906
Bid/Ask: 1.1908 / 1.1910
Day's Range: 1.1906 - 1.1909",Strong Sell,"Summary:Strong Sell
Moving Averages:SellBuy (1)Sell (11)
Technical Indicators:Strong SellBuy (0)Sell (10)","Name
S3
S2
S1
Pivot Points
R1
R2
R3
Classic
1.1902
1.1904
1.1905
1.1907
1.1909
1.1910
1.1912
Fibonacci
1.1904
1.1905
1.1906
1.1907
1.1908
1.1909
1.1910
Camarilla
1.1906
1.1906
1.1906
1.1907
1.1907
1.1907
1.1907
Woodie's
1.1902
1.1904
1.1905
1.1907
1.1909
1.1910
1.1912
DeMark's
-
-
1.1904
1.1906
1.1908
-
-","Technical IndicatorsJun 17, 2021 10:01PM GMT
Name
Value
Action
RSI(14)
28.170
Sell
STOCH(9,6)
27.546
Sell
STOCHRSI(14)
100.000
Overbought
MACD(12,26)
-0.004
Sell
ADX(14)
42.543
Sell
Williams %R
-76.923
Sell
CCI(14)
-78.9012
Sell
ATR(14)
0.0017
Less Volatility
Highs/Lows(14)
-0.0007
Sell
Ultimate Oscillator
38.887
Sell
ROC
-0.343
Sell
Bull/Bear Power(13)
-0.0026
Sell
Buy: 0
Sell: 10
Neutral: 0


Summary:Strong Sell","Jun 17, 2021 10:01PM GMT"
gbp_usd,1.3924 +0.0005    +0.04%,18:01:39,2021-06-17 22:02:10.364110,"Prev. Close: 1.3919
Bid/Ask: 1.3922 / 1.3926
Day's Range: 1.3915 - 1.3931",Strong Sell,"Summary:Strong Sell
Moving Averages:Strong SellBuy (0)Sell (12)
Technical Indicators:Strong SellBuy (0)Sell (10)","Name
S3
S2
S1
Pivot Points
R1
R2
R3
Classic
1.3912
1.3916
1.3921
1.3925
1.3930
1.3934
1.3940
Fibonacci
1.3916
1.3919
1.3922
1.3925
1.3928
1.3931
1.3934
Camarilla
1.3924
1.3925
1.3926
1.3925
1.3927
1.3928
1.3929
Woodie's
1.3912
1.3916
1.3921
1.3925
1.3930
1.3934
1.3940
DeMark's
-
-
1.3923
1.3926
1.3932
-
-","Technical IndicatorsJun 17, 2021 10:00PM GMT
Name
Value
Action
RSI(14)
35.423
Sell
STOCH(9,6)
31.115
Sell
STOCHRSI(14)
90.355
Overbought
MACD(12,26)
-0.003
Sell
ADX(14)
39.151
Sell
Williams %R
-75.253
Sell
CCI(14)
-72.5989
Sell
ATR(14)
0.0025
High Volatility
Highs/Lows(14)
-0.0006
Sell
Ultimate Oscillator
33.554
Sell
ROC
-0.390
Sell
Bull/Bear Power(13)
-0.0015
Sell
Buy: 0
Sell: 10
Neutral: 0


Summary:Strong Sell","Jun 17, 2021 10:00PM GMT"
usd_jpy,110.24 +0.04    +0.04%,18:01:43,2021-06-17 22:02:10.367231,"Prev. Close: 110.20
Bid/Ask: 110.23 / 110.25
Day's Range: 110.17 - 110.83",Sell,"Summary:Sell
Moving Averages:NeutralBuy (6)Sell (6)
Technical Indicators:Strong SellBuy (0)Sell (7)","Name
S3
S2
S1
Pivot Points
R1
R2
R3
Classic
110.11
110.16
110.19
110.24
110.27
110.32
110.34
Fibonacci
110.16
110.19
110.21
110.24
110.27
110.29
110.32
Camarilla
110.19
110.20
110.21
110.24
110.22
110.23
110.24
Woodie's
110.09
110.15
110.17
110.23
110.25
110.31
110.32
DeMark's
-
-
110.17
110.23
110.25
-
-","Technical IndicatorsJun 17, 2021 10:00PM GMT
Name
Value
Action
RSI(14)
42.723
Sell
STOCH(9,6)
16.544
Oversold
STOCHRSI(14)
16.245
Oversold
MACD(12,26)
-0.030
Sell
ADX(14)
33.312
Sell
Williams %R
-84.873
Oversold
CCI(14)
-74.6331
Sell
ATR(14)
0.1243
Less Volatility
Highs/Lows(14)
-0.0971
Sell
Ultimate Oscillator
49.506
Neutral
ROC
-0.289
Sell
Bull/Bear Power(13)
-0.2570
Sell
Buy: 0
Sell: 7
Neutral: 1


Summary:Strong Sell","Jun 17, 2021 10:00PM GMT"
aud_usd,0.7552 +0.0002    +0.03%,18:01:36,2021-06-17 22:02:10.370155,"Prev. Close: 0.7550
Bid/Ask: 0.7550 / 0.7554
Day's Range: 0.7547 - 0.7557",Strong Sell,"Summary:Strong Sell
Moving Averages:SellBuy (1)Sell (11)
Technical Indicators:Strong SellBuy (0)Sell (9)","Name
S3
S2
S1
Pivot Points
R1
R2
R3
Classic
0.7538
0.7543
0.7548
0.7552
0.7557
0.7561
0.7566
Fibonacci
0.7543
0.7546
0.7548
0.7552
0.7556
0.7558
0.7561
Camarilla
0.7550
0.7551
0.7552
0.7552
0.7553
0.7554
0.7555
Woodie's
0.7538
0.7543
0.7548
0.7552
0.7557
0.7561
0.7566
DeMark's
-
-
0.7545
0.7551
0.7554
-
-","Technical IndicatorsJun 17, 2021 10:01PM GMT
Name
Value
Action
RSI(14)
28.907
Sell
STOCH(9,6)
24.165
Sell
STOCHRSI(14)
95.913
Overbought
MACD(12,26)
-0.003
Sell
ADX(14)
53.172
Sell
Williams %R
-82.443
Oversold
CCI(14)
-83.4515
Sell
ATR(14)
0.0015
Less Volatility
Highs/Lows(14)
-0.0005
Sell
Ultimate Oscillator
36.327
Sell
ROC
-0.658
Sell
Bull/Bear Power(13)
-0.0018
Sell
Buy: 0
Sell: 9
Neutral: 0


Summary:Strong Sell","Jun 17, 2021 10:01PM GMT"
eur_gbp,0.8553 +0.0002    +0.02%,18:01:43,2021-06-17 22:02:10.373079,"Prev. Close: 0.8551
Bid/Ask: 0.8551 / 0.8555
Day's Range: 0.8549 - 0.8557",Strong Sell,"Summary:Strong Sell
Moving Averages:Strong SellBuy (0)Sell (12)
Technical Indicators:Strong SellBuy (3)Sell (7)","Name
S3
S2
S1
Pivot Points
R1
R2
R3
Classic
0.8541
0.8545
0.8549
0.8553
0.8558
0.8561
0.8566
Fibonacci
0.8545
0.8548
0.8550
0.8553
0.8556
0.8558
0.8561
Camarilla
0.8551
0.8552
0.8552
0.8553
0.8554
0.8554
0.8555
Woodie's
0.8541
0.8545
0.8549
0.8553
0.8558
0.8561
0.8566
DeMark's
-
-
0.8551
0.8554
0.8559
-
-","Technical IndicatorsJun 17, 2021 10:01PM GMT
Name
Value
Action
RSI(14)
37.405
Sell
STOCH(9,6)
35.185
Sell
STOCHRSI(14)
59.391
Buy
MACD(12,26)
-0.001
Sell
ADX(14)
39.954
Sell
Williams %R
-74.074
Sell
CCI(14)
-80.3251
Sell
ATR(14)
0.0010
Less Volatility
Highs/Lows(14)
0.0000
Neutral
Ultimate Oscillator
51.836
Buy
ROC
0.041
Buy
Bull/Bear Power(13)
-0.0017
Sell
Buy: 3
Sell: 7
Neutral: 1


Summary:Strong Sell","Jun 17, 2021 10:01PM GMT"
usd_cad,1.2356 -0.0006    -0.04%,18:01:36,2021-06-17 22:02:10.375999,"Prev. Close: 1.2361
Bid/Ask: 1.2354 / 1.2357
Day's Range: 1.2351 - 1.2368",Strong Buy,"Summary:Strong Buy
Moving Averages:BuyBuy (12)Sell (0)
Technical Indicators:Strong BuyBuy (9)Sell (1)","Name
S3
S2
S1
Pivot Points
R1
R2
R3
Classic
1.2342
1.2346
1.2353
1.2357
1.2364
1.2368
1.2375
Fibonacci
1.2346
1.2350
1.2353
1.2357
1.2361
1.2364
1.2368
Camarilla
1.2358
1.2359
1.2360
1.2357
1.2362
1.2363
1.2364
Woodie's
1.2344
1.2347
1.2355
1.2358
1.2366
1.2369
1.2377
DeMark's
-
-
1.2356
1.2358
1.2366
-
-","Technical IndicatorsJun 17, 2021 10:00PM GMT
Name
Value
Action
RSI(14)
71.093
Buy
STOCH(9,6)
74.984
Buy
STOCHRSI(14)
37.789
Sell
MACD(12,26)
0.003
Buy
ADX(14)
45.997
Buy
Williams %R
-22.286
Buy
CCI(14)
112.3335
Buy
ATR(14)
0.0024
Less Volatility
Highs/Lows(14)
0.0009
Buy
Ultimate Oscillator
70.635
Overbought
ROC
0.459
Buy
Bull/Bear Power(13)
0.0039
Buy
Buy: 9
Sell: 1
Neutral: 0


Summary:Strong Buy","Jun 17, 2021 10:00PM GMT"
usd_chf,0.9177 +0.0004    +0.04%,18:01:29,2021-06-17 22:02:10.378914,"Prev. Close: 0.9173
Bid/Ask: 0.9173 / 0.9181
Day's Range: 0.9169 - 0.9183",Strong Buy,"Summary:Strong Buy
Moving Averages:BuyBuy (12)Sell (0)
Technical Indicators:Strong BuyBuy (9)Sell (0)","Name
S3
S2
S1
Pivot Points
R1
R2
R3
Classic
0.9166
0.9170
0.9173
0.9177
0.9180
0.9184
0.9187
Fibonacci
0.9170
0.9173
0.9174
0.9177
0.9180
0.9181
0.9184
Camarilla
0.9173
0.9174
0.9174
0.9177
0.9176
0.9176
0.9177
Woodie's
0.9164
0.9169
0.9171
0.9176
0.9178
0.9183
0.9185
DeMark's
-
-
0.9171
0.9176
0.9178
-
-","Technical IndicatorsJun 17, 2021 10:00PM GMT
Name
Value
Action
RSI(14)
74.937
Buy
STOCH(9,6)
79.938
Buy
STOCHRSI(14)
1.931
Oversold
MACD(12,26)
0.003
Buy
ADX(14)
41.373
Buy
Williams %R
-17.143
Overbought
CCI(14)
89.3616
Buy
ATR(14)
0.0016
High Volatility
Highs/Lows(14)
0.0008
Buy
Ultimate Oscillator
66.246
Buy
ROC
0.603
Buy
Bull/Bear Power(13)
0.0031
Buy
Buy: 9
Sell: 0
Neutral: 0


Summary:Strong Buy","Jun 17, 2021 10:00PM GMT"
nzd_chf,0.6428 +0.0009    +0.14%,18:01:39,2021-06-17 22:02:10.381807,"Prev. Close: 0.6419
Bid/Ask: 0.6426 / 0.6430
Day's Range: 0.6421 - 0.6434",Neutral,"Summary:Neutral
Moving Averages:BuyBuy (9)Sell (3)
Technical Indicators:SellBuy (3)Sell (4)","Name
S3
S2
S1
Pivot Points
R1
R2
R3
Classic
0.6407
0.6414
0.6420
0.6427
0.6433
0.6440
0.6447
Fibonacci
0.6414
0.6419
0.6422
0.6427
0.6432
0.6435
0.6440
Camarilla
0.6421
0.6423
0.6424
0.6427
0.6426
0.6427
0.6429
Woodie's
0.6405
0.6413
0.6418
0.6426
0.6431
0.6439
0.6445
DeMark's
-
-
0.6416
0.6425
0.6429
-
-","Technical IndicatorsJun 17, 2021 10:01PM GMT
Name
Value
Action
RSI(14)
51.942
Neutral
STOCH(9,6)
60.247
Buy
STOCHRSI(14)
64.485
Buy
MACD(12,26)
0.000
Buy
ADX(14)
33.283
Sell
Williams %R
-52.222
Neutral
CCI(14)
13.3330
Neutral
ATR(14)
0.0012
Less Volatility
Highs/Lows(14)
0.0000
Neutral
Ultimate Oscillator
36.709
Sell
ROC
-0.310
Sell
Bull/Bear Power(13)
-0.0006
Sell
Buy: 3
Sell: 4
Neutral: 4


Summary:Sell","Jun 17, 2021 10:01PM GMT"
usd_cny,6.4484 +0.0515    +0.80%,11:27:22,2021-06-17 22:02:10.384715,"Prev. Close: 6.3969
Bid/Ask: 6.4477 / 6.4490
Day's Range: 6.3972 - 6.4494",Strong Buy,"Summary:Strong Buy
Moving Averages:BuyBuy (12)Sell (0)
Technical Indicators:Strong BuyBuy (7)Sell (0)","Name
S3
S2
S1
Pivot Points
R1
R2
R3
Classic
6.4380
6.4399
6.4436
6.4455
6.4492
6.4511
6.4548
Fibonacci
6.4399
6.4420
6.4434
6.4455
6.4476
6.4490
6.4511
Camarilla
6.4458
6.4463
6.4468
6.4455
6.4479
6.4484
6.4489
Woodie's
6.4390
6.4404
6.4446
6.4460
6.4502
6.4516
6.4558
DeMark's
-
-
6.4446
6.4460
6.4502
-
-","Technical IndicatorsJun 17, 2021 03:34PM GMT
Name
Value
Action
RSI(14)
85.433
Overbought
STOCH(9,6)
77.649
Buy
STOCHRSI(14)
100.000
Overbought
MACD(12,26)
0.011
Buy
ADX(14)
61.337
Buy
Williams %R
-3.426
Overbought
CCI(14)
151.8010
Buy
ATR(14)
0.0041
Less Volatility
Highs/Lows(14)
0.0141
Buy
Ultimate Oscillator
82.973
Overbought
ROC
0.391
Buy
Bull/Bear Power(13)
0.0286
Buy
Buy: 7
Sell: 0
Neutral: 0


Summary:Strong Buy","Jun 17, 2021 03:34PM GMT"
usd_hkd,7.7647 +0.0003    +0.00%,18:01:29,2021-06-17 22:02:10.387626,"Prev. Close: 7.7644
Bid/Ask: 7.7646 / 7.7647
Day's Range: 7.7644 - 7.7650",Buy,"Summary:Buy
Moving Averages:BuyBuy (9)Sell (3)
Technical Indicators:BUYBuy (5)Sell (1)","Name
S3
S2
S1
Pivot Points
R1
R2
R3
Classic
7.7639
7.7641
7.7645
7.7647
7.7651
7.7653
7.7656
Fibonacci
7.7641
7.7643
7.7645
7.7647
7.7649
7.7651
7.7653
Camarilla
7.7646
7.7646
7.7647
7.7647
7.7648
7.7649
7.7649
Woodie's
7.7639
7.7641
7.7645
7.7647
7.7651
7.7653
7.7656
DeMark's
-
-
7.7645
7.7647
7.7651
-
-","Technical IndicatorsJun 17, 2021 10:01PM GMT
Name
Value
Action
RSI(14)
54.107
Neutral
STOCH(9,6)
64.243
Buy
STOCHRSI(14)
26.111
Sell
MACD(12,26)
0.000
Buy
ADX(14)
27.880
Neutral
Williams %R
-52.622
Neutral
CCI(14)
14.6888
Neutral
ATR(14)
0.0008
Less Volatility
Highs/Lows(14)
0.0000
Neutral
Ultimate Oscillator
55.090
Buy
ROC
0.006
Buy
Bull/Bear Power(13)
0.0012
Buy
Buy: 5
Sell: 1
Neutral: 5


Summary:BUY","Jun 17, 2021 10:01PM GMT"
eur_usd,1.1908 +0.0002    +0.02%,18:02:31,2021-06-17 22:03:09.977860,"Prev. Close: 1.1906
Bid/Ask: 1.1906 / 1.1910
Day's Range: 1.1906 - 1.1909",Strong Sell,"Summary:Strong Sell
Moving Averages:SellBuy (1)Sell (11)
Technical Indicators:Strong SellBuy (0)Sell (10)","Name
S3
S2
S1
Pivot Points
R1
R2
R3
Classic
1.1902
1.1904
1.1905
1.1907
1.1909
1.1910
1.1912
Fibonacci
1.1904
1.1905
1.1906
1.1907
1.1908
1.1909
1.1910
Camarilla
1.1906
1.1906
1.1906
1.1907
1.1907
1.1907
1.1907
Woodie's
1.1902
1.1904
1.1905
1.1907
1.1909
1.1910
1.1912
DeMark's
-
-
1.1904
1.1906
1.1908
-
-","Technical IndicatorsJun 17, 2021 10:01PM GMT
Name
Value
Action
RSI(14)
28.170
Sell
STOCH(9,6)
27.546
Sell
STOCHRSI(14)
100.000
Overbought
MACD(12,26)
-0.004
Sell
ADX(14)
42.543
Sell
Williams %R
-76.923
Sell
CCI(14)
-78.9012
Sell
ATR(14)
0.0017
Less Volatility
Highs/Lows(14)
-0.0007
Sell
Ultimate Oscillator
38.887
Sell
ROC
-0.343
Sell
Bull/Bear Power(13)
-0.0026
Sell
Buy: 0
Sell: 10
Neutral: 0


Summary:Strong Sell","Jun 17, 2021 10:01PM GMT"
gbp_usd,1.3926 +0.0007    +0.05%,18:02:47,2021-06-17 22:03:09.981912,"Prev. Close: 1.3919
Bid/Ask: 1.3925 / 1.3927
Day's Range: 1.3915 - 1.3931",Strong Sell,"Summary:Strong Sell
Moving Averages:SellBuy (2)Sell (10)
Technical Indicators:Strong SellBuy (0)Sell (9)","Name
S3
S2
S1
Pivot Points
R1
R2
R3
Classic
1.3898
1.3907
1.3914
1.3922
1.3929
1.3937
1.3944
Fibonacci
1.3907
1.3912
1.3916
1.3922
1.3928
1.3932
1.3937
Camarilla
1.3916
1.3918
1.3919
1.3922
1.3922
1.3923
1.3925
Woodie's
1.3898
1.3907
1.3914
1.3922
1.3929
1.3937
1.3944
DeMark's
-
-
1.3910
1.3920
1.3926
-
-","Technical IndicatorsJun 17, 2021 10:02PM GMT
Name
Value
Action
RSI(14)
36.639
Sell
STOCH(9,6)
38.007
Sell
STOCHRSI(14)
99.315
Overbought
MACD(12,26)
-0.003
Sell
ADX(14)
41.814
Sell
Williams %R
-68.927
Sell
CCI(14)
-61.6492
Sell
ATR(14)
0.0023
Less Volatility
Highs/Lows(14)
0.0000
Neutral
Ultimate Oscillator
41.150
Sell
ROC
-0.383
Sell
Bull/Bear Power(13)
-0.0013
Sell
Buy: 0
Sell: 9
Neutral: 1


Summary:Strong Sell","Jun 17, 2021 10:02PM GMT"
usd_jpy,110.24 +0.04    +0.04%,18:02:38,2021-06-17 22:03:09.985366,"Prev. Close: 110.20
Bid/Ask: 110.23 / 110.25
Day's Range: 110.17 - 110.83",Sell,"Summary:Sell
Moving Averages:NeutralBuy (6)Sell (6)
Technical Indicators:Strong SellBuy (0)Sell (7)","Name
S3
S2
S1
Pivot Points
R1
R2
R3
Classic
110.11
110.16
110.19
110.24
110.27
110.32
110.34
Fibonacci
110.16
110.19
110.21
110.24
110.27
110.29
110.32
Camarilla
110.19
110.20
110.21
110.24
110.22
110.23
110.24
Woodie's
110.09
110.15
110.17
110.23
110.25
110.31
110.32
DeMark's
-
-
110.17
110.23
110.25
-
-","Technical IndicatorsJun 17, 2021 10:00PM GMT
Name
Value
Action
RSI(14)
42.723
Sell
STOCH(9,6)
16.544
Oversold
STOCHRSI(14)
16.245
Oversold
MACD(12,26)
-0.030
Sell
ADX(14)
33.312
Sell
Williams %R
-84.873
Oversold
CCI(14)
-74.6331
Sell
ATR(14)
0.1243
Less Volatility
Highs/Lows(14)
-0.0971
Sell
Ultimate Oscillator
49.506
Neutral
ROC
-0.289
Sell
Bull/Bear Power(13)
-0.2570
Sell
Buy: 0
Sell: 7
Neutral: 1


Summary:Strong Sell","Jun 17, 2021 10:00PM GMT"
aud_usd,0.7553 +0.0003    +0.03%,18:02:51,2021-06-17 22:03:09.988690,"Prev. Close: 0.7550
Bid/Ask: 0.7551 / 0.7554
Day's Range: 0.7547 - 0.7557",Strong Sell,"Summary:Strong Sell
Moving Averages:SellBuy (1)Sell (11)
Technical Indicators:Strong SellBuy (0)Sell (9)","Name
S3
S2
S1
Pivot Points
R1
R2
R3
Classic
0.7538
0.7543
0.7548
0.7552
0.7557
0.7561
0.7566
Fibonacci
0.7543
0.7546
0.7548
0.7552
0.7556
0.7558
0.7561
Camarilla
0.7550
0.7551
0.7552
0.7552
0.7553
0.7554
0.7555
Woodie's
0.7538
0.7543
0.7548
0.7552
0.7557
0.7561
0.7566
DeMark's
-
-
0.7545
0.7551
0.7554
-
-","Technical IndicatorsJun 17, 2021 10:01PM GMT
Name
Value
Action
RSI(14)
28.907
Sell
STOCH(9,6)
24.165
Sell
STOCHRSI(14)
95.913
Overbought
MACD(12,26)
-0.003
Sell
ADX(14)
53.172
Sell
Williams %R
-82.443
Oversold
CCI(14)
-83.4515
Sell
ATR(14)
0.0015
Less Volatility
Highs/Lows(14)
-0.0005
Sell
Ultimate Oscillator
36.327
Sell
ROC
-0.658
Sell
Bull/Bear Power(13)
-0.0018
Sell
Buy: 0
Sell: 9
Neutral: 0


Summary:Strong Sell","Jun 17, 2021 10:01PM GMT"
eur_gbp,0.8552 +0.0001    +0.01%,18:02:52,2021-06-17 22:03:09.991915,"Prev. Close: 0.8551
Bid/Ask: 0.8550 / 0.8554
Day's Range: 0.8549 - 0.8557",Strong Sell,"Summary:Strong Sell
Moving Averages:Strong SellBuy (0)Sell (12)
Technical Indicators:Strong SellBuy (3)Sell (7)","Name
S3
S2
S1
Pivot Points
R1
R2
R3
Classic
0.8541
0.8545
0.8549
0.8553
0.8558
0.8561
0.8566
Fibonacci
0.8545
0.8548
0.8550
0.8553
0.8556
0.8558
0.8561
Camarilla
0.8551
0.8552
0.8552
0.8553
0.8554
0.8554
0.8555
Woodie's
0.8541
0.8545
0.8549
0.8553
0.8558
0.8561
0.8566
DeMark's
-
-
0.8551
0.8554
0.8559
-
-","Technical IndicatorsJun 17, 2021 10:01PM GMT
Name
Value
Action
RSI(14)
37.405
Sell
STOCH(9,6)
35.185
Sell
STOCHRSI(14)
59.391
Buy
MACD(12,26)
-0.001
Sell
ADX(14)
39.954
Sell
Williams %R
-74.074
Sell
CCI(14)
-80.3251
Sell
ATR(14)
0.0010
Less Volatility
Highs/Lows(14)
0.0000
Neutral
Ultimate Oscillator
51.836
Buy
ROC
0.041
Buy
Bull/Bear Power(13)
-0.0017
Sell
Buy: 3
Sell: 7
Neutral: 1


Summary:Strong Sell","Jun 17, 2021 10:01PM GMT"
usd_cad,1.2355 -0.0006    -0.05%,18:02:53,2021-06-17 22:03:09.995022,"Prev. Close: 1.2361
Bid/Ask: 1.2353 / 1.2357
Day's Range: 1.2351 - 1.2368",Strong Buy,"Summary:Strong Buy
Moving Averages:BuyBuy (10)Sell (2)
Technical Indicators:Strong BuyBuy (10)Sell (0)","Name
S3
S2
S1
Pivot Points
R1
R2
R3
Classic
1.2333
1.2342
1.2350
1.2359
1.2367
1.2376
1.2384
Fibonacci
1.2342
1.2348
1.2353
1.2359
1.2365
1.2370
1.2376
Camarilla
1.2353
1.2355
1.2356
1.2359
1.2360
1.2361
1.2363
Woodie's
1.2333
1.2342
1.2350
1.2359
1.2367
1.2376
1.2384
DeMark's
-
-
1.2346
1.2357
1.2363
-
-","Technical IndicatorsJun 17, 2021 10:02PM GMT
Name
Value
Action
RSI(14)
69.022
Buy
STOCH(9,6)
73.527
Buy
STOCHRSI(14)
22.168
Oversold
MACD(12,26)
0.003
Buy
ADX(14)
50.620
Buy
Williams %R
-27.879
Buy
CCI(14)
81.2831
Buy
ATR(14)
0.0023
Less Volatility
Highs/Lows(14)
0.0003
Buy
Ultimate Oscillator
64.259
Buy
ROC
0.341
Buy
Bull/Bear Power(13)
0.0032
Buy
Buy: 10
Sell: 0
Neutral: 0


Summary:Strong Buy","Jun 17, 2021 10:02PM GMT"
usd_chf,0.9176 +0.0003    +0.03%,18:02:43,2021-06-17 22:03:09.998007,"Prev. Close: 0.9173
Bid/Ask: 0.9172 / 0.9180
Day's Range: 0.9169 - 0.9183",Strong Buy,"Summary:Strong Buy
Moving Averages:BuyBuy (12)Sell (0)
Technical Indicators:Strong BuyBuy (8)Sell (0)","Name
S3
S2
S1
Pivot Points
R1
R2
R3
Classic
0.9155
0.9161
0.9169
0.9176
0.9184
0.9191
0.9198
Fibonacci
0.9161
0.9167
0.9170
0.9176
0.9182
0.9185
0.9191
Camarilla
0.9172
0.9173
0.9175
0.9176
0.9177
0.9179
0.9180
Woodie's
0.9155
0.9161
0.9169
0.9176
0.9184
0.9191
0.9198
DeMark's
-
-
0.9165
0.9174
0.9180
-
-","Technical IndicatorsJun 17, 2021 10:02PM GMT
Name
Value
Action
RSI(14)
75.187
Overbought
STOCH(9,6)
75.758
Buy
STOCHRSI(14)
3.969
Oversold
MACD(12,26)
0.003
Buy
ADX(14)
40.046
Buy
Williams %R
-18.803
Overbought
CCI(14)
77.6146
Buy
ATR(14)
0.0014
Less Volatility
Highs/Lows(14)
0.0006
Buy
Ultimate Oscillator
60.524
Buy
ROC
0.443
Buy
Bull/Bear Power(13)
0.0032
Buy
Buy: 8
Sell: 0
Neutral: 0


Summary:Strong Buy","Jun 17, 2021 10:02PM GMT"
nzd_chf,0.6431 +0.0012    +0.19%,18:02:52,2021-06-17 22:03:10.000976,"Prev. Close: 0.6419
Bid/Ask: 0.6427 / 0.6435
Day's Range: 0.6421 - 0.6434",Neutral,"Summary:Neutral
Moving Averages:BuyBuy (9)Sell (3)
Technical Indicators:SellBuy (3)Sell (4)","Name
S3
S2
S1
Pivot Points
R1
R2
R3
Classic
0.6407
0.6414
0.6420
0.6427
0.6433
0.6440
0.6447
Fibonacci
0.6414
0.6419
0.6422
0.6427
0.6432
0.6435
0.6440
Camarilla
0.6421
0.6423
0.6424
0.6427
0.6426
0.6427
0.6429
Woodie's
0.6405
0.6413
0.6418
0.6426
0.6431
0.6439
0.6445
DeMark's
-
-
0.6416
0.6425
0.6429
-
-","Technical IndicatorsJun 17, 2021 10:01PM GMT
Name
Value
Action
RSI(14)
51.942
Neutral
STOCH(9,6)
60.247
Buy
STOCHRSI(14)
64.485
Buy
MACD(12,26)
0.000
Buy
ADX(14)
33.283
Sell
Williams %R
-52.222
Neutral
CCI(14)
13.3330
Neutral
ATR(14)
0.0012
Less Volatility
Highs/Lows(14)
0.0000
Neutral
Ultimate Oscillator
36.709
Sell
ROC
-0.310
Sell
Bull/Bear Power(13)
-0.0006
Sell
Buy: 3
Sell: 4
Neutral: 4


Summary:Sell","Jun 17, 2021 10:01PM GMT"
usd_cny,6.4484 +0.0515    +0.80%,11:27:22,2021-06-17 22:03:10.003944,"Prev. Close: 6.3969
Bid/Ask: 6.4477 / 6.4490
Day's Range: 6.3972 - 6.4494",Strong Buy,"Summary:Strong Buy
Moving Averages:BuyBuy (12)Sell (0)
Technical Indicators:Strong BuyBuy (7)Sell (0)","Name
S3
S2
S1
Pivot Points
R1
R2
R3
Classic
6.4380
6.4399
6.4436
6.4455
6.4492
6.4511
6.4548
Fibonacci
6.4399
6.4420
6.4434
6.4455
6.4476
6.4490
6.4511
Camarilla
6.4458
6.4463
6.4468
6.4455
6.4479
6.4484
6.4489
Woodie's
6.4390
6.4404
6.4446
6.4460
6.4502
6.4516
6.4558
DeMark's
-
-
6.4446
6.4460
6.4502
-
-","Technical IndicatorsJun 17, 2021 03:34PM GMT
Name
Value
Action
RSI(14)
85.433
Overbought
STOCH(9,6)
77.649
Buy
STOCHRSI(14)
100.000
Overbought
MACD(12,26)
0.011
Buy
ADX(14)
61.337
Buy
Williams %R
-3.426
Overbought
CCI(14)
151.8010
Buy
ATR(14)
0.0041
Less Volatility
Highs/Lows(14)
0.0141
Buy
Ultimate Oscillator
82.973
Overbought
ROC
0.391
Buy
Bull/Bear Power(13)
0.0286
Buy
Buy: 7
Sell: 0
Neutral: 0


Summary:Strong Buy","Jun 17, 2021 03:34PM GMT"
usd_hkd,7.7647 +0.0003    +0.00%,18:02:29,2021-06-17 22:03:10.006910,"Prev. Close: 7.7644
Bid/Ask: 7.7645 / 7.7648
Day's Range: 7.7644 - 7.7650",Buy,"Summary:Buy
Moving Averages:BuyBuy (9)Sell (3)
Technical Indicators:BUYBuy (5)Sell (1)","Name
S3
S2
S1
Pivot Points
R1
R2
R3
Classic
7.7639
7.7641
7.7645
7.7647
7.7651
7.7653
7.7656
Fibonacci
7.7641
7.7643
7.7645
7.7647
7.7649
7.7651
7.7653
Camarilla
7.7646
7.7646
7.7647
7.7647
7.7648
7.7649
7.7649
Woodie's
7.7639
7.7641
7.7645
7.7647
7.7651
7.7653
7.7656
DeMark's
-
-
7.7645
7.7647
7.7651
-
-","Technical IndicatorsJun 17, 2021 10:01PM GMT
Name
Value
Action
RSI(14)
54.107
Neutral
STOCH(9,6)
64.243
Buy
STOCHRSI(14)
26.111
Sell
MACD(12,26)
0.000
Buy
ADX(14)
27.880
Neutral
Williams %R
-52.622
Neutral
CCI(14)
14.6888
Neutral
ATR(14)
0.0008
Less Volatility
Highs/Lows(14)
0.0000
Neutral
Ultimate Oscillator
55.090
Buy
ROC
0.006
Buy
Bull/Bear Power(13)
0.0012
Buy
Buy: 5
Sell: 1
Neutral: 5


Summary:BUY","Jun 17, 2021 10:01PM GMT"
eur_usd,1.1909 +0.0003    +0.03%,18:03:38,2021-06-17 22:04:10.295542,"Prev. Close: 1.1906
Bid/Ask: 1.1907 / 1.1911
Day's Range: 1.1906 - 1.1909",Strong Sell,"Summary:Strong Sell
Moving Averages:SellBuy (1)Sell (11)
Technical Indicators:Strong SellBuy (0)Sell (10)","Name
S3
S2
S1
Pivot Points
R1
R2
R3
Classic
1.1902
1.1904
1.1905
1.1907
1.1909
1.1910
1.1912
Fibonacci
1.1904
1.1905
1.1906
1.1907
1.1908
1.1909
1.1910
Camarilla
1.1906
1.1906
1.1906
1.1907
1.1907
1.1907
1.1907
Woodie's
1.1902
1.1904
1.1905
1.1907
1.1909
1.1910
1.1912
DeMark's
-
-
1.1904
1.1906
1.1908
-
-","Technical IndicatorsJun 17, 2021 10:03PM GMT
Name
Value
Action
RSI(14)
28.745
Sell
STOCH(9,6)
27.872
Sell
STOCHRSI(14)
100.000
Overbought
MACD(12,26)
-0.004
Sell
ADX(14)
42.543
Sell
Williams %R
-75.386
Sell
CCI(14)
-75.4274
Sell
ATR(14)
0.0017
Less Volatility
Highs/Lows(14)
-0.0006
Sell
Ultimate Oscillator
39.050
Sell
ROC
-0.335
Sell
Bull/Bear Power(13)
-0.0025
Sell
Buy: 0
Sell: 10
Neutral: 0


Summary:Strong Sell","Jun 17, 2021 10:03PM GMT"
gbp_usd,1.3929 +0.0009    +0.07%,18:03:36,2021-06-17 22:04:10.299625,"Prev. Close: 1.3919
Bid/Ask: 1.3927 / 1.3930
Day's Range: 1.3915 - 1.3931",Strong Sell,"Summary:Strong Sell
Moving Averages:SellBuy (3)Sell (9)
Technical Indicators:Strong SellBuy (0)Sell (9)","Name
S3
S2
S1
Pivot Points
R1
R2
R3
Classic
1.3898
1.3907
1.3914
1.3922
1.3929
1.3937
1.3944
Fibonacci
1.3907
1.3912
1.3916
1.3922
1.3928
1.3932
1.3937
Camarilla
1.3916
1.3918
1.3919
1.3922
1.3922
1.3923
1.3925
Woodie's
1.3898
1.3907
1.3914
1.3922
1.3929
1.3937
1.3944
DeMark's
-
-
1.3910
1.3920
1.3926
-
-","Technical IndicatorsJun 17, 2021 10:03PM GMT
Name
Value
Action
RSI(14)
38.001
Sell
STOCH(9,6)
38.884
Sell
STOCHRSI(14)
100.000
Overbought
MACD(12,26)
-0.003
Sell
ADX(14)
41.814
Sell
Williams %R
-64.973
Sell
CCI(14)
-52.8589
Sell
ATR(14)
0.0023
Less Volatility
Highs/Lows(14)
0.0000
Neutral
Ultimate Oscillator
42.559
Sell
ROC
-0.358
Sell
Bull/Bear Power(13)
-0.0010
Sell
Buy: 0
Sell: 9
Neutral: 1


Summary:Strong Sell","Jun 17, 2021 10:03PM GMT"
usd_jpy,110.24 +0.04    +0.04%,,2021-06-17 22:04:10.303031,"Prev. Close: 110.20
Bid/Ask: 110.23 / 110.25
Day's Range: 110.17 - 110.83",Strong Sell,"Summary:Strong Sell
Moving Averages:SellBuy (4)Sell (8)
Technical Indicators:Strong SellBuy (0)Sell (8)","Name
S3
S2
S1
Pivot Points
R1
R2
R3
Classic
110.14
110.17
110.21
110.24
110.29
110.31
110.36
Fibonacci
110.17
110.19
110.21
110.24
110.27
110.29
110.31
Camarilla
110.24
110.25
110.25
110.24
110.27
110.27
110.28
Woodie's
110.16
110.18
110.23
110.25
110.31
110.32
110.38
DeMark's
-
-
110.23
110.25
110.30
-
-","Technical IndicatorsJun 17, 2021 10:02PM GMT
Name
Value
Action
RSI(14)
41.728
Sell
STOCH(9,6)
16.186
Oversold
STOCHRSI(14)
12.620
Oversold
MACD(12,26)
-0.030
Sell
ADX(14)
32.654
Sell
Williams %R
-88.235
Oversold
CCI(14)
-66.2260
Sell
ATR(14)
0.1154
Less Volatility
Highs/Lows(14)
-0.0954
Sell
Ultimate Oscillator
48.566
Sell
ROC
-0.366
Sell
Bull/Bear Power(13)
-0.1930
Sell
Buy: 0
Sell: 8
Neutral: 0


Summary:Strong Sell","Jun 17, 2021 10:02PM GMT"
aud_usd,0.7554 +0.0003    +0.05%,18:03:42,2021-06-17 22:04:10.306276,"Prev. Close: 0.7550
Bid/Ask: 0.7552 / 0.7555
Day's Range: 0.7547 - 0.7557",Strong Sell,"Summary:Strong Sell
Moving Averages:SellBuy (1)Sell (11)
Technical Indicators:Strong SellBuy (0)Sell (10)","Name
S3
S2
S1
Pivot Points
R1
R2
R3
Classic
0.7538
0.7543
0.7548
0.7552
0.7557
0.7561
0.7566
Fibonacci
0.7543
0.7546
0.7548
0.7552
0.7556
0.7558
0.7561
Camarilla
0.7550
0.7551
0.7552
0.7552
0.7553
0.7554
0.7555
Woodie's
0.7538
0.7543
0.7548
0.7552
0.7557
0.7561
0.7566
DeMark's
-
-
0.7545
0.7551
0.7554
-
-","Technical IndicatorsJun 17, 2021 10:03PM GMT
Name
Value
Action
RSI(14)
29.737
Sell
STOCH(9,6)
25.160
Sell
STOCHRSI(14)
100.000
Overbought
MACD(12,26)
-0.003
Sell
ADX(14)
53.172
Sell
Williams %R
-79.390
Sell
CCI(14)
-76.7613
Sell
ATR(14)
0.0015
Less Volatility
Highs/Lows(14)
-0.0003
Sell
Ultimate Oscillator
38.040
Sell
ROC
-0.631
Sell
Bull/Bear Power(13)
-0.0016
Sell
Buy: 0
Sell: 10
Neutral: 0


Summary:Strong Sell","Jun 17, 2021 10:03PM GMT"
eur_gbp,0.8551 -0.0001    -0.01%,18:03:43,2021-06-17 22:04:10.309441,"Prev. Close: 0.8551
Bid/Ask: 0.8549 / 0.8552
Day's Range: 0.8549 - 0.8557",Strong Sell,"Summary:Strong Sell
Moving Averages:Strong SellBuy (0)Sell (12)
Technical Indicators:Strong SellBuy (3)Sell (7)","Name
S3
S2
S1
Pivot Points
R1
R2
R3
Classic
0.8541
0.8545
0.8549
0.8553
0.8558
0.8561
0.8566
Fibonacci
0.8545
0.8548
0.8550
0.8553
0.8556
0.8558
0.8561
Camarilla
0.8551
0.8552
0.8552
0.8553
0.8554
0.8554
0.8555
Woodie's
0.8541
0.8545
0.8549
0.8553
0.8558
0.8561
0.8566
DeMark's
-
-
0.8551
0.8554
0.8559
-
-","Technical IndicatorsJun 17, 2021 10:03PM GMT
Name
Value
Action
RSI(14)
37.048
Sell
STOCH(9,6)
34.788
Sell
STOCHRSI(14)
57.349
Buy
MACD(12,26)
-0.001
Sell
ADX(14)
39.954
Sell
Williams %R
-75.927
Sell
CCI(14)
-77.1602
Sell
ATR(14)
0.0010
Less Volatility
Highs/Lows(14)
0.0000
Neutral
Ultimate Oscillator
51.077
Buy
ROC
0.035
Buy
Bull/Bear Power(13)
-0.0016
Sell
Buy: 3
Sell: 7
Neutral: 1


Summary:Strong Sell","Jun 17, 2021 10:03PM GMT"
usd_cad,1.2354 -0.0008    -0.06%,18:03:42,2021-06-17 22:04:10.312516,"Prev. Close: 1.2361
Bid/Ask: 1.2353 / 1.2354
Day's Range: 1.2351 - 1.2368",Strong Buy,"Summary:Strong Buy
Moving Averages:BuyBuy (10)Sell (2)
Technical Indicators:Strong BuyBuy (10)Sell (1)","Name
S3
S2
S1
Pivot Points
R1
R2
R3
Classic
1.2333
1.2342
1.2350
1.2359
1.2367
1.2376
1.2384
Fibonacci
1.2342
1.2348
1.2353
1.2359
1.2365
1.2370
1.2376
Camarilla
1.2353
1.2355
1.2356
1.2359
1.2360
1.2361
1.2363
Woodie's
1.2333
1.2342
1.2350
1.2359
1.2367
1.2376
1.2384
DeMark's
-
-
1.2346
1.2357
1.2363
-
-","Technical IndicatorsJun 17, 2021 10:03PM GMT
Name
Value
Action
RSI(14)
69.602
Buy
STOCH(9,6)
73.760
Buy
STOCHRSI(14)
26.542
Sell
MACD(12,26)
0.003
Buy
ADX(14)
50.620
Buy
Williams %R
-26.667
Buy
CCI(14)
79.0628
Buy
ATR(14)
0.0023
Less Volatility
Highs/Lows(14)
0.0004
Buy
Ultimate Oscillator
65.427
Buy
ROC
0.349
Buy
Bull/Bear Power(13)
0.0030
Buy
Buy: 10
Sell: 1
Neutral: 0


Summary:Strong Buy","Jun 17, 2021 10:03PM GMT"
usd_chf,0.9177 +0.0003    +0.04%,18:03:34,2021-06-17 22:04:10.315534,"Prev. Close: 0.9173
Bid/Ask: 0.9176 / 0.9177
Day's Range: 0.9169 - 0.9183",Strong Buy,"Summary:Strong Buy
Moving Averages:BuyBuy (12)Sell (0)
Technical Indicators:Strong BuyBuy (8)Sell (0)","Name
S3
S2
S1
Pivot Points
R1
R2
R3
Classic
0.9155
0.9161
0.9169
0.9176
0.9184
0.9191
0.9198
Fibonacci
0.9161
0.9167
0.9170
0.9176
0.9182
0.9185
0.9191
Camarilla
0.9172
0.9173
0.9175
0.9176
0.9177
0.9179
0.9180
Woodie's
0.9155
0.9161
0.9169
0.9176
0.9184
0.9191
0.9198
DeMark's
-
-
0.9165
0.9174
0.9180
-
-","Technical IndicatorsJun 17, 2021 10:03PM GMT
Name
Value
Action
RSI(14)
75.187
Overbought
STOCH(9,6)
75.758
Buy
STOCHRSI(14)
3.969
Oversold
MACD(12,26)
0.003
Buy
ADX(14)
40.046
Buy
Williams %R
-18.803
Overbought
CCI(14)
77.6146
Buy
ATR(14)
0.0014
Less Volatility
Highs/Lows(14)
0.0006
Buy
Ultimate Oscillator
60.524
Buy
ROC
0.443
Buy
Bull/Bear Power(13)
0.0032
Buy
Buy: 8
Sell: 0
Neutral: 0


Summary:Strong Buy","Jun 17, 2021 10:03PM GMT"
nzd_chf,0.6431 +0.0012    +0.19%,18:03:42,2021-06-17 22:04:10.318492,"Prev. Close: 0.6419
Bid/Ask: 0.6429 / 0.6433
Day's Range: 0.6421 - 0.6434",Strong Buy,"Summary:Strong Buy
Moving Averages:BuyBuy (10)Sell (2)
Technical Indicators:Strong BuyBuy (6)Sell (4)","Name
S3
S2
S1
Pivot Points
R1
R2
R3
Classic
0.6407
0.6414
0.6420
0.6427
0.6433
0.6440
0.6447
Fibonacci
0.6414
0.6419
0.6422
0.6427
0.6432
0.6435
0.6440
Camarilla
0.6421
0.6423
0.6424
0.6427
0.6426
0.6427
0.6429
Woodie's
0.6405
0.6413
0.6418
0.6426
0.6431
0.6439
0.6445
DeMark's
-
-
0.6416
0.6425
0.6429
-
-","Technical IndicatorsJun 17, 2021 10:03PM GMT
Name
Value
Action
RSI(14)
55.248
Buy
STOCH(9,6)
64.194
Buy
STOCHRSI(14)
81.196
Overbought
MACD(12,26)
0.000
Buy
ADX(14)
33.283
Sell
Williams %R
-42.223
Buy
CCI(14)
53.7448
Buy
ATR(14)
0.0012
Less Volatility
Highs/Lows(14)
0.0000
Buy
Ultimate Oscillator
40.395
Sell
ROC
-0.240
Sell
Bull/Bear Power(13)
-0.0002
Sell
Buy: 6
Sell: 4
Neutral: 0


Summary:Strong Buy","Jun 17, 2021 10:03PM GMT"
usd_cny,6.4484 +0.0515    +0.80%,11:27:22,2021-06-17 22:04:10.321454,"Prev. Close: 6.3969
Bid/Ask: 6.4477 / 6.4490
Day's Range: 6.3972 - 6.4494",Strong Buy,"Summary:Strong Buy
Moving Averages:BuyBuy (12)Sell (0)
Technical Indicators:Strong BuyBuy (7)Sell (0)","Name
S3
S2
S1
Pivot Points
R1
R2
R3
Classic
6.4380
6.4399
6.4436
6.4455
6.4492
6.4511
6.4548
Fibonacci
6.4399
6.4420
6.4434
6.4455
6.4476
6.4490
6.4511
Camarilla
6.4458
6.4463
6.4468
6.4455
6.4479
6.4484
6.4489
Woodie's
6.4390
6.4404
6.4446
6.4460
6.4502
6.4516
6.4558
DeMark's
-
-
6.4446
6.4460
6.4502
-
-","Technical IndicatorsJun 17, 2021 03:34PM GMT
Name
Value
Action
RSI(14)
85.433
Overbought
STOCH(9,6)
77.649
Buy
STOCHRSI(14)
100.000
Overbought
MACD(12,26)
0.011
Buy
ADX(14)
61.337
Buy
Williams %R
-3.426
Overbought
CCI(14)
151.8010
Buy
ATR(14)
0.0041
Less Volatility
Highs/Lows(14)
0.0141
Buy
Ultimate Oscillator
82.973
Overbought
ROC
0.391
Buy
Bull/Bear Power(13)
0.0286
Buy
Buy: 7
Sell: 0
Neutral: 0


Summary:Strong Buy","Jun 17, 2021 03:34PM GMT"
usd_hkd,7.7647 +0.0003    +0.00%,18:03:40,2021-06-17 22:04:10.324417,"Prev. Close: 7.7644
Bid/Ask: 7.7646 / 7.7647
Day's Range: 7.7644 - 7.7650",Strong Buy,"Summary:Strong Buy
Moving Averages:Strong BuyBuy (11)Sell (1)
Technical Indicators:BUYBuy (5)Sell (2)","Name
S3
S2
S1
Pivot Points
R1
R2
R3
Classic
7.7639
7.7641
7.7645
7.7647
7.7651
7.7653
7.7656
Fibonacci
7.7641
7.7643
7.7645
7.7647
7.7649
7.7651
7.7653
Camarilla
7.7646
7.7646
7.7647
7.7647
7.7648
7.7649
7.7649
Woodie's
7.7639
7.7641
7.7645
7.7647
7.7651
7.7653
7.7656
DeMark's
-
-
7.7645
7.7647
7.7651
-
-","Technical IndicatorsJun 17, 2021 10:03PM GMT
Name
Value
Action
RSI(14)
55.089
Buy
STOCH(9,6)
65.521
Buy
STOCHRSI(14)
32.725
Sell
MACD(12,26)
0.000
Buy
ADX(14)
27.880
Neutral
Williams %R
-47.378
Neutral
CCI(14)
23.3609
Neutral
ATR(14)
0.0008
Less Volatility
Highs/Lows(14)
0.0000
Neutral
Ultimate Oscillator
56.976
Buy
ROC
0.008
Buy
Bull/Bear Power(13)
-0.0008
Sell
Buy: 5
Sell: 2
Neutral: 4


Summary:BUY","Jun 17, 2021 10:03PM GMT"
eur_usd,1.1909 +0.0003    +0.02%,18:04:30,2021-06-17 22:05:10.564521,"Prev. Close: 1.1906
Bid/Ask: 1.1908 / 1.1909
Day's Range: 1.1906 - 1.1910",Strong Sell,"Summary:Strong Sell
Moving Averages:SellBuy (1)Sell (11)
Technical Indicators:Strong SellBuy (0)Sell (10)","Name
S3
S2
S1
Pivot Points
R1
R2
R3
Classic
1.1902
1.1904
1.1905
1.1907
1.1909
1.1910
1.1912
Fibonacci
1.1904
1.1905
1.1906
1.1907
1.1908
1.1909
1.1910
Camarilla
1.1906
1.1906
1.1906
1.1907
1.1907
1.1907
1.1907
Woodie's
1.1902
1.1904
1.1905
1.1907
1.1909
1.1910
1.1912
DeMark's
-
-
1.1904
1.1906
1.1908
-
-","Technical IndicatorsJun 17, 2021 10:03PM GMT
Name
Value
Action
RSI(14)
28.745
Sell
STOCH(9,6)
27.872
Sell
STOCHRSI(14)
100.000
Overbought
MACD(12,26)
-0.004
Sell
ADX(14)
42.543
Sell
Williams %R
-75.386
Sell
CCI(14)
-75.4274
Sell
ATR(14)
0.0017
Less Volatility
Highs/Lows(14)
-0.0006
Sell
Ultimate Oscillator
39.050
Sell
ROC
-0.335
Sell
Bull/Bear Power(13)
-0.0025
Sell
Buy: 0
Sell: 10
Neutral: 0


Summary:Strong Sell","Jun 17, 2021 10:03PM GMT"
gbp_usd,1.3928 +0.0008    +0.06%,18:04:46,2021-06-17 22:05:10.568662,"Prev. Close: 1.3919
Bid/Ask: 1.3925 / 1.3930
Day's Range: 1.3915 - 1.3931",Strong Sell,"Summary:Strong Sell
Moving Averages:SellBuy (3)Sell (9)
Technical Indicators:Strong SellBuy (0)Sell (9)","Name
S3
S2
S1
Pivot Points
R1
R2
R3
Classic
1.3898
1.3907
1.3914
1.3922
1.3929
1.3937
1.3944
Fibonacci
1.3907
1.3912
1.3916
1.3922
1.3928
1.3932
1.3937
Camarilla
1.3916
1.3918
1.3919
1.3922
1.3922
1.3923
1.3925
Woodie's
1.3898
1.3907
1.3914
1.3922
1.3929
1.3937
1.3944
DeMark's
-
-
1.3910
1.3920
1.3926
-
-","Technical IndicatorsJun 17, 2021 10:03PM GMT
Name
Value
Action
RSI(14)
38.001
Sell
STOCH(9,6)
38.884
Sell
STOCHRSI(14)
100.000
Overbought
MACD(12,26)
-0.003
Sell
ADX(14)
41.814
Sell
Williams %R
-64.973
Sell
CCI(14)
-52.8589
Sell
ATR(14)
0.0023
Less Volatility
Highs/Lows(14)
0.0000
Neutral
Ultimate Oscillator
42.559
Sell
ROC
-0.358
Sell
Bull/Bear Power(13)
-0.0010
Sell
Buy: 0
Sell: 9
Neutral: 1


Summary:Strong Sell","Jun 17, 2021 10:03PM GMT"
usd_jpy,110.24 +0.04    +0.04%,18:04:44,2021-06-17 22:05:10.571935,"Prev. Close: 110.20
Bid/Ask: 110.23 / 110.25
Day's Range: 110.17 - 110.83",Strong Sell,"Summary:Strong Sell
Moving Averages:SellBuy (4)Sell (8)
Technical Indicators:Strong SellBuy (0)Sell (7)","Name
S3
S2
S1
Pivot Points
R1
R2
R3
Classic
110.14
110.17
110.21
110.24
110.29
110.31
110.36
Fibonacci
110.17
110.19
110.21
110.24
110.27
110.29
110.31
Camarilla
110.24
110.25
110.25
110.24
110.27
110.27
110.28
Woodie's
110.16
110.18
110.23
110.25
110.31
110.32
110.38
DeMark's
-
-
110.23
110.25
110.30
-
-","Technical IndicatorsJun 17, 2021 10:03PM GMT
Name
Value
Action
RSI(14)
41.973
Sell
STOCH(9,6)
16.450
Oversold
STOCHRSI(14)
13.513
Oversold
MACD(12,26)
-0.040
Sell
ADX(14)
32.654
Sell
Williams %R
-87.394
Oversold
CCI(14)
-66.2251
Sell
ATR(14)
0.1157
Less Volatility
Highs/Lows(14)
-0.0900
Sell
Ultimate Oscillator
49.474
Neutral
ROC
-0.362
Sell
Bull/Bear Power(13)
-0.2000
Sell
Buy: 0
Sell: 7
Neutral: 1


Summary:Strong Sell","Jun 17, 2021 10:03PM GMT"
aud_usd,0.7554 +0.0003    +0.05%,18:04:52,2021-06-17 22:05:10.574989,"Prev. Close: 0.7550
Bid/Ask: 0.7552 / 0.7555
Day's Range: 0.7547 - 0.7557",Strong Sell,"Summary:Strong Sell
Moving Averages:SellBuy (1)Sell (11)
Technical Indicators:Strong SellBuy (0)Sell (10)","Name
S3
S2
S1
Pivot Points
R1
R2
R3
Classic
0.7538
0.7543
0.7548
0.7552
0.7557
0.7561
0.7566
Fibonacci
0.7543
0.7546
0.7548
0.7552
0.7556
0.7558
0.7561
Camarilla
0.7550
0.7551
0.7552
0.7552
0.7553
0.7554
0.7555
Woodie's
0.7538
0.7543
0.7548
0.7552
0.7557
0.7561
0.7566
DeMark's
-
-
0.7545
0.7551
0.7554
-
-","Technical IndicatorsJun 17, 2021 10:03PM GMT
Name
Value
Action
RSI(14)
29.737
Sell
STOCH(9,6)
25.160
Sell
STOCHRSI(14)
100.000
Overbought
MACD(12,26)
-0.003
Sell
ADX(14)
53.172
Sell
Williams %R
-79.390
Sell
CCI(14)
-76.7613
Sell
ATR(14)
0.0015
Less Volatility
Highs/Lows(14)
-0.0003
Sell
Ultimate Oscillator
38.040
Sell
ROC
-0.631
Sell
Bull/Bear Power(13)
-0.0016
Sell
Buy: 0
Sell: 10
Neutral: 0


Summary:Strong Sell","Jun 17, 2021 10:03PM GMT"
eur_gbp,0.8551 0.0000    0.00%,18:04:53,2021-06-17 22:05:10.577988,"Prev. Close: 0.8551
Bid/Ask: 0.8548 / 0.8554
Day's Range: 0.8549 - 0.8557",Strong Sell,"Summary:Strong Sell
Moving Averages:Strong SellBuy (0)Sell (12)
Technical Indicators:Strong SellBuy (3)Sell (7)","Name
S3
S2
S1
Pivot Points
R1
R2
R3
Classic
0.8541
0.8545
0.8549
0.8553
0.8558
0.8561
0.8566
Fibonacci
0.8545
0.8548
0.8550
0.8553
0.8556
0.8558
0.8561
Camarilla
0.8551
0.8552
0.8552
0.8553
0.8554
0.8554
0.8555
Woodie's
0.8541
0.8545
0.8549
0.8553
0.8558
0.8561
0.8566
DeMark's
-
-
0.8551
0.8554
0.8559
-
-","Technical IndicatorsJun 17, 2021 10:03PM GMT
Name
Value
Action
RSI(14)
37.048
Sell
STOCH(9,6)
34.788
Sell
STOCHRSI(14)
57.349
Buy
MACD(12,26)
-0.001
Sell
ADX(14)
39.954
Sell
Williams %R
-75.927
Sell
CCI(14)
-77.1602
Sell
ATR(14)
0.0010
Less Volatility
Highs/Lows(14)
0.0000
Neutral
Ultimate Oscillator
51.077
Buy
ROC
0.035
Buy
Bull/Bear Power(13)
-0.0016
Sell
Buy: 3
Sell: 7
Neutral: 1


Summary:Strong Sell","Jun 17, 2021 10:03PM GMT"
usd_cad,1.2349 -0.0012    -0.10%,18:04:55,2021-06-17 22:05:10.580955,"Prev. Close: 1.2361
Bid/Ask: 1.2347 / 1.2351
Day's Range: 1.2349 - 1.2368",Strong Buy,"Summary:Strong Buy
Moving Averages:BuyBuy (10)Sell (2)
Technical Indicators:Strong BuyBuy (10)Sell (1)","Name
S3
S2
S1
Pivot Points
R1
R2
R3
Classic
1.2333
1.2342
1.2350
1.2359
1.2367
1.2376
1.2384
Fibonacci
1.2342
1.2348
1.2353
1.2359
1.2365
1.2370
1.2376
Camarilla
1.2353
1.2355
1.2356
1.2359
1.2360
1.2361
1.2363
Woodie's
1.2333
1.2342
1.2350
1.2359
1.2367
1.2376
1.2384
DeMark's
-
-
1.2346
1.2357
1.2363
-
-","Technical IndicatorsJun 17, 2021 10:03PM GMT
Name
Value
Action
RSI(14)
69.602
Buy
STOCH(9,6)
73.760
Buy
STOCHRSI(14)
26.542
Sell
MACD(12,26)
0.003
Buy
ADX(14)
50.620
Buy
Williams %R
-26.667
Buy
CCI(14)
79.0628
Buy
ATR(14)
0.0023
Less Volatility
Highs/Lows(14)
0.0004
Buy
Ultimate Oscillator
65.427
Buy
ROC
0.349
Buy
Bull/Bear Power(13)
0.0030
Buy
Buy: 10
Sell: 1
Neutral: 0


Summary:Strong Buy","Jun 17, 2021 10:03PM GMT"
usd_chf,0.9177 +0.0004    +0.04%,18:04:43,2021-06-17 22:05:10.583911,"Prev. Close: 0.9173
Bid/Ask: 0.9173 / 0.9181
Day's Range: 0.9169 - 0.9183",Strong Buy,"Summary:Strong Buy
Moving Averages:BuyBuy (12)Sell (0)
Technical Indicators:Strong BuyBuy (8)Sell (0)","Name
S3
S2
S1
Pivot Points
R1
R2
R3
Classic
0.9155
0.9161
0.9169
0.9176
0.9184
0.9191
0.9198
Fibonacci
0.9161
0.9167
0.9170
0.9176
0.9182
0.9185
0.9191
Camarilla
0.9172
0.9173
0.9175
0.9176
0.9177
0.9179
0.9180
Woodie's
0.9155
0.9161
0.9169
0.9176
0.9184
0.9191
0.9198
DeMark's
-
-
0.9165
0.9174
0.9180
-
-","Technical IndicatorsJun 17, 2021 10:03PM GMT
Name
Value
Action
RSI(14)
75.187
Overbought
STOCH(9,6)
75.758
Buy
STOCHRSI(14)
3.969
Oversold
MACD(12,26)
0.003
Buy
ADX(14)
40.046
Buy
Williams %R
-18.803
Overbought
CCI(14)
77.6146
Buy
ATR(14)
0.0014
Less Volatility
Highs/Lows(14)
0.0006
Buy
Ultimate Oscillator
60.524
Buy
ROC
0.443
Buy
Bull/Bear Power(13)
0.0032
Buy
Buy: 8
Sell: 0
Neutral: 0


Summary:Strong Buy","Jun 17, 2021 10:03PM GMT"
nzd_chf,0.6431 +0.0011    +0.18%,18:04:53,2021-06-17 22:05:10.586849,"Prev. Close: 0.6419
Bid/Ask: 0.6428 / 0.6433
Day's Range: 0.6421 - 0.6434",Strong Buy,"Summary:Strong Buy
Moving Averages:BuyBuy (10)Sell (2)
Technical Indicators:Strong BuyBuy (6)Sell (4)","Name
S3
S2
S1
Pivot Points
R1
R2
R3
Classic
0.6407
0.6414
0.6420
0.6427
0.6433
0.6440
0.6447
Fibonacci
0.6414
0.6419
0.6422
0.6427
0.6432
0.6435
0.6440
Camarilla
0.6421
0.6423
0.6424
0.6427
0.6426
0.6427
0.6429
Woodie's
0.6405
0.6413
0.6418
0.6426
0.6431
0.6439
0.6445
DeMark's
-
-
0.6416
0.6425
0.6429
-
-","Technical IndicatorsJun 17, 2021 10:03PM GMT
Name
Value
Action
RSI(14)
55.248
Buy
STOCH(9,6)
64.194
Buy
STOCHRSI(14)
81.196
Overbought
MACD(12,26)
0.000
Buy
ADX(14)
33.283
Sell
Williams %R
-42.223
Buy
CCI(14)
53.7448
Buy
ATR(14)
0.0012
Less Volatility
Highs/Lows(14)
0.0000
Buy
Ultimate Oscillator
40.395
Sell
ROC
-0.240
Sell
Bull/Bear Power(13)
-0.0002
Sell
Buy: 6
Sell: 4
Neutral: 0


Summary:Strong Buy","Jun 17, 2021 10:03PM GMT"
usd_cny,6.4484 +0.0515    +0.80%,11:27:22,2021-06-17 22:05:10.589783,"Prev. Close: 6.3969
Bid/Ask: 6.4477 / 6.4490
Day's Range: 6.3972 - 6.4494",Strong Buy,"Summary:Strong Buy
Moving Averages:BuyBuy (12)Sell (0)
Technical Indicators:Strong BuyBuy (7)Sell (0)","Name
S3
S2
S1
Pivot Points
R1
R2
R3
Classic
6.4380
6.4399
6.4436
6.4455
6.4492
6.4511
6.4548
Fibonacci
6.4399
6.4420
6.4434
6.4455
6.4476
6.4490
6.4511
Camarilla
6.4458
6.4463
6.4468
6.4455
6.4479
6.4484
6.4489
Woodie's
6.4390
6.4404
6.4446
6.4460
6.4502
6.4516
6.4558
DeMark's
-
-
6.4446
6.4460
6.4502
-
-","Technical IndicatorsJun 17, 2021 03:34PM GMT
Name
Value
Action
RSI(14)
85.433
Overbought
STOCH(9,6)
77.649
Buy
STOCHRSI(14)
100.000
Overbought
MACD(12,26)
0.011
Buy
ADX(14)
61.337
Buy
Williams %R
-3.426
Overbought
CCI(14)
151.8010
Buy
ATR(14)
0.0041
Less Volatility
Highs/Lows(14)
0.0141
Buy
Ultimate Oscillator
82.973
Overbought
ROC
0.391
Buy
Bull/Bear Power(13)
0.0286
Buy
Buy: 7
Sell: 0
Neutral: 0


Summary:Strong Buy","Jun 17, 2021 03:34PM GMT"
usd_hkd,7.7647 +0.0003    +0.00%,18:04:30,2021-06-17 22:05:10.592713,"Prev. Close: 7.7644
Bid/Ask: 7.7646 / 7.7647
Day's Range: 7.7644 - 7.7650",Strong Buy,"Summary:Strong Buy
Moving Averages:Strong BuyBuy (11)Sell (1)
Technical Indicators:BUYBuy (5)Sell (2)","Name
S3
S2
S1
Pivot Points
R1
R2
R3
Classic
7.7639
7.7641
7.7645
7.7647
7.7651
7.7653
7.7656
Fibonacci
7.7641
7.7643
7.7645
7.7647
7.7649
7.7651
7.7653
Camarilla
7.7646
7.7646
7.7647
7.7647
7.7648
7.7649
7.7649
Woodie's
7.7639
7.7641
7.7645
7.7647
7.7651
7.7653
7.7656
DeMark's
-
-
7.7645
7.7647
7.7651
-
-","Technical IndicatorsJun 17, 2021 10:03PM GMT
Name
Value
Action
RSI(14)
55.089
Buy
STOCH(9,6)
65.521
Buy
STOCHRSI(14)
32.725
Sell
MACD(12,26)
0.000
Buy
ADX(14)
27.880
Neutral
Williams %R
-47.378
Neutral
CCI(14)
23.3609
Neutral
ATR(14)
0.0008
Less Volatility
Highs/Lows(14)
0.0000
Neutral
Ultimate Oscillator
56.976
Buy
ROC
0.008
Buy
Bull/Bear Power(13)
-0.0008
Sell
Buy: 5
Sell: 2
Neutral: 4


Summary:BUY","Jun 17, 2021 10:03PM GMT"
eur_usd,1.1911 +0.0005    +0.04%,18:05:39,2021-06-17 22:06:10.083932,"Prev. Close: 1.1906
Bid/Ask: 1.1909 / 1.1913
Day's Range: 1.1906 - 1.1911",Strong Sell,"Summary:Strong Sell
Moving Averages:SellBuy (1)Sell (11)
Technical Indicators:Strong SellBuy (0)Sell (10)","Name
S3
S2
S1
Pivot Points
R1
R2
R3
Classic
1.1902
1.1904
1.1905
1.1907
1.1909
1.1910
1.1912
Fibonacci
1.1904
1.1905
1.1906
1.1907
1.1908
1.1909
1.1910
Camarilla
1.1906
1.1906
1.1906
1.1907
1.1907
1.1907
1.1907
Woodie's
1.1902
1.1904
1.1905
1.1907
1.1909
1.1910
1.1912
DeMark's
-
-
1.1904
1.1906
1.1908
-
-","Technical IndicatorsJun 17, 2021 10:05PM GMT
Name
Value
Action
RSI(14)
29.312
Sell
STOCH(9,6)
28.199
Sell
STOCHRSI(14)
100.000
Overbought
MACD(12,26)
-0.004
Sell
ADX(14)
40.914
Sell
Williams %R
-73.847
Sell
CCI(14)
-73.3262
Sell
ATR(14)
0.0017
Less Volatility
Highs/Lows(14)
-0.0005
Sell
Ultimate Oscillator
39.717
Sell
ROC
-0.326
Sell
Bull/Bear Power(13)
-0.0024
Sell
Buy: 0
Sell: 10
Neutral: 0


Summary:Strong Sell","Jun 17, 2021 10:05PM GMT"
gbp_usd,1.3929 +0.0009    +0.07%,18:05:30,2021-06-17 22:06:10.087970,"Prev. Close: 1.3919
Bid/Ask: 1.3927 / 1.3930
Day's Range: 1.3915 - 1.3931",Strong Sell,"Summary:Strong Sell
Moving Averages:SellBuy (3)Sell (9)
Technical Indicators:Strong SellBuy (0)Sell (8)","Name
S3
S2
S1
Pivot Points
R1
R2
R3
Classic
1.3898
1.3907
1.3914
1.3922
1.3929
1.3937
1.3944
Fibonacci
1.3907
1.3912
1.3916
1.3922
1.3928
1.3932
1.3937
Camarilla
1.3916
1.3918
1.3919
1.3922
1.3922
1.3923
1.3925
Woodie's
1.3898
1.3907
1.3914
1.3922
1.3929
1.3937
1.3944
DeMark's
-
-
1.3910
1.3920
1.3926
-
-","Technical IndicatorsJun 17, 2021 10:05PM GMT
Name
Value
Action
RSI(14)
38.568
Sell
STOCH(9,6)
39.261
Sell
STOCHRSI(14)
100.000
Overbought
MACD(12,26)
-0.003
Sell
ADX(14)
41.814
Sell
Williams %R
-63.277
Sell
CCI(14)
-48.7390
Neutral
ATR(14)
0.0024
Less Volatility
Highs/Lows(14)
0.0000
Neutral
Ultimate Oscillator
43.079
Sell
ROC
-0.347
Sell
Bull/Bear Power(13)
-0.0008
Sell
Buy: 0
Sell: 8
Neutral: 2


Summary:Strong Sell","Jun 17, 2021 10:05PM GMT"
usd_jpy,110.23 +0.03    +0.03%,18:05:42,2021-06-17 22:06:10.091134,"Prev. Close: 110.20
Bid/Ask: 110.22 / 110.24
Day's Range: 110.17 - 110.83",Strong Sell,"Summary:Strong Sell
Moving Averages:SellBuy (4)Sell (8)
Technical Indicators:Strong SellBuy (0)Sell (7)","Name
S3
S2
S1
Pivot Points
R1
R2
R3
Classic
110.14
110.17
110.21
110.24
110.29
110.31
110.36
Fibonacci
110.17
110.19
110.21
110.24
110.27
110.29
110.31
Camarilla
110.24
110.25
110.25
110.24
110.27
110.27
110.28
Woodie's
110.16
110.18
110.23
110.25
110.31
110.32
110.38
DeMark's
-
-
110.23
110.25
110.30
-
-","Technical IndicatorsJun 17, 2021 10:03PM GMT
Name
Value
Action
RSI(14)
41.973
Sell
STOCH(9,6)
16.450
Oversold
STOCHRSI(14)
13.513
Oversold
MACD(12,26)
-0.040
Sell
ADX(14)
32.654
Sell
Williams %R
-87.394
Oversold
CCI(14)
-66.2251
Sell
ATR(14)
0.1157
Less Volatility
Highs/Lows(14)
-0.0900
Sell
Ultimate Oscillator
49.474
Neutral
ROC
-0.362
Sell
Bull/Bear Power(13)
-0.2000
Sell
Buy: 0
Sell: 7
Neutral: 1


Summary:Strong Sell","Jun 17, 2021 10:03PM GMT"
aud_usd,0.7556 +0.0006    +0.08%,18:05:40,2021-06-17 22:06:10.094107,"Prev. Close: 0.7550
Bid/Ask: 0.7554 / 0.7558
Day's Range: 0.7547 - 0.7557",Strong Sell,"Summary:Strong Sell
Moving Averages:SellBuy (2)Sell (10)
Technical Indicators:Strong SellBuy (0)Sell (10)","Name
S3
S2
S1
Pivot Points
R1
R2
R3
Classic
0.7538
0.7543
0.7548
0.7552
0.7557
0.7561
0.7566
Fibonacci
0.7543
0.7546
0.7548
0.7552
0.7556
0.7558
0.7561
Camarilla
0.7550
0.7551
0.7552
0.7552
0.7553
0.7554
0.7555
Woodie's
0.7538
0.7543
0.7548
0.7552
0.7557
0.7561
0.7566
DeMark's
-
-
0.7545
0.7551
0.7554
-
-","Technical IndicatorsJun 17, 2021 10:05PM GMT
Name
Value
Action
RSI(14)
30.105
Sell
STOCH(9,6)
25.409
Sell
STOCHRSI(14)
100.000
Overbought
MACD(12,26)
-0.003
Sell
ADX(14)
53.172
Sell
Williams %R
-78.626
Sell
CCI(14)
-74.2245
Sell
ATR(14)
0.0015
Less Volatility
Highs/Lows(14)
-0.0003
Sell
Ultimate Oscillator
38.119
Sell
ROC
-0.625
Sell
Bull/Bear Power(13)
-0.0015
Sell
Buy: 0
Sell: 10
Neutral: 0


Summary:Strong Sell","Jun 17, 2021 10:05PM GMT"
eur_gbp,0.8551 -0.0001    -0.01%,18:05:43,2021-06-17 22:06:10.097049,"Prev. Close: 0.8551
Bid/Ask: 0.8549 / 0.8552
Day's Range: 0.8549 - 0.8557",Strong Sell,"Summary:Strong Sell
Moving Averages:Strong SellBuy (0)Sell (12)
Technical Indicators:Strong SellBuy (3)Sell (8)","Name
S3
S2
S1
Pivot Points
R1
R2
R3
Classic
0.8541
0.8545
0.8549
0.8553
0.8558
0.8561
0.8566
Fibonacci
0.8545
0.8548
0.8550
0.8553
0.8556
0.8558
0.8561
Camarilla
0.8551
0.8552
0.8552
0.8553
0.8554
0.8554
0.8555
Woodie's
0.8541
0.8545
0.8549
0.8553
0.8558
0.8561
0.8566
DeMark's
-
-
0.8551
0.8554
0.8559
-
-","Technical IndicatorsJun 17, 2021 10:05PM GMT
Name
Value
Action
RSI(14)
36.699
Sell
STOCH(9,6)
34.392
Sell
STOCHRSI(14)
55.354
Buy
MACD(12,26)
-0.001
Sell
ADX(14)
39.954
Sell
Williams %R
-77.777
Sell
CCI(14)
-86.5776
Sell
ATR(14)
0.0010
Less Volatility
Highs/Lows(14)
-0.0000
Sell
Ultimate Oscillator
51.093
Buy
ROC
0.029
Buy
Bull/Bear Power(13)
-0.0016
Sell
Buy: 3
Sell: 8
Neutral: 0


Summary:Strong Sell","Jun 17, 2021 10:05PM GMT"
usd_cad,1.2351 -0.0010    -0.08%,18:05:38,2021-06-17 22:06:10.099987,"Prev. Close: 1.2361
Bid/Ask: 1.2350 / 1.2351
Day's Range: 1.2349 - 1.2368",Strong Buy,"Summary:Strong Buy
Moving Averages:BuyBuy (10)Sell (2)
Technical Indicators:Strong BuyBuy (9)Sell (0)","Name
S3
S2
S1
Pivot Points
R1
R2
R3
Classic
1.2333
1.2342
1.2350
1.2359
1.2367
1.2376
1.2384
Fibonacci
1.2342
1.2348
1.2353
1.2359
1.2365
1.2370
1.2376
Camarilla
1.2353
1.2355
1.2356
1.2359
1.2360
1.2361
1.2363
Woodie's
1.2333
1.2342
1.2350
1.2359
1.2367
1.2376
1.2384
DeMark's
-
-
1.2346
1.2357
1.2363
-
-","Technical IndicatorsJun 17, 2021 10:05PM GMT
Name
Value
Action
RSI(14)
66.799
Buy
STOCH(9,6)
72.595
Buy
STOCHRSI(14)
5.401
Oversold
MACD(12,26)
0.003
Buy
ADX(14)
48.114
Buy
Williams %R
-32.728
Buy
CCI(14)
67.0182
Buy
ATR(14)
0.0023
Less Volatility
Highs/Lows(14)
0.0000
Neutral
Ultimate Oscillator
63.155
Buy
ROC
0.309
Buy
Bull/Bear Power(13)
0.0026
Buy
Buy: 9
Sell: 0
Neutral: 1


Summary:Strong Buy","Jun 17, 2021 10:05PM GMT"
usd_chf,0.9177 +0.0004    +0.04%,18:05:35,2021-06-17 22:06:10.102909,"Prev. Close: 0.9173
Bid/Ask: 0.9175 / 0.9179
Day's Range: 0.9169 - 0.9183",Strong Buy,"Summary:Strong Buy
Moving Averages:BuyBuy (12)Sell (0)
Technical Indicators:Strong BuyBuy (8)Sell (0)","Name
S3
S2
S1
Pivot Points
R1
R2
R3
Classic
0.9155
0.9161
0.9169
0.9176
0.9184
0.9191
0.9198
Fibonacci
0.9161
0.9167
0.9170
0.9176
0.9182
0.9185
0.9191
Camarilla
0.9172
0.9173
0.9175
0.9176
0.9177
0.9179
0.9180
Woodie's
0.9155
0.9161
0.9169
0.9176
0.9184
0.9191
0.9198
DeMark's
-
-
0.9165
0.9174
0.9180
-
-","Technical IndicatorsJun 17, 2021 10:05PM GMT
Name
Value
Action
RSI(14)
75.187
Overbought
STOCH(9,6)
75.758
Buy
STOCHRSI(14)
3.969
Oversold
MACD(12,26)
0.003
Buy
ADX(14)
40.046
Buy
Williams %R
-18.803
Overbought
CCI(14)
78.3997
Buy
ATR(14)
0.0014
Less Volatility
Highs/Lows(14)
0.0006
Buy
Ultimate Oscillator
60.246
Buy
ROC
0.443
Buy
Bull/Bear Power(13)
0.0033
Buy
Buy: 8
Sell: 0
Neutral: 0


Summary:Strong Buy","Jun 17, 2021 10:05PM GMT"
nzd_chf,0.6435 +0.0015    +0.24%,18:05:41,2021-06-17 22:06:10.105831,"Prev. Close: 0.6419
Bid/Ask: 0.6433 / 0.6436
Day's Range: 0.6421 - 0.6435",Neutral,"Summary:Neutral
Moving Averages:BuyBuy (10)Sell (2)
Technical Indicators:NeutralBuy (3)Sell (3)","Name
S3
S2
S1
Pivot Points
R1
R2
R3
Classic
0.6407
0.6414
0.6420
0.6427
0.6433
0.6440
0.6447
Fibonacci
0.6414
0.6419
0.6422
0.6427
0.6432
0.6435
0.6440
Camarilla
0.6421
0.6423
0.6424
0.6427
0.6426
0.6427
0.6429
Woodie's
0.6405
0.6413
0.6418
0.6426
0.6431
0.6439
0.6445
DeMark's
-
-
0.6416
0.6425
0.6429
-
-","Technical IndicatorsJun 17, 2021 10:05PM GMT
Name
Value
Action
RSI(14)
54.198
Neutral
STOCH(9,6)
62.878
Buy
STOCHRSI(14)
75.888
Overbought
MACD(12,26)
0.000
Buy
ADX(14)
33.283
Sell
Williams %R
-45.555
Neutral
CCI(14)
51.4684
Buy
ATR(14)
0.0012
Less Volatility
Highs/Lows(14)
0.0000
Neutral
Ultimate Oscillator
38.156
Sell
ROC
-0.264
Sell
Bull/Bear Power(13)
-0.0000
Neutral
Buy: 3
Sell: 3
Neutral: 4


Summary:Neutral","Jun 17, 2021 10:05PM GMT"
usd_cny,6.4484 +0.0515    +0.80%,11:27:22,2021-06-17 22:06:10.108774,"Prev. Close: 6.3969
Bid/Ask: 6.4477 / 6.4490
Day's Range: 6.3972 - 6.4494",Strong Buy,"Summary:Strong Buy
Moving Averages:BuyBuy (12)Sell (0)
Technical Indicators:Strong BuyBuy (7)Sell (0)","Name
S3
S2
S1
Pivot Points
R1
R2
R3
Classic
6.4380
6.4399
6.4436
6.4455
6.4492
6.4511
6.4548
Fibonacci
6.4399
6.4420
6.4434
6.4455
6.4476
6.4490
6.4511
Camarilla
6.4458
6.4463
6.4468
6.4455
6.4479
6.4484
6.4489
Woodie's
6.4390
6.4404
6.4446
6.4460
6.4502
6.4516
6.4558
DeMark's
-
-
6.4446
6.4460
6.4502
-
-","Technical IndicatorsJun 17, 2021 03:34PM GMT
Name
Value
Action
RSI(14)
85.433
Overbought
STOCH(9,6)
77.649
Buy
STOCHRSI(14)
100.000
Overbought
MACD(12,26)
0.011
Buy
ADX(14)
61.337
Buy
Williams %R
-3.426
Overbought
CCI(14)
151.8010
Buy
ATR(14)
0.0041
Less Volatility
Highs/Lows(14)
0.0141
Buy
Ultimate Oscillator
82.973
Overbought
ROC
0.391
Buy
Bull/Bear Power(13)
0.0286
Buy
Buy: 7
Sell: 0
Neutral: 0


Summary:Strong Buy","Jun 17, 2021 03:34PM GMT"
usd_hkd,7.7647 +0.0003    +0.00%,18:05:31,2021-06-17 22:06:10.111711,"Prev. Close: 7.7644
Bid/Ask: 7.7645 / 7.7648
Day's Range: 7.7644 - 7.7650",Strong Buy,"Summary:Strong Buy
Moving Averages:Strong BuyBuy (11)Sell (1)
Technical Indicators:BUYBuy (5)Sell (2)","Name
S3
S2
S1
Pivot Points
R1
R2
R3
Classic
7.7639
7.7641
7.7645
7.7647
7.7651
7.7653
7.7656
Fibonacci
7.7641
7.7643
7.7645
7.7647
7.7649
7.7651
7.7653
Camarilla
7.7646
7.7646
7.7647
7.7647
7.7648
7.7649
7.7649
Woodie's
7.7639
7.7641
7.7645
7.7647
7.7651
7.7653
7.7656
DeMark's
-
-
7.7645
7.7647
7.7651
-
-","Technical IndicatorsJun 17, 2021 10:03PM GMT
Name
Value
Action
RSI(14)
55.089
Buy
STOCH(9,6)
65.521
Buy
STOCHRSI(14)
32.725
Sell
MACD(12,26)
0.000
Buy
ADX(14)
27.880
Neutral
Williams %R
-47.378
Neutral
CCI(14)
23.3609
Neutral
ATR(14)
0.0008
Less Volatility
Highs/Lows(14)
0.0000
Neutral
Ultimate Oscillator
56.976
Buy
ROC
0.008
Buy
Bull/Bear Power(13)
-0.0008
Sell
Buy: 5
Sell: 2
Neutral: 4


Summary:BUY","Jun 17, 2021 10:03PM GMT"
eur_usd,1.1911 +0.0004    +0.04%,18:06:24,2021-06-17 22:07:10.325785,"Prev. Close: 1.1906
Bid/Ask: 1.1910 / 1.1911
Day's Range: 1.1906 - 1.1911",Strong Sell,"Summary:Strong Sell
Moving Averages:SellBuy (1)Sell (11)
Technical Indicators:Strong SellBuy (0)Sell (10)","Name
S3
S2
S1
Pivot Points
R1
R2
R3
Classic
1.1902
1.1904
1.1905
1.1907
1.1909
1.1910
1.1912
Fibonacci
1.1904
1.1905
1.1906
1.1907
1.1908
1.1909
1.1910
Camarilla
1.1906
1.1906
1.1906
1.1907
1.1907
1.1907
1.1907
Woodie's
1.1902
1.1904
1.1905
1.1907
1.1909
1.1910
1.1912
DeMark's
-
-
1.1904
1.1906
1.1908
-
-","Technical IndicatorsJun 17, 2021 10:05PM GMT
Name
Value
Action
RSI(14)
29.312
Sell
STOCH(9,6)
28.199
Sell
STOCHRSI(14)
100.000
Overbought
MACD(12,26)
-0.004
Sell
ADX(14)
40.914
Sell
Williams %R
-73.847
Sell
CCI(14)
-73.3262
Sell
ATR(14)
0.0017
Less Volatility
Highs/Lows(14)
-0.0005
Sell
Ultimate Oscillator
39.717
Sell
ROC
-0.326
Sell
Bull/Bear Power(13)
-0.0024
Sell
Buy: 0
Sell: 10
Neutral: 0


Summary:Strong Sell","Jun 17, 2021 10:05PM GMT"
gbp_usd,1.3928 +0.0009    +0.06%,18:06:43,2021-06-17 22:07:10.329804,"Prev. Close: 1.3919
Bid/Ask: 1.3927 / 1.3929
Day's Range: 1.3915 - 1.3931",Strong Sell,"Summary:Strong Sell
Moving Averages:SellBuy (3)Sell (9)
Technical Indicators:Strong SellBuy (0)Sell (8)","Name
S3
S2
S1
Pivot Points
R1
R2
R3
Classic
1.3898
1.3907
1.3914
1.3922
1.3929
1.3937
1.3944
Fibonacci
1.3907
1.3912
1.3916
1.3922
1.3928
1.3932
1.3937
Camarilla
1.3916
1.3918
1.3919
1.3922
1.3922
1.3923
1.3925
Woodie's
1.3898
1.3907
1.3914
1.3922
1.3929
1.3937
1.3944
DeMark's
-
-
1.3910
1.3920
1.3926
-
-","Technical IndicatorsJun 17, 2021 10:05PM GMT
Name
Value
Action
RSI(14)
38.568
Sell
STOCH(9,6)
39.261
Sell
STOCHRSI(14)
100.000
Overbought
MACD(12,26)
-0.003
Sell
ADX(14)
41.814
Sell
Williams %R
-63.277
Sell
CCI(14)
-48.7390
Neutral
ATR(14)
0.0024
Less Volatility
Highs/Lows(14)
0.0000
Neutral
Ultimate Oscillator
43.079
Sell
ROC
-0.347
Sell
Bull/Bear Power(13)
-0.0008
Sell
Buy: 0
Sell: 8
Neutral: 2


Summary:Strong Sell","Jun 17, 2021 10:05PM GMT"
usd_jpy,110.23 +0.03    +0.03%,18:06:42,2021-06-17 22:07:10.333075,"Prev. Close: 110.20
Bid/Ask: 110.22 / 110.24
Day's Range: 110.17 - 110.83",Strong Sell,"Summary:Strong Sell
Moving Averages:SellBuy (4)Sell (8)
Technical Indicators:Strong SellBuy (0)Sell (7)","Name
S3
S2
S1
Pivot Points
R1
R2
R3
Classic
110.14
110.17
110.21
110.24
110.29
110.31
110.36
Fibonacci
110.17
110.19
110.21
110.24
110.27
110.29
110.31
Camarilla
110.24
110.25
110.25
110.24
110.27
110.27
110.28
Woodie's
110.16
110.18
110.23
110.25
110.31
110.32
110.38
DeMark's
-
-
110.23
110.25
110.30
-
-","Technical IndicatorsJun 17, 2021 10:05PM GMT
Name
Value
Action
RSI(14)
41.973
Sell
STOCH(9,6)
16.450
Oversold
STOCHRSI(14)
13.513
Oversold
MACD(12,26)
-0.040
Sell
ADX(14)
32.654
Sell
Williams %R
-87.394
Oversold
CCI(14)
-66.2251
Sell
ATR(14)
0.1157
Less Volatility
Highs/Lows(14)
-0.0900
Sell
Ultimate Oscillator
49.474
Neutral
ROC
-0.362
Sell
Bull/Bear Power(13)
-0.2000
Sell
Buy: 0
Sell: 7
Neutral: 1


Summary:Strong Sell","Jun 17, 2021 10:05PM GMT"
aud_usd,0.7555 +0.0005    +0.07%,18:06:52,2021-06-17 22:07:10.336098,"Prev. Close: 0.7550
Bid/Ask: 0.7554 / 0.7556
Day's Range: 0.7547 - 0.7557",Strong Sell,"Summary:Strong Sell
Moving Averages:SellBuy (2)Sell (10)
Technical Indicators:Strong SellBuy (0)Sell (10)","Name
S3
S2
S1
Pivot Points
R1
R2
R3
Classic
0.7538
0.7543
0.7548
0.7552
0.7557
0.7561
0.7566
Fibonacci
0.7543
0.7546
0.7548
0.7552
0.7556
0.7558
0.7561
Camarilla
0.7550
0.7551
0.7552
0.7552
0.7553
0.7554
0.7555
Woodie's
0.7538
0.7543
0.7548
0.7552
0.7557
0.7561
0.7566
DeMark's
-
-
0.7545
0.7551
0.7554
-
-","Technical IndicatorsJun 17, 2021 10:05PM GMT
Name
Value
Action
RSI(14)
30.105
Sell
STOCH(9,6)
25.409
Sell
STOCHRSI(14)
100.000
Overbought
MACD(12,26)
-0.003
Sell
ADX(14)
53.172
Sell
Williams %R
-78.626
Sell
CCI(14)
-74.2245
Sell
ATR(14)
0.0015
Less Volatility
Highs/Lows(14)
-0.0003
Sell
Ultimate Oscillator
38.119
Sell
ROC
-0.625
Sell
Bull/Bear Power(13)
-0.0015
Sell
Buy: 0
Sell: 10
Neutral: 0


Summary:Strong Sell","Jun 17, 2021 10:05PM GMT"
eur_gbp,0.8551 0.0000    0.00%,18:06:54,2021-06-17 22:07:10.339064,"Prev. Close: 0.8551
Bid/Ask: 0.8549 / 0.8553
Day's Range: 0.8549 - 0.8557",Strong Sell,"Summary:Strong Sell
Moving Averages:Strong SellBuy (0)Sell (12)
Technical Indicators:Strong SellBuy (3)Sell (8)","Name
S3
S2
S1
Pivot Points
R1
R2
R3
Classic
0.8541
0.8545
0.8549
0.8553
0.8558
0.8561
0.8566
Fibonacci
0.8545
0.8548
0.8550
0.8553
0.8556
0.8558
0.8561
Camarilla
0.8551
0.8552
0.8552
0.8553
0.8554
0.8554
0.8555
Woodie's
0.8541
0.8545
0.8549
0.8553
0.8558
0.8561
0.8566
DeMark's
-
-
0.8551
0.8554
0.8559
-
-","Technical IndicatorsJun 17, 2021 10:05PM GMT
Name
Value
Action
RSI(14)
36.699
Sell
STOCH(9,6)
34.392
Sell
STOCHRSI(14)
55.354
Buy
MACD(12,26)
-0.001
Sell
ADX(14)
39.954
Sell
Williams %R
-77.777
Sell
CCI(14)
-86.5776
Sell
ATR(14)
0.0010
Less Volatility
Highs/Lows(14)
-0.0000
Sell
Ultimate Oscillator
51.093
Buy
ROC
0.029
Buy
Bull/Bear Power(13)
-0.0016
Sell
Buy: 3
Sell: 8
Neutral: 0


Summary:Strong Sell","Jun 17, 2021 10:05PM GMT"
usd_cad,1.2352 -0.0009    -0.08%,18:06:51,2021-06-17 22:07:10.342251,"Prev. Close: 1.2361
Bid/Ask: 1.2350 / 1.2353
Day's Range: 1.2349 - 1.2368",Strong Buy,"Summary:Strong Buy
Moving Averages:BuyBuy (10)Sell (2)
Technical Indicators:Strong BuyBuy (9)Sell (0)","Name
S3
S2
S1
Pivot Points
R1
R2
R3
Classic
1.2333
1.2342
1.2350
1.2359
1.2367
1.2376
1.2384
Fibonacci
1.2342
1.2348
1.2353
1.2359
1.2365
1.2370
1.2376
Camarilla
1.2353
1.2355
1.2356
1.2359
1.2360
1.2361
1.2363
Woodie's
1.2333
1.2342
1.2350
1.2359
1.2367
1.2376
1.2384
DeMark's
-
-
1.2346
1.2357
1.2363
-
-","Technical IndicatorsJun 17, 2021 10:05PM GMT
Name
Value
Action
RSI(14)
66.799
Buy
STOCH(9,6)
72.595
Buy
STOCHRSI(14)
5.401
Oversold
MACD(12,26)
0.003
Buy
ADX(14)
48.114
Buy
Williams %R
-32.728
Buy
CCI(14)
67.0182
Buy
ATR(14)
0.0023
Less Volatility
Highs/Lows(14)
0.0000
Neutral
Ultimate Oscillator
63.155
Buy
ROC
0.309
Buy
Bull/Bear Power(13)
0.0026
Buy
Buy: 9
Sell: 0
Neutral: 1


Summary:Strong Buy","Jun 17, 2021 10:05PM GMT"
usd_chf,0.9176 +0.0003    +0.03%,18:06:43,2021-06-17 22:07:10.345208,"Prev. Close: 0.9173
Bid/Ask: 0.9172 / 0.9180
Day's Range: 0.9169 - 0.9183",Strong Buy,"Summary:Strong Buy
Moving Averages:BuyBuy (12)Sell (0)
Technical Indicators:Strong BuyBuy (8)Sell (0)","Name
S3
S2
S1
Pivot Points
R1
R2
R3
Classic
0.9155
0.9161
0.9169
0.9176
0.9184
0.9191
0.9198
Fibonacci
0.9161
0.9167
0.9170
0.9176
0.9182
0.9185
0.9191
Camarilla
0.9172
0.9173
0.9175
0.9176
0.9177
0.9179
0.9180
Woodie's
0.9155
0.9161
0.9169
0.9176
0.9184
0.9191
0.9198
DeMark's
-
-
0.9165
0.9174
0.9180
-
-","Technical IndicatorsJun 17, 2021 10:05PM GMT
Name
Value
Action
RSI(14)
75.187
Overbought
STOCH(9,6)
75.758
Buy
STOCHRSI(14)
3.969
Oversold
MACD(12,26)
0.003
Buy
ADX(14)
40.046
Buy
Williams %R
-18.803
Overbought
CCI(14)
78.3997
Buy
ATR(14)
0.0014
Less Volatility
Highs/Lows(14)
0.0006
Buy
Ultimate Oscillator
60.246
Buy
ROC
0.443
Buy
Bull/Bear Power(13)
0.0033
Buy
Buy: 8
Sell: 0
Neutral: 0


Summary:Strong Buy","Jun 17, 2021 10:05PM GMT"
nzd_chf,0.6434 +0.0014    +0.23%,18:06:45,2021-06-17 22:07:10.348158,"Prev. Close: 0.6419
Bid/Ask: 0.6430 / 0.6437
Day's Range: 0.6421 - 0.6436",Neutral,"Summary:Neutral
Moving Averages:BuyBuy (10)Sell (2)
Technical Indicators:NeutralBuy (3)Sell (3)","Name
S3
S2
S1
Pivot Points
R1
R2
R3
Classic
0.6407
0.6414
0.6420
0.6427
0.6433
0.6440
0.6447
Fibonacci
0.6414
0.6419
0.6422
0.6427
0.6432
0.6435
0.6440
Camarilla
0.6421
0.6423
0.6424
0.6427
0.6426
0.6427
0.6429
Woodie's
0.6405
0.6413
0.6418
0.6426
0.6431
0.6439
0.6445
DeMark's
-
-
0.6416
0.6425
0.6429
-
-","Technical IndicatorsJun 17, 2021 10:05PM GMT
Name
Value
Action
RSI(14)
54.198
Neutral
STOCH(9,6)
62.878
Buy
STOCHRSI(14)
75.888
Overbought
MACD(12,26)
0.000
Buy
ADX(14)
33.283
Sell
Williams %R
-45.555
Neutral
CCI(14)
51.4684
Buy
ATR(14)
0.0012
Less Volatility
Highs/Lows(14)
0.0000
Neutral
Ultimate Oscillator
38.156
Sell
ROC
-0.264
Sell
Bull/Bear Power(13)
-0.0000
Neutral
Buy: 3
Sell: 3
Neutral: 4


Summary:Neutral","Jun 17, 2021 10:05PM GMT"
usd_cny,6.4484 +0.0515    +0.80%,11:27:22,2021-06-17 22:07:10.351098,"Prev. Close: 6.3969
Bid/Ask: 6.4477 / 6.4490
Day's Range: 6.3972 - 6.4494",Strong Buy,"Summary:Strong Buy
Moving Averages:BuyBuy (12)Sell (0)
Technical Indicators:Strong BuyBuy (7)Sell (0)","Name
S3
S2
S1
Pivot Points
R1
R2
R3
Classic
6.4380
6.4399
6.4436
6.4455
6.4492
6.4511
6.4548
Fibonacci
6.4399
6.4420
6.4434
6.4455
6.4476
6.4490
6.4511
Camarilla
6.4458
6.4463
6.4468
6.4455
6.4479
6.4484
6.4489
Woodie's
6.4390
6.4404
6.4446
6.4460
6.4502
6.4516
6.4558
DeMark's
-
-
6.4446
6.4460
6.4502
-
-","Technical IndicatorsJun 17, 2021 03:34PM GMT
Name
Value
Action
RSI(14)
85.433
Overbought
STOCH(9,6)
77.649
Buy
STOCHRSI(14)
100.000
Overbought
MACD(12,26)
0.011
Buy
ADX(14)
61.337
Buy
Williams %R
-3.426
Overbought
CCI(14)
151.8010
Buy
ATR(14)
0.0041
Less Volatility
Highs/Lows(14)
0.0141
Buy
Ultimate Oscillator
82.973
Overbought
ROC
0.391
Buy
Bull/Bear Power(13)
0.0286
Buy
Buy: 7
Sell: 0
Neutral: 0


Summary:Strong Buy","Jun 17, 2021 03:34PM GMT"
usd_hkd,7.7647 +0.0003    +0.00%,18:06:39,2021-06-17 22:07:10.354015,"Prev. Close: 7.7644
Bid/Ask: 7.7645 / 7.7648
Day's Range: 7.7644 - 7.7650",Buy,"Summary:Buy
Moving Averages:BuyBuy (8)Sell (4)
Technical Indicators:BUYBuy (5)Sell (1)","Name
S3
S2
S1
Pivot Points
R1
R2
R3
Classic
7.7639
7.7641
7.7645
7.7647
7.7651
7.7653
7.7656
Fibonacci
7.7641
7.7643
7.7645
7.7647
7.7649
7.7651
7.7653
Camarilla
7.7646
7.7646
7.7647
7.7647
7.7648
7.7649
7.7649
Woodie's
7.7639
7.7641
7.7645
7.7647
7.7651
7.7653
7.7656
DeMark's
-
-
7.7645
7.7647
7.7651
-
-","Technical IndicatorsJun 17, 2021 10:05PM GMT
Name
Value
Action
RSI(14)
53.155
Neutral
STOCH(9,6)
62.959
Buy
STOCHRSI(14)
19.700
Oversold
MACD(12,26)
0.000
Buy
ADX(14)
27.880
Neutral
Williams %R
-57.892
Sell
CCI(14)
5.8071
Neutral
ATR(14)
0.0008
Less Volatility
Highs/Lows(14)
0.0000
Neutral
Ultimate Oscillator
53.195
Buy
ROC
0.005
Buy
Bull/Bear Power(13)
0.0012
Buy
Buy: 5
Sell: 1
Neutral: 4


Summary:BUY","Jun 17, 2021 10:05PM GMT"
eur_usd,1.1910 +0.0003    +0.03%,18:06:56,2021-06-17 22:07:20.173599,"Prev. Close: 1.1906
Bid/Ask: 1.1909 / 1.1910
Day's Range: 1.1906 - 1.1911",Strong Sell,"Summary:Strong Sell
Moving Averages:SellBuy (1)Sell (11)
Technical Indicators:Strong SellBuy (0)Sell (10)","Name
S3
S2
S1
Pivot Points
R1
R2
R3
Classic
1.1902
1.1904
1.1905
1.1907
1.1909
1.1910
1.1912
Fibonacci
1.1904
1.1905
1.1906
1.1907
1.1908
1.1909
1.1910
Camarilla
1.1906
1.1906
1.1906
1.1907
1.1907
1.1907
1.1907
Woodie's
1.1902
1.1904
1.1905
1.1907
1.1909
1.1910
1.1912
DeMark's
-
-
1.1904
1.1906
1.1908
-
-","Technical IndicatorsJun 17, 2021 10:05PM GMT
Name
Value
Action
RSI(14)
29.312
Sell
STOCH(9,6)
28.199
Sell
STOCHRSI(14)
100.000
Overbought
MACD(12,26)
-0.004
Sell
ADX(14)
40.914
Sell
Williams %R
-73.847
Sell
CCI(14)
-73.3262
Sell
ATR(14)
0.0017
Less Volatility
Highs/Lows(14)
-0.0005
Sell
Ultimate Oscillator
39.717
Sell
ROC
-0.326
Sell
Bull/Bear Power(13)
-0.0024
Sell
Buy: 0
Sell: 10
Neutral: 0


Summary:Strong Sell","Jun 17, 2021 10:05PM GMT"
gbp_usd,1.3928 +0.0009    +0.06%,18:06:43,2021-06-17 22:07:20.177679,"Prev. Close: 1.3919
Bid/Ask: 1.3927 / 1.3929
Day's Range: 1.3915 - 1.3931",Strong Sell,"Summary:Strong Sell
Moving Averages:SellBuy (3)Sell (9)
Technical Indicators:Strong SellBuy (0)Sell (8)","Name
S3
S2
S1
Pivot Points
R1
R2
R3
Classic
1.3898
1.3907
1.3914
1.3922
1.3929
1.3937
1.3944
Fibonacci
1.3907
1.3912
1.3916
1.3922
1.3928
1.3932
1.3937
Camarilla
1.3916
1.3918
1.3919
1.3922
1.3922
1.3923
1.3925
Woodie's
1.3898
1.3907
1.3914
1.3922
1.3929
1.3937
1.3944
DeMark's
-
-
1.3910
1.3920
1.3926
-
-","Technical IndicatorsJun 17, 2021 10:05PM GMT
Name
Value
Action
RSI(14)
38.568
Sell
STOCH(9,6)
39.261
Sell
STOCHRSI(14)
100.000
Overbought
MACD(12,26)
-0.003
Sell
ADX(14)
41.814
Sell
Williams %R
-63.277
Sell
CCI(14)
-48.7390
Neutral
ATR(14)
0.0024
Less Volatility
Highs/Lows(14)
0.0000
Neutral
Ultimate Oscillator
43.079
Sell
ROC
-0.347
Sell
Bull/Bear Power(13)
-0.0008
Sell
Buy: 0
Sell: 8
Neutral: 2


Summary:Strong Sell","Jun 17, 2021 10:05PM GMT"
usd_jpy,110.23 +0.03    +0.03%,18:07:03,2021-06-17 22:07:20.180943,"Prev. Close: 110.20
Bid/Ask: 110.22 / 110.24
Day's Range: 110.17 - 110.83",Strong Sell,"Summary:Strong Sell
Moving Averages:SellBuy (4)Sell (8)
Technical Indicators:Strong SellBuy (0)Sell (7)","Name
S3
S2
S1
Pivot Points
R1
R2
R3
Classic
110.14
110.17
110.21
110.24
110.29
110.31
110.36
Fibonacci
110.17
110.19
110.21
110.24
110.27
110.29
110.31
Camarilla
110.24
110.25
110.25
110.24
110.27
110.27
110.28
Woodie's
110.16
110.18
110.23
110.25
110.31
110.32
110.38
DeMark's
-
-
110.23
110.25
110.30
-
-","Technical IndicatorsJun 17, 2021 10:05PM GMT
Name
Value
Action
RSI(14)
41.973
Sell
STOCH(9,6)
16.450
Oversold
STOCHRSI(14)
13.513
Oversold
MACD(12,26)
-0.040
Sell
ADX(14)
32.654
Sell
Williams %R
-87.394
Oversold
CCI(14)
-66.2251
Sell
ATR(14)
0.1157
Less Volatility
Highs/Lows(14)
-0.0900
Sell
Ultimate Oscillator
49.474
Neutral
ROC
-0.362
Sell
Bull/Bear Power(13)
-0.2000
Sell
Buy: 0
Sell: 7
Neutral: 1


Summary:Strong Sell","Jun 17, 2021 10:05PM GMT"
aud_usd,0.7555 +0.0005    +0.07%,18:06:52,2021-06-17 22:07:20.184076,"Prev. Close: 0.7550
Bid/Ask: 0.7554 / 0.7556
Day's Range: 0.7547 - 0.7557",Strong Sell,"Summary:Strong Sell
Moving Averages:SellBuy (2)Sell (10)
Technical Indicators:Strong SellBuy (0)Sell (10)","Name
S3
S2
S1
Pivot Points
R1
R2
R3
Classic
0.7538
0.7543
0.7548
0.7552
0.7557
0.7561
0.7566
Fibonacci
0.7543
0.7546
0.7548
0.7552
0.7556
0.7558
0.7561
Camarilla
0.7550
0.7551
0.7552
0.7552
0.7553
0.7554
0.7555
Woodie's
0.7538
0.7543
0.7548
0.7552
0.7557
0.7561
0.7566
DeMark's
-
-
0.7545
0.7551
0.7554
-
-","Technical IndicatorsJun 17, 2021 10:05PM GMT
Name
Value
Action
RSI(14)
30.105
Sell
STOCH(9,6)
25.409
Sell
STOCHRSI(14)
100.000
Overbought
MACD(12,26)
-0.003
Sell
ADX(14)
53.172
Sell
Williams %R
-78.626
Sell
CCI(14)
-74.2245
Sell
ATR(14)
0.0015
Less Volatility
Highs/Lows(14)
-0.0003
Sell
Ultimate Oscillator
38.119
Sell
ROC
-0.625
Sell
Bull/Bear Power(13)
-0.0015
Sell
Buy: 0
Sell: 10
Neutral: 0


Summary:Strong Sell","Jun 17, 2021 10:05PM GMT"
eur_gbp,0.8551 0.0000    0.00%,18:06:54,2021-06-17 22:07:20.187082,"Prev. Close: 0.8551
Bid/Ask: 0.8549 / 0.8553
Day's Range: 0.8549 - 0.8557",Strong Sell,"Summary:Strong Sell
Moving Averages:Strong SellBuy (0)Sell (12)
Technical Indicators:Strong SellBuy (3)Sell (8)","Name
S3
S2
S1
Pivot Points
R1
R2
R3
Classic
0.8541
0.8545
0.8549
0.8553
0.8558
0.8561
0.8566
Fibonacci
0.8545
0.8548
0.8550
0.8553
0.8556
0.8558
0.8561
Camarilla
0.8551
0.8552
0.8552
0.8553
0.8554
0.8554
0.8555
Woodie's
0.8541
0.8545
0.8549
0.8553
0.8558
0.8561
0.8566
DeMark's
-
-
0.8551
0.8554
0.8559
-
-","Technical IndicatorsJun 17, 2021 10:05PM GMT
Name
Value
Action
RSI(14)
36.699
Sell
STOCH(9,6)
34.392
Sell
STOCHRSI(14)
55.354
Buy
MACD(12,26)
-0.001
Sell
ADX(14)
39.954
Sell
Williams %R
-77.777
Sell
CCI(14)
-86.5776
Sell
ATR(14)
0.0010
Less Volatility
Highs/Lows(14)
-0.0000
Sell
Ultimate Oscillator
51.093
Buy
ROC
0.029
Buy
Bull/Bear Power(13)
-0.0016
Sell
Buy: 3
Sell: 8
Neutral: 0


Summary:Strong Sell","Jun 17, 2021 10:05PM GMT"
usd_cad,1.2352 -0.0009    -0.08%,18:06:51,2021-06-17 22:07:20.190012,"Prev. Close: 1.2361
Bid/Ask: 1.2350 / 1.2353
Day's Range: 1.2349 - 1.2368",Strong Buy,"Summary:Strong Buy
Moving Averages:BuyBuy (10)Sell (2)
Technical Indicators:Strong BuyBuy (9)Sell (0)","Name
S3
S2
S1
Pivot Points
R1
R2
R3
Classic
1.2333
1.2342
1.2350
1.2359
1.2367
1.2376
1.2384
Fibonacci
1.2342
1.2348
1.2353
1.2359
1.2365
1.2370
1.2376
Camarilla
1.2353
1.2355
1.2356
1.2359
1.2360
1.2361
1.2363
Woodie's
1.2333
1.2342
1.2350
1.2359
1.2367
1.2376
1.2384
DeMark's
-
-
1.2346
1.2357
1.2363
-
-","Technical IndicatorsJun 17, 2021 10:05PM GMT
Name
Value
Action
RSI(14)
66.799
Buy
STOCH(9,6)
72.595
Buy
STOCHRSI(14)
5.401
Oversold
MACD(12,26)
0.003
Buy
ADX(14)
48.114
Buy
Williams %R
-32.728
Buy
CCI(14)
67.0182
Buy
ATR(14)
0.0023
Less Volatility
Highs/Lows(14)
0.0000
Neutral
Ultimate Oscillator
63.155
Buy
ROC
0.309
Buy
Bull/Bear Power(13)
0.0026
Buy
Buy: 9
Sell: 0
Neutral: 1


Summary:Strong Buy","Jun 17, 2021 10:05PM GMT"
usd_chf,0.9176 +0.0003    +0.03%,18:06:43,2021-06-17 22:07:20.192952,"Prev. Close: 0.9173
Bid/Ask: 0.9172 / 0.9180
Day's Range: 0.9169 - 0.9183",Strong Buy,"Summary:Strong Buy
Moving Averages:BuyBuy (12)Sell (0)
Technical Indicators:Strong BuyBuy (8)Sell (0)","Name
S3
S2
S1
Pivot Points
R1
R2
R3
Classic
0.9155
0.9161
0.9169
0.9176
0.9184
0.9191
0.9198
Fibonacci
0.9161
0.9167
0.9170
0.9176
0.9182
0.9185
0.9191
Camarilla
0.9172
0.9173
0.9175
0.9176
0.9177
0.9179
0.9180
Woodie's
0.9155
0.9161
0.9169
0.9176
0.9184
0.9191
0.9198
DeMark's
-
-
0.9165
0.9174
0.9180
-
-","Technical IndicatorsJun 17, 2021 10:05PM GMT
Name
Value
Action
RSI(14)
75.187
Overbought
STOCH(9,6)
75.758
Buy
STOCHRSI(14)
3.969
Oversold
MACD(12,26)
0.003
Buy
ADX(14)
40.046
Buy
Williams %R
-18.803
Overbought
CCI(14)
78.3997
Buy
ATR(14)
0.0014
Less Volatility
Highs/Lows(14)
0.0006
Buy
Ultimate Oscillator
60.246
Buy
ROC
0.443
Buy
Bull/Bear Power(13)
0.0033
Buy
Buy: 8
Sell: 0
Neutral: 0


Summary:Strong Buy","Jun 17, 2021 10:05PM GMT"
nzd_chf,0.6434 +0.0014    +0.23%,18:06:45,2021-06-17 22:07:20.195891,"Prev. Close: 0.6419
Bid/Ask: 0.6430 / 0.6437
Day's Range: 0.6421 - 0.6436",Neutral,"Summary:Neutral
Moving Averages:BuyBuy (10)Sell (2)
Technical Indicators:NeutralBuy (3)Sell (3)","Name
S3
S2
S1
Pivot Points
R1
R2
R3
Classic
0.6407
0.6414
0.6420
0.6427
0.6433
0.6440
0.6447
Fibonacci
0.6414
0.6419
0.6422
0.6427
0.6432
0.6435
0.6440
Camarilla
0.6421
0.6423
0.6424
0.6427
0.6426
0.6427
0.6429
Woodie's
0.6405
0.6413
0.6418
0.6426
0.6431
0.6439
0.6445
DeMark's
-
-
0.6416
0.6425
0.6429
-
-","Technical IndicatorsJun 17, 2021 10:05PM GMT
Name
Value
Action
RSI(14)
54.198
Neutral
STOCH(9,6)
62.878
Buy
STOCHRSI(14)
75.888
Overbought
MACD(12,26)
0.000
Buy
ADX(14)
33.283
Sell
Williams %R
-45.555
Neutral
CCI(14)
51.4684
Buy
ATR(14)
0.0012
Less Volatility
Highs/Lows(14)
0.0000
Neutral
Ultimate Oscillator
38.156
Sell
ROC
-0.264
Sell
Bull/Bear Power(13)
-0.0000
Neutral
Buy: 3
Sell: 3
Neutral: 4


Summary:Neutral","Jun 17, 2021 10:05PM GMT"
usd_cny,6.4484 +0.0515    +0.80%,11:27:22,2021-06-17 22:07:20.198825,"Prev. Close: 6.3969
Bid/Ask: 6.4477 / 6.4490
Day's Range: 6.3972 - 6.4494",Strong Buy,"Summary:Strong Buy
Moving Averages:BuyBuy (12)Sell (0)
Technical Indicators:Strong BuyBuy (7)Sell (0)","Name
S3
S2
S1
Pivot Points
R1
R2
R3
Classic
6.4380
6.4399
6.4436
6.4455
6.4492
6.4511
6.4548
Fibonacci
6.4399
6.4420
6.4434
6.4455
6.4476
6.4490
6.4511
Camarilla
6.4458
6.4463
6.4468
6.4455
6.4479
6.4484
6.4489
Woodie's
6.4390
6.4404
6.4446
6.4460
6.4502
6.4516
6.4558
DeMark's
-
-
6.4446
6.4460
6.4502
-
-","Technical IndicatorsJun 17, 2021 03:34PM GMT
Name
Value
Action
RSI(14)
85.433
Overbought
STOCH(9,6)
77.649
Buy
STOCHRSI(14)
100.000
Overbought
MACD(12,26)
0.011
Buy
ADX(14)
61.337
Buy
Williams %R
-3.426
Overbought
CCI(14)
151.8010
Buy
ATR(14)
0.0041
Less Volatility
Highs/Lows(14)
0.0141
Buy
Ultimate Oscillator
82.973
Overbought
ROC
0.391
Buy
Bull/Bear Power(13)
0.0286
Buy
Buy: 7
Sell: 0
Neutral: 0


Summary:Strong Buy","Jun 17, 2021 03:34PM GMT"
usd_hkd,7.7647 +0.0003    +0.00%,18:06:39,2021-06-17 22:07:20.201730,"Prev. Close: 7.7644
Bid/Ask: 7.7645 / 7.7648
Day's Range: 7.7644 - 7.7650",Buy,"Summary:Buy
Moving Averages:BuyBuy (8)Sell (4)
Technical Indicators:BUYBuy (5)Sell (1)","Name
S3
S2
S1
Pivot Points
R1
R2
R3
Classic
7.7639
7.7641
7.7645
7.7647
7.7651
7.7653
7.7656
Fibonacci
7.7641
7.7643
7.7645
7.7647
7.7649
7.7651
7.7653
Camarilla
7.7646
7.7646
7.7647
7.7647
7.7648
7.7649
7.7649
Woodie's
7.7639
7.7641
7.7645
7.7647
7.7651
7.7653
7.7656
DeMark's
-
-
7.7645
7.7647
7.7651
-
-","Technical IndicatorsJun 17, 2021 10:05PM GMT
Name
Value
Action
RSI(14)
53.155
Neutral
STOCH(9,6)
62.959
Buy
STOCHRSI(14)
19.700
Oversold
MACD(12,26)
0.000
Buy
ADX(14)
27.880
Neutral
Williams %R
-57.892
Sell
CCI(14)
5.8071
Neutral
ATR(14)
0.0008
Less Volatility
Highs/Lows(14)
0.0000
Neutral
Ultimate Oscillator
53.195
Buy
ROC
0.005
Buy
Bull/Bear Power(13)
0.0012
Buy
Buy: 5
Sell: 1
Neutral: 4


Summary:BUY","Jun 17, 2021 10:05PM GMT"
eur_usd,1.1910 +0.0004    +0.03%,18:07:44,2021-06-17 22:08:10.388964,"Prev. Close: 1.1906
Bid/Ask: 1.1908 / 1.1912
Day's Range: 1.1906 - 1.1911",Strong Sell,"Summary:Strong Sell
Moving Averages:SellBuy (2)Sell (10)
Technical Indicators:Strong SellBuy (0)Sell (9)","Name
S3
S2
S1
Pivot Points
R1
R2
R3
Classic
1.1902
1.1904
1.1905
1.1907
1.1909
1.1910
1.1912
Fibonacci
1.1904
1.1905
1.1906
1.1907
1.1908
1.1909
1.1910
Camarilla
1.1906
1.1906
1.1906
1.1907
1.1907
1.1907
1.1907
Woodie's
1.1902
1.1904
1.1905
1.1907
1.1909
1.1910
1.1912
DeMark's
-
-
1.1904
1.1906
1.1908
-
-","Technical IndicatorsJun 17, 2021 10:07PM GMT
Name
Value
Action
RSI(14)
29.592
Sell
STOCH(9,6)
28.363
Sell
STOCHRSI(14)
100.000
Overbought
MACD(12,26)
-0.004
Sell
ADX(14)
38.763
Neutral
Williams %R
-73.077
Sell
CCI(14)
-70.5097
Sell
ATR(14)
0.0017
Less Volatility
Highs/Lows(14)
-0.0004
Sell
Ultimate Oscillator
39.619
Sell
ROC
-0.322
Sell
Bull/Bear Power(13)
-0.0023
Sell
Buy: 0
Sell: 9
Neutral: 1


Summary:Strong Sell","Jun 17, 2021 10:07PM GMT"
gbp_usd,1.3929 +0.0010    +0.07%,18:07:35,2021-06-17 22:08:10.393029,"Prev. Close: 1.3919
Bid/Ask: 1.3927 / 1.3931
Day's Range: 1.3915 - 1.3931",Strong Sell,"Summary:Strong Sell
Moving Averages:SellBuy (3)Sell (9)
Technical Indicators:Strong SellBuy (0)Sell (8)","Name
S3
S2
S1
Pivot Points
R1
R2
R3
Classic
1.3898
1.3907
1.3914
1.3922
1.3929
1.3937
1.3944
Fibonacci
1.3907
1.3912
1.3916
1.3922
1.3928
1.3932
1.3937
Camarilla
1.3916
1.3918
1.3919
1.3922
1.3922
1.3923
1.3925
Woodie's
1.3898
1.3907
1.3914
1.3922
1.3929
1.3937
1.3944
DeMark's
-
-
1.3910
1.3920
1.3926
-
-","Technical IndicatorsJun 17, 2021 10:07PM GMT
Name
Value
Action
RSI(14)
38.940
Sell
STOCH(9,6)
39.511
Sell
STOCHRSI(14)
100.000
Overbought
MACD(12,26)
-0.003
Sell
ADX(14)
41.814
Sell
Williams %R
-62.147
Sell
CCI(14)
-45.2783
Neutral
ATR(14)
0.0024
Less Volatility
Highs/Lows(14)
0.0000
Neutral
Ultimate Oscillator
43.273
Sell
ROC
-0.340
Sell
Bull/Bear Power(13)
-0.0007
Sell
Buy: 0
Sell: 8
Neutral: 2


Summary:Strong Sell","Jun 17, 2021 10:07PM GMT"
usd_jpy,110.24 +0.04    +0.04%,18:07:43,2021-06-17 22:08:10.396354,"Prev. Close: 110.20
Bid/Ask: 110.23 / 110.25
Day's Range: 110.17 - 110.83",Strong Sell,"Summary:Strong Sell
Moving Averages:SellBuy (4)Sell (8)
Technical Indicators:Strong SellBuy (0)Sell (7)","Name
S3
S2
S1
Pivot Points
R1
R2
R3
Classic
110.14
110.17
110.21
110.24
110.29
110.31
110.36
Fibonacci
110.17
110.19
110.21
110.24
110.27
110.29
110.31
Camarilla
110.24
110.25
110.25
110.24
110.27
110.27
110.28
Woodie's
110.16
110.18
110.23
110.25
110.31
110.32
110.38
DeMark's
-
-
110.23
110.25
110.30
-
-","Technical IndicatorsJun 17, 2021 10:05PM GMT
Name
Value
Action
RSI(14)
41.973
Sell
STOCH(9,6)
16.450
Oversold
STOCHRSI(14)
13.513
Oversold
MACD(12,26)
-0.040
Sell
ADX(14)
32.654
Sell
Williams %R
-87.394
Oversold
CCI(14)
-66.2251
Sell
ATR(14)
0.1157
Less Volatility
Highs/Lows(14)
-0.0900
Sell
Ultimate Oscillator
49.474
Neutral
ROC
-0.362
Sell
Bull/Bear Power(13)
-0.2000
Sell
Buy: 0
Sell: 7
Neutral: 1


Summary:Strong Sell","Jun 17, 2021 10:05PM GMT"
aud_usd,0.7556 +0.0006    +0.07%,18:07:42,2021-06-17 22:08:10.399517,"Prev. Close: 0.7550
Bid/Ask: 0.7555 / 0.7556
Day's Range: 0.7547 - 0.7557",Strong Sell,"Summary:Strong Sell
Moving Averages:SellBuy (3)Sell (9)
Technical Indicators:Strong SellBuy (0)Sell (10)","Name
S3
S2
S1
Pivot Points
R1
R2
R3
Classic
0.7538
0.7543
0.7548
0.7552
0.7557
0.7561
0.7566
Fibonacci
0.7543
0.7546
0.7548
0.7552
0.7556
0.7558
0.7561
Camarilla
0.7550
0.7551
0.7552
0.7552
0.7553
0.7554
0.7555
Woodie's
0.7538
0.7543
0.7548
0.7552
0.7557
0.7561
0.7566
DeMark's
-
-
0.7545
0.7551
0.7554
-
-","Technical IndicatorsJun 17, 2021 10:07PM GMT
Name
Value
Action
RSI(14)
31.185
Sell
STOCH(9,6)
26.155
Sell
STOCHRSI(14)
100.000
Overbought
MACD(12,26)
-0.003
Sell
ADX(14)
53.172
Sell
Williams %R
-76.336
Sell
CCI(14)
-68.2475
Sell
ATR(14)
0.0015
Less Volatility
Highs/Lows(14)
-0.0001
Sell
Ultimate Oscillator
38.732
Sell
ROC
-0.605
Sell
Bull/Bear Power(13)
-0.0013
Sell
Buy: 0
Sell: 10
Neutral: 0


Summary:Strong Sell","Jun 17, 2021 10:07PM GMT"
eur_gbp,0.8550 -0.0001    -0.02%,18:07:41,2021-06-17 22:08:10.402613,"Prev. Close: 0.8551
Bid/Ask: 0.8548 / 0.8551
Day's Range: 0.8549 - 0.8557",Strong Sell,"Summary:Strong Sell
Moving Averages:Strong SellBuy (0)Sell (12)
Technical Indicators:Strong SellBuy (3)Sell (7)","Name
S3
S2
S1
Pivot Points
R1
R2
R3
Classic
0.8541
0.8545
0.8549
0.8553
0.8558
0.8561
0.8566
Fibonacci
0.8545
0.8548
0.8550
0.8553
0.8556
0.8558
0.8561
Camarilla
0.8551
0.8552
0.8552
0.8553
0.8554
0.8554
0.8555
Woodie's
0.8541
0.8545
0.8549
0.8553
0.8558
0.8561
0.8566
DeMark's
-
-
0.8551
0.8554
0.8559
-
-","Technical IndicatorsJun 17, 2021 10:07PM GMT
Name
Value
Action
RSI(14)
37.048
Sell
STOCH(9,6)
34.788
Sell
STOCHRSI(14)
57.349
Buy
MACD(12,26)
-0.001
Sell
ADX(14)
39.954
Sell
Williams %R
-75.927
Sell
CCI(14)
-83.4629
Sell
ATR(14)
0.0010
Less Volatility
Highs/Lows(14)
0.0000
Neutral
Ultimate Oscillator
51.839
Buy
ROC
0.035
Buy
Bull/Bear Power(13)
-0.0016
Sell
Buy: 3
Sell: 7
Neutral: 1


Summary:Strong Sell","Jun 17, 2021 10:07PM GMT"
usd_cad,1.2352 -0.0009    -0.08%,18:07:42,2021-06-17 22:08:10.405665,"Prev. Close: 1.2361
Bid/Ask: 1.2350 / 1.2353
Day's Range: 1.2349 - 1.2368",Strong Buy,"Summary:Strong Buy
Moving Averages:BuyBuy (10)Sell (2)
Technical Indicators:Strong BuyBuy (9)Sell (0)","Name
S3
S2
S1
Pivot Points
R1
R2
R3
Classic
1.2333
1.2342
1.2350
1.2359
1.2367
1.2376
1.2384
Fibonacci
1.2342
1.2348
1.2353
1.2359
1.2365
1.2370
1.2376
Camarilla
1.2353
1.2355
1.2356
1.2359
1.2360
1.2361
1.2363
Woodie's
1.2333
1.2342
1.2350
1.2359
1.2367
1.2376
1.2384
DeMark's
-
-
1.2346
1.2357
1.2363
-
-","Technical IndicatorsJun 17, 2021 10:07PM GMT
Name
Value
Action
RSI(14)
67.341
Buy
STOCH(9,6)
72.828
Buy
STOCHRSI(14)
9.489
Oversold
MACD(12,26)
0.003
Buy
ADX(14)
48.114
Buy
Williams %R
-31.516
Buy
CCI(14)
68.5423
Buy
ATR(14)
0.0023
Less Volatility
Highs/Lows(14)
0.0000
Neutral
Ultimate Oscillator
63.738
Buy
ROC
0.317
Buy
Bull/Bear Power(13)
0.0026
Buy
Buy: 9
Sell: 0
Neutral: 1


Summary:Strong Buy","Jun 17, 2021 10:07PM GMT"
usd_chf,0.9176 +0.0003    +0.03%,18:07:32,2021-06-17 22:08:10.408703,"Prev. Close: 0.9173
Bid/Ask: 0.9172 / 0.9180
Day's Range: 0.9169 - 0.9183",Strong Buy,"Summary:Strong Buy
Moving Averages:BuyBuy (12)Sell (0)
Technical Indicators:Strong BuyBuy (8)Sell (0)","Name
S3
S2
S1
Pivot Points
R1
R2
R3
Classic
0.9155
0.9161
0.9169
0.9176
0.9184
0.9191
0.9198
Fibonacci
0.9161
0.9167
0.9170
0.9176
0.9182
0.9185
0.9191
Camarilla
0.9172
0.9173
0.9175
0.9176
0.9177
0.9179
0.9180
Woodie's
0.9155
0.9161
0.9169
0.9176
0.9184
0.9191
0.9198
DeMark's
-
-
0.9165
0.9174
0.9180
-
-","Technical IndicatorsJun 17, 2021 10:07PM GMT
Name
Value
Action
RSI(14)
75.187
Overbought
STOCH(9,6)
75.758
Buy
STOCHRSI(14)
3.969
Oversold
MACD(12,26)
0.003
Buy
ADX(14)
40.046
Buy
Williams %R
-18.803
Overbought
CCI(14)
78.3997
Buy
ATR(14)
0.0014
Less Volatility
Highs/Lows(14)
0.0006
Buy
Ultimate Oscillator
60.246
Buy
ROC
0.443
Buy
Bull/Bear Power(13)
0.0033
Buy
Buy: 8
Sell: 0
Neutral: 0


Summary:Strong Buy","Jun 17, 2021 10:07PM GMT"
nzd_chf,0.6434 +0.0015    +0.23%,18:07:43,2021-06-17 22:08:10.411674,"Prev. Close: 0.6419
Bid/Ask: 0.6429 / 0.6439
Day's Range: 0.6421 - 0.6436",Strong Buy,"Summary:Strong Buy
Moving Averages:BuyBuy (11)Sell (1)
Technical Indicators:Strong BuyBuy (7)Sell (3)","Name
S3
S2
S1
Pivot Points
R1
R2
R3
Classic
0.6407
0.6414
0.6420
0.6427
0.6433
0.6440
0.6447
Fibonacci
0.6414
0.6419
0.6422
0.6427
0.6432
0.6435
0.6440
Camarilla
0.6421
0.6423
0.6424
0.6427
0.6426
0.6427
0.6429
Woodie's
0.6405
0.6413
0.6418
0.6426
0.6431
0.6439
0.6445
DeMark's
-
-
0.6416
0.6425
0.6429
-
-","Technical IndicatorsJun 17, 2021 10:07PM GMT
Name
Value
Action
RSI(14)
56.575
Buy
STOCH(9,6)
63.095
Buy
STOCHRSI(14)
87.904
Overbought
MACD(12,26)
0.000
Buy
ADX(14)
31.133
Sell
Williams %R
-37.778
Buy
CCI(14)
78.0565
Buy
ATR(14)
0.0012
Less Volatility
Highs/Lows(14)
0.0002
Buy
Ultimate Oscillator
41.073
Sell
ROC
-0.209
Sell
Bull/Bear Power(13)
0.0002
Buy
Buy: 7
Sell: 3
Neutral: 0


Summary:Strong Buy","Jun 17, 2021 10:07PM GMT"
usd_cny,6.4484 +0.0515    +0.80%,11:27:22,2021-06-17 22:08:10.414647,"Prev. Close: 6.3969
Bid/Ask: 6.4477 / 6.4490
Day's Range: 6.3972 - 6.4494",Strong Buy,"Summary:Strong Buy
Moving Averages:BuyBuy (12)Sell (0)
Technical Indicators:Strong BuyBuy (7)Sell (0)","Name
S3
S2
S1
Pivot Points
R1
R2
R3
Classic
6.4380
6.4399
6.4436
6.4455
6.4492
6.4511
6.4548
Fibonacci
6.4399
6.4420
6.4434
6.4455
6.4476
6.4490
6.4511
Camarilla
6.4458
6.4463
6.4468
6.4455
6.4479
6.4484
6.4489
Woodie's
6.4390
6.4404
6.4446
6.4460
6.4502
6.4516
6.4558
DeMark's
-
-
6.4446
6.4460
6.4502
-
-","Technical IndicatorsJun 17, 2021 03:34PM GMT
Name
Value
Action
RSI(14)
85.433
Overbought
STOCH(9,6)
77.649
Buy
STOCHRSI(14)
100.000
Overbought
MACD(12,26)
0.011
Buy
ADX(14)
61.337
Buy
Williams %R
-3.426
Overbought
CCI(14)
151.8010
Buy
ATR(14)
0.0041
Less Volatility
Highs/Lows(14)
0.0141
Buy
Ultimate Oscillator
82.973
Overbought
ROC
0.391
Buy
Bull/Bear Power(13)
0.0286
Buy
Buy: 7
Sell: 0
Neutral: 0


Summary:Strong Buy","Jun 17, 2021 03:34PM GMT"
usd_hkd,7.7647 +0.0003    +0.00%,18:07:31,2021-06-17 22:08:10.417591,"Prev. Close: 7.7644
Bid/Ask: 7.7646 / 7.7647
Day's Range: 7.7644 - 7.7650",Strong Buy,"Summary:Strong Buy
Moving Averages:Strong BuyBuy (11)Sell (1)
Technical Indicators:BUYBuy (5)Sell (2)","Name
S3
S2
S1
Pivot Points
R1
R2
R3
Classic
7.7639
7.7641
7.7645
7.7647
7.7651
7.7653
7.7656
Fibonacci
7.7641
7.7643
7.7645
7.7647
7.7649
7.7651
7.7653
Camarilla
7.7646
7.7646
7.7647
7.7647
7.7648
7.7649
7.7649
Woodie's
7.7639
7.7641
7.7645
7.7647
7.7651
7.7653
7.7656
DeMark's
-
-
7.7645
7.7647
7.7651
-
-","Technical IndicatorsJun 17, 2021 10:07PM GMT
Name
Value
Action
RSI(14)
55.089
Buy
STOCH(9,6)
65.521
Buy
STOCHRSI(14)
32.725
Sell
MACD(12,26)
0.000
Buy
ADX(14)
27.880
Neutral
Williams %R
-47.378
Neutral
CCI(14)
23.3609
Neutral
ATR(14)
0.0008
Less Volatility
Highs/Lows(14)
0.0000
Neutral
Ultimate Oscillator
56.976
Buy
ROC
0.008
Buy
Bull/Bear Power(13)
-0.0008
Sell
Buy: 5
Sell: 2
Neutral: 4


Summary:BUY","Jun 17, 2021 10:07PM GMT"
eur_usd,1.1910 +0.0004    +0.03%,18:08:24,2021-06-17 22:09:10.007941,"Prev. Close: 1.1906
Bid/Ask: 1.1908 / 1.1912
Day's Range: 1.1906 - 1.1911",Strong Sell,"Summary:Strong Sell
Moving Averages:SellBuy (2)Sell (10)
Technical Indicators:Strong SellBuy (0)Sell (9)","Name
S3
S2
S1
Pivot Points
R1
R2
R3
Classic
1.1902
1.1904
1.1905
1.1907
1.1909
1.1910
1.1912
Fibonacci
1.1904
1.1905
1.1906
1.1907
1.1908
1.1909
1.1910
Camarilla
1.1906
1.1906
1.1906
1.1907
1.1907
1.1907
1.1907
Woodie's
1.1902
1.1904
1.1905
1.1907
1.1909
1.1910
1.1912
DeMark's
-
-
1.1904
1.1906
1.1908
-
-","Technical IndicatorsJun 17, 2021 10:07PM GMT
Name
Value
Action
RSI(14)
29.592
Sell
STOCH(9,6)
28.363
Sell
STOCHRSI(14)
100.000
Overbought
MACD(12,26)
-0.004
Sell
ADX(14)
38.763
Neutral
Williams %R
-73.077
Sell
CCI(14)
-70.5097
Sell
ATR(14)
0.0017
Less Volatility
Highs/Lows(14)
-0.0004
Sell
Ultimate Oscillator
39.619
Sell
ROC
-0.322
Sell
Bull/Bear Power(13)
-0.0023
Sell
Buy: 0
Sell: 9
Neutral: 1


Summary:Strong Sell","Jun 17, 2021 10:07PM GMT"
gbp_usd,1.3932 +0.0013    +0.09%,18:08:44,2021-06-17 22:09:10.011907,"Prev. Close: 1.3919
Bid/Ask: 1.3929 / 1.3934
Day's Range: 1.3915 - 1.3932",Strong Sell,"Summary:Strong Sell
Moving Averages:SellBuy (3)Sell (9)
Technical Indicators:Strong SellBuy (0)Sell (8)","Name
S3
S2
S1
Pivot Points
R1
R2
R3
Classic
1.3898
1.3907
1.3914
1.3922
1.3929
1.3937
1.3944
Fibonacci
1.3907
1.3912
1.3916
1.3922
1.3928
1.3932
1.3937
Camarilla
1.3916
1.3918
1.3919
1.3922
1.3922
1.3923
1.3925
Woodie's
1.3898
1.3907
1.3914
1.3922
1.3929
1.3937
1.3944
DeMark's
-
-
1.3910
1.3920
1.3926
-
-","Technical IndicatorsJun 17, 2021 10:07PM GMT
Name
Value
Action
RSI(14)
38.940
Sell
STOCH(9,6)
39.511
Sell
STOCHRSI(14)
100.000
Overbought
MACD(12,26)
-0.003
Sell
ADX(14)
41.814
Sell
Williams %R
-62.147
Sell
CCI(14)
-45.2783
Neutral
ATR(14)
0.0024
Less Volatility
Highs/Lows(14)
0.0000
Neutral
Ultimate Oscillator
43.273
Sell
ROC
-0.340
Sell
Bull/Bear Power(13)
-0.0007
Sell
Buy: 0
Sell: 8
Neutral: 2


Summary:Strong Sell","Jun 17, 2021 10:07PM GMT"
usd_jpy,110.24 +0.04    +0.03%,18:08:37,2021-06-17 22:09:10.015015,"Prev. Close: 110.20
Bid/Ask: 110.23 / 110.24
Day's Range: 110.17 - 110.83",Strong Sell,"Summary:Strong Sell
Moving Averages:SellBuy (4)Sell (8)
Technical Indicators:Strong SellBuy (0)Sell (7)","Name
S3
S2
S1
Pivot Points
R1
R2
R3
Classic
110.14
110.17
110.21
110.24
110.29
110.31
110.36
Fibonacci
110.17
110.19
110.21
110.24
110.27
110.29
110.31
Camarilla
110.24
110.25
110.25
110.24
110.27
110.27
110.28
Woodie's
110.16
110.18
110.23
110.25
110.31
110.32
110.38
DeMark's
-
-
110.23
110.25
110.30
-
-","Technical IndicatorsJun 17, 2021 10:07PM GMT
Name
Value
Action
RSI(14)
41.728
Sell
STOCH(9,6)
16.186
Oversold
STOCHRSI(14)
12.620
Oversold
MACD(12,26)
-0.030
Sell
ADX(14)
32.654
Sell
Williams %R
-88.235
Oversold
CCI(14)
-67.4225
Sell
ATR(14)
0.1161
Less Volatility
Highs/Lows(14)
-0.0946
Sell
Ultimate Oscillator
49.154
Neutral
ROC
-0.366
Sell
Bull/Bear Power(13)
-0.2030
Sell
Buy: 0
Sell: 7
Neutral: 1


Summary:Strong Sell","Jun 17, 2021 10:07PM GMT"
aud_usd,0.7556 +0.0006    +0.07%,18:08:45,2021-06-17 22:09:10.017988,"Prev. Close: 0.7550
Bid/Ask: 0.7555 / 0.7556
Day's Range: 0.7547 - 0.7557",Strong Sell,"Summary:Strong Sell
Moving Averages:SellBuy (3)Sell (9)
Technical Indicators:Strong SellBuy (0)Sell (10)","Name
S3
S2
S1
Pivot Points
R1
R2
R3
Classic
0.7538
0.7543
0.7548
0.7552
0.7557
0.7561
0.7566
Fibonacci
0.7543
0.7546
0.7548
0.7552
0.7556
0.7558
0.7561
Camarilla
0.7550
0.7551
0.7552
0.7552
0.7553
0.7554
0.7555
Woodie's
0.7538
0.7543
0.7548
0.7552
0.7557
0.7561
0.7566
DeMark's
-
-
0.7545
0.7551
0.7554
-
-","Technical IndicatorsJun 17, 2021 10:07PM GMT
Name
Value
Action
RSI(14)
31.185
Sell
STOCH(9,6)
26.155
Sell
STOCHRSI(14)
100.000
Overbought
MACD(12,26)
-0.003
Sell
ADX(14)
53.172
Sell
Williams %R
-76.336
Sell
CCI(14)
-68.2475
Sell
ATR(14)
0.0015
Less Volatility
Highs/Lows(14)
-0.0001
Sell
Ultimate Oscillator
38.732
Sell
ROC
-0.605
Sell
Bull/Bear Power(13)
-0.0013
Sell
Buy: 0
Sell: 10
Neutral: 0


Summary:Strong Sell","Jun 17, 2021 10:07PM GMT"
eur_gbp,0.8550 -0.0001    -0.01%,18:08:56,2021-06-17 22:09:10.020919,"Prev. Close: 0.8551
Bid/Ask: 0.8549 / 0.8551
Day's Range: 0.8549 - 0.8557",Strong Sell,"Summary:Strong Sell
Moving Averages:Strong SellBuy (0)Sell (12)
Technical Indicators:Strong SellBuy (3)Sell (7)","Name
S3
S2
S1
Pivot Points
R1
R2
R3
Classic
0.8541
0.8545
0.8549
0.8553
0.8558
0.8561
0.8566
Fibonacci
0.8545
0.8548
0.8550
0.8553
0.8556
0.8558
0.8561
Camarilla
0.8551
0.8552
0.8552
0.8553
0.8554
0.8554
0.8555
Woodie's
0.8541
0.8545
0.8549
0.8553
0.8558
0.8561
0.8566
DeMark's
-
-
0.8551
0.8554
0.8559
-
-","Technical IndicatorsJun 17, 2021 10:07PM GMT
Name
Value
Action
RSI(14)
37.048
Sell
STOCH(9,6)
34.788
Sell
STOCHRSI(14)
57.349
Buy
MACD(12,26)
-0.001
Sell
ADX(14)
39.954
Sell
Williams %R
-75.927
Sell
CCI(14)
-83.4629
Sell
ATR(14)
0.0010
Less Volatility
Highs/Lows(14)
0.0000
Neutral
Ultimate Oscillator
51.839
Buy
ROC
0.035
Buy
Bull/Bear Power(13)
-0.0016
Sell
Buy: 3
Sell: 7
Neutral: 1


Summary:Strong Sell","Jun 17, 2021 10:07PM GMT"
usd_cad,1.2352 -0.0009    -0.08%,18:08:47,2021-06-17 22:09:10.023833,"Prev. Close: 1.2361
Bid/Ask: 1.2350 / 1.2353
Day's Range: 1.2349 - 1.2368",Strong Buy,"Summary:Strong Buy
Moving Averages:BuyBuy (10)Sell (2)
Technical Indicators:Strong BuyBuy (9)Sell (0)","Name
S3
S2
S1
Pivot Points
R1
R2
R3
Classic
1.2333
1.2342
1.2350
1.2359
1.2367
1.2376
1.2384
Fibonacci
1.2342
1.2348
1.2353
1.2359
1.2365
1.2370
1.2376
Camarilla
1.2353
1.2355
1.2356
1.2359
1.2360
1.2361
1.2363
Woodie's
1.2333
1.2342
1.2350
1.2359
1.2367
1.2376
1.2384
DeMark's
-
-
1.2346
1.2357
1.2363
-
-","Technical IndicatorsJun 17, 2021 10:07PM GMT
Name
Value
Action
RSI(14)
67.341
Buy
STOCH(9,6)
72.828
Buy
STOCHRSI(14)
9.489
Oversold
MACD(12,26)
0.003
Buy
ADX(14)
48.114
Buy
Williams %R
-31.516
Buy
CCI(14)
68.5423
Buy
ATR(14)
0.0023
Less Volatility
Highs/Lows(14)
0.0000
Neutral
Ultimate Oscillator
63.738
Buy
ROC
0.317
Buy
Bull/Bear Power(13)
0.0026
Buy
Buy: 9
Sell: 0
Neutral: 1


Summary:Strong Buy","Jun 17, 2021 10:07PM GMT"
usd_chf,0.9176 +0.0003    +0.03%,18:08:48,2021-06-17 22:09:10.026758,"Prev. Close: 0.9173
Bid/Ask: 0.9172 / 0.9180
Day's Range: 0.9169 - 0.9183",Strong Buy,"Summary:Strong Buy
Moving Averages:BuyBuy (12)Sell (0)
Technical Indicators:Strong BuyBuy (8)Sell (0)","Name
S3
S2
S1
Pivot Points
R1
R2
R3
Classic
0.9155
0.9161
0.9169
0.9176
0.9184
0.9191
0.9198
Fibonacci
0.9161
0.9167
0.9170
0.9176
0.9182
0.9185
0.9191
Camarilla
0.9172
0.9173
0.9175
0.9176
0.9177
0.9179
0.9180
Woodie's
0.9155
0.9161
0.9169
0.9176
0.9184
0.9191
0.9198
DeMark's
-
-
0.9165
0.9174
0.9180
-
-","Technical IndicatorsJun 17, 2021 10:07PM GMT
Name
Value
Action
RSI(14)
75.187
Overbought
STOCH(9,6)
75.758
Buy
STOCHRSI(14)
3.969
Oversold
MACD(12,26)
0.003
Buy
ADX(14)
40.046
Buy
Williams %R
-18.803
Overbought
CCI(14)
78.3997
Buy
ATR(14)
0.0014
Less Volatility
Highs/Lows(14)
0.0006
Buy
Ultimate Oscillator
60.246
Buy
ROC
0.443
Buy
Bull/Bear Power(13)
0.0033
Buy
Buy: 8
Sell: 0
Neutral: 0


Summary:Strong Buy","Jun 17, 2021 10:07PM GMT"
nzd_chf,0.6435 +0.0015    +0.24%,18:08:48,2021-06-17 22:09:10.029636,"Prev. Close: 0.6419
Bid/Ask: 0.6433 / 0.6436
Day's Range: 0.6421 - 0.6436",Strong Buy,"Summary:Strong Buy
Moving Averages:BuyBuy (11)Sell (1)
Technical Indicators:Strong BuyBuy (7)Sell (3)","Name
S3
S2
S1
Pivot Points
R1
R2
R3
Classic
0.6407
0.6414
0.6420
0.6427
0.6433
0.6440
0.6447
Fibonacci
0.6414
0.6419
0.6422
0.6427
0.6432
0.6435
0.6440
Camarilla
0.6421
0.6423
0.6424
0.6427
0.6426
0.6427
0.6429
Woodie's
0.6405
0.6413
0.6418
0.6426
0.6431
0.6439
0.6445
DeMark's
-
-
0.6416
0.6425
0.6429
-
-","Technical IndicatorsJun 17, 2021 10:07PM GMT
Name
Value
Action
RSI(14)
56.575
Buy
STOCH(9,6)
63.095
Buy
STOCHRSI(14)
87.904
Overbought
MACD(12,26)
0.000
Buy
ADX(14)
31.133
Sell
Williams %R
-37.778
Buy
CCI(14)
78.0565
Buy
ATR(14)
0.0012
Less Volatility
Highs/Lows(14)
0.0002
Buy
Ultimate Oscillator
41.073
Sell
ROC
-0.209
Sell
Bull/Bear Power(13)
0.0002
Buy
Buy: 7
Sell: 3
Neutral: 0


Summary:Strong Buy","Jun 17, 2021 10:07PM GMT"
usd_cny,6.4484 +0.0515    +0.80%,11:27:22,2021-06-17 22:09:10.032541,"Prev. Close: 6.3969
Bid/Ask: 6.4477 / 6.4490
Day's Range: 6.3972 - 6.4494",Strong Buy,"Summary:Strong Buy
Moving Averages:BuyBuy (12)Sell (0)
Technical Indicators:Strong BuyBuy (7)Sell (0)","Name
S3
S2
S1
Pivot Points
R1
R2
R3
Classic
6.4380
6.4399
6.4436
6.4455
6.4492
6.4511
6.4548
Fibonacci
6.4399
6.4420
6.4434
6.4455
6.4476
6.4490
6.4511
Camarilla
6.4458
6.4463
6.4468
6.4455
6.4479
6.4484
6.4489
Woodie's
6.4390
6.4404
6.4446
6.4460
6.4502
6.4516
6.4558
DeMark's
-
-
6.4446
6.4460
6.4502
-
-","Technical IndicatorsJun 17, 2021 03:34PM GMT
Name
Value
Action
RSI(14)
85.433
Overbought
STOCH(9,6)
77.649
Buy
STOCHRSI(14)
100.000
Overbought
MACD(12,26)
0.011
Buy
ADX(14)
61.337
Buy
Williams %R
-3.426
Overbought
CCI(14)
151.8010
Buy
ATR(14)
0.0041
Less Volatility
Highs/Lows(14)
0.0141
Buy
Ultimate Oscillator
82.973
Overbought
ROC
0.391
Buy
Bull/Bear Power(13)
0.0286
Buy
Buy: 7
Sell: 0
Neutral: 0


Summary:Strong Buy","Jun 17, 2021 03:34PM GMT"
usd_hkd,7.7647 +0.0003    +0.00%,18:08:31,2021-06-17 22:09:10.035448,"Prev. Close: 7.7644
Bid/Ask: 7.7646 / 7.7647
Day's Range: 7.7644 - 7.7650",Strong Buy,"Summary:Strong Buy
Moving Averages:Strong BuyBuy (11)Sell (1)
Technical Indicators:BUYBuy (5)Sell (2)","Name
S3
S2
S1
Pivot Points
R1
R2
R3
Classic
7.7639
7.7641
7.7645
7.7647
7.7651
7.7653
7.7656
Fibonacci
7.7641
7.7643
7.7645
7.7647
7.7649
7.7651
7.7653
Camarilla
7.7646
7.7646
7.7647
7.7647
7.7648
7.7649
7.7649
Woodie's
7.7639
7.7641
7.7645
7.7647
7.7651
7.7653
7.7656
DeMark's
-
-
7.7645
7.7647
7.7651
-
-","Technical IndicatorsJun 17, 2021 10:07PM GMT
Name
Value
Action
RSI(14)
55.089
Buy
STOCH(9,6)
65.521
Buy
STOCHRSI(14)
32.725
Sell
MACD(12,26)
0.000
Buy
ADX(14)
27.880
Neutral
Williams %R
-47.378
Neutral
CCI(14)
23.3609
Neutral
ATR(14)
0.0008
Less Volatility
Highs/Lows(14)
0.0000
Neutral
Ultimate Oscillator
56.976
Buy
ROC
0.008
Buy
Bull/Bear Power(13)
-0.0008
Sell
Buy: 5
Sell: 2
Neutral: 4


Summary:BUY","Jun 17, 2021 10:07PM GMT"
eur_usd,1.1912 +0.0006    +0.05%,18:09:33,2021-06-17 22:10:10.463101,"Prev. Close: 1.1906
Bid/Ask: 1.1910 / 1.1914
Day's Range: 1.1906 - 1.1912",Strong Sell,"Summary:Strong Sell
Moving Averages:SellBuy (2)Sell (10)
Technical Indicators:Strong SellBuy (0)Sell (9)","Name
S3
S2
S1
Pivot Points
R1
R2
R3
Classic
1.1902
1.1904
1.1905
1.1907
1.1909
1.1910
1.1912
Fibonacci
1.1904
1.1905
1.1906
1.1907
1.1908
1.1909
1.1910
Camarilla
1.1906
1.1906
1.1906
1.1907
1.1907
1.1907
1.1907
Woodie's
1.1902
1.1904
1.1905
1.1907
1.1909
1.1910
1.1912
DeMark's
-
-
1.1904
1.1906
1.1908
-
-","Technical IndicatorsJun 17, 2021 10:09PM GMT
Name
Value
Action
RSI(14)
30.690
Sell
STOCH(9,6)
29.016
Sell
STOCHRSI(14)
100.000
Overbought
MACD(12,26)
-0.004
Sell
ADX(14)
38.398
Neutral
Williams %R
-70.001
Sell
CCI(14)
-66.9655
Sell
ATR(14)
0.0017
Less Volatility
Highs/Lows(14)
-0.0002
Sell
Ultimate Oscillator
41.090
Sell
ROC
-0.305
Sell
Bull/Bear Power(13)
-0.0022
Sell
Buy: 0
Sell: 9
Neutral: 1


Summary:Strong Sell","Jun 17, 2021 10:09PM GMT"
gbp_usd,1.3931 +0.0012    +0.09%,18:09:28,2021-06-17 22:10:10.467205,"Prev. Close: 1.3919
Bid/Ask: 1.3929 / 1.3933
Day's Range: 1.3915 - 1.3932",Strong Sell,"Summary:Strong Sell
Moving Averages:SellBuy (4)Sell (8)
Technical Indicators:Strong SellBuy (0)Sell (8)","Name
S3
S2
S1
Pivot Points
R1
R2
R3
Classic
1.3898
1.3907
1.3914
1.3922
1.3929
1.3937
1.3944
Fibonacci
1.3907
1.3912
1.3916
1.3922
1.3928
1.3932
1.3937
Camarilla
1.3916
1.3918
1.3919
1.3922
1.3922
1.3923
1.3925
Woodie's
1.3898
1.3907
1.3914
1.3922
1.3929
1.3937
1.3944
DeMark's
-
-
1.3910
1.3920
1.3926
-
-","Technical IndicatorsJun 17, 2021 10:09PM GMT
Name
Value
Action
RSI(14)
39.489
Sell
STOCH(9,6)
39.887
Sell
STOCHRSI(14)
100.000
Overbought
MACD(12,26)
-0.003
Sell
ADX(14)
40.721
Sell
Williams %R
-60.452
Sell
CCI(14)
-40.3874
Neutral
ATR(14)
0.0024
Less Volatility
Highs/Lows(14)
0.0000
Neutral
Ultimate Oscillator
43.628
Sell
ROC
-0.329
Sell
Bull/Bear Power(13)
-0.0005
Sell
Buy: 0
Sell: 8
Neutral: 2


Summary:Strong Sell","Jun 17, 2021 10:09PM GMT"
usd_jpy,110.24 +0.04    +0.03%,18:09:41,2021-06-17 22:10:10.470532,"Prev. Close: 110.20
Bid/Ask: 110.23 / 110.24
Day's Range: 110.17 - 110.83",Strong Sell,"Summary:Strong Sell
Moving Averages:SellBuy (4)Sell (8)
Technical Indicators:Strong SellBuy (0)Sell (7)","Name
S3
S2
S1
Pivot Points
R1
R2
R3
Classic
110.14
110.17
110.21
110.24
110.29
110.31
110.36
Fibonacci
110.17
110.19
110.21
110.24
110.27
110.29
110.31
Camarilla
110.24
110.25
110.25
110.24
110.27
110.27
110.28
Woodie's
110.16
110.18
110.23
110.25
110.31
110.32
110.38
DeMark's
-
-
110.23
110.25
110.30
-
-","Technical IndicatorsJun 17, 2021 10:07PM GMT
Name
Value
Action
RSI(14)
41.728
Sell
STOCH(9,6)
16.186
Oversold
STOCHRSI(14)
12.620
Oversold
MACD(12,26)
-0.030
Sell
ADX(14)
32.654
Sell
Williams %R
-88.235
Oversold
CCI(14)
-67.4225
Sell
ATR(14)
0.1161
Less Volatility
Highs/Lows(14)
-0.0946
Sell
Ultimate Oscillator
49.154
Neutral
ROC
-0.366
Sell
Bull/Bear Power(13)
-0.2030
Sell
Buy: 0
Sell: 7
Neutral: 1


Summary:Strong Sell","Jun 17, 2021 10:07PM GMT"
aud_usd,0.7556 +0.0006    +0.08%,18:09:42,2021-06-17 22:10:10.473614,"Prev. Close: 0.7550
Bid/Ask: 0.7555 / 0.7557
Day's Range: 0.7547 - 0.7557",Strong Sell,"Summary:Strong Sell
Moving Averages:SellBuy (3)Sell (9)
Technical Indicators:Strong SellBuy (0)Sell (10)","Name
S3
S2
S1
Pivot Points
R1
R2
R3
Classic
0.7538
0.7543
0.7548
0.7552
0.7557
0.7561
0.7566
Fibonacci
0.7543
0.7546
0.7548
0.7552
0.7556
0.7558
0.7561
Camarilla
0.7550
0.7551
0.7552
0.7552
0.7553
0.7554
0.7555
Woodie's
0.7538
0.7543
0.7548
0.7552
0.7557
0.7561
0.7566
DeMark's
-
-
0.7545
0.7551
0.7554
-
-","Technical IndicatorsJun 17, 2021 10:09PM GMT
Name
Value
Action
RSI(14)
31.887
Sell
STOCH(9,6)
26.653
Sell
STOCHRSI(14)
100.000
Overbought
MACD(12,26)
-0.003
Sell
ADX(14)
53.172
Sell
Williams %R
-74.810
Sell
CCI(14)
-66.5252
Sell
ATR(14)
0.0015
Less Volatility
Highs/Lows(14)
-0.0000
Sell
Ultimate Oscillator
39.649
Sell
ROC
-0.592
Sell
Bull/Bear Power(13)
-0.0013
Sell
Buy: 0
Sell: 10
Neutral: 0


Summary:Strong Sell","Jun 17, 2021 10:09PM GMT"
eur_gbp,0.8551 0.0000    0.00%,18:09:40,2021-06-17 22:10:10.476631,"Prev. Close: 0.8551
Bid/Ask: 0.8549 / 0.8553
Day's Range: 0.8549 - 0.8557",Strong Sell,"Summary:Strong Sell
Moving Averages:Strong SellBuy (0)Sell (12)
Technical Indicators:Strong SellBuy (3)Sell (7)","Name
S3
S2
S1
Pivot Points
R1
R2
R3
Classic
0.8541
0.8545
0.8549
0.8553
0.8558
0.8561
0.8566
Fibonacci
0.8545
0.8548
0.8550
0.8553
0.8556
0.8558
0.8561
Camarilla
0.8551
0.8552
0.8552
0.8553
0.8554
0.8554
0.8555
Woodie's
0.8541
0.8545
0.8549
0.8553
0.8558
0.8561
0.8566
DeMark's
-
-
0.8551
0.8554
0.8559
-
-","Technical IndicatorsJun 17, 2021 10:09PM GMT
Name
Value
Action
RSI(14)
37.048
Sell
STOCH(9,6)
34.788
Sell
STOCHRSI(14)
57.349
Buy
MACD(12,26)
-0.001
Sell
ADX(14)
39.954
Sell
Williams %R
-75.927
Sell
CCI(14)
-89.6770
Sell
ATR(14)
0.0010
Less Volatility
Highs/Lows(14)
0.0000
Neutral
Ultimate Oscillator
52.571
Buy
ROC
0.035
Buy
Bull/Bear Power(13)
-0.0017
Sell
Buy: 3
Sell: 7
Neutral: 1


Summary:Strong Sell","Jun 17, 2021 10:09PM GMT"
usd_cad,1.2351 -0.0010    -0.08%,18:09:42,2021-06-17 22:10:10.479608,"Prev. Close: 1.2361
Bid/Ask: 1.2349 / 1.2353
Day's Range: 1.2349 - 1.2368",Strong Buy,"Summary:Strong Buy
Moving Averages:BuyBuy (10)Sell (2)
Technical Indicators:Strong BuyBuy (9)Sell (0)","Name
S3
S2
S1
Pivot Points
R1
R2
R3
Classic
1.2333
1.2342
1.2350
1.2359
1.2367
1.2376
1.2384
Fibonacci
1.2342
1.2348
1.2353
1.2359
1.2365
1.2370
1.2376
Camarilla
1.2353
1.2355
1.2356
1.2359
1.2360
1.2361
1.2363
Woodie's
1.2333
1.2342
1.2350
1.2359
1.2367
1.2376
1.2384
DeMark's
-
-
1.2346
1.2357
1.2363
-
-","Technical IndicatorsJun 17, 2021 10:09PM GMT
Name
Value
Action
RSI(14)
66.799
Buy
STOCH(9,6)
72.595
Buy
STOCHRSI(14)
5.401
Oversold
MACD(12,26)
0.003
Buy
ADX(14)
48.114
Buy
Williams %R
-32.728
Buy
CCI(14)
67.0182
Buy
ATR(14)
0.0023
Less Volatility
Highs/Lows(14)
0.0000
Neutral
Ultimate Oscillator
63.155
Buy
ROC
0.309
Buy
Bull/Bear Power(13)
0.0026
Buy
Buy: 9
Sell: 0
Neutral: 1


Summary:Strong Buy","Jun 17, 2021 10:09PM GMT"
usd_chf,0.9177 +0.0003    +0.04%,18:09:42,2021-06-17 22:10:10.482619,"Prev. Close: 0.9173
Bid/Ask: 0.9176 / 0.9177
Day's Range: 0.9169 - 0.9183",Strong Buy,"Summary:Strong Buy
Moving Averages:BuyBuy (12)Sell (0)
Technical Indicators:Strong BuyBuy (8)Sell (0)","Name
S3
S2
S1
Pivot Points
R1
R2
R3
Classic
0.9155
0.9161
0.9169
0.9176
0.9184
0.9191
0.9198
Fibonacci
0.9161
0.9167
0.9170
0.9176
0.9182
0.9185
0.9191
Camarilla
0.9172
0.9173
0.9175
0.9176
0.9177
0.9179
0.9180
Woodie's
0.9155
0.9161
0.9169
0.9176
0.9184
0.9191
0.9198
DeMark's
-
-
0.9165
0.9174
0.9180
-
-","Technical IndicatorsJun 17, 2021 10:09PM GMT
Name
Value
Action
RSI(14)
75.187
Overbought
STOCH(9,6)
75.758
Buy
STOCHRSI(14)
3.969
Oversold
MACD(12,26)
0.003
Buy
ADX(14)
40.046
Buy
Williams %R
-18.803
Overbought
CCI(14)
78.3997
Buy
ATR(14)
0.0014
Less Volatility
Highs/Lows(14)
0.0006
Buy
Ultimate Oscillator
60.246
Buy
ROC
0.443
Buy
Bull/Bear Power(13)
0.0033
Buy
Buy: 8
Sell: 0
Neutral: 0


Summary:Strong Buy","Jun 17, 2021 10:09PM GMT"
nzd_chf,0.6436 +0.0017    +0.26%,18:09:42,2021-06-17 22:10:10.485567,"Prev. Close: 0.6419
Bid/Ask: 0.6435 / 0.6437
Day's Range: 0.6421 - 0.6436",Strong Buy,"Summary:Strong Buy
Moving Averages:BuyBuy (11)Sell (1)
Technical Indicators:Strong BuyBuy (7)Sell (3)","Name
S3
S2
S1
Pivot Points
R1
R2
R3
Classic
0.6407
0.6414
0.6420
0.6427
0.6433
0.6440
0.6447
Fibonacci
0.6414
0.6419
0.6422
0.6427
0.6432
0.6435
0.6440
Camarilla
0.6421
0.6423
0.6424
0.6427
0.6426
0.6427
0.6429
Woodie's
0.6405
0.6413
0.6418
0.6426
0.6431
0.6439
0.6445
DeMark's
-
-
0.6416
0.6425
0.6429
-
-","Technical IndicatorsJun 17, 2021 10:09PM GMT
Name
Value
Action
RSI(14)
56.895
Buy
STOCH(9,6)
63.502
Buy
STOCHRSI(14)
89.521
Overbought
MACD(12,26)
0.000
Buy
ADX(14)
31.133
Sell
Williams %R
-36.666
Buy
CCI(14)
80.2004
Buy
ATR(14)
0.0012
Less Volatility
Highs/Lows(14)
0.0003
Buy
Ultimate Oscillator
41.640
Sell
ROC
-0.202
Sell
Bull/Bear Power(13)
0.0002
Buy
Buy: 7
Sell: 3
Neutral: 0


Summary:Strong Buy","Jun 17, 2021 10:09PM GMT"
usd_cny,6.4484 +0.0515    +0.80%,11:27:22,2021-06-17 22:10:10.488539,"Prev. Close: 6.3969
Bid/Ask: 6.4477 / 6.4490
Day's Range: 6.3972 - 6.4494",Strong Buy,"Summary:Strong Buy
Moving Averages:BuyBuy (12)Sell (0)
Technical Indicators:Strong BuyBuy (7)Sell (0)","Name
S3
S2
S1
Pivot Points
R1
R2
R3
Classic
6.4380
6.4399
6.4436
6.4455
6.4492
6.4511
6.4548
Fibonacci
6.4399
6.4420
6.4434
6.4455
6.4476
6.4490
6.4511
Camarilla
6.4458
6.4463
6.4468
6.4455
6.4479
6.4484
6.4489
Woodie's
6.4390
6.4404
6.4446
6.4460
6.4502
6.4516
6.4558
DeMark's
-
-
6.4446
6.4460
6.4502
-
-","Technical IndicatorsJun 17, 2021 03:34PM GMT
Name
Value
Action
RSI(14)
85.433
Overbought
STOCH(9,6)
77.649
Buy
STOCHRSI(14)
100.000
Overbought
MACD(12,26)
0.011
Buy
ADX(14)
61.337
Buy
Williams %R
-3.426
Overbought
CCI(14)
151.8010
Buy
ATR(14)
0.0041
Less Volatility
Highs/Lows(14)
0.0141
Buy
Ultimate Oscillator
82.973
Overbought
ROC
0.391
Buy
Bull/Bear Power(13)
0.0286
Buy
Buy: 7
Sell: 0
Neutral: 0


Summary:Strong Buy","Jun 17, 2021 03:34PM GMT"
usd_hkd,7.7646 +0.0001    +0.00%,18:09:43,2021-06-17 22:10:10.491477,"Prev. Close: 7.7644
Bid/Ask: 7.7644 / 7.7647
Day's Range: 7.7644 - 7.7650",Buy,"Summary:Buy
Moving Averages:BuyBuy (9)Sell (3)
Technical Indicators:BUYBuy (5)Sell (1)","Name
S3
S2
S1
Pivot Points
R1
R2
R3
Classic
7.7639
7.7641
7.7645
7.7647
7.7651
7.7653
7.7656
Fibonacci
7.7641
7.7643
7.7645
7.7647
7.7649
7.7651
7.7653
Camarilla
7.7646
7.7646
7.7647
7.7647
7.7648
7.7649
7.7649
Woodie's
7.7639
7.7641
7.7645
7.7647
7.7651
7.7653
7.7656
DeMark's
-
-
7.7645
7.7647
7.7651
-
-","Technical IndicatorsJun 17, 2021 10:09PM GMT
Name
Value
Action
RSI(14)
54.107
Neutral
STOCH(9,6)
64.243
Buy
STOCHRSI(14)
26.111
Sell
MACD(12,26)
0.000
Buy
ADX(14)
27.880
Neutral
Williams %R
-52.622
Neutral
CCI(14)
14.6888
Neutral
ATR(14)
0.0008
Less Volatility
Highs/Lows(14)
0.0000
Neutral
Ultimate Oscillator
55.090
Buy
ROC
0.006
Buy
Bull/Bear Power(13)
0.0012
Buy
Buy: 5
Sell: 1
Neutral: 5


Summary:BUY","Jun 17, 2021 10:09PM GMT"
eur_usd,1.1912 +0.0006    +0.05%,18:10:25,2021-06-17 22:11:10.135814,"Prev. Close: 1.1906
Bid/Ask: 1.1910 / 1.1914
Day's Range: 1.1906 - 1.1912",Strong Sell,"Summary:Strong Sell
Moving Averages:SellBuy (2)Sell (10)
Technical Indicators:Strong SellBuy (0)Sell (9)","Name
S3
S2
S1
Pivot Points
R1
R2
R3
Classic
1.1902
1.1904
1.1905
1.1907
1.1909
1.1910
1.1912
Fibonacci
1.1904
1.1905
1.1906
1.1907
1.1908
1.1909
1.1910
Camarilla
1.1906
1.1906
1.1906
1.1907
1.1907
1.1907
1.1907
Woodie's
1.1902
1.1904
1.1905
1.1907
1.1909
1.1910
1.1912
DeMark's
-
-
1.1904
1.1906
1.1908
-
-","Technical IndicatorsJun 17, 2021 10:09PM GMT
Name
Value
Action
RSI(14)
30.690
Sell
STOCH(9,6)
29.016
Sell
STOCHRSI(14)
100.000
Overbought
MACD(12,26)
-0.004
Sell
ADX(14)
38.398
Neutral
Williams %R
-70.001
Sell
CCI(14)
-66.9655
Sell
ATR(14)
0.0017
Less Volatility
Highs/Lows(14)
-0.0002
Sell
Ultimate Oscillator
41.090
Sell
ROC
-0.305
Sell
Bull/Bear Power(13)
-0.0022
Sell
Buy: 0
Sell: 9
Neutral: 1


Summary:Strong Sell","Jun 17, 2021 10:09PM GMT"
gbp_usd,1.3931 +0.0012    +0.09%,18:10:52,2021-06-17 22:11:10.139893,"Prev. Close: 1.3919
Bid/Ask: 1.3929 / 1.3933
Day's Range: 1.3915 - 1.3932",Strong Sell,"Summary:Strong Sell
Moving Averages:SellBuy (4)Sell (8)
Technical Indicators:Strong SellBuy (0)Sell (8)","Name
S3
S2
S1
Pivot Points
R1
R2
R3
Classic
1.3898
1.3907
1.3914
1.3922
1.3929
1.3937
1.3944
Fibonacci
1.3907
1.3912
1.3916
1.3922
1.3928
1.3932
1.3937
Camarilla
1.3916
1.3918
1.3919
1.3922
1.3922
1.3923
1.3925
Woodie's
1.3898
1.3907
1.3914
1.3922
1.3929
1.3937
1.3944
DeMark's
-
-
1.3910
1.3920
1.3926
-
-","Technical IndicatorsJun 17, 2021 10:09PM GMT
Name
Value
Action
RSI(14)
39.489
Sell
STOCH(9,6)
39.887
Sell
STOCHRSI(14)
100.000
Overbought
MACD(12,26)
-0.003
Sell
ADX(14)
40.721
Sell
Williams %R
-60.452
Sell
CCI(14)
-40.3874
Neutral
ATR(14)
0.0024
Less Volatility
Highs/Lows(14)
0.0000
Neutral
Ultimate Oscillator
43.628
Sell
ROC
-0.329
Sell
Bull/Bear Power(13)
-0.0005
Sell
Buy: 0
Sell: 8
Neutral: 2


Summary:Strong Sell","Jun 17, 2021 10:09PM GMT"
usd_jpy,110.24 +0.04    +0.03%,18:10:40,2021-06-17 22:11:10.143169,"Prev. Close: 110.20
Bid/Ask: 110.23 / 110.24
Day's Range: 110.17 - 110.83",Strong Sell,"Summary:Strong Sell
Moving Averages:SellBuy (4)Sell (8)
Technical Indicators:Strong SellBuy (0)Sell (8)","Name
S3
S2
S1
Pivot Points
R1
R2
R3
Classic
110.14
110.17
110.21
110.24
110.29
110.31
110.36
Fibonacci
110.17
110.19
110.21
110.24
110.27
110.29
110.31
Camarilla
110.24
110.25
110.25
110.24
110.27
110.27
110.28
Woodie's
110.16
110.18
110.23
110.25
110.31
110.32
110.38
DeMark's
-
-
110.23
110.25
110.30
-
-","Technical IndicatorsJun 17, 2021 10:09PM GMT
Name
Value
Action
RSI(14)
41.487
Sell
STOCH(9,6)
15.921
Oversold
STOCHRSI(14)
11.742
Oversold
MACD(12,26)
-0.030
Sell
ADX(14)
32.654
Sell
Williams %R
-89.075
Oversold
CCI(14)
-68.0195
Sell
ATR(14)
0.1161
Less Volatility
Highs/Lows(14)
-0.0996
Sell
Ultimate Oscillator
48.547
Sell
ROC
-0.371
Sell
Bull/Bear Power(13)
-0.2010
Sell
Buy: 0
Sell: 8
Neutral: 0


Summary:Strong Sell","Jun 17, 2021 10:09PM GMT"
aud_usd,0.7557 +0.0006    +0.09%,18:10:47,2021-06-17 22:11:10.146269,"Prev. Close: 0.7550
Bid/Ask: 0.7556 / 0.7557
Day's Range: 0.7547 - 0.7557",Strong Sell,"Summary:Strong Sell
Moving Averages:SellBuy (3)Sell (9)
Technical Indicators:Strong SellBuy (0)Sell (10)","Name
S3
S2
S1
Pivot Points
R1
R2
R3
Classic
0.7538
0.7543
0.7548
0.7552
0.7557
0.7561
0.7566
Fibonacci
0.7543
0.7546
0.7548
0.7552
0.7556
0.7558
0.7561
Camarilla
0.7550
0.7551
0.7552
0.7552
0.7553
0.7554
0.7555
Woodie's
0.7538
0.7543
0.7548
0.7552
0.7557
0.7561
0.7566
DeMark's
-
-
0.7545
0.7551
0.7554
-
-","Technical IndicatorsJun 17, 2021 10:09PM GMT
Name
Value
Action
RSI(14)
31.887
Sell
STOCH(9,6)
26.653
Sell
STOCHRSI(14)
100.000
Overbought
MACD(12,26)
-0.003
Sell
ADX(14)
53.172
Sell
Williams %R
-74.810
Sell
CCI(14)
-66.5252
Sell
ATR(14)
0.0015
Less Volatility
Highs/Lows(14)
-0.0000
Sell
Ultimate Oscillator
39.649
Sell
ROC
-0.592
Sell
Bull/Bear Power(13)
-0.0013
Sell
Buy: 0
Sell: 10
Neutral: 0


Summary:Strong Sell","Jun 17, 2021 10:09PM GMT"
eur_gbp,0.8551 0.0000    0.00%,18:10:53,2021-06-17 22:11:10.149288,"Prev. Close: 0.8551
Bid/Ask: 0.8550 / 0.8552
Day's Range: 0.8549 - 0.8557",Strong Sell,"Summary:Strong Sell
Moving Averages:Strong SellBuy (0)Sell (12)
Technical Indicators:Strong SellBuy (3)Sell (7)","Name
S3
S2
S1
Pivot Points
R1
R2
R3
Classic
0.8541
0.8545
0.8549
0.8553
0.8558
0.8561
0.8566
Fibonacci
0.8545
0.8548
0.8550
0.8553
0.8556
0.8558
0.8561
Camarilla
0.8551
0.8552
0.8552
0.8553
0.8554
0.8554
0.8555
Woodie's
0.8541
0.8545
0.8549
0.8553
0.8558
0.8561
0.8566
DeMark's
-
-
0.8551
0.8554
0.8559
-
-","Technical IndicatorsJun 17, 2021 10:09PM GMT
Name
Value
Action
RSI(14)
37.048
Sell
STOCH(9,6)
34.788
Sell
STOCHRSI(14)
57.349
Buy
MACD(12,26)
-0.001
Sell
ADX(14)
39.954
Sell
Williams %R
-75.927
Sell
CCI(14)
-89.6770
Sell
ATR(14)
0.0010
Less Volatility
Highs/Lows(14)
0.0000
Neutral
Ultimate Oscillator
52.571
Buy
ROC
0.035
Buy
Bull/Bear Power(13)
-0.0017
Sell
Buy: 3
Sell: 7
Neutral: 1


Summary:Strong Sell","Jun 17, 2021 10:09PM GMT"
usd_cad,1.2351 -0.0010    -0.08%,18:10:51,2021-06-17 22:11:10.152257,"Prev. Close: 1.2361
Bid/Ask: 1.2349 / 1.2353
Day's Range: 1.2349 - 1.2368",Strong Buy,"Summary:Strong Buy
Moving Averages:BuyBuy (10)Sell (2)
Technical Indicators:Strong BuyBuy (9)Sell (0)","Name
S3
S2
S1
Pivot Points
R1
R2
R3
Classic
1.2333
1.2342
1.2350
1.2359
1.2367
1.2376
1.2384
Fibonacci
1.2342
1.2348
1.2353
1.2359
1.2365
1.2370
1.2376
Camarilla
1.2353
1.2355
1.2356
1.2359
1.2360
1.2361
1.2363
Woodie's
1.2333
1.2342
1.2350
1.2359
1.2367
1.2376
1.2384
DeMark's
-
-
1.2346
1.2357
1.2363
-
-","Technical IndicatorsJun 17, 2021 10:09PM GMT
Name
Value
Action
RSI(14)
66.799
Buy
STOCH(9,6)
72.595
Buy
STOCHRSI(14)
5.401
Oversold
MACD(12,26)
0.003
Buy
ADX(14)
48.114
Buy
Williams %R
-32.728
Buy
CCI(14)
67.0182
Buy
ATR(14)
0.0023
Less Volatility
Highs/Lows(14)
0.0000
Neutral
Ultimate Oscillator
63.155
Buy
ROC
0.309
Buy
Bull/Bear Power(13)
0.0026
Buy
Buy: 9
Sell: 0
Neutral: 1


Summary:Strong Buy","Jun 17, 2021 10:09PM GMT"
usd_chf,0.9177 +0.0004    +0.04%,18:10:43,2021-06-17 22:11:10.155212,"Prev. Close: 0.9173
Bid/Ask: 0.9173 / 0.9181
Day's Range: 0.9169 - 0.9183",Strong Buy,"Summary:Strong Buy
Moving Averages:BuyBuy (12)Sell (0)
Technical Indicators:Strong BuyBuy (8)Sell (0)","Name
S3
S2
S1
Pivot Points
R1
R2
R3
Classic
0.9155
0.9161
0.9169
0.9176
0.9184
0.9191
0.9198
Fibonacci
0.9161
0.9167
0.9170
0.9176
0.9182
0.9185
0.9191
Camarilla
0.9172
0.9173
0.9175
0.9176
0.9177
0.9179
0.9180
Woodie's
0.9155
0.9161
0.9169
0.9176
0.9184
0.9191
0.9198
DeMark's
-
-
0.9165
0.9174
0.9180
-
-","Technical IndicatorsJun 17, 2021 10:09PM GMT
Name
Value
Action
RSI(14)
75.187
Overbought
STOCH(9,6)
75.758
Buy
STOCHRSI(14)
3.969
Oversold
MACD(12,26)
0.003
Buy
ADX(14)
40.046
Buy
Williams %R
-18.803
Overbought
CCI(14)
78.3997
Buy
ATR(14)
0.0014
Less Volatility
Highs/Lows(14)
0.0006
Buy
Ultimate Oscillator
60.246
Buy
ROC
0.443
Buy
Bull/Bear Power(13)
0.0033
Buy
Buy: 8
Sell: 0
Neutral: 0


Summary:Strong Buy","Jun 17, 2021 10:09PM GMT"
nzd_chf,0.6436 +0.0017    +0.26%,18:10:43,2021-06-17 22:11:10.158355,"Prev. Close: 0.6419
Bid/Ask: 0.6432 / 0.6440
Day's Range: 0.6421 - 0.6436",Strong Buy,"Summary:Strong Buy
Moving Averages:BuyBuy (11)Sell (1)
Technical Indicators:Strong BuyBuy (7)Sell (3)","Name
S3
S2
S1
Pivot Points
R1
R2
R3
Classic
0.6407
0.6414
0.6420
0.6427
0.6433
0.6440
0.6447
Fibonacci
0.6414
0.6419
0.6422
0.6427
0.6432
0.6435
0.6440
Camarilla
0.6421
0.6423
0.6424
0.6427
0.6426
0.6427
0.6429
Woodie's
0.6405
0.6413
0.6418
0.6426
0.6431
0.6439
0.6445
DeMark's
-
-
0.6416
0.6425
0.6429
-
-","Technical IndicatorsJun 17, 2021 10:09PM GMT
Name
Value
Action
RSI(14)
56.895
Buy
STOCH(9,6)
63.502
Buy
STOCHRSI(14)
89.521
Overbought
MACD(12,26)
0.000
Buy
ADX(14)
31.133
Sell
Williams %R
-36.666
Buy
CCI(14)
80.2004
Buy
ATR(14)
0.0012
Less Volatility
Highs/Lows(14)
0.0003
Buy
Ultimate Oscillator
41.640
Sell
ROC
-0.202
Sell
Bull/Bear Power(13)
0.0002
Buy
Buy: 7
Sell: 3
Neutral: 0


Summary:Strong Buy","Jun 17, 2021 10:09PM GMT"
usd_cny,6.4484 +0.0515    +0.80%,11:27:22,2021-06-17 22:11:10.161293,"Prev. Close: 6.3969
Bid/Ask: 6.4477 / 6.4490
Day's Range: 6.3972 - 6.4494",Strong Buy,"Summary:Strong Buy
Moving Averages:BuyBuy (12)Sell (0)
Technical Indicators:Strong BuyBuy (7)Sell (0)","Name
S3
S2
S1
Pivot Points
R1
R2
R3
Classic
6.4380
6.4399
6.4436
6.4455
6.4492
6.4511
6.4548
Fibonacci
6.4399
6.4420
6.4434
6.4455
6.4476
6.4490
6.4511
Camarilla
6.4458
6.4463
6.4468
6.4455
6.4479
6.4484
6.4489
Woodie's
6.4390
6.4404
6.4446
6.4460
6.4502
6.4516
6.4558
DeMark's
-
-
6.4446
6.4460
6.4502
-
-","Technical IndicatorsJun 17, 2021 03:34PM GMT
Name
Value
Action
RSI(14)
85.433
Overbought
STOCH(9,6)
77.649
Buy
STOCHRSI(14)
100.000
Overbought
MACD(12,26)
0.011
Buy
ADX(14)
61.337
Buy
Williams %R
-3.426
Overbought
CCI(14)
151.8010
Buy
ATR(14)
0.0041
Less Volatility
Highs/Lows(14)
0.0141
Buy
Ultimate Oscillator
82.973
Overbought
ROC
0.391
Buy
Bull/Bear Power(13)
0.0286
Buy
Buy: 7
Sell: 0
Neutral: 0


Summary:Strong Buy","Jun 17, 2021 03:34PM GMT"
usd_hkd,7.7646 +0.0001    +0.00%,18:10:54,2021-06-17 22:11:10.164245,"Prev. Close: 7.7644
Bid/Ask: 7.7644 / 7.7647
Day's Range: 7.7644 - 7.7650",Buy,"Summary:Buy
Moving Averages:BuyBuy (9)Sell (3)
Technical Indicators:BUYBuy (5)Sell (1)","Name
S3
S2
S1
Pivot Points
R1
R2
R3
Classic
7.7639
7.7641
7.7645
7.7647
7.7651
7.7653
7.7656
Fibonacci
7.7641
7.7643
7.7645
7.7647
7.7649
7.7651
7.7653
Camarilla
7.7646
7.7646
7.7647
7.7647
7.7648
7.7649
7.7649
Woodie's
7.7639
7.7641
7.7645
7.7647
7.7651
7.7653
7.7656
DeMark's
-
-
7.7645
7.7647
7.7651
-
-","Technical IndicatorsJun 17, 2021 10:09PM GMT
Name
Value
Action
RSI(14)
54.107
Neutral
STOCH(9,6)
64.243
Buy
STOCHRSI(14)
26.111
Sell
MACD(12,26)
0.000
Buy
ADX(14)
27.880
Neutral
Williams %R
-52.622
Neutral
CCI(14)
14.6888
Neutral
ATR(14)
0.0008
Less Volatility
Highs/Lows(14)
0.0000
Neutral
Ultimate Oscillator
55.090
Buy
ROC
0.006
Buy
Bull/Bear Power(13)
0.0012
Buy
Buy: 5
Sell: 1
Neutral: 5


Summary:BUY","Jun 17, 2021 10:09PM GMT"
eur_usd,1.1913 +0.0006    +0.05%,18:11:43,2021-06-17 22:12:10.324418,"Prev. Close: 1.1906
Bid/Ask: 1.1912 / 1.1913
Day's Range: 1.1906 - 1.1913",Strong Sell,"Summary:Strong Sell
Moving Averages:SellBuy (2)Sell (10)
Technical Indicators:Strong SellBuy (0)Sell (9)","Name
S3
S2
S1
Pivot Points
R1
R2
R3
Classic
1.1902
1.1904
1.1905
1.1907
1.1909
1.1910
1.1912
Fibonacci
1.1904
1.1905
1.1906
1.1907
1.1908
1.1909
1.1910
Camarilla
1.1906
1.1906
1.1906
1.1907
1.1907
1.1907
1.1907
Woodie's
1.1902
1.1904
1.1905
1.1907
1.1909
1.1910
1.1912
DeMark's
-
-
1.1904
1.1906
1.1908
-
-","Technical IndicatorsJun 17, 2021 10:11PM GMT
Name
Value
Action
RSI(14)
31.226
Sell
STOCH(9,6)
29.343
Sell
STOCHRSI(14)
100.000
Overbought
MACD(12,26)
-0.004
Sell
ADX(14)
37.693
Neutral
Williams %R
-68.463
Sell
CCI(14)
-63.3887
Sell
ATR(14)
0.0017
Less Volatility
Highs/Lows(14)
-0.0001
Sell
Ultimate Oscillator
41.376
Sell
ROC
-0.297
Sell
Bull/Bear Power(13)
-0.0020
Sell
Buy: 0
Sell: 9
Neutral: 1


Summary:Strong Sell","Jun 17, 2021 10:11PM GMT"
gbp_usd,1.3931 +0.0011    +0.08%,18:11:35,2021-06-17 22:12:10.328401,"Prev. Close: 1.3919
Bid/Ask: 1.3930 / 1.3931
Day's Range: 1.3915 - 1.3932",Strong Sell,"Summary:Strong Sell
Moving Averages:SellBuy (3)Sell (9)
Technical Indicators:Strong SellBuy (0)Sell (8)","Name
S3
S2
S1
Pivot Points
R1
R2
R3
Classic
1.3898
1.3907
1.3914
1.3922
1.3929
1.3937
1.3944
Fibonacci
1.3907
1.3912
1.3916
1.3922
1.3928
1.3932
1.3937
Camarilla
1.3916
1.3918
1.3919
1.3922
1.3922
1.3923
1.3925
Woodie's
1.3898
1.3907
1.3914
1.3922
1.3929
1.3937
1.3944
DeMark's
-
-
1.3910
1.3920
1.3926
-
-","Technical IndicatorsJun 17, 2021 10:11PM GMT
Name
Value
Action
RSI(14)
39.306
Sell
STOCH(9,6)
39.762
Sell
STOCHRSI(14)
100.000
Overbought
MACD(12,26)
-0.003
Sell
ADX(14)
40.721
Sell
Williams %R
-61.018
Sell
CCI(14)
-41.0904
Neutral
ATR(14)
0.0024
Less Volatility
Highs/Lows(14)
0.0000
Neutral
Ultimate Oscillator
43.319
Sell
ROC
-0.333
Sell
Bull/Bear Power(13)
-0.0005
Sell
Buy: 0
Sell: 8
Neutral: 2


Summary:Strong Sell","Jun 17, 2021 10:11PM GMT"
usd_jpy,110.24 +0.04    +0.03%,18:11:42,2021-06-17 22:12:10.331530,"Prev. Close: 110.20
Bid/Ask: 110.23 / 110.24
Day's Range: 110.17 - 110.83",Strong Sell,"Summary:Strong Sell
Moving Averages:SellBuy (4)Sell (8)
Technical Indicators:Strong SellBuy (0)Sell (8)","Name
S3
S2
S1
Pivot Points
R1
R2
R3
Classic
110.14
110.17
110.21
110.24
110.29
110.31
110.36
Fibonacci
110.17
110.19
110.21
110.24
110.27
110.29
110.31
Camarilla
110.24
110.25
110.25
110.24
110.27
110.27
110.28
Woodie's
110.16
110.18
110.23
110.25
110.31
110.32
110.38
DeMark's
-
-
110.23
110.25
110.30
-
-","Technical IndicatorsJun 17, 2021 10:09PM GMT
Name
Value
Action
RSI(14)
41.487
Sell
STOCH(9,6)
15.921
Oversold
STOCHRSI(14)
11.742
Oversold
MACD(12,26)
-0.030
Sell
ADX(14)
32.654
Sell
Williams %R
-89.075
Oversold
CCI(14)
-68.0195
Sell
ATR(14)
0.1161
Less Volatility
Highs/Lows(14)
-0.0996
Sell
Ultimate Oscillator
48.547
Sell
ROC
-0.371
Sell
Bull/Bear Power(13)
-0.2010
Sell
Buy: 0
Sell: 8
Neutral: 0


Summary:Strong Sell","Jun 17, 2021 10:09PM GMT"
aud_usd,0.7557 +0.0006    +0.09%,18:11:37,2021-06-17 22:12:10.334482,"Prev. Close: 0.7550
Bid/Ask: 0.7556 / 0.7557
Day's Range: 0.7547 - 0.7557",Strong Sell,"Summary:Strong Sell
Moving Averages:SellBuy (3)Sell (9)
Technical Indicators:Strong SellBuy (0)Sell (9)","Name
S3
S2
S1
Pivot Points
R1
R2
R3
Classic
0.7538
0.7543
0.7548
0.7552
0.7557
0.7561
0.7566
Fibonacci
0.7543
0.7546
0.7548
0.7552
0.7556
0.7558
0.7561
Camarilla
0.7550
0.7551
0.7552
0.7552
0.7553
0.7554
0.7555
Woodie's
0.7538
0.7543
0.7548
0.7552
0.7557
0.7561
0.7566
DeMark's
-
-
0.7545
0.7551
0.7554
-
-","Technical IndicatorsJun 17, 2021 10:11PM GMT
Name
Value
Action
RSI(14)
32.575
Sell
STOCH(9,6)
27.150
Sell
STOCHRSI(14)
100.000
Overbought
MACD(12,26)
-0.003
Sell
ADX(14)
52.223
Sell
Williams %R
-73.283
Sell
CCI(14)
-63.0579
Sell
ATR(14)
0.0015
Less Volatility
Highs/Lows(14)
0.0000
Neutral
Ultimate Oscillator
40.162
Sell
ROC
-0.579
Sell
Bull/Bear Power(13)
-0.0012
Sell
Buy: 0
Sell: 9
Neutral: 1


Summary:Strong Sell","Jun 17, 2021 10:11PM GMT"
eur_gbp,0.8551 0.0000    0.00%,18:11:38,2021-06-17 22:12:10.337378,"Prev. Close: 0.8551
Bid/Ask: 0.8550 / 0.8552
Day's Range: 0.8549 - 0.8557",Strong Sell,"Summary:Strong Sell
Moving Averages:Strong SellBuy (0)Sell (12)
Technical Indicators:Strong SellBuy (3)Sell (7)","Name
S3
S2
S1
Pivot Points
R1
R2
R3
Classic
0.8541
0.8545
0.8549
0.8553
0.8558
0.8561
0.8566
Fibonacci
0.8545
0.8548
0.8550
0.8553
0.8556
0.8558
0.8561
Camarilla
0.8551
0.8552
0.8552
0.8553
0.8554
0.8554
0.8555
Woodie's
0.8541
0.8545
0.8549
0.8553
0.8558
0.8561
0.8566
DeMark's
-
-
0.8551
0.8554
0.8559
-
-","Technical IndicatorsJun 17, 2021 10:11PM GMT
Name
Value
Action
RSI(14)
37.048
Sell
STOCH(9,6)
34.788
Sell
STOCHRSI(14)
57.349
Buy
MACD(12,26)
-0.001
Sell
ADX(14)
39.954
Sell
Williams %R
-75.927
Sell
CCI(14)
-89.6770
Sell
ATR(14)
0.0010
Less Volatility
Highs/Lows(14)
0.0000
Neutral
Ultimate Oscillator
52.571
Buy
ROC
0.035
Buy
Bull/Bear Power(13)
-0.0017
Sell
Buy: 3
Sell: 7
Neutral: 1


Summary:Strong Sell","Jun 17, 2021 10:11PM GMT"
usd_cad,1.2350 -0.0011    -0.09%,18:11:42,2021-06-17 22:12:10.340281,"Prev. Close: 1.2361
Bid/Ask: 1.2349 / 1.2351
Day's Range: 1.2349 - 1.2368",Strong Buy,"Summary:Strong Buy
Moving Averages:BuyBuy (10)Sell (2)
Technical Indicators:Strong BuyBuy (9)Sell (0)","Name
S3
S2
S1
Pivot Points
R1
R2
R3
Classic
1.2333
1.2342
1.2350
1.2359
1.2367
1.2376
1.2384
Fibonacci
1.2342
1.2348
1.2353
1.2359
1.2365
1.2370
1.2376
Camarilla
1.2353
1.2355
1.2356
1.2359
1.2360
1.2361
1.2363
Woodie's
1.2333
1.2342
1.2350
1.2359
1.2367
1.2376
1.2384
DeMark's
-
-
1.2346
1.2357
1.2363
-
-","Technical IndicatorsJun 17, 2021 10:11PM GMT
Name
Value
Action
RSI(14)
66.799
Buy
STOCH(9,6)
72.595
Buy
STOCHRSI(14)
5.401
Oversold
MACD(12,26)
0.003
Buy
ADX(14)
48.114
Buy
Williams %R
-32.728
Buy
CCI(14)
67.0182
Buy
ATR(14)
0.0023
Less Volatility
Highs/Lows(14)
0.0000
Neutral
Ultimate Oscillator
63.155
Buy
ROC
0.309
Buy
Bull/Bear Power(13)
0.0026
Buy
Buy: 9
Sell: 0
Neutral: 1


Summary:Strong Buy","Jun 17, 2021 10:11PM GMT"
usd_chf,0.9176 +0.0003    +0.03%,18:11:43,2021-06-17 22:12:10.343182,"Prev. Close: 0.9173
Bid/Ask: 0.9174 / 0.9178
Day's Range: 0.9169 - 0.9183",Strong Buy,"Summary:Strong Buy
Moving Averages:BuyBuy (12)Sell (0)
Technical Indicators:Strong BuyBuy (8)Sell (0)","Name
S3
S2
S1
Pivot Points
R1
R2
R3
Classic
0.9155
0.9161
0.9169
0.9176
0.9184
0.9191
0.9198
Fibonacci
0.9161
0.9167
0.9170
0.9176
0.9182
0.9185
0.9191
Camarilla
0.9172
0.9173
0.9175
0.9176
0.9177
0.9179
0.9180
Woodie's
0.9155
0.9161
0.9169
0.9176
0.9184
0.9191
0.9198
DeMark's
-
-
0.9165
0.9174
0.9180
-
-","Technical IndicatorsJun 17, 2021 10:11PM GMT
Name
Value
Action
RSI(14)
75.187
Overbought
STOCH(9,6)
75.758
Buy
STOCHRSI(14)
3.969
Oversold
MACD(12,26)
0.003
Buy
ADX(14)
40.046
Buy
Williams %R
-18.803
Overbought
CCI(14)
78.3997
Buy
ATR(14)
0.0014
Less Volatility
Highs/Lows(14)
0.0006
Buy
Ultimate Oscillator
60.246
Buy
ROC
0.443
Buy
Bull/Bear Power(13)
0.0033
Buy
Buy: 8
Sell: 0
Neutral: 0


Summary:Strong Buy","Jun 17, 2021 10:11PM GMT"
nzd_chf,0.6435 +0.0016    +0.25%,18:11:40,2021-06-17 22:12:10.346069,"Prev. Close: 0.6419
Bid/Ask: 0.6430 / 0.6440
Day's Range: 0.6421 - 0.6436",Strong Buy,"Summary:Strong Buy
Moving Averages:BuyBuy (11)Sell (1)
Technical Indicators:Strong BuyBuy (7)Sell (3)","Name
S3
S2
S1
Pivot Points
R1
R2
R3
Classic
0.6407
0.6414
0.6420
0.6427
0.6433
0.6440
0.6447
Fibonacci
0.6414
0.6419
0.6422
0.6427
0.6432
0.6435
0.6440
Camarilla
0.6421
0.6423
0.6424
0.6427
0.6426
0.6427
0.6429
Woodie's
0.6405
0.6413
0.6418
0.6426
0.6431
0.6439
0.6445
DeMark's
-
-
0.6416
0.6425
0.6429
-
-","Technical IndicatorsJun 17, 2021 10:11PM GMT
Name
Value
Action
RSI(14)
57.520
Buy
STOCH(9,6)
63.409
Buy
STOCHRSI(14)
92.681
Overbought
MACD(12,26)
0.000
Buy
ADX(14)
30.620
Sell
Williams %R
-34.445
Buy
CCI(14)
86.5656
Buy
ATR(14)
0.0012
Less Volatility
Highs/Lows(14)
0.0003
Buy
Ultimate Oscillator
42.533
Sell
ROC
-0.186
Sell
Bull/Bear Power(13)
0.0002
Buy
Buy: 7
Sell: 3
Neutral: 0


Summary:Strong Buy","Jun 17, 2021 10:11PM GMT"
usd_cny,6.4484 +0.0515    +0.80%,11:27:22,2021-06-17 22:12:10.348976,"Prev. Close: 6.3969
Bid/Ask: 6.4477 / 6.4490
Day's Range: 6.3972 - 6.4494",Strong Buy,"Summary:Strong Buy
Moving Averages:BuyBuy (12)Sell (0)
Technical Indicators:Strong BuyBuy (7)Sell (0)","Name
S3
S2
S1
Pivot Points
R1
R2
R3
Classic
6.4380
6.4399
6.4436
6.4455
6.4492
6.4511
6.4548
Fibonacci
6.4399
6.4420
6.4434
6.4455
6.4476
6.4490
6.4511
Camarilla
6.4458
6.4463
6.4468
6.4455
6.4479
6.4484
6.4489
Woodie's
6.4390
6.4404
6.4446
6.4460
6.4502
6.4516
6.4558
DeMark's
-
-
6.4446
6.4460
6.4502
-
-","Technical IndicatorsJun 17, 2021 03:34PM GMT
Name
Value
Action
RSI(14)
85.433
Overbought
STOCH(9,6)
77.649
Buy
STOCHRSI(14)
100.000
Overbought
MACD(12,26)
0.011
Buy
ADX(14)
61.337
Buy
Williams %R
-3.426
Overbought
CCI(14)
151.8010
Buy
ATR(14)
0.0041
Less Volatility
Highs/Lows(14)
0.0141
Buy
Ultimate Oscillator
82.973
Overbought
ROC
0.391
Buy
Bull/Bear Power(13)
0.0286
Buy
Buy: 7
Sell: 0
Neutral: 0


Summary:Strong Buy","Jun 17, 2021 03:34PM GMT"
usd_hkd,7.7647 +0.0003    +0.00%,18:11:35,2021-06-17 22:12:10.351887,"Prev. Close: 7.7644
Bid/Ask: 7.7646 / 7.7647
Day's Range: 7.7644 - 7.7650",Buy,"Summary:Buy
Moving Averages:BuyBuy (8)Sell (4)
Technical Indicators:BUYBuy (5)Sell (1)","Name
S3
S2
S1
Pivot Points
R1
R2
R3
Classic
7.7639
7.7641
7.7645
7.7647
7.7651
7.7653
7.7656
Fibonacci
7.7641
7.7643
7.7645
7.7647
7.7649
7.7651
7.7653
Camarilla
7.7646
7.7646
7.7647
7.7647
7.7648
7.7649
7.7649
Woodie's
7.7639
7.7641
7.7645
7.7647
7.7651
7.7653
7.7656
DeMark's
-
-
7.7645
7.7647
7.7651
-
-","Technical IndicatorsJun 17, 2021 10:11PM GMT
Name
Value
Action
RSI(14)
53.155
Neutral
STOCH(9,6)
62.959
Buy
STOCHRSI(14)
19.700
Oversold
MACD(12,26)
0.000
Buy
ADX(14)
27.880
Neutral
Williams %R
-57.892
Sell
CCI(14)
5.8071
Neutral
ATR(14)
0.0008
Less Volatility
Highs/Lows(14)
0.0000
Neutral
Ultimate Oscillator
53.195
Buy
ROC
0.005
Buy
Bull/Bear Power(13)
0.0012
Buy
Buy: 5
Sell: 1
Neutral: 4


Summary:BUY","Jun 17, 2021 10:11PM GMT"
eur_usd,1.1912 +0.0006    +0.05%,18:12:24,2021-06-17 22:13:10.548548,"Prev. Close: 1.1906
Bid/Ask: 1.1910 / 1.1914
Day's Range: 1.1906 - 1.1913",Strong Sell,"Summary:Strong Sell
Moving Averages:SellBuy (2)Sell (10)
Technical Indicators:Strong SellBuy (0)Sell (9)","Name
S3
S2
S1
Pivot Points
R1
R2
R3
Classic
1.1902
1.1904
1.1905
1.1907
1.1909
1.1910
1.1912
Fibonacci
1.1904
1.1905
1.1906
1.1907
1.1908
1.1909
1.1910
Camarilla
1.1906
1.1906
1.1906
1.1907
1.1907
1.1907
1.1907
Woodie's
1.1902
1.1904
1.1905
1.1907
1.1909
1.1910
1.1912
DeMark's
-
-
1.1904
1.1906
1.1908
-
-","Technical IndicatorsJun 17, 2021 10:12PM GMT
Name
Value
Action
RSI(14)
31.226
Sell
STOCH(9,6)
29.343
Sell
STOCHRSI(14)
100.000
Overbought
MACD(12,26)
-0.004
Sell
ADX(14)
37.693
Neutral
Williams %R
-68.463
Sell
CCI(14)
-63.3887
Sell
ATR(14)
0.0017
Less Volatility
Highs/Lows(14)
-0.0001
Sell
Ultimate Oscillator
41.376
Sell
ROC
-0.297
Sell
Bull/Bear Power(13)
-0.0020
Sell
Buy: 0
Sell: 9
Neutral: 1


Summary:Strong Sell","Jun 17, 2021 10:12PM GMT"
gbp_usd,1.3931 +0.0012    +0.09%,18:12:46,2021-06-17 22:13:10.552519,"Prev. Close: 1.3919
Bid/Ask: 1.3930 / 1.3932
Day's Range: 1.3915 - 1.3932",Strong Sell,"Summary:Strong Sell
Moving Averages:SellBuy (3)Sell (9)
Technical Indicators:Strong SellBuy (0)Sell (8)","Name
S3
S2
S1
Pivot Points
R1
R2
R3
Classic
1.3898
1.3907
1.3914
1.3922
1.3929
1.3937
1.3944
Fibonacci
1.3907
1.3912
1.3916
1.3922
1.3928
1.3932
1.3937
Camarilla
1.3916
1.3918
1.3919
1.3922
1.3922
1.3923
1.3925
Woodie's
1.3898
1.3907
1.3914
1.3922
1.3929
1.3937
1.3944
DeMark's
-
-
1.3910
1.3920
1.3926
-
-","Technical IndicatorsJun 17, 2021 10:11PM GMT
Name
Value
Action
RSI(14)
39.306
Sell
STOCH(9,6)
39.762
Sell
STOCHRSI(14)
100.000
Overbought
MACD(12,26)
-0.003
Sell
ADX(14)
40.721
Sell
Williams %R
-61.018
Sell
CCI(14)
-41.0904
Neutral
ATR(14)
0.0024
Less Volatility
Highs/Lows(14)
0.0000
Neutral
Ultimate Oscillator
43.319
Sell
ROC
-0.333
Sell
Bull/Bear Power(13)
-0.0005
Sell
Buy: 0
Sell: 8
Neutral: 2


Summary:Strong Sell","Jun 17, 2021 10:11PM GMT"
usd_jpy,110.24 +0.04    +0.04%,18:12:42,2021-06-17 22:13:10.555601,"Prev. Close: 110.20
Bid/Ask: 110.23 / 110.25
Day's Range: 110.17 - 110.83",Strong Sell,"Summary:Strong Sell
Moving Averages:SellBuy (4)Sell (8)
Technical Indicators:Strong SellBuy (0)Sell (8)","Name
S3
S2
S1
Pivot Points
R1
R2
R3
Classic
110.14
110.17
110.21
110.24
110.29
110.31
110.36
Fibonacci
110.17
110.19
110.21
110.24
110.27
110.29
110.31
Camarilla
110.24
110.25
110.25
110.24
110.27
110.27
110.28
Woodie's
110.16
110.18
110.23
110.25
110.31
110.32
110.38
DeMark's
-
-
110.23
110.25
110.30
-
-","Technical IndicatorsJun 17, 2021 10:11PM GMT
Name
Value
Action
RSI(14)
41.487
Sell
STOCH(9,6)
15.921
Oversold
STOCHRSI(14)
11.742
Oversold
MACD(12,26)
-0.030
Sell
ADX(14)
32.654
Sell
Williams %R
-89.075
Oversold
CCI(14)
-68.0195
Sell
ATR(14)
0.1161
Less Volatility
Highs/Lows(14)
-0.0996
Sell
Ultimate Oscillator
48.547
Sell
ROC
-0.371
Sell
Bull/Bear Power(13)
-0.2010
Sell
Buy: 0
Sell: 8
Neutral: 0


Summary:Strong Sell","Jun 17, 2021 10:11PM GMT"
aud_usd,0.7556 +0.0006    +0.07%,18:12:43,2021-06-17 22:13:10.558586,"Prev. Close: 0.7550
Bid/Ask: 0.7555 / 0.7556
Day's Range: 0.7547 - 0.7557",Strong Sell,"Summary:Strong Sell
Moving Averages:SellBuy (3)Sell (9)
Technical Indicators:Strong SellBuy (0)Sell (9)","Name
S3
S2
S1
Pivot Points
R1
R2
R3
Classic
0.7538
0.7543
0.7548
0.7552
0.7557
0.7561
0.7566
Fibonacci
0.7543
0.7546
0.7548
0.7552
0.7556
0.7558
0.7561
Camarilla
0.7550
0.7551
0.7552
0.7552
0.7553
0.7554
0.7555
Woodie's
0.7538
0.7543
0.7548
0.7552
0.7557
0.7561
0.7566
DeMark's
-
-
0.7545
0.7551
0.7554
-
-","Technical IndicatorsJun 17, 2021 10:12PM GMT
Name
Value
Action
RSI(14)
32.233
Sell
STOCH(9,6)
26.901
Sell
STOCHRSI(14)
100.000
Overbought
MACD(12,26)
-0.003
Sell
ADX(14)
52.223
Sell
Williams %R
-74.046
Sell
CCI(14)
-63.9273
Sell
ATR(14)
0.0015
Less Volatility
Highs/Lows(14)
0.0000
Neutral
Ultimate Oscillator
39.708
Sell
ROC
-0.585
Sell
Bull/Bear Power(13)
-0.0012
Sell
Buy: 0
Sell: 9
Neutral: 1


Summary:Strong Sell","Jun 17, 2021 10:12PM GMT"
eur_gbp,0.8551 0.0000    0.00%,18:12:46,2021-06-17 22:13:10.561541,"Prev. Close: 0.8551
Bid/Ask: 0.8549 / 0.8553
Day's Range: 0.8549 - 0.8557",Strong Sell,"Summary:Strong Sell
Moving Averages:Strong SellBuy (0)Sell (12)
Technical Indicators:Strong SellBuy (3)Sell (7)","Name
S3
S2
S1
Pivot Points
R1
R2
R3
Classic
0.8541
0.8545
0.8549
0.8553
0.8558
0.8561
0.8566
Fibonacci
0.8545
0.8548
0.8550
0.8553
0.8556
0.8558
0.8561
Camarilla
0.8551
0.8552
0.8552
0.8553
0.8554
0.8554
0.8555
Woodie's
0.8541
0.8545
0.8549
0.8553
0.8558
0.8561
0.8566
DeMark's
-
-
0.8551
0.8554
0.8559
-
-","Technical IndicatorsJun 17, 2021 10:12PM GMT
Name
Value
Action
RSI(14)
37.048
Sell
STOCH(9,6)
34.788
Sell
STOCHRSI(14)
57.349
Buy
MACD(12,26)
-0.001
Sell
ADX(14)
39.954
Sell
Williams %R
-75.927
Sell
CCI(14)
-89.6770
Sell
ATR(14)
0.0010
Less Volatility
Highs/Lows(14)
0.0000
Neutral
Ultimate Oscillator
52.571
Buy
ROC
0.035
Buy
Bull/Bear Power(13)
-0.0017
Sell
Buy: 3
Sell: 7
Neutral: 1


Summary:Strong Sell","Jun 17, 2021 10:12PM GMT"
usd_cad,1.2351 -0.0010    -0.08%,18:12:48,2021-06-17 22:13:10.564527,"Prev. Close: 1.2361
Bid/Ask: 1.2349 / 1.2352
Day's Range: 1.2349 - 1.2368",Strong Buy,"Summary:Strong Buy
Moving Averages:BuyBuy (10)Sell (2)
Technical Indicators:Strong BuyBuy (9)Sell (0)","Name
S3
S2
S1
Pivot Points
R1
R2
R3
Classic
1.2333
1.2342
1.2350
1.2359
1.2367
1.2376
1.2384
Fibonacci
1.2342
1.2348
1.2353
1.2359
1.2365
1.2370
1.2376
Camarilla
1.2353
1.2355
1.2356
1.2359
1.2360
1.2361
1.2363
Woodie's
1.2333
1.2342
1.2350
1.2359
1.2367
1.2376
1.2384
DeMark's
-
-
1.2346
1.2357
1.2363
-
-","Technical IndicatorsJun 17, 2021 10:11PM GMT
Name
Value
Action
RSI(14)
66.799
Buy
STOCH(9,6)
72.595
Buy
STOCHRSI(14)
5.401
Oversold
MACD(12,26)
0.003
Buy
ADX(14)
48.114
Buy
Williams %R
-32.728
Buy
CCI(14)
67.0182
Buy
ATR(14)
0.0023
Less Volatility
Highs/Lows(14)
0.0000
Neutral
Ultimate Oscillator
63.155
Buy
ROC
0.309
Buy
Bull/Bear Power(13)
0.0026
Buy
Buy: 9
Sell: 0
Neutral: 1


Summary:Strong Buy","Jun 17, 2021 10:11PM GMT"
usd_chf,0.9177 +0.0004    +0.04%,18:12:49,2021-06-17 22:13:10.567498,"Prev. Close: 0.9173
Bid/Ask: 0.9175 / 0.9179
Day's Range: 0.9169 - 0.9183",Strong Buy,"Summary:Strong Buy
Moving Averages:BuyBuy (12)Sell (0)
Technical Indicators:Strong BuyBuy (8)Sell (0)","Name
S3
S2
S1
Pivot Points
R1
R2
R3
Classic
0.9155
0.9161
0.9169
0.9176
0.9184
0.9191
0.9198
Fibonacci
0.9161
0.9167
0.9170
0.9176
0.9182
0.9185
0.9191
Camarilla
0.9172
0.9173
0.9175
0.9176
0.9177
0.9179
0.9180
Woodie's
0.9155
0.9161
0.9169
0.9176
0.9184
0.9191
0.9198
DeMark's
-
-
0.9165
0.9174
0.9180
-
-","Technical IndicatorsJun 17, 2021 10:11PM GMT
Name
Value
Action
RSI(14)
75.187
Overbought
STOCH(9,6)
75.758
Buy
STOCHRSI(14)
3.969
Oversold
MACD(12,26)
0.003
Buy
ADX(14)
40.046
Buy
Williams %R
-18.803
Overbought
CCI(14)
78.3997
Buy
ATR(14)
0.0014
Less Volatility
Highs/Lows(14)
0.0006
Buy
Ultimate Oscillator
60.246
Buy
ROC
0.443
Buy
Bull/Bear Power(13)
0.0033
Buy
Buy: 8
Sell: 0
Neutral: 0


Summary:Strong Buy","Jun 17, 2021 10:11PM GMT"
nzd_chf,0.6436 +0.0017    +0.26%,18:12:50,2021-06-17 22:13:10.570430,"Prev. Close: 0.6419
Bid/Ask: 0.6433 / 0.6439
Day's Range: 0.6421 - 0.6436",Strong Buy,"Summary:Strong Buy
Moving Averages:BuyBuy (11)Sell (1)
Technical Indicators:Strong BuyBuy (7)Sell (3)","Name
S3
S2
S1
Pivot Points
R1
R2
R3
Classic
0.6407
0.6414
0.6420
0.6427
0.6433
0.6440
0.6447
Fibonacci
0.6414
0.6419
0.6422
0.6427
0.6432
0.6435
0.6440
Camarilla
0.6421
0.6423
0.6424
0.6427
0.6426
0.6427
0.6429
Woodie's
0.6405
0.6413
0.6418
0.6426
0.6431
0.6439
0.6445
DeMark's
-
-
0.6416
0.6425
0.6429
-
-","Technical IndicatorsJun 17, 2021 10:13PM GMT
Name
Value
Action
RSI(14)
57.520
Buy
STOCH(9,6)
63.409
Buy
STOCHRSI(14)
92.681
Overbought
MACD(12,26)
0.000
Buy
ADX(14)
30.620
Sell
Williams %R
-34.445
Buy
CCI(14)
86.5656
Buy
ATR(14)
0.0012
Less Volatility
Highs/Lows(14)
0.0003
Buy
Ultimate Oscillator
42.533
Sell
ROC
-0.186
Sell
Bull/Bear Power(13)
0.0002
Buy
Buy: 7
Sell: 3
Neutral: 0


Summary:Strong Buy","Jun 17, 2021 10:13PM GMT"
usd_cny,6.4484 +0.0515    +0.80%,11:27:22,2021-06-17 22:13:10.573320,"Prev. Close: 6.3969
Bid/Ask: 6.4477 / 6.4490
Day's Range: 6.3972 - 6.4494",Strong Buy,"Summary:Strong Buy
Moving Averages:BuyBuy (12)Sell (0)
Technical Indicators:Strong BuyBuy (7)Sell (0)","Name
S3
S2
S1
Pivot Points
R1
R2
R3
Classic
6.4380
6.4399
6.4436
6.4455
6.4492
6.4511
6.4548
Fibonacci
6.4399
6.4420
6.4434
6.4455
6.4476
6.4490
6.4511
Camarilla
6.4458
6.4463
6.4468
6.4455
6.4479
6.4484
6.4489
Woodie's
6.4390
6.4404
6.4446
6.4460
6.4502
6.4516
6.4558
DeMark's
-
-
6.4446
6.4460
6.4502
-
-","Technical IndicatorsJun 17, 2021 03:34PM GMT
Name
Value
Action
RSI(14)
85.433
Overbought
STOCH(9,6)
77.649
Buy
STOCHRSI(14)
100.000
Overbought
MACD(12,26)
0.011
Buy
ADX(14)
61.337
Buy
Williams %R
-3.426
Overbought
CCI(14)
151.8010
Buy
ATR(14)
0.0041
Less Volatility
Highs/Lows(14)
0.0141
Buy
Ultimate Oscillator
82.973
Overbought
ROC
0.391
Buy
Bull/Bear Power(13)
0.0286
Buy
Buy: 7
Sell: 0
Neutral: 0


Summary:Strong Buy","Jun 17, 2021 03:34PM GMT"
usd_hkd,7.7646 +0.0002    +0.00%,18:12:51,2021-06-17 22:13:10.576236,"Prev. Close: 7.7644
Bid/Ask: 7.7645 / 7.7647
Day's Range: 7.7644 - 7.7650",Buy,"Summary:Buy
Moving Averages:BuyBuy (8)Sell (4)
Technical Indicators:BUYBuy (5)Sell (1)","Name
S3
S2
S1
Pivot Points
R1
R2
R3
Classic
7.7639
7.7641
7.7645
7.7647
7.7651
7.7653
7.7656
Fibonacci
7.7641
7.7643
7.7645
7.7647
7.7649
7.7651
7.7653
Camarilla
7.7646
7.7646
7.7647
7.7647
7.7648
7.7649
7.7649
Woodie's
7.7639
7.7641
7.7645
7.7647
7.7651
7.7653
7.7656
DeMark's
-
-
7.7645
7.7647
7.7651
-
-","Technical IndicatorsJun 17, 2021 10:11PM GMT
Name
Value
Action
RSI(14)
53.155
Neutral
STOCH(9,6)
62.959
Buy
STOCHRSI(14)
19.700
Oversold
MACD(12,26)
0.000
Buy
ADX(14)
27.880
Neutral
Williams %R
-57.892
Sell
CCI(14)
5.8071
Neutral
ATR(14)
0.0008
Less Volatility
Highs/Lows(14)
0.0000
Neutral
Ultimate Oscillator
53.195
Buy
ROC
0.005
Buy
Bull/Bear Power(13)
0.0012
Buy
Buy: 5
Sell: 1
Neutral: 4


Summary:BUY","Jun 17, 2021 10:11PM GMT"
eur_usd,1.1913 +0.0006    +0.05%,18:13:39,2021-06-17 22:14:10.215068,"Prev. Close: 1.1906
Bid/Ask: 1.1912 / 1.1913
Day's Range: 1.1906 - 1.1913",Strong Sell,"Summary:Strong Sell
Moving Averages:SellBuy (2)Sell (10)
Technical Indicators:Strong SellBuy (0)Sell (9)","Name
S3
S2
S1
Pivot Points
R1
R2
R3
Classic
1.1902
1.1904
1.1905
1.1907
1.1909
1.1910
1.1912
Fibonacci
1.1904
1.1905
1.1906
1.1907
1.1908
1.1909
1.1910
Camarilla
1.1906
1.1906
1.1906
1.1907
1.1907
1.1907
1.1907
Woodie's
1.1902
1.1904
1.1905
1.1907
1.1909
1.1910
1.1912
DeMark's
-
-
1.1904
1.1906
1.1908
-
-","Technical IndicatorsJun 17, 2021 10:13PM GMT
Name
Value
Action
RSI(14)
30.959
Sell
STOCH(9,6)
29.180
Sell
STOCHRSI(14)
100.000
Overbought
MACD(12,26)
-0.004
Sell
ADX(14)
37.693
Neutral
Williams %R
-69.231
Sell
CCI(14)
-64.1054
Sell
ATR(14)
0.0017
Less Volatility
Highs/Lows(14)
-0.0002
Sell
Ultimate Oscillator
40.973
Sell
ROC
-0.301
Sell
Bull/Bear Power(13)
-0.0020
Sell
Buy: 0
Sell: 9
Neutral: 1


Summary:Strong Sell","Jun 17, 2021 10:13PM GMT"
gbp_usd,1.3931 +0.0012    +0.09%,18:13:34,2021-06-17 22:14:10.219025,"Prev. Close: 1.3919
Bid/Ask: 1.3929 / 1.3933
Day's Range: 1.3915 - 1.3932",Strong Sell,"Summary:Strong Sell
Moving Averages:SellBuy (4)Sell (8)
Technical Indicators:Strong SellBuy (0)Sell (8)","Name
S3
S2
S1
Pivot Points
R1
R2
R3
Classic
1.3898
1.3907
1.3914
1.3922
1.3929
1.3937
1.3944
Fibonacci
1.3907
1.3912
1.3916
1.3922
1.3928
1.3932
1.3937
Camarilla
1.3916
1.3918
1.3919
1.3922
1.3922
1.3923
1.3925
Woodie's
1.3898
1.3907
1.3914
1.3922
1.3929
1.3937
1.3944
DeMark's
-
-
1.3910
1.3920
1.3926
-
-","Technical IndicatorsJun 17, 2021 10:13PM GMT
Name
Value
Action
RSI(14)
39.489
Sell
STOCH(9,6)
39.887
Sell
STOCHRSI(14)
100.000
Overbought
MACD(12,26)
-0.003
Sell
ADX(14)
40.721
Sell
Williams %R
-60.452
Sell
CCI(14)
-40.3874
Neutral
ATR(14)
0.0024
Less Volatility
Highs/Lows(14)
0.0000
Neutral
Ultimate Oscillator
43.628
Sell
ROC
-0.329
Sell
Bull/Bear Power(13)
-0.0005
Sell
Buy: 0
Sell: 8
Neutral: 2


Summary:Strong Sell","Jun 17, 2021 10:13PM GMT"
usd_jpy,110.24 +0.04    +0.03%,18:13:37,2021-06-17 22:14:10.222156,"Prev. Close: 110.20
Bid/Ask: 110.22 / 110.25
Day's Range: 110.17 - 110.83",Strong Sell,"Summary:Strong Sell
Moving Averages:SellBuy (4)Sell (8)
Technical Indicators:Strong SellBuy (0)Sell (7)","Name
S3
S2
S1
Pivot Points
R1
R2
R3
Classic
110.14
110.17
110.21
110.24
110.29
110.31
110.36
Fibonacci
110.17
110.19
110.21
110.24
110.27
110.29
110.31
Camarilla
110.24
110.25
110.25
110.24
110.27
110.27
110.28
Woodie's
110.16
110.18
110.23
110.25
110.31
110.32
110.38
DeMark's
-
-
110.23
110.25
110.30
-
-","Technical IndicatorsJun 17, 2021 10:13PM GMT
Name
Value
Action
RSI(14)
41.728
Sell
STOCH(9,6)
16.186
Oversold
STOCHRSI(14)
12.620
Oversold
MACD(12,26)
-0.030
Sell
ADX(14)
32.654
Sell
Williams %R
-88.235
Oversold
CCI(14)
-67.4225
Sell
ATR(14)
0.1161
Less Volatility
Highs/Lows(14)
-0.0946
Sell
Ultimate Oscillator
49.154
Neutral
ROC
-0.366
Sell
Bull/Bear Power(13)
-0.2030
Sell
Buy: 0
Sell: 7
Neutral: 1


Summary:Strong Sell","Jun 17, 2021 10:13PM GMT"
aud_usd,0.7555 +0.0005    +0.07%,18:13:43,2021-06-17 22:14:10.225159,"Prev. Close: 0.7550
Bid/Ask: 0.7554 / 0.7556
Day's Range: 0.7547 - 0.7557",Strong Sell,"Summary:Strong Sell
Moving Averages:SellBuy (3)Sell (9)
Technical Indicators:Strong SellBuy (0)Sell (9)","Name
S3
S2
S1
Pivot Points
R1
R2
R3
Classic
0.7538
0.7543
0.7548
0.7552
0.7557
0.7561
0.7566
Fibonacci
0.7543
0.7546
0.7548
0.7552
0.7556
0.7558
0.7561
Camarilla
0.7550
0.7551
0.7552
0.7552
0.7553
0.7554
0.7555
Woodie's
0.7538
0.7543
0.7548
0.7552
0.7557
0.7561
0.7566
DeMark's
-
-
0.7545
0.7551
0.7554
-
-","Technical IndicatorsJun 17, 2021 10:12PM GMT
Name
Value
Action
RSI(14)
32.233
Sell
STOCH(9,6)
26.901
Sell
STOCHRSI(14)
100.000
Overbought
MACD(12,26)
-0.003
Sell
ADX(14)
52.223
Sell
Williams %R
-74.046
Sell
CCI(14)
-63.9273
Sell
ATR(14)
0.0015
Less Volatility
Highs/Lows(14)
0.0000
Neutral
Ultimate Oscillator
39.708
Sell
ROC
-0.585
Sell
Bull/Bear Power(13)
-0.0012
Sell
Buy: 0
Sell: 9
Neutral: 1


Summary:Strong Sell","Jun 17, 2021 10:12PM GMT"
eur_gbp,0.8551 0.0000    0.00%,18:13:41,2021-06-17 22:14:10.228085,"Prev. Close: 0.8551
Bid/Ask: 0.8549 / 0.8553
Day's Range: 0.8549 - 0.8557",Strong Sell,"Summary:Strong Sell
Moving Averages:Strong SellBuy (0)Sell (12)
Technical Indicators:Strong SellBuy (3)Sell (7)","Name
S3
S2
S1
Pivot Points
R1
R2
R3
Classic
0.8541
0.8545
0.8549
0.8553
0.8558
0.8561
0.8566
Fibonacci
0.8545
0.8548
0.8550
0.8553
0.8556
0.8558
0.8561
Camarilla
0.8551
0.8552
0.8552
0.8553
0.8554
0.8554
0.8555
Woodie's
0.8541
0.8545
0.8549
0.8553
0.8558
0.8561
0.8566
DeMark's
-
-
0.8551
0.8554
0.8559
-
-","Technical IndicatorsJun 17, 2021 10:13PM GMT
Name
Value
Action
RSI(14)
37.048
Sell
STOCH(9,6)
34.788
Sell
STOCHRSI(14)
57.349
Buy
MACD(12,26)
-0.001
Sell
ADX(14)
39.954
Sell
Williams %R
-75.927
Sell
CCI(14)
-89.6770
Sell
ATR(14)
0.0010
Less Volatility
Highs/Lows(14)
0.0000
Neutral
Ultimate Oscillator
52.571
Buy
ROC
0.035
Buy
Bull/Bear Power(13)
-0.0017
Sell
Buy: 3
Sell: 7
Neutral: 1


Summary:Strong Sell","Jun 17, 2021 10:13PM GMT"
usd_cad,1.2351 -0.0010    -0.08%,18:13:42,2021-06-17 22:14:10.230989,"Prev. Close: 1.2361
Bid/Ask: 1.2350 / 1.2352
Day's Range: 1.2349 - 1.2368",Strong Buy,"Summary:Strong Buy
Moving Averages:BuyBuy (10)Sell (2)
Technical Indicators:Strong BuyBuy (9)Sell (0)","Name
S3
S2
S1
Pivot Points
R1
R2
R3
Classic
1.2333
1.2342
1.2350
1.2359
1.2367
1.2376
1.2384
Fibonacci
1.2342
1.2348
1.2353
1.2359
1.2365
1.2370
1.2376
Camarilla
1.2353
1.2355
1.2356
1.2359
1.2360
1.2361
1.2363
Woodie's
1.2333
1.2342
1.2350
1.2359
1.2367
1.2376
1.2384
DeMark's
-
-
1.2346
1.2357
1.2363
-
-","Technical IndicatorsJun 17, 2021 10:11PM GMT
Name
Value
Action
RSI(14)
66.799
Buy
STOCH(9,6)
72.595
Buy
STOCHRSI(14)
5.401
Oversold
MACD(12,26)
0.003
Buy
ADX(14)
48.114
Buy
Williams %R
-32.728
Buy
CCI(14)
67.0182
Buy
ATR(14)
0.0023
Less Volatility
Highs/Lows(14)
0.0000
Neutral
Ultimate Oscillator
63.155
Buy
ROC
0.309
Buy
Bull/Bear Power(13)
0.0026
Buy
Buy: 9
Sell: 0
Neutral: 1


Summary:Strong Buy","Jun 17, 2021 10:11PM GMT"
usd_chf,0.9177 +0.0003    +0.04%,18:13:42,2021-06-17 22:14:10.233866,"Prev. Close: 0.9173
Bid/Ask: 0.9176 / 0.9177
Day's Range: 0.9169 - 0.9183",Strong Buy,"Summary:Strong Buy
Moving Averages:BuyBuy (12)Sell (0)
Technical Indicators:Strong BuyBuy (8)Sell (0)","Name
S3
S2
S1
Pivot Points
R1
R2
R3
Classic
0.9155
0.9161
0.9169
0.9176
0.9184
0.9191
0.9198
Fibonacci
0.9161
0.9167
0.9170
0.9176
0.9182
0.9185
0.9191
Camarilla
0.9172
0.9173
0.9175
0.9176
0.9177
0.9179
0.9180
Woodie's
0.9155
0.9161
0.9169
0.9176
0.9184
0.9191
0.9198
DeMark's
-
-
0.9165
0.9174
0.9180
-
-","Technical IndicatorsJun 17, 2021 10:13PM GMT
Name
Value
Action
RSI(14)
75.187
Overbought
STOCH(9,6)
75.758
Buy
STOCHRSI(14)
3.969
Oversold
MACD(12,26)
0.003
Buy
ADX(14)
40.046
Buy
Williams %R
-18.803
Overbought
CCI(14)
78.3997
Buy
ATR(14)
0.0014
Less Volatility
Highs/Lows(14)
0.0006
Buy
Ultimate Oscillator
60.246
Buy
ROC
0.443
Buy
Bull/Bear Power(13)
0.0033
Buy
Buy: 8
Sell: 0
Neutral: 0


Summary:Strong Buy","Jun 17, 2021 10:13PM GMT"
nzd_chf,0.6436 +0.0016    +0.26%,18:13:37,2021-06-17 22:14:10.236770,"Prev. Close: 0.6419
Bid/Ask: 0.6433 / 0.6438
Day's Range: 0.6421 - 0.6437",Strong Buy,"Summary:Strong Buy
Moving Averages:BuyBuy (11)Sell (1)
Technical Indicators:Strong BuyBuy (7)Sell (3)","Name
S3
S2
S1
Pivot Points
R1
R2
R3
Classic
0.6407
0.6414
0.6420
0.6427
0.6433
0.6440
0.6447
Fibonacci
0.6414
0.6419
0.6422
0.6427
0.6432
0.6435
0.6440
Camarilla
0.6421
0.6423
0.6424
0.6427
0.6426
0.6427
0.6429
Woodie's
0.6405
0.6413
0.6418
0.6426
0.6431
0.6439
0.6445
DeMark's
-
-
0.6416
0.6425
0.6429
-
-","Technical IndicatorsJun 17, 2021 10:13PM GMT
Name
Value
Action
RSI(14)
57.520
Buy
STOCH(9,6)
63.409
Buy
STOCHRSI(14)
92.681
Overbought
MACD(12,26)
0.000
Buy
ADX(14)
30.620
Sell
Williams %R
-34.445
Buy
CCI(14)
86.5656
Buy
ATR(14)
0.0012
Less Volatility
Highs/Lows(14)
0.0003
Buy
Ultimate Oscillator
42.533
Sell
ROC
-0.186
Sell
Bull/Bear Power(13)
0.0002
Buy
Buy: 7
Sell: 3
Neutral: 0


Summary:Strong Buy","Jun 17, 2021 10:13PM GMT"
usd_cny,6.4484 +0.0515    +0.80%,11:27:22,2021-06-17 22:14:10.239683,"Prev. Close: 6.3969
Bid/Ask: 6.4477 / 6.4490
Day's Range: 6.3972 - 6.4494",Strong Buy,"Summary:Strong Buy
Moving Averages:BuyBuy (12)Sell (0)
Technical Indicators:Strong BuyBuy (7)Sell (0)","Name
S3
S2
S1
Pivot Points
R1
R2
R3
Classic
6.4380
6.4399
6.4436
6.4455
6.4492
6.4511
6.4548
Fibonacci
6.4399
6.4420
6.4434
6.4455
6.4476
6.4490
6.4511
Camarilla
6.4458
6.4463
6.4468
6.4455
6.4479
6.4484
6.4489
Woodie's
6.4390
6.4404
6.4446
6.4460
6.4502
6.4516
6.4558
DeMark's
-
-
6.4446
6.4460
6.4502
-
-","Technical IndicatorsJun 17, 2021 03:34PM GMT
Name
Value
Action
RSI(14)
85.433
Overbought
STOCH(9,6)
77.649
Buy
STOCHRSI(14)
100.000
Overbought
MACD(12,26)
0.011
Buy
ADX(14)
61.337
Buy
Williams %R
-3.426
Overbought
CCI(14)
151.8010
Buy
ATR(14)
0.0041
Less Volatility
Highs/Lows(14)
0.0141
Buy
Ultimate Oscillator
82.973
Overbought
ROC
0.391
Buy
Bull/Bear Power(13)
0.0286
Buy
Buy: 7
Sell: 0
Neutral: 0


Summary:Strong Buy","Jun 17, 2021 03:34PM GMT"
usd_hkd,7.7645 0.0001    0.00%,18:13:38,2021-06-17 22:14:10.242579,"Prev. Close: 7.7644
Bid/Ask: 7.7642 / 7.7647
Day's Range: 7.7644 - 7.7650",Buy,"Summary:Buy
Moving Averages:BuyBuy (9)Sell (3)
Technical Indicators:BUYBuy (5)Sell (1)","Name
S3
S2
S1
Pivot Points
R1
R2
R3
Classic
7.7639
7.7641
7.7645
7.7647
7.7651
7.7653
7.7656
Fibonacci
7.7641
7.7643
7.7645
7.7647
7.7649
7.7651
7.7653
Camarilla
7.7646
7.7646
7.7647
7.7647
7.7648
7.7649
7.7649
Woodie's
7.7639
7.7641
7.7645
7.7647
7.7651
7.7653
7.7656
DeMark's
-
-
7.7645
7.7647
7.7651
-
-","Technical IndicatorsJun 17, 2021 10:13PM GMT
Name
Value
Action
RSI(14)
54.591
Neutral
STOCH(9,6)
64.879
Buy
STOCHRSI(14)
29.371
Sell
MACD(12,26)
0.000
Buy
ADX(14)
27.880
Neutral
Williams %R
-50.013
Neutral
CCI(14)
19.0246
Neutral
ATR(14)
0.0008
Less Volatility
Highs/Lows(14)
0.0000
Neutral
Ultimate Oscillator
56.029
Buy
ROC
0.007
Buy
Bull/Bear Power(13)
0.0012
Buy
Buy: 5
Sell: 1
Neutral: 5


Summary:BUY","Jun 17, 2021 10:13PM GMT"
eur_usd,1.1913 +0.0007    +0.06%,18:14:28,2021-06-17 22:15:09.906708,"Prev. Close: 1.1906
Bid/Ask: 1.1911 / 1.1915
Day's Range: 1.1906 - 1.1913",Strong Sell,"Summary:Strong Sell
Moving Averages:SellBuy (2)Sell (10)
Technical Indicators:Strong SellBuy (0)Sell (9)","Name
S3
S2
S1
Pivot Points
R1
R2
R3
Classic
1.1902
1.1904
1.1905
1.1907
1.1909
1.1910
1.1912
Fibonacci
1.1904
1.1905
1.1906
1.1907
1.1908
1.1909
1.1910
Camarilla
1.1906
1.1906
1.1906
1.1907
1.1907
1.1907
1.1907
Woodie's
1.1902
1.1904
1.1905
1.1907
1.1909
1.1910
1.1912
DeMark's
-
-
1.1904
1.1906
1.1908
-
-","Technical IndicatorsJun 17, 2021 10:13PM GMT
Name
Value
Action
RSI(14)
30.959
Sell
STOCH(9,6)
29.180
Sell
STOCHRSI(14)
100.000
Overbought
MACD(12,26)
-0.004
Sell
ADX(14)
37.693
Neutral
Williams %R
-69.231
Sell
CCI(14)
-64.1054
Sell
ATR(14)
0.0017
Less Volatility
Highs/Lows(14)
-0.0002
Sell
Ultimate Oscillator
40.973
Sell
ROC
-0.301
Sell
Bull/Bear Power(13)
-0.0020
Sell
Buy: 0
Sell: 9
Neutral: 1


Summary:Strong Sell","Jun 17, 2021 10:13PM GMT"
gbp_usd,1.3930 +0.0011    +0.08%,18:14:47,2021-06-17 22:15:09.910742,"Prev. Close: 1.3919
Bid/Ask: 1.3928 / 1.3932
Day's Range: 1.3915 - 1.3932",Strong Sell,"Summary:Strong Sell
Moving Averages:SellBuy (4)Sell (8)
Technical Indicators:Strong SellBuy (0)Sell (8)","Name
S3
S2
S1
Pivot Points
R1
R2
R3
Classic
1.3898
1.3907
1.3914
1.3922
1.3929
1.3937
1.3944
Fibonacci
1.3907
1.3912
1.3916
1.3922
1.3928
1.3932
1.3937
Camarilla
1.3916
1.3918
1.3919
1.3922
1.3922
1.3923
1.3925
Woodie's
1.3898
1.3907
1.3914
1.3922
1.3929
1.3937
1.3944
DeMark's
-
-
1.3910
1.3920
1.3926
-
-","Technical IndicatorsJun 17, 2021 10:13PM GMT
Name
Value
Action
RSI(14)
39.489
Sell
STOCH(9,6)
39.887
Sell
STOCHRSI(14)
100.000
Overbought
MACD(12,26)
-0.003
Sell
ADX(14)
40.721
Sell
Williams %R
-60.452
Sell
CCI(14)
-40.3874
Neutral
ATR(14)
0.0024
Less Volatility
Highs/Lows(14)
0.0000
Neutral
Ultimate Oscillator
43.628
Sell
ROC
-0.329
Sell
Bull/Bear Power(13)
-0.0005
Sell
Buy: 0
Sell: 8
Neutral: 2


Summary:Strong Sell","Jun 17, 2021 10:13PM GMT"
usd_jpy,110.25 +0.04    +0.04%,18:14:40,2021-06-17 22:15:09.914037,"Prev. Close: 110.20
Bid/Ask: 110.24 / 110.25
Day's Range: 110.17 - 110.83",Strong Sell,"Summary:Strong Sell
Moving Averages:SellBuy (4)Sell (8)
Technical Indicators:Strong SellBuy (0)Sell (7)","Name
S3
S2
S1
Pivot Points
R1
R2
R3
Classic
110.14
110.17
110.21
110.24
110.29
110.31
110.36
Fibonacci
110.17
110.19
110.21
110.24
110.27
110.29
110.31
Camarilla
110.24
110.25
110.25
110.24
110.27
110.27
110.28
Woodie's
110.16
110.18
110.23
110.25
110.31
110.32
110.38
DeMark's
-
-
110.23
110.25
110.30
-
-","Technical IndicatorsJun 17, 2021 10:13PM GMT
Name
Value
Action
RSI(14)
41.728
Sell
STOCH(9,6)
16.186
Oversold
STOCHRSI(14)
12.620
Oversold
MACD(12,26)
-0.030
Sell
ADX(14)
32.654
Sell
Williams %R
-88.235
Oversold
CCI(14)
-67.4225
Sell
ATR(14)
0.1161
Less Volatility
Highs/Lows(14)
-0.0946
Sell
Ultimate Oscillator
49.154
Neutral
ROC
-0.366
Sell
Bull/Bear Power(13)
-0.2030
Sell
Buy: 0
Sell: 7
Neutral: 1


Summary:Strong Sell","Jun 17, 2021 10:13PM GMT"
aud_usd,0.7555 +0.0005    +0.07%,18:14:53,2021-06-17 22:15:09.917178,"Prev. Close: 0.7550
Bid/Ask: 0.7554 / 0.7556
Day's Range: 0.7547 - 0.7557",Strong Sell,"Summary:Strong Sell
Moving Averages:SellBuy (3)Sell (9)
Technical Indicators:Strong SellBuy (0)Sell (9)","Name
S3
S2
S1
Pivot Points
R1
R2
R3
Classic
0.7538
0.7543
0.7548
0.7552
0.7557
0.7561
0.7566
Fibonacci
0.7543
0.7546
0.7548
0.7552
0.7556
0.7558
0.7561
Camarilla
0.7550
0.7551
0.7552
0.7552
0.7553
0.7554
0.7555
Woodie's
0.7538
0.7543
0.7548
0.7552
0.7557
0.7561
0.7566
DeMark's
-
-
0.7545
0.7551
0.7554
-
-","Technical IndicatorsJun 17, 2021 10:12PM GMT
Name
Value
Action
RSI(14)
32.233
Sell
STOCH(9,6)
26.901
Sell
STOCHRSI(14)
100.000
Overbought
MACD(12,26)
-0.003
Sell
ADX(14)
52.223
Sell
Williams %R
-74.046
Sell
CCI(14)
-63.9273
Sell
ATR(14)
0.0015
Less Volatility
Highs/Lows(14)
0.0000
Neutral
Ultimate Oscillator
39.708
Sell
ROC
-0.585
Sell
Bull/Bear Power(13)
-0.0012
Sell
Buy: 0
Sell: 9
Neutral: 1


Summary:Strong Sell","Jun 17, 2021 10:12PM GMT"
eur_gbp,0.8552 0.0001    0.00%,18:14:52,2021-06-17 22:15:09.920216,"Prev. Close: 0.8551
Bid/Ask: 0.8550 / 0.8553
Day's Range: 0.8549 - 0.8557",Strong Sell,"Summary:Strong Sell
Moving Averages:Strong SellBuy (0)Sell (12)
Technical Indicators:Strong SellBuy (3)Sell (7)","Name
S3
S2
S1
Pivot Points
R1
R2
R3
Classic
0.8541
0.8545
0.8549
0.8553
0.8558
0.8561
0.8566
Fibonacci
0.8545
0.8548
0.8550
0.8553
0.8556
0.8558
0.8561
Camarilla
0.8551
0.8552
0.8552
0.8553
0.8554
0.8554
0.8555
Woodie's
0.8541
0.8545
0.8549
0.8553
0.8558
0.8561
0.8566
DeMark's
-
-
0.8551
0.8554
0.8559
-
-","Technical IndicatorsJun 17, 2021 10:13PM GMT
Name
Value
Action
RSI(14)
37.048
Sell
STOCH(9,6)
34.788
Sell
STOCHRSI(14)
57.349
Buy
MACD(12,26)
-0.001
Sell
ADX(14)
39.954
Sell
Williams %R
-75.927
Sell
CCI(14)
-89.6770
Sell
ATR(14)
0.0010
Less Volatility
Highs/Lows(14)
0.0000
Neutral
Ultimate Oscillator
52.571
Buy
ROC
0.035
Buy
Bull/Bear Power(13)
-0.0017
Sell
Buy: 3
Sell: 7
Neutral: 1


Summary:Strong Sell","Jun 17, 2021 10:13PM GMT"
usd_cad,1.2351 -0.0010    -0.08%,18:14:55,2021-06-17 22:15:09.923198,"Prev. Close: 1.2361
Bid/Ask: 1.2350 / 1.2351
Day's Range: 1.2349 - 1.2368",Strong Buy,"Summary:Strong Buy
Moving Averages:BuyBuy (10)Sell (2)
Technical Indicators:Strong BuyBuy (9)Sell (0)","Name
S3
S2
S1
Pivot Points
R1
R2
R3
Classic
1.2333
1.2342
1.2350
1.2359
1.2367
1.2376
1.2384
Fibonacci
1.2342
1.2348
1.2353
1.2359
1.2365
1.2370
1.2376
Camarilla
1.2353
1.2355
1.2356
1.2359
1.2360
1.2361
1.2363
Woodie's
1.2333
1.2342
1.2350
1.2359
1.2367
1.2376
1.2384
DeMark's
-
-
1.2346
1.2357
1.2363
-
-","Technical IndicatorsJun 17, 2021 10:13PM GMT
Name
Value
Action
RSI(14)
66.799
Buy
STOCH(9,6)
72.595
Buy
STOCHRSI(14)
5.401
Oversold
MACD(12,26)
0.003
Buy
ADX(14)
48.114
Buy
Williams %R
-32.728
Buy
CCI(14)
67.0182
Buy
ATR(14)
0.0023
Less Volatility
Highs/Lows(14)
0.0000
Neutral
Ultimate Oscillator
63.155
Buy
ROC
0.309
Buy
Bull/Bear Power(13)
0.0026
Buy
Buy: 9
Sell: 0
Neutral: 1


Summary:Strong Buy","Jun 17, 2021 10:13PM GMT"
usd_chf,0.9176 +0.0003    +0.03%,18:14:32,2021-06-17 22:15:09.926120,"Prev. Close: 0.9173
Bid/Ask: 0.9175 / 0.9176
Day's Range: 0.9169 - 0.9183",Strong Buy,"Summary:Strong Buy
Moving Averages:BuyBuy (12)Sell (0)
Technical Indicators:Strong BuyBuy (8)Sell (0)","Name
S3
S2
S1
Pivot Points
R1
R2
R3
Classic
0.9155
0.9161
0.9169
0.9176
0.9184
0.9191
0.9198
Fibonacci
0.9161
0.9167
0.9170
0.9176
0.9182
0.9185
0.9191
Camarilla
0.9172
0.9173
0.9175
0.9176
0.9177
0.9179
0.9180
Woodie's
0.9155
0.9161
0.9169
0.9176
0.9184
0.9191
0.9198
DeMark's
-
-
0.9165
0.9174
0.9180
-
-","Technical IndicatorsJun 17, 2021 10:13PM GMT
Name
Value
Action
RSI(14)
75.187
Overbought
STOCH(9,6)
75.758
Buy
STOCHRSI(14)
3.969
Oversold
MACD(12,26)
0.003
Buy
ADX(14)
40.046
Buy
Williams %R
-18.803
Overbought
CCI(14)
78.3997
Buy
ATR(14)
0.0014
Less Volatility
Highs/Lows(14)
0.0006
Buy
Ultimate Oscillator
60.246
Buy
ROC
0.443
Buy
Bull/Bear Power(13)
0.0033
Buy
Buy: 8
Sell: 0
Neutral: 0


Summary:Strong Buy","Jun 17, 2021 10:13PM GMT"
nzd_chf,0.6433 +0.0014    +0.22%,18:14:49,2021-06-17 22:15:09.929053,"Prev. Close: 0.6419
Bid/Ask: 0.6431 / 0.6435
Day's Range: 0.6421 - 0.6437",Strong Buy,"Summary:Strong Buy
Moving Averages:BuyBuy (11)Sell (1)
Technical Indicators:Strong BuyBuy (7)Sell (3)","Name
S3
S2
S1
Pivot Points
R1
R2
R3
Classic
0.6407
0.6414
0.6420
0.6427
0.6433
0.6440
0.6447
Fibonacci
0.6414
0.6419
0.6422
0.6427
0.6432
0.6435
0.6440
Camarilla
0.6421
0.6423
0.6424
0.6427
0.6426
0.6427
0.6429
Woodie's
0.6405
0.6413
0.6418
0.6426
0.6431
0.6439
0.6445
DeMark's
-
-
0.6416
0.6425
0.6429
-
-","Technical IndicatorsJun 17, 2021 10:15PM GMT
Name
Value
Action
RSI(14)
55.587
Buy
STOCH(9,6)
60.213
Buy
STOCHRSI(14)
82.910
Overbought
MACD(12,26)
0.000
Buy
ADX(14)
30.176
Sell
Williams %R
-41.112
Buy
CCI(14)
75.9018
Buy
ATR(14)
0.0012
Less Volatility
Highs/Lows(14)
0.0000
Buy
Ultimate Oscillator
38.934
Sell
ROC
-0.233
Sell
Bull/Bear Power(13)
0.0003
Buy
Buy: 7
Sell: 3
Neutral: 0


Summary:Strong Buy","Jun 17, 2021 10:15PM GMT"
usd_cny,6.4484 +0.0515    +0.80%,11:27:22,2021-06-17 22:15:09.932002,"Prev. Close: 6.3969
Bid/Ask: 6.4477 / 6.4490
Day's Range: 6.3972 - 6.4494",Strong Buy,"Summary:Strong Buy
Moving Averages:BuyBuy (12)Sell (0)
Technical Indicators:Strong BuyBuy (7)Sell (0)","Name
S3
S2
S1
Pivot Points
R1
R2
R3
Classic
6.4380
6.4399
6.4436
6.4455
6.4492
6.4511
6.4548
Fibonacci
6.4399
6.4420
6.4434
6.4455
6.4476
6.4490
6.4511
Camarilla
6.4458
6.4463
6.4468
6.4455
6.4479
6.4484
6.4489
Woodie's
6.4390
6.4404
6.4446
6.4460
6.4502
6.4516
6.4558
DeMark's
-
-
6.4446
6.4460
6.4502
-
-","Technical IndicatorsJun 17, 2021 03:34PM GMT
Name
Value
Action
RSI(14)
85.433
Overbought
STOCH(9,6)
77.649
Buy
STOCHRSI(14)
100.000
Overbought
MACD(12,26)
0.011
Buy
ADX(14)
61.337
Buy
Williams %R
-3.426
Overbought
CCI(14)
151.8010
Buy
ATR(14)
0.0041
Less Volatility
Highs/Lows(14)
0.0141
Buy
Ultimate Oscillator
82.973
Overbought
ROC
0.391
Buy
Bull/Bear Power(13)
0.0286
Buy
Buy: 7
Sell: 0
Neutral: 0


Summary:Strong Buy","Jun 17, 2021 03:34PM GMT"
usd_hkd,7.7645 +0.0001    +0.00%,18:14:34,2021-06-17 22:15:09.934933,"Prev. Close: 7.7644
Bid/Ask: 7.7644 / 7.7646
Day's Range: 7.7644 - 7.7650",Buy,"Summary:Buy
Moving Averages:BuyBuy (9)Sell (3)
Technical Indicators:BUYBuy (5)Sell (1)","Name
S3
S2
S1
Pivot Points
R1
R2
R3
Classic
7.7639
7.7641
7.7645
7.7647
7.7651
7.7653
7.7656
Fibonacci
7.7641
7.7643
7.7645
7.7647
7.7649
7.7651
7.7653
Camarilla
7.7646
7.7646
7.7647
7.7647
7.7648
7.7649
7.7649
Woodie's
7.7639
7.7641
7.7645
7.7647
7.7651
7.7653
7.7656
DeMark's
-
-
7.7645
7.7647
7.7651
-
-","Technical IndicatorsJun 17, 2021 10:13PM GMT
Name
Value
Action
RSI(14)
54.591
Neutral
STOCH(9,6)
64.879
Buy
STOCHRSI(14)
29.371
Sell
MACD(12,26)
0.000
Buy
ADX(14)
27.880
Neutral
Williams %R
-50.013
Neutral
CCI(14)
19.0246
Neutral
ATR(14)
0.0008
Less Volatility
Highs/Lows(14)
0.0000
Neutral
Ultimate Oscillator
56.029
Buy
ROC
0.007
Buy
Bull/Bear Power(13)
0.0012
Buy
Buy: 5
Sell: 1
Neutral: 5


Summary:BUY","Jun 17, 2021 10:13PM GMT"
eur_usd,1.1911 +0.0004    +0.04%,18:15:40,2021-06-17 22:16:10.446558,"Prev. Close: 1.1906
Bid/Ask: 1.1910 / 1.1911
Day's Range: 1.1906 - 1.1913",Strong Sell,"Summary:Strong Sell
Moving Averages:SellBuy (2)Sell (10)
Technical Indicators:Strong SellBuy (0)Sell (9)","Name
S3
S2
S1
Pivot Points
R1
R2
R3
Classic
1.1902
1.1904
1.1905
1.1907
1.1909
1.1910
1.1912
Fibonacci
1.1904
1.1905
1.1906
1.1907
1.1908
1.1909
1.1910
Camarilla
1.1906
1.1906
1.1906
1.1907
1.1907
1.1907
1.1907
Woodie's
1.1902
1.1904
1.1905
1.1907
1.1909
1.1910
1.1912
DeMark's
-
-
1.1904
1.1906
1.1908
-
-","Technical IndicatorsJun 17, 2021 10:15PM GMT
Name
Value
Action
RSI(14)
30.419
Sell
STOCH(9,6)
28.853
Sell
STOCHRSI(14)
100.000
Overbought
MACD(12,26)
-0.004
Sell
ADX(14)
37.693
Neutral
Williams %R
-70.770
Sell
CCI(14)
-65.5370
Sell
ATR(14)
0.0017
Less Volatility
Highs/Lows(14)
-0.0003
Sell
Ultimate Oscillator
40.165
Sell
ROC
-0.310
Sell
Bull/Bear Power(13)
-0.0020
Sell
Buy: 0
Sell: 9
Neutral: 1


Summary:Strong Sell","Jun 17, 2021 10:15PM GMT"
gbp_usd,1.3930 +0.0010    +0.08%,18:15:36,2021-06-17 22:16:10.450579,"Prev. Close: 1.3919
Bid/Ask: 1.3929 / 1.3930
Day's Range: 1.3915 - 1.3932",Strong Sell,"Summary:Strong Sell
Moving Averages:SellBuy (3)Sell (9)
Technical Indicators:Strong SellBuy (0)Sell (8)","Name
S3
S2
S1
Pivot Points
R1
R2
R3
Classic
1.3898
1.3907
1.3914
1.3922
1.3929
1.3937
1.3944
Fibonacci
1.3907
1.3912
1.3916
1.3922
1.3928
1.3932
1.3937
Camarilla
1.3916
1.3918
1.3919
1.3922
1.3922
1.3923
1.3925
Woodie's
1.3898
1.3907
1.3914
1.3922
1.3929
1.3937
1.3944
DeMark's
-
-
1.3910
1.3920
1.3926
-
-","Technical IndicatorsJun 17, 2021 10:15PM GMT
Name
Value
Action
RSI(14)
38.940
Sell
STOCH(9,6)
39.511
Sell
STOCHRSI(14)
100.000
Overbought
MACD(12,26)
-0.003
Sell
ADX(14)
40.721
Sell
Williams %R
-62.147
Sell
CCI(14)
-42.4896
Neutral
ATR(14)
0.0024
Less Volatility
Highs/Lows(14)
0.0000
Neutral
Ultimate Oscillator
42.701
Sell
ROC
-0.340
Sell
Bull/Bear Power(13)
-0.0005
Sell
Buy: 0
Sell: 8
Neutral: 2


Summary:Strong Sell","Jun 17, 2021 10:15PM GMT"
usd_jpy,110.25 +0.04    +0.04%,18:15:39,2021-06-17 22:16:10.453711,"Prev. Close: 110.20
Bid/Ask: 110.24 / 110.25
Day's Range: 110.17 - 110.83",Strong Sell,"Summary:Strong Sell
Moving Averages:SellBuy (4)Sell (8)
Technical Indicators:Strong SellBuy (0)Sell (7)","Name
S3
S2
S1
Pivot Points
R1
R2
R3
Classic
110.14
110.17
110.21
110.24
110.29
110.31
110.36
Fibonacci
110.17
110.19
110.21
110.24
110.27
110.29
110.31
Camarilla
110.24
110.25
110.25
110.24
110.27
110.27
110.28
Woodie's
110.16
110.18
110.23
110.25
110.31
110.32
110.38
DeMark's
-
-
110.23
110.25
110.30
-
-","Technical IndicatorsJun 17, 2021 10:15PM GMT
Name
Value
Action
RSI(14)
41.973
Sell
STOCH(9,6)
16.450
Oversold
STOCHRSI(14)
13.513
Oversold
MACD(12,26)
-0.040
Sell
ADX(14)
32.654
Sell
Williams %R
-87.394
Oversold
CCI(14)
-66.8238
Sell
ATR(14)
0.1161
Less Volatility
Highs/Lows(14)
-0.0896
Sell
Ultimate Oscillator
49.761
Neutral
ROC
-0.362
Sell
Bull/Bear Power(13)
-0.2050
Sell
Buy: 0
Sell: 7
Neutral: 1


Summary:Strong Sell","Jun 17, 2021 10:15PM GMT"
aud_usd,0.7555 +0.0004    +0.06%,18:15:36,2021-06-17 22:16:10.456696,"Prev. Close: 0.7550
Bid/Ask: 0.7554 / 0.7555
Day's Range: 0.7547 - 0.7557",Strong Sell,"Summary:Strong Sell
Moving Averages:SellBuy (3)Sell (9)
Technical Indicators:Strong SellBuy (0)Sell (10)","Name
S3
S2
S1
Pivot Points
R1
R2
R3
Classic
0.7538
0.7543
0.7548
0.7552
0.7557
0.7561
0.7566
Fibonacci
0.7543
0.7546
0.7548
0.7552
0.7556
0.7558
0.7561
Camarilla
0.7550
0.7551
0.7552
0.7552
0.7553
0.7554
0.7555
Woodie's
0.7538
0.7543
0.7548
0.7552
0.7557
0.7561
0.7566
DeMark's
-
-
0.7545
0.7551
0.7554
-
-","Technical IndicatorsJun 17, 2021 10:14PM GMT
Name
Value
Action
RSI(14)
31.538
Sell
STOCH(9,6)
26.404
Sell
STOCHRSI(14)
100.000
Overbought
MACD(12,26)
-0.003
Sell
ADX(14)
52.223
Sell
Williams %R
-75.572
Sell
CCI(14)
-65.6599
Sell
ATR(14)
0.0015
Less Volatility
Highs/Lows(14)
-0.0001
Sell
Ultimate Oscillator
38.802
Sell
ROC
-0.599
Sell
Bull/Bear Power(13)
-0.0012
Sell
Buy: 0
Sell: 10
Neutral: 0


Summary:Strong Sell","Jun 17, 2021 10:14PM GMT"
eur_gbp,0.8551 -0.0001    -0.01%,18:15:42,2021-06-17 22:16:10.459626,"Prev. Close: 0.8551
Bid/Ask: 0.8550 / 0.8551
Day's Range: 0.8549 - 0.8557",Strong Sell,"Summary:Strong Sell
Moving Averages:Strong SellBuy (0)Sell (12)
Technical Indicators:Strong SellBuy (3)Sell (8)","Name
S3
S2
S1
Pivot Points
R1
R2
R3
Classic
0.8541
0.8545
0.8549
0.8553
0.8558
0.8561
0.8566
Fibonacci
0.8545
0.8548
0.8550
0.8553
0.8556
0.8558
0.8561
Camarilla
0.8551
0.8552
0.8552
0.8553
0.8554
0.8554
0.8555
Woodie's
0.8541
0.8545
0.8549
0.8553
0.8558
0.8561
0.8566
DeMark's
-
-
0.8551
0.8554
0.8559
-
-","Technical IndicatorsJun 17, 2021 10:15PM GMT
Name
Value
Action
RSI(14)
36.699
Sell
STOCH(9,6)
34.392
Sell
STOCHRSI(14)
55.354
Buy
MACD(12,26)
-0.001
Sell
ADX(14)
39.954
Sell
Williams %R
-77.777
Sell
CCI(14)
-92.7465
Sell
ATR(14)
0.0010
Less Volatility
Highs/Lows(14)
-0.0000
Sell
Ultimate Oscillator
51.840
Buy
ROC
0.029
Buy
Bull/Bear Power(13)
-0.0017
Sell
Buy: 3
Sell: 8
Neutral: 0


Summary:Strong Sell","Jun 17, 2021 10:15PM GMT"
usd_cad,1.2352 -0.0009    -0.08%,18:15:40,2021-06-17 22:16:10.462603,"Prev. Close: 1.2361
Bid/Ask: 1.2350 / 1.2353
Day's Range: 1.2349 - 1.2368",Strong Buy,"Summary:Strong Buy
Moving Averages:BuyBuy (10)Sell (2)
Technical Indicators:Strong BuyBuy (9)Sell (0)","Name
S3
S2
S1
Pivot Points
R1
R2
R3
Classic
1.2333
1.2342
1.2350
1.2359
1.2367
1.2376
1.2384
Fibonacci
1.2342
1.2348
1.2353
1.2359
1.2365
1.2370
1.2376
Camarilla
1.2353
1.2355
1.2356
1.2359
1.2360
1.2361
1.2363
Woodie's
1.2333
1.2342
1.2350
1.2359
1.2367
1.2376
1.2384
DeMark's
-
-
1.2346
1.2357
1.2363
-
-","Technical IndicatorsJun 17, 2021 10:13PM GMT
Name
Value
Action
RSI(14)
66.799
Buy
STOCH(9,6)
72.595
Buy
STOCHRSI(14)
5.401
Oversold
MACD(12,26)
0.003
Buy
ADX(14)
48.114
Buy
Williams %R
-32.728
Buy
CCI(14)
67.0182
Buy
ATR(14)
0.0023
Less Volatility
Highs/Lows(14)
0.0000
Neutral
Ultimate Oscillator
63.155
Buy
ROC
0.309
Buy
Bull/Bear Power(13)
0.0026
Buy
Buy: 9
Sell: 0
Neutral: 1


Summary:Strong Buy","Jun 17, 2021 10:13PM GMT"
usd_chf,0.9176 +0.0003    +0.03%,18:15:42,2021-06-17 22:16:10.465515,"Prev. Close: 0.9173
Bid/Ask: 0.9172 / 0.9180
Day's Range: 0.9169 - 0.9183",Strong Buy,"Summary:Strong Buy
Moving Averages:Strong BuyBuy (11)Sell (1)
Technical Indicators:Strong BuyBuy (10)Sell (0)","Name
S3
S2
S1
Pivot Points
R1
R2
R3
Classic
0.9155
0.9161
0.9169
0.9176
0.9184
0.9191
0.9198
Fibonacci
0.9161
0.9167
0.9170
0.9176
0.9182
0.9185
0.9191
Camarilla
0.9172
0.9173
0.9175
0.9176
0.9177
0.9179
0.9180
Woodie's
0.9155
0.9161
0.9169
0.9176
0.9184
0.9191
0.9198
DeMark's
-
-
0.9165
0.9174
0.9180
-
-","Technical IndicatorsJun 17, 2021 10:15PM GMT
Name
Value
Action
RSI(14)
74.189
Buy
STOCH(9,6)
74.955
Buy
STOCHRSI(14)
0.000
Oversold
MACD(12,26)
0.003
Buy
ADX(14)
40.046
Buy
Williams %R
-22.222
Buy
CCI(14)
75.2516
Buy
ATR(14)
0.0014
Less Volatility
Highs/Lows(14)
0.0004
Buy
Ultimate Oscillator
58.340
Buy
ROC
0.421
Buy
Bull/Bear Power(13)
0.0033
Buy
Buy: 10
Sell: 0
Neutral: 0


Summary:Strong Buy","Jun 17, 2021 10:15PM GMT"
nzd_chf,0.6434 +0.0014    +0.23%,18:15:42,2021-06-17 22:16:10.468444,"Prev. Close: 0.6419
Bid/Ask: 0.6432 / 0.6435
Day's Range: 0.6421 - 0.6437",Strong Buy,"Summary:Strong Buy
Moving Averages:BuyBuy (11)Sell (1)
Technical Indicators:Strong BuyBuy (7)Sell (3)","Name
S3
S2
S1
Pivot Points
R1
R2
R3
Classic
0.6407
0.6414
0.6420
0.6427
0.6433
0.6440
0.6447
Fibonacci
0.6414
0.6419
0.6422
0.6427
0.6432
0.6435
0.6440
Camarilla
0.6421
0.6423
0.6424
0.6427
0.6426
0.6427
0.6429
Woodie's
0.6405
0.6413
0.6418
0.6426
0.6431
0.6439
0.6445
DeMark's
-
-
0.6416
0.6425
0.6429
-
-","Technical IndicatorsJun 17, 2021 10:15PM GMT
Name
Value
Action
RSI(14)
55.587
Buy
STOCH(9,6)
60.213
Buy
STOCHRSI(14)
82.910
Overbought
MACD(12,26)
0.000
Buy
ADX(14)
30.176
Sell
Williams %R
-41.112
Buy
CCI(14)
75.9018
Buy
ATR(14)
0.0012
Less Volatility
Highs/Lows(14)
0.0000
Buy
Ultimate Oscillator
38.934
Sell
ROC
-0.233
Sell
Bull/Bear Power(13)
0.0003
Buy
Buy: 7
Sell: 3
Neutral: 0


Summary:Strong Buy","Jun 17, 2021 10:15PM GMT"
usd_cny,6.4484 +0.0515    +0.80%,11:27:22,2021-06-17 22:16:10.471365,"Prev. Close: 6.3969
Bid/Ask: 6.4477 / 6.4490
Day's Range: 6.3972 - 6.4494",Strong Buy,"Summary:Strong Buy
Moving Averages:BuyBuy (12)Sell (0)
Technical Indicators:Strong BuyBuy (7)Sell (0)","Name
S3
S2
S1
Pivot Points
R1
R2
R3
Classic
6.4380
6.4399
6.4436
6.4455
6.4492
6.4511
6.4548
Fibonacci
6.4399
6.4420
6.4434
6.4455
6.4476
6.4490
6.4511
Camarilla
6.4458
6.4463
6.4468
6.4455
6.4479
6.4484
6.4489
Woodie's
6.4390
6.4404
6.4446
6.4460
6.4502
6.4516
6.4558
DeMark's
-
-
6.4446
6.4460
6.4502
-
-","Technical IndicatorsJun 17, 2021 03:34PM GMT
Name
Value
Action
RSI(14)
85.433
Overbought
STOCH(9,6)
77.649
Buy
STOCHRSI(14)
100.000
Overbought
MACD(12,26)
0.011
Buy
ADX(14)
61.337
Buy
Williams %R
-3.426
Overbought
CCI(14)
151.8010
Buy
ATR(14)
0.0041
Less Volatility
Highs/Lows(14)
0.0141
Buy
Ultimate Oscillator
82.973
Overbought
ROC
0.391
Buy
Bull/Bear Power(13)
0.0286
Buy
Buy: 7
Sell: 0
Neutral: 0


Summary:Strong Buy","Jun 17, 2021 03:34PM GMT"
usd_hkd,7.7642 -0.0003    -0.00%,18:15:38,2021-06-17 22:16:10.474248,"Prev. Close: 7.7644
Bid/Ask: 7.7640 / 7.7643
Day's Range: 7.7641 - 7.7650",Neutral,"Summary:Neutral
Moving Averages:NeutralBuy (6)Sell (6)
Technical Indicators:BUYBuy (5)Sell (2)","Name
S3
S2
S1
Pivot Points
R1
R2
R3
Classic
7.7639
7.7641
7.7645
7.7647
7.7651
7.7653
7.7656
Fibonacci
7.7641
7.7643
7.7645
7.7647
7.7649
7.7651
7.7653
Camarilla
7.7646
7.7646
7.7647
7.7647
7.7648
7.7649
7.7649
Woodie's
7.7639
7.7641
7.7645
7.7647
7.7651
7.7653
7.7656
DeMark's
-
-
7.7645
7.7647
7.7651
-
-","Technical IndicatorsJun 17, 2021 10:15PM GMT
Name
Value
Action
RSI(14)
51.348
Neutral
STOCH(9,6)
60.391
Buy
STOCHRSI(14)
7.530
Oversold
MACD(12,26)
0.000
Buy
ADX(14)
29.125
Sell
Williams %R
-68.432
Sell
CCI(14)
-29.5136
Neutral
ATR(14)
0.0008
Less Volatility
Highs/Lows(14)
0.0000
Neutral
Ultimate Oscillator
51.268
Buy
ROC
0.003
Buy
Bull/Bear Power(13)
0.0010
Buy
Buy: 5
Sell: 2
Neutral: 3


Summary:BUY","Jun 17, 2021 10:15PM GMT"
eur_usd,1.1912 +0.0006    +0.05%,18:16:30,2021-06-17 22:17:10.575858,"Prev. Close: 1.1906
Bid/Ask: 1.1911 / 1.1913
Day's Range: 1.1906 - 1.1913",Strong Sell,"Summary:Strong Sell
Moving Averages:SellBuy (2)Sell (10)
Technical Indicators:Strong SellBuy (0)Sell (9)","Name
S3
S2
S1
Pivot Points
R1
R2
R3
Classic
1.1902
1.1904
1.1905
1.1907
1.1909
1.1910
1.1912
Fibonacci
1.1904
1.1905
1.1906
1.1907
1.1908
1.1909
1.1910
Camarilla
1.1906
1.1906
1.1906
1.1907
1.1907
1.1907
1.1907
Woodie's
1.1902
1.1904
1.1905
1.1907
1.1909
1.1910
1.1912
DeMark's
-
-
1.1904
1.1906
1.1908
-
-","Technical IndicatorsJun 17, 2021 10:15PM GMT
Name
Value
Action
RSI(14)
30.419
Sell
STOCH(9,6)
28.853
Sell
STOCHRSI(14)
100.000
Overbought
MACD(12,26)
-0.004
Sell
ADX(14)
37.693
Neutral
Williams %R
-70.770
Sell
CCI(14)
-65.5370
Sell
ATR(14)
0.0017
Less Volatility
Highs/Lows(14)
-0.0003
Sell
Ultimate Oscillator
40.165
Sell
ROC
-0.310
Sell
Bull/Bear Power(13)
-0.0020
Sell
Buy: 0
Sell: 9
Neutral: 1


Summary:Strong Sell","Jun 17, 2021 10:15PM GMT"
gbp_usd,1.3930 +0.0011    +0.08%,18:16:48,2021-06-17 22:17:10.580056,"Prev. Close: 1.3919
Bid/Ask: 1.3928 / 1.3932
Day's Range: 1.3915 - 1.3932",Strong Sell,"Summary:Strong Sell
Moving Averages:SellBuy (3)Sell (9)
Technical Indicators:Strong SellBuy (0)Sell (8)","Name
S3
S2
S1
Pivot Points
R1
R2
R3
Classic
1.3898
1.3907
1.3914
1.3922
1.3929
1.3937
1.3944
Fibonacci
1.3907
1.3912
1.3916
1.3922
1.3928
1.3932
1.3937
Camarilla
1.3916
1.3918
1.3919
1.3922
1.3922
1.3923
1.3925
Woodie's
1.3898
1.3907
1.3914
1.3922
1.3929
1.3937
1.3944
DeMark's
-
-
1.3910
1.3920
1.3926
-
-","Technical IndicatorsJun 17, 2021 10:15PM GMT
Name
Value
Action
RSI(14)
38.940
Sell
STOCH(9,6)
39.511
Sell
STOCHRSI(14)
100.000
Overbought
MACD(12,26)
-0.003
Sell
ADX(14)
40.721
Sell
Williams %R
-62.147
Sell
CCI(14)
-42.4896
Neutral
ATR(14)
0.0024
Less Volatility
Highs/Lows(14)
0.0000
Neutral
Ultimate Oscillator
42.701
Sell
ROC
-0.340
Sell
Bull/Bear Power(13)
-0.0005
Sell
Buy: 0
Sell: 8
Neutral: 2


Summary:Strong Sell","Jun 17, 2021 10:15PM GMT"
usd_jpy,110.25 +0.04    +0.04%,18:16:36,2021-06-17 22:17:10.583361,"Prev. Close: 110.20
Bid/Ask: 110.24 / 110.25
Day's Range: 110.17 - 110.83",Strong Sell,"Summary:Strong Sell
Moving Averages:SellBuy (4)Sell (8)
Technical Indicators:Strong SellBuy (0)Sell (7)","Name
S3
S2
S1
Pivot Points
R1
R2
R3
Classic
110.14
110.17
110.21
110.24
110.29
110.31
110.36
Fibonacci
110.17
110.19
110.21
110.24
110.27
110.29
110.31
Camarilla
110.24
110.25
110.25
110.24
110.27
110.27
110.28
Woodie's
110.16
110.18
110.23
110.25
110.31
110.32
110.38
DeMark's
-
-
110.23
110.25
110.30
-
-","Technical IndicatorsJun 17, 2021 10:15PM GMT
Name
Value
Action
RSI(14)
41.973
Sell
STOCH(9,6)
16.450
Oversold
STOCHRSI(14)
13.513
Oversold
MACD(12,26)
-0.040
Sell
ADX(14)
32.654
Sell
Williams %R
-87.394
Oversold
CCI(14)
-66.8238
Sell
ATR(14)
0.1161
Less Volatility
Highs/Lows(14)
-0.0896
Sell
Ultimate Oscillator
49.761
Neutral
ROC
-0.362
Sell
Bull/Bear Power(13)
-0.2050
Sell
Buy: 0
Sell: 7
Neutral: 1


Summary:Strong Sell","Jun 17, 2021 10:15PM GMT"
aud_usd,0.7554 +0.0003    +0.05%,18:16:52,2021-06-17 22:17:10.586461,"Prev. Close: 0.7550
Bid/Ask: 0.7553 / 0.7554
Day's Range: 0.7547 - 0.7557",Strong Sell,"Summary:Strong Sell
Moving Averages:SellBuy (2)Sell (10)
Technical Indicators:Strong SellBuy (0)Sell (10)","Name
S3
S2
S1
Pivot Points
R1
R2
R3
Classic
0.7538
0.7543
0.7548
0.7552
0.7557
0.7561
0.7566
Fibonacci
0.7543
0.7546
0.7548
0.7552
0.7556
0.7558
0.7561
Camarilla
0.7550
0.7551
0.7552
0.7552
0.7553
0.7554
0.7555
Woodie's
0.7538
0.7543
0.7548
0.7552
0.7557
0.7561
0.7566
DeMark's
-
-
0.7545
0.7551
0.7554
-
-","Technical IndicatorsJun 17, 2021 10:15PM GMT
Name
Value
Action
RSI(14)
30.829
Sell
STOCH(9,6)
25.906
Sell
STOCHRSI(14)
100.000
Overbought
MACD(12,26)
-0.003
Sell
ADX(14)
52.223
Sell
Williams %R
-77.099
Sell
CCI(14)
-67.3867
Sell
ATR(14)
0.0015
Less Volatility
Highs/Lows(14)
-0.0002
Sell
Ultimate Oscillator
37.895
Sell
ROC
-0.612
Sell
Bull/Bear Power(13)
-0.0012
Sell
Buy: 0
Sell: 10
Neutral: 0


Summary:Strong Sell","Jun 17, 2021 10:15PM GMT"
eur_gbp,0.8551 -0.0001    -0.01%,18:16:48,2021-06-17 22:17:10.589483,"Prev. Close: 0.8551
Bid/Ask: 0.8550 / 0.8551
Day's Range: 0.8549 - 0.8557",Strong Sell,"Summary:Strong Sell
Moving Averages:Strong SellBuy (0)Sell (12)
Technical Indicators:Strong SellBuy (3)Sell (8)","Name
S3
S2
S1
Pivot Points
R1
R2
R3
Classic
0.8541
0.8545
0.8549
0.8553
0.8558
0.8561
0.8566
Fibonacci
0.8545
0.8548
0.8550
0.8553
0.8556
0.8558
0.8561
Camarilla
0.8551
0.8552
0.8552
0.8553
0.8554
0.8554
0.8555
Woodie's
0.8541
0.8545
0.8549
0.8553
0.8558
0.8561
0.8566
DeMark's
-
-
0.8551
0.8554
0.8559
-
-","Technical IndicatorsJun 17, 2021 10:15PM GMT
Name
Value
Action
RSI(14)
36.699
Sell
STOCH(9,6)
34.392
Sell
STOCHRSI(14)
55.354
Buy
MACD(12,26)
-0.001
Sell
ADX(14)
39.954
Sell
Williams %R
-77.777
Sell
CCI(14)
-92.7465
Sell
ATR(14)
0.0010
Less Volatility
Highs/Lows(14)
-0.0000
Sell
Ultimate Oscillator
51.840
Buy
ROC
0.029
Buy
Bull/Bear Power(13)
-0.0017
Sell
Buy: 3
Sell: 8
Neutral: 0


Summary:Strong Sell","Jun 17, 2021 10:15PM GMT"
usd_cad,1.2349 -0.0012    -0.10%,18:16:47,2021-06-17 22:17:10.592487,"Prev. Close: 1.2361
Bid/Ask: 1.2347 / 1.2351
Day's Range: 1.2349 - 1.2368",Strong Buy,"Summary:Strong Buy
Moving Averages:BuyBuy (10)Sell (2)
Technical Indicators:Strong BuyBuy (9)Sell (0)","Name
S3
S2
S1
Pivot Points
R1
R2
R3
Classic
1.2333
1.2342
1.2350
1.2359
1.2367
1.2376
1.2384
Fibonacci
1.2342
1.2348
1.2353
1.2359
1.2365
1.2370
1.2376
Camarilla
1.2353
1.2355
1.2356
1.2359
1.2360
1.2361
1.2363
Woodie's
1.2333
1.2342
1.2350
1.2359
1.2367
1.2376
1.2384
DeMark's
-
-
1.2346
1.2357
1.2363
-
-","Technical IndicatorsJun 17, 2021 10:15PM GMT
Name
Value
Action
RSI(14)
66.799
Buy
STOCH(9,6)
72.595
Buy
STOCHRSI(14)
5.401
Oversold
MACD(12,26)
0.003
Buy
ADX(14)
48.114
Buy
Williams %R
-32.728
Buy
CCI(14)
67.0182
Buy
ATR(14)
0.0023
Less Volatility
Highs/Lows(14)
0.0000
Neutral
Ultimate Oscillator
63.155
Buy
ROC
0.309
Buy
Bull/Bear Power(13)
0.0026
Buy
Buy: 9
Sell: 0
Neutral: 1


Summary:Strong Buy","Jun 17, 2021 10:15PM GMT"
usd_chf,0.9175 +0.0002    +0.02%,18:16:39,2021-06-17 22:17:10.595535,"Prev. Close: 0.9173
Bid/Ask: 0.9171 / 0.9179
Day's Range: 0.9169 - 0.9183",Strong Buy,"Summary:Strong Buy
Moving Averages:Strong BuyBuy (11)Sell (1)
Technical Indicators:Strong BuyBuy (10)Sell (0)","Name
S3
S2
S1
Pivot Points
R1
R2
R3
Classic
0.9155
0.9161
0.9169
0.9176
0.9184
0.9191
0.9198
Fibonacci
0.9161
0.9167
0.9170
0.9176
0.9182
0.9185
0.9191
Camarilla
0.9172
0.9173
0.9175
0.9176
0.9177
0.9179
0.9180
Woodie's
0.9155
0.9161
0.9169
0.9176
0.9184
0.9191
0.9198
DeMark's
-
-
0.9165
0.9174
0.9180
-
-","Technical IndicatorsJun 17, 2021 10:15PM GMT
Name
Value
Action
RSI(14)
74.189
Buy
STOCH(9,6)
74.955
Buy
STOCHRSI(14)
0.000
Oversold
MACD(12,26)
0.003
Buy
ADX(14)
40.046
Buy
Williams %R
-22.222
Buy
CCI(14)
75.2516
Buy
ATR(14)
0.0014
Less Volatility
Highs/Lows(14)
0.0004
Buy
Ultimate Oscillator
58.340
Buy
ROC
0.421
Buy
Bull/Bear Power(13)
0.0033
Buy
Buy: 10
Sell: 0
Neutral: 0


Summary:Strong Buy","Jun 17, 2021 10:15PM GMT"
nzd_chf,0.6432 +0.0013    +0.20%,18:16:53,2021-06-17 22:17:10.598547,"Prev. Close: 0.6419
Bid/Ask: 0.6430 / 0.6434
Day's Range: 0.6421 - 0.6437",Strong Buy,"Summary:Strong Buy
Moving Averages:BuyBuy (11)Sell (1)
Technical Indicators:Strong BuyBuy (7)Sell (3)","Name
S3
S2
S1
Pivot Points
R1
R2
R3
Classic
0.6407
0.6414
0.6420
0.6427
0.6433
0.6440
0.6447
Fibonacci
0.6414
0.6419
0.6422
0.6427
0.6432
0.6435
0.6440
Camarilla
0.6421
0.6423
0.6424
0.6427
0.6426
0.6427
0.6429
Woodie's
0.6405
0.6413
0.6418
0.6426
0.6431
0.6439
0.6445
DeMark's
-
-
0.6416
0.6425
0.6429
-
-","Technical IndicatorsJun 17, 2021 10:17PM GMT
Name
Value
Action
RSI(14)
55.921
Buy
STOCH(9,6)
60.601
Buy
STOCHRSI(14)
84.598
Overbought
MACD(12,26)
0.000
Buy
ADX(14)
30.176
Sell
Williams %R
-40.000
Buy
CCI(14)
78.0565
Buy
ATR(14)
0.0012
Less Volatility
Highs/Lows(14)
0.0001
Buy
Ultimate Oscillator
39.494
Sell
ROC
-0.225
Sell
Bull/Bear Power(13)
0.0003
Buy
Buy: 7
Sell: 3
Neutral: 0


Summary:Strong Buy","Jun 17, 2021 10:17PM GMT"
usd_cny,6.4484 +0.0515    +0.80%,11:27:22,2021-06-17 22:17:10.601537,"Prev. Close: 6.3969
Bid/Ask: 6.4477 / 6.4490
Day's Range: 6.3972 - 6.4494",Strong Buy,"Summary:Strong Buy
Moving Averages:BuyBuy (12)Sell (0)
Technical Indicators:Strong BuyBuy (7)Sell (0)","Name
S3
S2
S1
Pivot Points
R1
R2
R3
Classic
6.4380
6.4399
6.4436
6.4455
6.4492
6.4511
6.4548
Fibonacci
6.4399
6.4420
6.4434
6.4455
6.4476
6.4490
6.4511
Camarilla
6.4458
6.4463
6.4468
6.4455
6.4479
6.4484
6.4489
Woodie's
6.4390
6.4404
6.4446
6.4460
6.4502
6.4516
6.4558
DeMark's
-
-
6.4446
6.4460
6.4502
-
-","Technical IndicatorsJun 17, 2021 03:34PM GMT
Name
Value
Action
RSI(14)
85.433
Overbought
STOCH(9,6)
77.649
Buy
STOCHRSI(14)
100.000
Overbought
MACD(12,26)
0.011
Buy
ADX(14)
61.337
Buy
Williams %R
-3.426
Overbought
CCI(14)
151.8010
Buy
ATR(14)
0.0041
Less Volatility
Highs/Lows(14)
0.0141
Buy
Ultimate Oscillator
82.973
Overbought
ROC
0.391
Buy
Bull/Bear Power(13)
0.0286
Buy
Buy: 7
Sell: 0
Neutral: 0


Summary:Strong Buy","Jun 17, 2021 03:34PM GMT"
usd_hkd,7.7642 -0.0003    -0.00%,18:16:37,2021-06-17 22:17:10.604501,"Prev. Close: 7.7644
Bid/Ask: 7.7640 / 7.7643
Day's Range: 7.7641 - 7.7650",Neutral,"Summary:Neutral
Moving Averages:NeutralBuy (6)Sell (6)
Technical Indicators:BUYBuy (5)Sell (2)","Name
S3
S2
S1
Pivot Points
R1
R2
R3
Classic
7.7639
7.7641
7.7645
7.7647
7.7651
7.7653
7.7656
Fibonacci
7.7641
7.7643
7.7645
7.7647
7.7649
7.7651
7.7653
Camarilla
7.7646
7.7646
7.7647
7.7647
7.7648
7.7649
7.7649
Woodie's
7.7639
7.7641
7.7645
7.7647
7.7651
7.7653
7.7656
DeMark's
-
-
7.7645
7.7647
7.7651
-
-","Technical IndicatorsJun 17, 2021 10:15PM GMT
Name
Value
Action
RSI(14)
51.348
Neutral
STOCH(9,6)
60.391
Buy
STOCHRSI(14)
7.530
Oversold
MACD(12,26)
0.000
Buy
ADX(14)
29.125
Sell
Williams %R
-68.432
Sell
CCI(14)
-29.5136
Neutral
ATR(14)
0.0008
Less Volatility
Highs/Lows(14)
0.0000
Neutral
Ultimate Oscillator
51.268
Buy
ROC
0.003
Buy
Bull/Bear Power(13)
0.0010
Buy
Buy: 5
Sell: 2
Neutral: 3


Summary:BUY","Jun 17, 2021 10:15PM GMT"
eur_usd,1.1912 +0.0006    +0.05%,18:17:37,2021-06-17 22:18:10.308574,"Prev. Close: 1.1906
Bid/Ask: 1.1910 / 1.1914
Day's Range: 1.1906 - 1.1913",Strong Sell,"Summary:Strong Sell
Moving Averages:SellBuy (2)Sell (10)
Technical Indicators:Strong SellBuy (0)Sell (9)","Name
S3
S2
S1
Pivot Points
R1
R2
R3
Classic
1.1902
1.1904
1.1905
1.1907
1.1909
1.1910
1.1912
Fibonacci
1.1904
1.1905
1.1906
1.1907
1.1908
1.1909
1.1910
Camarilla
1.1906
1.1906
1.1906
1.1907
1.1907
1.1907
1.1907
Woodie's
1.1902
1.1904
1.1905
1.1907
1.1909
1.1910
1.1912
DeMark's
-
-
1.1904
1.1906
1.1908
-
-","Technical IndicatorsJun 17, 2021 10:17PM GMT
Name
Value
Action
RSI(14)
30.959
Sell
STOCH(9,6)
29.180
Sell
STOCHRSI(14)
100.000
Overbought
MACD(12,26)
-0.004
Sell
ADX(14)
37.693
Neutral
Williams %R
-69.231
Sell
CCI(14)
-64.1054
Sell
ATR(14)
0.0017
Less Volatility
Highs/Lows(14)
-0.0002
Sell
Ultimate Oscillator
40.973
Sell
ROC
-0.301
Sell
Bull/Bear Power(13)
-0.0020
Sell
Buy: 0
Sell: 9
Neutral: 1


Summary:Strong Sell","Jun 17, 2021 10:17PM GMT"
gbp_usd,1.3931 +0.0012    +0.09%,18:17:33,2021-06-17 22:18:10.312601,"Prev. Close: 1.3919
Bid/Ask: 1.3929 / 1.3933
Day's Range: 1.3915 - 1.3932",Strong Sell,"Summary:Strong Sell
Moving Averages:SellBuy (3)Sell (9)
Technical Indicators:Strong SellBuy (0)Sell (8)","Name
S3
S2
S1
Pivot Points
R1
R2
R3
Classic
1.3898
1.3907
1.3914
1.3922
1.3929
1.3937
1.3944
Fibonacci
1.3907
1.3912
1.3916
1.3922
1.3928
1.3932
1.3937
Camarilla
1.3916
1.3918
1.3919
1.3922
1.3922
1.3923
1.3925
Woodie's
1.3898
1.3907
1.3914
1.3922
1.3929
1.3937
1.3944
DeMark's
-
-
1.3910
1.3920
1.3926
-
-","Technical IndicatorsJun 17, 2021 10:17PM GMT
Name
Value
Action
RSI(14)
39.124
Sell
STOCH(9,6)
39.636
Sell
STOCHRSI(14)
100.000
Overbought
MACD(12,26)
-0.003
Sell
ADX(14)
40.721
Sell
Williams %R
-61.582
Sell
CCI(14)
-41.7905
Neutral
ATR(14)
0.0024
Less Volatility
Highs/Lows(14)
0.0000
Neutral
Ultimate Oscillator
43.010
Sell
ROC
-0.336
Sell
Bull/Bear Power(13)
-0.0005
Sell
Buy: 0
Sell: 8
Neutral: 2


Summary:Strong Sell","Jun 17, 2021 10:17PM GMT"
usd_jpy,110.25 +0.04    +0.04%,18:17:42,2021-06-17 22:18:10.315876,"Prev. Close: 110.20
Bid/Ask: 110.24 / 110.25
Day's Range: 110.17 - 110.83",Strong Sell,"Summary:Strong Sell
Moving Averages:SellBuy (4)Sell (8)
Technical Indicators:Strong SellBuy (0)Sell (7)","Name
S3
S2
S1
Pivot Points
R1
R2
R3
Classic
110.14
110.17
110.21
110.24
110.29
110.31
110.36
Fibonacci
110.17
110.19
110.21
110.24
110.27
110.29
110.31
Camarilla
110.24
110.25
110.25
110.24
110.27
110.27
110.28
Woodie's
110.16
110.18
110.23
110.25
110.31
110.32
110.38
DeMark's
-
-
110.23
110.25
110.30
-
-","Technical IndicatorsJun 17, 2021 10:17PM GMT
Name
Value
Action
RSI(14)
41.973
Sell
STOCH(9,6)
16.450
Oversold
STOCHRSI(14)
13.513
Oversold
MACD(12,26)
-0.040
Sell
ADX(14)
32.654
Sell
Williams %R
-87.394
Oversold
CCI(14)
-66.8238
Sell
ATR(14)
0.1161
Less Volatility
Highs/Lows(14)
-0.0896
Sell
Ultimate Oscillator
49.761
Neutral
ROC
-0.362
Sell
Bull/Bear Power(13)
-0.2050
Sell
Buy: 0
Sell: 7
Neutral: 1


Summary:Strong Sell","Jun 17, 2021 10:17PM GMT"
aud_usd,0.7554 +0.0004    +0.05%,18:17:42,2021-06-17 22:18:10.318909,"Prev. Close: 0.7550
Bid/Ask: 0.7553 / 0.7555
Day's Range: 0.7547 - 0.7557",Strong Sell,"Summary:Strong Sell
Moving Averages:SellBuy (2)Sell (10)
Technical Indicators:Strong SellBuy (0)Sell (10)","Name
S3
S2
S1
Pivot Points
R1
R2
R3
Classic
0.7538
0.7543
0.7548
0.7552
0.7557
0.7561
0.7566
Fibonacci
0.7543
0.7546
0.7548
0.7552
0.7556
0.7558
0.7561
Camarilla
0.7550
0.7551
0.7552
0.7552
0.7553
0.7554
0.7555
Woodie's
0.7538
0.7543
0.7548
0.7552
0.7557
0.7561
0.7566
DeMark's
-
-
0.7545
0.7551
0.7554
-
-","Technical IndicatorsJun 17, 2021 10:15PM GMT
Name
Value
Action
RSI(14)
30.829
Sell
STOCH(9,6)
25.906
Sell
STOCHRSI(14)
100.000
Overbought
MACD(12,26)
-0.003
Sell
ADX(14)
52.223
Sell
Williams %R
-77.099
Sell
CCI(14)
-67.3867
Sell
ATR(14)
0.0015
Less Volatility
Highs/Lows(14)
-0.0002
Sell
Ultimate Oscillator
37.895
Sell
ROC
-0.612
Sell
Bull/Bear Power(13)
-0.0012
Sell
Buy: 0
Sell: 10
Neutral: 0


Summary:Strong Sell","Jun 17, 2021 10:15PM GMT"
eur_gbp,0.8551 0.0000    0.00%,18:17:42,2021-06-17 22:18:10.321858,"Prev. Close: 0.8551
Bid/Ask: 0.8549 / 0.8553
Day's Range: 0.8549 - 0.8557",Strong Sell,"Summary:Strong Sell
Moving Averages:Strong SellBuy (0)Sell (12)
Technical Indicators:Strong SellBuy (3)Sell (7)","Name
S3
S2
S1
Pivot Points
R1
R2
R3
Classic
0.8541
0.8545
0.8549
0.8553
0.8558
0.8561
0.8566
Fibonacci
0.8545
0.8548
0.8550
0.8553
0.8556
0.8558
0.8561
Camarilla
0.8551
0.8552
0.8552
0.8553
0.8554
0.8554
0.8555
Woodie's
0.8541
0.8545
0.8549
0.8553
0.8558
0.8561
0.8566
DeMark's
-
-
0.8551
0.8554
0.8559
-
-","Technical IndicatorsJun 17, 2021 10:17PM GMT
Name
Value
Action
RSI(14)
37.048
Sell
STOCH(9,6)
34.788
Sell
STOCHRSI(14)
57.349
Buy
MACD(12,26)
-0.001
Sell
ADX(14)
39.954
Sell
Williams %R
-75.927
Sell
CCI(14)
-89.6770
Sell
ATR(14)
0.0010
Less Volatility
Highs/Lows(14)
0.0000
Neutral
Ultimate Oscillator
52.571
Buy
ROC
0.035
Buy
Bull/Bear Power(13)
-0.0017
Sell
Buy: 3
Sell: 7
Neutral: 1


Summary:Strong Sell","Jun 17, 2021 10:17PM GMT"
usd_cad,1.2352 -0.0009    -0.08%,18:17:44,2021-06-17 22:18:10.324801,"Prev. Close: 1.2361
Bid/Ask: 1.2351 / 1.2352
Day's Range: 1.2349 - 1.2368",Strong Buy,"Summary:Strong Buy
Moving Averages:BuyBuy (10)Sell (2)
Technical Indicators:Strong BuyBuy (9)Sell (0)","Name
S3
S2
S1
Pivot Points
R1
R2
R3
Classic
1.2333
1.2342
1.2350
1.2359
1.2367
1.2376
1.2384
Fibonacci
1.2342
1.2348
1.2353
1.2359
1.2365
1.2370
1.2376
Camarilla
1.2353
1.2355
1.2356
1.2359
1.2360
1.2361
1.2363
Woodie's
1.2333
1.2342
1.2350
1.2359
1.2367
1.2376
1.2384
DeMark's
-
-
1.2346
1.2357
1.2363
-
-","Technical IndicatorsJun 17, 2021 10:17PM GMT
Name
Value
Action
RSI(14)
67.341
Buy
STOCH(9,6)
72.828
Buy
STOCHRSI(14)
9.489
Oversold
MACD(12,26)
0.003
Buy
ADX(14)
48.114
Buy
Williams %R
-31.516
Buy
CCI(14)
68.5423
Buy
ATR(14)
0.0023
Less Volatility
Highs/Lows(14)
0.0000
Neutral
Ultimate Oscillator
63.738
Buy
ROC
0.317
Buy
Bull/Bear Power(13)
0.0026
Buy
Buy: 9
Sell: 0
Neutral: 1


Summary:Strong Buy","Jun 17, 2021 10:17PM GMT"
usd_chf,0.9175 +0.0002    +0.02%,18:17:42,2021-06-17 22:18:10.327738,"Prev. Close: 0.9173
Bid/Ask: 0.9171 / 0.9179
Day's Range: 0.9169 - 0.9183",Strong Buy,"Summary:Strong Buy
Moving Averages:Strong BuyBuy (11)Sell (1)
Technical Indicators:Strong BuyBuy (10)Sell (0)","Name
S3
S2
S1
Pivot Points
R1
R2
R3
Classic
0.9155
0.9161
0.9169
0.9176
0.9184
0.9191
0.9198
Fibonacci
0.9161
0.9167
0.9170
0.9176
0.9182
0.9185
0.9191
Camarilla
0.9172
0.9173
0.9175
0.9176
0.9177
0.9179
0.9180
Woodie's
0.9155
0.9161
0.9169
0.9176
0.9184
0.9191
0.9198
DeMark's
-
-
0.9165
0.9174
0.9180
-
-","Technical IndicatorsJun 17, 2021 10:17PM GMT
Name
Value
Action
RSI(14)
74.189
Buy
STOCH(9,6)
74.955
Buy
STOCHRSI(14)
0.000
Oversold
MACD(12,26)
0.003
Buy
ADX(14)
40.046
Buy
Williams %R
-22.222
Buy
CCI(14)
75.2516
Buy
ATR(14)
0.0014
Less Volatility
Highs/Lows(14)
0.0004
Buy
Ultimate Oscillator
58.340
Buy
ROC
0.421
Buy
Bull/Bear Power(13)
0.0033
Buy
Buy: 10
Sell: 0
Neutral: 0


Summary:Strong Buy","Jun 17, 2021 10:17PM GMT"
nzd_chf,0.6432 +0.0013    +0.20%,18:17:42,2021-06-17 22:18:10.330656,"Prev. Close: 0.6419
Bid/Ask: 0.6429 / 0.6435
Day's Range: 0.6421 - 0.6437",Strong Buy,"Summary:Strong Buy
Moving Averages:BuyBuy (11)Sell (1)
Technical Indicators:Strong BuyBuy (7)Sell (3)","Name
S3
S2
S1
Pivot Points
R1
R2
R3
Classic
0.6407
0.6414
0.6420
0.6427
0.6433
0.6440
0.6447
Fibonacci
0.6414
0.6419
0.6422
0.6427
0.6432
0.6435
0.6440
Camarilla
0.6421
0.6423
0.6424
0.6427
0.6426
0.6427
0.6429
Woodie's
0.6405
0.6413
0.6418
0.6426
0.6431
0.6439
0.6445
DeMark's
-
-
0.6416
0.6425
0.6429
-
-","Technical IndicatorsJun 17, 2021 10:17PM GMT
Name
Value
Action
RSI(14)
55.921
Buy
STOCH(9,6)
60.601
Buy
STOCHRSI(14)
84.598
Overbought
MACD(12,26)
0.000
Buy
ADX(14)
30.176
Sell
Williams %R
-40.000
Buy
CCI(14)
78.0565
Buy
ATR(14)
0.0012
Less Volatility
Highs/Lows(14)
0.0001
Buy
Ultimate Oscillator
39.494
Sell
ROC
-0.225
Sell
Bull/Bear Power(13)
0.0003
Buy
Buy: 7
Sell: 3
Neutral: 0


Summary:Strong Buy","Jun 17, 2021 10:17PM GMT"
usd_cny,6.4484 +0.0515    +0.80%,11:27:22,2021-06-17 22:18:10.333569,"Prev. Close: 6.3969
Bid/Ask: 6.4477 / 6.4490
Day's Range: 6.3972 - 6.4494",Strong Buy,"Summary:Strong Buy
Moving Averages:BuyBuy (12)Sell (0)
Technical Indicators:Strong BuyBuy (7)Sell (0)","Name
S3
S2
S1
Pivot Points
R1
R2
R3
Classic
6.4380
6.4399
6.4436
6.4455
6.4492
6.4511
6.4548
Fibonacci
6.4399
6.4420
6.4434
6.4455
6.4476
6.4490
6.4511
Camarilla
6.4458
6.4463
6.4468
6.4455
6.4479
6.4484
6.4489
Woodie's
6.4390
6.4404
6.4446
6.4460
6.4502
6.4516
6.4558
DeMark's
-
-
6.4446
6.4460
6.4502
-
-","Technical IndicatorsJun 17, 2021 03:34PM GMT
Name
Value
Action
RSI(14)
85.433
Overbought
STOCH(9,6)
77.649
Buy
STOCHRSI(14)
100.000
Overbought
MACD(12,26)
0.011
Buy
ADX(14)
61.337
Buy
Williams %R
-3.426
Overbought
CCI(14)
151.8010
Buy
ATR(14)
0.0041
Less Volatility
Highs/Lows(14)
0.0141
Buy
Ultimate Oscillator
82.973
Overbought
ROC
0.391
Buy
Bull/Bear Power(13)
0.0286
Buy
Buy: 7
Sell: 0
Neutral: 0


Summary:Strong Buy","Jun 17, 2021 03:34PM GMT"
usd_hkd,7.7642 -0.0003    -0.00%,18:17:42,2021-06-17 22:18:10.336494,"Prev. Close: 7.7644
Bid/Ask: 7.7641 / 7.7642
Day's Range: 7.7641 - 7.7650",Neutral,"Summary:Neutral
Moving Averages:NeutralBuy (6)Sell (6)
Technical Indicators:BUYBuy (4)Sell (3)","Name
S3
S2
S1
Pivot Points
R1
R2
R3
Classic
7.7639
7.7641
7.7645
7.7647
7.7651
7.7653
7.7656
Fibonacci
7.7641
7.7643
7.7645
7.7647
7.7649
7.7651
7.7653
Camarilla
7.7646
7.7646
7.7647
7.7647
7.7648
7.7649
7.7649
Woodie's
7.7639
7.7641
7.7645
7.7647
7.7651
7.7653
7.7656
DeMark's
-
-
7.7645
7.7647
7.7651
-
-","Technical IndicatorsJun 17, 2021 10:17PM GMT
Name
Value
Action
RSI(14)
50.494
Neutral
STOCH(9,6)
59.113
Buy
STOCHRSI(14)
1.778
Oversold
MACD(12,26)
0.000
Buy
ADX(14)
30.057
Sell
Williams %R
-73.676
Sell
CCI(14)
-50.2339
Sell
ATR(14)
0.0008
Less Volatility
Highs/Lows(14)
0.0000
Neutral
Ultimate Oscillator
50.813
Neutral
ROC
0.001
Buy
Bull/Bear Power(13)
0.0009
Buy
Buy: 4
Sell: 3
Neutral: 3


Summary:BUY","Jun 17, 2021 10:17PM GMT"
eur_usd,1.1912 +0.0006    +0.05%,18:18:31,2021-06-17 22:19:10.508667,"Prev. Close: 1.1906
Bid/Ask: 1.1910 / 1.1914
Day's Range: 1.1906 - 1.1913",Strong Sell,"Summary:Strong Sell
Moving Averages:SellBuy (2)Sell (10)
Technical Indicators:Strong SellBuy (0)Sell (9)","Name
S3
S2
S1
Pivot Points
R1
R2
R3
Classic
1.1902
1.1904
1.1905
1.1907
1.1909
1.1910
1.1912
Fibonacci
1.1904
1.1905
1.1906
1.1907
1.1908
1.1909
1.1910
Camarilla
1.1906
1.1906
1.1906
1.1907
1.1907
1.1907
1.1907
Woodie's
1.1902
1.1904
1.1905
1.1907
1.1909
1.1910
1.1912
DeMark's
-
-
1.1904
1.1906
1.1908
-
-","Technical IndicatorsJun 17, 2021 10:17PM GMT
Name
Value
Action
RSI(14)
30.959
Sell
STOCH(9,6)
29.180
Sell
STOCHRSI(14)
100.000
Overbought
MACD(12,26)
-0.004
Sell
ADX(14)
37.693
Neutral
Williams %R
-69.231
Sell
CCI(14)
-64.1054
Sell
ATR(14)
0.0017
Less Volatility
Highs/Lows(14)
-0.0002
Sell
Ultimate Oscillator
40.973
Sell
ROC
-0.301
Sell
Bull/Bear Power(13)
-0.0020
Sell
Buy: 0
Sell: 9
Neutral: 1


Summary:Strong Sell","Jun 17, 2021 10:17PM GMT"
gbp_usd,1.3930 +0.0010    +0.08%,18:18:46,2021-06-17 22:19:10.512793,"Prev. Close: 1.3919
Bid/Ask: 1.3928 / 1.3931
Day's Range: 1.3915 - 1.3932",Strong Sell,"Summary:Strong Sell
Moving Averages:SellBuy (3)Sell (9)
Technical Indicators:Strong SellBuy (0)Sell (8)","Name
S3
S2
S1
Pivot Points
R1
R2
R3
Classic
1.3898
1.3907
1.3914
1.3922
1.3929
1.3937
1.3944
Fibonacci
1.3907
1.3912
1.3916
1.3922
1.3928
1.3932
1.3937
Camarilla
1.3916
1.3918
1.3919
1.3922
1.3922
1.3923
1.3925
Woodie's
1.3898
1.3907
1.3914
1.3922
1.3929
1.3937
1.3944
DeMark's
-
-
1.3910
1.3920
1.3926
-
-","Technical IndicatorsJun 17, 2021 10:17PM GMT
Name
Value
Action
RSI(14)
39.124
Sell
STOCH(9,6)
39.636
Sell
STOCHRSI(14)
100.000
Overbought
MACD(12,26)
-0.003
Sell
ADX(14)
40.721
Sell
Williams %R
-61.582
Sell
CCI(14)
-41.7905
Neutral
ATR(14)
0.0024
Less Volatility
Highs/Lows(14)
0.0000
Neutral
Ultimate Oscillator
43.010
Sell
ROC
-0.336
Sell
Bull/Bear Power(13)
-0.0005
Sell
Buy: 0
Sell: 8
Neutral: 2


Summary:Strong Sell","Jun 17, 2021 10:17PM GMT"
usd_jpy,110.26 +0.06    +0.05%,18:18:38,2021-06-17 22:19:10.516164,"Prev. Close: 110.20
Bid/Ask: 110.25 / 110.26
Day's Range: 110.17 - 110.83",Strong Sell,"Summary:Strong Sell
Moving Averages:SellBuy (4)Sell (8)
Technical Indicators:Strong SellBuy (0)Sell (7)","Name
S3
S2
S1
Pivot Points
R1
R2
R3
Classic
110.14
110.17
110.21
110.24
110.29
110.31
110.36
Fibonacci
110.17
110.19
110.21
110.24
110.27
110.29
110.31
Camarilla
110.24
110.25
110.25
110.24
110.27
110.27
110.28
Woodie's
110.16
110.18
110.23
110.25
110.31
110.32
110.38
DeMark's
-
-
110.23
110.25
110.30
-
-","Technical IndicatorsJun 17, 2021 10:17PM GMT
Name
Value
Action
RSI(14)
41.973
Sell
STOCH(9,6)
16.450
Oversold
STOCHRSI(14)
13.513
Oversold
MACD(12,26)
-0.040
Sell
ADX(14)
32.654
Sell
Williams %R
-87.394
Oversold
CCI(14)
-66.8238
Sell
ATR(14)
0.1161
Less Volatility
Highs/Lows(14)
-0.0896
Sell
Ultimate Oscillator
49.761
Neutral
ROC
-0.362
Sell
Bull/Bear Power(13)
-0.2050
Sell
Buy: 0
Sell: 7
Neutral: 1


Summary:Strong Sell","Jun 17, 2021 10:17PM GMT"
aud_usd,0.7555 +0.0005    +0.07%,18:18:51,2021-06-17 22:19:10.519317,"Prev. Close: 0.7550
Bid/Ask: 0.7554 / 0.7556
Day's Range: 0.7547 - 0.7557",Strong Sell,"Summary:Strong Sell
Moving Averages:SellBuy (2)Sell (10)
Technical Indicators:Strong SellBuy (0)Sell (10)","Name
S3
S2
S1
Pivot Points
R1
R2
R3
Classic
0.7538
0.7543
0.7548
0.7552
0.7557
0.7561
0.7566
Fibonacci
0.7543
0.7546
0.7548
0.7552
0.7556
0.7558
0.7561
Camarilla
0.7550
0.7551
0.7552
0.7552
0.7553
0.7554
0.7555
Woodie's
0.7538
0.7543
0.7548
0.7552
0.7557
0.7561
0.7566
DeMark's
-
-
0.7545
0.7551
0.7554
-
-","Technical IndicatorsJun 17, 2021 10:17PM GMT
Name
Value
Action
RSI(14)
30.469
Sell
STOCH(9,6)
25.658
Sell
STOCHRSI(14)
100.000
Overbought
MACD(12,26)
-0.003
Sell
ADX(14)
52.223
Sell
Williams %R
-77.863
Sell
CCI(14)
-68.2475
Sell
ATR(14)
0.0015
Less Volatility
Highs/Lows(14)
-0.0002
Sell
Ultimate Oscillator
37.441
Sell
ROC
-0.618
Sell
Bull/Bear Power(13)
-0.0012
Sell
Buy: 0
Sell: 10
Neutral: 0


Summary:Strong Sell","Jun 17, 2021 10:17PM GMT"
eur_gbp,0.8552 0.0001    0.00%,18:18:52,2021-06-17 22:19:10.522363,"Prev. Close: 0.8551
Bid/Ask: 0.8550 / 0.8553
Day's Range: 0.8549 - 0.8557",Strong Sell,"Summary:Strong Sell
Moving Averages:Strong SellBuy (0)Sell (12)
Technical Indicators:Strong SellBuy (3)Sell (7)","Name
S3
S2
S1
Pivot Points
R1
R2
R3
Classic
0.8541
0.8545
0.8549
0.8553
0.8558
0.8561
0.8566
Fibonacci
0.8545
0.8548
0.8550
0.8553
0.8556
0.8558
0.8561
Camarilla
0.8551
0.8552
0.8552
0.8553
0.8554
0.8554
0.8555
Woodie's
0.8541
0.8545
0.8549
0.8553
0.8558
0.8561
0.8566
DeMark's
-
-
0.8551
0.8554
0.8559
-
-","Technical IndicatorsJun 17, 2021 10:17PM GMT
Name
Value
Action
RSI(14)
37.048
Sell
STOCH(9,6)
34.788
Sell
STOCHRSI(14)
57.349
Buy
MACD(12,26)
-0.001
Sell
ADX(14)
39.954
Sell
Williams %R
-75.927
Sell
CCI(14)
-89.6770
Sell
ATR(14)
0.0010
Less Volatility
Highs/Lows(14)
0.0000
Neutral
Ultimate Oscillator
52.571
Buy
ROC
0.035
Buy
Bull/Bear Power(13)
-0.0017
Sell
Buy: 3
Sell: 7
Neutral: 1


Summary:Strong Sell","Jun 17, 2021 10:17PM GMT"
usd_cad,1.2351 -0.0010    -0.08%,18:18:53,2021-06-17 22:19:10.525385,"Prev. Close: 1.2361
Bid/Ask: 1.2350 / 1.2351
Day's Range: 1.2348 - 1.2368",Strong Buy,"Summary:Strong Buy
Moving Averages:BuyBuy (10)Sell (2)
Technical Indicators:Strong BuyBuy (9)Sell (0)","Name
S3
S2
S1
Pivot Points
R1
R2
R3
Classic
1.2333
1.2342
1.2350
1.2359
1.2367
1.2376
1.2384
Fibonacci
1.2342
1.2348
1.2353
1.2359
1.2365
1.2370
1.2376
Camarilla
1.2353
1.2355
1.2356
1.2359
1.2360
1.2361
1.2363
Woodie's
1.2333
1.2342
1.2350
1.2359
1.2367
1.2376
1.2384
DeMark's
-
-
1.2346
1.2357
1.2363
-
-","Technical IndicatorsJun 17, 2021 10:17PM GMT
Name
Value
Action
RSI(14)
67.341
Buy
STOCH(9,6)
72.828
Buy
STOCHRSI(14)
9.489
Oversold
MACD(12,26)
0.003
Buy
ADX(14)
48.114
Buy
Williams %R
-31.516
Buy
CCI(14)
68.5423
Buy
ATR(14)
0.0023
Less Volatility
Highs/Lows(14)
0.0000
Neutral
Ultimate Oscillator
63.738
Buy
ROC
0.317
Buy
Bull/Bear Power(13)
0.0026
Buy
Buy: 9
Sell: 0
Neutral: 1


Summary:Strong Buy","Jun 17, 2021 10:17PM GMT"
usd_chf,0.9176 +0.0003    +0.03%,18:18:36,2021-06-17 22:19:10.528403,"Prev. Close: 0.9173
Bid/Ask: 0.9172 / 0.9180
Day's Range: 0.9169 - 0.9183",Strong Buy,"Summary:Strong Buy
Moving Averages:Strong BuyBuy (11)Sell (1)
Technical Indicators:Strong BuyBuy (10)Sell (0)","Name
S3
S2
S1
Pivot Points
R1
R2
R3
Classic
0.9155
0.9161
0.9169
0.9176
0.9184
0.9191
0.9198
Fibonacci
0.9161
0.9167
0.9170
0.9176
0.9182
0.9185
0.9191
Camarilla
0.9172
0.9173
0.9175
0.9176
0.9177
0.9179
0.9180
Woodie's
0.9155
0.9161
0.9169
0.9176
0.9184
0.9191
0.9198
DeMark's
-
-
0.9165
0.9174
0.9180
-
-","Technical IndicatorsJun 17, 2021 10:17PM GMT
Name
Value
Action
RSI(14)
74.189
Buy
STOCH(9,6)
74.955
Buy
STOCHRSI(14)
0.000
Oversold
MACD(12,26)
0.003
Buy
ADX(14)
40.046
Buy
Williams %R
-22.222
Buy
CCI(14)
75.2516
Buy
ATR(14)
0.0014
Less Volatility
Highs/Lows(14)
0.0004
Buy
Ultimate Oscillator
58.340
Buy
ROC
0.421
Buy
Bull/Bear Power(13)
0.0033
Buy
Buy: 10
Sell: 0
Neutral: 0


Summary:Strong Buy","Jun 17, 2021 10:17PM GMT"
nzd_chf,0.6434 +0.0014    +0.23%,18:18:55,2021-06-17 22:19:10.531420,"Prev. Close: 0.6419
Bid/Ask: 0.6429 / 0.6438
Day's Range: 0.6421 - 0.6437",Strong Buy,"Summary:Strong Buy
Moving Averages:BuyBuy (11)Sell (1)
Technical Indicators:Strong BuyBuy (7)Sell (3)","Name
S3
S2
S1
Pivot Points
R1
R2
R3
Classic
0.6407
0.6414
0.6420
0.6427
0.6433
0.6440
0.6447
Fibonacci
0.6414
0.6419
0.6422
0.6427
0.6432
0.6435
0.6440
Camarilla
0.6421
0.6423
0.6424
0.6427
0.6426
0.6427
0.6429
Woodie's
0.6405
0.6413
0.6418
0.6426
0.6431
0.6439
0.6445
DeMark's
-
-
0.6416
0.6425
0.6429
-
-","Technical IndicatorsJun 17, 2021 10:17PM GMT
Name
Value
Action
RSI(14)
55.921
Buy
STOCH(9,6)
60.601
Buy
STOCHRSI(14)
84.598
Overbought
MACD(12,26)
0.000
Buy
ADX(14)
30.176
Sell
Williams %R
-40.000
Buy
CCI(14)
78.0565
Buy
ATR(14)
0.0012
Less Volatility
Highs/Lows(14)
0.0001
Buy
Ultimate Oscillator
39.494
Sell
ROC
-0.225
Sell
Bull/Bear Power(13)
0.0003
Buy
Buy: 7
Sell: 3
Neutral: 0


Summary:Strong Buy","Jun 17, 2021 10:17PM GMT"
usd_cny,6.4484 +0.0515    +0.80%,11:27:22,2021-06-17 22:19:10.534382,"Prev. Close: 6.3969
Bid/Ask: 6.4477 / 6.4490
Day's Range: 6.3972 - 6.4494",Strong Buy,"Summary:Strong Buy
Moving Averages:BuyBuy (12)Sell (0)
Technical Indicators:Strong BuyBuy (7)Sell (0)","Name
S3
S2
S1
Pivot Points
R1
R2
R3
Classic
6.4380
6.4399
6.4436
6.4455
6.4492
6.4511
6.4548
Fibonacci
6.4399
6.4420
6.4434
6.4455
6.4476
6.4490
6.4511
Camarilla
6.4458
6.4463
6.4468
6.4455
6.4479
6.4484
6.4489
Woodie's
6.4390
6.4404
6.4446
6.4460
6.4502
6.4516
6.4558
DeMark's
-
-
6.4446
6.4460
6.4502
-
-","Technical IndicatorsJun 17, 2021 03:34PM GMT
Name
Value
Action
RSI(14)
85.433
Overbought
STOCH(9,6)
77.649
Buy
STOCHRSI(14)
100.000
Overbought
MACD(12,26)
0.011
Buy
ADX(14)
61.337
Buy
Williams %R
-3.426
Overbought
CCI(14)
151.8010
Buy
ATR(14)
0.0041
Less Volatility
Highs/Lows(14)
0.0141
Buy
Ultimate Oscillator
82.973
Overbought
ROC
0.391
Buy
Bull/Bear Power(13)
0.0286
Buy
Buy: 7
Sell: 0
Neutral: 0


Summary:Strong Buy","Jun 17, 2021 03:34PM GMT"
usd_hkd,7.7642 -0.0003    -0.00%,18:18:42,2021-06-17 22:19:10.537356,"Prev. Close: 7.7644
Bid/Ask: 7.7641 / 7.7642
Day's Range: 7.7641 - 7.7650",Neutral,"Summary:Neutral
Moving Averages:NeutralBuy (6)Sell (6)
Technical Indicators:BUYBuy (4)Sell (3)","Name
S3
S2
S1
Pivot Points
R1
R2
R3
Classic
7.7639
7.7641
7.7645
7.7647
7.7651
7.7653
7.7656
Fibonacci
7.7641
7.7643
7.7645
7.7647
7.7649
7.7651
7.7653
Camarilla
7.7646
7.7646
7.7647
7.7647
7.7648
7.7649
7.7649
Woodie's
7.7639
7.7641
7.7645
7.7647
7.7651
7.7653
7.7656
DeMark's
-
-
7.7645
7.7647
7.7651
-
-","Technical IndicatorsJun 17, 2021 10:17PM GMT
Name
Value
Action
RSI(14)
50.494
Neutral
STOCH(9,6)
59.113
Buy
STOCHRSI(14)
1.778
Oversold
MACD(12,26)
0.000
Buy
ADX(14)
30.057
Sell
Williams %R
-73.676
Sell
CCI(14)
-50.2339
Sell
ATR(14)
0.0008
Less Volatility
Highs/Lows(14)
0.0000
Neutral
Ultimate Oscillator
50.813
Neutral
ROC
0.001
Buy
Bull/Bear Power(13)
0.0009
Buy
Buy: 4
Sell: 3
Neutral: 3


Summary:BUY","Jun 17, 2021 10:17PM GMT"
eur_usd,1.1911 +0.0005    +0.04%,18:19:36,2021-06-17 22:20:10.390164,"Prev. Close: 1.1906
Bid/Ask: 1.1909 / 1.1913
Day's Range: 1.1906 - 1.1913",Strong Sell,"Summary:Strong Sell
Moving Averages:SellBuy (2)Sell (10)
Technical Indicators:Strong SellBuy (0)Sell (9)","Name
S3
S2
S1
Pivot Points
R1
R2
R3
Classic
1.1902
1.1904
1.1905
1.1907
1.1909
1.1910
1.1912
Fibonacci
1.1904
1.1905
1.1906
1.1907
1.1908
1.1909
1.1910
Camarilla
1.1906
1.1906
1.1906
1.1907
1.1907
1.1907
1.1907
Woodie's
1.1902
1.1904
1.1905
1.1907
1.1909
1.1910
1.1912
DeMark's
-
-
1.1904
1.1906
1.1908
-
-","Technical IndicatorsJun 17, 2021 10:19PM GMT
Name
Value
Action
RSI(14)
30.419
Sell
STOCH(9,6)
28.853
Sell
STOCHRSI(14)
100.000
Overbought
MACD(12,26)
-0.004
Sell
ADX(14)
37.693
Neutral
Williams %R
-70.770
Sell
CCI(14)
-65.5370
Sell
ATR(14)
0.0017
Less Volatility
Highs/Lows(14)
-0.0003
Sell
Ultimate Oscillator
40.165
Sell
ROC
-0.310
Sell
Bull/Bear Power(13)
-0.0020
Sell
Buy: 0
Sell: 9
Neutral: 1


Summary:Strong Sell","Jun 17, 2021 10:19PM GMT"
gbp_usd,1.3930 +0.0010    +0.08%,18:19:40,2021-06-17 22:20:10.394357,"Prev. Close: 1.3919
Bid/Ask: 1.3928 / 1.3931
Day's Range: 1.3915 - 1.3932",Strong Sell,"Summary:Strong Sell
Moving Averages:SellBuy (3)Sell (9)
Technical Indicators:Strong SellBuy (0)Sell (8)","Name
S3
S2
S1
Pivot Points
R1
R2
R3
Classic
1.3898
1.3907
1.3914
1.3922
1.3929
1.3937
1.3944
Fibonacci
1.3907
1.3912
1.3916
1.3922
1.3928
1.3932
1.3937
Camarilla
1.3916
1.3918
1.3919
1.3922
1.3922
1.3923
1.3925
Woodie's
1.3898
1.3907
1.3914
1.3922
1.3929
1.3937
1.3944
DeMark's
-
-
1.3910
1.3920
1.3926
-
-","Technical IndicatorsJun 17, 2021 10:17PM GMT
Name
Value
Action
RSI(14)
39.124
Sell
STOCH(9,6)
39.636
Sell
STOCHRSI(14)
100.000
Overbought
MACD(12,26)
-0.003
Sell
ADX(14)
40.721
Sell
Williams %R
-61.582
Sell
CCI(14)
-41.7905
Neutral
ATR(14)
0.0024
Less Volatility
Highs/Lows(14)
0.0000
Neutral
Ultimate Oscillator
43.010
Sell
ROC
-0.336
Sell
Bull/Bear Power(13)
-0.0005
Sell
Buy: 0
Sell: 8
Neutral: 2


Summary:Strong Sell","Jun 17, 2021 10:17PM GMT"
usd_jpy,110.26 +0.06    +0.05%,18:19:44,2021-06-17 22:20:10.397609,"Prev. Close: 110.20
Bid/Ask: 110.25 / 110.26
Day's Range: 110.17 - 110.83",Sell,"Summary:Sell
Moving Averages:NeutralBuy (6)Sell (6)
Technical Indicators:Strong SellBuy (0)Sell (7)","Name
S3
S2
S1
Pivot Points
R1
R2
R3
Classic
110.14
110.17
110.21
110.24
110.29
110.31
110.36
Fibonacci
110.17
110.19
110.21
110.24
110.27
110.29
110.31
Camarilla
110.24
110.25
110.25
110.24
110.27
110.27
110.28
Woodie's
110.16
110.18
110.23
110.25
110.31
110.32
110.38
DeMark's
-
-
110.23
110.25
110.30
-
-","Technical IndicatorsJun 17, 2021 10:19PM GMT
Name
Value
Action
RSI(14)
42.470
Sell
STOCH(9,6)
16.979
Oversold
STOCHRSI(14)
15.324
Oversold
MACD(12,26)
-0.040
Sell
ADX(14)
32.654
Sell
Williams %R
-85.714
Oversold
CCI(14)
-65.6256
Sell
ATR(14)
0.1161
Less Volatility
Highs/Lows(14)
-0.0796
Sell
Ultimate Oscillator
50.975
Neutral
ROC
-0.352
Sell
Bull/Bear Power(13)
-0.2070
Sell
Buy: 0
Sell: 7
Neutral: 1


Summary:Strong Sell","Jun 17, 2021 10:19PM GMT"
aud_usd,0.7555 +0.0005    +0.07%,18:19:37,2021-06-17 22:20:10.400646,"Prev. Close: 0.7550
Bid/Ask: 0.7554 / 0.7556
Day's Range: 0.7547 - 0.7557",Strong Sell,"Summary:Strong Sell
Moving Averages:SellBuy (2)Sell (10)
Technical Indicators:Strong SellBuy (0)Sell (10)","Name
S3
S2
S1
Pivot Points
R1
R2
R3
Classic
0.7538
0.7543
0.7548
0.7552
0.7557
0.7561
0.7566
Fibonacci
0.7543
0.7546
0.7548
0.7552
0.7556
0.7558
0.7561
Camarilla
0.7550
0.7551
0.7552
0.7552
0.7553
0.7554
0.7555
Woodie's
0.7538
0.7543
0.7548
0.7552
0.7557
0.7561
0.7566
DeMark's
-
-
0.7545
0.7551
0.7554
-
-","Technical IndicatorsJun 17, 2021 10:17PM GMT
Name
Value
Action
RSI(14)
30.469
Sell
STOCH(9,6)
25.658
Sell
STOCHRSI(14)
100.000
Overbought
MACD(12,26)
-0.003
Sell
ADX(14)
52.223
Sell
Williams %R
-77.863
Sell
CCI(14)
-68.2475
Sell
ATR(14)
0.0015
Less Volatility
Highs/Lows(14)
-0.0002
Sell
Ultimate Oscillator
37.441
Sell
ROC
-0.618
Sell
Bull/Bear Power(13)
-0.0012
Sell
Buy: 0
Sell: 10
Neutral: 0


Summary:Strong Sell","Jun 17, 2021 10:17PM GMT"
eur_gbp,0.8552 0.0001    0.00%,18:19:42,2021-06-17 22:20:10.403635,"Prev. Close: 0.8551
Bid/Ask: 0.8550 / 0.8553
Day's Range: 0.8549 - 0.8557",Strong Sell,"Summary:Strong Sell
Moving Averages:Strong SellBuy (0)Sell (12)
Technical Indicators:Strong SellBuy (3)Sell (7)","Name
S3
S2
S1
Pivot Points
R1
R2
R3
Classic
0.8541
0.8545
0.8549
0.8553
0.8558
0.8561
0.8566
Fibonacci
0.8545
0.8548
0.8550
0.8553
0.8556
0.8558
0.8561
Camarilla
0.8551
0.8552
0.8552
0.8553
0.8554
0.8554
0.8555
Woodie's
0.8541
0.8545
0.8549
0.8553
0.8558
0.8561
0.8566
DeMark's
-
-
0.8551
0.8554
0.8559
-
-","Technical IndicatorsJun 17, 2021 10:19PM GMT
Name
Value
Action
RSI(14)
37.405
Sell
STOCH(9,6)
35.185
Sell
STOCHRSI(14)
59.391
Buy
MACD(12,26)
-0.001
Sell
ADX(14)
39.954
Sell
Williams %R
-74.074
Sell
CCI(14)
-86.5813
Sell
ATR(14)
0.0010
Less Volatility
Highs/Lows(14)
0.0000
Neutral
Ultimate Oscillator
53.304
Buy
ROC
0.041
Buy
Bull/Bear Power(13)
-0.0017
Sell
Buy: 3
Sell: 7
Neutral: 1


Summary:Strong Sell","Jun 17, 2021 10:19PM GMT"
usd_cad,1.2349 -0.0012    -0.10%,18:19:33,2021-06-17 22:20:10.406615,"Prev. Close: 1.2361
Bid/Ask: 1.2347 / 1.2351
Day's Range: 1.2347 - 1.2368",Strong Buy,"Summary:Strong Buy
Moving Averages:BuyBuy (10)Sell (2)
Technical Indicators:Strong BuyBuy (9)Sell (0)","Name
S3
S2
S1
Pivot Points
R1
R2
R3
Classic
1.2333
1.2342
1.2350
1.2359
1.2367
1.2376
1.2384
Fibonacci
1.2342
1.2348
1.2353
1.2359
1.2365
1.2370
1.2376
Camarilla
1.2353
1.2355
1.2356
1.2359
1.2360
1.2361
1.2363
Woodie's
1.2333
1.2342
1.2350
1.2359
1.2367
1.2376
1.2384
DeMark's
-
-
1.2346
1.2357
1.2363
-
-","Technical IndicatorsJun 17, 2021 10:19PM GMT
Name
Value
Action
RSI(14)
66.531
Buy
STOCH(9,6)
72.478
Buy
STOCHRSI(14)
3.379
Oversold
MACD(12,26)
0.003
Buy
ADX(14)
47.383
Buy
Williams %R
-33.334
Buy
CCI(14)
64.7228
Buy
ATR(14)
0.0023
Less Volatility
Highs/Lows(14)
0.0000
Neutral
Ultimate Oscillator
63.095
Buy
ROC
0.305
Buy
Bull/Bear Power(13)
0.0025
Buy
Buy: 9
Sell: 0
Neutral: 1


Summary:Strong Buy","Jun 17, 2021 10:19PM GMT"
usd_chf,0.9176 +0.0003    +0.03%,18:19:38,2021-06-17 22:20:10.409571,"Prev. Close: 0.9173
Bid/Ask: 0.9172 / 0.9180
Day's Range: 0.9169 - 0.9183",Strong Buy,"Summary:Strong Buy
Moving Averages:BuyBuy (12)Sell (0)
Technical Indicators:Strong BuyBuy (8)Sell (0)","Name
S3
S2
S1
Pivot Points
R1
R2
R3
Classic
0.9155
0.9161
0.9169
0.9176
0.9184
0.9191
0.9198
Fibonacci
0.9161
0.9167
0.9170
0.9176
0.9182
0.9185
0.9191
Camarilla
0.9172
0.9173
0.9175
0.9176
0.9177
0.9179
0.9180
Woodie's
0.9155
0.9161
0.9169
0.9176
0.9184
0.9191
0.9198
DeMark's
-
-
0.9165
0.9174
0.9180
-
-","Technical IndicatorsJun 17, 2021 10:19PM GMT
Name
Value
Action
RSI(14)
75.187
Overbought
STOCH(9,6)
75.758
Buy
STOCHRSI(14)
3.969
Oversold
MACD(12,26)
0.003
Buy
ADX(14)
40.046
Buy
Williams %R
-18.803
Overbought
CCI(14)
78.3997
Buy
ATR(14)
0.0014
Less Volatility
Highs/Lows(14)
0.0006
Buy
Ultimate Oscillator
60.246
Buy
ROC
0.443
Buy
Bull/Bear Power(13)
0.0033
Buy
Buy: 8
Sell: 0
Neutral: 0


Summary:Strong Buy","Jun 17, 2021 10:19PM GMT"
nzd_chf,0.6434 +0.0014    +0.23%,18:19:38,2021-06-17 22:20:10.412540,"Prev. Close: 0.6419
Bid/Ask: 0.6429 / 0.6438
Day's Range: 0.6421 - 0.6437",Strong Buy,"Summary:Strong Buy
Moving Averages:BuyBuy (11)Sell (1)
Technical Indicators:Strong BuyBuy (7)Sell (3)","Name
S3
S2
S1
Pivot Points
R1
R2
R3
Classic
0.6407
0.6414
0.6420
0.6427
0.6433
0.6440
0.6447
Fibonacci
0.6414
0.6419
0.6422
0.6427
0.6432
0.6435
0.6440
Camarilla
0.6421
0.6423
0.6424
0.6427
0.6426
0.6427
0.6429
Woodie's
0.6405
0.6413
0.6418
0.6426
0.6431
0.6439
0.6445
DeMark's
-
-
0.6416
0.6425
0.6429
-
-","Technical IndicatorsJun 17, 2021 10:19PM GMT
Name
Value
Action
RSI(14)
56.575
Buy
STOCH(9,6)
61.376
Buy
STOCHRSI(14)
87.904
Overbought
MACD(12,26)
0.000
Buy
ADX(14)
30.176
Sell
Williams %R
-37.778
Buy
CCI(14)
82.3336
Buy
ATR(14)
0.0012
Less Volatility
Highs/Lows(14)
0.0002
Buy
Ultimate Oscillator
40.614
Sell
ROC
-0.209
Sell
Bull/Bear Power(13)
0.0003
Buy
Buy: 7
Sell: 3
Neutral: 0


Summary:Strong Buy","Jun 17, 2021 10:19PM GMT"
usd_cny,6.4484 +0.0515    +0.80%,11:27:22,2021-06-17 22:20:10.415514,"Prev. Close: 6.3969
Bid/Ask: 6.4477 / 6.4490
Day's Range: 6.3972 - 6.4494",Strong Buy,"Summary:Strong Buy
Moving Averages:BuyBuy (12)Sell (0)
Technical Indicators:Strong BuyBuy (7)Sell (0)","Name
S3
S2
S1
Pivot Points
R1
R2
R3
Classic
6.4380
6.4399
6.4436
6.4455
6.4492
6.4511
6.4548
Fibonacci
6.4399
6.4420
6.4434
6.4455
6.4476
6.4490
6.4511
Camarilla
6.4458
6.4463
6.4468
6.4455
6.4479
6.4484
6.4489
Woodie's
6.4390
6.4404
6.4446
6.4460
6.4502
6.4516
6.4558
DeMark's
-
-
6.4446
6.4460
6.4502
-
-","Technical IndicatorsJun 17, 2021 03:34PM GMT
Name
Value
Action
RSI(14)
85.433
Overbought
STOCH(9,6)
77.649
Buy
STOCHRSI(14)
100.000
Overbought
MACD(12,26)
0.011
Buy
ADX(14)
61.337
Buy
Williams %R
-3.426
Overbought
CCI(14)
151.8010
Buy
ATR(14)
0.0041
Less Volatility
Highs/Lows(14)
0.0141
Buy
Ultimate Oscillator
82.973
Overbought
ROC
0.391
Buy
Bull/Bear Power(13)
0.0286
Buy
Buy: 7
Sell: 0
Neutral: 0


Summary:Strong Buy","Jun 17, 2021 03:34PM GMT"
usd_hkd,7.7642 -0.0003    -0.00%,18:19:44,2021-06-17 22:20:10.418469,"Prev. Close: 7.7644
Bid/Ask: 7.7641 / 7.7642
Day's Range: 7.7641 - 7.7650",Neutral,"Summary:Neutral
Moving Averages:NeutralBuy (6)Sell (6)
Technical Indicators:BUYBuy (4)Sell (3)","Name
S3
S2
S1
Pivot Points
R1
R2
R3
Classic
7.7639
7.7641
7.7645
7.7647
7.7651
7.7653
7.7656
Fibonacci
7.7641
7.7643
7.7645
7.7647
7.7649
7.7651
7.7653
Camarilla
7.7646
7.7646
7.7647
7.7647
7.7648
7.7649
7.7649
Woodie's
7.7639
7.7641
7.7645
7.7647
7.7651
7.7653
7.7656
DeMark's
-
-
7.7645
7.7647
7.7651
-
-","Technical IndicatorsJun 17, 2021 10:19PM GMT
Name
Value
Action
RSI(14)
50.494
Neutral
STOCH(9,6)
59.113
Buy
STOCHRSI(14)
1.778
Oversold
MACD(12,26)
0.000
Buy
ADX(14)
30.057
Sell
Williams %R
-73.676
Sell
CCI(14)
-50.2339
Sell
ATR(14)
0.0008
Less Volatility
Highs/Lows(14)
0.0000
Neutral
Ultimate Oscillator
50.813
Neutral
ROC
0.001
Buy
Bull/Bear Power(13)
0.0009
Buy
Buy: 4
Sell: 3
Neutral: 3


Summary:BUY","Jun 17, 2021 10:19PM GMT"
eur_usd,1.1911 +0.0005    +0.04%,18:20:29,2021-06-17 22:21:10.384034,"Prev. Close: 1.1906
Bid/Ask: 1.1909 / 1.1913
Day's Range: 1.1906 - 1.1913",Strong Sell,"Summary:Strong Sell
Moving Averages:SellBuy (2)Sell (10)
Technical Indicators:Strong SellBuy (0)Sell (9)","Name
S3
S2
S1
Pivot Points
R1
R2
R3
Classic
1.1902
1.1904
1.1905
1.1907
1.1909
1.1910
1.1912
Fibonacci
1.1904
1.1905
1.1906
1.1907
1.1908
1.1909
1.1910
Camarilla
1.1906
1.1906
1.1906
1.1907
1.1907
1.1907
1.1907
Woodie's
1.1902
1.1904
1.1905
1.1907
1.1909
1.1910
1.1912
DeMark's
-
-
1.1904
1.1906
1.1908
-
-","Technical IndicatorsJun 17, 2021 10:19PM GMT
Name
Value
Action
RSI(14)
30.419
Sell
STOCH(9,6)
28.853
Sell
STOCHRSI(14)
100.000
Overbought
MACD(12,26)
-0.004
Sell
ADX(14)
37.693
Neutral
Williams %R
-70.770
Sell
CCI(14)
-65.5370
Sell
ATR(14)
0.0017
Less Volatility
Highs/Lows(14)
-0.0003
Sell
Ultimate Oscillator
40.165
Sell
ROC
-0.310
Sell
Bull/Bear Power(13)
-0.0020
Sell
Buy: 0
Sell: 9
Neutral: 1


Summary:Strong Sell","Jun 17, 2021 10:19PM GMT"
gbp_usd,1.3930 +0.0010    +0.08%,18:20:48,2021-06-17 22:21:10.388054,"Prev. Close: 1.3919
Bid/Ask: 1.3928 / 1.3931
Day's Range: 1.3915 - 1.3932",Strong Sell,"Summary:Strong Sell
Moving Averages:SellBuy (3)Sell (9)
Technical Indicators:Strong SellBuy (0)Sell (8)","Name
S3
S2
S1
Pivot Points
R1
R2
R3
Classic
1.3898
1.3907
1.3914
1.3922
1.3929
1.3937
1.3944
Fibonacci
1.3907
1.3912
1.3916
1.3922
1.3928
1.3932
1.3937
Camarilla
1.3916
1.3918
1.3919
1.3922
1.3922
1.3923
1.3925
Woodie's
1.3898
1.3907
1.3914
1.3922
1.3929
1.3937
1.3944
DeMark's
-
-
1.3910
1.3920
1.3926
-
-","Technical IndicatorsJun 17, 2021 10:19PM GMT
Name
Value
Action
RSI(14)
38.940
Sell
STOCH(9,6)
39.511
Sell
STOCHRSI(14)
100.000
Overbought
MACD(12,26)
-0.003
Sell
ADX(14)
40.721
Sell
Williams %R
-62.147
Sell
CCI(14)
-42.4896
Neutral
ATR(14)
0.0024
Less Volatility
Highs/Lows(14)
0.0000
Neutral
Ultimate Oscillator
42.701
Sell
ROC
-0.340
Sell
Bull/Bear Power(13)
-0.0005
Sell
Buy: 0
Sell: 8
Neutral: 2


Summary:Strong Sell","Jun 17, 2021 10:19PM GMT"
usd_jpy,110.26 +0.06    +0.05%,18:20:34,2021-06-17 22:21:10.391181,"Prev. Close: 110.20
Bid/Ask: 110.25 / 110.26
Day's Range: 110.17 - 110.83",Sell,"Summary:Sell
Moving Averages:NeutralBuy (6)Sell (6)
Technical Indicators:Strong SellBuy (0)Sell (7)","Name
S3
S2
S1
Pivot Points
R1
R2
R3
Classic
110.14
110.17
110.21
110.24
110.29
110.31
110.36
Fibonacci
110.17
110.19
110.21
110.24
110.27
110.29
110.31
Camarilla
110.24
110.25
110.25
110.24
110.27
110.27
110.28
Woodie's
110.16
110.18
110.23
110.25
110.31
110.32
110.38
DeMark's
-
-
110.23
110.25
110.30
-
-","Technical IndicatorsJun 17, 2021 10:19PM GMT
Name
Value
Action
RSI(14)
42.470
Sell
STOCH(9,6)
16.979
Oversold
STOCHRSI(14)
15.324
Oversold
MACD(12,26)
-0.040
Sell
ADX(14)
32.654
Sell
Williams %R
-85.714
Oversold
CCI(14)
-65.6256
Sell
ATR(14)
0.1161
Less Volatility
Highs/Lows(14)
-0.0796
Sell
Ultimate Oscillator
50.975
Neutral
ROC
-0.352
Sell
Bull/Bear Power(13)
-0.2070
Sell
Buy: 0
Sell: 7
Neutral: 1


Summary:Strong Sell","Jun 17, 2021 10:19PM GMT"
aud_usd,0.7555 +0.0005    +0.07%,18:20:51,2021-06-17 22:21:10.394166,"Prev. Close: 0.7550
Bid/Ask: 0.7554 / 0.7556
Day's Range: 0.7547 - 0.7557",Strong Sell,"Summary:Strong Sell
Moving Averages:SellBuy (3)Sell (9)
Technical Indicators:Strong SellBuy (0)Sell (10)","Name
S3
S2
S1
Pivot Points
R1
R2
R3
Classic
0.7538
0.7543
0.7548
0.7552
0.7557
0.7561
0.7566
Fibonacci
0.7543
0.7546
0.7548
0.7552
0.7556
0.7558
0.7561
Camarilla
0.7550
0.7551
0.7552
0.7552
0.7553
0.7554
0.7555
Woodie's
0.7538
0.7543
0.7548
0.7552
0.7557
0.7561
0.7566
DeMark's
-
-
0.7545
0.7551
0.7554
-
-","Technical IndicatorsJun 17, 2021 10:19PM GMT
Name
Value
Action
RSI(14)
31.185
Sell
STOCH(9,6)
26.155
Sell
STOCHRSI(14)
100.000
Overbought
MACD(12,26)
-0.003
Sell
ADX(14)
52.223
Sell
Williams %R
-76.336
Sell
CCI(14)
-66.5242
Sell
ATR(14)
0.0015
Less Volatility
Highs/Lows(14)
-0.0001
Sell
Ultimate Oscillator
38.348
Sell
ROC
-0.605
Sell
Bull/Bear Power(13)
-0.0012
Sell
Buy: 0
Sell: 10
Neutral: 0


Summary:Strong Sell","Jun 17, 2021 10:19PM GMT"
eur_gbp,0.8552 0.0001    0.00%,18:20:54,2021-06-17 22:21:10.397132,"Prev. Close: 0.8551
Bid/Ask: 0.8551 / 0.8552
Day's Range: 0.8549 - 0.8557",Strong Sell,"Summary:Strong Sell
Moving Averages:Strong SellBuy (0)Sell (12)
Technical Indicators:Strong SellBuy (3)Sell (7)","Name
S3
S2
S1
Pivot Points
R1
R2
R3
Classic
0.8541
0.8545
0.8549
0.8553
0.8558
0.8561
0.8566
Fibonacci
0.8545
0.8548
0.8550
0.8553
0.8556
0.8558
0.8561
Camarilla
0.8551
0.8552
0.8552
0.8553
0.8554
0.8554
0.8555
Woodie's
0.8541
0.8545
0.8549
0.8553
0.8558
0.8561
0.8566
DeMark's
-
-
0.8551
0.8554
0.8559
-
-","Technical IndicatorsJun 17, 2021 10:19PM GMT
Name
Value
Action
RSI(14)
37.405
Sell
STOCH(9,6)
35.185
Sell
STOCHRSI(14)
59.391
Buy
MACD(12,26)
-0.001
Sell
ADX(14)
39.954
Sell
Williams %R
-74.074
Sell
CCI(14)
-86.5813
Sell
ATR(14)
0.0010
Less Volatility
Highs/Lows(14)
0.0000
Neutral
Ultimate Oscillator
53.304
Buy
ROC
0.041
Buy
Bull/Bear Power(13)
-0.0017
Sell
Buy: 3
Sell: 7
Neutral: 1


Summary:Strong Sell","Jun 17, 2021 10:19PM GMT"
usd_cad,1.2349 -0.0012    -0.10%,18:20:50,2021-06-17 22:21:10.400084,"Prev. Close: 1.2361
Bid/Ask: 1.2347 / 1.2351
Day's Range: 1.2347 - 1.2368",Strong Buy,"Summary:Strong Buy
Moving Averages:BuyBuy (10)Sell (2)
Technical Indicators:Strong BuyBuy (9)Sell (0)","Name
S3
S2
S1
Pivot Points
R1
R2
R3
Classic
1.2333
1.2342
1.2350
1.2359
1.2367
1.2376
1.2384
Fibonacci
1.2342
1.2348
1.2353
1.2359
1.2365
1.2370
1.2376
Camarilla
1.2353
1.2355
1.2356
1.2359
1.2360
1.2361
1.2363
Woodie's
1.2333
1.2342
1.2350
1.2359
1.2367
1.2376
1.2384
DeMark's
-
-
1.2346
1.2357
1.2363
-
-","Technical IndicatorsJun 17, 2021 10:19PM GMT
Name
Value
Action
RSI(14)
66.531
Buy
STOCH(9,6)
72.478
Buy
STOCHRSI(14)
3.379
Oversold
MACD(12,26)
0.003
Buy
ADX(14)
47.383
Buy
Williams %R
-33.334
Buy
CCI(14)
64.7228
Buy
ATR(14)
0.0023
Less Volatility
Highs/Lows(14)
0.0000
Neutral
Ultimate Oscillator
63.095
Buy
ROC
0.305
Buy
Bull/Bear Power(13)
0.0025
Buy
Buy: 9
Sell: 0
Neutral: 1


Summary:Strong Buy","Jun 17, 2021 10:19PM GMT"
usd_chf,0.9176 +0.0003    +0.03%,18:20:45,2021-06-17 22:21:10.403016,"Prev. Close: 0.9173
Bid/Ask: 0.9172 / 0.9180
Day's Range: 0.9169 - 0.9183",Strong Buy,"Summary:Strong Buy
Moving Averages:BuyBuy (12)Sell (0)
Technical Indicators:Strong BuyBuy (8)Sell (0)","Name
S3
S2
S1
Pivot Points
R1
R2
R3
Classic
0.9155
0.9161
0.9169
0.9176
0.9184
0.9191
0.9198
Fibonacci
0.9161
0.9167
0.9170
0.9176
0.9182
0.9185
0.9191
Camarilla
0.9172
0.9173
0.9175
0.9176
0.9177
0.9179
0.9180
Woodie's
0.9155
0.9161
0.9169
0.9176
0.9184
0.9191
0.9198
DeMark's
-
-
0.9165
0.9174
0.9180
-
-","Technical IndicatorsJun 17, 2021 10:19PM GMT
Name
Value
Action
RSI(14)
75.187
Overbought
STOCH(9,6)
75.758
Buy
STOCHRSI(14)
3.969
Oversold
MACD(12,26)
0.003
Buy
ADX(14)
40.046
Buy
Williams %R
-18.803
Overbought
CCI(14)
78.3997
Buy
ATR(14)
0.0014
Less Volatility
Highs/Lows(14)
0.0006
Buy
Ultimate Oscillator
60.246
Buy
ROC
0.443
Buy
Bull/Bear Power(13)
0.0033
Buy
Buy: 8
Sell: 0
Neutral: 0


Summary:Strong Buy","Jun 17, 2021 10:19PM GMT"
nzd_chf,0.6434 +0.0015    +0.23%,18:20:51,2021-06-17 22:21:10.405940,"Prev. Close: 0.6419
Bid/Ask: 0.6430 / 0.6438
Day's Range: 0.6421 - 0.6437",Strong Buy,"Summary:Strong Buy
Moving Averages:BuyBuy (11)Sell (1)
Technical Indicators:Strong BuyBuy (7)Sell (3)","Name
S3
S2
S1
Pivot Points
R1
R2
R3
Classic
0.6407
0.6414
0.6420
0.6427
0.6433
0.6440
0.6447
Fibonacci
0.6414
0.6419
0.6422
0.6427
0.6432
0.6435
0.6440
Camarilla
0.6421
0.6423
0.6424
0.6427
0.6426
0.6427
0.6429
Woodie's
0.6405
0.6413
0.6418
0.6426
0.6431
0.6439
0.6445
DeMark's
-
-
0.6416
0.6425
0.6429
-
-","Technical IndicatorsJun 17, 2021 10:20PM GMT
Name
Value
Action
RSI(14)
56.251
Buy
STOCH(9,6)
60.989
Buy
STOCHRSI(14)
86.266
Overbought
MACD(12,26)
0.000
Buy
ADX(14)
30.176
Sell
Williams %R
-38.889
Buy
CCI(14)
80.2004
Buy
ATR(14)
0.0012
Less Volatility
Highs/Lows(14)
0.0001
Buy
Ultimate Oscillator
40.054
Sell
ROC
-0.217
Sell
Bull/Bear Power(13)
0.0003
Buy
Buy: 7
Sell: 3
Neutral: 0


Summary:Strong Buy","Jun 17, 2021 10:20PM GMT"
usd_cny,6.4484 +0.0515    +0.80%,11:27:22,2021-06-17 22:21:10.408866,"Prev. Close: 6.3969
Bid/Ask: 6.4477 / 6.4490
Day's Range: 6.3972 - 6.4494",Strong Buy,"Summary:Strong Buy
Moving Averages:BuyBuy (12)Sell (0)
Technical Indicators:Strong BuyBuy (7)Sell (0)","Name
S3
S2
S1
Pivot Points
R1
R2
R3
Classic
6.4380
6.4399
6.4436
6.4455
6.4492
6.4511
6.4548
Fibonacci
6.4399
6.4420
6.4434
6.4455
6.4476
6.4490
6.4511
Camarilla
6.4458
6.4463
6.4468
6.4455
6.4479
6.4484
6.4489
Woodie's
6.4390
6.4404
6.4446
6.4460
6.4502
6.4516
6.4558
DeMark's
-
-
6.4446
6.4460
6.4502
-
-","Technical IndicatorsJun 17, 2021 03:34PM GMT
Name
Value
Action
RSI(14)
85.433
Overbought
STOCH(9,6)
77.649
Buy
STOCHRSI(14)
100.000
Overbought
MACD(12,26)
0.011
Buy
ADX(14)
61.337
Buy
Williams %R
-3.426
Overbought
CCI(14)
151.8010
Buy
ATR(14)
0.0041
Less Volatility
Highs/Lows(14)
0.0141
Buy
Ultimate Oscillator
82.973
Overbought
ROC
0.391
Buy
Bull/Bear Power(13)
0.0286
Buy
Buy: 7
Sell: 0
Neutral: 0


Summary:Strong Buy","Jun 17, 2021 03:34PM GMT"
usd_hkd,7.7642 -0.0003    -0.00%,18:20:53,2021-06-17 22:21:10.411811,"Prev. Close: 7.7644
Bid/Ask: 7.7641 / 7.7642
Day's Range: 7.7641 - 7.7650",Neutral,"Summary:Neutral
Moving Averages:NeutralBuy (6)Sell (6)
Technical Indicators:BUYBuy (4)Sell (3)","Name
S3
S2
S1
Pivot Points
R1
R2
R3
Classic
7.7639
7.7641
7.7645
7.7647
7.7651
7.7653
7.7656
Fibonacci
7.7641
7.7643
7.7645
7.7647
7.7649
7.7651
7.7653
Camarilla
7.7646
7.7646
7.7647
7.7647
7.7648
7.7649
7.7649
Woodie's
7.7639
7.7641
7.7645
7.7647
7.7651
7.7653
7.7656
DeMark's
-
-
7.7645
7.7647
7.7651
-
-","Technical IndicatorsJun 17, 2021 10:19PM GMT
Name
Value
Action
RSI(14)
50.494
Neutral
STOCH(9,6)
59.113
Buy
STOCHRSI(14)
1.778
Oversold
MACD(12,26)
0.000
Buy
ADX(14)
30.057
Sell
Williams %R
-73.676
Sell
CCI(14)
-50.2339
Sell
ATR(14)
0.0008
Less Volatility
Highs/Lows(14)
0.0000
Neutral
Ultimate Oscillator
50.813
Neutral
ROC
0.001
Buy
Bull/Bear Power(13)
0.0009
Buy
Buy: 4
Sell: 3
Neutral: 3


Summary:BUY","Jun 17, 2021 10:19PM GMT"
eur_usd,1.1911 +0.0005    +0.04%,18:21:37,2021-06-17 22:22:10.215575,"Prev. Close: 1.1906
Bid/Ask: 1.1909 / 1.1913
Day's Range: 1.1906 - 1.1913",Strong Sell,"Summary:Strong Sell
Moving Averages:SellBuy (2)Sell (10)
Technical Indicators:Strong SellBuy (0)Sell (9)","Name
S3
S2
S1
Pivot Points
R1
R2
R3
Classic
1.1902
1.1904
1.1905
1.1907
1.1909
1.1910
1.1912
Fibonacci
1.1904
1.1905
1.1906
1.1907
1.1908
1.1909
1.1910
Camarilla
1.1906
1.1906
1.1906
1.1907
1.1907
1.1907
1.1907
Woodie's
1.1902
1.1904
1.1905
1.1907
1.1909
1.1910
1.1912
DeMark's
-
-
1.1904
1.1906
1.1908
-
-","Technical IndicatorsJun 17, 2021 10:21PM GMT
Name
Value
Action
RSI(14)
30.690
Sell
STOCH(9,6)
29.016
Sell
STOCHRSI(14)
100.000
Overbought
MACD(12,26)
-0.004
Sell
ADX(14)
37.693
Neutral
Williams %R
-70.001
Sell
CCI(14)
-64.8226
Sell
ATR(14)
0.0017
Less Volatility
Highs/Lows(14)
-0.0002
Sell
Ultimate Oscillator
40.569
Sell
ROC
-0.305
Sell
Bull/Bear Power(13)
-0.0020
Sell
Buy: 0
Sell: 9
Neutral: 1


Summary:Strong Sell","Jun 17, 2021 10:21PM GMT"
gbp_usd,1.3930 +0.0010    +0.08%,18:21:31,2021-06-17 22:22:10.219736,"Prev. Close: 1.3919
Bid/Ask: 1.3928 / 1.3931
Day's Range: 1.3915 - 1.3932",Strong Sell,"Summary:Strong Sell
Moving Averages:SellBuy (3)Sell (9)
Technical Indicators:Strong SellBuy (0)Sell (8)","Name
S3
S2
S1
Pivot Points
R1
R2
R3
Classic
1.3898
1.3907
1.3914
1.3922
1.3929
1.3937
1.3944
Fibonacci
1.3907
1.3912
1.3916
1.3922
1.3928
1.3932
1.3937
Camarilla
1.3916
1.3918
1.3919
1.3922
1.3922
1.3923
1.3925
Woodie's
1.3898
1.3907
1.3914
1.3922
1.3929
1.3937
1.3944
DeMark's
-
-
1.3910
1.3920
1.3926
-
-","Technical IndicatorsJun 17, 2021 10:19PM GMT
Name
Value
Action
RSI(14)
38.940
Sell
STOCH(9,6)
39.511
Sell
STOCHRSI(14)
100.000
Overbought
MACD(12,26)
-0.003
Sell
ADX(14)
40.721
Sell
Williams %R
-62.147
Sell
CCI(14)
-42.4896
Neutral
ATR(14)
0.0024
Less Volatility
Highs/Lows(14)
0.0000
Neutral
Ultimate Oscillator
42.701
Sell
ROC
-0.340
Sell
Bull/Bear Power(13)
-0.0005
Sell
Buy: 0
Sell: 8
Neutral: 2


Summary:Strong Sell","Jun 17, 2021 10:19PM GMT"
usd_jpy,110.26 +0.06    +0.05%,18:21:40,2021-06-17 22:22:10.223188,"Prev. Close: 110.20
Bid/Ask: 110.25 / 110.26
Day's Range: 110.17 - 110.83",Sell,"Summary:Sell
Moving Averages:NeutralBuy (6)Sell (6)
Technical Indicators:Strong SellBuy (0)Sell (7)","Name
S3
S2
S1
Pivot Points
R1
R2
R3
Classic
110.14
110.17
110.21
110.24
110.29
110.31
110.36
Fibonacci
110.17
110.19
110.21
110.24
110.27
110.29
110.31
Camarilla
110.24
110.25
110.25
110.24
110.27
110.27
110.28
Woodie's
110.16
110.18
110.23
110.25
110.31
110.32
110.38
DeMark's
-
-
110.23
110.25
110.30
-
-","Technical IndicatorsJun 17, 2021 10:21PM GMT
Name
Value
Action
RSI(14)
42.470
Sell
STOCH(9,6)
16.979
Oversold
STOCHRSI(14)
15.324
Oversold
MACD(12,26)
-0.040
Sell
ADX(14)
32.654
Sell
Williams %R
-85.714
Oversold
CCI(14)
-65.6256
Sell
ATR(14)
0.1161
Less Volatility
Highs/Lows(14)
-0.0796
Sell
Ultimate Oscillator
50.975
Neutral
ROC
-0.352
Sell
Bull/Bear Power(13)
-0.2070
Sell
Buy: 0
Sell: 7
Neutral: 1


Summary:Strong Sell","Jun 17, 2021 10:21PM GMT"
aud_usd,0.7555 +0.0005    +0.07%,18:21:39,2021-06-17 22:22:10.226338,"Prev. Close: 0.7550
Bid/Ask: 0.7554 / 0.7556
Day's Range: 0.7547 - 0.7557",Strong Sell,"Summary:Strong Sell
Moving Averages:SellBuy (3)Sell (9)
Technical Indicators:Strong SellBuy (0)Sell (10)","Name
S3
S2
S1
Pivot Points
R1
R2
R3
Classic
0.7538
0.7543
0.7548
0.7552
0.7557
0.7561
0.7566
Fibonacci
0.7543
0.7546
0.7548
0.7552
0.7556
0.7558
0.7561
Camarilla
0.7550
0.7551
0.7552
0.7552
0.7553
0.7554
0.7555
Woodie's
0.7538
0.7543
0.7548
0.7552
0.7557
0.7561
0.7566
DeMark's
-
-
0.7545
0.7551
0.7554
-
-","Technical IndicatorsJun 17, 2021 10:21PM GMT
Name
Value
Action
RSI(14)
31.538
Sell
STOCH(9,6)
26.404
Sell
STOCHRSI(14)
100.000
Overbought
MACD(12,26)
-0.003
Sell
ADX(14)
52.223
Sell
Williams %R
-75.572
Sell
CCI(14)
-65.6599
Sell
ATR(14)
0.0015
Less Volatility
Highs/Lows(14)
-0.0001
Sell
Ultimate Oscillator
38.802
Sell
ROC
-0.599
Sell
Bull/Bear Power(13)
-0.0012
Sell
Buy: 0
Sell: 10
Neutral: 0


Summary:Strong Sell","Jun 17, 2021 10:21PM GMT"
eur_gbp,0.8552 0.0001    0.00%,18:21:43,2021-06-17 22:22:10.229374,"Prev. Close: 0.8551
Bid/Ask: 0.8551 / 0.8552
Day's Range: 0.8549 - 0.8557",Strong Sell,"Summary:Strong Sell
Moving Averages:Strong SellBuy (0)Sell (12)
Technical Indicators:Strong SellBuy (3)Sell (7)","Name
S3
S2
S1
Pivot Points
R1
R2
R3
Classic
0.8541
0.8545
0.8549
0.8553
0.8558
0.8561
0.8566
Fibonacci
0.8545
0.8548
0.8550
0.8553
0.8556
0.8558
0.8561
Camarilla
0.8551
0.8552
0.8552
0.8553
0.8554
0.8554
0.8555
Woodie's
0.8541
0.8545
0.8549
0.8553
0.8558
0.8561
0.8566
DeMark's
-
-
0.8551
0.8554
0.8559
-
-","Technical IndicatorsJun 17, 2021 10:21PM GMT
Name
Value
Action
RSI(14)
37.405
Sell
STOCH(9,6)
35.185
Sell
STOCHRSI(14)
59.391
Buy
MACD(12,26)
-0.001
Sell
ADX(14)
39.954
Sell
Williams %R
-74.074
Sell
CCI(14)
-86.5813
Sell
ATR(14)
0.0010
Less Volatility
Highs/Lows(14)
0.0000
Neutral
Ultimate Oscillator
53.304
Buy
ROC
0.041
Buy
Bull/Bear Power(13)
-0.0017
Sell
Buy: 3
Sell: 7
Neutral: 1


Summary:Strong Sell","Jun 17, 2021 10:21PM GMT"
usd_cad,1.2349 -0.0012    -0.10%,18:21:41,2021-06-17 22:22:10.232365,"Prev. Close: 1.2361
Bid/Ask: 1.2347 / 1.2351
Day's Range: 1.2347 - 1.2368",Strong Buy,"Summary:Strong Buy
Moving Averages:BuyBuy (10)Sell (2)
Technical Indicators:Strong BuyBuy (9)Sell (0)","Name
S3
S2
S1
Pivot Points
R1
R2
R3
Classic
1.2333
1.2342
1.2350
1.2359
1.2367
1.2376
1.2384
Fibonacci
1.2342
1.2348
1.2353
1.2359
1.2365
1.2370
1.2376
Camarilla
1.2353
1.2355
1.2356
1.2359
1.2360
1.2361
1.2363
Woodie's
1.2333
1.2342
1.2350
1.2359
1.2367
1.2376
1.2384
DeMark's
-
-
1.2346
1.2357
1.2363
-
-","Technical IndicatorsJun 17, 2021 10:21PM GMT
Name
Value
Action
RSI(14)
66.265
Buy
STOCH(9,6)
72.361
Buy
STOCHRSI(14)
1.373
Oversold
MACD(12,26)
0.003
Buy
ADX(14)
46.831
Buy
Williams %R
-33.941
Buy
CCI(14)
62.4134
Buy
ATR(14)
0.0023
Less Volatility
Highs/Lows(14)
0.0000
Neutral
Ultimate Oscillator
63.035
Buy
ROC
0.300
Buy
Bull/Bear Power(13)
0.0024
Buy
Buy: 9
Sell: 0
Neutral: 1


Summary:Strong Buy","Jun 17, 2021 10:21PM GMT"
usd_chf,0.9176 +0.0003    +0.03%,18:21:28,2021-06-17 22:22:10.235347,"Prev. Close: 0.9173
Bid/Ask: 0.9174 / 0.9178
Day's Range: 0.9169 - 0.9183",Strong Buy,"Summary:Strong Buy
Moving Averages:Strong BuyBuy (11)Sell (1)
Technical Indicators:Strong BuyBuy (10)Sell (0)","Name
S3
S2
S1
Pivot Points
R1
R2
R3
Classic
0.9155
0.9161
0.9169
0.9176
0.9184
0.9191
0.9198
Fibonacci
0.9161
0.9167
0.9170
0.9176
0.9182
0.9185
0.9191
Camarilla
0.9172
0.9173
0.9175
0.9176
0.9177
0.9179
0.9180
Woodie's
0.9155
0.9161
0.9169
0.9176
0.9184
0.9191
0.9198
DeMark's
-
-
0.9165
0.9174
0.9180
-
-","Technical IndicatorsJun 17, 2021 10:21PM GMT
Name
Value
Action
RSI(14)
74.189
Buy
STOCH(9,6)
74.955
Buy
STOCHRSI(14)
0.000
Oversold
MACD(12,26)
0.003
Buy
ADX(14)
40.046
Buy
Williams %R
-22.222
Buy
CCI(14)
75.2516
Buy
ATR(14)
0.0014
Less Volatility
Highs/Lows(14)
0.0004
Buy
Ultimate Oscillator
58.340
Buy
ROC
0.421
Buy
Bull/Bear Power(13)
0.0033
Buy
Buy: 10
Sell: 0
Neutral: 0


Summary:Strong Buy","Jun 17, 2021 10:21PM GMT"
nzd_chf,0.6434 +0.0015    +0.23%,18:21:42,2021-06-17 22:22:10.238295,"Prev. Close: 0.6419
Bid/Ask: 0.6431 / 0.6437
Day's Range: 0.6421 - 0.6437",Strong Buy,"Summary:Strong Buy
Moving Averages:BuyBuy (11)Sell (1)
Technical Indicators:Strong BuyBuy (7)Sell (3)","Name
S3
S2
S1
Pivot Points
R1
R2
R3
Classic
0.6407
0.6414
0.6420
0.6427
0.6433
0.6440
0.6447
Fibonacci
0.6414
0.6419
0.6422
0.6427
0.6432
0.6435
0.6440
Camarilla
0.6421
0.6423
0.6424
0.6427
0.6426
0.6427
0.6429
Woodie's
0.6405
0.6413
0.6418
0.6426
0.6431
0.6439
0.6445
DeMark's
-
-
0.6416
0.6425
0.6429
-
-","Technical IndicatorsJun 17, 2021 10:21PM GMT
Name
Value
Action
RSI(14)
56.895
Buy
STOCH(9,6)
61.764
Buy
STOCHRSI(14)
89.521
Overbought
MACD(12,26)
0.000
Buy
ADX(14)
30.176
Sell
Williams %R
-36.666
Buy
CCI(14)
84.4561
Buy
ATR(14)
0.0012
Less Volatility
Highs/Lows(14)
0.0002
Buy
Ultimate Oscillator
41.174
Sell
ROC
-0.202
Sell
Bull/Bear Power(13)
0.0003
Buy
Buy: 7
Sell: 3
Neutral: 0


Summary:Strong Buy","Jun 17, 2021 10:21PM GMT"
usd_cny,6.4484 +0.0515    +0.80%,11:27:22,2021-06-17 22:22:10.241285,"Prev. Close: 6.3969
Bid/Ask: 6.4477 / 6.4490
Day's Range: 6.3972 - 6.4494",Strong Buy,"Summary:Strong Buy
Moving Averages:BuyBuy (12)Sell (0)
Technical Indicators:Strong BuyBuy (7)Sell (0)","Name
S3
S2
S1
Pivot Points
R1
R2
R3
Classic
6.4380
6.4399
6.4436
6.4455
6.4492
6.4511
6.4548
Fibonacci
6.4399
6.4420
6.4434
6.4455
6.4476
6.4490
6.4511
Camarilla
6.4458
6.4463
6.4468
6.4455
6.4479
6.4484
6.4489
Woodie's
6.4390
6.4404
6.4446
6.4460
6.4502
6.4516
6.4558
DeMark's
-
-
6.4446
6.4460
6.4502
-
-","Technical IndicatorsJun 17, 2021 03:34PM GMT
Name
Value
Action
RSI(14)
85.433
Overbought
STOCH(9,6)
77.649
Buy
STOCHRSI(14)
100.000
Overbought
MACD(12,26)
0.011
Buy
ADX(14)
61.337
Buy
Williams %R
-3.426
Overbought
CCI(14)
151.8010
Buy
ATR(14)
0.0041
Less Volatility
Highs/Lows(14)
0.0141
Buy
Ultimate Oscillator
82.973
Overbought
ROC
0.391
Buy
Bull/Bear Power(13)
0.0286
Buy
Buy: 7
Sell: 0
Neutral: 0


Summary:Strong Buy","Jun 17, 2021 03:34PM GMT"
usd_hkd,7.7644 -0.0001    -0.00%,18:21:42,2021-06-17 22:22:10.244249,"Prev. Close: 7.7644
Bid/Ask: 7.7642 / 7.7645
Day's Range: 7.7641 - 7.7650",Neutral,"Summary:Neutral
Moving Averages:NeutralBuy (6)Sell (6)
Technical Indicators:SellBuy (3)Sell (4)","Name
S3
S2
S1
Pivot Points
R1
R2
R3
Classic
7.7639
7.7641
7.7645
7.7647
7.7651
7.7653
7.7656
Fibonacci
7.7641
7.7643
7.7645
7.7647
7.7649
7.7651
7.7653
Camarilla
7.7646
7.7646
7.7647
7.7647
7.7648
7.7649
7.7649
Woodie's
7.7639
7.7641
7.7645
7.7647
7.7651
7.7653
7.7656
DeMark's
-
-
7.7645
7.7647
7.7651
-
-","Technical IndicatorsJun 17, 2021 10:21PM GMT
Name
Value
Action
RSI(14)
49.664
Neutral
STOCH(9,6)
57.829
Buy
STOCHRSI(14)
0.000
Oversold
MACD(12,26)
0.000
Buy
ADX(14)
30.256
Sell
Williams %R
-78.946
Sell
CCI(14)
-62.2614
Sell
ATR(14)
0.0008
Less Volatility
Highs/Lows(14)
-0.0001
Sell
Ultimate Oscillator
49.513
Neutral
ROC
0.000
Neutral
Bull/Bear Power(13)
0.0008
Buy
Buy: 3
Sell: 4
Neutral: 3


Summary:Sell","Jun 17, 2021 10:21PM GMT"
eur_usd,1.1911 +0.0005    +0.04%,18:22:29,2021-06-17 22:23:10.369675,"Prev. Close: 1.1906
Bid/Ask: 1.1909 / 1.1913
Day's Range: 1.1906 - 1.1913",Strong Sell,"Summary:Strong Sell
Moving Averages:SellBuy (2)Sell (10)
Technical Indicators:Strong SellBuy (0)Sell (9)","Name
S3
S2
S1
Pivot Points
R1
R2
R3
Classic
1.1902
1.1904
1.1905
1.1907
1.1909
1.1910
1.1912
Fibonacci
1.1904
1.1905
1.1906
1.1907
1.1908
1.1909
1.1910
Camarilla
1.1906
1.1906
1.1906
1.1907
1.1907
1.1907
1.1907
Woodie's
1.1902
1.1904
1.1905
1.1907
1.1909
1.1910
1.1912
DeMark's
-
-
1.1904
1.1906
1.1908
-
-","Technical IndicatorsJun 17, 2021 10:21PM GMT
Name
Value
Action
RSI(14)
30.690
Sell
STOCH(9,6)
29.016
Sell
STOCHRSI(14)
100.000
Overbought
MACD(12,26)
-0.004
Sell
ADX(14)
37.693
Neutral
Williams %R
-70.001
Sell
CCI(14)
-64.8226
Sell
ATR(14)
0.0017
Less Volatility
Highs/Lows(14)
-0.0002
Sell
Ultimate Oscillator
40.569
Sell
ROC
-0.305
Sell
Bull/Bear Power(13)
-0.0020
Sell
Buy: 0
Sell: 9
Neutral: 1


Summary:Strong Sell","Jun 17, 2021 10:21PM GMT"
gbp_usd,1.3930 +0.0011    +0.08%,18:22:46,2021-06-17 22:23:10.373742,"Prev. Close: 1.3919
Bid/Ask: 1.3928 / 1.3932
Day's Range: 1.3915 - 1.3932",Strong Sell,"Summary:Strong Sell
Moving Averages:SellBuy (3)Sell (9)
Technical Indicators:Strong SellBuy (0)Sell (8)","Name
S3
S2
S1
Pivot Points
R1
R2
R3
Classic
1.3898
1.3907
1.3914
1.3922
1.3929
1.3937
1.3944
Fibonacci
1.3907
1.3912
1.3916
1.3922
1.3928
1.3932
1.3937
Camarilla
1.3916
1.3918
1.3919
1.3922
1.3922
1.3923
1.3925
Woodie's
1.3898
1.3907
1.3914
1.3922
1.3929
1.3937
1.3944
DeMark's
-
-
1.3910
1.3920
1.3926
-
-","Technical IndicatorsJun 17, 2021 10:21PM GMT
Name
Value
Action
RSI(14)
38.940
Sell
STOCH(9,6)
39.511
Sell
STOCHRSI(14)
100.000
Overbought
MACD(12,26)
-0.003
Sell
ADX(14)
40.721
Sell
Williams %R
-62.147
Sell
CCI(14)
-42.4896
Neutral
ATR(14)
0.0024
Less Volatility
Highs/Lows(14)
0.0000
Neutral
Ultimate Oscillator
42.701
Sell
ROC
-0.340
Sell
Bull/Bear Power(13)
-0.0005
Sell
Buy: 0
Sell: 8
Neutral: 2


Summary:Strong Sell","Jun 17, 2021 10:21PM GMT"
usd_jpy,110.26 +0.06    +0.05%,18:22:40,2021-06-17 22:23:10.376904,"Prev. Close: 110.20
Bid/Ask: 110.25 / 110.27
Day's Range: 110.17 - 110.83",Sell,"Summary:Sell
Moving Averages:NeutralBuy (6)Sell (6)
Technical Indicators:Strong SellBuy (0)Sell (7)","Name
S3
S2
S1
Pivot Points
R1
R2
R3
Classic
110.14
110.17
110.21
110.24
110.29
110.31
110.36
Fibonacci
110.17
110.19
110.21
110.24
110.27
110.29
110.31
Camarilla
110.24
110.25
110.25
110.24
110.27
110.27
110.28
Woodie's
110.16
110.18
110.23
110.25
110.31
110.32
110.38
DeMark's
-
-
110.23
110.25
110.30
-
-","Technical IndicatorsJun 17, 2021 10:21PM GMT
Name
Value
Action
RSI(14)
42.470
Sell
STOCH(9,6)
16.979
Oversold
STOCHRSI(14)
15.324
Oversold
MACD(12,26)
-0.040
Sell
ADX(14)
32.654
Sell
Williams %R
-85.714
Oversold
CCI(14)
-65.6256
Sell
ATR(14)
0.1161
Less Volatility
Highs/Lows(14)
-0.0796
Sell
Ultimate Oscillator
50.975
Neutral
ROC
-0.352
Sell
Bull/Bear Power(13)
-0.2070
Sell
Buy: 0
Sell: 7
Neutral: 1


Summary:Strong Sell","Jun 17, 2021 10:21PM GMT"
aud_usd,0.7557 +0.0006    +0.09%,18:22:51,2021-06-17 22:23:10.379909,"Prev. Close: 0.7550
Bid/Ask: 0.7556 / 0.7557
Day's Range: 0.7547 - 0.7557",Strong Sell,"Summary:Strong Sell
Moving Averages:SellBuy (3)Sell (9)
Technical Indicators:Strong SellBuy (0)Sell (10)","Name
S3
S2
S1
Pivot Points
R1
R2
R3
Classic
0.7538
0.7543
0.7548
0.7552
0.7557
0.7561
0.7566
Fibonacci
0.7543
0.7546
0.7548
0.7552
0.7556
0.7558
0.7561
Camarilla
0.7550
0.7551
0.7552
0.7552
0.7553
0.7554
0.7555
Woodie's
0.7538
0.7543
0.7548
0.7552
0.7557
0.7561
0.7566
DeMark's
-
-
0.7545
0.7551
0.7554
-
-","Technical IndicatorsJun 17, 2021 10:21PM GMT
Name
Value
Action
RSI(14)
31.538
Sell
STOCH(9,6)
26.404
Sell
STOCHRSI(14)
100.000
Overbought
MACD(12,26)
-0.003
Sell
ADX(14)
52.223
Sell
Williams %R
-75.572
Sell
CCI(14)
-65.6599
Sell
ATR(14)
0.0015
Less Volatility
Highs/Lows(14)
-0.0001
Sell
Ultimate Oscillator
38.802
Sell
ROC
-0.599
Sell
Bull/Bear Power(13)
-0.0012
Sell
Buy: 0
Sell: 10
Neutral: 0


Summary:Strong Sell","Jun 17, 2021 10:21PM GMT"
eur_gbp,0.8551 0.0000    0.00%,18:22:50,2021-06-17 22:23:10.382860,"Prev. Close: 0.8551
Bid/Ask: 0.8550 / 0.8552
Day's Range: 0.8549 - 0.8557",Strong Sell,"Summary:Strong Sell
Moving Averages:Strong SellBuy (0)Sell (12)
Technical Indicators:Strong SellBuy (3)Sell (7)","Name
S3
S2
S1
Pivot Points
R1
R2
R3
Classic
0.8541
0.8545
0.8549
0.8553
0.8558
0.8561
0.8566
Fibonacci
0.8545
0.8548
0.8550
0.8553
0.8556
0.8558
0.8561
Camarilla
0.8551
0.8552
0.8552
0.8553
0.8554
0.8554
0.8555
Woodie's
0.8541
0.8545
0.8549
0.8553
0.8558
0.8561
0.8566
DeMark's
-
-
0.8551
0.8554
0.8559
-
-","Technical IndicatorsJun 17, 2021 10:21PM GMT
Name
Value
Action
RSI(14)
37.405
Sell
STOCH(9,6)
35.185
Sell
STOCHRSI(14)
59.391
Buy
MACD(12,26)
-0.001
Sell
ADX(14)
39.954
Sell
Williams %R
-74.074
Sell
CCI(14)
-86.5813
Sell
ATR(14)
0.0010
Less Volatility
Highs/Lows(14)
0.0000
Neutral
Ultimate Oscillator
53.304
Buy
ROC
0.041
Buy
Bull/Bear Power(13)
-0.0017
Sell
Buy: 3
Sell: 7
Neutral: 1


Summary:Strong Sell","Jun 17, 2021 10:21PM GMT"
usd_cad,1.2347 -0.0014    -0.12%,18:22:47,2021-06-17 22:23:10.385783,"Prev. Close: 1.2361
Bid/Ask: 1.2346 / 1.2347
Day's Range: 1.2344 - 1.2368",Strong Buy,"Summary:Strong Buy
Moving Averages:BuyBuy (10)Sell (2)
Technical Indicators:Strong BuyBuy (9)Sell (0)","Name
S3
S2
S1
Pivot Points
R1
R2
R3
Classic
1.2333
1.2342
1.2350
1.2359
1.2367
1.2376
1.2384
Fibonacci
1.2342
1.2348
1.2353
1.2359
1.2365
1.2370
1.2376
Camarilla
1.2353
1.2355
1.2356
1.2359
1.2360
1.2361
1.2363
Woodie's
1.2333
1.2342
1.2350
1.2359
1.2367
1.2376
1.2384
DeMark's
-
-
1.2346
1.2357
1.2363
-
-","Technical IndicatorsJun 17, 2021 10:21PM GMT
Name
Value
Action
RSI(14)
66.265
Buy
STOCH(9,6)
72.361
Buy
STOCHRSI(14)
1.373
Oversold
MACD(12,26)
0.003
Buy
ADX(14)
46.831
Buy
Williams %R
-33.941
Buy
CCI(14)
62.4134
Buy
ATR(14)
0.0023
Less Volatility
Highs/Lows(14)
0.0000
Neutral
Ultimate Oscillator
63.035
Buy
ROC
0.300
Buy
Bull/Bear Power(13)
0.0024
Buy
Buy: 9
Sell: 0
Neutral: 1


Summary:Strong Buy","Jun 17, 2021 10:21PM GMT"
usd_chf,0.9175 +0.0002    +0.02%,18:22:47,2021-06-17 22:23:10.388753,"Prev. Close: 0.9173
Bid/Ask: 0.9171 / 0.9179
Day's Range: 0.9169 - 0.9183",Strong Buy,"Summary:Strong Buy
Moving Averages:Strong BuyBuy (11)Sell (1)
Technical Indicators:Strong BuyBuy (10)Sell (0)","Name
S3
S2
S1
Pivot Points
R1
R2
R3
Classic
0.9155
0.9161
0.9169
0.9176
0.9184
0.9191
0.9198
Fibonacci
0.9161
0.9167
0.9170
0.9176
0.9182
0.9185
0.9191
Camarilla
0.9172
0.9173
0.9175
0.9176
0.9177
0.9179
0.9180
Woodie's
0.9155
0.9161
0.9169
0.9176
0.9184
0.9191
0.9198
DeMark's
-
-
0.9165
0.9174
0.9180
-
-","Technical IndicatorsJun 17, 2021 10:21PM GMT
Name
Value
Action
RSI(14)
74.189
Buy
STOCH(9,6)
74.955
Buy
STOCHRSI(14)
0.000
Oversold
MACD(12,26)
0.003
Buy
ADX(14)
40.046
Buy
Williams %R
-22.222
Buy
CCI(14)
75.2516
Buy
ATR(14)
0.0014
Less Volatility
Highs/Lows(14)
0.0004
Buy
Ultimate Oscillator
58.340
Buy
ROC
0.421
Buy
Bull/Bear Power(13)
0.0033
Buy
Buy: 10
Sell: 0
Neutral: 0


Summary:Strong Buy","Jun 17, 2021 10:21PM GMT"
nzd_chf,0.6437 +0.0018    +0.27%,18:22:49,2021-06-17 22:23:10.391728,"Prev. Close: 0.6419
Bid/Ask: 0.6433 / 0.6440
Day's Range: 0.6421 - 0.6437",Strong Buy,"Summary:Strong Buy
Moving Averages:BuyBuy (11)Sell (1)
Technical Indicators:Strong BuyBuy (7)Sell (3)","Name
S3
S2
S1
Pivot Points
R1
R2
R3
Classic
0.6407
0.6414
0.6420
0.6427
0.6433
0.6440
0.6447
Fibonacci
0.6414
0.6419
0.6422
0.6427
0.6432
0.6435
0.6440
Camarilla
0.6421
0.6423
0.6424
0.6427
0.6426
0.6427
0.6429
Woodie's
0.6405
0.6413
0.6418
0.6426
0.6431
0.6439
0.6445
DeMark's
-
-
0.6416
0.6425
0.6429
-
-","Technical IndicatorsJun 17, 2021 10:21PM GMT
Name
Value
Action
RSI(14)
56.895
Buy
STOCH(9,6)
61.764
Buy
STOCHRSI(14)
89.521
Overbought
MACD(12,26)
0.000
Buy
ADX(14)
30.176
Sell
Williams %R
-36.666
Buy
CCI(14)
84.4561
Buy
ATR(14)
0.0012
Less Volatility
Highs/Lows(14)
0.0002
Buy
Ultimate Oscillator
41.174
Sell
ROC
-0.202
Sell
Bull/Bear Power(13)
0.0003
Buy
Buy: 7
Sell: 3
Neutral: 0


Summary:Strong Buy","Jun 17, 2021 10:21PM GMT"
usd_cny,6.4484 +0.0515    +0.80%,11:27:22,2021-06-17 22:23:10.394663,"Prev. Close: 6.3969
Bid/Ask: 6.4477 / 6.4490
Day's Range: 6.3972 - 6.4494",Strong Buy,"Summary:Strong Buy
Moving Averages:BuyBuy (12)Sell (0)
Technical Indicators:Strong BuyBuy (7)Sell (0)","Name
S3
S2
S1
Pivot Points
R1
R2
R3
Classic
6.4380
6.4399
6.4436
6.4455
6.4492
6.4511
6.4548
Fibonacci
6.4399
6.4420
6.4434
6.4455
6.4476
6.4490
6.4511
Camarilla
6.4458
6.4463
6.4468
6.4455
6.4479
6.4484
6.4489
Woodie's
6.4390
6.4404
6.4446
6.4460
6.4502
6.4516
6.4558
DeMark's
-
-
6.4446
6.4460
6.4502
-
-","Technical IndicatorsJun 17, 2021 03:34PM GMT
Name
Value
Action
RSI(14)
85.433
Overbought
STOCH(9,6)
77.649
Buy
STOCHRSI(14)
100.000
Overbought
MACD(12,26)
0.011
Buy
ADX(14)
61.337
Buy
Williams %R
-3.426
Overbought
CCI(14)
151.8010
Buy
ATR(14)
0.0041
Less Volatility
Highs/Lows(14)
0.0141
Buy
Ultimate Oscillator
82.973
Overbought
ROC
0.391
Buy
Bull/Bear Power(13)
0.0286
Buy
Buy: 7
Sell: 0
Neutral: 0


Summary:Strong Buy","Jun 17, 2021 03:34PM GMT"
usd_hkd,7.7648 +0.0003    +0.00%,18:22:51,2021-06-17 22:23:10.397584,"Prev. Close: 7.7644
Bid/Ask: 7.7647 / 7.7648
Day's Range: 7.7641 - 7.7650",Neutral,"Summary:Neutral
Moving Averages:NeutralBuy (6)Sell (6)
Technical Indicators:SellBuy (3)Sell (4)","Name
S3
S2
S1
Pivot Points
R1
R2
R3
Classic
7.7639
7.7641
7.7645
7.7647
7.7651
7.7653
7.7656
Fibonacci
7.7641
7.7643
7.7645
7.7647
7.7649
7.7651
7.7653
Camarilla
7.7646
7.7646
7.7647
7.7647
7.7648
7.7649
7.7649
Woodie's
7.7639
7.7641
7.7645
7.7647
7.7651
7.7653
7.7656
DeMark's
-
-
7.7645
7.7647
7.7651
-
-","Technical IndicatorsJun 17, 2021 10:21PM GMT
Name
Value
Action
RSI(14)
49.664
Neutral
STOCH(9,6)
57.829
Buy
STOCHRSI(14)
0.000
Oversold
MACD(12,26)
0.000
Buy
ADX(14)
30.256
Sell
Williams %R
-78.946
Sell
CCI(14)
-62.2614
Sell
ATR(14)
0.0008
Less Volatility
Highs/Lows(14)
-0.0001
Sell
Ultimate Oscillator
49.513
Neutral
ROC
0.000
Neutral
Bull/Bear Power(13)
0.0008
Buy
Buy: 3
Sell: 4
Neutral: 3


Summary:Sell","Jun 17, 2021 10:21PM GMT"
eur_usd,1.1911 +0.0005    +0.04%,18:23:38,2021-06-17 22:24:10.408171,"Prev. Close: 1.1906
Bid/Ask: 1.1909 / 1.1913
Day's Range: 1.1906 - 1.1913",Strong Sell,"Summary:Strong Sell
Moving Averages:SellBuy (2)Sell (10)
Technical Indicators:Strong SellBuy (0)Sell (9)","Name
S3
S2
S1
Pivot Points
R1
R2
R3
Classic
1.1902
1.1904
1.1905
1.1907
1.1909
1.1910
1.1912
Fibonacci
1.1904
1.1905
1.1906
1.1907
1.1908
1.1909
1.1910
Camarilla
1.1906
1.1906
1.1906
1.1907
1.1907
1.1907
1.1907
Woodie's
1.1902
1.1904
1.1905
1.1907
1.1909
1.1910
1.1912
DeMark's
-
-
1.1904
1.1906
1.1908
-
-","Technical IndicatorsJun 17, 2021 10:23PM GMT
Name
Value
Action
RSI(14)
30.419
Sell
STOCH(9,6)
28.853
Sell
STOCHRSI(14)
100.000
Overbought
MACD(12,26)
-0.004
Sell
ADX(14)
37.693
Neutral
Williams %R
-70.770
Sell
CCI(14)
-65.5370
Sell
ATR(14)
0.0017
Less Volatility
Highs/Lows(14)
-0.0003
Sell
Ultimate Oscillator
40.165
Sell
ROC
-0.310
Sell
Bull/Bear Power(13)
-0.0020
Sell
Buy: 0
Sell: 9
Neutral: 1


Summary:Strong Sell","Jun 17, 2021 10:23PM GMT"
gbp_usd,1.3930 +0.0011    +0.08%,18:23:37,2021-06-17 22:24:10.412257,"Prev. Close: 1.3919
Bid/Ask: 1.3928 / 1.3932
Day's Range: 1.3915 - 1.3932",Strong Sell,"Summary:Strong Sell
Moving Averages:SellBuy (3)Sell (9)
Technical Indicators:Strong SellBuy (0)Sell (8)","Name
S3
S2
S1
Pivot Points
R1
R2
R3
Classic
1.3898
1.3907
1.3914
1.3922
1.3929
1.3937
1.3944
Fibonacci
1.3907
1.3912
1.3916
1.3922
1.3928
1.3932
1.3937
Camarilla
1.3916
1.3918
1.3919
1.3922
1.3922
1.3923
1.3925
Woodie's
1.3898
1.3907
1.3914
1.3922
1.3929
1.3937
1.3944
DeMark's
-
-
1.3910
1.3920
1.3926
-
-","Technical IndicatorsJun 17, 2021 10:23PM GMT
Name
Value
Action
RSI(14)
39.306
Sell
STOCH(9,6)
39.762
Sell
STOCHRSI(14)
100.000
Overbought
MACD(12,26)
-0.003
Sell
ADX(14)
40.721
Sell
Williams %R
-61.018
Sell
CCI(14)
-41.0904
Neutral
ATR(14)
0.0024
Less Volatility
Highs/Lows(14)
0.0000
Neutral
Ultimate Oscillator
43.319
Sell
ROC
-0.333
Sell
Bull/Bear Power(13)
-0.0005
Sell
Buy: 0
Sell: 8
Neutral: 2


Summary:Strong Sell","Jun 17, 2021 10:23PM GMT"
usd_jpy,110.27 +0.07    +0.06%,18:23:43,2021-06-17 22:24:10.415542,"Prev. Close: 110.20
Bid/Ask: 110.26 / 110.27
Day's Range: 110.17 - 110.83",Sell,"Summary:Sell
Moving Averages:NeutralBuy (6)Sell (6)
Technical Indicators:Strong SellBuy (1)Sell (7)","Name
S3
S2
S1
Pivot Points
R1
R2
R3
Classic
110.14
110.17
110.21
110.24
110.29
110.31
110.36
Fibonacci
110.17
110.19
110.21
110.24
110.27
110.29
110.31
Camarilla
110.24
110.25
110.25
110.24
110.27
110.27
110.28
Woodie's
110.16
110.18
110.23
110.25
110.31
110.32
110.38
DeMark's
-
-
110.23
110.25
110.30
-
-","Technical IndicatorsJun 17, 2021 10:23PM GMT
Name
Value
Action
RSI(14)
43.063
Sell
STOCH(9,6)
17.508
Oversold
STOCHRSI(14)
17.484
Oversold
MACD(12,26)
-0.030
Sell
ADX(14)
32.654
Sell
Williams %R
-84.033
Oversold
CCI(14)
-63.2174
Sell
ATR(14)
0.1164
Less Volatility
Highs/Lows(14)
-0.0696
Sell
Ultimate Oscillator
51.852
Buy
ROC
-0.343
Sell
Bull/Bear Power(13)
-0.2010
Sell
Buy: 1
Sell: 7
Neutral: 0


Summary:Strong Sell","Jun 17, 2021 10:23PM GMT"
aud_usd,0.7557 +0.0006    +0.09%,18:23:38,2021-06-17 22:24:10.418663,"Prev. Close: 0.7550
Bid/Ask: 0.7556 / 0.7557
Day's Range: 0.7547 - 0.7557",Strong Sell,"Summary:Strong Sell
Moving Averages:SellBuy (3)Sell (9)
Technical Indicators:Strong SellBuy (0)Sell (9)","Name
S3
S2
S1
Pivot Points
R1
R2
R3
Classic
0.7538
0.7543
0.7548
0.7552
0.7557
0.7561
0.7566
Fibonacci
0.7543
0.7546
0.7548
0.7552
0.7556
0.7558
0.7561
Camarilla
0.7550
0.7551
0.7552
0.7552
0.7553
0.7554
0.7555
Woodie's
0.7538
0.7543
0.7548
0.7552
0.7557
0.7561
0.7566
DeMark's
-
-
0.7545
0.7551
0.7554
-
-","Technical IndicatorsJun 17, 2021 10:23PM GMT
Name
Value
Action
RSI(14)
32.233
Sell
STOCH(9,6)
26.901
Sell
STOCHRSI(14)
100.000
Overbought
MACD(12,26)
-0.003
Sell
ADX(14)
52.223
Sell
Williams %R
-74.046
Sell
CCI(14)
-63.9273
Sell
ATR(14)
0.0015
Less Volatility
Highs/Lows(14)
0.0000
Neutral
Ultimate Oscillator
39.708
Sell
ROC
-0.585
Sell
Bull/Bear Power(13)
-0.0012
Sell
Buy: 0
Sell: 9
Neutral: 1


Summary:Strong Sell","Jun 17, 2021 10:23PM GMT"
eur_gbp,0.8551 -0.0001    -0.01%,18:23:42,2021-06-17 22:24:10.421663,"Prev. Close: 0.8551
Bid/Ask: 0.8549 / 0.8552
Day's Range: 0.8549 - 0.8557",Strong Sell,"Summary:Strong Sell
Moving Averages:Strong SellBuy (0)Sell (12)
Technical Indicators:Strong SellBuy (2)Sell (8)","Name
S3
S2
S1
Pivot Points
R1
R2
R3
Classic
0.8541
0.8545
0.8549
0.8553
0.8558
0.8561
0.8566
Fibonacci
0.8545
0.8548
0.8550
0.8553
0.8556
0.8558
0.8561
Camarilla
0.8551
0.8552
0.8552
0.8553
0.8554
0.8554
0.8555
Woodie's
0.8541
0.8545
0.8549
0.8553
0.8558
0.8561
0.8566
DeMark's
-
-
0.8551
0.8554
0.8559
-
-","Technical IndicatorsJun 17, 2021 10:23PM GMT
Name
Value
Action
RSI(14)
36.356
Sell
STOCH(9,6)
33.995
Sell
STOCHRSI(14)
53.393
Neutral
MACD(12,26)
-0.001
Sell
ADX(14)
39.954
Sell
Williams %R
-79.629
Sell
CCI(14)
-95.7974
Sell
ATR(14)
0.0010
Less Volatility
Highs/Lows(14)
-0.0001
Sell
Ultimate Oscillator
51.108
Buy
ROC
0.023
Buy
Bull/Bear Power(13)
-0.0017
Sell
Buy: 2
Sell: 8
Neutral: 1


Summary:Strong Sell","Jun 17, 2021 10:23PM GMT"
usd_cad,1.2348 -0.0013    -0.11%,18:23:37,2021-06-17 22:24:10.424665,"Prev. Close: 1.2361
Bid/Ask: 1.2346 / 1.2350
Day's Range: 1.2344 - 1.2368",Strong Buy,"Summary:Strong Buy
Moving Averages:BuyBuy (8)Sell (4)
Technical Indicators:Strong BuyBuy (9)Sell (0)","Name
S3
S2
S1
Pivot Points
R1
R2
R3
Classic
1.2333
1.2342
1.2350
1.2359
1.2367
1.2376
1.2384
Fibonacci
1.2342
1.2348
1.2353
1.2359
1.2365
1.2370
1.2376
Camarilla
1.2353
1.2355
1.2356
1.2359
1.2360
1.2361
1.2363
Woodie's
1.2333
1.2342
1.2350
1.2359
1.2367
1.2376
1.2384
DeMark's
-
-
1.2346
1.2357
1.2363
-
-","Technical IndicatorsJun 17, 2021 10:23PM GMT
Name
Value
Action
RSI(14)
63.967
Buy
STOCH(9,6)
71.313
Buy
STOCHRSI(14)
0.000
Oversold
MACD(12,26)
0.003
Buy
ADX(14)
45.767
Buy
Williams %R
-39.394
Buy
CCI(14)
50.6892
Buy
ATR(14)
0.0023
Less Volatility
Highs/Lows(14)
0.0000
Neutral
Ultimate Oscillator
61.172
Buy
ROC
0.264
Buy
Bull/Bear Power(13)
0.0021
Buy
Buy: 9
Sell: 0
Neutral: 1


Summary:Strong Buy","Jun 17, 2021 10:23PM GMT"
usd_chf,0.9176 +0.0003    +0.03%,18:23:33,2021-06-17 22:24:10.427623,"Prev. Close: 0.9173
Bid/Ask: 0.9172 / 0.9180
Day's Range: 0.9169 - 0.9183",Strong Buy,"Summary:Strong Buy
Moving Averages:Strong BuyBuy (11)Sell (1)
Technical Indicators:Strong BuyBuy (10)Sell (0)","Name
S3
S2
S1
Pivot Points
R1
R2
R3
Classic
0.9155
0.9161
0.9169
0.9176
0.9184
0.9191
0.9198
Fibonacci
0.9161
0.9167
0.9170
0.9176
0.9182
0.9185
0.9191
Camarilla
0.9172
0.9173
0.9175
0.9176
0.9177
0.9179
0.9180
Woodie's
0.9155
0.9161
0.9169
0.9176
0.9184
0.9191
0.9198
DeMark's
-
-
0.9165
0.9174
0.9180
-
-","Technical IndicatorsJun 17, 2021 10:23PM GMT
Name
Value
Action
RSI(14)
74.562
Buy
STOCH(9,6)
75.156
Buy
STOCHRSI(14)
0.000
Oversold
MACD(12,26)
0.003
Buy
ADX(14)
40.046
Buy
Williams %R
-21.367
Buy
CCI(14)
74.4607
Buy
ATR(14)
0.0014
Less Volatility
Highs/Lows(14)
0.0005
Buy
Ultimate Oscillator
59.230
Buy
ROC
0.427
Buy
Bull/Bear Power(13)
0.0032
Buy
Buy: 10
Sell: 0
Neutral: 0


Summary:Strong Buy","Jun 17, 2021 10:23PM GMT"
nzd_chf,0.6435 +0.0015    +0.24%,18:23:38,2021-06-17 22:24:10.430574,"Prev. Close: 0.6419
Bid/Ask: 0.6430 / 0.6439
Day's Range: 0.6421 - 0.6437",Strong Buy,"Summary:Strong Buy
Moving Averages:BuyBuy (11)Sell (1)
Technical Indicators:Strong BuyBuy (7)Sell (3)","Name
S3
S2
S1
Pivot Points
R1
R2
R3
Classic
0.6407
0.6414
0.6420
0.6427
0.6433
0.6440
0.6447
Fibonacci
0.6414
0.6419
0.6422
0.6427
0.6432
0.6435
0.6440
Camarilla
0.6421
0.6423
0.6424
0.6427
0.6426
0.6427
0.6429
Woodie's
0.6405
0.6413
0.6418
0.6426
0.6431
0.6439
0.6445
DeMark's
-
-
0.6416
0.6425
0.6429
-
-","Technical IndicatorsJun 17, 2021 10:23PM GMT
Name
Value
Action
RSI(14)
56.895
Buy
STOCH(9,6)
61.764
Buy
STOCHRSI(14)
89.521
Overbought
MACD(12,26)
0.000
Buy
ADX(14)
30.176
Sell
Williams %R
-36.666
Buy
CCI(14)
84.4561
Buy
ATR(14)
0.0012
Less Volatility
Highs/Lows(14)
0.0002
Buy
Ultimate Oscillator
41.174
Sell
ROC
-0.202
Sell
Bull/Bear Power(13)
0.0003
Buy
Buy: 7
Sell: 3
Neutral: 0


Summary:Strong Buy","Jun 17, 2021 10:23PM GMT"
usd_cny,6.4484 +0.0515    +0.80%,11:27:22,2021-06-17 22:24:10.433487,"Prev. Close: 6.3969
Bid/Ask: 6.4477 / 6.4490
Day's Range: 6.3972 - 6.4494",Strong Buy,"Summary:Strong Buy
Moving Averages:BuyBuy (12)Sell (0)
Technical Indicators:Strong BuyBuy (7)Sell (0)","Name
S3
S2
S1
Pivot Points
R1
R2
R3
Classic
6.4380
6.4399
6.4436
6.4455
6.4492
6.4511
6.4548
Fibonacci
6.4399
6.4420
6.4434
6.4455
6.4476
6.4490
6.4511
Camarilla
6.4458
6.4463
6.4468
6.4455
6.4479
6.4484
6.4489
Woodie's
6.4390
6.4404
6.4446
6.4460
6.4502
6.4516
6.4558
DeMark's
-
-
6.4446
6.4460
6.4502
-
-","Technical IndicatorsJun 17, 2021 03:34PM GMT
Name
Value
Action
RSI(14)
85.433
Overbought
STOCH(9,6)
77.649
Buy
STOCHRSI(14)
100.000
Overbought
MACD(12,26)
0.011
Buy
ADX(14)
61.337
Buy
Williams %R
-3.426
Overbought
CCI(14)
151.8010
Buy
ATR(14)
0.0041
Less Volatility
Highs/Lows(14)
0.0141
Buy
Ultimate Oscillator
82.973
Overbought
ROC
0.391
Buy
Bull/Bear Power(13)
0.0286
Buy
Buy: 7
Sell: 0
Neutral: 0


Summary:Strong Buy","Jun 17, 2021 03:34PM GMT"
usd_hkd,7.7648 +0.0003    +0.00%,18:23:29,2021-06-17 22:24:10.436426,"Prev. Close: 7.7644
Bid/Ask: 7.7647 / 7.7648
Day's Range: 7.7641 - 7.7650",Buy,"Summary:Buy
Moving Averages:BuyBuy (8)Sell (4)
Technical Indicators:BUYBuy (5)Sell (2)","Name
S3
S2
S1
Pivot Points
R1
R2
R3
Classic
7.7639
7.7641
7.7645
7.7647
7.7651
7.7653
7.7656
Fibonacci
7.7641
7.7643
7.7645
7.7647
7.7649
7.7651
7.7653
Camarilla
7.7646
7.7646
7.7647
7.7647
7.7648
7.7649
7.7649
Woodie's
7.7639
7.7641
7.7645
7.7647
7.7651
7.7653
7.7656
DeMark's
-
-
7.7645
7.7647
7.7651
-
-","Technical IndicatorsJun 17, 2021 10:23PM GMT
Name
Value
Action
RSI(14)
52.691
Neutral
STOCH(9,6)
62.317
Buy
STOCHRSI(14)
16.575
Oversold
MACD(12,26)
0.000
Buy
ADX(14)
30.256
Sell
Williams %R
-60.527
Sell
CCI(14)
-33.7110
Neutral
ATR(14)
0.0008
Less Volatility
Highs/Lows(14)
0.0000
Neutral
Ultimate Oscillator
55.559
Buy
ROC
0.005
Buy
Bull/Bear Power(13)
0.0008
Buy
Buy: 5
Sell: 2
Neutral: 3


Summary:BUY","Jun 17, 2021 10:23PM GMT"
eur_usd,1.1911 +0.0004    +0.04%,18:24:29,2021-06-17 22:25:10.463988,"Prev. Close: 1.1906
Bid/Ask: 1.1910 / 1.1911
Day's Range: 1.1906 - 1.1913",Strong Sell,"Summary:Strong Sell
Moving Averages:SellBuy (2)Sell (10)
Technical Indicators:Strong SellBuy (0)Sell (9)","Name
S3
S2
S1
Pivot Points
R1
R2
R3
Classic
1.1902
1.1904
1.1905
1.1907
1.1909
1.1910
1.1912
Fibonacci
1.1904
1.1905
1.1906
1.1907
1.1908
1.1909
1.1910
Camarilla
1.1906
1.1906
1.1906
1.1907
1.1907
1.1907
1.1907
Woodie's
1.1902
1.1904
1.1905
1.1907
1.1909
1.1910
1.1912
DeMark's
-
-
1.1904
1.1906
1.1908
-
-","Technical IndicatorsJun 17, 2021 10:23PM GMT
Name
Value
Action
RSI(14)
30.419
Sell
STOCH(9,6)
28.853
Sell
STOCHRSI(14)
100.000
Overbought
MACD(12,26)
-0.004
Sell
ADX(14)
37.693
Neutral
Williams %R
-70.770
Sell
CCI(14)
-65.5370
Sell
ATR(14)
0.0017
Less Volatility
Highs/Lows(14)
-0.0003
Sell
Ultimate Oscillator
40.165
Sell
ROC
-0.310
Sell
Bull/Bear Power(13)
-0.0020
Sell
Buy: 0
Sell: 9
Neutral: 1


Summary:Strong Sell","Jun 17, 2021 10:23PM GMT"
gbp_usd,1.3930 +0.0011    +0.08%,18:24:29,2021-06-17 22:25:10.468165,"Prev. Close: 1.3919
Bid/Ask: 1.3928 / 1.3932
Day's Range: 1.3915 - 1.3932",Strong Sell,"Summary:Strong Sell
Moving Averages:SellBuy (3)Sell (9)
Technical Indicators:Strong SellBuy (0)Sell (8)","Name
S3
S2
S1
Pivot Points
R1
R2
R3
Classic
1.3898
1.3907
1.3914
1.3922
1.3929
1.3937
1.3944
Fibonacci
1.3907
1.3912
1.3916
1.3922
1.3928
1.3932
1.3937
Camarilla
1.3916
1.3918
1.3919
1.3922
1.3922
1.3923
1.3925
Woodie's
1.3898
1.3907
1.3914
1.3922
1.3929
1.3937
1.3944
DeMark's
-
-
1.3910
1.3920
1.3926
-
-","Technical IndicatorsJun 17, 2021 10:23PM GMT
Name
Value
Action
RSI(14)
39.306
Sell
STOCH(9,6)
39.762
Sell
STOCHRSI(14)
100.000
Overbought
MACD(12,26)
-0.003
Sell
ADX(14)
40.721
Sell
Williams %R
-61.018
Sell
CCI(14)
-41.0904
Neutral
ATR(14)
0.0024
Less Volatility
Highs/Lows(14)
0.0000
Neutral
Ultimate Oscillator
43.319
Sell
ROC
-0.333
Sell
Bull/Bear Power(13)
-0.0005
Sell
Buy: 0
Sell: 8
Neutral: 2


Summary:Strong Sell","Jun 17, 2021 10:23PM GMT"
usd_jpy,110.27 +0.07    +0.06%,18:24:38,2021-06-17 22:25:10.471608,"Prev. Close: 110.20
Bid/Ask: 110.26 / 110.28
Day's Range: 110.17 - 110.83",Sell,"Summary:Sell
Moving Averages:NeutralBuy (6)Sell (6)
Technical Indicators:Strong SellBuy (1)Sell (7)","Name
S3
S2
S1
Pivot Points
R1
R2
R3
Classic
110.14
110.17
110.21
110.24
110.29
110.31
110.36
Fibonacci
110.17
110.19
110.21
110.24
110.27
110.29
110.31
Camarilla
110.24
110.25
110.25
110.24
110.27
110.27
110.28
Woodie's
110.16
110.18
110.23
110.25
110.31
110.32
110.38
DeMark's
-
-
110.23
110.25
110.30
-
-","Technical IndicatorsJun 17, 2021 10:23PM GMT
Name
Value
Action
RSI(14)
43.063
Sell
STOCH(9,6)
17.508
Oversold
STOCHRSI(14)
17.484
Oversold
MACD(12,26)
-0.030
Sell
ADX(14)
32.654
Sell
Williams %R
-84.033
Oversold
CCI(14)
-63.2174
Sell
ATR(14)
0.1164
Less Volatility
Highs/Lows(14)
-0.0696
Sell
Ultimate Oscillator
51.852
Buy
ROC
-0.343
Sell
Bull/Bear Power(13)
-0.2010
Sell
Buy: 1
Sell: 7
Neutral: 0


Summary:Strong Sell","Jun 17, 2021 10:23PM GMT"
aud_usd,0.7557 +0.0006    +0.09%,18:24:43,2021-06-17 22:25:10.474747,"Prev. Close: 0.7550
Bid/Ask: 0.7556 / 0.7557
Day's Range: 0.7547 - 0.7557",Strong Sell,"Summary:Strong Sell
Moving Averages:SellBuy (3)Sell (9)
Technical Indicators:Strong SellBuy (0)Sell (9)","Name
S3
S2
S1
Pivot Points
R1
R2
R3
Classic
0.7538
0.7543
0.7548
0.7552
0.7557
0.7561
0.7566
Fibonacci
0.7543
0.7546
0.7548
0.7552
0.7556
0.7558
0.7561
Camarilla
0.7550
0.7551
0.7552
0.7552
0.7553
0.7554
0.7555
Woodie's
0.7538
0.7543
0.7548
0.7552
0.7557
0.7561
0.7566
DeMark's
-
-
0.7545
0.7551
0.7554
-
-","Technical IndicatorsJun 17, 2021 10:23PM GMT
Name
Value
Action
RSI(14)
32.233
Sell
STOCH(9,6)
26.901
Sell
STOCHRSI(14)
100.000
Overbought
MACD(12,26)
-0.003
Sell
ADX(14)
52.223
Sell
Williams %R
-74.046
Sell
CCI(14)
-63.9273
Sell
ATR(14)
0.0015
Less Volatility
Highs/Lows(14)
0.0000
Neutral
Ultimate Oscillator
39.708
Sell
ROC
-0.585
Sell
Bull/Bear Power(13)
-0.0012
Sell
Buy: 0
Sell: 9
Neutral: 1


Summary:Strong Sell","Jun 17, 2021 10:23PM GMT"
eur_gbp,0.8551 -0.0001    -0.01%,18:24:57,2021-06-17 22:25:10.477819,"Prev. Close: 0.8551
Bid/Ask: 0.8548 / 0.8553
Day's Range: 0.8549 - 0.8557",Strong Sell,"Summary:Strong Sell
Moving Averages:Strong SellBuy (0)Sell (12)
Technical Indicators:Strong SellBuy (2)Sell (8)","Name
S3
S2
S1
Pivot Points
R1
R2
R3
Classic
0.8541
0.8545
0.8549
0.8553
0.8558
0.8561
0.8566
Fibonacci
0.8545
0.8548
0.8550
0.8553
0.8556
0.8558
0.8561
Camarilla
0.8551
0.8552
0.8552
0.8553
0.8554
0.8554
0.8555
Woodie's
0.8541
0.8545
0.8549
0.8553
0.8558
0.8561
0.8566
DeMark's
-
-
0.8551
0.8554
0.8559
-
-","Technical IndicatorsJun 17, 2021 10:23PM GMT
Name
Value
Action
RSI(14)
36.356
Sell
STOCH(9,6)
33.995
Sell
STOCHRSI(14)
53.393
Neutral
MACD(12,26)
-0.001
Sell
ADX(14)
39.954
Sell
Williams %R
-79.629
Sell
CCI(14)
-95.7974
Sell
ATR(14)
0.0010
Less Volatility
Highs/Lows(14)
-0.0001
Sell
Ultimate Oscillator
51.108
Buy
ROC
0.023
Buy
Bull/Bear Power(13)
-0.0017
Sell
Buy: 2
Sell: 8
Neutral: 1


Summary:Strong Sell","Jun 17, 2021 10:23PM GMT"
usd_cad,1.2348 -0.0013    -0.11%,18:24:47,2021-06-17 22:25:10.480884,"Prev. Close: 1.2361
Bid/Ask: 1.2346 / 1.2350
Day's Range: 1.2344 - 1.2368",Strong Buy,"Summary:Strong Buy
Moving Averages:BuyBuy (8)Sell (4)
Technical Indicators:Strong BuyBuy (9)Sell (0)","Name
S3
S2
S1
Pivot Points
R1
R2
R3
Classic
1.2333
1.2342
1.2350
1.2359
1.2367
1.2376
1.2384
Fibonacci
1.2342
1.2348
1.2353
1.2359
1.2365
1.2370
1.2376
Camarilla
1.2353
1.2355
1.2356
1.2359
1.2360
1.2361
1.2363
Woodie's
1.2333
1.2342
1.2350
1.2359
1.2367
1.2376
1.2384
DeMark's
-
-
1.2346
1.2357
1.2363
-
-","Technical IndicatorsJun 17, 2021 10:23PM GMT
Name
Value
Action
RSI(14)
63.967
Buy
STOCH(9,6)
71.313
Buy
STOCHRSI(14)
0.000
Oversold
MACD(12,26)
0.003
Buy
ADX(14)
45.767
Buy
Williams %R
-39.394
Buy
CCI(14)
50.6892
Buy
ATR(14)
0.0023
Less Volatility
Highs/Lows(14)
0.0000
Neutral
Ultimate Oscillator
61.172
Buy
ROC
0.264
Buy
Bull/Bear Power(13)
0.0021
Buy
Buy: 9
Sell: 0
Neutral: 1


Summary:Strong Buy","Jun 17, 2021 10:23PM GMT"
usd_chf,0.9175 +0.0002    +0.02%,18:24:44,2021-06-17 22:25:10.483923,"Prev. Close: 0.9173
Bid/Ask: 0.9171 / 0.9179
Day's Range: 0.9169 - 0.9183",Strong Buy,"Summary:Strong Buy
Moving Averages:Strong BuyBuy (11)Sell (1)
Technical Indicators:Strong BuyBuy (10)Sell (0)","Name
S3
S2
S1
Pivot Points
R1
R2
R3
Classic
0.9155
0.9161
0.9169
0.9176
0.9184
0.9191
0.9198
Fibonacci
0.9161
0.9167
0.9170
0.9176
0.9182
0.9185
0.9191
Camarilla
0.9172
0.9173
0.9175
0.9176
0.9177
0.9179
0.9180
Woodie's
0.9155
0.9161
0.9169
0.9176
0.9184
0.9191
0.9198
DeMark's
-
-
0.9165
0.9174
0.9180
-
-","Technical IndicatorsJun 17, 2021 10:23PM GMT
Name
Value
Action
RSI(14)
74.562
Buy
STOCH(9,6)
75.156
Buy
STOCHRSI(14)
0.000
Oversold
MACD(12,26)
0.003
Buy
ADX(14)
40.046
Buy
Williams %R
-21.367
Buy
CCI(14)
74.4607
Buy
ATR(14)
0.0014
Less Volatility
Highs/Lows(14)
0.0005
Buy
Ultimate Oscillator
59.230
Buy
ROC
0.427
Buy
Bull/Bear Power(13)
0.0032
Buy
Buy: 10
Sell: 0
Neutral: 0


Summary:Strong Buy","Jun 17, 2021 10:23PM GMT"
nzd_chf,0.6435 +0.0015    +0.24%,18:24:52,2021-06-17 22:25:10.486926,"Prev. Close: 0.6419
Bid/Ask: 0.6430 / 0.6439
Day's Range: 0.6421 - 0.6437",Strong Buy,"Summary:Strong Buy
Moving Averages:BuyBuy (11)Sell (1)
Technical Indicators:Strong BuyBuy (7)Sell (3)","Name
S3
S2
S1
Pivot Points
R1
R2
R3
Classic
0.6407
0.6414
0.6420
0.6427
0.6433
0.6440
0.6447
Fibonacci
0.6414
0.6419
0.6422
0.6427
0.6432
0.6435
0.6440
Camarilla
0.6421
0.6423
0.6424
0.6427
0.6426
0.6427
0.6429
Woodie's
0.6405
0.6413
0.6418
0.6426
0.6431
0.6439
0.6445
DeMark's
-
-
0.6416
0.6425
0.6429
-
-","Technical IndicatorsJun 17, 2021 10:23PM GMT
Name
Value
Action
RSI(14)
56.895
Buy
STOCH(9,6)
61.764
Buy
STOCHRSI(14)
89.521
Overbought
MACD(12,26)
0.000
Buy
ADX(14)
30.176
Sell
Williams %R
-36.666
Buy
CCI(14)
84.4561
Buy
ATR(14)
0.0012
Less Volatility
Highs/Lows(14)
0.0002
Buy
Ultimate Oscillator
41.174
Sell
ROC
-0.202
Sell
Bull/Bear Power(13)
0.0003
Buy
Buy: 7
Sell: 3
Neutral: 0


Summary:Strong Buy","Jun 17, 2021 10:23PM GMT"
usd_cny,6.4484 +0.0515    +0.80%,11:27:22,2021-06-17 22:25:10.489891,"Prev. Close: 6.3969
Bid/Ask: 6.4477 / 6.4490
Day's Range: 6.3972 - 6.4494",Strong Buy,"Summary:Strong Buy
Moving Averages:BuyBuy (12)Sell (0)
Technical Indicators:Strong BuyBuy (7)Sell (0)","Name
S3
S2
S1
Pivot Points
R1
R2
R3
Classic
6.4380
6.4399
6.4436
6.4455
6.4492
6.4511
6.4548
Fibonacci
6.4399
6.4420
6.4434
6.4455
6.4476
6.4490
6.4511
Camarilla
6.4458
6.4463
6.4468
6.4455
6.4479
6.4484
6.4489
Woodie's
6.4390
6.4404
6.4446
6.4460
6.4502
6.4516
6.4558
DeMark's
-
-
6.4446
6.4460
6.4502
-
-","Technical IndicatorsJun 17, 2021 03:34PM GMT
Name
Value
Action
RSI(14)
85.433
Overbought
STOCH(9,6)
77.649
Buy
STOCHRSI(14)
100.000
Overbought
MACD(12,26)
0.011
Buy
ADX(14)
61.337
Buy
Williams %R
-3.426
Overbought
CCI(14)
151.8010
Buy
ATR(14)
0.0041
Less Volatility
Highs/Lows(14)
0.0141
Buy
Ultimate Oscillator
82.973
Overbought
ROC
0.391
Buy
Bull/Bear Power(13)
0.0286
Buy
Buy: 7
Sell: 0
Neutral: 0


Summary:Strong Buy","Jun 17, 2021 03:34PM GMT"
usd_hkd,7.7644 0.0000    0.00%,18:24:28,2021-06-17 22:25:10.492855,"Prev. Close: 7.7644
Bid/Ask: 7.7642 / 7.7646
Day's Range: 7.7641 - 7.7650",Buy,"Summary:Buy
Moving Averages:BuyBuy (8)Sell (4)
Technical Indicators:BUYBuy (5)Sell (2)","Name
S3
S2
S1
Pivot Points
R1
R2
R3
Classic
7.7639
7.7641
7.7645
7.7647
7.7651
7.7653
7.7656
Fibonacci
7.7641
7.7643
7.7645
7.7647
7.7649
7.7651
7.7653
Camarilla
7.7646
7.7646
7.7647
7.7647
7.7648
7.7649
7.7649
Woodie's
7.7639
7.7641
7.7645
7.7647
7.7651
7.7653
7.7656
DeMark's
-
-
7.7645
7.7647
7.7651
-
-","Technical IndicatorsJun 17, 2021 10:23PM GMT
Name
Value
Action
RSI(14)
52.691
Neutral
STOCH(9,6)
62.317
Buy
STOCHRSI(14)
16.575
Oversold
MACD(12,26)
0.000
Buy
ADX(14)
30.256
Sell
Williams %R
-60.527
Sell
CCI(14)
-33.7110
Neutral
ATR(14)
0.0008
Less Volatility
Highs/Lows(14)
0.0000
Neutral
Ultimate Oscillator
55.559
Buy
ROC
0.005
Buy
Bull/Bear Power(13)
0.0008
Buy
Buy: 5
Sell: 2
Neutral: 3


Summary:BUY","Jun 17, 2021 10:23PM GMT"
eur_usd,1.1911 +0.0004    +0.04%,18:25:42,2021-06-17 22:26:10.565048,"Prev. Close: 1.1906
Bid/Ask: 1.1910 / 1.1911
Day's Range: 1.1906 - 1.1913",Strong Sell,"Summary:Strong Sell
Moving Averages:SellBuy (2)Sell (10)
Technical Indicators:Strong SellBuy (0)Sell (9)","Name
S3
S2
S1
Pivot Points
R1
R2
R3
Classic
1.1902
1.1904
1.1905
1.1907
1.1909
1.1910
1.1912
Fibonacci
1.1904
1.1905
1.1906
1.1907
1.1908
1.1909
1.1910
Camarilla
1.1906
1.1906
1.1906
1.1907
1.1907
1.1907
1.1907
Woodie's
1.1902
1.1904
1.1905
1.1907
1.1909
1.1910
1.1912
DeMark's
-
-
1.1904
1.1906
1.1908
-
-","Technical IndicatorsJun 17, 2021 10:25PM GMT
Name
Value
Action
RSI(14)
30.146
Sell
STOCH(9,6)
28.690
Sell
STOCHRSI(14)
100.000
Overbought
MACD(12,26)
-0.004
Sell
ADX(14)
37.693
Neutral
Williams %R
-71.538
Sell
CCI(14)
-66.2501
Sell
ATR(14)
0.0017
Less Volatility
Highs/Lows(14)
-0.0003
Sell
Ultimate Oscillator
39.762
Sell
ROC
-0.314
Sell
Bull/Bear Power(13)
-0.0020
Sell
Buy: 0
Sell: 9
Neutral: 1


Summary:Strong Sell","Jun 17, 2021 10:25PM GMT"
gbp_usd,1.3930 +0.0011    +0.08%,18:25:32,2021-06-17 22:26:10.569160,"Prev. Close: 1.3919
Bid/Ask: 1.3928 / 1.3932
Day's Range: 1.3915 - 1.3932",Strong Sell,"Summary:Strong Sell
Moving Averages:SellBuy (3)Sell (9)
Technical Indicators:Strong SellBuy (0)Sell (8)","Name
S3
S2
S1
Pivot Points
R1
R2
R3
Classic
1.3898
1.3907
1.3914
1.3922
1.3929
1.3937
1.3944
Fibonacci
1.3907
1.3912
1.3916
1.3922
1.3928
1.3932
1.3937
Camarilla
1.3916
1.3918
1.3919
1.3922
1.3922
1.3923
1.3925
Woodie's
1.3898
1.3907
1.3914
1.3922
1.3929
1.3937
1.3944
DeMark's
-
-
1.3910
1.3920
1.3926
-
-","Technical IndicatorsJun 17, 2021 10:25PM GMT
Name
Value
Action
RSI(14)
39.124
Sell
STOCH(9,6)
39.636
Sell
STOCHRSI(14)
100.000
Overbought
MACD(12,26)
-0.003
Sell
ADX(14)
40.721
Sell
Williams %R
-61.582
Sell
CCI(14)
-41.7905
Neutral
ATR(14)
0.0024
Less Volatility
Highs/Lows(14)
0.0000
Neutral
Ultimate Oscillator
43.010
Sell
ROC
-0.336
Sell
Bull/Bear Power(13)
-0.0005
Sell
Buy: 0
Sell: 8
Neutral: 2


Summary:Strong Sell","Jun 17, 2021 10:25PM GMT"
usd_jpy,110.27 +0.07    +0.06%,18:25:36,2021-06-17 22:26:10.572373,"Prev. Close: 110.20
Bid/Ask: 110.26 / 110.28
Day's Range: 110.17 - 110.83",Sell,"Summary:Sell
Moving Averages:NeutralBuy (6)Sell (6)
Technical Indicators:Strong SellBuy (1)Sell (7)","Name
S3
S2
S1
Pivot Points
R1
R2
R3
Classic
110.14
110.17
110.21
110.24
110.29
110.31
110.36
Fibonacci
110.17
110.19
110.21
110.24
110.27
110.29
110.31
Camarilla
110.24
110.25
110.25
110.24
110.27
110.27
110.28
Woodie's
110.16
110.18
110.23
110.25
110.31
110.32
110.38
DeMark's
-
-
110.23
110.25
110.30
-
-","Technical IndicatorsJun 17, 2021 10:25PM GMT
Name
Value
Action
RSI(14)
43.063
Sell
STOCH(9,6)
17.508
Oversold
STOCHRSI(14)
17.484
Oversold
MACD(12,26)
-0.030
Sell
ADX(14)
31.952
Sell
Williams %R
-84.033
Oversold
CCI(14)
-62.0083
Sell
ATR(14)
0.1171
Less Volatility
Highs/Lows(14)
-0.0696
Sell
Ultimate Oscillator
51.192
Buy
ROC
-0.343
Sell
Bull/Bear Power(13)
-0.1910
Sell
Buy: 1
Sell: 7
Neutral: 0


Summary:Strong Sell","Jun 17, 2021 10:25PM GMT"
aud_usd,0.7556 +0.0006    +0.08%,18:25:06,2021-06-17 22:26:10.575423,"Prev. Close: 0.7550
Bid/Ask: 0.7555 / 0.7557
Day's Range: 0.7547 - 0.7557",Strong Sell,"Summary:Strong Sell
Moving Averages:SellBuy (3)Sell (9)
Technical Indicators:Strong SellBuy (0)Sell (10)","Name
S3
S2
S1
Pivot Points
R1
R2
R3
Classic
0.7538
0.7543
0.7548
0.7552
0.7557
0.7561
0.7566
Fibonacci
0.7543
0.7546
0.7548
0.7552
0.7556
0.7558
0.7561
Camarilla
0.7550
0.7551
0.7552
0.7552
0.7553
0.7554
0.7555
Woodie's
0.7538
0.7543
0.7548
0.7552
0.7557
0.7561
0.7566
DeMark's
-
-
0.7545
0.7551
0.7554
-
-","Technical IndicatorsJun 17, 2021 10:25PM GMT
Name
Value
Action
RSI(14)
31.538
Sell
STOCH(9,6)
26.404
Sell
STOCHRSI(14)
100.000
Overbought
MACD(12,26)
-0.003
Sell
ADX(14)
52.223
Sell
Williams %R
-75.572
Sell
CCI(14)
-65.6599
Sell
ATR(14)
0.0015
Less Volatility
Highs/Lows(14)
-0.0001
Sell
Ultimate Oscillator
38.802
Sell
ROC
-0.599
Sell
Bull/Bear Power(13)
-0.0012
Sell
Buy: 0
Sell: 10
Neutral: 0


Summary:Strong Sell","Jun 17, 2021 10:25PM GMT"
eur_gbp,0.8551 -0.0001    -0.01%,18:25:42,2021-06-17 22:26:10.578377,"Prev. Close: 0.8551
Bid/Ask: 0.8548 / 0.8553
Day's Range: 0.8549 - 0.8557",Strong Sell,"Summary:Strong Sell
Moving Averages:Strong SellBuy (0)Sell (12)
Technical Indicators:Strong SellBuy (2)Sell (8)","Name
S3
S2
S1
Pivot Points
R1
R2
R3
Classic
0.8541
0.8545
0.8549
0.8553
0.8558
0.8561
0.8566
Fibonacci
0.8545
0.8548
0.8550
0.8553
0.8556
0.8558
0.8561
Camarilla
0.8551
0.8552
0.8552
0.8553
0.8554
0.8554
0.8555
Woodie's
0.8541
0.8545
0.8549
0.8553
0.8558
0.8561
0.8566
DeMark's
-
-
0.8551
0.8554
0.8559
-
-","Technical IndicatorsJun 17, 2021 10:25PM GMT
Name
Value
Action
RSI(14)
36.356
Sell
STOCH(9,6)
33.995
Sell
STOCHRSI(14)
53.393
Neutral
MACD(12,26)
-0.001
Sell
ADX(14)
39.954
Sell
Williams %R
-79.629
Sell
CCI(14)
-95.7974
Sell
ATR(14)
0.0010
Less Volatility
Highs/Lows(14)
-0.0001
Sell
Ultimate Oscillator
51.108
Buy
ROC
0.023
Buy
Bull/Bear Power(13)
-0.0017
Sell
Buy: 2
Sell: 8
Neutral: 1


Summary:Strong Sell","Jun 17, 2021 10:25PM GMT"
usd_cad,1.2348 -0.0013    -0.11%,18:25:42,2021-06-17 22:26:10.581332,"Prev. Close: 1.2361
Bid/Ask: 1.2347 / 1.2349
Day's Range: 1.2344 - 1.2368",Strong Buy,"Summary:Strong Buy
Moving Averages:BuyBuy (9)Sell (3)
Technical Indicators:Strong BuyBuy (9)Sell (0)","Name
S3
S2
S1
Pivot Points
R1
R2
R3
Classic
1.2333
1.2342
1.2350
1.2359
1.2367
1.2376
1.2384
Fibonacci
1.2342
1.2348
1.2353
1.2359
1.2365
1.2370
1.2376
Camarilla
1.2353
1.2355
1.2356
1.2359
1.2360
1.2361
1.2363
Woodie's
1.2333
1.2342
1.2350
1.2359
1.2367
1.2376
1.2384
DeMark's
-
-
1.2346
1.2357
1.2363
-
-","Technical IndicatorsJun 17, 2021 10:25PM GMT
Name
Value
Action
RSI(14)
65.224
Buy
STOCH(9,6)
71.895
Buy
STOCHRSI(14)
0.000
Oversold
MACD(12,26)
0.003
Buy
ADX(14)
45.767
Buy
Williams %R
-36.364
Buy
CCI(14)
54.6328
Buy
ATR(14)
0.0023
Less Volatility
Highs/Lows(14)
0.0000
Neutral
Ultimate Oscillator
62.580
Buy
ROC
0.284
Buy
Bull/Bear Power(13)
0.0021
Buy
Buy: 9
Sell: 0
Neutral: 1


Summary:Strong Buy","Jun 17, 2021 10:25PM GMT"
usd_chf,0.9175 +0.0002    +0.02%,18:25:36,2021-06-17 22:26:10.584286,"Prev. Close: 0.9173
Bid/Ask: 0.9171 / 0.9179
Day's Range: 0.9169 - 0.9183",Strong Buy,"Summary:Strong Buy
Moving Averages:Strong BuyBuy (11)Sell (1)
Technical Indicators:Strong BuyBuy (10)Sell (0)","Name
S3
S2
S1
Pivot Points
R1
R2
R3
Classic
0.9155
0.9161
0.9169
0.9176
0.9184
0.9191
0.9198
Fibonacci
0.9161
0.9167
0.9170
0.9176
0.9182
0.9185
0.9191
Camarilla
0.9172
0.9173
0.9175
0.9176
0.9177
0.9179
0.9180
Woodie's
0.9155
0.9161
0.9169
0.9176
0.9184
0.9191
0.9198
DeMark's
-
-
0.9165
0.9174
0.9180
-
-","Technical IndicatorsJun 17, 2021 10:25PM GMT
Name
Value
Action
RSI(14)
74.189
Buy
STOCH(9,6)
74.955
Buy
STOCHRSI(14)
0.000
Oversold
MACD(12,26)
0.003
Buy
ADX(14)
40.046
Buy
Williams %R
-22.222
Buy
CCI(14)
73.6684
Buy
ATR(14)
0.0014
Less Volatility
Highs/Lows(14)
0.0004
Buy
Ultimate Oscillator
58.759
Buy
ROC
0.421
Buy
Bull/Bear Power(13)
0.0032
Buy
Buy: 10
Sell: 0
Neutral: 0


Summary:Strong Buy","Jun 17, 2021 10:25PM GMT"
nzd_chf,0.6434 +0.0015    +0.23%,18:25:42,2021-06-17 22:26:10.587247,"Prev. Close: 0.6419
Bid/Ask: 0.6431 / 0.6437
Day's Range: 0.6421 - 0.6437",Strong Buy,"Summary:Strong Buy
Moving Averages:BuyBuy (11)Sell (1)
Technical Indicators:Strong BuyBuy (7)Sell (3)","Name
S3
S2
S1
Pivot Points
R1
R2
R3
Classic
0.6407
0.6414
0.6420
0.6427
0.6433
0.6440
0.6447
Fibonacci
0.6414
0.6419
0.6422
0.6427
0.6432
0.6435
0.6440
Camarilla
0.6421
0.6423
0.6424
0.6427
0.6426
0.6427
0.6429
Woodie's
0.6405
0.6413
0.6418
0.6426
0.6431
0.6439
0.6445
DeMark's
-
-
0.6416
0.6425
0.6429
-
-","Technical IndicatorsJun 17, 2021 10:25PM GMT
Name
Value
Action
RSI(14)
57.210
Buy
STOCH(9,6)
62.151
Buy
STOCHRSI(14)
91.114
Overbought
MACD(12,26)
0.000
Buy
ADX(14)
30.176
Sell
Williams %R
-35.556
Buy
CCI(14)
86.5656
Buy
ATR(14)
0.0012
Less Volatility
Highs/Lows(14)
0.0003
Buy
Ultimate Oscillator
41.733
Sell
ROC
-0.194
Sell
Bull/Bear Power(13)
0.0003
Buy
Buy: 7
Sell: 3
Neutral: 0


Summary:Strong Buy","Jun 17, 2021 10:25PM GMT"
usd_cny,6.4484 +0.0515    +0.80%,11:27:22,2021-06-17 22:26:10.590175,"Prev. Close: 6.3969
Bid/Ask: 6.4477 / 6.4490
Day's Range: 6.3972 - 6.4494",Strong Buy,"Summary:Strong Buy
Moving Averages:BuyBuy (12)Sell (0)
Technical Indicators:Strong BuyBuy (7)Sell (0)","Name
S3
S2
S1
Pivot Points
R1
R2
R3
Classic
6.4380
6.4399
6.4436
6.4455
6.4492
6.4511
6.4548
Fibonacci
6.4399
6.4420
6.4434
6.4455
6.4476
6.4490
6.4511
Camarilla
6.4458
6.4463
6.4468
6.4455
6.4479
6.4484
6.4489
Woodie's
6.4390
6.4404
6.4446
6.4460
6.4502
6.4516
6.4558
DeMark's
-
-
6.4446
6.4460
6.4502
-
-","Technical IndicatorsJun 17, 2021 03:34PM GMT
Name
Value
Action
RSI(14)
85.433
Overbought
STOCH(9,6)
77.649
Buy
STOCHRSI(14)
100.000
Overbought
MACD(12,26)
0.011
Buy
ADX(14)
61.337
Buy
Williams %R
-3.426
Overbought
CCI(14)
151.8010
Buy
ATR(14)
0.0041
Less Volatility
Highs/Lows(14)
0.0141
Buy
Ultimate Oscillator
82.973
Overbought
ROC
0.391
Buy
Bull/Bear Power(13)
0.0286
Buy
Buy: 7
Sell: 0
Neutral: 0


Summary:Strong Buy","Jun 17, 2021 03:34PM GMT"
usd_hkd,7.7644 0.0000    0.00%,18:25:28,2021-06-17 22:26:10.593145,"Prev. Close: 7.7644
Bid/Ask: 7.7642 / 7.7646
Day's Range: 7.7641 - 7.7650",Strong Buy,"Summary:Strong Buy
Moving Averages:Strong BuyBuy (11)Sell (1)
Technical Indicators:Strong BuyBuy (6)Sell (3)","Name
S3
S2
S1
Pivot Points
R1
R2
R3
Classic
7.7639
7.7641
7.7645
7.7647
7.7651
7.7653
7.7656
Fibonacci
7.7641
7.7643
7.7645
7.7647
7.7649
7.7651
7.7653
Camarilla
7.7646
7.7646
7.7647
7.7647
7.7648
7.7649
7.7649
Woodie's
7.7639
7.7641
7.7645
7.7647
7.7651
7.7653
7.7656
DeMark's
-
-
7.7645
7.7647
7.7651
-
-","Technical IndicatorsJun 17, 2021 10:25PM GMT
Name
Value
Action
RSI(14)
55.596
Buy
STOCH(9,6)
66.163
Buy
STOCHRSI(14)
36.140
Sell
MACD(12,26)
0.000
Buy
ADX(14)
30.256
Sell
Williams %R
-44.743
Buy
CCI(14)
-7.7126
Neutral
ATR(14)
0.0008
Less Volatility
Highs/Lows(14)
0.0000
Neutral
Ultimate Oscillator
60.741
Buy
ROC
0.008
Buy
Bull/Bear Power(13)
-0.0012
Sell
Buy: 6
Sell: 3
Neutral: 2


Summary:Strong Buy","Jun 17, 2021 10:25PM GMT"
eur_usd,1.1911 +0.0004    +0.04%,18:25:54,2021-06-17 22:27:10.864754,"Prev. Close: 1.1906
Bid/Ask: 1.1910 / 1.1911
Day's Range: 1.1906 - 1.1913",Strong Sell,"Summary:Strong Sell
Moving Averages:SellBuy (2)Sell (10)
Technical Indicators:Strong SellBuy (0)Sell (9)","Name
S3
S2
S1
Pivot Points
R1
R2
R3
Classic
1.1902
1.1904
1.1905
1.1907
1.1909
1.1910
1.1912
Fibonacci
1.1904
1.1905
1.1906
1.1907
1.1908
1.1909
1.1910
Camarilla
1.1906
1.1906
1.1906
1.1907
1.1907
1.1907
1.1907
Woodie's
1.1902
1.1904
1.1905
1.1907
1.1909
1.1910
1.1912
DeMark's
-
-
1.1904
1.1906
1.1908
-
-","Technical IndicatorsJun 17, 2021 10:25PM GMT
Name
Value
Action
RSI(14)
30.146
Sell
STOCH(9,6)
28.690
Sell
STOCHRSI(14)
100.000
Overbought
MACD(12,26)
-0.004
Sell
ADX(14)
37.693
Neutral
Williams %R
-71.538
Sell
CCI(14)
-66.2501
Sell
ATR(14)
0.0017
Less Volatility
Highs/Lows(14)
-0.0003
Sell
Ultimate Oscillator
39.762
Sell
ROC
-0.314
Sell
Bull/Bear Power(13)
-0.0020
Sell
Buy: 0
Sell: 9
Neutral: 1


Summary:Strong Sell","Jun 17, 2021 10:25PM GMT"
gbp_usd,1.3930 +0.0011    +0.08%,18:26:50,2021-06-17 22:27:10.868773,"Prev. Close: 1.3919
Bid/Ask: 1.3928 / 1.3932
Day's Range: 1.3915 - 1.3932",Strong Sell,"Summary:Strong Sell
Moving Averages:SellBuy (3)Sell (9)
Technical Indicators:Strong SellBuy (0)Sell (8)","Name
S3
S2
S1
Pivot Points
R1
R2
R3
Classic
1.3898
1.3907
1.3914
1.3922
1.3929
1.3937
1.3944
Fibonacci
1.3907
1.3912
1.3916
1.3922
1.3928
1.3932
1.3937
Camarilla
1.3916
1.3918
1.3919
1.3922
1.3922
1.3923
1.3925
Woodie's
1.3898
1.3907
1.3914
1.3922
1.3929
1.3937
1.3944
DeMark's
-
-
1.3910
1.3920
1.3926
-
-","Technical IndicatorsJun 17, 2021 10:25PM GMT
Name
Value
Action
RSI(14)
39.124
Sell
STOCH(9,6)
39.636
Sell
STOCHRSI(14)
100.000
Overbought
MACD(12,26)
-0.003
Sell
ADX(14)
40.721
Sell
Williams %R
-61.582
Sell
CCI(14)
-41.7905
Neutral
ATR(14)
0.0024
Less Volatility
Highs/Lows(14)
0.0000
Neutral
Ultimate Oscillator
43.010
Sell
ROC
-0.336
Sell
Bull/Bear Power(13)
-0.0005
Sell
Buy: 0
Sell: 8
Neutral: 2


Summary:Strong Sell","Jun 17, 2021 10:25PM GMT"
usd_jpy,110.28 +0.07    +0.07%,18:26:40,2021-06-17 22:27:10.871900,"Prev. Close: 110.20
Bid/Ask: 110.26 / 110.29
Day's Range: 110.17 - 110.83",Sell,"Summary:Sell
Moving Averages:NeutralBuy (6)Sell (6)
Technical Indicators:Strong SellBuy (1)Sell (7)","Name
S3
S2
S1
Pivot Points
R1
R2
R3
Classic
110.14
110.17
110.21
110.24
110.29
110.31
110.36
Fibonacci
110.17
110.19
110.21
110.24
110.27
110.29
110.31
Camarilla
110.24
110.25
110.25
110.24
110.27
110.27
110.28
Woodie's
110.16
110.18
110.23
110.25
110.31
110.32
110.38
DeMark's
-
-
110.23
110.25
110.30
-
-","Technical IndicatorsJun 17, 2021 10:25PM GMT
Name
Value
Action
RSI(14)
43.063
Sell
STOCH(9,6)
17.508
Oversold
STOCHRSI(14)
17.484
Oversold
MACD(12,26)
-0.030
Sell
ADX(14)
31.952
Sell
Williams %R
-84.033
Oversold
CCI(14)
-62.0083
Sell
ATR(14)
0.1171
Less Volatility
Highs/Lows(14)
-0.0696
Sell
Ultimate Oscillator
51.192
Buy
ROC
-0.343
Sell
Bull/Bear Power(13)
-0.1910
Sell
Buy: 1
Sell: 7
Neutral: 0


Summary:Strong Sell","Jun 17, 2021 10:25PM GMT"
aud_usd,0.7555 +0.0005    +0.07%,18:26:51,2021-06-17 22:27:10.874908,"Prev. Close: 0.7550
Bid/Ask: 0.7554 / 0.7556
Day's Range: 0.7547 - 0.7557",Strong Sell,"Summary:Strong Sell
Moving Averages:SellBuy (3)Sell (9)
Technical Indicators:Strong SellBuy (0)Sell (10)","Name
S3
S2
S1
Pivot Points
R1
R2
R3
Classic
0.7538
0.7543
0.7548
0.7552
0.7557
0.7561
0.7566
Fibonacci
0.7543
0.7546
0.7548
0.7552
0.7556
0.7558
0.7561
Camarilla
0.7550
0.7551
0.7552
0.7552
0.7553
0.7554
0.7555
Woodie's
0.7538
0.7543
0.7548
0.7552
0.7557
0.7561
0.7566
DeMark's
-
-
0.7545
0.7551
0.7554
-
-","Technical IndicatorsJun 17, 2021 10:25PM GMT
Name
Value
Action
RSI(14)
31.538
Sell
STOCH(9,6)
26.404
Sell
STOCHRSI(14)
100.000
Overbought
MACD(12,26)
-0.003
Sell
ADX(14)
52.223
Sell
Williams %R
-75.572
Sell
CCI(14)
-65.6599
Sell
ATR(14)
0.0015
Less Volatility
Highs/Lows(14)
-0.0001
Sell
Ultimate Oscillator
38.802
Sell
ROC
-0.599
Sell
Bull/Bear Power(13)
-0.0012
Sell
Buy: 0
Sell: 10
Neutral: 0


Summary:Strong Sell","Jun 17, 2021 10:25PM GMT"
eur_gbp,0.8550 -0.0001    -0.01%,18:26:55,2021-06-17 22:27:10.877861,"Prev. Close: 0.8551
Bid/Ask: 0.8549 / 0.8551
Day's Range: 0.8549 - 0.8557",Strong Sell,"Summary:Strong Sell
Moving Averages:Strong SellBuy (0)Sell (12)
Technical Indicators:Strong SellBuy (2)Sell (8)","Name
S3
S2
S1
Pivot Points
R1
R2
R3
Classic
0.8541
0.8545
0.8549
0.8553
0.8558
0.8561
0.8566
Fibonacci
0.8545
0.8548
0.8550
0.8553
0.8556
0.8558
0.8561
Camarilla
0.8551
0.8552
0.8552
0.8553
0.8554
0.8554
0.8555
Woodie's
0.8541
0.8545
0.8549
0.8553
0.8558
0.8561
0.8566
DeMark's
-
-
0.8551
0.8554
0.8559
-
-","Technical IndicatorsJun 17, 2021 10:25PM GMT
Name
Value
Action
RSI(14)
36.356
Sell
STOCH(9,6)
33.995
Sell
STOCHRSI(14)
53.393
Neutral
MACD(12,26)
-0.001
Sell
ADX(14)
39.954
Sell
Williams %R
-79.629
Sell
CCI(14)
-95.7974
Sell
ATR(14)
0.0010
Less Volatility
Highs/Lows(14)
-0.0001
Sell
Ultimate Oscillator
51.108
Buy
ROC
0.023
Buy
Bull/Bear Power(13)
-0.0017
Sell
Buy: 2
Sell: 8
Neutral: 1


Summary:Strong Sell","Jun 17, 2021 10:25PM GMT"
usd_cad,1.2348 -0.0013    -0.11%,18:26:52,2021-06-17 22:27:10.880828,"Prev. Close: 1.2361
Bid/Ask: 1.2347 / 1.2349
Day's Range: 1.2344 - 1.2368",Strong Buy,"Summary:Strong Buy
Moving Averages:BuyBuy (9)Sell (3)
Technical Indicators:Strong BuyBuy (9)Sell (0)","Name
S3
S2
S1
Pivot Points
R1
R2
R3
Classic
1.2333
1.2342
1.2350
1.2359
1.2367
1.2376
1.2384
Fibonacci
1.2342
1.2348
1.2353
1.2359
1.2365
1.2370
1.2376
Camarilla
1.2353
1.2355
1.2356
1.2359
1.2360
1.2361
1.2363
Woodie's
1.2333
1.2342
1.2350
1.2359
1.2367
1.2376
1.2384
DeMark's
-
-
1.2346
1.2357
1.2363
-
-","Technical IndicatorsJun 17, 2021 10:25PM GMT
Name
Value
Action
RSI(14)
65.224
Buy
STOCH(9,6)
71.895
Buy
STOCHRSI(14)
0.000
Oversold
MACD(12,26)
0.003
Buy
ADX(14)
45.767
Buy
Williams %R
-36.364
Buy
CCI(14)
54.6328
Buy
ATR(14)
0.0023
Less Volatility
Highs/Lows(14)
0.0000
Neutral
Ultimate Oscillator
62.580
Buy
ROC
0.284
Buy
Bull/Bear Power(13)
0.0021
Buy
Buy: 9
Sell: 0
Neutral: 1


Summary:Strong Buy","Jun 17, 2021 10:25PM GMT"
usd_chf,0.9175 +0.0002    +0.02%,18:26:46,2021-06-17 22:27:10.883804,"Prev. Close: 0.9173
Bid/Ask: 0.9171 / 0.9179
Day's Range: 0.9169 - 0.9183",Strong Buy,"Summary:Strong Buy
Moving Averages:Strong BuyBuy (11)Sell (1)
Technical Indicators:Strong BuyBuy (10)Sell (0)","Name
S3
S2
S1
Pivot Points
R1
R2
R3
Classic
0.9155
0.9161
0.9169
0.9176
0.9184
0.9191
0.9198
Fibonacci
0.9161
0.9167
0.9170
0.9176
0.9182
0.9185
0.9191
Camarilla
0.9172
0.9173
0.9175
0.9176
0.9177
0.9179
0.9180
Woodie's
0.9155
0.9161
0.9169
0.9176
0.9184
0.9191
0.9198
DeMark's
-
-
0.9165
0.9174
0.9180
-
-","Technical IndicatorsJun 17, 2021 10:25PM GMT
Name
Value
Action
RSI(14)
74.189
Buy
STOCH(9,6)
74.955
Buy
STOCHRSI(14)
0.000
Oversold
MACD(12,26)
0.003
Buy
ADX(14)
40.046
Buy
Williams %R
-22.222
Buy
CCI(14)
73.6684
Buy
ATR(14)
0.0014
Less Volatility
Highs/Lows(14)
0.0004
Buy
Ultimate Oscillator
58.759
Buy
ROC
0.421
Buy
Bull/Bear Power(13)
0.0032
Buy
Buy: 10
Sell: 0
Neutral: 0


Summary:Strong Buy","Jun 17, 2021 10:25PM GMT"
nzd_chf,0.6435 +0.0015    +0.24%,18:26:51,2021-06-17 22:27:10.886765,"Prev. Close: 0.6419
Bid/Ask: 0.6431 / 0.6438
Day's Range: 0.6421 - 0.6437",Strong Buy,"Summary:Strong Buy
Moving Averages:BuyBuy (11)Sell (1)
Technical Indicators:Strong BuyBuy (7)Sell (3)","Name
S3
S2
S1
Pivot Points
R1
R2
R3
Classic
0.6407
0.6414
0.6420
0.6427
0.6433
0.6440
0.6447
Fibonacci
0.6414
0.6419
0.6422
0.6427
0.6432
0.6435
0.6440
Camarilla
0.6421
0.6423
0.6424
0.6427
0.6426
0.6427
0.6429
Woodie's
0.6405
0.6413
0.6418
0.6426
0.6431
0.6439
0.6445
DeMark's
-
-
0.6416
0.6425
0.6429
-
-","Technical IndicatorsJun 17, 2021 10:25PM GMT
Name
Value
Action
RSI(14)
57.210
Buy
STOCH(9,6)
62.151
Buy
STOCHRSI(14)
91.114
Overbought
MACD(12,26)
0.000
Buy
ADX(14)
30.176
Sell
Williams %R
-35.556
Buy
CCI(14)
86.5656
Buy
ATR(14)
0.0012
Less Volatility
Highs/Lows(14)
0.0003
Buy
Ultimate Oscillator
41.733
Sell
ROC
-0.194
Sell
Bull/Bear Power(13)
0.0003
Buy
Buy: 7
Sell: 3
Neutral: 0


Summary:Strong Buy","Jun 17, 2021 10:25PM GMT"
usd_cny,6.4484 +0.0515    +0.80%,11:27:22,2021-06-17 22:27:10.889692,"Prev. Close: 6.3969
Bid/Ask: 6.4477 / 6.4490
Day's Range: 6.3972 - 6.4494",Strong Buy,"Summary:Strong Buy
Moving Averages:BuyBuy (12)Sell (0)
Technical Indicators:Strong BuyBuy (7)Sell (0)","Name
S3
S2
S1
Pivot Points
R1
R2
R3
Classic
6.4380
6.4399
6.4436
6.4455
6.4492
6.4511
6.4548
Fibonacci
6.4399
6.4420
6.4434
6.4455
6.4476
6.4490
6.4511
Camarilla
6.4458
6.4463
6.4468
6.4455
6.4479
6.4484
6.4489
Woodie's
6.4390
6.4404
6.4446
6.4460
6.4502
6.4516
6.4558
DeMark's
-
-
6.4446
6.4460
6.4502
-
-","Technical IndicatorsJun 17, 2021 03:34PM GMT
Name
Value
Action
RSI(14)
85.433
Overbought
STOCH(9,6)
77.649
Buy
STOCHRSI(14)
100.000
Overbought
MACD(12,26)
0.011
Buy
ADX(14)
61.337
Buy
Williams %R
-3.426
Overbought
CCI(14)
151.8010
Buy
ATR(14)
0.0041
Less Volatility
Highs/Lows(14)
0.0141
Buy
Ultimate Oscillator
82.973
Overbought
ROC
0.391
Buy
Bull/Bear Power(13)
0.0286
Buy
Buy: 7
Sell: 0
Neutral: 0


Summary:Strong Buy","Jun 17, 2021 03:34PM GMT"
usd_hkd,7.7647 +0.0003    +0.00%,18:26:56,2021-06-17 22:27:10.892641,"Prev. Close: 7.7644
Bid/Ask: 7.7646 / 7.7647
Day's Range: 7.7641 - 7.7650",Strong Buy,"Summary:Strong Buy
Moving Averages:Strong BuyBuy (11)Sell (1)
Technical Indicators:Strong BuyBuy (6)Sell (3)","Name
S3
S2
S1
Pivot Points
R1
R2
R3
Classic
7.7639
7.7641
7.7645
7.7647
7.7651
7.7653
7.7656
Fibonacci
7.7641
7.7643
7.7645
7.7647
7.7649
7.7651
7.7653
Camarilla
7.7646
7.7646
7.7647
7.7647
7.7648
7.7649
7.7649
Woodie's
7.7639
7.7641
7.7645
7.7647
7.7651
7.7653
7.7656
DeMark's
-
-
7.7645
7.7647
7.7651
-
-","Technical IndicatorsJun 17, 2021 10:25PM GMT
Name
Value
Action
RSI(14)
55.596
Buy
STOCH(9,6)
66.163
Buy
STOCHRSI(14)
36.140
Sell
MACD(12,26)
0.000
Buy
ADX(14)
30.256
Sell
Williams %R
-44.743
Buy
CCI(14)
-7.7126
Neutral
ATR(14)
0.0008
Less Volatility
Highs/Lows(14)
0.0000
Neutral
Ultimate Oscillator
60.741
Buy
ROC
0.008
Buy
Bull/Bear Power(13)
-0.0012
Sell
Buy: 6
Sell: 3
Neutral: 2


Summary:Strong Buy","Jun 17, 2021 10:25PM GMT"
eur_usd,1.1910 +0.0004    +0.03%,18:27:26,2021-06-17 22:28:10.138188,"Prev. Close: 1.1906
Bid/Ask: 1.1908 / 1.1912
Day's Range: 1.1906 - 1.1913",Strong Sell,"Summary:Strong Sell
Moving Averages:SellBuy (2)Sell (10)
Technical Indicators:Strong SellBuy (0)Sell (9)","Name
S3
S2
S1
Pivot Points
R1
R2
R3
Classic
1.1902
1.1904
1.1905
1.1907
1.1909
1.1910
1.1912
Fibonacci
1.1904
1.1905
1.1906
1.1907
1.1908
1.1909
1.1910
Camarilla
1.1906
1.1906
1.1906
1.1907
1.1907
1.1907
1.1907
Woodie's
1.1902
1.1904
1.1905
1.1907
1.1909
1.1910
1.1912
DeMark's
-
-
1.1904
1.1906
1.1908
-
-","Technical IndicatorsJun 17, 2021 10:27PM GMT
Name
Value
Action
RSI(14)
29.870
Sell
STOCH(9,6)
28.526
Sell
STOCHRSI(14)
100.000
Overbought
MACD(12,26)
-0.004
Sell
ADX(14)
37.693
Neutral
Williams %R
-72.309
Sell
CCI(14)
-66.9638
Sell
ATR(14)
0.0017
Less Volatility
Highs/Lows(14)
-0.0004
Sell
Ultimate Oscillator
39.358
Sell
ROC
-0.318
Sell
Bull/Bear Power(13)
-0.0020
Sell
Buy: 0
Sell: 9
Neutral: 1


Summary:Strong Sell","Jun 17, 2021 10:27PM GMT"
gbp_usd,1.3930 +0.0011    +0.08%,18:27:37,2021-06-17 22:28:10.142300,"Prev. Close: 1.3919
Bid/Ask: 1.3929 / 1.3931
Day's Range: 1.3915 - 1.3932",Strong Sell,"Summary:Strong Sell
Moving Averages:SellBuy (3)Sell (9)
Technical Indicators:Strong SellBuy (0)Sell (8)","Name
S3
S2
S1
Pivot Points
R1
R2
R3
Classic
1.3898
1.3907
1.3914
1.3922
1.3929
1.3937
1.3944
Fibonacci
1.3907
1.3912
1.3916
1.3922
1.3928
1.3932
1.3937
Camarilla
1.3916
1.3918
1.3919
1.3922
1.3922
1.3923
1.3925
Woodie's
1.3898
1.3907
1.3914
1.3922
1.3929
1.3937
1.3944
DeMark's
-
-
1.3910
1.3920
1.3926
-
-","Technical IndicatorsJun 17, 2021 10:27PM GMT
Name
Value
Action
RSI(14)
38.940
Sell
STOCH(9,6)
39.511
Sell
STOCHRSI(14)
100.000
Overbought
MACD(12,26)
-0.003
Sell
ADX(14)
40.721
Sell
Williams %R
-62.147
Sell
CCI(14)
-42.4896
Neutral
ATR(14)
0.0024
Less Volatility
Highs/Lows(14)
0.0000
Neutral
Ultimate Oscillator
42.701
Sell
ROC
-0.340
Sell
Bull/Bear Power(13)
-0.0005
Sell
Buy: 0
Sell: 8
Neutral: 2


Summary:Strong Sell","Jun 17, 2021 10:27PM GMT"
usd_jpy,110.28 +0.07    +0.07%,18:27:40,2021-06-17 22:28:10.145602,"Prev. Close: 110.20
Bid/Ask: 110.26 / 110.29
Day's Range: 110.17 - 110.83",Sell,"Summary:Sell
Moving Averages:NeutralBuy (6)Sell (6)
Technical Indicators:Strong SellBuy (1)Sell (7)","Name
S3
S2
S1
Pivot Points
R1
R2
R3
Classic
110.14
110.17
110.21
110.24
110.29
110.31
110.36
Fibonacci
110.17
110.19
110.21
110.24
110.27
110.29
110.31
Camarilla
110.24
110.25
110.25
110.24
110.27
110.27
110.28
Woodie's
110.16
110.18
110.23
110.25
110.31
110.32
110.38
DeMark's
-
-
110.23
110.25
110.30
-
-","Technical IndicatorsJun 17, 2021 10:27PM GMT
Name
Value
Action
RSI(14)
43.730
Sell
STOCH(9,6)
18.038
Oversold
STOCHRSI(14)
19.914
Oversold
MACD(12,26)
-0.030
Sell
ADX(14)
31.952
Sell
Williams %R
-82.352
Oversold
CCI(14)
-60.7958
Sell
ATR(14)
0.1171
Less Volatility
Highs/Lows(14)
-0.0596
Sell
Ultimate Oscillator
52.379
Buy
ROC
-0.334
Sell
Bull/Bear Power(13)
-0.1930
Sell
Buy: 1
Sell: 7
Neutral: 0


Summary:Strong Sell","Jun 17, 2021 10:27PM GMT"
aud_usd,0.7555 +0.0005    +0.07%,18:27:42,2021-06-17 22:28:10.148708,"Prev. Close: 0.7550
Bid/Ask: 0.7554 / 0.7556
Day's Range: 0.7547 - 0.7557",Strong Sell,"Summary:Strong Sell
Moving Averages:SellBuy (3)Sell (9)
Technical Indicators:Strong SellBuy (0)Sell (10)","Name
S3
S2
S1
Pivot Points
R1
R2
R3
Classic
0.7538
0.7543
0.7548
0.7552
0.7557
0.7561
0.7566
Fibonacci
0.7543
0.7546
0.7548
0.7552
0.7556
0.7558
0.7561
Camarilla
0.7550
0.7551
0.7552
0.7552
0.7553
0.7554
0.7555
Woodie's
0.7538
0.7543
0.7548
0.7552
0.7557
0.7561
0.7566
DeMark's
-
-
0.7545
0.7551
0.7554
-
-","Technical IndicatorsJun 17, 2021 10:27PM GMT
Name
Value
Action
RSI(14)
31.538
Sell
STOCH(9,6)
26.404
Sell
STOCHRSI(14)
100.000
Overbought
MACD(12,26)
-0.003
Sell
ADX(14)
52.223
Sell
Williams %R
-75.572
Sell
CCI(14)
-65.6599
Sell
ATR(14)
0.0015
Less Volatility
Highs/Lows(14)
-0.0001
Sell
Ultimate Oscillator
38.802
Sell
ROC
-0.599
Sell
Bull/Bear Power(13)
-0.0012
Sell
Buy: 0
Sell: 10
Neutral: 0


Summary:Strong Sell","Jun 17, 2021 10:27PM GMT"
eur_gbp,0.8550 -0.0001    -0.01%,18:27:37,2021-06-17 22:28:10.151740,"Prev. Close: 0.8551
Bid/Ask: 0.8549 / 0.8551
Day's Range: 0.8549 - 0.8557",Strong Sell,"Summary:Strong Sell
Moving Averages:Strong SellBuy (0)Sell (12)
Technical Indicators:Strong SellBuy (2)Sell (8)","Name
S3
S2
S1
Pivot Points
R1
R2
R3
Classic
0.8541
0.8545
0.8549
0.8553
0.8558
0.8561
0.8566
Fibonacci
0.8545
0.8548
0.8550
0.8553
0.8556
0.8558
0.8561
Camarilla
0.8551
0.8552
0.8552
0.8553
0.8554
0.8554
0.8555
Woodie's
0.8541
0.8545
0.8549
0.8553
0.8558
0.8561
0.8566
DeMark's
-
-
0.8551
0.8554
0.8559
-
-","Technical IndicatorsJun 17, 2021 10:27PM GMT
Name
Value
Action
RSI(14)
36.356
Sell
STOCH(9,6)
33.995
Sell
STOCHRSI(14)
53.393
Neutral
MACD(12,26)
-0.001
Sell
ADX(14)
39.954
Sell
Williams %R
-79.629
Sell
CCI(14)
-95.7974
Sell
ATR(14)
0.0010
Less Volatility
Highs/Lows(14)
-0.0001
Sell
Ultimate Oscillator
51.108
Buy
ROC
0.023
Buy
Bull/Bear Power(13)
-0.0017
Sell
Buy: 2
Sell: 8
Neutral: 1


Summary:Strong Sell","Jun 17, 2021 10:27PM GMT"
usd_cad,1.2348 -0.0014    -0.11%,18:27:41,2021-06-17 22:28:10.154736,"Prev. Close: 1.2361
Bid/Ask: 1.2347 / 1.2348
Day's Range: 1.2344 - 1.2368",Strong Buy,"Summary:Strong Buy
Moving Averages:BuyBuy (9)Sell (3)
Technical Indicators:Strong BuyBuy (9)Sell (0)","Name
S3
S2
S1
Pivot Points
R1
R2
R3
Classic
1.2333
1.2342
1.2350
1.2359
1.2367
1.2376
1.2384
Fibonacci
1.2342
1.2348
1.2353
1.2359
1.2365
1.2370
1.2376
Camarilla
1.2353
1.2355
1.2356
1.2359
1.2360
1.2361
1.2363
Woodie's
1.2333
1.2342
1.2350
1.2359
1.2367
1.2376
1.2384
DeMark's
-
-
1.2346
1.2357
1.2363
-
-","Technical IndicatorsJun 17, 2021 10:27PM GMT
Name
Value
Action
RSI(14)
65.224
Buy
STOCH(9,6)
71.895
Buy
STOCHRSI(14)
0.000
Oversold
MACD(12,26)
0.003
Buy
ADX(14)
45.767
Buy
Williams %R
-36.364
Buy
CCI(14)
54.6328
Buy
ATR(14)
0.0023
Less Volatility
Highs/Lows(14)
0.0000
Neutral
Ultimate Oscillator
62.580
Buy
ROC
0.284
Buy
Bull/Bear Power(13)
0.0021
Buy
Buy: 9
Sell: 0
Neutral: 1


Summary:Strong Buy","Jun 17, 2021 10:27PM GMT"
usd_chf,0.9176 +0.0003    +0.03%,18:27:30,2021-06-17 22:28:10.157689,"Prev. Close: 0.9173
Bid/Ask: 0.9172 / 0.9180
Day's Range: 0.9169 - 0.9183",Strong Buy,"Summary:Strong Buy
Moving Averages:Strong BuyBuy (11)Sell (1)
Technical Indicators:Strong BuyBuy (10)Sell (0)","Name
S3
S2
S1
Pivot Points
R1
R2
R3
Classic
0.9155
0.9161
0.9169
0.9176
0.9184
0.9191
0.9198
Fibonacci
0.9161
0.9167
0.9170
0.9176
0.9182
0.9185
0.9191
Camarilla
0.9172
0.9173
0.9175
0.9176
0.9177
0.9179
0.9180
Woodie's
0.9155
0.9161
0.9169
0.9176
0.9184
0.9191
0.9198
DeMark's
-
-
0.9165
0.9174
0.9180
-
-","Technical IndicatorsJun 17, 2021 10:25PM GMT
Name
Value
Action
RSI(14)
74.189
Buy
STOCH(9,6)
74.955
Buy
STOCHRSI(14)
0.000
Oversold
MACD(12,26)
0.003
Buy
ADX(14)
40.046
Buy
Williams %R
-22.222
Buy
CCI(14)
73.6684
Buy
ATR(14)
0.0014
Less Volatility
Highs/Lows(14)
0.0004
Buy
Ultimate Oscillator
58.759
Buy
ROC
0.421
Buy
Bull/Bear Power(13)
0.0032
Buy
Buy: 10
Sell: 0
Neutral: 0


Summary:Strong Buy","Jun 17, 2021 10:25PM GMT"
nzd_chf,0.6435 +0.0015    +0.24%,18:27:42,2021-06-17 22:28:10.160664,"Prev. Close: 0.6419
Bid/Ask: 0.6431 / 0.6438
Day's Range: 0.6421 - 0.6437",Strong Buy,"Summary:Strong Buy
Moving Averages:BuyBuy (11)Sell (1)
Technical Indicators:Strong BuyBuy (7)Sell (3)","Name
S3
S2
S1
Pivot Points
R1
R2
R3
Classic
0.6407
0.6414
0.6420
0.6427
0.6433
0.6440
0.6447
Fibonacci
0.6414
0.6419
0.6422
0.6427
0.6432
0.6435
0.6440
Camarilla
0.6421
0.6423
0.6424
0.6427
0.6426
0.6427
0.6429
Woodie's
0.6405
0.6413
0.6418
0.6426
0.6431
0.6439
0.6445
DeMark's
-
-
0.6416
0.6425
0.6429
-
-","Technical IndicatorsJun 17, 2021 10:27PM GMT
Name
Value
Action
RSI(14)
56.895
Buy
STOCH(9,6)
61.764
Buy
STOCHRSI(14)
89.521
Overbought
MACD(12,26)
0.000
Buy
ADX(14)
30.176
Sell
Williams %R
-36.666
Buy
CCI(14)
84.4561
Buy
ATR(14)
0.0012
Less Volatility
Highs/Lows(14)
0.0002
Buy
Ultimate Oscillator
41.174
Sell
ROC
-0.202
Sell
Bull/Bear Power(13)
0.0003
Buy
Buy: 7
Sell: 3
Neutral: 0


Summary:Strong Buy","Jun 17, 2021 10:27PM GMT"
usd_cny,6.4484 +0.0515    +0.80%,11:27:22,2021-06-17 22:28:10.163636,"Prev. Close: 6.3969
Bid/Ask: 6.4477 / 6.4490
Day's Range: 6.3972 - 6.4494",Strong Buy,"Summary:Strong Buy
Moving Averages:BuyBuy (12)Sell (0)
Technical Indicators:Strong BuyBuy (7)Sell (0)","Name
S3
S2
S1
Pivot Points
R1
R2
R3
Classic
6.4380
6.4399
6.4436
6.4455
6.4492
6.4511
6.4548
Fibonacci
6.4399
6.4420
6.4434
6.4455
6.4476
6.4490
6.4511
Camarilla
6.4458
6.4463
6.4468
6.4455
6.4479
6.4484
6.4489
Woodie's
6.4390
6.4404
6.4446
6.4460
6.4502
6.4516
6.4558
DeMark's
-
-
6.4446
6.4460
6.4502
-
-","Technical IndicatorsJun 17, 2021 03:34PM GMT
Name
Value
Action
RSI(14)
85.433
Overbought
STOCH(9,6)
77.649
Buy
STOCHRSI(14)
100.000
Overbought
MACD(12,26)
0.011
Buy
ADX(14)
61.337
Buy
Williams %R
-3.426
Overbought
CCI(14)
151.8010
Buy
ATR(14)
0.0041
Less Volatility
Highs/Lows(14)
0.0141
Buy
Ultimate Oscillator
82.973
Overbought
ROC
0.391
Buy
Bull/Bear Power(13)
0.0286
Buy
Buy: 7
Sell: 0
Neutral: 0


Summary:Strong Buy","Jun 17, 2021 03:34PM GMT"
usd_hkd,7.7645 0.0001    0.00%,18:27:28,2021-06-17 22:28:10.166592,"Prev. Close: 7.7644
Bid/Ask: 7.7642 / 7.7647
Day's Range: 7.7641 - 7.7650",Strong Buy,"Summary:Strong Buy
Moving Averages:Strong BuyBuy (11)Sell (1)
Technical Indicators:Strong BuyBuy (6)Sell (3)","Name
S3
S2
S1
Pivot Points
R1
R2
R3
Classic
7.7639
7.7641
7.7645
7.7647
7.7651
7.7653
7.7656
Fibonacci
7.7641
7.7643
7.7645
7.7647
7.7649
7.7651
7.7653
Camarilla
7.7646
7.7646
7.7647
7.7647
7.7648
7.7649
7.7649
Woodie's
7.7639
7.7641
7.7645
7.7647
7.7651
7.7653
7.7656
DeMark's
-
-
7.7645
7.7647
7.7651
-
-","Technical IndicatorsJun 17, 2021 10:25PM GMT
Name
Value
Action
RSI(14)
55.596
Buy
STOCH(9,6)
66.163
Buy
STOCHRSI(14)
36.140
Sell
MACD(12,26)
0.000
Buy
ADX(14)
30.256
Sell
Williams %R
-44.743
Buy
CCI(14)
-7.7126
Neutral
ATR(14)
0.0008
Less Volatility
Highs/Lows(14)
0.0000
Neutral
Ultimate Oscillator
60.741
Buy
ROC
0.008
Buy
Bull/Bear Power(13)
-0.0012
Sell
Buy: 6
Sell: 3
Neutral: 2


Summary:Strong Buy","Jun 17, 2021 10:25PM GMT"
eur_usd,1.1910 +0.0004    +0.03%,18:28:16,2021-06-17 22:29:10.527427,"Prev. Close: 1.1906
Bid/Ask: 1.1908 / 1.1912
Day's Range: 1.1906 - 1.1913",Strong Sell,"Summary:Strong Sell
Moving Averages:SellBuy (2)Sell (10)
Technical Indicators:Strong SellBuy (0)Sell (9)","Name
S3
S2
S1
Pivot Points
R1
R2
R3
Classic
1.1902
1.1904
1.1905
1.1907
1.1909
1.1910
1.1912
Fibonacci
1.1904
1.1905
1.1906
1.1907
1.1908
1.1909
1.1910
Camarilla
1.1906
1.1906
1.1906
1.1907
1.1907
1.1907
1.1907
Woodie's
1.1902
1.1904
1.1905
1.1907
1.1909
1.1910
1.1912
DeMark's
-
-
1.1904
1.1906
1.1908
-
-","Technical IndicatorsJun 17, 2021 10:27PM GMT
Name
Value
Action
RSI(14)
29.870
Sell
STOCH(9,6)
28.526
Sell
STOCHRSI(14)
100.000
Overbought
MACD(12,26)
-0.004
Sell
ADX(14)
37.693
Neutral
Williams %R
-72.309
Sell
CCI(14)
-66.9638
Sell
ATR(14)
0.0017
Less Volatility
Highs/Lows(14)
-0.0004
Sell
Ultimate Oscillator
39.358
Sell
ROC
-0.318
Sell
Bull/Bear Power(13)
-0.0020
Sell
Buy: 0
Sell: 9
Neutral: 1


Summary:Strong Sell","Jun 17, 2021 10:27PM GMT"
gbp_usd,1.3931 +0.0012    +0.09%,18:28:32,2021-06-17 22:29:10.531506,"Prev. Close: 1.3919
Bid/Ask: 1.3929 / 1.3933
Day's Range: 1.3915 - 1.3932",Strong Sell,"Summary:Strong Sell
Moving Averages:SellBuy (3)Sell (9)
Technical Indicators:Strong SellBuy (0)Sell (8)","Name
S3
S2
S1
Pivot Points
R1
R2
R3
Classic
1.3898
1.3907
1.3914
1.3922
1.3929
1.3937
1.3944
Fibonacci
1.3907
1.3912
1.3916
1.3922
1.3928
1.3932
1.3937
Camarilla
1.3916
1.3918
1.3919
1.3922
1.3922
1.3923
1.3925
Woodie's
1.3898
1.3907
1.3914
1.3922
1.3929
1.3937
1.3944
DeMark's
-
-
1.3910
1.3920
1.3926
-
-","Technical IndicatorsJun 17, 2021 10:27PM GMT
Name
Value
Action
RSI(14)
38.940
Sell
STOCH(9,6)
39.511
Sell
STOCHRSI(14)
100.000
Overbought
MACD(12,26)
-0.003
Sell
ADX(14)
40.721
Sell
Williams %R
-62.147
Sell
CCI(14)
-42.4896
Neutral
ATR(14)
0.0024
Less Volatility
Highs/Lows(14)
0.0000
Neutral
Ultimate Oscillator
42.701
Sell
ROC
-0.340
Sell
Bull/Bear Power(13)
-0.0005
Sell
Buy: 0
Sell: 8
Neutral: 2


Summary:Strong Sell","Jun 17, 2021 10:27PM GMT"
usd_jpy,110.28 +0.07    +0.07%,18:28:41,2021-06-17 22:29:10.534759,"Prev. Close: 110.20
Bid/Ask: 110.27 / 110.28
Day's Range: 110.17 - 110.83",Sell,"Summary:Sell
Moving Averages:NeutralBuy (6)Sell (6)
Technical Indicators:Strong SellBuy (1)Sell (7)","Name
S3
S2
S1
Pivot Points
R1
R2
R3
Classic
110.14
110.17
110.21
110.24
110.29
110.31
110.36
Fibonacci
110.17
110.19
110.21
110.24
110.27
110.29
110.31
Camarilla
110.24
110.25
110.25
110.24
110.27
110.27
110.28
Woodie's
110.16
110.18
110.23
110.25
110.31
110.32
110.38
DeMark's
-
-
110.23
110.25
110.30
-
-","Technical IndicatorsJun 17, 2021 10:27PM GMT
Name
Value
Action
RSI(14)
43.730
Sell
STOCH(9,6)
18.038
Oversold
STOCHRSI(14)
19.914
Oversold
MACD(12,26)
-0.030
Sell
ADX(14)
31.952
Sell
Williams %R
-82.352
Oversold
CCI(14)
-60.7958
Sell
ATR(14)
0.1171
Less Volatility
Highs/Lows(14)
-0.0596
Sell
Ultimate Oscillator
52.379
Buy
ROC
-0.334
Sell
Bull/Bear Power(13)
-0.1930
Sell
Buy: 1
Sell: 7
Neutral: 0


Summary:Strong Sell","Jun 17, 2021 10:27PM GMT"
aud_usd,0.7557 +0.0006    +0.09%,18:28:48,2021-06-17 22:29:10.537790,"Prev. Close: 0.7550
Bid/Ask: 0.7556 / 0.7557
Day's Range: 0.7547 - 0.7557",Strong Sell,"Summary:Strong Sell
Moving Averages:SellBuy (3)Sell (9)
Technical Indicators:Strong SellBuy (0)Sell (10)","Name
S3
S2
S1
Pivot Points
R1
R2
R3
Classic
0.7538
0.7543
0.7548
0.7552
0.7557
0.7561
0.7566
Fibonacci
0.7543
0.7546
0.7548
0.7552
0.7556
0.7558
0.7561
Camarilla
0.7550
0.7551
0.7552
0.7552
0.7553
0.7554
0.7555
Woodie's
0.7538
0.7543
0.7548
0.7552
0.7557
0.7561
0.7566
DeMark's
-
-
0.7545
0.7551
0.7554
-
-","Technical IndicatorsJun 17, 2021 10:27PM GMT
Name
Value
Action
RSI(14)
31.538
Sell
STOCH(9,6)
26.404
Sell
STOCHRSI(14)
100.000
Overbought
MACD(12,26)
-0.003
Sell
ADX(14)
52.223
Sell
Williams %R
-75.572
Sell
CCI(14)
-65.6599
Sell
ATR(14)
0.0015
Less Volatility
Highs/Lows(14)
-0.0001
Sell
Ultimate Oscillator
38.802
Sell
ROC
-0.599
Sell
Bull/Bear Power(13)
-0.0012
Sell
Buy: 0
Sell: 10
Neutral: 0


Summary:Strong Sell","Jun 17, 2021 10:27PM GMT"
eur_gbp,0.8550 -0.0001    -0.02%,18:28:54,2021-06-17 22:29:10.540811,"Prev. Close: 0.8551
Bid/Ask: 0.8548 / 0.8551
Day's Range: 0.8549 - 0.8557",Strong Sell,"Summary:Strong Sell
Moving Averages:Strong SellBuy (0)Sell (12)
Technical Indicators:Strong SellBuy (2)Sell (8)","Name
S3
S2
S1
Pivot Points
R1
R2
R3
Classic
0.8541
0.8545
0.8549
0.8553
0.8558
0.8561
0.8566
Fibonacci
0.8545
0.8548
0.8550
0.8553
0.8556
0.8558
0.8561
Camarilla
0.8551
0.8552
0.8552
0.8553
0.8554
0.8554
0.8555
Woodie's
0.8541
0.8545
0.8549
0.8553
0.8558
0.8561
0.8566
DeMark's
-
-
0.8551
0.8554
0.8559
-
-","Technical IndicatorsJun 17, 2021 10:27PM GMT
Name
Value
Action
RSI(14)
36.356
Sell
STOCH(9,6)
33.995
Sell
STOCHRSI(14)
53.393
Neutral
MACD(12,26)
-0.001
Sell
ADX(14)
39.954
Sell
Williams %R
-79.629
Sell
CCI(14)
-95.7974
Sell
ATR(14)
0.0010
Less Volatility
Highs/Lows(14)
-0.0001
Sell
Ultimate Oscillator
51.108
Buy
ROC
0.023
Buy
Bull/Bear Power(13)
-0.0017
Sell
Buy: 2
Sell: 8
Neutral: 1


Summary:Strong Sell","Jun 17, 2021 10:27PM GMT"
usd_cad,1.2348 -0.0014    -0.11%,18:28:47,2021-06-17 22:29:10.543789,"Prev. Close: 1.2361
Bid/Ask: 1.2346 / 1.2349
Day's Range: 1.2344 - 1.2368",Strong Buy,"Summary:Strong Buy
Moving Averages:BuyBuy (9)Sell (3)
Technical Indicators:Strong BuyBuy (9)Sell (0)","Name
S3
S2
S1
Pivot Points
R1
R2
R3
Classic
1.2333
1.2342
1.2350
1.2359
1.2367
1.2376
1.2384
Fibonacci
1.2342
1.2348
1.2353
1.2359
1.2365
1.2370
1.2376
Camarilla
1.2353
1.2355
1.2356
1.2359
1.2360
1.2361
1.2363
Woodie's
1.2333
1.2342
1.2350
1.2359
1.2367
1.2376
1.2384
DeMark's
-
-
1.2346
1.2357
1.2363
-
-","Technical IndicatorsJun 17, 2021 10:27PM GMT
Name
Value
Action
RSI(14)
65.224
Buy
STOCH(9,6)
71.895
Buy
STOCHRSI(14)
0.000
Oversold
MACD(12,26)
0.003
Buy
ADX(14)
45.767
Buy
Williams %R
-36.364
Buy
CCI(14)
54.6328
Buy
ATR(14)
0.0023
Less Volatility
Highs/Lows(14)
0.0000
Neutral
Ultimate Oscillator
62.580
Buy
ROC
0.284
Buy
Bull/Bear Power(13)
0.0021
Buy
Buy: 9
Sell: 0
Neutral: 1


Summary:Strong Buy","Jun 17, 2021 10:27PM GMT"
usd_chf,0.9176 +0.0003    +0.03%,18:28:46,2021-06-17 22:29:10.546753,"Prev. Close: 0.9173
Bid/Ask: 0.9172 / 0.9180
Day's Range: 0.9169 - 0.9183",Strong Buy,"Summary:Strong Buy
Moving Averages:Strong BuyBuy (11)Sell (1)
Technical Indicators:Strong BuyBuy (10)Sell (0)","Name
S3
S2
S1
Pivot Points
R1
R2
R3
Classic
0.9155
0.9161
0.9169
0.9176
0.9184
0.9191
0.9198
Fibonacci
0.9161
0.9167
0.9170
0.9176
0.9182
0.9185
0.9191
Camarilla
0.9172
0.9173
0.9175
0.9176
0.9177
0.9179
0.9180
Woodie's
0.9155
0.9161
0.9169
0.9176
0.9184
0.9191
0.9198
DeMark's
-
-
0.9165
0.9174
0.9180
-
-","Technical IndicatorsJun 17, 2021 10:27PM GMT
Name
Value
Action
RSI(14)
74.189
Buy
STOCH(9,6)
74.955
Buy
STOCHRSI(14)
0.000
Oversold
MACD(12,26)
0.003
Buy
ADX(14)
40.046
Buy
Williams %R
-22.222
Buy
CCI(14)
73.6684
Buy
ATR(14)
0.0014
Less Volatility
Highs/Lows(14)
0.0004
Buy
Ultimate Oscillator
58.759
Buy
ROC
0.421
Buy
Bull/Bear Power(13)
0.0032
Buy
Buy: 10
Sell: 0
Neutral: 0


Summary:Strong Buy","Jun 17, 2021 10:27PM GMT"
nzd_chf,0.6434 +0.0015    +0.23%,18:28:52,2021-06-17 22:29:10.549701,"Prev. Close: 0.6419
Bid/Ask: 0.6431 / 0.6437
Day's Range: 0.6421 - 0.6437",Strong Buy,"Summary:Strong Buy
Moving Averages:BuyBuy (11)Sell (1)
Technical Indicators:Strong BuyBuy (7)Sell (3)","Name
S3
S2
S1
Pivot Points
R1
R2
R3
Classic
0.6407
0.6414
0.6420
0.6427
0.6433
0.6440
0.6447
Fibonacci
0.6414
0.6419
0.6422
0.6427
0.6432
0.6435
0.6440
Camarilla
0.6421
0.6423
0.6424
0.6427
0.6426
0.6427
0.6429
Woodie's
0.6405
0.6413
0.6418
0.6426
0.6431
0.6439
0.6445
DeMark's
-
-
0.6416
0.6425
0.6429
-
-","Technical IndicatorsJun 17, 2021 10:27PM GMT
Name
Value
Action
RSI(14)
56.895
Buy
STOCH(9,6)
61.764
Buy
STOCHRSI(14)
89.521
Overbought
MACD(12,26)
0.000
Buy
ADX(14)
30.176
Sell
Williams %R
-36.666
Buy
CCI(14)
84.4561
Buy
ATR(14)
0.0012
Less Volatility
Highs/Lows(14)
0.0002
Buy
Ultimate Oscillator
41.174
Sell
ROC
-0.202
Sell
Bull/Bear Power(13)
0.0003
Buy
Buy: 7
Sell: 3
Neutral: 0


Summary:Strong Buy","Jun 17, 2021 10:27PM GMT"
usd_cny,6.4484 +0.0515    +0.80%,11:27:22,2021-06-17 22:29:10.552671,"Prev. Close: 6.3969
Bid/Ask: 6.4477 / 6.4490
Day's Range: 6.3972 - 6.4494",Strong Buy,"Summary:Strong Buy
Moving Averages:BuyBuy (12)Sell (0)
Technical Indicators:Strong BuyBuy (7)Sell (0)","Name
S3
S2
S1
Pivot Points
R1
R2
R3
Classic
6.4380
6.4399
6.4436
6.4455
6.4492
6.4511
6.4548
Fibonacci
6.4399
6.4420
6.4434
6.4455
6.4476
6.4490
6.4511
Camarilla
6.4458
6.4463
6.4468
6.4455
6.4479
6.4484
6.4489
Woodie's
6.4390
6.4404
6.4446
6.4460
6.4502
6.4516
6.4558
DeMark's
-
-
6.4446
6.4460
6.4502
-
-","Technical IndicatorsJun 17, 2021 03:34PM GMT
Name
Value
Action
RSI(14)
85.433
Overbought
STOCH(9,6)
77.649
Buy
STOCHRSI(14)
100.000
Overbought
MACD(12,26)
0.011
Buy
ADX(14)
61.337
Buy
Williams %R
-3.426
Overbought
CCI(14)
151.8010
Buy
ATR(14)
0.0041
Less Volatility
Highs/Lows(14)
0.0141
Buy
Ultimate Oscillator
82.973
Overbought
ROC
0.391
Buy
Bull/Bear Power(13)
0.0286
Buy
Buy: 7
Sell: 0
Neutral: 0


Summary:Strong Buy","Jun 17, 2021 03:34PM GMT"
usd_hkd,7.7644 0.0000    0.00%,18:28:28,2021-06-17 22:29:10.555639,"Prev. Close: 7.7644
Bid/Ask: 7.7642 / 7.7646
Day's Range: 7.7641 - 7.7650",Strong Buy,"Summary:Strong Buy
Moving Averages:Strong BuyBuy (11)Sell (1)
Technical Indicators:BUYBuy (5)Sell (3)","Name
S3
S2
S1
Pivot Points
R1
R2
R3
Classic
7.7639
7.7641
7.7645
7.7647
7.7651
7.7653
7.7656
Fibonacci
7.7641
7.7643
7.7645
7.7647
7.7649
7.7651
7.7653
Camarilla
7.7646
7.7646
7.7647
7.7647
7.7648
7.7649
7.7649
Woodie's
7.7639
7.7641
7.7645
7.7647
7.7651
7.7653
7.7656
DeMark's
-
-
7.7645
7.7647
7.7651
-
-","Technical IndicatorsJun 17, 2021 10:27PM GMT
Name
Value
Action
RSI(14)
55.089
Buy
STOCH(9,6)
65.521
Buy
STOCHRSI(14)
32.725
Sell
MACD(12,26)
0.000
Buy
ADX(14)
30.256
Sell
Williams %R
-47.378
Neutral
CCI(14)
-12.1565
Neutral
ATR(14)
0.0008
Less Volatility
Highs/Lows(14)
0.0000
Neutral
Ultimate Oscillator
59.876
Buy
ROC
0.008
Buy
Bull/Bear Power(13)
-0.0012
Sell
Buy: 5
Sell: 3
Neutral: 3


Summary:BUY","Jun 17, 2021 10:27PM GMT"
eur_usd,1.1910 +0.0003    +0.03%,18:29:29,2021-06-17 22:30:11.366111,"Prev. Close: 1.1906
Bid/Ask: 1.1909 / 1.1910
Day's Range: 1.1906 - 1.1913",Strong Sell,"Summary:Strong Sell
Moving Averages:SellBuy (2)Sell (10)
Technical Indicators:Strong SellBuy (0)Sell (9)","Name
S3
S2
S1
Pivot Points
R1
R2
R3
Classic
1.1902
1.1904
1.1905
1.1907
1.1909
1.1910
1.1912
Fibonacci
1.1904
1.1905
1.1906
1.1907
1.1908
1.1909
1.1910
Camarilla
1.1906
1.1906
1.1906
1.1907
1.1907
1.1907
1.1907
Woodie's
1.1902
1.1904
1.1905
1.1907
1.1909
1.1910
1.1912
DeMark's
-
-
1.1904
1.1906
1.1908
-
-","Technical IndicatorsJun 17, 2021 10:29PM GMT
Name
Value
Action
RSI(14)
29.592
Sell
STOCH(9,6)
28.363
Sell
STOCHRSI(14)
100.000
Overbought
MACD(12,26)
-0.004
Sell
ADX(14)
37.693
Neutral
Williams %R
-73.077
Sell
CCI(14)
-67.6747
Sell
ATR(14)
0.0017
Less Volatility
Highs/Lows(14)
-0.0004
Sell
Ultimate Oscillator
38.955
Sell
ROC
-0.322
Sell
Bull/Bear Power(13)
-0.0020
Sell
Buy: 0
Sell: 9
Neutral: 1


Summary:Strong Sell","Jun 17, 2021 10:29PM GMT"
gbp_usd,1.3931 +0.0012    +0.09%,18:29:33,2021-06-17 22:30:11.369844,"Prev. Close: 1.3919
Bid/Ask: 1.3930 / 1.3932
Day's Range: 1.3915 - 1.3932",Strong Sell,"Summary:Strong Sell
Moving Averages:SellBuy (4)Sell (8)
Technical Indicators:Strong SellBuy (0)Sell (8)","Name
S3
S2
S1
Pivot Points
R1
R2
R3
Classic
1.3898
1.3907
1.3914
1.3922
1.3929
1.3937
1.3944
Fibonacci
1.3907
1.3912
1.3916
1.3922
1.3928
1.3932
1.3937
Camarilla
1.3916
1.3918
1.3919
1.3922
1.3922
1.3923
1.3925
Woodie's
1.3898
1.3907
1.3914
1.3922
1.3929
1.3937
1.3944
DeMark's
-
-
1.3910
1.3920
1.3926
-
-","Technical IndicatorsJun 17, 2021 10:29PM GMT
Name
Value
Action
RSI(14)
39.489
Sell
STOCH(9,6)
39.887
Sell
STOCHRSI(14)
100.000
Overbought
MACD(12,26)
-0.003
Sell
ADX(14)
40.721
Sell
Williams %R
-60.452
Sell
CCI(14)
-40.3874
Neutral
ATR(14)
0.0024
Less Volatility
Highs/Lows(14)
0.0000
Neutral
Ultimate Oscillator
43.628
Sell
ROC
-0.329
Sell
Bull/Bear Power(13)
-0.0005
Sell
Buy: 0
Sell: 8
Neutral: 2


Summary:Strong Sell","Jun 17, 2021 10:29PM GMT"
usd_jpy,110.28 +0.07    +0.07%,18:29:38,2021-06-17 22:30:11.372700,"Prev. Close: 110.20
Bid/Ask: 110.27 / 110.28
Day's Range: 110.17 - 110.83",Sell,"Summary:Sell
Moving Averages:NeutralBuy (6)Sell (6)
Technical Indicators:Strong SellBuy (1)Sell (7)","Name
S3
S2
S1
Pivot Points
R1
R2
R3
Classic
110.14
110.17
110.21
110.24
110.29
110.31
110.36
Fibonacci
110.17
110.19
110.21
110.24
110.27
110.29
110.31
Camarilla
110.24
110.25
110.25
110.24
110.27
110.27
110.28
Woodie's
110.16
110.18
110.23
110.25
110.31
110.32
110.38
DeMark's
-
-
110.23
110.25
110.30
-
-","Technical IndicatorsJun 17, 2021 10:29PM GMT
Name
Value
Action
RSI(14)
43.730
Sell
STOCH(9,6)
18.038
Oversold
STOCHRSI(14)
19.914
Oversold
MACD(12,26)
-0.030
Sell
ADX(14)
31.434
Sell
Williams %R
-82.352
Oversold
CCI(14)
-60.1888
Sell
ATR(14)
0.1175
Less Volatility
Highs/Lows(14)
-0.0596
Sell
Ultimate Oscillator
52.048
Buy
ROC
-0.334
Sell
Bull/Bear Power(13)
-0.1880
Sell
Buy: 1
Sell: 7
Neutral: 0


Summary:Strong Sell","Jun 17, 2021 10:29PM GMT"
aud_usd,0.7557 +0.0006    +0.09%,18:29:43,2021-06-17 22:30:11.375479,"Prev. Close: 0.7550
Bid/Ask: 0.7556 / 0.7557
Day's Range: 0.7547 - 0.7557",Strong Sell,"Summary:Strong Sell
Moving Averages:SellBuy (3)Sell (9)
Technical Indicators:Strong SellBuy (0)Sell (9)","Name
S3
S2
S1
Pivot Points
R1
R2
R3
Classic
0.7538
0.7543
0.7548
0.7552
0.7557
0.7561
0.7566
Fibonacci
0.7543
0.7546
0.7548
0.7552
0.7556
0.7558
0.7561
Camarilla
0.7550
0.7551
0.7552
0.7552
0.7553
0.7554
0.7555
Woodie's
0.7538
0.7543
0.7548
0.7552
0.7557
0.7561
0.7566
DeMark's
-
-
0.7545
0.7551
0.7554
-
-","Technical IndicatorsJun 17, 2021 10:29PM GMT
Name
Value
Action
RSI(14)
32.233
Sell
STOCH(9,6)
26.901
Sell
STOCHRSI(14)
100.000
Overbought
MACD(12,26)
-0.003
Sell
ADX(14)
52.223
Sell
Williams %R
-74.046
Sell
CCI(14)
-63.9273
Sell
ATR(14)
0.0015
Less Volatility
Highs/Lows(14)
0.0000
Neutral
Ultimate Oscillator
39.708
Sell
ROC
-0.585
Sell
Bull/Bear Power(13)
-0.0012
Sell
Buy: 0
Sell: 9
Neutral: 1


Summary:Strong Sell","Jun 17, 2021 10:29PM GMT"
eur_gbp,0.8549 -0.0002    -0.02%,18:29:38,2021-06-17 22:30:11.378078,"Prev. Close: 0.8551
Bid/Ask: 0.8547 / 0.8551
Day's Range: 0.8549 - 0.8557",Strong Sell,"Summary:Strong Sell
Moving Averages:Strong SellBuy (0)Sell (12)
Technical Indicators:Strong SellBuy (1)Sell (7)","Name
S3
S2
S1
Pivot Points
R1
R2
R3
Classic
0.8541
0.8545
0.8549
0.8553
0.8558
0.8561
0.8566
Fibonacci
0.8545
0.8548
0.8550
0.8553
0.8556
0.8558
0.8561
Camarilla
0.8551
0.8552
0.8552
0.8553
0.8554
0.8554
0.8555
Woodie's
0.8541
0.8545
0.8549
0.8553
0.8558
0.8561
0.8566
DeMark's
-
-
0.8551
0.8554
0.8559
-
-","Technical IndicatorsJun 17, 2021 10:29PM GMT
Name
Value
Action
RSI(14)
35.689
Sell
STOCH(9,6)
33.201
Sell
STOCHRSI(14)
49.580
Neutral
MACD(12,26)
-0.001
Sell
ADX(14)
39.954
Sell
Williams %R
-83.333
Oversold
CCI(14)
-101.8331
Sell
ATR(14)
0.0010
Less Volatility
Highs/Lows(14)
-0.0002
Sell
Ultimate Oscillator
49.643
Neutral
ROC
0.012
Buy
Bull/Bear Power(13)
-0.0017
Sell
Buy: 1
Sell: 7
Neutral: 2


Summary:Strong Sell","Jun 17, 2021 10:29PM GMT"
usd_cad,1.2348 -0.0013    -0.11%,18:29:42,2021-06-17 22:30:11.380693,"Prev. Close: 1.2361
Bid/Ask: 1.2347 / 1.2349
Day's Range: 1.2344 - 1.2368",Strong Buy,"Summary:Strong Buy
Moving Averages:BuyBuy (9)Sell (3)
Technical Indicators:Strong BuyBuy (9)Sell (0)","Name
S3
S2
S1
Pivot Points
R1
R2
R3
Classic
1.2333
1.2342
1.2350
1.2359
1.2367
1.2376
1.2384
Fibonacci
1.2342
1.2348
1.2353
1.2359
1.2365
1.2370
1.2376
Camarilla
1.2353
1.2355
1.2356
1.2359
1.2360
1.2361
1.2363
Woodie's
1.2333
1.2342
1.2350
1.2359
1.2367
1.2376
1.2384
DeMark's
-
-
1.2346
1.2357
1.2363
-
-","Technical IndicatorsJun 17, 2021 10:29PM GMT
Name
Value
Action
RSI(14)
65.481
Buy
STOCH(9,6)
72.012
Buy
STOCHRSI(14)
0.000
Oversold
MACD(12,26)
0.003
Buy
ADX(14)
45.767
Buy
Williams %R
-35.758
Buy
CCI(14)
55.4165
Buy
ATR(14)
0.0023
Less Volatility
Highs/Lows(14)
0.0000
Neutral
Ultimate Oscillator
62.861
Buy
ROC
0.288
Buy
Bull/Bear Power(13)
0.0021
Buy
Buy: 9
Sell: 0
Neutral: 1


Summary:Strong Buy","Jun 17, 2021 10:29PM GMT"
usd_chf,0.9176 +0.0003    +0.03%,18:29:32,2021-06-17 22:30:11.383302,"Prev. Close: 0.9173
Bid/Ask: 0.9172 / 0.9180
Day's Range: 0.9169 - 0.9183",Strong Buy,"Summary:Strong Buy
Moving Averages:BuyBuy (12)Sell (0)
Technical Indicators:Strong BuyBuy (8)Sell (0)","Name
S3
S2
S1
Pivot Points
R1
R2
R3
Classic
0.9155
0.9161
0.9169
0.9176
0.9184
0.9191
0.9198
Fibonacci
0.9161
0.9167
0.9170
0.9176
0.9182
0.9185
0.9191
Camarilla
0.9172
0.9173
0.9175
0.9176
0.9177
0.9179
0.9180
Woodie's
0.9155
0.9161
0.9169
0.9176
0.9184
0.9191
0.9198
DeMark's
-
-
0.9165
0.9174
0.9180
-
-","Technical IndicatorsJun 17, 2021 10:29PM GMT
Name
Value
Action
RSI(14)
75.187
Overbought
STOCH(9,6)
75.758
Buy
STOCHRSI(14)
3.969
Oversold
MACD(12,26)
0.003
Buy
ADX(14)
40.046
Buy
Williams %R
-18.803
Overbought
CCI(14)
76.8281
Buy
ATR(14)
0.0014
Less Volatility
Highs/Lows(14)
0.0006
Buy
Ultimate Oscillator
60.643
Buy
ROC
0.443
Buy
Bull/Bear Power(13)
0.0032
Buy
Buy: 8
Sell: 0
Neutral: 0


Summary:Strong Buy","Jun 17, 2021 10:29PM GMT"
nzd_chf,0.6436 +0.0016    +0.26%,18:29:43,2021-06-17 22:30:11.385874,"Prev. Close: 0.6419
Bid/Ask: 0.6432 / 0.6439
Day's Range: 0.6421 - 0.6437",Strong Buy,"Summary:Strong Buy
Moving Averages:BuyBuy (11)Sell (1)
Technical Indicators:Strong BuyBuy (7)Sell (3)","Name
S3
S2
S1
Pivot Points
R1
R2
R3
Classic
0.6407
0.6414
0.6420
0.6427
0.6433
0.6440
0.6447
Fibonacci
0.6414
0.6419
0.6422
0.6427
0.6432
0.6435
0.6440
Camarilla
0.6421
0.6423
0.6424
0.6427
0.6426
0.6427
0.6429
Woodie's
0.6405
0.6413
0.6418
0.6426
0.6431
0.6439
0.6445
DeMark's
-
-
0.6416
0.6425
0.6429
-
-","Technical IndicatorsJun 17, 2021 10:29PM GMT
Name
Value
Action
RSI(14)
57.520
Buy
STOCH(9,6)
62.539
Buy
STOCHRSI(14)
92.681
Overbought
MACD(12,26)
0.000
Buy
ADX(14)
30.176
Sell
Williams %R
-34.445
Buy
CCI(14)
88.6671
Buy
ATR(14)
0.0012
Less Volatility
Highs/Lows(14)
0.0003
Buy
Ultimate Oscillator
42.293
Sell
ROC
-0.186
Sell
Bull/Bear Power(13)
0.0003
Buy
Buy: 7
Sell: 3
Neutral: 0


Summary:Strong Buy","Jun 17, 2021 10:29PM GMT"
usd_cny,6.4484 +0.0515    +0.80%,11:27:22,2021-06-17 22:30:11.388488,"Prev. Close: 6.3969
Bid/Ask: 6.4477 / 6.4490
Day's Range: 6.3972 - 6.4494",Strong Buy,"Summary:Strong Buy
Moving Averages:BuyBuy (12)Sell (0)
Technical Indicators:Strong BuyBuy (7)Sell (0)","Name
S3
S2
S1
Pivot Points
R1
R2
R3
Classic
6.4380
6.4399
6.4436
6.4455
6.4492
6.4511
6.4548
Fibonacci
6.4399
6.4420
6.4434
6.4455
6.4476
6.4490
6.4511
Camarilla
6.4458
6.4463
6.4468
6.4455
6.4479
6.4484
6.4489
Woodie's
6.4390
6.4404
6.4446
6.4460
6.4502
6.4516
6.4558
DeMark's
-
-
6.4446
6.4460
6.4502
-
-","Technical IndicatorsJun 17, 2021 03:34PM GMT
Name
Value
Action
RSI(14)
85.433
Overbought
STOCH(9,6)
77.649
Buy
STOCHRSI(14)
100.000
Overbought
MACD(12,26)
0.011
Buy
ADX(14)
61.337
Buy
Williams %R
-3.426
Overbought
CCI(14)
151.8010
Buy
ATR(14)
0.0041
Less Volatility
Highs/Lows(14)
0.0141
Buy
Ultimate Oscillator
82.973
Overbought
ROC
0.391
Buy
Bull/Bear Power(13)
0.0286
Buy
Buy: 7
Sell: 0
Neutral: 0


Summary:Strong Buy","Jun 17, 2021 03:34PM GMT"
usd_hkd,7.7647 +0.0003    +0.00%,18:29:33,2021-06-17 22:30:11.391104,"Prev. Close: 7.7644
Bid/Ask: 7.7646 / 7.7648
Day's Range: 7.7641 - 7.7650",Strong Buy,"Summary:Strong Buy
Moving Averages:Strong BuyBuy (11)Sell (1)
Technical Indicators:BUYBuy (5)Sell (3)","Name
S3
S2
S1
Pivot Points
R1
R2
R3
Classic
7.7639
7.7641
7.7645
7.7647
7.7651
7.7653
7.7656
Fibonacci
7.7641
7.7643
7.7645
7.7647
7.7649
7.7651
7.7653
Camarilla
7.7646
7.7646
7.7647
7.7647
7.7648
7.7649
7.7649
Woodie's
7.7639
7.7641
7.7645
7.7647
7.7651
7.7653
7.7656
DeMark's
-
-
7.7645
7.7647
7.7651
-
-","Technical IndicatorsJun 17, 2021 10:29PM GMT
Name
Value
Action
RSI(14)
55.089
Buy
STOCH(9,6)
65.521
Buy
STOCHRSI(14)
32.725
Sell
MACD(12,26)
0.000
Buy
ADX(14)
30.256
Sell
Williams %R
-47.378
Neutral
CCI(14)
-12.1565
Neutral
ATR(14)
0.0008
Less Volatility
Highs/Lows(14)
0.0000
Neutral
Ultimate Oscillator
59.876
Buy
ROC
0.008
Buy
Bull/Bear Power(13)
-0.0012
Sell
Buy: 5
Sell: 3
Neutral: 3


Summary:BUY","Jun 17, 2021 10:29PM GMT"
eur_usd,1.1910 +0.0003    +0.03%,18:30:29,2021-06-17 22:31:10.685492,"Prev. Close: 1.1906
Bid/Ask: 1.1909 / 1.1910
Day's Range: 1.1906 - 1.1913",Strong Sell,"Summary:Strong Sell
Moving Averages:SellBuy (2)Sell (10)
Technical Indicators:Strong SellBuy (0)Sell (9)","Name
S3
S2
S1
Pivot Points
R1
R2
R3
Classic
1.1902
1.1904
1.1905
1.1907
1.1909
1.1910
1.1912
Fibonacci
1.1904
1.1905
1.1906
1.1907
1.1908
1.1909
1.1910
Camarilla
1.1906
1.1906
1.1906
1.1907
1.1907
1.1907
1.1907
Woodie's
1.1902
1.1904
1.1905
1.1907
1.1909
1.1910
1.1912
DeMark's
-
-
1.1904
1.1906
1.1908
-
-","Technical IndicatorsJun 17, 2021 10:29PM GMT
Name
Value
Action
RSI(14)
29.592
Sell
STOCH(9,6)
28.363
Sell
STOCHRSI(14)
100.000
Overbought
MACD(12,26)
-0.004
Sell
ADX(14)
37.693
Neutral
Williams %R
-73.077
Sell
CCI(14)
-67.6747
Sell
ATR(14)
0.0017
Less Volatility
Highs/Lows(14)
-0.0004
Sell
Ultimate Oscillator
38.955
Sell
ROC
-0.322
Sell
Bull/Bear Power(13)
-0.0020
Sell
Buy: 0
Sell: 9
Neutral: 1


Summary:Strong Sell","Jun 17, 2021 10:29PM GMT"
gbp_usd,1.3932 +0.0013    +0.09%,18:30:50,2021-06-17 22:31:10.689689,"Prev. Close: 1.3919
Bid/Ask: 1.3930 / 1.3934
Day's Range: 1.3915 - 1.3932",Strong Sell,"Summary:Strong Sell
Moving Averages:SellBuy (4)Sell (8)
Technical Indicators:Strong SellBuy (0)Sell (8)","Name
S3
S2
S1
Pivot Points
R1
R2
R3
Classic
1.3898
1.3907
1.3914
1.3922
1.3929
1.3937
1.3944
Fibonacci
1.3907
1.3912
1.3916
1.3922
1.3928
1.3932
1.3937
Camarilla
1.3916
1.3918
1.3919
1.3922
1.3922
1.3923
1.3925
Woodie's
1.3898
1.3907
1.3914
1.3922
1.3929
1.3937
1.3944
DeMark's
-
-
1.3910
1.3920
1.3926
-
-","Technical IndicatorsJun 17, 2021 10:30PM GMT
Name
Value
Action
RSI(14)
39.489
Sell
STOCH(9,6)
39.887
Sell
STOCHRSI(14)
100.000
Overbought
MACD(12,26)
-0.003
Sell
ADX(14)
40.721
Sell
Williams %R
-60.452
Sell
CCI(14)
-40.3874
Neutral
ATR(14)
0.0024
Less Volatility
Highs/Lows(14)
0.0000
Neutral
Ultimate Oscillator
43.628
Sell
ROC
-0.329
Sell
Bull/Bear Power(13)
-0.0005
Sell
Buy: 0
Sell: 8
Neutral: 2


Summary:Strong Sell","Jun 17, 2021 10:30PM GMT"
usd_jpy,110.28 +0.07    +0.07%,18:30:39,2021-06-17 22:31:10.693270,"Prev. Close: 110.20
Bid/Ask: 110.27 / 110.28
Day's Range: 110.17 - 110.83",Sell,"Summary:Sell
Moving Averages:NeutralBuy (6)Sell (6)
Technical Indicators:Strong SellBuy (1)Sell (7)","Name
S3
S2
S1
Pivot Points
R1
R2
R3
Classic
110.14
110.17
110.21
110.24
110.29
110.31
110.36
Fibonacci
110.17
110.19
110.21
110.24
110.27
110.29
110.31
Camarilla
110.24
110.25
110.25
110.24
110.27
110.27
110.28
Woodie's
110.16
110.18
110.23
110.25
110.31
110.32
110.38
DeMark's
-
-
110.23
110.25
110.30
-
-","Technical IndicatorsJun 17, 2021 10:29PM GMT
Name
Value
Action
RSI(14)
43.730
Sell
STOCH(9,6)
18.038
Oversold
STOCHRSI(14)
19.914
Oversold
MACD(12,26)
-0.030
Sell
ADX(14)
31.434
Sell
Williams %R
-82.352
Oversold
CCI(14)
-60.1888
Sell
ATR(14)
0.1175
Less Volatility
Highs/Lows(14)
-0.0596
Sell
Ultimate Oscillator
52.048
Buy
ROC
-0.334
Sell
Bull/Bear Power(13)
-0.1880
Sell
Buy: 1
Sell: 7
Neutral: 0


Summary:Strong Sell","Jun 17, 2021 10:29PM GMT"
aud_usd,0.7557 +0.0006    +0.09%,18:30:52,2021-06-17 22:31:10.696604,"Prev. Close: 0.7550
Bid/Ask: 0.7556 / 0.7557
Day's Range: 0.7547 - 0.7557",Strong Sell,"Summary:Strong Sell
Moving Averages:SellBuy (3)Sell (9)
Technical Indicators:Strong SellBuy (0)Sell (9)","Name
S3
S2
S1
Pivot Points
R1
R2
R3
Classic
0.7538
0.7543
0.7548
0.7552
0.7557
0.7561
0.7566
Fibonacci
0.7543
0.7546
0.7548
0.7552
0.7556
0.7558
0.7561
Camarilla
0.7550
0.7551
0.7552
0.7552
0.7553
0.7554
0.7555
Woodie's
0.7538
0.7543
0.7548
0.7552
0.7557
0.7561
0.7566
DeMark's
-
-
0.7545
0.7551
0.7554
-
-","Technical IndicatorsJun 17, 2021 10:29PM GMT
Name
Value
Action
RSI(14)
32.233
Sell
STOCH(9,6)
26.901
Sell
STOCHRSI(14)
100.000
Overbought
MACD(12,26)
-0.003
Sell
ADX(14)
52.223
Sell
Williams %R
-74.046
Sell
CCI(14)
-63.9273
Sell
ATR(14)
0.0015
Less Volatility
Highs/Lows(14)
0.0000
Neutral
Ultimate Oscillator
39.708
Sell
ROC
-0.585
Sell
Bull/Bear Power(13)
-0.0012
Sell
Buy: 0
Sell: 9
Neutral: 1


Summary:Strong Sell","Jun 17, 2021 10:29PM GMT"
eur_gbp,0.8549 -0.0002    -0.02%,18:30:54,2021-06-17 22:31:10.699806,"Prev. Close: 0.8551
Bid/Ask: 0.8547 / 0.8551
Day's Range: 0.8549 - 0.8557",Strong Sell,"Summary:Strong Sell
Moving Averages:Strong SellBuy (0)Sell (12)
Technical Indicators:Strong SellBuy (1)Sell (7)","Name
S3
S2
S1
Pivot Points
R1
R2
R3
Classic
0.8541
0.8545
0.8549
0.8553
0.8558
0.8561
0.8566
Fibonacci
0.8545
0.8548
0.8550
0.8553
0.8556
0.8558
0.8561
Camarilla
0.8551
0.8552
0.8552
0.8553
0.8554
0.8554
0.8555
Woodie's
0.8541
0.8545
0.8549
0.8553
0.8558
0.8561
0.8566
DeMark's
-
-
0.8551
0.8554
0.8559
-
-","Technical IndicatorsJun 17, 2021 10:29PM GMT
Name
Value
Action
RSI(14)
35.689
Sell
STOCH(9,6)
33.201
Sell
STOCHRSI(14)
49.580
Neutral
MACD(12,26)
-0.001
Sell
ADX(14)
39.954
Sell
Williams %R
-83.333
Oversold
CCI(14)
-101.8331
Sell
ATR(14)
0.0010
Less Volatility
Highs/Lows(14)
-0.0002
Sell
Ultimate Oscillator
49.643
Neutral
ROC
0.012
Buy
Bull/Bear Power(13)
-0.0017
Sell
Buy: 1
Sell: 7
Neutral: 2


Summary:Strong Sell","Jun 17, 2021 10:29PM GMT"
usd_cad,1.2348 -0.0013    -0.11%,18:30:53,2021-06-17 22:31:10.702919,"Prev. Close: 1.2361
Bid/Ask: 1.2347 / 1.2349
Day's Range: 1.2344 - 1.2368",Strong Buy,"Summary:Strong Buy
Moving Averages:BuyBuy (9)Sell (3)
Technical Indicators:Strong BuyBuy (9)Sell (0)","Name
S3
S2
S1
Pivot Points
R1
R2
R3
Classic
1.2333
1.2342
1.2350
1.2359
1.2367
1.2376
1.2384
Fibonacci
1.2342
1.2348
1.2353
1.2359
1.2365
1.2370
1.2376
Camarilla
1.2353
1.2355
1.2356
1.2359
1.2360
1.2361
1.2363
Woodie's
1.2333
1.2342
1.2350
1.2359
1.2367
1.2376
1.2384
DeMark's
-
-
1.2346
1.2357
1.2363
-
-","Technical IndicatorsJun 17, 2021 10:29PM GMT
Name
Value
Action
RSI(14)
65.481
Buy
STOCH(9,6)
72.012
Buy
STOCHRSI(14)
0.000
Oversold
MACD(12,26)
0.003
Buy
ADX(14)
45.767
Buy
Williams %R
-35.758
Buy
CCI(14)
55.4165
Buy
ATR(14)
0.0023
Less Volatility
Highs/Lows(14)
0.0000
Neutral
Ultimate Oscillator
62.861
Buy
ROC
0.288
Buy
Bull/Bear Power(13)
0.0021
Buy
Buy: 9
Sell: 0
Neutral: 1


Summary:Strong Buy","Jun 17, 2021 10:29PM GMT"
usd_chf,0.9176 +0.0003    +0.03%,18:30:43,2021-06-17 22:31:10.706005,"Prev. Close: 0.9173
Bid/Ask: 0.9172 / 0.9180
Day's Range: 0.9169 - 0.9183",Strong Buy,"Summary:Strong Buy
Moving Averages:BuyBuy (12)Sell (0)
Technical Indicators:Strong BuyBuy (8)Sell (0)","Name
S3
S2
S1
Pivot Points
R1
R2
R3
Classic
0.9155
0.9161
0.9169
0.9176
0.9184
0.9191
0.9198
Fibonacci
0.9161
0.9167
0.9170
0.9176
0.9182
0.9185
0.9191
Camarilla
0.9172
0.9173
0.9175
0.9176
0.9177
0.9179
0.9180
Woodie's
0.9155
0.9161
0.9169
0.9176
0.9184
0.9191
0.9198
DeMark's
-
-
0.9165
0.9174
0.9180
-
-","Technical IndicatorsJun 17, 2021 10:29PM GMT
Name
Value
Action
RSI(14)
75.187
Overbought
STOCH(9,6)
75.758
Buy
STOCHRSI(14)
3.969
Oversold
MACD(12,26)
0.003
Buy
ADX(14)
40.046
Buy
Williams %R
-18.803
Overbought
CCI(14)
76.8281
Buy
ATR(14)
0.0014
Less Volatility
Highs/Lows(14)
0.0006
Buy
Ultimate Oscillator
60.643
Buy
ROC
0.443
Buy
Bull/Bear Power(13)
0.0032
Buy
Buy: 8
Sell: 0
Neutral: 0


Summary:Strong Buy","Jun 17, 2021 10:29PM GMT"
nzd_chf,0.6434 +0.0015    +0.23%,18:30:55,2021-06-17 22:31:10.709124,"Prev. Close: 0.6419
Bid/Ask: 0.6430 / 0.6438
Day's Range: 0.6421 - 0.6437",Strong Buy,"Summary:Strong Buy
Moving Averages:BuyBuy (11)Sell (1)
Technical Indicators:Strong BuyBuy (7)Sell (3)","Name
S3
S2
S1
Pivot Points
R1
R2
R3
Classic
0.6407
0.6414
0.6420
0.6427
0.6433
0.6440
0.6447
Fibonacci
0.6414
0.6419
0.6422
0.6427
0.6432
0.6435
0.6440
Camarilla
0.6421
0.6423
0.6424
0.6427
0.6426
0.6427
0.6429
Woodie's
0.6405
0.6413
0.6418
0.6426
0.6431
0.6439
0.6445
DeMark's
-
-
0.6416
0.6425
0.6429
-
-","Technical IndicatorsJun 17, 2021 10:29PM GMT
Name
Value
Action
RSI(14)
57.520
Buy
STOCH(9,6)
62.539
Buy
STOCHRSI(14)
92.681
Overbought
MACD(12,26)
0.000
Buy
ADX(14)
30.176
Sell
Williams %R
-34.445
Buy
CCI(14)
88.6671
Buy
ATR(14)
0.0012
Less Volatility
Highs/Lows(14)
0.0003
Buy
Ultimate Oscillator
42.293
Sell
ROC
-0.186
Sell
Bull/Bear Power(13)
0.0003
Buy
Buy: 7
Sell: 3
Neutral: 0


Summary:Strong Buy","Jun 17, 2021 10:29PM GMT"
usd_cny,6.4484 +0.0515    +0.80%,11:27:22,2021-06-17 22:31:10.712180,"Prev. Close: 6.3969
Bid/Ask: 6.4477 / 6.4490
Day's Range: 6.3972 - 6.4494",Strong Buy,"Summary:Strong Buy
Moving Averages:BuyBuy (12)Sell (0)
Technical Indicators:Strong BuyBuy (7)Sell (0)","Name
S3
S2
S1
Pivot Points
R1
R2
R3
Classic
6.4380
6.4399
6.4436
6.4455
6.4492
6.4511
6.4548
Fibonacci
6.4399
6.4420
6.4434
6.4455
6.4476
6.4490
6.4511
Camarilla
6.4458
6.4463
6.4468
6.4455
6.4479
6.4484
6.4489
Woodie's
6.4390
6.4404
6.4446
6.4460
6.4502
6.4516
6.4558
DeMark's
-
-
6.4446
6.4460
6.4502
-
-","Technical IndicatorsJun 17, 2021 03:34PM GMT
Name
Value
Action
RSI(14)
85.433
Overbought
STOCH(9,6)
77.649
Buy
STOCHRSI(14)
100.000
Overbought
MACD(12,26)
0.011
Buy
ADX(14)
61.337
Buy
Williams %R
-3.426
Overbought
CCI(14)
151.8010
Buy
ATR(14)
0.0041
Less Volatility
Highs/Lows(14)
0.0141
Buy
Ultimate Oscillator
82.973
Overbought
ROC
0.391
Buy
Bull/Bear Power(13)
0.0286
Buy
Buy: 7
Sell: 0
Neutral: 0


Summary:Strong Buy","Jun 17, 2021 03:34PM GMT"
usd_hkd,7.7647 +0.0003    +0.00%,18:30:39,2021-06-17 22:31:10.715262,"Prev. Close: 7.7644
Bid/Ask: 7.7646 / 7.7648
Day's Range: 7.7641 - 7.7650",Strong Buy,"Summary:Strong Buy
Moving Averages:Strong BuyBuy (11)Sell (1)
Technical Indicators:BUYBuy (5)Sell (3)","Name
S3
S2
S1
Pivot Points
R1
R2
R3
Classic
7.7639
7.7641
7.7645
7.7647
7.7651
7.7653
7.7656
Fibonacci
7.7641
7.7643
7.7645
7.7647
7.7649
7.7651
7.7653
Camarilla
7.7646
7.7646
7.7647
7.7647
7.7648
7.7649
7.7649
Woodie's
7.7639
7.7641
7.7645
7.7647
7.7651
7.7653
7.7656
DeMark's
-
-
7.7645
7.7647
7.7651
-
-","Technical IndicatorsJun 17, 2021 10:29PM GMT
Name
Value
Action
RSI(14)
55.089
Buy
STOCH(9,6)
65.521
Buy
STOCHRSI(14)
32.725
Sell
MACD(12,26)
0.000
Buy
ADX(14)
30.256
Sell
Williams %R
-47.378
Neutral
CCI(14)
-12.1565
Neutral
ATR(14)
0.0008
Less Volatility
Highs/Lows(14)
0.0000
Neutral
Ultimate Oscillator
59.876
Buy
ROC
0.008
Buy
Bull/Bear Power(13)
-0.0012
Sell
Buy: 5
Sell: 3
Neutral: 3


Summary:BUY","Jun 17, 2021 10:29PM GMT"
eur_usd,1.1910 +0.0004    +0.03%,18:31:40,2021-06-17 22:32:10.480663,"Prev. Close: 1.1906
Bid/Ask: 1.1909 / 1.1911
Day's Range: 1.1906 - 1.1913",Strong Sell,"Summary:Strong Sell
Moving Averages:SellBuy (2)Sell (10)
Technical Indicators:Strong SellBuy (0)Sell (9)","Name
S3
S2
S1
Pivot Points
R1
R2
R3
Classic
1.1902
1.1904
1.1905
1.1907
1.1909
1.1910
1.1912
Fibonacci
1.1904
1.1905
1.1906
1.1907
1.1908
1.1909
1.1910
Camarilla
1.1906
1.1906
1.1906
1.1907
1.1907
1.1907
1.1907
Woodie's
1.1902
1.1904
1.1905
1.1907
1.1909
1.1910
1.1912
DeMark's
-
-
1.1904
1.1906
1.1908
-
-","Technical IndicatorsJun 17, 2021 10:31PM GMT
Name
Value
Action
RSI(14)
29.592
Sell
STOCH(9,6)
28.363
Sell
STOCHRSI(14)
100.000
Overbought
MACD(12,26)
-0.004
Sell
ADX(14)
37.693
Neutral
Williams %R
-73.077
Sell
CCI(14)
-67.6747
Sell
ATR(14)
0.0017
Less Volatility
Highs/Lows(14)
-0.0004
Sell
Ultimate Oscillator
38.955
Sell
ROC
-0.322
Sell
Bull/Bear Power(13)
-0.0020
Sell
Buy: 0
Sell: 9
Neutral: 1


Summary:Strong Sell","Jun 17, 2021 10:31PM GMT"
gbp_usd,1.3932 +0.0013    +0.09%,18:31:33,2021-06-17 22:32:10.484671,"Prev. Close: 1.3919
Bid/Ask: 1.3931 / 1.3933
Day's Range: 1.3915 - 1.3933",Strong Sell,"Summary:Strong Sell
Moving Averages:SellBuy (4)Sell (8)
Technical Indicators:Strong SellBuy (0)Sell (8)","Name
S3
S2
S1
Pivot Points
R1
R2
R3
Classic
1.3898
1.3907
1.3914
1.3922
1.3929
1.3937
1.3944
Fibonacci
1.3907
1.3912
1.3916
1.3922
1.3928
1.3932
1.3937
Camarilla
1.3916
1.3918
1.3919
1.3922
1.3922
1.3923
1.3925
Woodie's
1.3898
1.3907
1.3914
1.3922
1.3929
1.3937
1.3944
DeMark's
-
-
1.3910
1.3920
1.3926
-
-","Technical IndicatorsJun 17, 2021 10:30PM GMT
Name
Value
Action
RSI(14)
39.489
Sell
STOCH(9,6)
39.887
Sell
STOCHRSI(14)
100.000
Overbought
MACD(12,26)
-0.003
Sell
ADX(14)
40.721
Sell
Williams %R
-60.452
Sell
CCI(14)
-40.3874
Neutral
ATR(14)
0.0024
Less Volatility
Highs/Lows(14)
0.0000
Neutral
Ultimate Oscillator
43.628
Sell
ROC
-0.329
Sell
Bull/Bear Power(13)
-0.0005
Sell
Buy: 0
Sell: 8
Neutral: 2


Summary:Strong Sell","Jun 17, 2021 10:30PM GMT"
usd_jpy,110.28 +0.07    +0.07%,18:31:42,2021-06-17 22:32:10.487759,"Prev. Close: 110.20
Bid/Ask: 110.27 / 110.28
Day's Range: 110.17 - 110.83",Sell,"Summary:Sell
Moving Averages:NeutralBuy (6)Sell (6)
Technical Indicators:Strong SellBuy (1)Sell (7)","Name
S3
S2
S1
Pivot Points
R1
R2
R3
Classic
110.14
110.17
110.21
110.24
110.29
110.31
110.36
Fibonacci
110.17
110.19
110.21
110.24
110.27
110.29
110.31
Camarilla
110.24
110.25
110.25
110.24
110.27
110.27
110.28
Woodie's
110.16
110.18
110.23
110.25
110.31
110.32
110.38
DeMark's
-
-
110.23
110.25
110.30
-
-","Technical IndicatorsJun 17, 2021 10:29PM GMT
Name
Value
Action
RSI(14)
43.730
Sell
STOCH(9,6)
18.038
Oversold
STOCHRSI(14)
19.914
Oversold
MACD(12,26)
-0.030
Sell
ADX(14)
31.434
Sell
Williams %R
-82.352
Oversold
CCI(14)
-60.1888
Sell
ATR(14)
0.1175
Less Volatility
Highs/Lows(14)
-0.0596
Sell
Ultimate Oscillator
52.048
Buy
ROC
-0.334
Sell
Bull/Bear Power(13)
-0.1880
Sell
Buy: 1
Sell: 7
Neutral: 0


Summary:Strong Sell","Jun 17, 2021 10:29PM GMT"
aud_usd,0.7557 +0.0006    +0.09%,18:31:43,2021-06-17 22:32:10.490723,"Prev. Close: 0.7550
Bid/Ask: 0.7556 / 0.7557
Day's Range: 0.7547 - 0.7557",Strong Sell,"Summary:Strong Sell
Moving Averages:SellBuy (3)Sell (9)
Technical Indicators:Strong SellBuy (0)Sell (9)","Name
S3
S2
S1
Pivot Points
R1
R2
R3
Classic
0.7538
0.7543
0.7548
0.7552
0.7557
0.7561
0.7566
Fibonacci
0.7543
0.7546
0.7548
0.7552
0.7556
0.7558
0.7561
Camarilla
0.7550
0.7551
0.7552
0.7552
0.7553
0.7554
0.7555
Woodie's
0.7538
0.7543
0.7548
0.7552
0.7557
0.7561
0.7566
DeMark's
-
-
0.7545
0.7551
0.7554
-
-","Technical IndicatorsJun 17, 2021 10:31PM GMT
Name
Value
Action
RSI(14)
32.575
Sell
STOCH(9,6)
27.150
Sell
STOCHRSI(14)
100.000
Overbought
MACD(12,26)
-0.003
Sell
ADX(14)
52.223
Sell
Williams %R
-73.283
Sell
CCI(14)
-63.0579
Sell
ATR(14)
0.0015
Less Volatility
Highs/Lows(14)
0.0000
Neutral
Ultimate Oscillator
40.162
Sell
ROC
-0.579
Sell
Bull/Bear Power(13)
-0.0012
Sell
Buy: 0
Sell: 9
Neutral: 1


Summary:Strong Sell","Jun 17, 2021 10:31PM GMT"
eur_gbp,0.8549 -0.0002    -0.02%,18:31:38,2021-06-17 22:32:10.493630,"Prev. Close: 0.8551
Bid/Ask: 0.8547 / 0.8551
Day's Range: 0.8548 - 0.8557",Strong Sell,"Summary:Strong Sell
Moving Averages:Strong SellBuy (0)Sell (12)
Technical Indicators:Strong SellBuy (1)Sell (7)","Name
S3
S2
S1
Pivot Points
R1
R2
R3
Classic
0.8541
0.8545
0.8549
0.8553
0.8558
0.8561
0.8566
Fibonacci
0.8545
0.8548
0.8550
0.8553
0.8556
0.8558
0.8561
Camarilla
0.8551
0.8552
0.8552
0.8553
0.8554
0.8554
0.8555
Woodie's
0.8541
0.8545
0.8549
0.8553
0.8558
0.8561
0.8566
DeMark's
-
-
0.8551
0.8554
0.8559
-
-","Technical IndicatorsJun 17, 2021 10:29PM GMT
Name
Value
Action
RSI(14)
35.689
Sell
STOCH(9,6)
33.201
Sell
STOCHRSI(14)
49.580
Neutral
MACD(12,26)
-0.001
Sell
ADX(14)
39.954
Sell
Williams %R
-83.333
Oversold
CCI(14)
-101.8331
Sell
ATR(14)
0.0010
Less Volatility
Highs/Lows(14)
-0.0002
Sell
Ultimate Oscillator
49.643
Neutral
ROC
0.012
Buy
Bull/Bear Power(13)
-0.0017
Sell
Buy: 1
Sell: 7
Neutral: 2


Summary:Strong Sell","Jun 17, 2021 10:29PM GMT"
usd_cad,1.2348 -0.0014    -0.11%,18:31:39,2021-06-17 22:32:10.496555,"Prev. Close: 1.2361
Bid/Ask: 1.2346 / 1.2349
Day's Range: 1.2344 - 1.2368",Strong Buy,"Summary:Strong Buy
Moving Averages:BuyBuy (9)Sell (3)
Technical Indicators:Strong BuyBuy (9)Sell (0)","Name
S3
S2
S1
Pivot Points
R1
R2
R3
Classic
1.2333
1.2342
1.2350
1.2359
1.2367
1.2376
1.2384
Fibonacci
1.2342
1.2348
1.2353
1.2359
1.2365
1.2370
1.2376
Camarilla
1.2353
1.2355
1.2356
1.2359
1.2360
1.2361
1.2363
Woodie's
1.2333
1.2342
1.2350
1.2359
1.2367
1.2376
1.2384
DeMark's
-
-
1.2346
1.2357
1.2363
-
-","Technical IndicatorsJun 17, 2021 10:30PM GMT
Name
Value
Action
RSI(14)
65.481
Buy
STOCH(9,6)
72.012
Buy
STOCHRSI(14)
0.000
Oversold
MACD(12,26)
0.003
Buy
ADX(14)
45.767
Buy
Williams %R
-35.758
Buy
CCI(14)
55.4165
Buy
ATR(14)
0.0023
Less Volatility
Highs/Lows(14)
0.0000
Neutral
Ultimate Oscillator
62.861
Buy
ROC
0.288
Buy
Bull/Bear Power(13)
0.0021
Buy
Buy: 9
Sell: 0
Neutral: 1


Summary:Strong Buy","Jun 17, 2021 10:30PM GMT"
usd_chf,0.9175 +0.0002    +0.02%,18:31:29,2021-06-17 22:32:10.499478,"Prev. Close: 0.9173
Bid/Ask: 0.9171 / 0.9179
Day's Range: 0.9169 - 0.9183",Strong Buy,"Summary:Strong Buy
Moving Averages:BuyBuy (12)Sell (0)
Technical Indicators:Strong BuyBuy (8)Sell (0)","Name
S3
S2
S1
Pivot Points
R1
R2
R3
Classic
0.9155
0.9161
0.9169
0.9176
0.9184
0.9191
0.9198
Fibonacci
0.9161
0.9167
0.9170
0.9176
0.9182
0.9185
0.9191
Camarilla
0.9172
0.9173
0.9175
0.9176
0.9177
0.9179
0.9180
Woodie's
0.9155
0.9161
0.9169
0.9176
0.9184
0.9191
0.9198
DeMark's
-
-
0.9165
0.9174
0.9180
-
-","Technical IndicatorsJun 17, 2021 10:30PM GMT
Name
Value
Action
RSI(14)
75.187
Overbought
STOCH(9,6)
75.758
Buy
STOCHRSI(14)
3.969
Oversold
MACD(12,26)
0.003
Buy
ADX(14)
40.046
Buy
Williams %R
-18.803
Overbought
CCI(14)
76.8281
Buy
ATR(14)
0.0014
Less Volatility
Highs/Lows(14)
0.0006
Buy
Ultimate Oscillator
60.643
Buy
ROC
0.443
Buy
Bull/Bear Power(13)
0.0032
Buy
Buy: 8
Sell: 0
Neutral: 0


Summary:Strong Buy","Jun 17, 2021 10:30PM GMT"
nzd_chf,0.6435 +0.0016    +0.25%,18:31:43,2021-06-17 22:32:10.502374,"Prev. Close: 0.6419
Bid/Ask: 0.6432 / 0.6438
Day's Range: 0.6421 - 0.6437",Strong Buy,"Summary:Strong Buy
Moving Averages:BuyBuy (11)Sell (1)
Technical Indicators:Strong BuyBuy (7)Sell (3)","Name
S3
S2
S1
Pivot Points
R1
R2
R3
Classic
0.6407
0.6414
0.6420
0.6427
0.6433
0.6440
0.6447
Fibonacci
0.6414
0.6419
0.6422
0.6427
0.6432
0.6435
0.6440
Camarilla
0.6421
0.6423
0.6424
0.6427
0.6426
0.6427
0.6429
Woodie's
0.6405
0.6413
0.6418
0.6426
0.6431
0.6439
0.6445
DeMark's
-
-
0.6416
0.6425
0.6429
-
-","Technical IndicatorsJun 17, 2021 10:31PM GMT
Name
Value
Action
RSI(14)
56.895
Buy
STOCH(9,6)
61.764
Buy
STOCHRSI(14)
89.521
Overbought
MACD(12,26)
0.000
Buy
ADX(14)
30.176
Sell
Williams %R
-36.666
Buy
CCI(14)
84.4561
Buy
ATR(14)
0.0012
Less Volatility
Highs/Lows(14)
0.0002
Buy
Ultimate Oscillator
41.174
Sell
ROC
-0.202
Sell
Bull/Bear Power(13)
0.0003
Buy
Buy: 7
Sell: 3
Neutral: 0


Summary:Strong Buy","Jun 17, 2021 10:31PM GMT"
usd_cny,6.4484 +0.0515    +0.80%,11:27:22,2021-06-17 22:32:10.505344,"Prev. Close: 6.3969
Bid/Ask: 6.4477 / 6.4490
Day's Range: 6.3972 - 6.4494",Strong Buy,"Summary:Strong Buy
Moving Averages:BuyBuy (12)Sell (0)
Technical Indicators:Strong BuyBuy (7)Sell (0)","Name
S3
S2
S1
Pivot Points
R1
R2
R3
Classic
6.4380
6.4399
6.4436
6.4455
6.4492
6.4511
6.4548
Fibonacci
6.4399
6.4420
6.4434
6.4455
6.4476
6.4490
6.4511
Camarilla
6.4458
6.4463
6.4468
6.4455
6.4479
6.4484
6.4489
Woodie's
6.4390
6.4404
6.4446
6.4460
6.4502
6.4516
6.4558
DeMark's
-
-
6.4446
6.4460
6.4502
-
-","Technical IndicatorsJun 17, 2021 03:34PM GMT
Name
Value
Action
RSI(14)
85.433
Overbought
STOCH(9,6)
77.649
Buy
STOCHRSI(14)
100.000
Overbought
MACD(12,26)
0.011
Buy
ADX(14)
61.337
Buy
Williams %R
-3.426
Overbought
CCI(14)
151.8010
Buy
ATR(14)
0.0041
Less Volatility
Highs/Lows(14)
0.0141
Buy
Ultimate Oscillator
82.973
Overbought
ROC
0.391
Buy
Bull/Bear Power(13)
0.0286
Buy
Buy: 7
Sell: 0
Neutral: 0


Summary:Strong Buy","Jun 17, 2021 03:34PM GMT"
usd_hkd,7.7648 +0.0003    +0.00%,18:31:33,2021-06-17 22:32:10.508256,"Prev. Close: 7.7644
Bid/Ask: 7.7647 / 7.7648
Day's Range: 7.7641 - 7.7650",Strong Buy,"Summary:Strong Buy
Moving Averages:Strong BuyBuy (11)Sell (1)
Technical Indicators:Strong BuyBuy (6)Sell (3)","Name
S3
S2
S1
Pivot Points
R1
R2
R3
Classic
7.7639
7.7641
7.7645
7.7647
7.7651
7.7653
7.7656
Fibonacci
7.7641
7.7643
7.7645
7.7647
7.7649
7.7651
7.7653
Camarilla
7.7646
7.7646
7.7647
7.7647
7.7648
7.7649
7.7649
Woodie's
7.7639
7.7641
7.7645
7.7647
7.7651
7.7653
7.7656
DeMark's
-
-
7.7645
7.7647
7.7651
-
-","Technical IndicatorsJun 17, 2021 10:31PM GMT
Name
Value
Action
RSI(14)
55.596
Buy
STOCH(9,6)
66.163
Buy
STOCHRSI(14)
36.140
Sell
MACD(12,26)
0.000
Buy
ADX(14)
30.256
Sell
Williams %R
-44.743
Buy
CCI(14)
-7.7126
Neutral
ATR(14)
0.0008
Less Volatility
Highs/Lows(14)
0.0000
Neutral
Ultimate Oscillator
60.741
Buy
ROC
0.008
Buy
Bull/Bear Power(13)
-0.0012
Sell
Buy: 6
Sell: 3
Neutral: 2


Summary:Strong Buy","Jun 17, 2021 10:31PM GMT"
eur_usd,1.1910 +0.0004    +0.03%,18:32:32,2021-06-17 22:33:10.237863,"Prev. Close: 1.1906
Bid/Ask: 1.1909 / 1.1911
Day's Range: 1.1906 - 1.1913",Strong Sell,"Summary:Strong Sell
Moving Averages:SellBuy (2)Sell (10)
Technical Indicators:Strong SellBuy (0)Sell (9)","Name
S3
S2
S1
Pivot Points
R1
R2
R3
Classic
1.1902
1.1904
1.1905
1.1907
1.1909
1.1910
1.1912
Fibonacci
1.1904
1.1905
1.1906
1.1907
1.1908
1.1909
1.1910
Camarilla
1.1906
1.1906
1.1906
1.1907
1.1907
1.1907
1.1907
Woodie's
1.1902
1.1904
1.1905
1.1907
1.1909
1.1910
1.1912
DeMark's
-
-
1.1904
1.1906
1.1908
-
-","Technical IndicatorsJun 17, 2021 10:31PM GMT
Name
Value
Action
RSI(14)
29.592
Sell
STOCH(9,6)
28.363
Sell
STOCHRSI(14)
100.000
Overbought
MACD(12,26)
-0.004
Sell
ADX(14)
37.693
Neutral
Williams %R
-73.077
Sell
CCI(14)
-67.6747
Sell
ATR(14)
0.0017
Less Volatility
Highs/Lows(14)
-0.0004
Sell
Ultimate Oscillator
38.955
Sell
ROC
-0.322
Sell
Bull/Bear Power(13)
-0.0020
Sell
Buy: 0
Sell: 9
Neutral: 1


Summary:Strong Sell","Jun 17, 2021 10:31PM GMT"
gbp_usd,1.3932 +0.0013    +0.09%,18:32:42,2021-06-17 22:33:10.241890,"Prev. Close: 1.3919
Bid/Ask: 1.3930 / 1.3934
Day's Range: 1.3915 - 1.3933",Strong Sell,"Summary:Strong Sell
Moving Averages:SellBuy (4)Sell (8)
Technical Indicators:Strong SellBuy (0)Sell (8)","Name
S3
S2
S1
Pivot Points
R1
R2
R3
Classic
1.3898
1.3907
1.3914
1.3922
1.3929
1.3937
1.3944
Fibonacci
1.3907
1.3912
1.3916
1.3922
1.3928
1.3932
1.3937
Camarilla
1.3916
1.3918
1.3919
1.3922
1.3922
1.3923
1.3925
Woodie's
1.3898
1.3907
1.3914
1.3922
1.3929
1.3937
1.3944
DeMark's
-
-
1.3910
1.3920
1.3926
-
-","Technical IndicatorsJun 17, 2021 10:32PM GMT
Name
Value
Action
RSI(14)
39.849
Sell
STOCH(9,6)
40.138
Sell
STOCHRSI(14)
100.000
Overbought
MACD(12,26)
-0.003
Sell
ADX(14)
40.440
Sell
Williams %R
-59.322
Sell
CCI(14)
-38.2752
Neutral
ATR(14)
0.0024
Less Volatility
Highs/Lows(14)
0.0000
Neutral
Ultimate Oscillator
44.101
Sell
ROC
-0.322
Sell
Bull/Bear Power(13)
-0.0005
Sell
Buy: 0
Sell: 8
Neutral: 2


Summary:Strong Sell","Jun 17, 2021 10:32PM GMT"
usd_jpy,110.28 +0.07    +0.07%,18:32:39,2021-06-17 22:33:10.245048,"Prev. Close: 110.20
Bid/Ask: 110.27 / 110.28
Day's Range: 110.17 - 110.83",Sell,"Summary:Sell
Moving Averages:NeutralBuy (6)Sell (6)
Technical Indicators:Strong SellBuy (1)Sell (7)","Name
S3
S2
S1
Pivot Points
R1
R2
R3
Classic
110.14
110.17
110.21
110.24
110.29
110.31
110.36
Fibonacci
110.17
110.19
110.21
110.24
110.27
110.29
110.31
Camarilla
110.24
110.25
110.25
110.24
110.27
110.27
110.28
Woodie's
110.16
110.18
110.23
110.25
110.31
110.32
110.38
DeMark's
-
-
110.23
110.25
110.30
-
-","Technical IndicatorsJun 17, 2021 10:31PM GMT
Name
Value
Action
RSI(14)
43.730
Sell
STOCH(9,6)
18.038
Oversold
STOCHRSI(14)
19.914
Oversold
MACD(12,26)
-0.030
Sell
ADX(14)
31.434
Sell
Williams %R
-82.352
Oversold
CCI(14)
-60.1888
Sell
ATR(14)
0.1175
Less Volatility
Highs/Lows(14)
-0.0596
Sell
Ultimate Oscillator
52.048
Buy
ROC
-0.334
Sell
Bull/Bear Power(13)
-0.1880
Sell
Buy: 1
Sell: 7
Neutral: 0


Summary:Strong Sell","Jun 17, 2021 10:31PM GMT"
aud_usd,0.7558 +0.0008    +0.10%,18:32:56,2021-06-17 22:33:10.248050,"Prev. Close: 0.7550
Bid/Ask: 0.7557 / 0.7558
Day's Range: 0.7547 - 0.7558",Strong Sell,"Summary:Strong Sell
Moving Averages:SellBuy (3)Sell (9)
Technical Indicators:Strong SellBuy (0)Sell (9)","Name
S3
S2
S1
Pivot Points
R1
R2
R3
Classic
0.7538
0.7543
0.7548
0.7552
0.7557
0.7561
0.7566
Fibonacci
0.7543
0.7546
0.7548
0.7552
0.7556
0.7558
0.7561
Camarilla
0.7550
0.7551
0.7552
0.7552
0.7553
0.7554
0.7555
Woodie's
0.7538
0.7543
0.7548
0.7552
0.7557
0.7561
0.7566
DeMark's
-
-
0.7545
0.7551
0.7554
-
-","Technical IndicatorsJun 17, 2021 10:31PM GMT
Name
Value
Action
RSI(14)
32.575
Sell
STOCH(9,6)
27.150
Sell
STOCHRSI(14)
100.000
Overbought
MACD(12,26)
-0.003
Sell
ADX(14)
52.223
Sell
Williams %R
-73.283
Sell
CCI(14)
-63.0579
Sell
ATR(14)
0.0015
Less Volatility
Highs/Lows(14)
0.0000
Neutral
Ultimate Oscillator
40.162
Sell
ROC
-0.579
Sell
Bull/Bear Power(13)
-0.0012
Sell
Buy: 0
Sell: 9
Neutral: 1


Summary:Strong Sell","Jun 17, 2021 10:31PM GMT"
eur_gbp,0.8549 -0.0002    -0.02%,18:32:53,2021-06-17 22:33:10.250967,"Prev. Close: 0.8551
Bid/Ask: 0.8547 / 0.8551
Day's Range: 0.8548 - 0.8557",Strong Sell,"Summary:Strong Sell
Moving Averages:Strong SellBuy (0)Sell (12)
Technical Indicators:Strong SellBuy (0)Sell (8)","Name
S3
S2
S1
Pivot Points
R1
R2
R3
Classic
0.8541
0.8545
0.8549
0.8553
0.8558
0.8561
0.8566
Fibonacci
0.8545
0.8548
0.8550
0.8553
0.8556
0.8558
0.8561
Camarilla
0.8551
0.8552
0.8552
0.8553
0.8554
0.8554
0.8555
Woodie's
0.8541
0.8545
0.8549
0.8553
0.8558
0.8561
0.8566
DeMark's
-
-
0.8551
0.8554
0.8559
-
-","Technical IndicatorsJun 17, 2021 10:31PM GMT
Name
Value
Action
RSI(14)
35.046
Sell
STOCH(9,6)
32.408
Sell
STOCHRSI(14)
45.904
Neutral
MACD(12,26)
-0.001
Sell
ADX(14)
40.387
Sell
Williams %R
-87.037
Oversold
CCI(14)
-113.6473
Sell
ATR(14)
0.0010
Less Volatility
Highs/Lows(14)
-0.0002
Sell
Ultimate Oscillator
48.964
Sell
ROC
0.000
Neutral
Bull/Bear Power(13)
-0.0018
Sell
Buy: 0
Sell: 8
Neutral: 2


Summary:Strong Sell","Jun 17, 2021 10:31PM GMT"
usd_cad,1.2347 -0.0014    -0.11%,18:32:52,2021-06-17 22:33:10.253891,"Prev. Close: 1.2361
Bid/Ask: 1.2345 / 1.2349
Day's Range: 1.2344 - 1.2368",Strong Buy,"Summary:Strong Buy
Moving Averages:BuyBuy (9)Sell (3)
Technical Indicators:Strong BuyBuy (9)Sell (0)","Name
S3
S2
S1
Pivot Points
R1
R2
R3
Classic
1.2333
1.2342
1.2350
1.2359
1.2367
1.2376
1.2384
Fibonacci
1.2342
1.2348
1.2353
1.2359
1.2365
1.2370
1.2376
Camarilla
1.2353
1.2355
1.2356
1.2359
1.2360
1.2361
1.2363
Woodie's
1.2333
1.2342
1.2350
1.2359
1.2367
1.2376
1.2384
DeMark's
-
-
1.2346
1.2357
1.2363
-
-","Technical IndicatorsJun 17, 2021 10:32PM GMT
Name
Value
Action
RSI(14)
64.715
Buy
STOCH(9,6)
71.662
Buy
STOCHRSI(14)
0.000
Oversold
MACD(12,26)
0.003
Buy
ADX(14)
45.767
Buy
Williams %R
-37.576
Buy
CCI(14)
53.0592
Buy
ATR(14)
0.0023
Less Volatility
Highs/Lows(14)
0.0000
Neutral
Ultimate Oscillator
62.017
Buy
ROC
0.276
Buy
Bull/Bear Power(13)
0.0021
Buy
Buy: 9
Sell: 0
Neutral: 1


Summary:Strong Buy","Jun 17, 2021 10:32PM GMT"
usd_chf,0.9177 +0.0003    +0.04%,18:32:45,2021-06-17 22:33:10.256830,"Prev. Close: 0.9173
Bid/Ask: 0.9176 / 0.9177
Day's Range: 0.9169 - 0.9183",Strong Buy,"Summary:Strong Buy
Moving Averages:Strong BuyBuy (11)Sell (1)
Technical Indicators:Strong BuyBuy (10)Sell (0)","Name
S3
S2
S1
Pivot Points
R1
R2
R3
Classic
0.9155
0.9161
0.9169
0.9176
0.9184
0.9191
0.9198
Fibonacci
0.9161
0.9167
0.9170
0.9176
0.9182
0.9185
0.9191
Camarilla
0.9172
0.9173
0.9175
0.9176
0.9177
0.9179
0.9180
Woodie's
0.9155
0.9161
0.9169
0.9176
0.9184
0.9191
0.9198
DeMark's
-
-
0.9165
0.9174
0.9180
-
-","Technical IndicatorsJun 17, 2021 10:32PM GMT
Name
Value
Action
RSI(14)
74.562
Buy
STOCH(9,6)
75.156
Buy
STOCHRSI(14)
0.000
Oversold
MACD(12,26)
0.003
Buy
ADX(14)
40.046
Buy
Williams %R
-21.367
Buy
CCI(14)
74.4607
Buy
ATR(14)
0.0014
Less Volatility
Highs/Lows(14)
0.0005
Buy
Ultimate Oscillator
59.230
Buy
ROC
0.427
Buy
Bull/Bear Power(13)
0.0032
Buy
Buy: 10
Sell: 0
Neutral: 0


Summary:Strong Buy","Jun 17, 2021 10:32PM GMT"
nzd_chf,0.6436 +0.0016    +0.26%,18:32:50,2021-06-17 22:33:10.259765,"Prev. Close: 0.6419
Bid/Ask: 0.6432 / 0.6439
Day's Range: 0.6421 - 0.6437",Strong Buy,"Summary:Strong Buy
Moving Averages:BuyBuy (11)Sell (1)
Technical Indicators:Strong BuyBuy (7)Sell (3)","Name
S3
S2
S1
Pivot Points
R1
R2
R3
Classic
0.6407
0.6414
0.6420
0.6427
0.6433
0.6440
0.6447
Fibonacci
0.6414
0.6419
0.6422
0.6427
0.6432
0.6435
0.6440
Camarilla
0.6421
0.6423
0.6424
0.6427
0.6426
0.6427
0.6429
Woodie's
0.6405
0.6413
0.6418
0.6426
0.6431
0.6439
0.6445
DeMark's
-
-
0.6416
0.6425
0.6429
-
-","Technical IndicatorsJun 17, 2021 10:31PM GMT
Name
Value
Action
RSI(14)
56.895
Buy
STOCH(9,6)
61.764
Buy
STOCHRSI(14)
89.521
Overbought
MACD(12,26)
0.000
Buy
ADX(14)
30.176
Sell
Williams %R
-36.666
Buy
CCI(14)
84.4561
Buy
ATR(14)
0.0012
Less Volatility
Highs/Lows(14)
0.0002
Buy
Ultimate Oscillator
41.174
Sell
ROC
-0.202
Sell
Bull/Bear Power(13)
0.0003
Buy
Buy: 7
Sell: 3
Neutral: 0


Summary:Strong Buy","Jun 17, 2021 10:31PM GMT"
usd_cny,6.4484 +0.0515    +0.80%,11:27:22,2021-06-17 22:33:10.262681,"Prev. Close: 6.3969
Bid/Ask: 6.4477 / 6.4490
Day's Range: 6.3972 - 6.4494",Strong Buy,"Summary:Strong Buy
Moving Averages:BuyBuy (12)Sell (0)
Technical Indicators:Strong BuyBuy (7)Sell (0)","Name
S3
S2
S1
Pivot Points
R1
R2
R3
Classic
6.4380
6.4399
6.4436
6.4455
6.4492
6.4511
6.4548
Fibonacci
6.4399
6.4420
6.4434
6.4455
6.4476
6.4490
6.4511
Camarilla
6.4458
6.4463
6.4468
6.4455
6.4479
6.4484
6.4489
Woodie's
6.4390
6.4404
6.4446
6.4460
6.4502
6.4516
6.4558
DeMark's
-
-
6.4446
6.4460
6.4502
-
-","Technical IndicatorsJun 17, 2021 03:34PM GMT
Name
Value
Action
RSI(14)
85.433
Overbought
STOCH(9,6)
77.649
Buy
STOCHRSI(14)
100.000
Overbought
MACD(12,26)
0.011
Buy
ADX(14)
61.337
Buy
Williams %R
-3.426
Overbought
CCI(14)
151.8010
Buy
ATR(14)
0.0041
Less Volatility
Highs/Lows(14)
0.0141
Buy
Ultimate Oscillator
82.973
Overbought
ROC
0.391
Buy
Bull/Bear Power(13)
0.0286
Buy
Buy: 7
Sell: 0
Neutral: 0


Summary:Strong Buy","Jun 17, 2021 03:34PM GMT"
usd_hkd,7.7647 +0.0003    +0.00%,18:32:39,2021-06-17 22:33:10.265599,"Prev. Close: 7.7644
Bid/Ask: 7.7646 / 7.7648
Day's Range: 7.7641 - 7.7650",Strong Buy,"Summary:Strong Buy
Moving Averages:Strong BuyBuy (11)Sell (1)
Technical Indicators:Strong BuyBuy (6)Sell (3)","Name
S3
S2
S1
Pivot Points
R1
R2
R3
Classic
7.7639
7.7641
7.7645
7.7647
7.7651
7.7653
7.7656
Fibonacci
7.7641
7.7643
7.7645
7.7647
7.7649
7.7651
7.7653
Camarilla
7.7646
7.7646
7.7647
7.7647
7.7648
7.7649
7.7649
Woodie's
7.7639
7.7641
7.7645
7.7647
7.7651
7.7653
7.7656
DeMark's
-
-
7.7645
7.7647
7.7651
-
-","Technical IndicatorsJun 17, 2021 10:31PM GMT
Name
Value
Action
RSI(14)
55.596
Buy
STOCH(9,6)
66.163
Buy
STOCHRSI(14)
36.140
Sell
MACD(12,26)
0.000
Buy
ADX(14)
30.256
Sell
Williams %R
-44.743
Buy
CCI(14)
-7.7126
Neutral
ATR(14)
0.0008
Less Volatility
Highs/Lows(14)
0.0000
Neutral
Ultimate Oscillator
60.741
Buy
ROC
0.008
Buy
Bull/Bear Power(13)
-0.0012
Sell
Buy: 6
Sell: 3
Neutral: 2


Summary:Strong Buy","Jun 17, 2021 10:31PM GMT"
eur_usd,1.1910 +0.0004    +0.03%,18:33:41,2021-06-17 22:34:10.577497,"Prev. Close: 1.1906
Bid/Ask: 1.1909 / 1.1911
Day's Range: 1.1906 - 1.1913",Strong Sell,"Summary:Strong Sell
Moving Averages:SellBuy (2)Sell (10)
Technical Indicators:Strong SellBuy (0)Sell (9)","Name
S3
S2
S1
Pivot Points
R1
R2
R3
Classic
1.1902
1.1904
1.1905
1.1907
1.1909
1.1910
1.1912
Fibonacci
1.1904
1.1905
1.1906
1.1907
1.1908
1.1909
1.1910
Camarilla
1.1906
1.1906
1.1906
1.1907
1.1907
1.1907
1.1907
Woodie's
1.1902
1.1904
1.1905
1.1907
1.1909
1.1910
1.1912
DeMark's
-
-
1.1904
1.1906
1.1908
-
-","Technical IndicatorsJun 17, 2021 10:31PM GMT
Name
Value
Action
RSI(14)
29.592
Sell
STOCH(9,6)
28.363
Sell
STOCHRSI(14)
100.000
Overbought
MACD(12,26)
-0.004
Sell
ADX(14)
37.693
Neutral
Williams %R
-73.077
Sell
CCI(14)
-67.6747
Sell
ATR(14)
0.0017
Less Volatility
Highs/Lows(14)
-0.0004
Sell
Ultimate Oscillator
38.955
Sell
ROC
-0.322
Sell
Bull/Bear Power(13)
-0.0020
Sell
Buy: 0
Sell: 9
Neutral: 1


Summary:Strong Sell","Jun 17, 2021 10:31PM GMT"
gbp_usd,1.3933 +0.0014    +0.10%,18:33:35,2021-06-17 22:34:10.581626,"Prev. Close: 1.3919
Bid/Ask: 1.3931 / 1.3935
Day's Range: 1.3915 - 1.3933",Strong Sell,"Summary:Strong Sell
Moving Averages:SellBuy (4)Sell (8)
Technical Indicators:Strong SellBuy (0)Sell (8)","Name
S3
S2
S1
Pivot Points
R1
R2
R3
Classic
1.3898
1.3907
1.3914
1.3922
1.3929
1.3937
1.3944
Fibonacci
1.3907
1.3912
1.3916
1.3922
1.3928
1.3932
1.3937
Camarilla
1.3916
1.3918
1.3919
1.3922
1.3922
1.3923
1.3925
Woodie's
1.3898
1.3907
1.3914
1.3922
1.3929
1.3937
1.3944
DeMark's
-
-
1.3910
1.3920
1.3926
-
-","Technical IndicatorsJun 17, 2021 10:33PM GMT
Name
Value
Action
RSI(14)
39.849
Sell
STOCH(9,6)
40.138
Sell
STOCHRSI(14)
100.000
Overbought
MACD(12,26)
-0.003
Sell
ADX(14)
40.440
Sell
Williams %R
-59.322
Sell
CCI(14)
-38.2752
Neutral
ATR(14)
0.0024
Less Volatility
Highs/Lows(14)
0.0000
Neutral
Ultimate Oscillator
44.101
Sell
ROC
-0.322
Sell
Bull/Bear Power(13)
-0.0005
Sell
Buy: 0
Sell: 8
Neutral: 2


Summary:Strong Sell","Jun 17, 2021 10:33PM GMT"
usd_jpy,110.28 +0.07    +0.07%,18:33:40,2021-06-17 22:34:10.584960,"Prev. Close: 110.20
Bid/Ask: 110.27 / 110.28
Day's Range: 110.17 - 110.83",Neutral,"Summary:Neutral
Moving Averages:BuyBuy (7)Sell (5)
Technical Indicators:Strong SellBuy (1)Sell (6)","Name
S3
S2
S1
Pivot Points
R1
R2
R3
Classic
110.14
110.17
110.21
110.24
110.29
110.31
110.36
Fibonacci
110.17
110.19
110.21
110.24
110.27
110.29
110.31
Camarilla
110.24
110.25
110.25
110.24
110.27
110.27
110.28
Woodie's
110.16
110.18
110.23
110.25
110.31
110.32
110.38
DeMark's
-
-
110.23
110.25
110.30
-
-","Technical IndicatorsJun 17, 2021 10:33PM GMT
Name
Value
Action
RSI(14)
44.381
Sell
STOCH(9,6)
18.567
Oversold
STOCHRSI(14)
22.286
Oversold
MACD(12,26)
-0.030
Sell
ADX(14)
31.036
Neutral
Williams %R
-80.671
Oversold
CCI(14)
-58.3607
Sell
ATR(14)
0.1179
Less Volatility
Highs/Lows(14)
-0.0496
Sell
Ultimate Oscillator
52.891
Buy
ROC
-0.325
Sell
Bull/Bear Power(13)
-0.1850
Sell
Buy: 1
Sell: 6
Neutral: 1


Summary:Strong Sell","Jun 17, 2021 10:33PM GMT"
aud_usd,0.7558 +0.0008    +0.11%,18:33:39,2021-06-17 22:34:10.588122,"Prev. Close: 0.7550
Bid/Ask: 0.7557 / 0.7559
Day's Range: 0.7547 - 0.7559",Strong Sell,"Summary:Strong Sell
Moving Averages:SellBuy (3)Sell (9)
Technical Indicators:Strong SellBuy (0)Sell (9)","Name
S3
S2
S1
Pivot Points
R1
R2
R3
Classic
0.7538
0.7543
0.7548
0.7552
0.7557
0.7561
0.7566
Fibonacci
0.7543
0.7546
0.7548
0.7552
0.7556
0.7558
0.7561
Camarilla
0.7550
0.7551
0.7552
0.7552
0.7553
0.7554
0.7555
Woodie's
0.7538
0.7543
0.7548
0.7552
0.7557
0.7561
0.7566
DeMark's
-
-
0.7545
0.7551
0.7554
-
-","Technical IndicatorsJun 17, 2021 10:33PM GMT
Name
Value
Action
RSI(14)
32.913
Sell
STOCH(9,6)
27.399
Sell
STOCHRSI(14)
100.000
Overbought
MACD(12,26)
-0.003
Sell
ADX(14)
50.909
Sell
Williams %R
-72.519
Sell
CCI(14)
-60.4391
Sell
ATR(14)
0.0015
Less Volatility
Highs/Lows(14)
0.0000
Neutral
Ultimate Oscillator
40.215
Sell
ROC
-0.572
Sell
Bull/Bear Power(13)
-0.0011
Sell
Buy: 0
Sell: 9
Neutral: 1


Summary:Strong Sell","Jun 17, 2021 10:33PM GMT"
eur_gbp,0.8549 -0.0003    -0.03%,18:33:41,2021-06-17 22:34:10.591174,"Prev. Close: 0.8551
Bid/Ask: 0.8547 / 0.8550
Day's Range: 0.8548 - 0.8557",Strong Sell,"Summary:Strong Sell
Moving Averages:Strong SellBuy (0)Sell (12)
Technical Indicators:Strong SellBuy (1)Sell (7)","Name
S3
S2
S1
Pivot Points
R1
R2
R3
Classic
0.8541
0.8545
0.8549
0.8553
0.8558
0.8561
0.8566
Fibonacci
0.8545
0.8548
0.8550
0.8553
0.8556
0.8558
0.8561
Camarilla
0.8551
0.8552
0.8552
0.8553
0.8554
0.8554
0.8555
Woodie's
0.8541
0.8545
0.8549
0.8553
0.8558
0.8561
0.8566
DeMark's
-
-
0.8551
0.8554
0.8559
-
-","Technical IndicatorsJun 17, 2021 10:33PM GMT
Name
Value
Action
RSI(14)
35.689
Sell
STOCH(9,6)
33.201
Sell
STOCHRSI(14)
49.580
Neutral
MACD(12,26)
-0.001
Sell
ADX(14)
40.387
Sell
Williams %R
-83.333
Oversold
CCI(14)
-107.7825
Sell
ATR(14)
0.0010
Less Volatility
Highs/Lows(14)
-0.0001
Sell
Ultimate Oscillator
50.402
Neutral
ROC
0.012
Buy
Bull/Bear Power(13)
-0.0018
Sell
Buy: 1
Sell: 7
Neutral: 2


Summary:Strong Sell","Jun 17, 2021 10:33PM GMT"
usd_cad,1.2347 -0.0014    -0.11%,18:33:41,2021-06-17 22:34:10.594161,"Prev. Close: 1.2361
Bid/Ask: 1.2345 / 1.2349
Day's Range: 1.2344 - 1.2368",Strong Buy,"Summary:Strong Buy
Moving Averages:BuyBuy (9)Sell (3)
Technical Indicators:Strong BuyBuy (9)Sell (0)","Name
S3
S2
S1
Pivot Points
R1
R2
R3
Classic
1.2333
1.2342
1.2350
1.2359
1.2367
1.2376
1.2384
Fibonacci
1.2342
1.2348
1.2353
1.2359
1.2365
1.2370
1.2376
Camarilla
1.2353
1.2355
1.2356
1.2359
1.2360
1.2361
1.2363
Woodie's
1.2333
1.2342
1.2350
1.2359
1.2367
1.2376
1.2384
DeMark's
-
-
1.2346
1.2357
1.2363
-
-","Technical IndicatorsJun 17, 2021 10:33PM GMT
Name
Value
Action
RSI(14)
64.715
Buy
STOCH(9,6)
71.662
Buy
STOCHRSI(14)
0.000
Oversold
MACD(12,26)
0.003
Buy
ADX(14)
45.767
Buy
Williams %R
-37.576
Buy
CCI(14)
53.0592
Buy
ATR(14)
0.0023
Less Volatility
Highs/Lows(14)
0.0000
Neutral
Ultimate Oscillator
62.017
Buy
ROC
0.276
Buy
Bull/Bear Power(13)
0.0021
Buy
Buy: 9
Sell: 0
Neutral: 1


Summary:Strong Buy","Jun 17, 2021 10:33PM GMT"
usd_chf,0.9175 +0.0002    +0.02%,18:33:31,2021-06-17 22:34:10.597147,"Prev. Close: 0.9173
Bid/Ask: 0.9171 / 0.9179
Day's Range: 0.9169 - 0.9183",Strong Buy,"Summary:Strong Buy
Moving Averages:Strong BuyBuy (11)Sell (1)
Technical Indicators:Strong BuyBuy (10)Sell (0)","Name
S3
S2
S1
Pivot Points
R1
R2
R3
Classic
0.9155
0.9161
0.9169
0.9176
0.9184
0.9191
0.9198
Fibonacci
0.9161
0.9167
0.9170
0.9176
0.9182
0.9185
0.9191
Camarilla
0.9172
0.9173
0.9175
0.9176
0.9177
0.9179
0.9180
Woodie's
0.9155
0.9161
0.9169
0.9176
0.9184
0.9191
0.9198
DeMark's
-
-
0.9165
0.9174
0.9180
-
-","Technical IndicatorsJun 17, 2021 10:32PM GMT
Name
Value
Action
RSI(14)
74.562
Buy
STOCH(9,6)
75.156
Buy
STOCHRSI(14)
0.000
Oversold
MACD(12,26)
0.003
Buy
ADX(14)
40.046
Buy
Williams %R
-21.367
Buy
CCI(14)
74.4607
Buy
ATR(14)
0.0014
Less Volatility
Highs/Lows(14)
0.0005
Buy
Ultimate Oscillator
59.230
Buy
ROC
0.427
Buy
Bull/Bear Power(13)
0.0032
Buy
Buy: 10
Sell: 0
Neutral: 0


Summary:Strong Buy","Jun 17, 2021 10:32PM GMT"
nzd_chf,0.6436 +0.0016    +0.26%,18:33:40,2021-06-17 22:34:10.600089,"Prev. Close: 0.6419
Bid/Ask: 0.6434 / 0.6437
Day's Range: 0.6421 - 0.6437",Strong Buy,"Summary:Strong Buy
Moving Averages:BuyBuy (11)Sell (1)
Technical Indicators:Strong BuyBuy (7)Sell (3)","Name
S3
S2
S1
Pivot Points
R1
R2
R3
Classic
0.6407
0.6414
0.6420
0.6427
0.6433
0.6440
0.6447
Fibonacci
0.6414
0.6419
0.6422
0.6427
0.6432
0.6435
0.6440
Camarilla
0.6421
0.6423
0.6424
0.6427
0.6426
0.6427
0.6429
Woodie's
0.6405
0.6413
0.6418
0.6426
0.6431
0.6439
0.6445
DeMark's
-
-
0.6416
0.6425
0.6429
-
-","Technical IndicatorsJun 17, 2021 10:33PM GMT
Name
Value
Action
RSI(14)
57.826
Buy
STOCH(9,6)
62.926
Buy
STOCHRSI(14)
94.227
Overbought
MACD(12,26)
0.000
Buy
ADX(14)
30.176
Sell
Williams %R
-33.334
Buy
CCI(14)
90.7582
Buy
ATR(14)
0.0012
Less Volatility
Highs/Lows(14)
0.0004
Buy
Ultimate Oscillator
42.853
Sell
ROC
-0.178
Sell
Bull/Bear Power(13)
0.0003
Buy
Buy: 7
Sell: 3
Neutral: 0


Summary:Strong Buy","Jun 17, 2021 10:33PM GMT"
usd_cny,6.4484 +0.0515    +0.80%,11:27:22,2021-06-17 22:34:10.603009,"Prev. Close: 6.3969
Bid/Ask: 6.4477 / 6.4490
Day's Range: 6.3972 - 6.4494",Strong Buy,"Summary:Strong Buy
Moving Averages:BuyBuy (12)Sell (0)
Technical Indicators:Strong BuyBuy (7)Sell (0)","Name
S3
S2
S1
Pivot Points
R1
R2
R3
Classic
6.4380
6.4399
6.4436
6.4455
6.4492
6.4511
6.4548
Fibonacci
6.4399
6.4420
6.4434
6.4455
6.4476
6.4490
6.4511
Camarilla
6.4458
6.4463
6.4468
6.4455
6.4479
6.4484
6.4489
Woodie's
6.4390
6.4404
6.4446
6.4460
6.4502
6.4516
6.4558
DeMark's
-
-
6.4446
6.4460
6.4502
-
-","Technical IndicatorsJun 17, 2021 03:34PM GMT
Name
Value
Action
RSI(14)
85.433
Overbought
STOCH(9,6)
77.649
Buy
STOCHRSI(14)
100.000
Overbought
MACD(12,26)
0.011
Buy
ADX(14)
61.337
Buy
Williams %R
-3.426
Overbought
CCI(14)
151.8010
Buy
ATR(14)
0.0041
Less Volatility
Highs/Lows(14)
0.0141
Buy
Ultimate Oscillator
82.973
Overbought
ROC
0.391
Buy
Bull/Bear Power(13)
0.0286
Buy
Buy: 7
Sell: 0
Neutral: 0


Summary:Strong Buy","Jun 17, 2021 03:34PM GMT"
usd_hkd,7.7647 +0.0003    +0.00%,18:33:33,2021-06-17 22:34:10.605911,"Prev. Close: 7.7644
Bid/Ask: 7.7646 / 7.7648
Day's Range: 7.7641 - 7.7650",Strong Buy,"Summary:Strong Buy
Moving Averages:Strong BuyBuy (11)Sell (1)
Technical Indicators:Strong BuyBuy (6)Sell (3)","Name
S3
S2
S1
Pivot Points
R1
R2
R3
Classic
7.7639
7.7641
7.7645
7.7647
7.7651
7.7653
7.7656
Fibonacci
7.7641
7.7643
7.7645
7.7647
7.7649
7.7651
7.7653
Camarilla
7.7646
7.7646
7.7647
7.7647
7.7648
7.7649
7.7649
Woodie's
7.7639
7.7641
7.7645
7.7647
7.7651
7.7653
7.7656
DeMark's
-
-
7.7645
7.7647
7.7651
-
-","Technical IndicatorsJun 17, 2021 10:33PM GMT
Name
Value
Action
RSI(14)
55.596
Buy
STOCH(9,6)
66.163
Buy
STOCHRSI(14)
36.140
Sell
MACD(12,26)
0.000
Buy
ADX(14)
30.256
Sell
Williams %R
-44.743
Buy
CCI(14)
-7.7126
Neutral
ATR(14)
0.0008
Less Volatility
Highs/Lows(14)
0.0000
Neutral
Ultimate Oscillator
60.741
Buy
ROC
0.008
Buy
Bull/Bear Power(13)
-0.0012
Sell
Buy: 6
Sell: 3
Neutral: 2


Summary:Strong Buy","Jun 17, 2021 10:33PM GMT"
eur_usd,1.1911 +0.0005    +0.04%,18:34:22,2021-06-17 22:35:10.112065,"Prev. Close: 1.1906
Bid/Ask: 1.1909 / 1.1913
Day's Range: 1.1906 - 1.1913",Strong Sell,"Summary:Strong Sell
Moving Averages:SellBuy (2)Sell (10)
Technical Indicators:Strong SellBuy (0)Sell (9)","Name
S3
S2
S1
Pivot Points
R1
R2
R3
Classic
1.1902
1.1904
1.1905
1.1907
1.1909
1.1910
1.1912
Fibonacci
1.1904
1.1905
1.1906
1.1907
1.1908
1.1909
1.1910
Camarilla
1.1906
1.1906
1.1906
1.1907
1.1907
1.1907
1.1907
Woodie's
1.1902
1.1904
1.1905
1.1907
1.1909
1.1910
1.1912
DeMark's
-
-
1.1904
1.1906
1.1908
-
-","Technical IndicatorsJun 17, 2021 10:33PM GMT
Name
Value
Action
RSI(14)
30.146
Sell
STOCH(9,6)
28.690
Sell
STOCHRSI(14)
100.000
Overbought
MACD(12,26)
-0.004
Sell
ADX(14)
37.693
Neutral
Williams %R
-71.538
Sell
CCI(14)
-66.2501
Sell
ATR(14)
0.0017
Less Volatility
Highs/Lows(14)
-0.0003
Sell
Ultimate Oscillator
39.762
Sell
ROC
-0.314
Sell
Bull/Bear Power(13)
-0.0020
Sell
Buy: 0
Sell: 9
Neutral: 1


Summary:Strong Sell","Jun 17, 2021 10:33PM GMT"
gbp_usd,1.3933 +0.0014    +0.10%,18:34:45,2021-06-17 22:35:10.116107,"Prev. Close: 1.3919
Bid/Ask: 1.3931 / 1.3935
Day's Range: 1.3915 - 1.3935",Strong Sell,"Summary:Strong Sell
Moving Averages:SellBuy (4)Sell (8)
Technical Indicators:Strong SellBuy (0)Sell (8)","Name
S3
S2
S1
Pivot Points
R1
R2
R3
Classic
1.3898
1.3907
1.3914
1.3922
1.3929
1.3937
1.3944
Fibonacci
1.3907
1.3912
1.3916
1.3922
1.3928
1.3932
1.3937
Camarilla
1.3916
1.3918
1.3919
1.3922
1.3922
1.3923
1.3925
Woodie's
1.3898
1.3907
1.3914
1.3922
1.3929
1.3937
1.3944
DeMark's
-
-
1.3910
1.3920
1.3926
-
-","Technical IndicatorsJun 17, 2021 10:33PM GMT
Name
Value
Action
RSI(14)
39.849
Sell
STOCH(9,6)
40.138
Sell
STOCHRSI(14)
100.000
Overbought
MACD(12,26)
-0.003
Sell
ADX(14)
40.440
Sell
Williams %R
-59.322
Sell
CCI(14)
-38.2752
Neutral
ATR(14)
0.0024
Less Volatility
Highs/Lows(14)
0.0000
Neutral
Ultimate Oscillator
44.101
Sell
ROC
-0.322
Sell
Bull/Bear Power(13)
-0.0005
Sell
Buy: 0
Sell: 8
Neutral: 2


Summary:Strong Sell","Jun 17, 2021 10:33PM GMT"
usd_jpy,110.28 +0.07    +0.07%,18:34:40,2021-06-17 22:35:10.119253,"Prev. Close: 110.20
Bid/Ask: 110.27 / 110.28
Day's Range: 110.17 - 110.83",Neutral,"Summary:Neutral
Moving Averages:BuyBuy (7)Sell (5)
Technical Indicators:Strong SellBuy (1)Sell (6)","Name
S3
S2
S1
Pivot Points
R1
R2
R3
Classic
110.14
110.17
110.21
110.24
110.29
110.31
110.36
Fibonacci
110.17
110.19
110.21
110.24
110.27
110.29
110.31
Camarilla
110.24
110.25
110.25
110.24
110.27
110.27
110.28
Woodie's
110.16
110.18
110.23
110.25
110.31
110.32
110.38
DeMark's
-
-
110.23
110.25
110.30
-
-","Technical IndicatorsJun 17, 2021 10:33PM GMT
Name
Value
Action
RSI(14)
44.381
Sell
STOCH(9,6)
18.567
Oversold
STOCHRSI(14)
22.286
Oversold
MACD(12,26)
-0.030
Sell
ADX(14)
31.036
Neutral
Williams %R
-80.671
Oversold
CCI(14)
-58.3607
Sell
ATR(14)
0.1179
Less Volatility
Highs/Lows(14)
-0.0496
Sell
Ultimate Oscillator
52.891
Buy
ROC
-0.325
Sell
Bull/Bear Power(13)
-0.1850
Sell
Buy: 1
Sell: 6
Neutral: 1


Summary:Strong Sell","Jun 17, 2021 10:33PM GMT"
aud_usd,0.7557 +0.0007    +0.09%,18:34:52,2021-06-17 22:35:10.122266,"Prev. Close: 0.7550
Bid/Ask: 0.7556 / 0.7558
Day's Range: 0.7547 - 0.7559",Strong Sell,"Summary:Strong Sell
Moving Averages:SellBuy (3)Sell (9)
Technical Indicators:Strong SellBuy (0)Sell (9)","Name
S3
S2
S1
Pivot Points
R1
R2
R3
Classic
0.7538
0.7543
0.7548
0.7552
0.7557
0.7561
0.7566
Fibonacci
0.7543
0.7546
0.7548
0.7552
0.7556
0.7558
0.7561
Camarilla
0.7550
0.7551
0.7552
0.7552
0.7553
0.7554
0.7555
Woodie's
0.7538
0.7543
0.7548
0.7552
0.7557
0.7561
0.7566
DeMark's
-
-
0.7545
0.7551
0.7554
-
-","Technical IndicatorsJun 17, 2021 10:33PM GMT
Name
Value
Action
RSI(14)
32.913
Sell
STOCH(9,6)
27.399
Sell
STOCHRSI(14)
100.000
Overbought
MACD(12,26)
-0.003
Sell
ADX(14)
50.909
Sell
Williams %R
-72.519
Sell
CCI(14)
-60.4391
Sell
ATR(14)
0.0015
Less Volatility
Highs/Lows(14)
0.0000
Neutral
Ultimate Oscillator
40.215
Sell
ROC
-0.572
Sell
Bull/Bear Power(13)
-0.0011
Sell
Buy: 0
Sell: 9
Neutral: 1


Summary:Strong Sell","Jun 17, 2021 10:33PM GMT"
eur_gbp,0.8549 -0.0002    -0.02%,18:34:55,2021-06-17 22:35:10.125213,"Prev. Close: 0.8551
Bid/Ask: 0.8548 / 0.8550
Day's Range: 0.8548 - 0.8557",Strong Sell,"Summary:Strong Sell
Moving Averages:Strong SellBuy (0)Sell (12)
Technical Indicators:Strong SellBuy (1)Sell (7)","Name
S3
S2
S1
Pivot Points
R1
R2
R3
Classic
0.8541
0.8545
0.8549
0.8553
0.8558
0.8561
0.8566
Fibonacci
0.8545
0.8548
0.8550
0.8553
0.8556
0.8558
0.8561
Camarilla
0.8551
0.8552
0.8552
0.8553
0.8554
0.8554
0.8555
Woodie's
0.8541
0.8545
0.8549
0.8553
0.8558
0.8561
0.8566
DeMark's
-
-
0.8551
0.8554
0.8559
-
-","Technical IndicatorsJun 17, 2021 10:33PM GMT
Name
Value
Action
RSI(14)
35.689
Sell
STOCH(9,6)
33.201
Sell
STOCHRSI(14)
49.580
Neutral
MACD(12,26)
-0.001
Sell
ADX(14)
40.387
Sell
Williams %R
-83.333
Oversold
CCI(14)
-107.7825
Sell
ATR(14)
0.0010
Less Volatility
Highs/Lows(14)
-0.0001
Sell
Ultimate Oscillator
50.402
Neutral
ROC
0.012
Buy
Bull/Bear Power(13)
-0.0018
Sell
Buy: 1
Sell: 7
Neutral: 2


Summary:Strong Sell","Jun 17, 2021 10:33PM GMT"
usd_cad,1.2346 -0.0015    -0.12%,18:34:47,2021-06-17 22:35:10.128132,"Prev. Close: 1.2361
Bid/Ask: 1.2344 / 1.2348
Day's Range: 1.2344 - 1.2368",Strong Buy,"Summary:Strong Buy
Moving Averages:BuyBuy (9)Sell (3)
Technical Indicators:Strong BuyBuy (9)Sell (0)","Name
S3
S2
S1
Pivot Points
R1
R2
R3
Classic
1.2333
1.2342
1.2350
1.2359
1.2367
1.2376
1.2384
Fibonacci
1.2342
1.2348
1.2353
1.2359
1.2365
1.2370
1.2376
Camarilla
1.2353
1.2355
1.2356
1.2359
1.2360
1.2361
1.2363
Woodie's
1.2333
1.2342
1.2350
1.2359
1.2367
1.2376
1.2384
DeMark's
-
-
1.2346
1.2357
1.2363
-
-","Technical IndicatorsJun 17, 2021 10:33PM GMT
Name
Value
Action
RSI(14)
64.715
Buy
STOCH(9,6)
71.662
Buy
STOCHRSI(14)
0.000
Oversold
MACD(12,26)
0.003
Buy
ADX(14)
45.767
Buy
Williams %R
-37.576
Buy
CCI(14)
53.0592
Buy
ATR(14)
0.0023
Less Volatility
Highs/Lows(14)
0.0000
Neutral
Ultimate Oscillator
62.017
Buy
ROC
0.276
Buy
Bull/Bear Power(13)
0.0021
Buy
Buy: 9
Sell: 0
Neutral: 1


Summary:Strong Buy","Jun 17, 2021 10:33PM GMT"
usd_chf,0.9176 +0.0003    +0.03%,18:34:45,2021-06-17 22:35:10.131056,"Prev. Close: 0.9173
Bid/Ask: 0.9172 / 0.9180
Day's Range: 0.9169 - 0.9183",Strong Buy,"Summary:Strong Buy
Moving Averages:Strong BuyBuy (11)Sell (1)
Technical Indicators:Strong BuyBuy (10)Sell (0)","Name
S3
S2
S1
Pivot Points
R1
R2
R3
Classic
0.9155
0.9161
0.9169
0.9176
0.9184
0.9191
0.9198
Fibonacci
0.9161
0.9167
0.9170
0.9176
0.9182
0.9185
0.9191
Camarilla
0.9172
0.9173
0.9175
0.9176
0.9177
0.9179
0.9180
Woodie's
0.9155
0.9161
0.9169
0.9176
0.9184
0.9191
0.9198
DeMark's
-
-
0.9165
0.9174
0.9180
-
-","Technical IndicatorsJun 17, 2021 10:34PM GMT
Name
Value
Action
RSI(14)
74.189
Buy
STOCH(9,6)
74.955
Buy
STOCHRSI(14)
0.000
Oversold
MACD(12,26)
0.003
Buy
ADX(14)
40.046
Buy
Williams %R
-22.222
Buy
CCI(14)
73.6684
Buy
ATR(14)
0.0014
Less Volatility
Highs/Lows(14)
0.0004
Buy
Ultimate Oscillator
58.759
Buy
ROC
0.421
Buy
Bull/Bear Power(13)
0.0032
Buy
Buy: 10
Sell: 0
Neutral: 0


Summary:Strong Buy","Jun 17, 2021 10:34PM GMT"
nzd_chf,0.6436 +0.0016    +0.26%,18:34:52,2021-06-17 22:35:10.133948,"Prev. Close: 0.6419
Bid/Ask: 0.6432 / 0.6439
Day's Range: 0.6421 - 0.6437",Strong Buy,"Summary:Strong Buy
Moving Averages:BuyBuy (11)Sell (1)
Technical Indicators:Strong BuyBuy (7)Sell (3)","Name
S3
S2
S1
Pivot Points
R1
R2
R3
Classic
0.6407
0.6414
0.6420
0.6427
0.6433
0.6440
0.6447
Fibonacci
0.6414
0.6419
0.6422
0.6427
0.6432
0.6435
0.6440
Camarilla
0.6421
0.6423
0.6424
0.6427
0.6426
0.6427
0.6429
Woodie's
0.6405
0.6413
0.6418
0.6426
0.6431
0.6439
0.6445
DeMark's
-
-
0.6416
0.6425
0.6429
-
-","Technical IndicatorsJun 17, 2021 10:33PM GMT
Name
Value
Action
RSI(14)
57.826
Buy
STOCH(9,6)
62.926
Buy
STOCHRSI(14)
94.227
Overbought
MACD(12,26)
0.000
Buy
ADX(14)
30.176
Sell
Williams %R
-33.334
Buy
CCI(14)
90.7582
Buy
ATR(14)
0.0012
Less Volatility
Highs/Lows(14)
0.0004
Buy
Ultimate Oscillator
42.853
Sell
ROC
-0.178
Sell
Bull/Bear Power(13)
0.0003
Buy
Buy: 7
Sell: 3
Neutral: 0


Summary:Strong Buy","Jun 17, 2021 10:33PM GMT"
usd_cny,6.4484 +0.0515    +0.80%,11:27:22,2021-06-17 22:35:10.136865,"Prev. Close: 6.3969
Bid/Ask: 6.4477 / 6.4490
Day's Range: 6.3972 - 6.4494",Strong Buy,"Summary:Strong Buy
Moving Averages:BuyBuy (12)Sell (0)
Technical Indicators:Strong BuyBuy (7)Sell (0)","Name
S3
S2
S1
Pivot Points
R1
R2
R3
Classic
6.4380
6.4399
6.4436
6.4455
6.4492
6.4511
6.4548
Fibonacci
6.4399
6.4420
6.4434
6.4455
6.4476
6.4490
6.4511
Camarilla
6.4458
6.4463
6.4468
6.4455
6.4479
6.4484
6.4489
Woodie's
6.4390
6.4404
6.4446
6.4460
6.4502
6.4516
6.4558
DeMark's
-
-
6.4446
6.4460
6.4502
-
-","Technical IndicatorsJun 17, 2021 03:34PM GMT
Name
Value
Action
RSI(14)
85.433
Overbought
STOCH(9,6)
77.649
Buy
STOCHRSI(14)
100.000
Overbought
MACD(12,26)
0.011
Buy
ADX(14)
61.337
Buy
Williams %R
-3.426
Overbought
CCI(14)
151.8010
Buy
ATR(14)
0.0041
Less Volatility
Highs/Lows(14)
0.0141
Buy
Ultimate Oscillator
82.973
Overbought
ROC
0.391
Buy
Bull/Bear Power(13)
0.0286
Buy
Buy: 7
Sell: 0
Neutral: 0


Summary:Strong Buy","Jun 17, 2021 03:34PM GMT"
usd_hkd,7.7647 +0.0003    +0.00%,18:34:50,2021-06-17 22:35:10.139788,"Prev. Close: 7.7644
Bid/Ask: 7.7646 / 7.7648
Day's Range: 7.7641 - 7.7650",Strong Buy,"Summary:Strong Buy
Moving Averages:Strong BuyBuy (11)Sell (1)
Technical Indicators:Strong BuyBuy (6)Sell (3)","Name
S3
S2
S1
Pivot Points
R1
R2
R3
Classic
7.7639
7.7641
7.7645
7.7647
7.7651
7.7653
7.7656
Fibonacci
7.7641
7.7643
7.7645
7.7647
7.7649
7.7651
7.7653
Camarilla
7.7646
7.7646
7.7647
7.7647
7.7648
7.7649
7.7649
Woodie's
7.7639
7.7641
7.7645
7.7647
7.7651
7.7653
7.7656
DeMark's
-
-
7.7645
7.7647
7.7651
-
-","Technical IndicatorsJun 17, 2021 10:33PM GMT
Name
Value
Action
RSI(14)
55.596
Buy
STOCH(9,6)
66.163
Buy
STOCHRSI(14)
36.140
Sell
MACD(12,26)
0.000
Buy
ADX(14)
30.256
Sell
Williams %R
-44.743
Buy
CCI(14)
-7.7126
Neutral
ATR(14)
0.0008
Less Volatility
Highs/Lows(14)
0.0000
Neutral
Ultimate Oscillator
60.741
Buy
ROC
0.008
Buy
Bull/Bear Power(13)
-0.0012
Sell
Buy: 6
Sell: 3
Neutral: 2


Summary:Strong Buy","Jun 17, 2021 10:33PM GMT"
eur_usd,1.1912 +0.0006    +0.05%,18:35:28,2021-06-17 22:36:10.173827,"Prev. Close: 1.1906
Bid/Ask: 1.1910 / 1.1914
Day's Range: 1.1906 - 1.1913",Strong Sell,"Summary:Strong Sell
Moving Averages:SellBuy (2)Sell (10)
Technical Indicators:Strong SellBuy (0)Sell (9)","Name
S3
S2
S1
Pivot Points
R1
R2
R3
Classic
1.1902
1.1904
1.1905
1.1907
1.1909
1.1910
1.1912
Fibonacci
1.1904
1.1905
1.1906
1.1907
1.1908
1.1909
1.1910
Camarilla
1.1906
1.1906
1.1906
1.1907
1.1907
1.1907
1.1907
Woodie's
1.1902
1.1904
1.1905
1.1907
1.1909
1.1910
1.1912
DeMark's
-
-
1.1904
1.1906
1.1908
-
-","Technical IndicatorsJun 17, 2021 10:33PM GMT
Name
Value
Action
RSI(14)
30.146
Sell
STOCH(9,6)
28.690
Sell
STOCHRSI(14)
100.000
Overbought
MACD(12,26)
-0.004
Sell
ADX(14)
37.693
Neutral
Williams %R
-71.538
Sell
CCI(14)
-66.2501
Sell
ATR(14)
0.0017
Less Volatility
Highs/Lows(14)
-0.0003
Sell
Ultimate Oscillator
39.762
Sell
ROC
-0.314
Sell
Bull/Bear Power(13)
-0.0020
Sell
Buy: 0
Sell: 9
Neutral: 1


Summary:Strong Sell","Jun 17, 2021 10:33PM GMT"
gbp_usd,1.3933 +0.0014    +0.10%,18:35:34,2021-06-17 22:36:10.177853,"Prev. Close: 1.3919
Bid/Ask: 1.3932 / 1.3934
Day's Range: 1.3915 - 1.3935",Strong Sell,"Summary:Strong Sell
Moving Averages:SellBuy (4)Sell (8)
Technical Indicators:Strong SellBuy (0)Sell (8)","Name
S3
S2
S1
Pivot Points
R1
R2
R3
Classic
1.3898
1.3907
1.3914
1.3922
1.3929
1.3937
1.3944
Fibonacci
1.3907
1.3912
1.3916
1.3922
1.3928
1.3932
1.3937
Camarilla
1.3916
1.3918
1.3919
1.3922
1.3922
1.3923
1.3925
Woodie's
1.3898
1.3907
1.3914
1.3922
1.3929
1.3937
1.3944
DeMark's
-
-
1.3910
1.3920
1.3926
-
-","Technical IndicatorsJun 17, 2021 10:35PM GMT
Name
Value
Action
RSI(14)
40.382
Sell
STOCH(9,6)
40.514
Sell
STOCHRSI(14)
100.000
Overbought
MACD(12,26)
-0.003
Sell
ADX(14)
39.578
Sell
Williams %R
-57.627
Sell
CCI(14)
-33.3066
Neutral
ATR(14)
0.0024
Less Volatility
Highs/Lows(14)
0.0000
Neutral
Ultimate Oscillator
44.437
Sell
ROC
-0.311
Sell
Bull/Bear Power(13)
-0.0022
Sell
Buy: 0
Sell: 8
Neutral: 2


Summary:Strong Sell","Jun 17, 2021 10:35PM GMT"
usd_jpy,110.27 +0.07    +0.06%,18:35:39,2021-06-17 22:36:10.180964,"Prev. Close: 110.20
Bid/Ask: 110.26 / 110.27
Day's Range: 110.17 - 110.83",Neutral,"Summary:Neutral
Moving Averages:BuyBuy (7)Sell (5)
Technical Indicators:Strong SellBuy (1)Sell (6)","Name
S3
S2
S1
Pivot Points
R1
R2
R3
Classic
110.14
110.17
110.21
110.24
110.29
110.31
110.36
Fibonacci
110.17
110.19
110.21
110.24
110.27
110.29
110.31
Camarilla
110.24
110.25
110.25
110.24
110.27
110.27
110.28
Woodie's
110.16
110.18
110.23
110.25
110.31
110.32
110.38
DeMark's
-
-
110.23
110.25
110.30
-
-","Technical IndicatorsJun 17, 2021 10:33PM GMT
Name
Value
Action
RSI(14)
44.381
Sell
STOCH(9,6)
18.567
Oversold
STOCHRSI(14)
22.286
Oversold
MACD(12,26)
-0.030
Sell
ADX(14)
31.036
Neutral
Williams %R
-80.671
Oversold
CCI(14)
-58.3607
Sell
ATR(14)
0.1179
Less Volatility
Highs/Lows(14)
-0.0496
Sell
Ultimate Oscillator
52.891
Buy
ROC
-0.325
Sell
Bull/Bear Power(13)
-0.1850
Sell
Buy: 1
Sell: 6
Neutral: 1


Summary:Strong Sell","Jun 17, 2021 10:33PM GMT"
aud_usd,0.7558 +0.0008    +0.10%,18:35:31,2021-06-17 22:36:10.183937,"Prev. Close: 0.7550
Bid/Ask: 0.7557 / 0.7558
Day's Range: 0.7547 - 0.7559",Strong Sell,"Summary:Strong Sell
Moving Averages:SellBuy (3)Sell (9)
Technical Indicators:Strong SellBuy (0)Sell (9)","Name
S3
S2
S1
Pivot Points
R1
R2
R3
Classic
0.7538
0.7543
0.7548
0.7552
0.7557
0.7561
0.7566
Fibonacci
0.7543
0.7546
0.7548
0.7552
0.7556
0.7558
0.7561
Camarilla
0.7550
0.7551
0.7552
0.7552
0.7553
0.7554
0.7555
Woodie's
0.7538
0.7543
0.7548
0.7552
0.7557
0.7561
0.7566
DeMark's
-
-
0.7545
0.7551
0.7554
-
-","Technical IndicatorsJun 17, 2021 10:35PM GMT
Name
Value
Action
RSI(14)
32.233
Sell
STOCH(9,6)
26.901
Sell
STOCHRSI(14)
100.000
Overbought
MACD(12,26)
-0.003
Sell
ADX(14)
50.435
Sell
Williams %R
-74.046
Sell
CCI(14)
-61.3138
Sell
ATR(14)
0.0016
Less Volatility
Highs/Lows(14)
0.0000
Neutral
Ultimate Oscillator
39.126
Sell
ROC
-0.585
Sell
Bull/Bear Power(13)
-0.0010
Sell
Buy: 0
Sell: 9
Neutral: 1


Summary:Strong Sell","Jun 17, 2021 10:35PM GMT"
eur_gbp,0.8550 -0.0001    -0.02%,18:35:40,2021-06-17 22:36:10.186911,"Prev. Close: 0.8551
Bid/Ask: 0.8548 / 0.8551
Day's Range: 0.8548 - 0.8557",Strong Sell,"Summary:Strong Sell
Moving Averages:Strong SellBuy (0)Sell (12)
Technical Indicators:Strong SellBuy (1)Sell (7)","Name
S3
S2
S1
Pivot Points
R1
R2
R3
Classic
0.8541
0.8545
0.8549
0.8553
0.8558
0.8561
0.8566
Fibonacci
0.8545
0.8548
0.8550
0.8553
0.8556
0.8558
0.8561
Camarilla
0.8551
0.8552
0.8552
0.8553
0.8554
0.8554
0.8555
Woodie's
0.8541
0.8545
0.8549
0.8553
0.8558
0.8561
0.8566
DeMark's
-
-
0.8551
0.8554
0.8559
-
-","Technical IndicatorsJun 17, 2021 10:35PM GMT
Name
Value
Action
RSI(14)
35.365
Sell
STOCH(9,6)
32.804
Sell
STOCHRSI(14)
47.727
Neutral
MACD(12,26)
-0.001
Sell
ADX(14)
40.720
Sell
Williams %R
-85.185
Oversold
CCI(14)
-113.6473
Sell
ATR(14)
0.0010
Less Volatility
Highs/Lows(14)
-0.0002
Sell
Ultimate Oscillator
50.058
Neutral
ROC
0.006
Buy
Bull/Bear Power(13)
-0.0019
Sell
Buy: 1
Sell: 7
Neutral: 2


Summary:Strong Sell","Jun 17, 2021 10:35PM GMT"
usd_cad,1.2347 -0.0014    -0.12%,18:35:37,2021-06-17 22:36:10.189871,"Prev. Close: 1.2361
Bid/Ask: 1.2346 / 1.2347
Day's Range: 1.2344 - 1.2368",Strong Buy,"Summary:Strong Buy
Moving Averages:BuyBuy (9)Sell (3)
Technical Indicators:Strong BuyBuy (9)Sell (0)","Name
S3
S2
S1
Pivot Points
R1
R2
R3
Classic
1.2333
1.2342
1.2350
1.2359
1.2367
1.2376
1.2384
Fibonacci
1.2342
1.2348
1.2353
1.2359
1.2365
1.2370
1.2376
Camarilla
1.2353
1.2355
1.2356
1.2359
1.2360
1.2361
1.2363
Woodie's
1.2333
1.2342
1.2350
1.2359
1.2367
1.2376
1.2384
DeMark's
-
-
1.2346
1.2357
1.2363
-
-","Technical IndicatorsJun 17, 2021 10:35PM GMT
Name
Value
Action
RSI(14)
64.715
Buy
STOCH(9,6)
71.662
Buy
STOCHRSI(14)
0.000
Oversold
MACD(12,26)
0.003
Buy
ADX(14)
45.767
Buy
Williams %R
-37.576
Buy
CCI(14)
53.0592
Buy
ATR(14)
0.0023
Less Volatility
Highs/Lows(14)
0.0000
Neutral
Ultimate Oscillator
62.017
Buy
ROC
0.276
Buy
Bull/Bear Power(13)
0.0021
Buy
Buy: 9
Sell: 0
Neutral: 1


Summary:Strong Buy","Jun 17, 2021 10:35PM GMT"
usd_chf,0.9175 +0.0002    +0.02%,18:35:33,2021-06-17 22:36:10.192811,"Prev. Close: 0.9173
Bid/Ask: 0.9171 / 0.9179
Day's Range: 0.9169 - 0.9183",Strong Buy,"Summary:Strong Buy
Moving Averages:Strong BuyBuy (11)Sell (1)
Technical Indicators:Strong BuyBuy (10)Sell (0)","Name
S3
S2
S1
Pivot Points
R1
R2
R3
Classic
0.9155
0.9161
0.9169
0.9176
0.9184
0.9191
0.9198
Fibonacci
0.9161
0.9167
0.9170
0.9176
0.9182
0.9185
0.9191
Camarilla
0.9172
0.9173
0.9175
0.9176
0.9177
0.9179
0.9180
Woodie's
0.9155
0.9161
0.9169
0.9176
0.9184
0.9191
0.9198
DeMark's
-
-
0.9165
0.9174
0.9180
-
-","Technical IndicatorsJun 17, 2021 10:35PM GMT
Name
Value
Action
RSI(14)
74.562
Buy
STOCH(9,6)
75.156
Buy
STOCHRSI(14)
0.000
Oversold
MACD(12,26)
0.003
Buy
ADX(14)
40.046
Buy
Williams %R
-21.367
Buy
CCI(14)
74.4607
Buy
ATR(14)
0.0014
Less Volatility
Highs/Lows(14)
0.0005
Buy
Ultimate Oscillator
59.230
Buy
ROC
0.427
Buy
Bull/Bear Power(13)
0.0032
Buy
Buy: 10
Sell: 0
Neutral: 0


Summary:Strong Buy","Jun 17, 2021 10:35PM GMT"
nzd_chf,0.6436 +0.0017    +0.26%,18:35:38,2021-06-17 22:36:10.195747,"Prev. Close: 0.6419
Bid/Ask: 0.6434 / 0.6438
Day's Range: 0.6421 - 0.6437",Strong Buy,"Summary:Strong Buy
Moving Averages:BuyBuy (11)Sell (1)
Technical Indicators:Strong BuyBuy (7)Sell (3)","Name
S3
S2
S1
Pivot Points
R1
R2
R3
Classic
0.6407
0.6414
0.6420
0.6427
0.6433
0.6440
0.6447
Fibonacci
0.6414
0.6419
0.6422
0.6427
0.6432
0.6435
0.6440
Camarilla
0.6421
0.6423
0.6424
0.6427
0.6426
0.6427
0.6429
Woodie's
0.6405
0.6413
0.6418
0.6426
0.6431
0.6439
0.6445
DeMark's
-
-
0.6416
0.6425
0.6429
-
-","Technical IndicatorsJun 17, 2021 10:35PM GMT
Name
Value
Action
RSI(14)
57.520
Buy
STOCH(9,6)
62.539
Buy
STOCHRSI(14)
92.681
Overbought
MACD(12,26)
0.000
Buy
ADX(14)
30.176
Sell
Williams %R
-34.445
Buy
CCI(14)
88.6671
Buy
ATR(14)
0.0012
Less Volatility
Highs/Lows(14)
0.0003
Buy
Ultimate Oscillator
42.293
Sell
ROC
-0.186
Sell
Bull/Bear Power(13)
0.0003
Buy
Buy: 7
Sell: 3
Neutral: 0


Summary:Strong Buy","Jun 17, 2021 10:35PM GMT"
usd_cny,6.4484 +0.0515    +0.80%,11:27:22,2021-06-17 22:36:10.198645,"Prev. Close: 6.3969
Bid/Ask: 6.4477 / 6.4490
Day's Range: 6.3972 - 6.4494",Strong Buy,"Summary:Strong Buy
Moving Averages:BuyBuy (12)Sell (0)
Technical Indicators:Strong BuyBuy (7)Sell (0)","Name
S3
S2
S1
Pivot Points
R1
R2
R3
Classic
6.4380
6.4399
6.4436
6.4455
6.4492
6.4511
6.4548
Fibonacci
6.4399
6.4420
6.4434
6.4455
6.4476
6.4490
6.4511
Camarilla
6.4458
6.4463
6.4468
6.4455
6.4479
6.4484
6.4489
Woodie's
6.4390
6.4404
6.4446
6.4460
6.4502
6.4516
6.4558
DeMark's
-
-
6.4446
6.4460
6.4502
-
-","Technical IndicatorsJun 17, 2021 03:34PM GMT
Name
Value
Action
RSI(14)
85.433
Overbought
STOCH(9,6)
77.649
Buy
STOCHRSI(14)
100.000
Overbought
MACD(12,26)
0.011
Buy
ADX(14)
61.337
Buy
Williams %R
-3.426
Overbought
CCI(14)
151.8010
Buy
ATR(14)
0.0041
Less Volatility
Highs/Lows(14)
0.0141
Buy
Ultimate Oscillator
82.973
Overbought
ROC
0.391
Buy
Bull/Bear Power(13)
0.0286
Buy
Buy: 7
Sell: 0
Neutral: 0


Summary:Strong Buy","Jun 17, 2021 03:34PM GMT"
usd_hkd,7.7647 +0.0003    +0.00%,18:35:34,2021-06-17 22:36:10.201543,"Prev. Close: 7.7644
Bid/Ask: 7.7646 / 7.7648
Day's Range: 7.7641 - 7.7650",Strong Buy,"Summary:Strong Buy
Moving Averages:Strong BuyBuy (11)Sell (1)
Technical Indicators:Strong BuyBuy (6)Sell (3)","Name
S3
S2
S1
Pivot Points
R1
R2
R3
Classic
7.7639
7.7641
7.7645
7.7647
7.7651
7.7653
7.7656
Fibonacci
7.7641
7.7643
7.7645
7.7647
7.7649
7.7651
7.7653
Camarilla
7.7646
7.7646
7.7647
7.7647
7.7648
7.7649
7.7649
Woodie's
7.7639
7.7641
7.7645
7.7647
7.7651
7.7653
7.7656
DeMark's
-
-
7.7645
7.7647
7.7651
-
-","Technical IndicatorsJun 17, 2021 10:35PM GMT
Name
Value
Action
RSI(14)
55.596
Buy
STOCH(9,6)
66.163
Buy
STOCHRSI(14)
36.140
Sell
MACD(12,26)
0.000
Buy
ADX(14)
30.256
Sell
Williams %R
-44.743
Buy
CCI(14)
-7.7126
Neutral
ATR(14)
0.0008
Less Volatility
Highs/Lows(14)
0.0000
Neutral
Ultimate Oscillator
60.741
Buy
ROC
0.008
Buy
Bull/Bear Power(13)
-0.0012
Sell
Buy: 6
Sell: 3
Neutral: 2


Summary:Strong Buy","Jun 17, 2021 10:35PM GMT"
eur_usd,1.1913 +0.0007    +0.06%,18:36:32,2021-06-17 22:37:10.367425,"Prev. Close: 1.1906
Bid/Ask: 1.1911 / 1.1915
Day's Range: 1.1906 - 1.1913",Strong Sell,"Summary:Strong Sell
Moving Averages:SellBuy (2)Sell (10)
Technical Indicators:Strong SellBuy (0)Sell (9)","Name
S3
S2
S1
Pivot Points
R1
R2
R3
Classic
1.1902
1.1904
1.1905
1.1907
1.1909
1.1910
1.1912
Fibonacci
1.1904
1.1905
1.1906
1.1907
1.1908
1.1909
1.1910
Camarilla
1.1906
1.1906
1.1906
1.1907
1.1907
1.1907
1.1907
Woodie's
1.1902
1.1904
1.1905
1.1907
1.1909
1.1910
1.1912
DeMark's
-
-
1.1904
1.1906
1.1908
-
-","Technical IndicatorsJun 17, 2021 10:35PM GMT
Name
Value
Action
RSI(14)
30.959
Sell
STOCH(9,6)
29.180
Sell
STOCHRSI(14)
100.000
Overbought
MACD(12,26)
-0.004
Sell
ADX(14)
37.693
Neutral
Williams %R
-69.231
Sell
CCI(14)
-64.1054
Sell
ATR(14)
0.0017
Less Volatility
Highs/Lows(14)
-0.0002
Sell
Ultimate Oscillator
40.973
Sell
ROC
-0.301
Sell
Bull/Bear Power(13)
-0.0020
Sell
Buy: 0
Sell: 9
Neutral: 1


Summary:Strong Sell","Jun 17, 2021 10:35PM GMT"
gbp_usd,1.3934 +0.0014    +0.10%,18:36:49,2021-06-17 22:37:10.371433,"Prev. Close: 1.3919
Bid/Ask: 1.3933 / 1.3934
Day's Range: 1.3915 - 1.3935",Strong Sell,"Summary:Strong Sell
Moving Averages:SellBuy (4)Sell (8)
Technical Indicators:Strong SellBuy (0)Sell (8)","Name
S3
S2
S1
Pivot Points
R1
R2
R3
Classic
1.3898
1.3907
1.3914
1.3922
1.3929
1.3937
1.3944
Fibonacci
1.3907
1.3912
1.3916
1.3922
1.3928
1.3932
1.3937
Camarilla
1.3916
1.3918
1.3919
1.3922
1.3922
1.3923
1.3925
Woodie's
1.3898
1.3907
1.3914
1.3922
1.3929
1.3937
1.3944
DeMark's
-
-
1.3910
1.3920
1.3926
-
-","Technical IndicatorsJun 17, 2021 10:35PM GMT
Name
Value
Action
RSI(14)
40.382
Sell
STOCH(9,6)
40.514
Sell
STOCHRSI(14)
100.000
Overbought
MACD(12,26)
-0.003
Sell
ADX(14)
39.578
Sell
Williams %R
-57.627
Sell
CCI(14)
-33.3066
Neutral
ATR(14)
0.0024
Less Volatility
Highs/Lows(14)
0.0000
Neutral
Ultimate Oscillator
44.437
Sell
ROC
-0.311
Sell
Bull/Bear Power(13)
-0.0022
Sell
Buy: 0
Sell: 8
Neutral: 2


Summary:Strong Sell","Jun 17, 2021 10:35PM GMT"
usd_jpy,110.27 +0.07    +0.06%,18:36:41,2021-06-17 22:37:10.374592,"Prev. Close: 110.20
Bid/Ask: 110.26 / 110.27
Day's Range: 110.17 - 110.83",Sell,"Summary:Sell
Moving Averages:NeutralBuy (6)Sell (6)
Technical Indicators:Strong SellBuy (1)Sell (6)","Name
S3
S2
S1
Pivot Points
R1
R2
R3
Classic
110.14
110.17
110.21
110.24
110.29
110.31
110.36
Fibonacci
110.17
110.19
110.21
110.24
110.27
110.29
110.31
Camarilla
110.24
110.25
110.25
110.24
110.27
110.27
110.28
Woodie's
110.16
110.18
110.23
110.25
110.31
110.32
110.38
DeMark's
-
-
110.23
110.25
110.30
-
-","Technical IndicatorsJun 17, 2021 10:35PM GMT
Name
Value
Action
RSI(14)
43.730
Sell
STOCH(9,6)
18.038
Oversold
STOCHRSI(14)
19.914
Oversold
MACD(12,26)
-0.030
Sell
ADX(14)
31.036
Neutral
Williams %R
-82.352
Oversold
CCI(14)
-59.5799
Sell
ATR(14)
0.1179
Less Volatility
Highs/Lows(14)
-0.0596
Sell
Ultimate Oscillator
51.721
Buy
ROC
-0.334
Sell
Bull/Bear Power(13)
-0.1830
Sell
Buy: 1
Sell: 6
Neutral: 1


Summary:Strong Sell","Jun 17, 2021 10:35PM GMT"
aud_usd,0.7557 +0.0007    +0.09%,18:36:32,2021-06-17 22:37:10.377602,"Prev. Close: 0.7550
Bid/Ask: 0.7555 / 0.7559
Day's Range: 0.7547 - 0.7559",Strong Sell,"Summary:Strong Sell
Moving Averages:SellBuy (3)Sell (9)
Technical Indicators:Strong SellBuy (0)Sell (9)","Name
S3
S2
S1
Pivot Points
R1
R2
R3
Classic
0.7538
0.7543
0.7548
0.7552
0.7557
0.7561
0.7566
Fibonacci
0.7543
0.7546
0.7548
0.7552
0.7556
0.7558
0.7561
Camarilla
0.7550
0.7551
0.7552
0.7552
0.7553
0.7554
0.7555
Woodie's
0.7538
0.7543
0.7548
0.7552
0.7557
0.7561
0.7566
DeMark's
-
-
0.7545
0.7551
0.7554
-
-","Technical IndicatorsJun 17, 2021 10:35PM GMT
Name
Value
Action
RSI(14)
32.233
Sell
STOCH(9,6)
26.901
Sell
STOCHRSI(14)
100.000
Overbought
MACD(12,26)
-0.003
Sell
ADX(14)
50.435
Sell
Williams %R
-74.046
Sell
CCI(14)
-61.3138
Sell
ATR(14)
0.0016
Less Volatility
Highs/Lows(14)
0.0000
Neutral
Ultimate Oscillator
39.126
Sell
ROC
-0.585
Sell
Bull/Bear Power(13)
-0.0010
Sell
Buy: 0
Sell: 9
Neutral: 1


Summary:Strong Sell","Jun 17, 2021 10:35PM GMT"
eur_gbp,0.8550 -0.0001    -0.01%,18:36:54,2021-06-17 22:37:10.380582,"Prev. Close: 0.8551
Bid/Ask: 0.8548 / 0.8552
Day's Range: 0.8548 - 0.8557",Strong Sell,"Summary:Strong Sell
Moving Averages:Strong SellBuy (0)Sell (12)
Technical Indicators:Strong SellBuy (1)Sell (7)","Name
S3
S2
S1
Pivot Points
R1
R2
R3
Classic
0.8541
0.8545
0.8549
0.8553
0.8558
0.8561
0.8566
Fibonacci
0.8545
0.8548
0.8550
0.8553
0.8556
0.8558
0.8561
Camarilla
0.8551
0.8552
0.8552
0.8553
0.8554
0.8554
0.8555
Woodie's
0.8541
0.8545
0.8549
0.8553
0.8558
0.8561
0.8566
DeMark's
-
-
0.8551
0.8554
0.8559
-
-","Technical IndicatorsJun 17, 2021 10:35PM GMT
Name
Value
Action
RSI(14)
35.365
Sell
STOCH(9,6)
32.804
Sell
STOCHRSI(14)
47.727
Neutral
MACD(12,26)
-0.001
Sell
ADX(14)
40.720
Sell
Williams %R
-85.185
Oversold
CCI(14)
-113.6473
Sell
ATR(14)
0.0010
Less Volatility
Highs/Lows(14)
-0.0002
Sell
Ultimate Oscillator
50.058
Neutral
ROC
0.006
Buy
Bull/Bear Power(13)
-0.0019
Sell
Buy: 1
Sell: 7
Neutral: 2


Summary:Strong Sell","Jun 17, 2021 10:35PM GMT"
usd_cad,1.2347 -0.0014    -0.12%,18:36:49,2021-06-17 22:37:10.383539,"Prev. Close: 1.2361
Bid/Ask: 1.2346 / 1.2347
Day's Range: 1.2344 - 1.2368",Strong Buy,"Summary:Strong Buy
Moving Averages:BuyBuy (9)Sell (3)
Technical Indicators:Strong BuyBuy (9)Sell (0)","Name
S3
S2
S1
Pivot Points
R1
R2
R3
Classic
1.2333
1.2342
1.2350
1.2359
1.2367
1.2376
1.2384
Fibonacci
1.2342
1.2348
1.2353
1.2359
1.2365
1.2370
1.2376
Camarilla
1.2353
1.2355
1.2356
1.2359
1.2360
1.2361
1.2363
Woodie's
1.2333
1.2342
1.2350
1.2359
1.2367
1.2376
1.2384
DeMark's
-
-
1.2346
1.2357
1.2363
-
-","Technical IndicatorsJun 17, 2021 10:35PM GMT
Name
Value
Action
RSI(14)
64.715
Buy
STOCH(9,6)
71.662
Buy
STOCHRSI(14)
0.000
Oversold
MACD(12,26)
0.003
Buy
ADX(14)
45.767
Buy
Williams %R
-37.576
Buy
CCI(14)
53.0592
Buy
ATR(14)
0.0023
Less Volatility
Highs/Lows(14)
0.0000
Neutral
Ultimate Oscillator
62.017
Buy
ROC
0.276
Buy
Bull/Bear Power(13)
0.0021
Buy
Buy: 9
Sell: 0
Neutral: 1


Summary:Strong Buy","Jun 17, 2021 10:35PM GMT"
usd_chf,0.9176 +0.0003    +0.03%,18:36:46,2021-06-17 22:37:10.386468,"Prev. Close: 0.9173
Bid/Ask: 0.9172 / 0.9180
Day's Range: 0.9169 - 0.9183",Strong Buy,"Summary:Strong Buy
Moving Averages:Strong BuyBuy (11)Sell (1)
Technical Indicators:Strong BuyBuy (10)Sell (0)","Name
S3
S2
S1
Pivot Points
R1
R2
R3
Classic
0.9155
0.9161
0.9169
0.9176
0.9184
0.9191
0.9198
Fibonacci
0.9161
0.9167
0.9170
0.9176
0.9182
0.9185
0.9191
Camarilla
0.9172
0.9173
0.9175
0.9176
0.9177
0.9179
0.9180
Woodie's
0.9155
0.9161
0.9169
0.9176
0.9184
0.9191
0.9198
DeMark's
-
-
0.9165
0.9174
0.9180
-
-","Technical IndicatorsJun 17, 2021 10:35PM GMT
Name
Value
Action
RSI(14)
74.562
Buy
STOCH(9,6)
75.156
Buy
STOCHRSI(14)
0.000
Oversold
MACD(12,26)
0.003
Buy
ADX(14)
40.046
Buy
Williams %R
-21.367
Buy
CCI(14)
74.4607
Buy
ATR(14)
0.0014
Less Volatility
Highs/Lows(14)
0.0005
Buy
Ultimate Oscillator
59.230
Buy
ROC
0.427
Buy
Bull/Bear Power(13)
0.0032
Buy
Buy: 10
Sell: 0
Neutral: 0


Summary:Strong Buy","Jun 17, 2021 10:35PM GMT"
nzd_chf,0.6436 +0.0016    +0.26%,18:36:51,2021-06-17 22:37:10.389385,"Prev. Close: 0.6419
Bid/Ask: 0.6432 / 0.6439
Day's Range: 0.6421 - 0.6437",Strong Buy,"Summary:Strong Buy
Moving Averages:BuyBuy (11)Sell (1)
Technical Indicators:Strong BuyBuy (7)Sell (3)","Name
S3
S2
S1
Pivot Points
R1
R2
R3
Classic
0.6407
0.6414
0.6420
0.6427
0.6433
0.6440
0.6447
Fibonacci
0.6414
0.6419
0.6422
0.6427
0.6432
0.6435
0.6440
Camarilla
0.6421
0.6423
0.6424
0.6427
0.6426
0.6427
0.6429
Woodie's
0.6405
0.6413
0.6418
0.6426
0.6431
0.6439
0.6445
DeMark's
-
-
0.6416
0.6425
0.6429
-
-","Technical IndicatorsJun 17, 2021 10:35PM GMT
Name
Value
Action
RSI(14)
57.520
Buy
STOCH(9,6)
62.539
Buy
STOCHRSI(14)
92.681
Overbought
MACD(12,26)
0.000
Buy
ADX(14)
30.176
Sell
Williams %R
-34.445
Buy
CCI(14)
88.6671
Buy
ATR(14)
0.0012
Less Volatility
Highs/Lows(14)
0.0003
Buy
Ultimate Oscillator
42.293
Sell
ROC
-0.186
Sell
Bull/Bear Power(13)
0.0003
Buy
Buy: 7
Sell: 3
Neutral: 0


Summary:Strong Buy","Jun 17, 2021 10:35PM GMT"
usd_cny,6.4484 +0.0515    +0.80%,11:27:22,2021-06-17 22:37:10.392316,"Prev. Close: 6.3969
Bid/Ask: 6.4477 / 6.4490
Day's Range: 6.3972 - 6.4494",Strong Buy,"Summary:Strong Buy
Moving Averages:BuyBuy (12)Sell (0)
Technical Indicators:Strong BuyBuy (7)Sell (0)","Name
S3
S2
S1
Pivot Points
R1
R2
R3
Classic
6.4380
6.4399
6.4436
6.4455
6.4492
6.4511
6.4548
Fibonacci
6.4399
6.4420
6.4434
6.4455
6.4476
6.4490
6.4511
Camarilla
6.4458
6.4463
6.4468
6.4455
6.4479
6.4484
6.4489
Woodie's
6.4390
6.4404
6.4446
6.4460
6.4502
6.4516
6.4558
DeMark's
-
-
6.4446
6.4460
6.4502
-
-","Technical IndicatorsJun 17, 2021 03:34PM GMT
Name
Value
Action
RSI(14)
85.433
Overbought
STOCH(9,6)
77.649
Buy
STOCHRSI(14)
100.000
Overbought
MACD(12,26)
0.011
Buy
ADX(14)
61.337
Buy
Williams %R
-3.426
Overbought
CCI(14)
151.8010
Buy
ATR(14)
0.0041
Less Volatility
Highs/Lows(14)
0.0141
Buy
Ultimate Oscillator
82.973
Overbought
ROC
0.391
Buy
Bull/Bear Power(13)
0.0286
Buy
Buy: 7
Sell: 0
Neutral: 0


Summary:Strong Buy","Jun 17, 2021 03:34PM GMT"
usd_hkd,7.7647 +0.0003    +0.00%,18:36:34,2021-06-17 22:37:10.395248,"Prev. Close: 7.7644
Bid/Ask: 7.7646 / 7.7648
Day's Range: 7.7641 - 7.7650",Strong Buy,"Summary:Strong Buy
Moving Averages:Strong BuyBuy (11)Sell (1)
Technical Indicators:Strong BuyBuy (6)Sell (3)","Name
S3
S2
S1
Pivot Points
R1
R2
R3
Classic
7.7639
7.7641
7.7645
7.7647
7.7651
7.7653
7.7656
Fibonacci
7.7641
7.7643
7.7645
7.7647
7.7649
7.7651
7.7653
Camarilla
7.7646
7.7646
7.7647
7.7647
7.7648
7.7649
7.7649
Woodie's
7.7639
7.7641
7.7645
7.7647
7.7651
7.7653
7.7656
DeMark's
-
-
7.7645
7.7647
7.7651
-
-","Technical IndicatorsJun 17, 2021 10:35PM GMT
Name
Value
Action
RSI(14)
55.596
Buy
STOCH(9,6)
66.163
Buy
STOCHRSI(14)
36.140
Sell
MACD(12,26)
0.000
Buy
ADX(14)
30.256
Sell
Williams %R
-44.743
Buy
CCI(14)
-7.7126
Neutral
ATR(14)
0.0008
Less Volatility
Highs/Lows(14)
0.0000
Neutral
Ultimate Oscillator
60.741
Buy
ROC
0.008
Buy
Bull/Bear Power(13)
-0.0012
Sell
Buy: 6
Sell: 3
Neutral: 2


Summary:Strong Buy","Jun 17, 2021 10:35PM GMT"
eur_usd,1.1913 +0.0007    +0.06%,18:37:41,2021-06-17 22:38:10.347122,"Prev. Close: 1.1906
Bid/Ask: 1.1911 / 1.1915
Day's Range: 1.1906 - 1.1914",Strong Sell,"Summary:Strong Sell
Moving Averages:SellBuy (3)Sell (9)
Technical Indicators:Strong SellBuy (0)Sell (9)","Name
S3
S2
S1
Pivot Points
R1
R2
R3
Classic
1.1902
1.1904
1.1905
1.1907
1.1909
1.1910
1.1912
Fibonacci
1.1904
1.1905
1.1906
1.1907
1.1908
1.1909
1.1910
Camarilla
1.1906
1.1906
1.1906
1.1907
1.1907
1.1907
1.1907
Woodie's
1.1902
1.1904
1.1905
1.1907
1.1909
1.1910
1.1912
DeMark's
-
-
1.1904
1.1906
1.1908
-
-","Technical IndicatorsJun 17, 2021 10:37PM GMT
Name
Value
Action
RSI(14)
31.491
Sell
STOCH(9,6)
29.507
Sell
STOCHRSI(14)
100.000
Overbought
MACD(12,26)
-0.004
Sell
ADX(14)
37.562
Neutral
Williams %R
-67.692
Sell
CCI(14)
-61.9500
Sell
ATR(14)
0.0017
Less Volatility
Highs/Lows(14)
-0.0001
Sell
Ultimate Oscillator
41.605
Sell
ROC
-0.293
Sell
Bull/Bear Power(13)
-0.0020
Sell
Buy: 0
Sell: 9
Neutral: 1


Summary:Strong Sell","Jun 17, 2021 10:37PM GMT"
gbp_usd,1.3934 +0.0014    +0.10%,18:37:40,2021-06-17 22:38:10.351228,"Prev. Close: 1.3919
Bid/Ask: 1.3933 / 1.3934
Day's Range: 1.3915 - 1.3935",Strong Sell,"Summary:Strong Sell
Moving Averages:SellBuy (4)Sell (8)
Technical Indicators:Strong SellBuy (0)Sell (8)","Name
S3
S2
S1
Pivot Points
R1
R2
R3
Classic
1.3898
1.3907
1.3914
1.3922
1.3929
1.3937
1.3944
Fibonacci
1.3907
1.3912
1.3916
1.3922
1.3928
1.3932
1.3937
Camarilla
1.3916
1.3918
1.3919
1.3922
1.3922
1.3923
1.3925
Woodie's
1.3898
1.3907
1.3914
1.3922
1.3929
1.3937
1.3944
DeMark's
-
-
1.3910
1.3920
1.3926
-
-","Technical IndicatorsJun 17, 2021 10:37PM GMT
Name
Value
Action
RSI(14)
40.206
Sell
STOCH(9,6)
40.388
Sell
STOCHRSI(14)
100.000
Overbought
MACD(12,26)
-0.003
Sell
ADX(14)
39.578
Sell
Williams %R
-58.192
Sell
CCI(14)
-34.0191
Neutral
ATR(14)
0.0024
Less Volatility
Highs/Lows(14)
0.0000
Neutral
Ultimate Oscillator
44.134
Sell
ROC
-0.315
Sell
Bull/Bear Power(13)
-0.0022
Sell
Buy: 0
Sell: 8
Neutral: 2


Summary:Strong Sell","Jun 17, 2021 10:37PM GMT"
usd_jpy,110.26 +0.06    +0.05%,18:37:40,2021-06-17 22:38:10.354525,"Prev. Close: 110.20
Bid/Ask: 110.25 / 110.27
Day's Range: 110.17 - 110.83",Sell,"Summary:Sell
Moving Averages:NeutralBuy (6)Sell (6)
Technical Indicators:Strong SellBuy (0)Sell (6)","Name
S3
S2
S1
Pivot Points
R1
R2
R3
Classic
110.14
110.17
110.21
110.24
110.29
110.31
110.36
Fibonacci
110.17
110.19
110.21
110.24
110.27
110.29
110.31
Camarilla
110.24
110.25
110.25
110.24
110.27
110.27
110.28
Woodie's
110.16
110.18
110.23
110.25
110.31
110.32
110.38
DeMark's
-
-
110.23
110.25
110.30
-
-","Technical IndicatorsJun 17, 2021 10:37PM GMT
Name
Value
Action
RSI(14)
43.063
Sell
STOCH(9,6)
17.508
Oversold
STOCHRSI(14)
17.484
Oversold
MACD(12,26)
-0.030
Sell
ADX(14)
31.036
Neutral
Williams %R
-84.033
Oversold
CCI(14)
-60.7958
Sell
ATR(14)
0.1179
Less Volatility
Highs/Lows(14)
-0.0696
Sell
Ultimate Oscillator
50.552
Neutral
ROC
-0.343
Sell
Bull/Bear Power(13)
-0.1810
Sell
Buy: 0
Sell: 6
Neutral: 2


Summary:Strong Sell","Jun 17, 2021 10:37PM GMT"
aud_usd,0.7557 +0.0007    +0.09%,18:37:22,2021-06-17 22:38:10.357563,"Prev. Close: 0.7550
Bid/Ask: 0.7555 / 0.7559
Day's Range: 0.7547 - 0.7559",Strong Sell,"Summary:Strong Sell
Moving Averages:SellBuy (3)Sell (9)
Technical Indicators:Strong SellBuy (0)Sell (9)","Name
S3
S2
S1
Pivot Points
R1
R2
R3
Classic
0.7538
0.7543
0.7548
0.7552
0.7557
0.7561
0.7566
Fibonacci
0.7543
0.7546
0.7548
0.7552
0.7556
0.7558
0.7561
Camarilla
0.7550
0.7551
0.7552
0.7552
0.7553
0.7554
0.7555
Woodie's
0.7538
0.7543
0.7548
0.7552
0.7557
0.7561
0.7566
DeMark's
-
-
0.7545
0.7551
0.7554
-
-","Technical IndicatorsJun 17, 2021 10:37PM GMT
Name
Value
Action
RSI(14)
32.575
Sell
STOCH(9,6)
27.150
Sell
STOCHRSI(14)
100.000
Overbought
MACD(12,26)
-0.003
Sell
ADX(14)
50.435
Sell
Williams %R
-73.283
Sell
CCI(14)
-60.4391
Sell
ATR(14)
0.0016
Less Volatility
Highs/Lows(14)
0.0000
Neutral
Ultimate Oscillator
39.572
Sell
ROC
-0.579
Sell
Bull/Bear Power(13)
-0.0010
Sell
Buy: 0
Sell: 9
Neutral: 1


Summary:Strong Sell","Jun 17, 2021 10:37PM GMT"
eur_gbp,0.8550 -0.0001    -0.01%,18:37:40,2021-06-17 22:38:10.360510,"Prev. Close: 0.8551
Bid/Ask: 0.8548 / 0.8552
Day's Range: 0.8548 - 0.8557",Strong Sell,"Summary:Strong Sell
Moving Averages:Strong SellBuy (0)Sell (12)
Technical Indicators:Strong SellBuy (2)Sell (8)","Name
S3
S2
S1
Pivot Points
R1
R2
R3
Classic
0.8541
0.8545
0.8549
0.8553
0.8558
0.8561
0.8566
Fibonacci
0.8545
0.8548
0.8550
0.8553
0.8556
0.8558
0.8561
Camarilla
0.8551
0.8552
0.8552
0.8553
0.8554
0.8554
0.8555
Woodie's
0.8541
0.8545
0.8549
0.8553
0.8558
0.8561
0.8566
DeMark's
-
-
0.8551
0.8554
0.8559
-
-","Technical IndicatorsJun 17, 2021 10:37PM GMT
Name
Value
Action
RSI(14)
36.356
Sell
STOCH(9,6)
33.995
Sell
STOCHRSI(14)
53.393
Neutral
MACD(12,26)
-0.001
Sell
ADX(14)
40.720
Sell
Williams %R
-79.629
Sell
CCI(14)
-104.8185
Sell
ATR(14)
0.0010
Less Volatility
Highs/Lows(14)
-0.0000
Sell
Ultimate Oscillator
52.196
Buy
ROC
0.023
Buy
Bull/Bear Power(13)
-0.0019
Sell
Buy: 2
Sell: 8
Neutral: 1


Summary:Strong Sell","Jun 17, 2021 10:37PM GMT"
usd_cad,1.2347 -0.0014    -0.12%,18:37:40,2021-06-17 22:38:10.363446,"Prev. Close: 1.2361
Bid/Ask: 1.2346 / 1.2347
Day's Range: 1.2344 - 1.2368",Strong Buy,"Summary:Strong Buy
Moving Averages:BuyBuy (8)Sell (4)
Technical Indicators:Strong BuyBuy (9)Sell (0)","Name
S3
S2
S1
Pivot Points
R1
R2
R3
Classic
1.2333
1.2342
1.2350
1.2359
1.2367
1.2376
1.2384
Fibonacci
1.2342
1.2348
1.2353
1.2359
1.2365
1.2370
1.2376
Camarilla
1.2353
1.2355
1.2356
1.2359
1.2360
1.2361
1.2363
Woodie's
1.2333
1.2342
1.2350
1.2359
1.2367
1.2376
1.2384
DeMark's
-
-
1.2346
1.2357
1.2363
-
-","Technical IndicatorsJun 17, 2021 10:37PM GMT
Name
Value
Action
RSI(14)
64.463
Buy
STOCH(9,6)
71.546
Buy
STOCHRSI(14)
0.000
Oversold
MACD(12,26)
0.003
Buy
ADX(14)
45.767
Buy
Williams %R
-38.183
Buy
CCI(14)
52.2694
Buy
ATR(14)
0.0023
Less Volatility
Highs/Lows(14)
0.0000
Neutral
Ultimate Oscillator
61.735
Buy
ROC
0.272
Buy
Bull/Bear Power(13)
0.0021
Buy
Buy: 9
Sell: 0
Neutral: 1


Summary:Strong Buy","Jun 17, 2021 10:37PM GMT"
usd_chf,0.9175 +0.0002    +0.02%,18:37:38,2021-06-17 22:38:10.366355,"Prev. Close: 0.9173
Bid/Ask: 0.9171 / 0.9179
Day's Range: 0.9169 - 0.9183",Strong Buy,"Summary:Strong Buy
Moving Averages:Strong BuyBuy (11)Sell (1)
Technical Indicators:Strong BuyBuy (10)Sell (0)","Name
S3
S2
S1
Pivot Points
R1
R2
R3
Classic
0.9155
0.9161
0.9169
0.9176
0.9184
0.9191
0.9198
Fibonacci
0.9161
0.9167
0.9170
0.9176
0.9182
0.9185
0.9191
Camarilla
0.9172
0.9173
0.9175
0.9176
0.9177
0.9179
0.9180
Woodie's
0.9155
0.9161
0.9169
0.9176
0.9184
0.9191
0.9198
DeMark's
-
-
0.9165
0.9174
0.9180
-
-","Technical IndicatorsJun 17, 2021 10:37PM GMT
Name
Value
Action
RSI(14)
74.189
Buy
STOCH(9,6)
74.955
Buy
STOCHRSI(14)
0.000
Oversold
MACD(12,26)
0.003
Buy
ADX(14)
40.046
Buy
Williams %R
-22.222
Buy
CCI(14)
73.6684
Buy
ATR(14)
0.0014
Less Volatility
Highs/Lows(14)
0.0004
Buy
Ultimate Oscillator
58.759
Buy
ROC
0.421
Buy
Bull/Bear Power(13)
0.0032
Buy
Buy: 10
Sell: 0
Neutral: 0


Summary:Strong Buy","Jun 17, 2021 10:37PM GMT"
nzd_chf,0.6436 +0.0016    +0.26%,18:37:42,2021-06-17 22:38:10.369279,"Prev. Close: 0.6419
Bid/Ask: 0.6432 / 0.6439
Day's Range: 0.6421 - 0.6437",Strong Buy,"Summary:Strong Buy
Moving Averages:BuyBuy (11)Sell (1)
Technical Indicators:Strong BuyBuy (7)Sell (3)","Name
S3
S2
S1
Pivot Points
R1
R2
R3
Classic
0.6407
0.6414
0.6420
0.6427
0.6433
0.6440
0.6447
Fibonacci
0.6414
0.6419
0.6422
0.6427
0.6432
0.6435
0.6440
Camarilla
0.6421
0.6423
0.6424
0.6427
0.6426
0.6427
0.6429
Woodie's
0.6405
0.6413
0.6418
0.6426
0.6431
0.6439
0.6445
DeMark's
-
-
0.6416
0.6425
0.6429
-
-","Technical IndicatorsJun 17, 2021 10:35PM GMT
Name
Value
Action
RSI(14)
57.520
Buy
STOCH(9,6)
62.539
Buy
STOCHRSI(14)
92.681
Overbought
MACD(12,26)
0.000
Buy
ADX(14)
30.176
Sell
Williams %R
-34.445
Buy
CCI(14)
88.6671
Buy
ATR(14)
0.0012
Less Volatility
Highs/Lows(14)
0.0003
Buy
Ultimate Oscillator
42.293
Sell
ROC
-0.186
Sell
Bull/Bear Power(13)
0.0003
Buy
Buy: 7
Sell: 3
Neutral: 0


Summary:Strong Buy","Jun 17, 2021 10:35PM GMT"
usd_cny,6.4484 +0.0515    +0.80%,11:27:22,2021-06-17 22:38:10.372189,"Prev. Close: 6.3969
Bid/Ask: 6.4477 / 6.4490
Day's Range: 6.3972 - 6.4494",Strong Buy,"Summary:Strong Buy
Moving Averages:BuyBuy (12)Sell (0)
Technical Indicators:Strong BuyBuy (7)Sell (0)","Name
S3
S2
S1
Pivot Points
R1
R2
R3
Classic
6.4380
6.4399
6.4436
6.4455
6.4492
6.4511
6.4548
Fibonacci
6.4399
6.4420
6.4434
6.4455
6.4476
6.4490
6.4511
Camarilla
6.4458
6.4463
6.4468
6.4455
6.4479
6.4484
6.4489
Woodie's
6.4390
6.4404
6.4446
6.4460
6.4502
6.4516
6.4558
DeMark's
-
-
6.4446
6.4460
6.4502
-
-","Technical IndicatorsJun 17, 2021 03:34PM GMT
Name
Value
Action
RSI(14)
85.433
Overbought
STOCH(9,6)
77.649
Buy
STOCHRSI(14)
100.000
Overbought
MACD(12,26)
0.011
Buy
ADX(14)
61.337
Buy
Williams %R
-3.426
Overbought
CCI(14)
151.8010
Buy
ATR(14)
0.0041
Less Volatility
Highs/Lows(14)
0.0141
Buy
Ultimate Oscillator
82.973
Overbought
ROC
0.391
Buy
Bull/Bear Power(13)
0.0286
Buy
Buy: 7
Sell: 0
Neutral: 0


Summary:Strong Buy","Jun 17, 2021 03:34PM GMT"
usd_hkd,7.7647 +0.0003    +0.00%,18:37:39,2021-06-17 22:38:10.375120,"Prev. Close: 7.7644
Bid/Ask: 7.7646 / 7.7648
Day's Range: 7.7641 - 7.7650",Strong Buy,"Summary:Strong Buy
Moving Averages:Strong BuyBuy (11)Sell (1)
Technical Indicators:Strong BuyBuy (6)Sell (3)","Name
S3
S2
S1
Pivot Points
R1
R2
R3
Classic
7.7639
7.7641
7.7645
7.7647
7.7651
7.7653
7.7656
Fibonacci
7.7641
7.7643
7.7645
7.7647
7.7649
7.7651
7.7653
Camarilla
7.7646
7.7646
7.7647
7.7647
7.7648
7.7649
7.7649
Woodie's
7.7639
7.7641
7.7645
7.7647
7.7651
7.7653
7.7656
DeMark's
-
-
7.7645
7.7647
7.7651
-
-","Technical IndicatorsJun 17, 2021 10:37PM GMT
Name
Value
Action
RSI(14)
55.596
Buy
STOCH(9,6)
66.163
Buy
STOCHRSI(14)
36.140
Sell
MACD(12,26)
0.000
Buy
ADX(14)
30.256
Sell
Williams %R
-44.743
Buy
CCI(14)
-7.7126
Neutral
ATR(14)
0.0008
Less Volatility
Highs/Lows(14)
0.0000
Neutral
Ultimate Oscillator
60.741
Buy
ROC
0.008
Buy
Bull/Bear Power(13)
-0.0012
Sell
Buy: 6
Sell: 3
Neutral: 2


Summary:Strong Buy","Jun 17, 2021 10:37PM GMT"
eur_usd,1.1913 +0.0007    +0.06%,18:38:25,2021-06-17 22:39:10.237514,"Prev. Close: 1.1906
Bid/Ask: 1.1912 / 1.1914
Day's Range: 1.1906 - 1.1914",Strong Sell,"Summary:Strong Sell
Moving Averages:SellBuy (3)Sell (9)
Technical Indicators:Strong SellBuy (0)Sell (9)","Name
S3
S2
S1
Pivot Points
R1
R2
R3
Classic
1.1902
1.1904
1.1905
1.1907
1.1909
1.1910
1.1912
Fibonacci
1.1904
1.1905
1.1906
1.1907
1.1908
1.1909
1.1910
Camarilla
1.1906
1.1906
1.1906
1.1907
1.1907
1.1907
1.1907
Woodie's
1.1902
1.1904
1.1905
1.1907
1.1909
1.1910
1.1912
DeMark's
-
-
1.1904
1.1906
1.1908
-
-","Technical IndicatorsJun 17, 2021 10:37PM GMT
Name
Value
Action
RSI(14)
31.491
Sell
STOCH(9,6)
29.507
Sell
STOCHRSI(14)
100.000
Overbought
MACD(12,26)
-0.004
Sell
ADX(14)
37.562
Neutral
Williams %R
-67.692
Sell
CCI(14)
-61.9500
Sell
ATR(14)
0.0017
Less Volatility
Highs/Lows(14)
-0.0001
Sell
Ultimate Oscillator
41.605
Sell
ROC
-0.293
Sell
Bull/Bear Power(13)
-0.0020
Sell
Buy: 0
Sell: 9
Neutral: 1


Summary:Strong Sell","Jun 17, 2021 10:37PM GMT"
gbp_usd,1.3933 +0.0014    +0.10%,18:38:50,2021-06-17 22:39:10.241574,"Prev. Close: 1.3919
Bid/Ask: 1.3931 / 1.3935
Day's Range: 1.3915 - 1.3935",Strong Sell,"Summary:Strong Sell
Moving Averages:SellBuy (4)Sell (8)
Technical Indicators:Strong SellBuy (0)Sell (8)","Name
S3
S2
S1
Pivot Points
R1
R2
R3
Classic
1.3898
1.3907
1.3914
1.3922
1.3929
1.3937
1.3944
Fibonacci
1.3907
1.3912
1.3916
1.3922
1.3928
1.3932
1.3937
Camarilla
1.3916
1.3918
1.3919
1.3922
1.3922
1.3923
1.3925
Woodie's
1.3898
1.3907
1.3914
1.3922
1.3929
1.3937
1.3944
DeMark's
-
-
1.3910
1.3920
1.3926
-
-","Technical IndicatorsJun 17, 2021 10:37PM GMT
Name
Value
Action
RSI(14)
40.206
Sell
STOCH(9,6)
40.388
Sell
STOCHRSI(14)
100.000
Overbought
MACD(12,26)
-0.003
Sell
ADX(14)
39.578
Sell
Williams %R
-58.192
Sell
CCI(14)
-34.0191
Neutral
ATR(14)
0.0024
Less Volatility
Highs/Lows(14)
0.0000
Neutral
Ultimate Oscillator
44.134
Sell
ROC
-0.315
Sell
Bull/Bear Power(13)
-0.0022
Sell
Buy: 0
Sell: 8
Neutral: 2


Summary:Strong Sell","Jun 17, 2021 10:37PM GMT"
usd_jpy,110.27 +0.07    +0.06%,18:38:41,2021-06-17 22:39:10.244798,"Prev. Close: 110.20
Bid/Ask: 110.26 / 110.27
Day's Range: 110.17 - 110.83",Sell,"Summary:Sell
Moving Averages:NeutralBuy (6)Sell (6)
Technical Indicators:Strong SellBuy (0)Sell (6)","Name
S3
S2
S1
Pivot Points
R1
R2
R3
Classic
110.14
110.17
110.21
110.24
110.29
110.31
110.36
Fibonacci
110.17
110.19
110.21
110.24
110.27
110.29
110.31
Camarilla
110.24
110.25
110.25
110.24
110.27
110.27
110.28
Woodie's
110.16
110.18
110.23
110.25
110.31
110.32
110.38
DeMark's
-
-
110.23
110.25
110.30
-
-","Technical IndicatorsJun 17, 2021 10:38PM GMT
Name
Value
Action
RSI(14)
43.063
Sell
STOCH(9,6)
17.508
Oversold
STOCHRSI(14)
17.484
Oversold
MACD(12,26)
-0.030
Sell
ADX(14)
31.036
Neutral
Williams %R
-84.033
Oversold
CCI(14)
-60.7958
Sell
ATR(14)
0.1179
Less Volatility
Highs/Lows(14)
-0.0696
Sell
Ultimate Oscillator
50.552
Neutral
ROC
-0.343
Sell
Bull/Bear Power(13)
-0.1810
Sell
Buy: 0
Sell: 6
Neutral: 2


Summary:Strong Sell","Jun 17, 2021 10:38PM GMT"
aud_usd,0.7557 +0.0007    +0.09%,18:38:47,2021-06-17 22:39:10.247815,"Prev. Close: 0.7550
Bid/Ask: 0.7556 / 0.7558
Day's Range: 0.7547 - 0.7559",Strong Sell,"Summary:Strong Sell
Moving Averages:SellBuy (3)Sell (9)
Technical Indicators:Strong SellBuy (0)Sell (9)","Name
S3
S2
S1
Pivot Points
R1
R2
R3
Classic
0.7538
0.7543
0.7548
0.7552
0.7557
0.7561
0.7566
Fibonacci
0.7543
0.7546
0.7548
0.7552
0.7556
0.7558
0.7561
Camarilla
0.7550
0.7551
0.7552
0.7552
0.7553
0.7554
0.7555
Woodie's
0.7538
0.7543
0.7548
0.7552
0.7557
0.7561
0.7566
DeMark's
-
-
0.7545
0.7551
0.7554
-
-","Technical IndicatorsJun 17, 2021 10:38PM GMT
Name
Value
Action
RSI(14)
32.233
Sell
STOCH(9,6)
26.901
Sell
STOCHRSI(14)
100.000
Overbought
MACD(12,26)
-0.003
Sell
ADX(14)
50.435
Sell
Williams %R
-74.046
Sell
CCI(14)
-61.3138
Sell
ATR(14)
0.0016
Less Volatility
Highs/Lows(14)
0.0000
Neutral
Ultimate Oscillator
39.126
Sell
ROC
-0.585
Sell
Bull/Bear Power(13)
-0.0010
Sell
Buy: 0
Sell: 9
Neutral: 1


Summary:Strong Sell","Jun 17, 2021 10:38PM GMT"
eur_gbp,0.8550 -0.0001    -0.01%,18:38:56,2021-06-17 22:39:10.250793,"Prev. Close: 0.8551
Bid/Ask: 0.8548 / 0.8552
Day's Range: 0.8548 - 0.8557",Strong Sell,"Summary:Strong Sell
Moving Averages:Strong SellBuy (0)Sell (12)
Technical Indicators:Strong SellBuy (2)Sell (8)","Name
S3
S2
S1
Pivot Points
R1
R2
R3
Classic
0.8541
0.8545
0.8549
0.8553
0.8558
0.8561
0.8566
Fibonacci
0.8545
0.8548
0.8550
0.8553
0.8556
0.8558
0.8561
Camarilla
0.8551
0.8552
0.8552
0.8553
0.8554
0.8554
0.8555
Woodie's
0.8541
0.8545
0.8549
0.8553
0.8558
0.8561
0.8566
DeMark's
-
-
0.8551
0.8554
0.8559
-
-","Technical IndicatorsJun 17, 2021 10:37PM GMT
Name
Value
Action
RSI(14)
36.356
Sell
STOCH(9,6)
33.995
Sell
STOCHRSI(14)
53.393
Neutral
MACD(12,26)
-0.001
Sell
ADX(14)
40.720
Sell
Williams %R
-79.629
Sell
CCI(14)
-104.8185
Sell
ATR(14)
0.0010
Less Volatility
Highs/Lows(14)
-0.0000
Sell
Ultimate Oscillator
52.196
Buy
ROC
0.023
Buy
Bull/Bear Power(13)
-0.0019
Sell
Buy: 2
Sell: 8
Neutral: 1


Summary:Strong Sell","Jun 17, 2021 10:37PM GMT"
usd_cad,1.2344 -0.0017    -0.14%,18:38:50,2021-06-17 22:39:10.253750,"Prev. Close: 1.2361
Bid/Ask: 1.2342 / 1.2346
Day's Range: 1.2344 - 1.2368",Strong Buy,"Summary:Strong Buy
Moving Averages:BuyBuy (8)Sell (4)
Technical Indicators:Strong BuyBuy (9)Sell (0)","Name
S3
S2
S1
Pivot Points
R1
R2
R3
Classic
1.2333
1.2342
1.2350
1.2359
1.2367
1.2376
1.2384
Fibonacci
1.2342
1.2348
1.2353
1.2359
1.2365
1.2370
1.2376
Camarilla
1.2353
1.2355
1.2356
1.2359
1.2360
1.2361
1.2363
Woodie's
1.2333
1.2342
1.2350
1.2359
1.2367
1.2376
1.2384
DeMark's
-
-
1.2346
1.2357
1.2363
-
-","Technical IndicatorsJun 17, 2021 10:37PM GMT
Name
Value
Action
RSI(14)
64.463
Buy
STOCH(9,6)
71.546
Buy
STOCHRSI(14)
0.000
Oversold
MACD(12,26)
0.003
Buy
ADX(14)
45.767
Buy
Williams %R
-38.183
Buy
CCI(14)
52.2694
Buy
ATR(14)
0.0023
Less Volatility
Highs/Lows(14)
0.0000
Neutral
Ultimate Oscillator
61.735
Buy
ROC
0.272
Buy
Bull/Bear Power(13)
0.0021
Buy
Buy: 9
Sell: 0
Neutral: 1


Summary:Strong Buy","Jun 17, 2021 10:37PM GMT"
usd_chf,0.9174 +0.0001    +0.01%,18:38:46,2021-06-17 22:39:10.256688,"Prev. Close: 0.9173
Bid/Ask: 0.9170 / 0.9178
Day's Range: 0.9169 - 0.9183",Strong Buy,"Summary:Strong Buy
Moving Averages:Strong BuyBuy (11)Sell (1)
Technical Indicators:Strong BuyBuy (10)Sell (0)","Name
S3
S2
S1
Pivot Points
R1
R2
R3
Classic
0.9155
0.9161
0.9169
0.9176
0.9184
0.9191
0.9198
Fibonacci
0.9161
0.9167
0.9170
0.9176
0.9182
0.9185
0.9191
Camarilla
0.9172
0.9173
0.9175
0.9176
0.9177
0.9179
0.9180
Woodie's
0.9155
0.9161
0.9169
0.9176
0.9184
0.9191
0.9198
DeMark's
-
-
0.9165
0.9174
0.9180
-
-","Technical IndicatorsJun 17, 2021 10:37PM GMT
Name
Value
Action
RSI(14)
74.189
Buy
STOCH(9,6)
74.955
Buy
STOCHRSI(14)
0.000
Oversold
MACD(12,26)
0.003
Buy
ADX(14)
40.046
Buy
Williams %R
-22.222
Buy
CCI(14)
73.6684
Buy
ATR(14)
0.0014
Less Volatility
Highs/Lows(14)
0.0004
Buy
Ultimate Oscillator
58.759
Buy
ROC
0.421
Buy
Bull/Bear Power(13)
0.0032
Buy
Buy: 10
Sell: 0
Neutral: 0


Summary:Strong Buy","Jun 17, 2021 10:37PM GMT"
nzd_chf,0.6434 +0.0015    +0.23%,18:38:46,2021-06-17 22:39:10.259635,"Prev. Close: 0.6419
Bid/Ask: 0.6431 / 0.6437
Day's Range: 0.6421 - 0.6437",Strong Buy,"Summary:Strong Buy
Moving Averages:BuyBuy (11)Sell (1)
Technical Indicators:Strong BuyBuy (7)Sell (3)","Name
S3
S2
S1
Pivot Points
R1
R2
R3
Classic
0.6407
0.6414
0.6420
0.6427
0.6433
0.6440
0.6447
Fibonacci
0.6414
0.6419
0.6422
0.6427
0.6432
0.6435
0.6440
Camarilla
0.6421
0.6423
0.6424
0.6427
0.6426
0.6427
0.6429
Woodie's
0.6405
0.6413
0.6418
0.6426
0.6431
0.6439
0.6445
DeMark's
-
-
0.6416
0.6425
0.6429
-
-","Technical IndicatorsJun 17, 2021 10:37PM GMT
Name
Value
Action
RSI(14)
57.210
Buy
STOCH(9,6)
62.151
Buy
STOCHRSI(14)
91.114
Overbought
MACD(12,26)
0.000
Buy
ADX(14)
30.176
Sell
Williams %R
-35.556
Buy
CCI(14)
86.5656
Buy
ATR(14)
0.0012
Less Volatility
Highs/Lows(14)
0.0003
Buy
Ultimate Oscillator
41.733
Sell
ROC
-0.194
Sell
Bull/Bear Power(13)
0.0003
Buy
Buy: 7
Sell: 3
Neutral: 0


Summary:Strong Buy","Jun 17, 2021 10:37PM GMT"
usd_cny,6.4484 +0.0515    +0.80%,11:27:22,2021-06-17 22:39:10.262553,"Prev. Close: 6.3969
Bid/Ask: 6.4477 / 6.4490
Day's Range: 6.3972 - 6.4494",Strong Buy,"Summary:Strong Buy
Moving Averages:BuyBuy (12)Sell (0)
Technical Indicators:Strong BuyBuy (7)Sell (0)","Name
S3
S2
S1
Pivot Points
R1
R2
R3
Classic
6.4380
6.4399
6.4436
6.4455
6.4492
6.4511
6.4548
Fibonacci
6.4399
6.4420
6.4434
6.4455
6.4476
6.4490
6.4511
Camarilla
6.4458
6.4463
6.4468
6.4455
6.4479
6.4484
6.4489
Woodie's
6.4390
6.4404
6.4446
6.4460
6.4502
6.4516
6.4558
DeMark's
-
-
6.4446
6.4460
6.4502
-
-","Technical IndicatorsJun 17, 2021 03:34PM GMT
Name
Value
Action
RSI(14)
85.433
Overbought
STOCH(9,6)
77.649
Buy
STOCHRSI(14)
100.000
Overbought
MACD(12,26)
0.011
Buy
ADX(14)
61.337
Buy
Williams %R
-3.426
Overbought
CCI(14)
151.8010
Buy
ATR(14)
0.0041
Less Volatility
Highs/Lows(14)
0.0141
Buy
Ultimate Oscillator
82.973
Overbought
ROC
0.391
Buy
Bull/Bear Power(13)
0.0286
Buy
Buy: 7
Sell: 0
Neutral: 0


Summary:Strong Buy","Jun 17, 2021 03:34PM GMT"
usd_hkd,7.7645 0.0001    0.00%,18:38:46,2021-06-17 22:39:10.265465,"Prev. Close: 7.7644
Bid/Ask: 7.7643 / 7.7646
Day's Range: 7.7641 - 7.7650",Buy,"Summary:Buy
Moving Averages:BuyBuy (8)Sell (4)
Technical Indicators:BUYBuy (5)Sell (2)","Name
S3
S2
S1
Pivot Points
R1
R2
R3
Classic
7.7639
7.7641
7.7645
7.7647
7.7651
7.7653
7.7656
Fibonacci
7.7641
7.7643
7.7645
7.7647
7.7649
7.7651
7.7653
Camarilla
7.7646
7.7646
7.7647
7.7647
7.7648
7.7649
7.7649
Woodie's
7.7639
7.7641
7.7645
7.7647
7.7651
7.7653
7.7656
DeMark's
-
-
7.7645
7.7647
7.7651
-
-","Technical IndicatorsJun 17, 2021 10:39PM GMT
Name
Value
Action
RSI(14)
53.155
Neutral
STOCH(9,6)
62.959
Buy
STOCHRSI(14)
19.700
Oversold
MACD(12,26)
0.000
Buy
ADX(14)
30.256
Sell
Williams %R
-57.892
Sell
CCI(14)
-29.4731
Neutral
ATR(14)
0.0008
Less Volatility
Highs/Lows(14)
0.0000
Neutral
Ultimate Oscillator
56.424
Buy
ROC
0.005
Buy
Bull/Bear Power(13)
0.0008
Buy
Buy: 5
Sell: 2
Neutral: 3


Summary:BUY","Jun 17, 2021 10:39PM GMT"
eur_usd,1.1912 +0.0006    +0.05%,18:39:38,2021-06-17 22:40:10.085190,"Prev. Close: 1.1906
Bid/Ask: 1.1910 / 1.1914
Day's Range: 1.1906 - 1.1914",Strong Sell,"Summary:Strong Sell
Moving Averages:SellBuy (3)Sell (9)
Technical Indicators:Strong SellBuy (0)Sell (9)","Name
S3
S2
S1
Pivot Points
R1
R2
R3
Classic
1.1902
1.1904
1.1905
1.1907
1.1909
1.1910
1.1912
Fibonacci
1.1904
1.1905
1.1906
1.1907
1.1908
1.1909
1.1910
Camarilla
1.1906
1.1906
1.1906
1.1907
1.1907
1.1907
1.1907
Woodie's
1.1902
1.1904
1.1905
1.1907
1.1909
1.1910
1.1912
DeMark's
-
-
1.1904
1.1906
1.1908
-
-","Technical IndicatorsJun 17, 2021 10:39PM GMT
Name
Value
Action
RSI(14)
31.491
Sell
STOCH(9,6)
29.507
Sell
STOCHRSI(14)
100.000
Overbought
MACD(12,26)
-0.004
Sell
ADX(14)
37.562
Neutral
Williams %R
-67.692
Sell
CCI(14)
-61.9500
Sell
ATR(14)
0.0017
Less Volatility
Highs/Lows(14)
-0.0001
Sell
Ultimate Oscillator
41.605
Sell
ROC
-0.293
Sell
Bull/Bear Power(13)
-0.0020
Sell
Buy: 0
Sell: 9
Neutral: 1


Summary:Strong Sell","Jun 17, 2021 10:39PM GMT"
gbp_usd,1.3933 +0.0014    +0.10%,18:39:29,2021-06-17 22:40:10.089237,"Prev. Close: 1.3919
Bid/Ask: 1.3932 / 1.3934
Day's Range: 1.3915 - 1.3935",Strong Sell,"Summary:Strong Sell
Moving Averages:SellBuy (4)Sell (8)
Technical Indicators:Strong SellBuy (0)Sell (8)","Name
S3
S2
S1
Pivot Points
R1
R2
R3
Classic
1.3898
1.3907
1.3914
1.3922
1.3929
1.3937
1.3944
Fibonacci
1.3907
1.3912
1.3916
1.3922
1.3928
1.3932
1.3937
Camarilla
1.3916
1.3918
1.3919
1.3922
1.3922
1.3923
1.3925
Woodie's
1.3898
1.3907
1.3914
1.3922
1.3929
1.3937
1.3944
DeMark's
-
-
1.3910
1.3920
1.3926
-
-","Technical IndicatorsJun 17, 2021 10:39PM GMT
Name
Value
Action
RSI(14)
40.206
Sell
STOCH(9,6)
40.388
Sell
STOCHRSI(14)
100.000
Overbought
MACD(12,26)
-0.003
Sell
ADX(14)
39.578
Sell
Williams %R
-58.192
Sell
CCI(14)
-34.0191
Neutral
ATR(14)
0.0024
Less Volatility
Highs/Lows(14)
0.0000
Neutral
Ultimate Oscillator
44.134
Sell
ROC
-0.315
Sell
Bull/Bear Power(13)
-0.0022
Sell
Buy: 0
Sell: 8
Neutral: 2


Summary:Strong Sell","Jun 17, 2021 10:39PM GMT"
usd_jpy,110.27 +0.07    +0.06%,18:39:41,2021-06-17 22:40:10.092398,"Prev. Close: 110.20
Bid/Ask: 110.26 / 110.27
Day's Range: 110.17 - 110.83",Sell,"Summary:Sell
Moving Averages:NeutralBuy (6)Sell (6)
Technical Indicators:Strong SellBuy (0)Sell (6)","Name
S3
S2
S1
Pivot Points
R1
R2
R3
Classic
110.14
110.17
110.21
110.24
110.29
110.31
110.36
Fibonacci
110.17
110.19
110.21
110.24
110.27
110.29
110.31
Camarilla
110.24
110.25
110.25
110.24
110.27
110.27
110.28
Woodie's
110.16
110.18
110.23
110.25
110.31
110.32
110.38
DeMark's
-
-
110.23
110.25
110.30
-
-","Technical IndicatorsJun 17, 2021 10:38PM GMT
Name
Value
Action
RSI(14)
43.063
Sell
STOCH(9,6)
17.508
Oversold
STOCHRSI(14)
17.484
Oversold
MACD(12,26)
-0.030
Sell
ADX(14)
31.036
Neutral
Williams %R
-84.033
Oversold
CCI(14)
-60.7958
Sell
ATR(14)
0.1179
Less Volatility
Highs/Lows(14)
-0.0696
Sell
Ultimate Oscillator
50.552
Neutral
ROC
-0.343
Sell
Bull/Bear Power(13)
-0.1810
Sell
Buy: 0
Sell: 6
Neutral: 2


Summary:Strong Sell","Jun 17, 2021 10:38PM GMT"
aud_usd,0.7556 +0.0006    +0.08%,18:39:41,2021-06-17 22:40:10.095406,"Prev. Close: 0.7550
Bid/Ask: 0.7555 / 0.7557
Day's Range: 0.7547 - 0.7559",Strong Sell,"Summary:Strong Sell
Moving Averages:SellBuy (3)Sell (9)
Technical Indicators:Strong SellBuy (0)Sell (9)","Name
S3
S2
S1
Pivot Points
R1
R2
R3
Classic
0.7538
0.7543
0.7548
0.7552
0.7557
0.7561
0.7566
Fibonacci
0.7543
0.7546
0.7548
0.7552
0.7556
0.7558
0.7561
Camarilla
0.7550
0.7551
0.7552
0.7552
0.7553
0.7554
0.7555
Woodie's
0.7538
0.7543
0.7548
0.7552
0.7557
0.7561
0.7566
DeMark's
-
-
0.7545
0.7551
0.7554
-
-","Technical IndicatorsJun 17, 2021 10:39PM GMT
Name
Value
Action
RSI(14)
32.233
Sell
STOCH(9,6)
26.901
Sell
STOCHRSI(14)
100.000
Overbought
MACD(12,26)
-0.003
Sell
ADX(14)
50.435
Sell
Williams %R
-74.046
Sell
CCI(14)
-61.3138
Sell
ATR(14)
0.0016
Less Volatility
Highs/Lows(14)
0.0000
Neutral
Ultimate Oscillator
39.126
Sell
ROC
-0.585
Sell
Bull/Bear Power(13)
-0.0010
Sell
Buy: 0
Sell: 9
Neutral: 1


Summary:Strong Sell","Jun 17, 2021 10:39PM GMT"
eur_gbp,0.8550 -0.0001    -0.01%,18:39:38,2021-06-17 22:40:10.098309,"Prev. Close: 0.8551
Bid/Ask: 0.8549 / 0.8551
Day's Range: 0.8548 - 0.8557",Strong Sell,"Summary:Strong Sell
Moving Averages:Strong SellBuy (0)Sell (12)
Technical Indicators:Strong SellBuy (2)Sell (8)","Name
S3
S2
S1
Pivot Points
R1
R2
R3
Classic
0.8541
0.8545
0.8549
0.8553
0.8558
0.8561
0.8566
Fibonacci
0.8545
0.8548
0.8550
0.8553
0.8556
0.8558
0.8561
Camarilla
0.8551
0.8552
0.8552
0.8553
0.8554
0.8554
0.8555
Woodie's
0.8541
0.8545
0.8549
0.8553
0.8558
0.8561
0.8566
DeMark's
-
-
0.8551
0.8554
0.8559
-
-","Technical IndicatorsJun 17, 2021 10:39PM GMT
Name
Value
Action
RSI(14)
36.356
Sell
STOCH(9,6)
33.995
Sell
STOCHRSI(14)
53.393
Neutral
MACD(12,26)
-0.001
Sell
ADX(14)
40.720
Sell
Williams %R
-79.629
Sell
CCI(14)
-104.8185
Sell
ATR(14)
0.0010
Less Volatility
Highs/Lows(14)
-0.0000
Sell
Ultimate Oscillator
52.196
Buy
ROC
0.023
Buy
Bull/Bear Power(13)
-0.0019
Sell
Buy: 2
Sell: 8
Neutral: 1


Summary:Strong Sell","Jun 17, 2021 10:39PM GMT"
usd_cad,1.2348 -0.0014    -0.11%,18:39:40,2021-06-17 22:40:10.101250,"Prev. Close: 1.2361
Bid/Ask: 1.2346 / 1.2349
Day's Range: 1.2344 - 1.2368",Strong Buy,"Summary:Strong Buy
Moving Averages:BuyBuy (9)Sell (3)
Technical Indicators:Strong BuyBuy (9)Sell (0)","Name
S3
S2
S1
Pivot Points
R1
R2
R3
Classic
1.2333
1.2342
1.2350
1.2359
1.2367
1.2376
1.2384
Fibonacci
1.2342
1.2348
1.2353
1.2359
1.2365
1.2370
1.2376
Camarilla
1.2353
1.2355
1.2356
1.2359
1.2360
1.2361
1.2363
Woodie's
1.2333
1.2342
1.2350
1.2359
1.2367
1.2376
1.2384
DeMark's
-
-
1.2346
1.2357
1.2363
-
-","Technical IndicatorsJun 17, 2021 10:39PM GMT
Name
Value
Action
RSI(14)
65.224
Buy
STOCH(9,6)
71.895
Buy
STOCHRSI(14)
0.000
Oversold
MACD(12,26)
0.003
Buy
ADX(14)
45.767
Buy
Williams %R
-36.364
Buy
CCI(14)
54.6328
Buy
ATR(14)
0.0023
Less Volatility
Highs/Lows(14)
0.0000
Neutral
Ultimate Oscillator
62.580
Buy
ROC
0.284
Buy
Bull/Bear Power(13)
0.0021
Buy
Buy: 9
Sell: 0
Neutral: 1


Summary:Strong Buy","Jun 17, 2021 10:39PM GMT"
usd_chf,0.9175 +0.0002    +0.02%,18:39:41,2021-06-17 22:40:10.104175,"Prev. Close: 0.9173
Bid/Ask: 0.9171 / 0.9179
Day's Range: 0.9169 - 0.9183",Strong Buy,"Summary:Strong Buy
Moving Averages:Strong BuyBuy (11)Sell (1)
Technical Indicators:Strong BuyBuy (10)Sell (0)","Name
S3
S2
S1
Pivot Points
R1
R2
R3
Classic
0.9155
0.9161
0.9169
0.9176
0.9184
0.9191
0.9198
Fibonacci
0.9161
0.9167
0.9170
0.9176
0.9182
0.9185
0.9191
Camarilla
0.9172
0.9173
0.9175
0.9176
0.9177
0.9179
0.9180
Woodie's
0.9155
0.9161
0.9169
0.9176
0.9184
0.9191
0.9198
DeMark's
-
-
0.9165
0.9174
0.9180
-
-","Technical IndicatorsJun 17, 2021 10:39PM GMT
Name
Value
Action
RSI(14)
74.189
Buy
STOCH(9,6)
74.955
Buy
STOCHRSI(14)
0.000
Oversold
MACD(12,26)
0.003
Buy
ADX(14)
40.046
Buy
Williams %R
-22.222
Buy
CCI(14)
73.6684
Buy
ATR(14)
0.0014
Less Volatility
Highs/Lows(14)
0.0004
Buy
Ultimate Oscillator
58.759
Buy
ROC
0.421
Buy
Bull/Bear Power(13)
0.0032
Buy
Buy: 10
Sell: 0
Neutral: 0


Summary:Strong Buy","Jun 17, 2021 10:39PM GMT"
nzd_chf,0.6435 +0.0015    +0.24%,18:39:41,2021-06-17 22:40:10.107106,"Prev. Close: 0.6419
Bid/Ask: 0.6430 / 0.6439
Day's Range: 0.6421 - 0.6437",Strong Buy,"Summary:Strong Buy
Moving Averages:BuyBuy (11)Sell (1)
Technical Indicators:Strong BuyBuy (7)Sell (3)","Name
S3
S2
S1
Pivot Points
R1
R2
R3
Classic
0.6407
0.6414
0.6420
0.6427
0.6433
0.6440
0.6447
Fibonacci
0.6414
0.6419
0.6422
0.6427
0.6432
0.6435
0.6440
Camarilla
0.6421
0.6423
0.6424
0.6427
0.6426
0.6427
0.6429
Woodie's
0.6405
0.6413
0.6418
0.6426
0.6431
0.6439
0.6445
DeMark's
-
-
0.6416
0.6425
0.6429
-
-","Technical IndicatorsJun 17, 2021 10:37PM GMT
Name
Value
Action
RSI(14)
57.210
Buy
STOCH(9,6)
62.151
Buy
STOCHRSI(14)
91.114
Overbought
MACD(12,26)
0.000
Buy
ADX(14)
30.176
Sell
Williams %R
-35.556
Buy
CCI(14)
86.5656
Buy
ATR(14)
0.0012
Less Volatility
Highs/Lows(14)
0.0003
Buy
Ultimate Oscillator
41.733
Sell
ROC
-0.194
Sell
Bull/Bear Power(13)
0.0003
Buy
Buy: 7
Sell: 3
Neutral: 0


Summary:Strong Buy","Jun 17, 2021 10:37PM GMT"
usd_cny,6.4484 +0.0515    +0.80%,11:27:22,2021-06-17 22:40:10.110005,"Prev. Close: 6.3969
Bid/Ask: 6.4477 / 6.4490
Day's Range: 6.3972 - 6.4494",Strong Buy,"Summary:Strong Buy
Moving Averages:BuyBuy (12)Sell (0)
Technical Indicators:Strong BuyBuy (7)Sell (0)","Name
S3
S2
S1
Pivot Points
R1
R2
R3
Classic
6.4380
6.4399
6.4436
6.4455
6.4492
6.4511
6.4548
Fibonacci
6.4399
6.4420
6.4434
6.4455
6.4476
6.4490
6.4511
Camarilla
6.4458
6.4463
6.4468
6.4455
6.4479
6.4484
6.4489
Woodie's
6.4390
6.4404
6.4446
6.4460
6.4502
6.4516
6.4558
DeMark's
-
-
6.4446
6.4460
6.4502
-
-","Technical IndicatorsJun 17, 2021 03:34PM GMT
Name
Value
Action
RSI(14)
85.433
Overbought
STOCH(9,6)
77.649
Buy
STOCHRSI(14)
100.000
Overbought
MACD(12,26)
0.011
Buy
ADX(14)
61.337
Buy
Williams %R
-3.426
Overbought
CCI(14)
151.8010
Buy
ATR(14)
0.0041
Less Volatility
Highs/Lows(14)
0.0141
Buy
Ultimate Oscillator
82.973
Overbought
ROC
0.391
Buy
Bull/Bear Power(13)
0.0286
Buy
Buy: 7
Sell: 0
Neutral: 0


Summary:Strong Buy","Jun 17, 2021 03:34PM GMT"
usd_hkd,7.7648 +0.0003    +0.00%,18:39:34,2021-06-17 22:40:10.112922,"Prev. Close: 7.7644
Bid/Ask: 7.7647 / 7.7648
Day's Range: 7.7641 - 7.7650",Buy,"Summary:Buy
Moving Averages:BuyBuy (8)Sell (4)
Technical Indicators:BUYBuy (5)Sell (2)","Name
S3
S2
S1
Pivot Points
R1
R2
R3
Classic
7.7639
7.7641
7.7645
7.7647
7.7651
7.7653
7.7656
Fibonacci
7.7641
7.7643
7.7645
7.7647
7.7649
7.7651
7.7653
Camarilla
7.7646
7.7646
7.7647
7.7647
7.7648
7.7649
7.7649
Woodie's
7.7639
7.7641
7.7645
7.7647
7.7651
7.7653
7.7656
DeMark's
-
-
7.7645
7.7647
7.7651
-
-","Technical IndicatorsJun 17, 2021 10:39PM GMT
Name
Value
Action
RSI(14)
53.155
Neutral
STOCH(9,6)
62.959
Buy
STOCHRSI(14)
19.700
Oversold
MACD(12,26)
0.000
Buy
ADX(14)
30.256
Sell
Williams %R
-57.892
Sell
CCI(14)
-29.4731
Neutral
ATR(14)
0.0008
Less Volatility
Highs/Lows(14)
0.0000
Neutral
Ultimate Oscillator
56.424
Buy
ROC
0.005
Buy
Bull/Bear Power(13)
0.0008
Buy
Buy: 5
Sell: 2
Neutral: 3


Summary:BUY","Jun 17, 2021 10:39PM GMT"
eur_usd,1.1912 +0.0006    +0.05%,18:40:26,2021-06-17 22:41:10.679897,"Prev. Close: 1.1906
Bid/Ask: 1.1911 / 1.1912
Day's Range: 1.1906 - 1.1914",Strong Sell,"Summary:Strong Sell
Moving Averages:SellBuy (3)Sell (9)
Technical Indicators:Strong SellBuy (0)Sell (9)","Name
S3
S2
S1
Pivot Points
R1
R2
R3
Classic
1.1902
1.1904
1.1905
1.1907
1.1909
1.1910
1.1912
Fibonacci
1.1904
1.1905
1.1906
1.1907
1.1908
1.1909
1.1910
Camarilla
1.1906
1.1906
1.1906
1.1907
1.1907
1.1907
1.1907
Woodie's
1.1902
1.1904
1.1905
1.1907
1.1909
1.1910
1.1912
DeMark's
-
-
1.1904
1.1906
1.1908
-
-","Technical IndicatorsJun 17, 2021 10:39PM GMT
Name
Value
Action
RSI(14)
31.491
Sell
STOCH(9,6)
29.507
Sell
STOCHRSI(14)
100.000
Overbought
MACD(12,26)
-0.004
Sell
ADX(14)
37.562
Neutral
Williams %R
-67.692
Sell
CCI(14)
-61.9500
Sell
ATR(14)
0.0017
Less Volatility
Highs/Lows(14)
-0.0001
Sell
Ultimate Oscillator
41.605
Sell
ROC
-0.293
Sell
Bull/Bear Power(13)
-0.0020
Sell
Buy: 0
Sell: 9
Neutral: 1


Summary:Strong Sell","Jun 17, 2021 10:39PM GMT"
gbp_usd,1.3933 +0.0014    +0.10%,18:40:51,2021-06-17 22:41:10.684062,"Prev. Close: 1.3919
Bid/Ask: 1.3932 / 1.3933
Day's Range: 1.3915 - 1.3935",Strong Sell,"Summary:Strong Sell
Moving Averages:SellBuy (4)Sell (8)
Technical Indicators:Strong SellBuy (0)Sell (8)","Name
S3
S2
S1
Pivot Points
R1
R2
R3
Classic
1.3898
1.3907
1.3914
1.3922
1.3929
1.3937
1.3944
Fibonacci
1.3907
1.3912
1.3916
1.3922
1.3928
1.3932
1.3937
Camarilla
1.3916
1.3918
1.3919
1.3922
1.3922
1.3923
1.3925
Woodie's
1.3898
1.3907
1.3914
1.3922
1.3929
1.3937
1.3944
DeMark's
-
-
1.3910
1.3920
1.3926
-
-","Technical IndicatorsJun 17, 2021 10:39PM GMT
Name
Value
Action
RSI(14)
40.206
Sell
STOCH(9,6)
40.388
Sell
STOCHRSI(14)
100.000
Overbought
MACD(12,26)
-0.003
Sell
ADX(14)
39.578
Sell
Williams %R
-58.192
Sell
CCI(14)
-34.0191
Neutral
ATR(14)
0.0024
Less Volatility
Highs/Lows(14)
0.0000
Neutral
Ultimate Oscillator
44.134
Sell
ROC
-0.315
Sell
Bull/Bear Power(13)
-0.0022
Sell
Buy: 0
Sell: 8
Neutral: 2


Summary:Strong Sell","Jun 17, 2021 10:39PM GMT"
usd_jpy,110.28 +0.07    +0.07%,18:40:34,2021-06-17 22:41:10.687358,"Prev. Close: 110.20
Bid/Ask: 110.27 / 110.28
Day's Range: 110.17 - 110.83",Sell,"Summary:Sell
Moving Averages:NeutralBuy (6)Sell (6)
Technical Indicators:Strong SellBuy (1)Sell (6)","Name
S3
S2
S1
Pivot Points
R1
R2
R3
Classic
110.14
110.17
110.21
110.24
110.29
110.31
110.36
Fibonacci
110.17
110.19
110.21
110.24
110.27
110.29
110.31
Camarilla
110.24
110.25
110.25
110.24
110.27
110.27
110.28
Woodie's
110.16
110.18
110.23
110.25
110.31
110.32
110.38
DeMark's
-
-
110.23
110.25
110.30
-
-","Technical IndicatorsJun 17, 2021 10:39PM GMT
Name
Value
Action
RSI(14)
43.398
Sell
STOCH(9,6)
17.773
Oversold
STOCHRSI(14)
18.704
Oversold
MACD(12,26)
-0.030
Sell
ADX(14)
31.036
Neutral
Williams %R
-83.194
Oversold
CCI(14)
-60.1888
Sell
ATR(14)
0.1179
Less Volatility
Highs/Lows(14)
-0.0646
Sell
Ultimate Oscillator
51.136
Buy
ROC
-0.339
Sell
Bull/Bear Power(13)
-0.1810
Sell
Buy: 1
Sell: 6
Neutral: 1


Summary:Strong Sell","Jun 17, 2021 10:39PM GMT"
aud_usd,0.7557 +0.0006    +0.09%,18:40:47,2021-06-17 22:41:10.690370,"Prev. Close: 0.7550
Bid/Ask: 0.7556 / 0.7557
Day's Range: 0.7547 - 0.7559",Strong Sell,"Summary:Strong Sell
Moving Averages:SellBuy (3)Sell (9)
Technical Indicators:Strong SellBuy (0)Sell (9)","Name
S3
S2
S1
Pivot Points
R1
R2
R3
Classic
0.7538
0.7543
0.7548
0.7552
0.7557
0.7561
0.7566
Fibonacci
0.7543
0.7546
0.7548
0.7552
0.7556
0.7558
0.7561
Camarilla
0.7550
0.7551
0.7552
0.7552
0.7553
0.7554
0.7555
Woodie's
0.7538
0.7543
0.7548
0.7552
0.7557
0.7561
0.7566
DeMark's
-
-
0.7545
0.7551
0.7554
-
-","Technical IndicatorsJun 17, 2021 10:39PM GMT
Name
Value
Action
RSI(14)
32.233
Sell
STOCH(9,6)
26.901
Sell
STOCHRSI(14)
100.000
Overbought
MACD(12,26)
-0.003
Sell
ADX(14)
50.435
Sell
Williams %R
-74.046
Sell
CCI(14)
-61.3138
Sell
ATR(14)
0.0016
Less Volatility
Highs/Lows(14)
0.0000
Neutral
Ultimate Oscillator
39.126
Sell
ROC
-0.585
Sell
Bull/Bear Power(13)
-0.0010
Sell
Buy: 0
Sell: 9
Neutral: 1


Summary:Strong Sell","Jun 17, 2021 10:39PM GMT"
eur_gbp,0.8550 -0.0001    -0.02%,18:40:52,2021-06-17 22:41:10.693367,"Prev. Close: 0.8551
Bid/Ask: 0.8548 / 0.8551
Day's Range: 0.8548 - 0.8557",Strong Sell,"Summary:Strong Sell
Moving Averages:Strong SellBuy (0)Sell (12)
Technical Indicators:Strong SellBuy (2)Sell (8)","Name
S3
S2
S1
Pivot Points
R1
R2
R3
Classic
0.8541
0.8545
0.8549
0.8553
0.8558
0.8561
0.8566
Fibonacci
0.8545
0.8548
0.8550
0.8553
0.8556
0.8558
0.8561
Camarilla
0.8551
0.8552
0.8552
0.8553
0.8554
0.8554
0.8555
Woodie's
0.8541
0.8545
0.8549
0.8553
0.8558
0.8561
0.8566
DeMark's
-
-
0.8551
0.8554
0.8559
-
-","Technical IndicatorsJun 17, 2021 10:39PM GMT
Name
Value
Action
RSI(14)
36.356
Sell
STOCH(9,6)
33.995
Sell
STOCHRSI(14)
53.393
Neutral
MACD(12,26)
-0.001
Sell
ADX(14)
40.720
Sell
Williams %R
-79.629
Sell
CCI(14)
-104.8185
Sell
ATR(14)
0.0010
Less Volatility
Highs/Lows(14)
-0.0000
Sell
Ultimate Oscillator
52.196
Buy
ROC
0.023
Buy
Bull/Bear Power(13)
-0.0019
Sell
Buy: 2
Sell: 8
Neutral: 1


Summary:Strong Sell","Jun 17, 2021 10:39PM GMT"
usd_cad,1.2348 -0.0014    -0.11%,18:40:43,2021-06-17 22:41:10.696364,"Prev. Close: 1.2361
Bid/Ask: 1.2346 / 1.2349
Day's Range: 1.2344 - 1.2368",Strong Buy,"Summary:Strong Buy
Moving Averages:BuyBuy (9)Sell (3)
Technical Indicators:Strong BuyBuy (9)Sell (0)","Name
S3
S2
S1
Pivot Points
R1
R2
R3
Classic
1.2333
1.2342
1.2350
1.2359
1.2367
1.2376
1.2384
Fibonacci
1.2342
1.2348
1.2353
1.2359
1.2365
1.2370
1.2376
Camarilla
1.2353
1.2355
1.2356
1.2359
1.2360
1.2361
1.2363
Woodie's
1.2333
1.2342
1.2350
1.2359
1.2367
1.2376
1.2384
DeMark's
-
-
1.2346
1.2357
1.2363
-
-","Technical IndicatorsJun 17, 2021 10:39PM GMT
Name
Value
Action
RSI(14)
65.224
Buy
STOCH(9,6)
71.895
Buy
STOCHRSI(14)
0.000
Oversold
MACD(12,26)
0.003
Buy
ADX(14)
45.767
Buy
Williams %R
-36.364
Buy
CCI(14)
54.6328
Buy
ATR(14)
0.0023
Less Volatility
Highs/Lows(14)
0.0000
Neutral
Ultimate Oscillator
62.580
Buy
ROC
0.284
Buy
Bull/Bear Power(13)
0.0021
Buy
Buy: 9
Sell: 0
Neutral: 1


Summary:Strong Buy","Jun 17, 2021 10:39PM GMT"
usd_chf,0.9175 +0.0002    +0.02%,18:40:47,2021-06-17 22:41:10.699348,"Prev. Close: 0.9173
Bid/Ask: 0.9171 / 0.9179
Day's Range: 0.9169 - 0.9183",Strong Buy,"Summary:Strong Buy
Moving Averages:Strong BuyBuy (11)Sell (1)
Technical Indicators:Strong BuyBuy (10)Sell (0)","Name
S3
S2
S1
Pivot Points
R1
R2
R3
Classic
0.9155
0.9161
0.9169
0.9176
0.9184
0.9191
0.9198
Fibonacci
0.9161
0.9167
0.9170
0.9176
0.9182
0.9185
0.9191
Camarilla
0.9172
0.9173
0.9175
0.9176
0.9177
0.9179
0.9180
Woodie's
0.9155
0.9161
0.9169
0.9176
0.9184
0.9191
0.9198
DeMark's
-
-
0.9165
0.9174
0.9180
-
-","Technical IndicatorsJun 17, 2021 10:39PM GMT
Name
Value
Action
RSI(14)
74.189
Buy
STOCH(9,6)
74.955
Buy
STOCHRSI(14)
0.000
Oversold
MACD(12,26)
0.003
Buy
ADX(14)
40.046
Buy
Williams %R
-22.222
Buy
CCI(14)
73.6684
Buy
ATR(14)
0.0014
Less Volatility
Highs/Lows(14)
0.0004
Buy
Ultimate Oscillator
58.759
Buy
ROC
0.421
Buy
Bull/Bear Power(13)
0.0032
Buy
Buy: 10
Sell: 0
Neutral: 0


Summary:Strong Buy","Jun 17, 2021 10:39PM GMT"
nzd_chf,0.6434 +0.0015    +0.23%,18:40:52,2021-06-17 22:41:10.702298,"Prev. Close: 0.6419
Bid/Ask: 0.6431 / 0.6437
Day's Range: 0.6421 - 0.6437",Strong Buy,"Summary:Strong Buy
Moving Averages:BuyBuy (11)Sell (1)
Technical Indicators:Strong BuyBuy (7)Sell (3)","Name
S3
S2
S1
Pivot Points
R1
R2
R3
Classic
0.6407
0.6414
0.6420
0.6427
0.6433
0.6440
0.6447
Fibonacci
0.6414
0.6419
0.6422
0.6427
0.6432
0.6435
0.6440
Camarilla
0.6421
0.6423
0.6424
0.6427
0.6426
0.6427
0.6429
Woodie's
0.6405
0.6413
0.6418
0.6426
0.6431
0.6439
0.6445
DeMark's
-
-
0.6416
0.6425
0.6429
-
-","Technical IndicatorsJun 17, 2021 10:39PM GMT
Name
Value
Action
RSI(14)
57.210
Buy
STOCH(9,6)
62.151
Buy
STOCHRSI(14)
91.114
Overbought
MACD(12,26)
0.000
Buy
ADX(14)
30.176
Sell
Williams %R
-35.556
Buy
CCI(14)
86.5656
Buy
ATR(14)
0.0012
Less Volatility
Highs/Lows(14)
0.0003
Buy
Ultimate Oscillator
41.733
Sell
ROC
-0.194
Sell
Bull/Bear Power(13)
0.0003
Buy
Buy: 7
Sell: 3
Neutral: 0


Summary:Strong Buy","Jun 17, 2021 10:39PM GMT"
usd_cny,6.4484 +0.0515    +0.80%,11:27:22,2021-06-17 22:41:10.705265,"Prev. Close: 6.3969
Bid/Ask: 6.4477 / 6.4490
Day's Range: 6.3972 - 6.4494",Strong Buy,"Summary:Strong Buy
Moving Averages:BuyBuy (12)Sell (0)
Technical Indicators:Strong BuyBuy (7)Sell (0)","Name
S3
S2
S1
Pivot Points
R1
R2
R3
Classic
6.4380
6.4399
6.4436
6.4455
6.4492
6.4511
6.4548
Fibonacci
6.4399
6.4420
6.4434
6.4455
6.4476
6.4490
6.4511
Camarilla
6.4458
6.4463
6.4468
6.4455
6.4479
6.4484
6.4489
Woodie's
6.4390
6.4404
6.4446
6.4460
6.4502
6.4516
6.4558
DeMark's
-
-
6.4446
6.4460
6.4502
-
-","Technical IndicatorsJun 17, 2021 03:34PM GMT
Name
Value
Action
RSI(14)
85.433
Overbought
STOCH(9,6)
77.649
Buy
STOCHRSI(14)
100.000
Overbought
MACD(12,26)
0.011
Buy
ADX(14)
61.337
Buy
Williams %R
-3.426
Overbought
CCI(14)
151.8010
Buy
ATR(14)
0.0041
Less Volatility
Highs/Lows(14)
0.0141
Buy
Ultimate Oscillator
82.973
Overbought
ROC
0.391
Buy
Bull/Bear Power(13)
0.0286
Buy
Buy: 7
Sell: 0
Neutral: 0


Summary:Strong Buy","Jun 17, 2021 03:34PM GMT"
usd_hkd,7.7648 +0.0003    +0.00%,18:40:35,2021-06-17 22:41:10.708250,"Prev. Close: 7.7644
Bid/Ask: 7.7647 / 7.7648
Day's Range: 7.7641 - 7.7650",Buy,"Summary:Buy
Moving Averages:BuyBuy (8)Sell (4)
Technical Indicators:BUYBuy (5)Sell (2)","Name
S3
S2
S1
Pivot Points
R1
R2
R3
Classic
7.7639
7.7641
7.7645
7.7647
7.7651
7.7653
7.7656
Fibonacci
7.7641
7.7643
7.7645
7.7647
7.7649
7.7651
7.7653
Camarilla
7.7646
7.7646
7.7647
7.7647
7.7648
7.7649
7.7649
Woodie's
7.7639
7.7641
7.7645
7.7647
7.7651
7.7653
7.7656
DeMark's
-
-
7.7645
7.7647
7.7651
-
-","Technical IndicatorsJun 17, 2021 10:39PM GMT
Name
Value
Action
RSI(14)
53.155
Neutral
STOCH(9,6)
62.959
Buy
STOCHRSI(14)
19.700
Oversold
MACD(12,26)
0.000
Buy
ADX(14)
30.256
Sell
Williams %R
-57.892
Sell
CCI(14)
-29.4731
Neutral
ATR(14)
0.0008
Less Volatility
Highs/Lows(14)
0.0000
Neutral
Ultimate Oscillator
56.424
Buy
ROC
0.005
Buy
Bull/Bear Power(13)
0.0008
Buy
Buy: 5
Sell: 2
Neutral: 3


Summary:BUY","Jun 17, 2021 10:39PM GMT"
eur_usd,1.1912 +0.0006    +0.05%,18:41:41,2021-06-17 22:42:10.540236,"Prev. Close: 1.1906
Bid/Ask: 1.1910 / 1.1914
Day's Range: 1.1906 - 1.1914",Strong Sell,"Summary:Strong Sell
Moving Averages:SellBuy (2)Sell (10)
Technical Indicators:Strong SellBuy (0)Sell (9)","Name
S3
S2
S1
Pivot Points
R1
R2
R3
Classic
1.1902
1.1904
1.1905
1.1907
1.1909
1.1910
1.1912
Fibonacci
1.1904
1.1905
1.1906
1.1907
1.1908
1.1909
1.1910
Camarilla
1.1906
1.1906
1.1906
1.1907
1.1907
1.1907
1.1907
Woodie's
1.1902
1.1904
1.1905
1.1907
1.1909
1.1910
1.1912
DeMark's
-
-
1.1904
1.1906
1.1908
-
-","Technical IndicatorsJun 17, 2021 10:41PM GMT
Name
Value
Action
RSI(14)
30.690
Sell
STOCH(9,6)
29.016
Sell
STOCHRSI(14)
100.000
Overbought
MACD(12,26)
-0.004
Sell
ADX(14)
37.562
Neutral
Williams %R
-70.001
Sell
CCI(14)
-64.1071
Sell
ATR(14)
0.0017
Less Volatility
Highs/Lows(14)
-0.0002
Sell
Ultimate Oscillator
40.399
Sell
ROC
-0.305
Sell
Bull/Bear Power(13)
-0.0020
Sell
Buy: 0
Sell: 9
Neutral: 1


Summary:Strong Sell","Jun 17, 2021 10:41PM GMT"
gbp_usd,1.3933 +0.0014    +0.10%,18:41:41,2021-06-17 22:42:10.544300,"Prev. Close: 1.3919
Bid/Ask: 1.3932 / 1.3933
Day's Range: 1.3915 - 1.3935",Strong Sell,"Summary:Strong Sell
Moving Averages:SellBuy (4)Sell (8)
Technical Indicators:Strong SellBuy (0)Sell (8)","Name
S3
S2
S1
Pivot Points
R1
R2
R3
Classic
1.3898
1.3907
1.3914
1.3922
1.3929
1.3937
1.3944
Fibonacci
1.3907
1.3912
1.3916
1.3922
1.3928
1.3932
1.3937
Camarilla
1.3916
1.3918
1.3919
1.3922
1.3922
1.3923
1.3925
Woodie's
1.3898
1.3907
1.3914
1.3922
1.3929
1.3937
1.3944
DeMark's
-
-
1.3910
1.3920
1.3926
-
-","Technical IndicatorsJun 17, 2021 10:41PM GMT
Name
Value
Action
RSI(14)
40.028
Sell
STOCH(9,6)
40.263
Sell
STOCHRSI(14)
100.000
Overbought
MACD(12,26)
-0.003
Sell
ADX(14)
39.578
Sell
Williams %R
-58.758
Sell
CCI(14)
-34.7321
Neutral
ATR(14)
0.0024
Less Volatility
Highs/Lows(14)
0.0000
Neutral
Ultimate Oscillator
43.830
Sell
ROC
-0.318
Sell
Bull/Bear Power(13)
-0.0002
Sell
Buy: 0
Sell: 8
Neutral: 2


Summary:Strong Sell","Jun 17, 2021 10:41PM GMT"
usd_jpy,110.28 +0.07    +0.07%,18:41:42,2021-06-17 22:42:10.547482,"Prev. Close: 110.20
Bid/Ask: 110.27 / 110.28
Day's Range: 110.17 - 110.83",Sell,"Summary:Sell
Moving Averages:NeutralBuy (6)Sell (6)
Technical Indicators:Strong SellBuy (1)Sell (6)","Name
S3
S2
S1
Pivot Points
R1
R2
R3
Classic
110.14
110.17
110.21
110.24
110.29
110.31
110.36
Fibonacci
110.17
110.19
110.21
110.24
110.27
110.29
110.31
Camarilla
110.24
110.25
110.25
110.24
110.27
110.27
110.28
Woodie's
110.16
110.18
110.23
110.25
110.31
110.32
110.38
DeMark's
-
-
110.23
110.25
110.30
-
-","Technical IndicatorsJun 17, 2021 10:39PM GMT
Name
Value
Action
RSI(14)
43.398
Sell
STOCH(9,6)
17.773
Oversold
STOCHRSI(14)
18.704
Oversold
MACD(12,26)
-0.030
Sell
ADX(14)
31.036
Neutral
Williams %R
-83.194
Oversold
CCI(14)
-60.1888
Sell
ATR(14)
0.1179
Less Volatility
Highs/Lows(14)
-0.0646
Sell
Ultimate Oscillator
51.136
Buy
ROC
-0.339
Sell
Bull/Bear Power(13)
-0.1810
Sell
Buy: 1
Sell: 6
Neutral: 1


Summary:Strong Sell","Jun 17, 2021 10:39PM GMT"
aud_usd,0.7557 +0.0006    +0.09%,18:41:39,2021-06-17 22:42:10.550477,"Prev. Close: 0.7550
Bid/Ask: 0.7556 / 0.7557
Day's Range: 0.7547 - 0.7559",Strong Sell,"Summary:Strong Sell
Moving Averages:SellBuy (3)Sell (9)
Technical Indicators:Strong SellBuy (0)Sell (9)","Name
S3
S2
S1
Pivot Points
R1
R2
R3
Classic
0.7538
0.7543
0.7548
0.7552
0.7557
0.7561
0.7566
Fibonacci
0.7543
0.7546
0.7548
0.7552
0.7556
0.7558
0.7561
Camarilla
0.7550
0.7551
0.7552
0.7552
0.7553
0.7554
0.7555
Woodie's
0.7538
0.7543
0.7548
0.7552
0.7557
0.7561
0.7566
DeMark's
-
-
0.7545
0.7551
0.7554
-
-","Technical IndicatorsJun 17, 2021 10:41PM GMT
Name
Value
Action
RSI(14)
32.233
Sell
STOCH(9,6)
26.901
Sell
STOCHRSI(14)
100.000
Overbought
MACD(12,26)
-0.003
Sell
ADX(14)
50.435
Sell
Williams %R
-74.046
Sell
CCI(14)
-61.3138
Sell
ATR(14)
0.0016
Less Volatility
Highs/Lows(14)
0.0000
Neutral
Ultimate Oscillator
39.126
Sell
ROC
-0.585
Sell
Bull/Bear Power(13)
-0.0010
Sell
Buy: 0
Sell: 9
Neutral: 1


Summary:Strong Sell","Jun 17, 2021 10:41PM GMT"
eur_gbp,0.8550 -0.0001    -0.02%,18:41:42,2021-06-17 22:42:10.553453,"Prev. Close: 0.8551
Bid/Ask: 0.8547 / 0.8552
Day's Range: 0.8548 - 0.8557",Strong Sell,"Summary:Strong Sell
Moving Averages:Strong SellBuy (0)Sell (12)
Technical Indicators:Strong SellBuy (2)Sell (7)","Name
S3
S2
S1
Pivot Points
R1
R2
R3
Classic
0.8541
0.8545
0.8549
0.8553
0.8558
0.8561
0.8566
Fibonacci
0.8545
0.8548
0.8550
0.8553
0.8556
0.8558
0.8561
Camarilla
0.8551
0.8552
0.8552
0.8553
0.8554
0.8554
0.8555
Woodie's
0.8541
0.8545
0.8549
0.8553
0.8558
0.8561
0.8566
DeMark's
-
-
0.8551
0.8554
0.8559
-
-","Technical IndicatorsJun 17, 2021 10:41PM GMT
Name
Value
Action
RSI(14)
36.020
Sell
STOCH(9,6)
33.598
Sell
STOCHRSI(14)
51.472
Neutral
MACD(12,26)
-0.001
Sell
ADX(14)
40.720
Sell
Williams %R
-81.481
Oversold
CCI(14)
-107.7825
Sell
ATR(14)
0.0010
Less Volatility
Highs/Lows(14)
-0.0001
Sell
Ultimate Oscillator
51.483
Buy
ROC
0.018
Buy
Bull/Bear Power(13)
-0.0019
Sell
Buy: 2
Sell: 7
Neutral: 1


Summary:Strong Sell","Jun 17, 2021 10:41PM GMT"
usd_cad,1.2348 -0.0014    -0.11%,18:41:39,2021-06-17 22:42:10.556450,"Prev. Close: 1.2361
Bid/Ask: 1.2347 / 1.2348
Day's Range: 1.2344 - 1.2368",Strong Buy,"Summary:Strong Buy
Moving Averages:BuyBuy (9)Sell (3)
Technical Indicators:Strong BuyBuy (9)Sell (0)","Name
S3
S2
S1
Pivot Points
R1
R2
R3
Classic
1.2333
1.2342
1.2350
1.2359
1.2367
1.2376
1.2384
Fibonacci
1.2342
1.2348
1.2353
1.2359
1.2365
1.2370
1.2376
Camarilla
1.2353
1.2355
1.2356
1.2359
1.2360
1.2361
1.2363
Woodie's
1.2333
1.2342
1.2350
1.2359
1.2367
1.2376
1.2384
DeMark's
-
-
1.2346
1.2357
1.2363
-
-","Technical IndicatorsJun 17, 2021 10:41PM GMT
Name
Value
Action
RSI(14)
65.224
Buy
STOCH(9,6)
71.895
Buy
STOCHRSI(14)
0.000
Oversold
MACD(12,26)
0.003
Buy
ADX(14)
45.767
Buy
Williams %R
-36.364
Buy
CCI(14)
54.6328
Buy
ATR(14)
0.0023
Less Volatility
Highs/Lows(14)
0.0000
Neutral
Ultimate Oscillator
62.580
Buy
ROC
0.284
Buy
Bull/Bear Power(13)
0.0021
Buy
Buy: 9
Sell: 0
Neutral: 1


Summary:Strong Buy","Jun 17, 2021 10:41PM GMT"
usd_chf,0.9176 +0.0003    +0.03%,18:41:42,2021-06-17 22:42:10.559458,"Prev. Close: 0.9173
Bid/Ask: 0.9172 / 0.9180
Day's Range: 0.9169 - 0.9183",Strong Buy,"Summary:Strong Buy
Moving Averages:Strong BuyBuy (11)Sell (1)
Technical Indicators:Strong BuyBuy (10)Sell (0)","Name
S3
S2
S1
Pivot Points
R1
R2
R3
Classic
0.9155
0.9161
0.9169
0.9176
0.9184
0.9191
0.9198
Fibonacci
0.9161
0.9167
0.9170
0.9176
0.9182
0.9185
0.9191
Camarilla
0.9172
0.9173
0.9175
0.9176
0.9177
0.9179
0.9180
Woodie's
0.9155
0.9161
0.9169
0.9176
0.9184
0.9191
0.9198
DeMark's
-
-
0.9165
0.9174
0.9180
-
-","Technical IndicatorsJun 17, 2021 10:41PM GMT
Name
Value
Action
RSI(14)
74.189
Buy
STOCH(9,6)
74.955
Buy
STOCHRSI(14)
0.000
Oversold
MACD(12,26)
0.003
Buy
ADX(14)
40.046
Buy
Williams %R
-22.222
Buy
CCI(14)
73.6684
Buy
ATR(14)
0.0014
Less Volatility
Highs/Lows(14)
0.0004
Buy
Ultimate Oscillator
58.759
Buy
ROC
0.421
Buy
Bull/Bear Power(13)
0.0032
Buy
Buy: 10
Sell: 0
Neutral: 0


Summary:Strong Buy","Jun 17, 2021 10:41PM GMT"
nzd_chf,0.6436 +0.0016    +0.26%,18:41:42,2021-06-17 22:42:10.562438,"Prev. Close: 0.6419
Bid/Ask: 0.6433 / 0.6438
Day's Range: 0.6421 - 0.6437",Strong Buy,"Summary:Strong Buy
Moving Averages:BuyBuy (11)Sell (1)
Technical Indicators:Strong BuyBuy (7)Sell (3)","Name
S3
S2
S1
Pivot Points
R1
R2
R3
Classic
0.6407
0.6414
0.6420
0.6427
0.6433
0.6440
0.6447
Fibonacci
0.6414
0.6419
0.6422
0.6427
0.6432
0.6435
0.6440
Camarilla
0.6421
0.6423
0.6424
0.6427
0.6426
0.6427
0.6429
Woodie's
0.6405
0.6413
0.6418
0.6426
0.6431
0.6439
0.6445
DeMark's
-
-
0.6416
0.6425
0.6429
-
-","Technical IndicatorsJun 17, 2021 10:39PM GMT
Name
Value
Action
RSI(14)
57.210
Buy
STOCH(9,6)
62.151
Buy
STOCHRSI(14)
91.114
Overbought
MACD(12,26)
0.000
Buy
ADX(14)
30.176
Sell
Williams %R
-35.556
Buy
CCI(14)
86.5656
Buy
ATR(14)
0.0012
Less Volatility
Highs/Lows(14)
0.0003
Buy
Ultimate Oscillator
41.733
Sell
ROC
-0.194
Sell
Bull/Bear Power(13)
0.0003
Buy
Buy: 7
Sell: 3
Neutral: 0


Summary:Strong Buy","Jun 17, 2021 10:39PM GMT"
usd_cny,6.4484 +0.0515    +0.80%,11:27:22,2021-06-17 22:42:10.565377,"Prev. Close: 6.3969
Bid/Ask: 6.4477 / 6.4490
Day's Range: 6.3972 - 6.4494",Strong Buy,"Summary:Strong Buy
Moving Averages:BuyBuy (12)Sell (0)
Technical Indicators:Strong BuyBuy (7)Sell (0)","Name
S3
S2
S1
Pivot Points
R1
R2
R3
Classic
6.4380
6.4399
6.4436
6.4455
6.4492
6.4511
6.4548
Fibonacci
6.4399
6.4420
6.4434
6.4455
6.4476
6.4490
6.4511
Camarilla
6.4458
6.4463
6.4468
6.4455
6.4479
6.4484
6.4489
Woodie's
6.4390
6.4404
6.4446
6.4460
6.4502
6.4516
6.4558
DeMark's
-
-
6.4446
6.4460
6.4502
-
-","Technical IndicatorsJun 17, 2021 03:34PM GMT
Name
Value
Action
RSI(14)
85.433
Overbought
STOCH(9,6)
77.649
Buy
STOCHRSI(14)
100.000
Overbought
MACD(12,26)
0.011
Buy
ADX(14)
61.337
Buy
Williams %R
-3.426
Overbought
CCI(14)
151.8010
Buy
ATR(14)
0.0041
Less Volatility
Highs/Lows(14)
0.0141
Buy
Ultimate Oscillator
82.973
Overbought
ROC
0.391
Buy
Bull/Bear Power(13)
0.0286
Buy
Buy: 7
Sell: 0
Neutral: 0


Summary:Strong Buy","Jun 17, 2021 03:34PM GMT"
usd_hkd,7.7647 +0.0003    +0.00%,18:41:39,2021-06-17 22:42:10.568342,"Prev. Close: 7.7644
Bid/Ask: 7.7646 / 7.7647
Day's Range: 7.7641 - 7.7650",Buy,"Summary:Buy
Moving Averages:BuyBuy (8)Sell (4)
Technical Indicators:BUYBuy (5)Sell (2)","Name
S3
S2
S1
Pivot Points
R1
R2
R3
Classic
7.7639
7.7641
7.7645
7.7647
7.7651
7.7653
7.7656
Fibonacci
7.7641
7.7643
7.7645
7.7647
7.7649
7.7651
7.7653
Camarilla
7.7646
7.7646
7.7647
7.7647
7.7648
7.7649
7.7649
Woodie's
7.7639
7.7641
7.7645
7.7647
7.7651
7.7653
7.7656
DeMark's
-
-
7.7645
7.7647
7.7651
-
-","Technical IndicatorsJun 17, 2021 10:41PM GMT
Name
Value
Action
RSI(14)
53.155
Neutral
STOCH(9,6)
62.959
Buy
STOCHRSI(14)
19.700
Oversold
MACD(12,26)
0.000
Buy
ADX(14)
30.256
Sell
Williams %R
-57.892
Sell
CCI(14)
-29.4731
Neutral
ATR(14)
0.0008
Less Volatility
Highs/Lows(14)
0.0000
Neutral
Ultimate Oscillator
56.424
Buy
ROC
0.005
Buy
Bull/Bear Power(13)
0.0008
Buy
Buy: 5
Sell: 2
Neutral: 3


Summary:BUY","Jun 17, 2021 10:41PM GMT"
eur_usd,1.1912 +0.0006    +0.05%,18:42:28,2021-06-17 22:43:10.142298,"Prev. Close: 1.1906
Bid/Ask: 1.1911 / 1.1912
Day's Range: 1.1906 - 1.1914",Strong Sell,"Summary:Strong Sell
Moving Averages:SellBuy (2)Sell (10)
Technical Indicators:Strong SellBuy (0)Sell (9)","Name
S3
S2
S1
Pivot Points
R1
R2
R3
Classic
1.1902
1.1904
1.1905
1.1907
1.1909
1.1910
1.1912
Fibonacci
1.1904
1.1905
1.1906
1.1907
1.1908
1.1909
1.1910
Camarilla
1.1906
1.1906
1.1906
1.1907
1.1907
1.1907
1.1907
Woodie's
1.1902
1.1904
1.1905
1.1907
1.1909
1.1910
1.1912
DeMark's
-
-
1.1904
1.1906
1.1908
-
-","Technical IndicatorsJun 17, 2021 10:41PM GMT
Name
Value
Action
RSI(14)
30.690
Sell
STOCH(9,6)
29.016
Sell
STOCHRSI(14)
100.000
Overbought
MACD(12,26)
-0.004
Sell
ADX(14)
37.562
Neutral
Williams %R
-70.001
Sell
CCI(14)
-64.1071
Sell
ATR(14)
0.0017
Less Volatility
Highs/Lows(14)
-0.0002
Sell
Ultimate Oscillator
40.399
Sell
ROC
-0.305
Sell
Bull/Bear Power(13)
-0.0020
Sell
Buy: 0
Sell: 9
Neutral: 1


Summary:Strong Sell","Jun 17, 2021 10:41PM GMT"
gbp_usd,1.3932 +0.0013    +0.09%,18:42:33,2021-06-17 22:43:10.146468,"Prev. Close: 1.3919
Bid/Ask: 1.3931 / 1.3933
Day's Range: 1.3915 - 1.3935",Strong Sell,"Summary:Strong Sell
Moving Averages:SellBuy (4)Sell (8)
Technical Indicators:Strong SellBuy (0)Sell (8)","Name
S3
S2
S1
Pivot Points
R1
R2
R3
Classic
1.3898
1.3907
1.3914
1.3922
1.3929
1.3937
1.3944
Fibonacci
1.3907
1.3912
1.3916
1.3922
1.3928
1.3932
1.3937
Camarilla
1.3916
1.3918
1.3919
1.3922
1.3922
1.3923
1.3925
Woodie's
1.3898
1.3907
1.3914
1.3922
1.3929
1.3937
1.3944
DeMark's
-
-
1.3910
1.3920
1.3926
-
-","Technical IndicatorsJun 17, 2021 10:41PM GMT
Name
Value
Action
RSI(14)
40.028
Sell
STOCH(9,6)
40.263
Sell
STOCHRSI(14)
100.000
Overbought
MACD(12,26)
-0.003
Sell
ADX(14)
39.578
Sell
Williams %R
-58.758
Sell
CCI(14)
-34.7321
Neutral
ATR(14)
0.0024
Less Volatility
Highs/Lows(14)
0.0000
Neutral
Ultimate Oscillator
43.830
Sell
ROC
-0.318
Sell
Bull/Bear Power(13)
-0.0002
Sell
Buy: 0
Sell: 8
Neutral: 2


Summary:Strong Sell","Jun 17, 2021 10:41PM GMT"
usd_jpy,110.28 +0.07    +0.07%,18:42:42,2021-06-17 22:43:10.149731,"Prev. Close: 110.20
Bid/Ask: 110.27 / 110.28
Day's Range: 110.17 - 110.83",Sell,"Summary:Sell
Moving Averages:NeutralBuy (6)Sell (6)
Technical Indicators:Strong SellBuy (1)Sell (6)","Name
S3
S2
S1
Pivot Points
R1
R2
R3
Classic
110.14
110.17
110.21
110.24
110.29
110.31
110.36
Fibonacci
110.17
110.19
110.21
110.24
110.27
110.29
110.31
Camarilla
110.24
110.25
110.25
110.24
110.27
110.27
110.28
Woodie's
110.16
110.18
110.23
110.25
110.31
110.32
110.38
DeMark's
-
-
110.23
110.25
110.30
-
-","Technical IndicatorsJun 17, 2021 10:41PM GMT
Name
Value
Action
RSI(14)
43.730
Sell
STOCH(9,6)
18.038
Oversold
STOCHRSI(14)
19.914
Oversold
MACD(12,26)
-0.030
Sell
ADX(14)
31.036
Neutral
Williams %R
-82.352
Oversold
CCI(14)
-59.5799
Sell
ATR(14)
0.1179
Less Volatility
Highs/Lows(14)
-0.0596
Sell
Ultimate Oscillator
51.721
Buy
ROC
-0.334
Sell
Bull/Bear Power(13)
-0.1830
Sell
Buy: 1
Sell: 6
Neutral: 1


Summary:Strong Sell","Jun 17, 2021 10:41PM GMT"
aud_usd,0.7557 +0.0006    +0.09%,18:42:48,2021-06-17 22:43:10.152811,"Prev. Close: 0.7550
Bid/Ask: 0.7556 / 0.7557
Day's Range: 0.7547 - 0.7559",Strong Sell,"Summary:Strong Sell
Moving Averages:SellBuy (3)Sell (9)
Technical Indicators:Strong SellBuy (0)Sell (9)","Name
S3
S2
S1
Pivot Points
R1
R2
R3
Classic
0.7538
0.7543
0.7548
0.7552
0.7557
0.7561
0.7566
Fibonacci
0.7543
0.7546
0.7548
0.7552
0.7556
0.7558
0.7561
Camarilla
0.7550
0.7551
0.7552
0.7552
0.7553
0.7554
0.7555
Woodie's
0.7538
0.7543
0.7548
0.7552
0.7557
0.7561
0.7566
DeMark's
-
-
0.7545
0.7551
0.7554
-
-","Technical IndicatorsJun 17, 2021 10:41PM GMT
Name
Value
Action
RSI(14)
32.233
Sell
STOCH(9,6)
26.901
Sell
STOCHRSI(14)
100.000
Overbought
MACD(12,26)
-0.003
Sell
ADX(14)
50.435
Sell
Williams %R
-74.046
Sell
CCI(14)
-61.3138
Sell
ATR(14)
0.0016
Less Volatility
Highs/Lows(14)
0.0000
Neutral
Ultimate Oscillator
39.126
Sell
ROC
-0.585
Sell
Bull/Bear Power(13)
-0.0010
Sell
Buy: 0
Sell: 9
Neutral: 1


Summary:Strong Sell","Jun 17, 2021 10:41PM GMT"
eur_gbp,0.8551 -0.0001    -0.01%,18:42:55,2021-06-17 22:43:10.155818,"Prev. Close: 0.8551
Bid/Ask: 0.8549 / 0.8552
Day's Range: 0.8548 - 0.8557",Strong Sell,"Summary:Strong Sell
Moving Averages:Strong SellBuy (0)Sell (12)
Technical Indicators:Strong SellBuy (2)Sell (7)","Name
S3
S2
S1
Pivot Points
R1
R2
R3
Classic
0.8541
0.8545
0.8549
0.8553
0.8558
0.8561
0.8566
Fibonacci
0.8545
0.8548
0.8550
0.8553
0.8556
0.8558
0.8561
Camarilla
0.8551
0.8552
0.8552
0.8553
0.8554
0.8554
0.8555
Woodie's
0.8541
0.8545
0.8549
0.8553
0.8558
0.8561
0.8566
DeMark's
-
-
0.8551
0.8554
0.8559
-
-","Technical IndicatorsJun 17, 2021 10:41PM GMT
Name
Value
Action
RSI(14)
36.020
Sell
STOCH(9,6)
33.598
Sell
STOCHRSI(14)
51.472
Neutral
MACD(12,26)
-0.001
Sell
ADX(14)
40.720
Sell
Williams %R
-81.481
Oversold
CCI(14)
-107.7825
Sell
ATR(14)
0.0010
Less Volatility
Highs/Lows(14)
-0.0001
Sell
Ultimate Oscillator
51.483
Buy
ROC
0.018
Buy
Bull/Bear Power(13)
-0.0019
Sell
Buy: 2
Sell: 7
Neutral: 1


Summary:Strong Sell","Jun 17, 2021 10:41PM GMT"
usd_cad,1.2347 -0.0014    -0.11%,18:42:53,2021-06-17 22:43:10.158789,"Prev. Close: 1.2361
Bid/Ask: 1.2345 / 1.2349
Day's Range: 1.2344 - 1.2368",Strong Buy,"Summary:Strong Buy
Moving Averages:BuyBuy (9)Sell (3)
Technical Indicators:Strong BuyBuy (9)Sell (0)","Name
S3
S2
S1
Pivot Points
R1
R2
R3
Classic
1.2333
1.2342
1.2350
1.2359
1.2367
1.2376
1.2384
Fibonacci
1.2342
1.2348
1.2353
1.2359
1.2365
1.2370
1.2376
Camarilla
1.2353
1.2355
1.2356
1.2359
1.2360
1.2361
1.2363
Woodie's
1.2333
1.2342
1.2350
1.2359
1.2367
1.2376
1.2384
DeMark's
-
-
1.2346
1.2357
1.2363
-
-","Technical IndicatorsJun 17, 2021 10:41PM GMT
Name
Value
Action
RSI(14)
65.224
Buy
STOCH(9,6)
71.895
Buy
STOCHRSI(14)
0.000
Oversold
MACD(12,26)
0.003
Buy
ADX(14)
45.767
Buy
Williams %R
-36.364
Buy
CCI(14)
54.6328
Buy
ATR(14)
0.0023
Less Volatility
Highs/Lows(14)
0.0000
Neutral
Ultimate Oscillator
62.580
Buy
ROC
0.284
Buy
Bull/Bear Power(13)
0.0021
Buy
Buy: 9
Sell: 0
Neutral: 1


Summary:Strong Buy","Jun 17, 2021 10:41PM GMT"
usd_chf,0.9176 +0.0003    +0.03%,18:42:51,2021-06-17 22:43:10.161728,"Prev. Close: 0.9173
Bid/Ask: 0.9172 / 0.9180
Day's Range: 0.9169 - 0.9183",Strong Buy,"Summary:Strong Buy
Moving Averages:Strong BuyBuy (11)Sell (1)
Technical Indicators:Strong BuyBuy (10)Sell (0)","Name
S3
S2
S1
Pivot Points
R1
R2
R3
Classic
0.9155
0.9161
0.9169
0.9176
0.9184
0.9191
0.9198
Fibonacci
0.9161
0.9167
0.9170
0.9176
0.9182
0.9185
0.9191
Camarilla
0.9172
0.9173
0.9175
0.9176
0.9177
0.9179
0.9180
Woodie's
0.9155
0.9161
0.9169
0.9176
0.9184
0.9191
0.9198
DeMark's
-
-
0.9165
0.9174
0.9180
-
-","Technical IndicatorsJun 17, 2021 10:41PM GMT
Name
Value
Action
RSI(14)
74.189
Buy
STOCH(9,6)
74.955
Buy
STOCHRSI(14)
0.000
Oversold
MACD(12,26)
0.003
Buy
ADX(14)
40.046
Buy
Williams %R
-22.222
Buy
CCI(14)
73.6684
Buy
ATR(14)
0.0014
Less Volatility
Highs/Lows(14)
0.0004
Buy
Ultimate Oscillator
58.759
Buy
ROC
0.421
Buy
Bull/Bear Power(13)
0.0032
Buy
Buy: 10
Sell: 0
Neutral: 0


Summary:Strong Buy","Jun 17, 2021 10:41PM GMT"
nzd_chf,0.6435 +0.0016    +0.25%,18:42:55,2021-06-17 22:43:10.164708,"Prev. Close: 0.6419
Bid/Ask: 0.6430 / 0.6440
Day's Range: 0.6421 - 0.6437",Strong Buy,"Summary:Strong Buy
Moving Averages:BuyBuy (11)Sell (1)
Technical Indicators:Strong BuyBuy (7)Sell (3)","Name
S3
S2
S1
Pivot Points
R1
R2
R3
Classic
0.6407
0.6414
0.6420
0.6427
0.6433
0.6440
0.6447
Fibonacci
0.6414
0.6419
0.6422
0.6427
0.6432
0.6435
0.6440
Camarilla
0.6421
0.6423
0.6424
0.6427
0.6426
0.6427
0.6429
Woodie's
0.6405
0.6413
0.6418
0.6426
0.6431
0.6439
0.6445
DeMark's
-
-
0.6416
0.6425
0.6429
-
-","Technical IndicatorsJun 17, 2021 10:41PM GMT
Name
Value
Action
RSI(14)
56.575
Buy
STOCH(9,6)
61.376
Buy
STOCHRSI(14)
87.904
Overbought
MACD(12,26)
0.000
Buy
ADX(14)
30.176
Sell
Williams %R
-37.778
Buy
CCI(14)
82.3336
Buy
ATR(14)
0.0012
Less Volatility
Highs/Lows(14)
0.0002
Buy
Ultimate Oscillator
40.614
Sell
ROC
-0.209
Sell
Bull/Bear Power(13)
0.0003
Buy
Buy: 7
Sell: 3
Neutral: 0


Summary:Strong Buy","Jun 17, 2021 10:41PM GMT"
usd_cny,6.4484 +0.0515    +0.80%,11:27:22,2021-06-17 22:43:10.167680,"Prev. Close: 6.3969
Bid/Ask: 6.4477 / 6.4490
Day's Range: 6.3972 - 6.4494",Strong Buy,"Summary:Strong Buy
Moving Averages:BuyBuy (12)Sell (0)
Technical Indicators:Strong BuyBuy (7)Sell (0)","Name
S3
S2
S1
Pivot Points
R1
R2
R3
Classic
6.4380
6.4399
6.4436
6.4455
6.4492
6.4511
6.4548
Fibonacci
6.4399
6.4420
6.4434
6.4455
6.4476
6.4490
6.4511
Camarilla
6.4458
6.4463
6.4468
6.4455
6.4479
6.4484
6.4489
Woodie's
6.4390
6.4404
6.4446
6.4460
6.4502
6.4516
6.4558
DeMark's
-
-
6.4446
6.4460
6.4502
-
-","Technical IndicatorsJun 17, 2021 03:34PM GMT
Name
Value
Action
RSI(14)
85.433
Overbought
STOCH(9,6)
77.649
Buy
STOCHRSI(14)
100.000
Overbought
MACD(12,26)
0.011
Buy
ADX(14)
61.337
Buy
Williams %R
-3.426
Overbought
CCI(14)
151.8010
Buy
ATR(14)
0.0041
Less Volatility
Highs/Lows(14)
0.0141
Buy
Ultimate Oscillator
82.973
Overbought
ROC
0.391
Buy
Bull/Bear Power(13)
0.0286
Buy
Buy: 7
Sell: 0
Neutral: 0


Summary:Strong Buy","Jun 17, 2021 03:34PM GMT"
usd_hkd,7.7647 +0.0003    +0.00%,18:42:48,2021-06-17 22:43:10.170644,"Prev. Close: 7.7644
Bid/Ask: 7.7646 / 7.7647
Day's Range: 7.7641 - 7.7650",Strong Buy,"Summary:Strong Buy
Moving Averages:Strong BuyBuy (11)Sell (1)
Technical Indicators:BUYBuy (5)Sell (3)","Name
S3
S2
S1
Pivot Points
R1
R2
R3
Classic
7.7639
7.7641
7.7645
7.7647
7.7651
7.7653
7.7656
Fibonacci
7.7641
7.7643
7.7645
7.7647
7.7649
7.7651
7.7653
Camarilla
7.7646
7.7646
7.7647
7.7647
7.7648
7.7649
7.7649
Woodie's
7.7639
7.7641
7.7645
7.7647
7.7651
7.7653
7.7656
DeMark's
-
-
7.7645
7.7647
7.7651
-
-","Technical IndicatorsJun 17, 2021 10:43PM GMT
Name
Value
Action
RSI(14)
55.089
Buy
STOCH(9,6)
65.521
Buy
STOCHRSI(14)
32.725
Sell
MACD(12,26)
0.000
Buy
ADX(14)
30.256
Sell
Williams %R
-47.378
Neutral
CCI(14)
-12.1565
Neutral
ATR(14)
0.0008
Less Volatility
Highs/Lows(14)
0.0000
Neutral
Ultimate Oscillator
59.876
Buy
ROC
0.008
Buy
Bull/Bear Power(13)
-0.0012
Sell
Buy: 5
Sell: 3
Neutral: 3


Summary:BUY","Jun 17, 2021 10:43PM GMT"
eur_usd,1.1913 +0.0006    +0.05%,18:43:44,2021-06-17 22:44:10.441791,"Prev. Close: 1.1906
Bid/Ask: 1.1911 / 1.1914
Day's Range: 1.1906 - 1.1914",Strong Sell,"Summary:Strong Sell
Moving Averages:SellBuy (2)Sell (10)
Technical Indicators:Strong SellBuy (0)Sell (9)","Name
S3
S2
S1
Pivot Points
R1
R2
R3
Classic
1.1902
1.1904
1.1905
1.1907
1.1909
1.1910
1.1912
Fibonacci
1.1904
1.1905
1.1906
1.1907
1.1908
1.1909
1.1910
Camarilla
1.1906
1.1906
1.1906
1.1907
1.1907
1.1907
1.1907
Woodie's
1.1902
1.1904
1.1905
1.1907
1.1909
1.1910
1.1912
DeMark's
-
-
1.1904
1.1906
1.1908
-
-","Technical IndicatorsJun 17, 2021 10:43PM GMT
Name
Value
Action
RSI(14)
31.226
Sell
STOCH(9,6)
29.343
Sell
STOCHRSI(14)
100.000
Overbought
MACD(12,26)
-0.004
Sell
ADX(14)
37.562
Neutral
Williams %R
-68.463
Sell
CCI(14)
-62.6708
Sell
ATR(14)
0.0017
Less Volatility
Highs/Lows(14)
-0.0001
Sell
Ultimate Oscillator
41.202
Sell
ROC
-0.297
Sell
Bull/Bear Power(13)
-0.0020
Sell
Buy: 0
Sell: 9
Neutral: 1


Summary:Strong Sell","Jun 17, 2021 10:43PM GMT"
gbp_usd,1.3933 +0.0014    +0.10%,18:43:36,2021-06-17 22:44:10.445878,"Prev. Close: 1.3919
Bid/Ask: 1.3931 / 1.3934
Day's Range: 1.3915 - 1.3935",Strong Sell,"Summary:Strong Sell
Moving Averages:SellBuy (4)Sell (8)
Technical Indicators:Strong SellBuy (0)Sell (8)","Name
S3
S2
S1
Pivot Points
R1
R2
R3
Classic
1.3898
1.3907
1.3914
1.3922
1.3929
1.3937
1.3944
Fibonacci
1.3907
1.3912
1.3916
1.3922
1.3928
1.3932
1.3937
Camarilla
1.3916
1.3918
1.3919
1.3922
1.3922
1.3923
1.3925
Woodie's
1.3898
1.3907
1.3914
1.3922
1.3929
1.3937
1.3944
DeMark's
-
-
1.3910
1.3920
1.3926
-
-","Technical IndicatorsJun 17, 2021 10:43PM GMT
Name
Value
Action
RSI(14)
40.028
Sell
STOCH(9,6)
40.263
Sell
STOCHRSI(14)
100.000
Overbought
MACD(12,26)
-0.003
Sell
ADX(14)
39.578
Sell
Williams %R
-58.758
Sell
CCI(14)
-34.7321
Neutral
ATR(14)
0.0024
Less Volatility
Highs/Lows(14)
0.0000
Neutral
Ultimate Oscillator
43.830
Sell
ROC
-0.318
Sell
Bull/Bear Power(13)
-0.0002
Sell
Buy: 0
Sell: 8
Neutral: 2


Summary:Strong Sell","Jun 17, 2021 10:43PM GMT"
usd_jpy,110.28 +0.07    +0.07%,18:43:38,2021-06-17 22:44:10.449039,"Prev. Close: 110.20
Bid/Ask: 110.27 / 110.28
Day's Range: 110.17 - 110.83",Sell,"Summary:Sell
Moving Averages:NeutralBuy (6)Sell (6)
Technical Indicators:Strong SellBuy (1)Sell (6)","Name
S3
S2
S1
Pivot Points
R1
R2
R3
Classic
110.14
110.17
110.21
110.24
110.29
110.31
110.36
Fibonacci
110.17
110.19
110.21
110.24
110.27
110.29
110.31
Camarilla
110.24
110.25
110.25
110.24
110.27
110.27
110.28
Woodie's
110.16
110.18
110.23
110.25
110.31
110.32
110.38
DeMark's
-
-
110.23
110.25
110.30
-
-","Technical IndicatorsJun 17, 2021 10:43PM GMT
Name
Value
Action
RSI(14)
43.730
Sell
STOCH(9,6)
18.038
Oversold
STOCHRSI(14)
19.914
Oversold
MACD(12,26)
-0.030
Sell
ADX(14)
31.036
Neutral
Williams %R
-82.352
Oversold
CCI(14)
-59.5799
Sell
ATR(14)
0.1179
Less Volatility
Highs/Lows(14)
-0.0596
Sell
Ultimate Oscillator
51.721
Buy
ROC
-0.334
Sell
Bull/Bear Power(13)
-0.1830
Sell
Buy: 1
Sell: 6
Neutral: 1


Summary:Strong Sell","Jun 17, 2021 10:43PM GMT"
aud_usd,0.7557 +0.0006    +0.09%,18:43:42,2021-06-17 22:44:10.452074,"Prev. Close: 0.7550
Bid/Ask: 0.7556 / 0.7557
Day's Range: 0.7547 - 0.7559",Strong Sell,"Summary:Strong Sell
Moving Averages:SellBuy (3)Sell (9)
Technical Indicators:Strong SellBuy (0)Sell (9)","Name
S3
S2
S1
Pivot Points
R1
R2
R3
Classic
0.7538
0.7543
0.7548
0.7552
0.7557
0.7561
0.7566
Fibonacci
0.7543
0.7546
0.7548
0.7552
0.7556
0.7558
0.7561
Camarilla
0.7550
0.7551
0.7552
0.7552
0.7553
0.7554
0.7555
Woodie's
0.7538
0.7543
0.7548
0.7552
0.7557
0.7561
0.7566
DeMark's
-
-
0.7545
0.7551
0.7554
-
-","Technical IndicatorsJun 17, 2021 10:43PM GMT
Name
Value
Action
RSI(14)
32.233
Sell
STOCH(9,6)
26.901
Sell
STOCHRSI(14)
100.000
Overbought
MACD(12,26)
-0.003
Sell
ADX(14)
50.435
Sell
Williams %R
-74.046
Sell
CCI(14)
-61.3138
Sell
ATR(14)
0.0016
Less Volatility
Highs/Lows(14)
0.0000
Neutral
Ultimate Oscillator
39.126
Sell
ROC
-0.585
Sell
Bull/Bear Power(13)
-0.0010
Sell
Buy: 0
Sell: 9
Neutral: 1


Summary:Strong Sell","Jun 17, 2021 10:43PM GMT"
eur_gbp,0.8550 -0.0001    -0.02%,18:43:44,2021-06-17 22:44:10.455023,"Prev. Close: 0.8551
Bid/Ask: 0.8547 / 0.8552
Day's Range: 0.8548 - 0.8557",Strong Sell,"Summary:Strong Sell
Moving Averages:Strong SellBuy (0)Sell (12)
Technical Indicators:Strong SellBuy (3)Sell (7)","Name
S3
S2
S1
Pivot Points
R1
R2
R3
Classic
0.8541
0.8545
0.8549
0.8553
0.8558
0.8561
0.8566
Fibonacci
0.8545
0.8548
0.8550
0.8553
0.8556
0.8558
0.8561
Camarilla
0.8551
0.8552
0.8552
0.8553
0.8554
0.8554
0.8555
Woodie's
0.8541
0.8545
0.8549
0.8553
0.8558
0.8561
0.8566
DeMark's
-
-
0.8551
0.8554
0.8559
-
-","Technical IndicatorsJun 17, 2021 10:43PM GMT
Name
Value
Action
RSI(14)
36.699
Sell
STOCH(9,6)
34.392
Sell
STOCHRSI(14)
55.354
Buy
MACD(12,26)
-0.001
Sell
ADX(14)
40.720
Sell
Williams %R
-77.777
Sell
CCI(14)
-101.8331
Sell
ATR(14)
0.0010
Less Volatility
Highs/Lows(14)
0.0000
Neutral
Ultimate Oscillator
52.909
Buy
ROC
0.029
Buy
Bull/Bear Power(13)
-0.0019
Sell
Buy: 3
Sell: 7
Neutral: 1


Summary:Strong Sell","Jun 17, 2021 10:43PM GMT"
usd_cad,1.2347 -0.0014    -0.12%,18:43:42,2021-06-17 22:44:10.457947,"Prev. Close: 1.2361
Bid/Ask: 1.2345 / 1.2348
Day's Range: 1.2344 - 1.2368",Strong Buy,"Summary:Strong Buy
Moving Averages:BuyBuy (9)Sell (3)
Technical Indicators:Strong BuyBuy (9)Sell (0)","Name
S3
S2
S1
Pivot Points
R1
R2
R3
Classic
1.2333
1.2342
1.2350
1.2359
1.2367
1.2376
1.2384
Fibonacci
1.2342
1.2348
1.2353
1.2359
1.2365
1.2370
1.2376
Camarilla
1.2353
1.2355
1.2356
1.2359
1.2360
1.2361
1.2363
Woodie's
1.2333
1.2342
1.2350
1.2359
1.2367
1.2376
1.2384
DeMark's
-
-
1.2346
1.2357
1.2363
-
-","Technical IndicatorsJun 17, 2021 10:43PM GMT
Name
Value
Action
RSI(14)
64.715
Buy
STOCH(9,6)
71.662
Buy
STOCHRSI(14)
0.000
Oversold
MACD(12,26)
0.003
Buy
ADX(14)
45.767
Buy
Williams %R
-37.576
Buy
CCI(14)
53.0592
Buy
ATR(14)
0.0023
Less Volatility
Highs/Lows(14)
0.0000
Neutral
Ultimate Oscillator
62.017
Buy
ROC
0.276
Buy
Bull/Bear Power(13)
0.0021
Buy
Buy: 9
Sell: 0
Neutral: 1


Summary:Strong Buy","Jun 17, 2021 10:43PM GMT"
usd_chf,0.9176 +0.0003    +0.03%,18:43:42,2021-06-17 22:44:10.460910,"Prev. Close: 0.9173
Bid/Ask: 0.9172 / 0.9180
Day's Range: 0.9169 - 0.9183",Strong Buy,"Summary:Strong Buy
Moving Averages:BuyBuy (12)Sell (0)
Technical Indicators:Strong BuyBuy (8)Sell (0)","Name
S3
S2
S1
Pivot Points
R1
R2
R3
Classic
0.9155
0.9161
0.9169
0.9176
0.9184
0.9191
0.9198
Fibonacci
0.9161
0.9167
0.9170
0.9176
0.9182
0.9185
0.9191
Camarilla
0.9172
0.9173
0.9175
0.9176
0.9177
0.9179
0.9180
Woodie's
0.9155
0.9161
0.9169
0.9176
0.9184
0.9191
0.9198
DeMark's
-
-
0.9165
0.9174
0.9180
-
-","Technical IndicatorsJun 17, 2021 10:43PM GMT
Name
Value
Action
RSI(14)
75.187
Overbought
STOCH(9,6)
75.758
Buy
STOCHRSI(14)
3.969
Oversold
MACD(12,26)
0.003
Buy
ADX(14)
40.046
Buy
Williams %R
-18.803
Overbought
CCI(14)
77.6146
Buy
ATR(14)
0.0014
Less Volatility
Highs/Lows(14)
0.0006
Buy
Ultimate Oscillator
60.370
Buy
ROC
0.443
Buy
Bull/Bear Power(13)
0.0032
Buy
Buy: 8
Sell: 0
Neutral: 0


Summary:Strong Buy","Jun 17, 2021 10:43PM GMT"
nzd_chf,0.6435 +0.0016    +0.25%,18:43:42,2021-06-17 22:44:10.463859,"Prev. Close: 0.6419
Bid/Ask: 0.6433 / 0.6437
Day's Range: 0.6421 - 0.6437",Strong Buy,"Summary:Strong Buy
Moving Averages:BuyBuy (11)Sell (1)
Technical Indicators:Strong BuyBuy (7)Sell (3)","Name
S3
S2
S1
Pivot Points
R1
R2
R3
Classic
0.6407
0.6414
0.6420
0.6427
0.6433
0.6440
0.6447
Fibonacci
0.6414
0.6419
0.6422
0.6427
0.6432
0.6435
0.6440
Camarilla
0.6421
0.6423
0.6424
0.6427
0.6426
0.6427
0.6429
Woodie's
0.6405
0.6413
0.6418
0.6426
0.6431
0.6439
0.6445
DeMark's
-
-
0.6416
0.6425
0.6429
-
-","Technical IndicatorsJun 17, 2021 10:43PM GMT
Name
Value
Action
RSI(14)
57.520
Buy
STOCH(9,6)
62.539
Buy
STOCHRSI(14)
92.681
Overbought
MACD(12,26)
0.000
Buy
ADX(14)
30.176
Sell
Williams %R
-34.445
Buy
CCI(14)
88.6671
Buy
ATR(14)
0.0012
Less Volatility
Highs/Lows(14)
0.0003
Buy
Ultimate Oscillator
42.293
Sell
ROC
-0.186
Sell
Bull/Bear Power(13)
0.0003
Buy
Buy: 7
Sell: 3
Neutral: 0


Summary:Strong Buy","Jun 17, 2021 10:43PM GMT"
usd_cny,6.4484 +0.0515    +0.80%,11:27:22,2021-06-17 22:44:10.466845,"Prev. Close: 6.3969
Bid/Ask: 6.4477 / 6.4490
Day's Range: 6.3972 - 6.4494",Strong Buy,"Summary:Strong Buy
Moving Averages:BuyBuy (12)Sell (0)
Technical Indicators:Strong BuyBuy (7)Sell (0)","Name
S3
S2
S1
Pivot Points
R1
R2
R3
Classic
6.4380
6.4399
6.4436
6.4455
6.4492
6.4511
6.4548
Fibonacci
6.4399
6.4420
6.4434
6.4455
6.4476
6.4490
6.4511
Camarilla
6.4458
6.4463
6.4468
6.4455
6.4479
6.4484
6.4489
Woodie's
6.4390
6.4404
6.4446
6.4460
6.4502
6.4516
6.4558
DeMark's
-
-
6.4446
6.4460
6.4502
-
-","Technical IndicatorsJun 17, 2021 03:34PM GMT
Name
Value
Action
RSI(14)
85.433
Overbought
STOCH(9,6)
77.649
Buy
STOCHRSI(14)
100.000
Overbought
MACD(12,26)
0.011
Buy
ADX(14)
61.337
Buy
Williams %R
-3.426
Overbought
CCI(14)
151.8010
Buy
ATR(14)
0.0041
Less Volatility
Highs/Lows(14)
0.0141
Buy
Ultimate Oscillator
82.973
Overbought
ROC
0.391
Buy
Bull/Bear Power(13)
0.0286
Buy
Buy: 7
Sell: 0
Neutral: 0


Summary:Strong Buy","Jun 17, 2021 03:34PM GMT"
usd_hkd,7.7647 +0.0003    +0.00%,18:43:42,2021-06-17 22:44:10.469806,"Prev. Close: 7.7644
Bid/Ask: 7.7646 / 7.7647
Day's Range: 7.7641 - 7.7650",Strong Buy,"Summary:Strong Buy
Moving Averages:Strong BuyBuy (11)Sell (1)
Technical Indicators:BUYBuy (5)Sell (3)","Name
S3
S2
S1
Pivot Points
R1
R2
R3
Classic
7.7639
7.7641
7.7645
7.7647
7.7651
7.7653
7.7656
Fibonacci
7.7641
7.7643
7.7645
7.7647
7.7649
7.7651
7.7653
Camarilla
7.7646
7.7646
7.7647
7.7647
7.7648
7.7649
7.7649
Woodie's
7.7639
7.7641
7.7645
7.7647
7.7651
7.7653
7.7656
DeMark's
-
-
7.7645
7.7647
7.7651
-
-","Technical IndicatorsJun 17, 2021 10:43PM GMT
Name
Value
Action
RSI(14)
55.089
Buy
STOCH(9,6)
65.521
Buy
STOCHRSI(14)
32.725
Sell
MACD(12,26)
0.000
Buy
ADX(14)
30.256
Sell
Williams %R
-47.378
Neutral
CCI(14)
-12.1565
Neutral
ATR(14)
0.0008
Less Volatility
Highs/Lows(14)
0.0000
Neutral
Ultimate Oscillator
59.876
Buy
ROC
0.008
Buy
Bull/Bear Power(13)
-0.0012
Sell
Buy: 5
Sell: 3
Neutral: 3


Summary:BUY","Jun 17, 2021 10:43PM GMT"
eur_usd,1.1912 +0.0006    +0.05%,18:44:28,2021-06-17 22:45:10.417511,"Prev. Close: 1.1906
Bid/Ask: 1.1911 / 1.1912
Day's Range: 1.1906 - 1.1914",Strong Sell,"Summary:Strong Sell
Moving Averages:SellBuy (2)Sell (10)
Technical Indicators:Strong SellBuy (0)Sell (9)","Name
S3
S2
S1
Pivot Points
R1
R2
R3
Classic
1.1902
1.1904
1.1905
1.1907
1.1909
1.1910
1.1912
Fibonacci
1.1904
1.1905
1.1906
1.1907
1.1908
1.1909
1.1910
Camarilla
1.1906
1.1906
1.1906
1.1907
1.1907
1.1907
1.1907
Woodie's
1.1902
1.1904
1.1905
1.1907
1.1909
1.1910
1.1912
DeMark's
-
-
1.1904
1.1906
1.1908
-
-","Technical IndicatorsJun 17, 2021 10:43PM GMT
Name
Value
Action
RSI(14)
31.226
Sell
STOCH(9,6)
29.343
Sell
STOCHRSI(14)
100.000
Overbought
MACD(12,26)
-0.004
Sell
ADX(14)
37.562
Neutral
Williams %R
-68.463
Sell
CCI(14)
-62.6708
Sell
ATR(14)
0.0017
Less Volatility
Highs/Lows(14)
-0.0001
Sell
Ultimate Oscillator
41.202
Sell
ROC
-0.297
Sell
Bull/Bear Power(13)
-0.0020
Sell
Buy: 0
Sell: 9
Neutral: 1


Summary:Strong Sell","Jun 17, 2021 10:43PM GMT"
gbp_usd,1.3933 +0.0014    +0.10%,18:44:48,2021-06-17 22:45:10.421608,"Prev. Close: 1.3919
Bid/Ask: 1.3931 / 1.3934
Day's Range: 1.3915 - 1.3935",Strong Sell,"Summary:Strong Sell
Moving Averages:SellBuy (4)Sell (8)
Technical Indicators:Strong SellBuy (0)Sell (8)","Name
S3
S2
S1
Pivot Points
R1
R2
R3
Classic
1.3898
1.3907
1.3914
1.3922
1.3929
1.3937
1.3944
Fibonacci
1.3907
1.3912
1.3916
1.3922
1.3928
1.3932
1.3937
Camarilla
1.3916
1.3918
1.3919
1.3922
1.3922
1.3923
1.3925
Woodie's
1.3898
1.3907
1.3914
1.3922
1.3929
1.3937
1.3944
DeMark's
-
-
1.3910
1.3920
1.3926
-
-","Technical IndicatorsJun 17, 2021 10:43PM GMT
Name
Value
Action
RSI(14)
40.028
Sell
STOCH(9,6)
40.263
Sell
STOCHRSI(14)
100.000
Overbought
MACD(12,26)
-0.003
Sell
ADX(14)
39.578
Sell
Williams %R
-58.758
Sell
CCI(14)
-34.7321
Neutral
ATR(14)
0.0024
Less Volatility
Highs/Lows(14)
0.0000
Neutral
Ultimate Oscillator
43.830
Sell
ROC
-0.318
Sell
Bull/Bear Power(13)
-0.0002
Sell
Buy: 0
Sell: 8
Neutral: 2


Summary:Strong Sell","Jun 17, 2021 10:43PM GMT"
usd_jpy,110.28 +0.07    +0.07%,18:44:35,2021-06-17 22:45:10.424825,"Prev. Close: 110.20
Bid/Ask: 110.27 / 110.28
Day's Range: 110.17 - 110.83",Sell,"Summary:Sell
Moving Averages:NeutralBuy (6)Sell (6)
Technical Indicators:Strong SellBuy (1)Sell (6)","Name
S3
S2
S1
Pivot Points
R1
R2
R3
Classic
110.14
110.17
110.21
110.24
110.29
110.31
110.36
Fibonacci
110.17
110.19
110.21
110.24
110.27
110.29
110.31
Camarilla
110.24
110.25
110.25
110.24
110.27
110.27
110.28
Woodie's
110.16
110.18
110.23
110.25
110.31
110.32
110.38
DeMark's
-
-
110.23
110.25
110.30
-
-","Technical IndicatorsJun 17, 2021 10:43PM GMT
Name
Value
Action
RSI(14)
43.730
Sell
STOCH(9,6)
18.038
Oversold
STOCHRSI(14)
19.914
Oversold
MACD(12,26)
-0.030
Sell
ADX(14)
31.036
Neutral
Williams %R
-82.352
Oversold
CCI(14)
-59.5799
Sell
ATR(14)
0.1179
Less Volatility
Highs/Lows(14)
-0.0596
Sell
Ultimate Oscillator
51.721
Buy
ROC
-0.334
Sell
Bull/Bear Power(13)
-0.1830
Sell
Buy: 1
Sell: 6
Neutral: 1


Summary:Strong Sell","Jun 17, 2021 10:43PM GMT"
aud_usd,0.7557 +0.0006    +0.09%,18:44:46,2021-06-17 22:45:10.427875,"Prev. Close: 0.7550
Bid/Ask: 0.7556 / 0.7557
Day's Range: 0.7547 - 0.7559",Strong Sell,"Summary:Strong Sell
Moving Averages:SellBuy (3)Sell (9)
Technical Indicators:Strong SellBuy (0)Sell (9)","Name
S3
S2
S1
Pivot Points
R1
R2
R3
Classic
0.7538
0.7543
0.7548
0.7552
0.7557
0.7561
0.7566
Fibonacci
0.7543
0.7546
0.7548
0.7552
0.7556
0.7558
0.7561
Camarilla
0.7550
0.7551
0.7552
0.7552
0.7553
0.7554
0.7555
Woodie's
0.7538
0.7543
0.7548
0.7552
0.7557
0.7561
0.7566
DeMark's
-
-
0.7545
0.7551
0.7554
-
-","Technical IndicatorsJun 17, 2021 10:43PM GMT
Name
Value
Action
RSI(14)
32.233
Sell
STOCH(9,6)
26.901
Sell
STOCHRSI(14)
100.000
Overbought
MACD(12,26)
-0.003
Sell
ADX(14)
50.435
Sell
Williams %R
-74.046
Sell
CCI(14)
-61.3138
Sell
ATR(14)
0.0016
Less Volatility
Highs/Lows(14)
0.0000
Neutral
Ultimate Oscillator
39.126
Sell
ROC
-0.585
Sell
Bull/Bear Power(13)
-0.0010
Sell
Buy: 0
Sell: 9
Neutral: 1


Summary:Strong Sell","Jun 17, 2021 10:43PM GMT"
eur_gbp,0.8550 -0.0001    -0.02%,18:44:53,2021-06-17 22:45:10.430852,"Prev. Close: 0.8551
Bid/Ask: 0.8548 / 0.8551
Day's Range: 0.8548 - 0.8557",Strong Sell,"Summary:Strong Sell
Moving Averages:Strong SellBuy (0)Sell (12)
Technical Indicators:Strong SellBuy (3)Sell (7)","Name
S3
S2
S1
Pivot Points
R1
R2
R3
Classic
0.8541
0.8545
0.8549
0.8553
0.8558
0.8561
0.8566
Fibonacci
0.8545
0.8548
0.8550
0.8553
0.8556
0.8558
0.8561
Camarilla
0.8551
0.8552
0.8552
0.8553
0.8554
0.8554
0.8555
Woodie's
0.8541
0.8545
0.8549
0.8553
0.8558
0.8561
0.8566
DeMark's
-
-
0.8551
0.8554
0.8559
-
-","Technical IndicatorsJun 17, 2021 10:43PM GMT
Name
Value
Action
RSI(14)
36.699
Sell
STOCH(9,6)
34.392
Sell
STOCHRSI(14)
55.354
Buy
MACD(12,26)
-0.001
Sell
ADX(14)
40.720
Sell
Williams %R
-77.777
Sell
CCI(14)
-101.8331
Sell
ATR(14)
0.0010
Less Volatility
Highs/Lows(14)
0.0000
Neutral
Ultimate Oscillator
52.909
Buy
ROC
0.029
Buy
Bull/Bear Power(13)
-0.0019
Sell
Buy: 3
Sell: 7
Neutral: 1


Summary:Strong Sell","Jun 17, 2021 10:43PM GMT"
usd_cad,1.2346 -0.0015    -0.13%,18:44:56,2021-06-17 22:45:10.434023,"Prev. Close: 1.2361
Bid/Ask: 1.2344 / 1.2347
Day's Range: 1.2343 - 1.2368",Strong Buy,"Summary:Strong Buy
Moving Averages:BuyBuy (9)Sell (3)
Technical Indicators:Strong BuyBuy (9)Sell (0)","Name
S3
S2
S1
Pivot Points
R1
R2
R3
Classic
1.2333
1.2342
1.2350
1.2359
1.2367
1.2376
1.2384
Fibonacci
1.2342
1.2348
1.2353
1.2359
1.2365
1.2370
1.2376
Camarilla
1.2353
1.2355
1.2356
1.2359
1.2360
1.2361
1.2363
Woodie's
1.2333
1.2342
1.2350
1.2359
1.2367
1.2376
1.2384
DeMark's
-
-
1.2346
1.2357
1.2363
-
-","Technical IndicatorsJun 17, 2021 10:43PM GMT
Name
Value
Action
RSI(14)
64.715
Buy
STOCH(9,6)
71.662
Buy
STOCHRSI(14)
0.000
Oversold
MACD(12,26)
0.003
Buy
ADX(14)
45.767
Buy
Williams %R
-37.576
Buy
CCI(14)
53.0592
Buy
ATR(14)
0.0023
Less Volatility
Highs/Lows(14)
0.0000
Neutral
Ultimate Oscillator
62.017
Buy
ROC
0.276
Buy
Bull/Bear Power(13)
0.0021
Buy
Buy: 9
Sell: 0
Neutral: 1


Summary:Strong Buy","Jun 17, 2021 10:43PM GMT"
usd_chf,0.9176 +0.0003    +0.03%,18:44:35,2021-06-17 22:45:10.437086,"Prev. Close: 0.9173
Bid/Ask: 0.9172 / 0.9180
Day's Range: 0.9169 - 0.9183",Strong Buy,"Summary:Strong Buy
Moving Averages:BuyBuy (12)Sell (0)
Technical Indicators:Strong BuyBuy (8)Sell (0)","Name
S3
S2
S1
Pivot Points
R1
R2
R3
Classic
0.9155
0.9161
0.9169
0.9176
0.9184
0.9191
0.9198
Fibonacci
0.9161
0.9167
0.9170
0.9176
0.9182
0.9185
0.9191
Camarilla
0.9172
0.9173
0.9175
0.9176
0.9177
0.9179
0.9180
Woodie's
0.9155
0.9161
0.9169
0.9176
0.9184
0.9191
0.9198
DeMark's
-
-
0.9165
0.9174
0.9180
-
-","Technical IndicatorsJun 17, 2021 10:43PM GMT
Name
Value
Action
RSI(14)
75.187
Overbought
STOCH(9,6)
75.758
Buy
STOCHRSI(14)
3.969
Oversold
MACD(12,26)
0.003
Buy
ADX(14)
40.046
Buy
Williams %R
-18.803
Overbought
CCI(14)
77.6146
Buy
ATR(14)
0.0014
Less Volatility
Highs/Lows(14)
0.0006
Buy
Ultimate Oscillator
60.370
Buy
ROC
0.443
Buy
Bull/Bear Power(13)
0.0032
Buy
Buy: 8
Sell: 0
Neutral: 0


Summary:Strong Buy","Jun 17, 2021 10:43PM GMT"
nzd_chf,0.6436 +0.0017    +0.26%,18:44:49,2021-06-17 22:45:10.440095,"Prev. Close: 0.6419
Bid/Ask: 0.6435 / 0.6437
Day's Range: 0.6421 - 0.6437",Strong Buy,"Summary:Strong Buy
Moving Averages:BuyBuy (11)Sell (1)
Technical Indicators:Strong BuyBuy (7)Sell (3)","Name
S3
S2
S1
Pivot Points
R1
R2
R3
Classic
0.6407
0.6414
0.6420
0.6427
0.6433
0.6440
0.6447
Fibonacci
0.6414
0.6419
0.6422
0.6427
0.6432
0.6435
0.6440
Camarilla
0.6421
0.6423
0.6424
0.6427
0.6426
0.6427
0.6429
Woodie's
0.6405
0.6413
0.6418
0.6426
0.6431
0.6439
0.6445
DeMark's
-
-
0.6416
0.6425
0.6429
-
-","Technical IndicatorsJun 17, 2021 10:43PM GMT
Name
Value
Action
RSI(14)
57.520
Buy
STOCH(9,6)
62.539
Buy
STOCHRSI(14)
92.681
Overbought
MACD(12,26)
0.000
Buy
ADX(14)
30.176
Sell
Williams %R
-34.445
Buy
CCI(14)
88.6671
Buy
ATR(14)
0.0012
Less Volatility
Highs/Lows(14)
0.0003
Buy
Ultimate Oscillator
42.293
Sell
ROC
-0.186
Sell
Bull/Bear Power(13)
0.0003
Buy
Buy: 7
Sell: 3
Neutral: 0


Summary:Strong Buy","Jun 17, 2021 10:43PM GMT"
usd_cny,6.4484 +0.0515    +0.80%,11:27:22,2021-06-17 22:45:10.443074,"Prev. Close: 6.3969
Bid/Ask: 6.4477 / 6.4490
Day's Range: 6.3972 - 6.4494",Strong Buy,"Summary:Strong Buy
Moving Averages:BuyBuy (12)Sell (0)
Technical Indicators:Strong BuyBuy (7)Sell (0)","Name
S3
S2
S1
Pivot Points
R1
R2
R3
Classic
6.4380
6.4399
6.4436
6.4455
6.4492
6.4511
6.4548
Fibonacci
6.4399
6.4420
6.4434
6.4455
6.4476
6.4490
6.4511
Camarilla
6.4458
6.4463
6.4468
6.4455
6.4479
6.4484
6.4489
Woodie's
6.4390
6.4404
6.4446
6.4460
6.4502
6.4516
6.4558
DeMark's
-
-
6.4446
6.4460
6.4502
-
-","Technical IndicatorsJun 17, 2021 03:34PM GMT
Name
Value
Action
RSI(14)
85.433
Overbought
STOCH(9,6)
77.649
Buy
STOCHRSI(14)
100.000
Overbought
MACD(12,26)
0.011
Buy
ADX(14)
61.337
Buy
Williams %R
-3.426
Overbought
CCI(14)
151.8010
Buy
ATR(14)
0.0041
Less Volatility
Highs/Lows(14)
0.0141
Buy
Ultimate Oscillator
82.973
Overbought
ROC
0.391
Buy
Bull/Bear Power(13)
0.0286
Buy
Buy: 7
Sell: 0
Neutral: 0


Summary:Strong Buy","Jun 17, 2021 03:34PM GMT"
usd_hkd,7.7647 +0.0003    +0.00%,18:44:49,2021-06-17 22:45:10.446260,"Prev. Close: 7.7644
Bid/Ask: 7.7646 / 7.7647
Day's Range: 7.7641 - 7.7650",Strong Buy,"Summary:Strong Buy
Moving Averages:Strong BuyBuy (11)Sell (1)
Technical Indicators:BUYBuy (5)Sell (3)","Name
S3
S2
S1
Pivot Points
R1
R2
R3
Classic
7.7639
7.7641
7.7645
7.7647
7.7651
7.7653
7.7656
Fibonacci
7.7641
7.7643
7.7645
7.7647
7.7649
7.7651
7.7653
Camarilla
7.7646
7.7646
7.7647
7.7647
7.7648
7.7649
7.7649
Woodie's
7.7639
7.7641
7.7645
7.7647
7.7651
7.7653
7.7656
DeMark's
-
-
7.7645
7.7647
7.7651
-
-","Technical IndicatorsJun 17, 2021 10:43PM GMT
Name
Value
Action
RSI(14)
55.089
Buy
STOCH(9,6)
65.521
Buy
STOCHRSI(14)
32.725
Sell
MACD(12,26)
0.000
Buy
ADX(14)
30.256
Sell
Williams %R
-47.378
Neutral
CCI(14)
-12.1565
Neutral
ATR(14)
0.0008
Less Volatility
Highs/Lows(14)
0.0000
Neutral
Ultimate Oscillator
59.876
Buy
ROC
0.008
Buy
Bull/Bear Power(13)
-0.0012
Sell
Buy: 5
Sell: 3
Neutral: 3


Summary:BUY","Jun 17, 2021 10:43PM GMT"
eur_usd,1.1912 +0.0006    +0.05%,18:45:40,2021-06-17 22:46:10.728121,"Prev. Close: 1.1906
Bid/Ask: 1.1911 / 1.1912
Day's Range: 1.1906 - 1.1914",Strong Sell,"Summary:Strong Sell
Moving Averages:SellBuy (2)Sell (10)
Technical Indicators:Strong SellBuy (0)Sell (9)","Name
S3
S2
S1
Pivot Points
R1
R2
R3
Classic
1.1902
1.1904
1.1905
1.1907
1.1909
1.1910
1.1912
Fibonacci
1.1904
1.1905
1.1906
1.1907
1.1908
1.1909
1.1910
Camarilla
1.1906
1.1906
1.1906
1.1907
1.1907
1.1907
1.1907
Woodie's
1.1902
1.1904
1.1905
1.1907
1.1909
1.1910
1.1912
DeMark's
-
-
1.1904
1.1906
1.1908
-
-","Technical IndicatorsJun 17, 2021 10:45PM GMT
Name
Value
Action
RSI(14)
30.690
Sell
STOCH(9,6)
29.016
Sell
STOCHRSI(14)
100.000
Overbought
MACD(12,26)
-0.004
Sell
ADX(14)
37.562
Neutral
Williams %R
-70.001
Sell
CCI(14)
-64.1071
Sell
ATR(14)
0.0017
Less Volatility
Highs/Lows(14)
-0.0002
Sell
Ultimate Oscillator
40.399
Sell
ROC
-0.305
Sell
Bull/Bear Power(13)
-0.0020
Sell
Buy: 0
Sell: 9
Neutral: 1


Summary:Strong Sell","Jun 17, 2021 10:45PM GMT"
gbp_usd,1.3933 +0.0014    +0.10%,18:45:29,2021-06-17 22:46:10.732232,"Prev. Close: 1.3919
Bid/Ask: 1.3931 / 1.3934
Day's Range: 1.3915 - 1.3935",Strong Sell,"Summary:Strong Sell
Moving Averages:SellBuy (4)Sell (8)
Technical Indicators:Strong SellBuy (0)Sell (8)","Name
S3
S2
S1
Pivot Points
R1
R2
R3
Classic
1.3898
1.3907
1.3914
1.3922
1.3929
1.3937
1.3944
Fibonacci
1.3907
1.3912
1.3916
1.3922
1.3928
1.3932
1.3937
Camarilla
1.3916
1.3918
1.3919
1.3922
1.3922
1.3923
1.3925
Woodie's
1.3898
1.3907
1.3914
1.3922
1.3929
1.3937
1.3944
DeMark's
-
-
1.3910
1.3920
1.3926
-
-","Technical IndicatorsJun 17, 2021 10:45PM GMT
Name
Value
Action
RSI(14)
40.028
Sell
STOCH(9,6)
40.263
Sell
STOCHRSI(14)
100.000
Overbought
MACD(12,26)
-0.003
Sell
ADX(14)
39.578
Sell
Williams %R
-58.758
Sell
CCI(14)
-34.7321
Neutral
ATR(14)
0.0024
Less Volatility
Highs/Lows(14)
0.0000
Neutral
Ultimate Oscillator
43.830
Sell
ROC
-0.318
Sell
Bull/Bear Power(13)
-0.0002
Sell
Buy: 0
Sell: 8
Neutral: 2


Summary:Strong Sell","Jun 17, 2021 10:45PM GMT"
usd_jpy,110.28 +0.07    +0.07%,18:45:43,2021-06-17 22:46:10.735466,"Prev. Close: 110.20
Bid/Ask: 110.27 / 110.28
Day's Range: 110.17 - 110.83",Sell,"Summary:Sell
Moving Averages:NeutralBuy (6)Sell (6)
Technical Indicators:Strong SellBuy (1)Sell (6)","Name
S3
S2
S1
Pivot Points
R1
R2
R3
Classic
110.14
110.17
110.21
110.24
110.29
110.31
110.36
Fibonacci
110.17
110.19
110.21
110.24
110.27
110.29
110.31
Camarilla
110.24
110.25
110.25
110.24
110.27
110.27
110.28
Woodie's
110.16
110.18
110.23
110.25
110.31
110.32
110.38
DeMark's
-
-
110.23
110.25
110.30
-
-","Technical IndicatorsJun 17, 2021 10:45PM GMT
Name
Value
Action
RSI(14)
44.057
Sell
STOCH(9,6)
18.302
Oversold
STOCHRSI(14)
21.105
Oversold
MACD(12,26)
-0.030
Sell
ADX(14)
31.036
Neutral
Williams %R
-81.513
Oversold
CCI(14)
-58.9712
Sell
ATR(14)
0.1179
Less Volatility
Highs/Lows(14)
-0.0546
Sell
Ultimate Oscillator
52.306
Buy
ROC
-0.330
Sell
Bull/Bear Power(13)
-0.1850
Sell
Buy: 1
Sell: 6
Neutral: 1


Summary:Strong Sell","Jun 17, 2021 10:45PM GMT"
aud_usd,0.7557 +0.0006    +0.09%,18:45:35,2021-06-17 22:46:10.738483,"Prev. Close: 0.7550
Bid/Ask: 0.7556 / 0.7557
Day's Range: 0.7547 - 0.7559",Strong Sell,"Summary:Strong Sell
Moving Averages:SellBuy (3)Sell (9)
Technical Indicators:Strong SellBuy (0)Sell (9)","Name
S3
S2
S1
Pivot Points
R1
R2
R3
Classic
0.7538
0.7543
0.7548
0.7552
0.7557
0.7561
0.7566
Fibonacci
0.7543
0.7546
0.7548
0.7552
0.7556
0.7558
0.7561
Camarilla
0.7550
0.7551
0.7552
0.7552
0.7553
0.7554
0.7555
Woodie's
0.7538
0.7543
0.7548
0.7552
0.7557
0.7561
0.7566
DeMark's
-
-
0.7545
0.7551
0.7554
-
-","Technical IndicatorsJun 17, 2021 10:45PM GMT
Name
Value
Action
RSI(14)
32.233
Sell
STOCH(9,6)
26.901
Sell
STOCHRSI(14)
100.000
Overbought
MACD(12,26)
-0.003
Sell
ADX(14)
50.435
Sell
Williams %R
-74.046
Sell
CCI(14)
-61.3138
Sell
ATR(14)
0.0016
Less Volatility
Highs/Lows(14)
0.0000
Neutral
Ultimate Oscillator
39.126
Sell
ROC
-0.585
Sell
Bull/Bear Power(13)
-0.0010
Sell
Buy: 0
Sell: 9
Neutral: 1


Summary:Strong Sell","Jun 17, 2021 10:45PM GMT"
eur_gbp,0.8550 -0.0001    -0.02%,18:45:42,2021-06-17 22:46:10.741455,"Prev. Close: 0.8551
Bid/Ask: 0.8547 / 0.8552
Day's Range: 0.8548 - 0.8557",Strong Sell,"Summary:Strong Sell
Moving Averages:Strong SellBuy (0)Sell (12)
Technical Indicators:Strong SellBuy (2)Sell (7)","Name
S3
S2
S1
Pivot Points
R1
R2
R3
Classic
0.8541
0.8545
0.8549
0.8553
0.8558
0.8561
0.8566
Fibonacci
0.8545
0.8548
0.8550
0.8553
0.8556
0.8558
0.8561
Camarilla
0.8551
0.8552
0.8552
0.8553
0.8554
0.8554
0.8555
Woodie's
0.8541
0.8545
0.8549
0.8553
0.8558
0.8561
0.8566
DeMark's
-
-
0.8551
0.8554
0.8559
-
-","Technical IndicatorsJun 17, 2021 10:45PM GMT
Name
Value
Action
RSI(14)
36.020
Sell
STOCH(9,6)
33.598
Sell
STOCHRSI(14)
51.472
Neutral
MACD(12,26)
-0.001
Sell
ADX(14)
40.720
Sell
Williams %R
-81.481
Oversold
CCI(14)
-107.7825
Sell
ATR(14)
0.0010
Less Volatility
Highs/Lows(14)
-0.0001
Sell
Ultimate Oscillator
51.483
Buy
ROC
0.018
Buy
Bull/Bear Power(13)
-0.0019
Sell
Buy: 2
Sell: 7
Neutral: 1


Summary:Strong Sell","Jun 17, 2021 10:45PM GMT"
usd_cad,1.2346 -0.0015    -0.13%,18:45:36,2021-06-17 22:46:10.744454,"Prev. Close: 1.2361
Bid/Ask: 1.2344 / 1.2347
Day's Range: 1.2343 - 1.2368",Strong Buy,"Summary:Strong Buy
Moving Averages:BuyBuy (8)Sell (4)
Technical Indicators:Strong BuyBuy (8)Sell (0)","Name
S3
S2
S1
Pivot Points
R1
R2
R3
Classic
1.2333
1.2342
1.2350
1.2359
1.2367
1.2376
1.2384
Fibonacci
1.2342
1.2348
1.2353
1.2359
1.2365
1.2370
1.2376
Camarilla
1.2353
1.2355
1.2356
1.2359
1.2360
1.2361
1.2363
Woodie's
1.2333
1.2342
1.2350
1.2359
1.2367
1.2376
1.2384
DeMark's
-
-
1.2346
1.2357
1.2363
-
-","Technical IndicatorsJun 17, 2021 10:45PM GMT
Name
Value
Action
RSI(14)
64.214
Buy
STOCH(9,6)
71.429
Buy
STOCHRSI(14)
0.000
Oversold
MACD(12,26)
0.003
Buy
ADX(14)
45.528
Buy
Williams %R
-38.789
Buy
CCI(14)
49.8951
Neutral
ATR(14)
0.0023
Less Volatility
Highs/Lows(14)
0.0000
Neutral
Ultimate Oscillator
61.686
Buy
ROC
0.268
Buy
Bull/Bear Power(13)
0.0020
Buy
Buy: 8
Sell: 0
Neutral: 2


Summary:Strong Buy","Jun 17, 2021 10:45PM GMT"
usd_chf,0.9176 +0.0003    +0.03%,18:45:42,2021-06-17 22:46:10.747448,"Prev. Close: 0.9173
Bid/Ask: 0.9172 / 0.9180
Day's Range: 0.9169 - 0.9183",Strong Buy,"Summary:Strong Buy
Moving Averages:BuyBuy (12)Sell (0)
Technical Indicators:Strong BuyBuy (8)Sell (0)","Name
S3
S2
S1
Pivot Points
R1
R2
R3
Classic
0.9155
0.9161
0.9169
0.9176
0.9184
0.9191
0.9198
Fibonacci
0.9161
0.9167
0.9170
0.9176
0.9182
0.9185
0.9191
Camarilla
0.9172
0.9173
0.9175
0.9176
0.9177
0.9179
0.9180
Woodie's
0.9155
0.9161
0.9169
0.9176
0.9184
0.9191
0.9198
DeMark's
-
-
0.9165
0.9174
0.9180
-
-","Technical IndicatorsJun 17, 2021 10:45PM GMT
Name
Value
Action
RSI(14)
75.187
Overbought
STOCH(9,6)
75.758
Buy
STOCHRSI(14)
3.969
Oversold
MACD(12,26)
0.003
Buy
ADX(14)
40.046
Buy
Williams %R
-18.803
Overbought
CCI(14)
77.6146
Buy
ATR(14)
0.0014
Less Volatility
Highs/Lows(14)
0.0006
Buy
Ultimate Oscillator
60.370
Buy
ROC
0.443
Buy
Bull/Bear Power(13)
0.0032
Buy
Buy: 8
Sell: 0
Neutral: 0


Summary:Strong Buy","Jun 17, 2021 10:45PM GMT"
nzd_chf,0.6436 +0.0017    +0.26%,18:45:42,2021-06-17 22:46:10.750429,"Prev. Close: 0.6419
Bid/Ask: 0.6435 / 0.6437
Day's Range: 0.6421 - 0.6437",Strong Buy,"Summary:Strong Buy
Moving Averages:BuyBuy (11)Sell (1)
Technical Indicators:Strong BuyBuy (7)Sell (3)","Name
S3
S2
S1
Pivot Points
R1
R2
R3
Classic
0.6407
0.6414
0.6420
0.6427
0.6433
0.6440
0.6447
Fibonacci
0.6414
0.6419
0.6422
0.6427
0.6432
0.6435
0.6440
Camarilla
0.6421
0.6423
0.6424
0.6427
0.6426
0.6427
0.6429
Woodie's
0.6405
0.6413
0.6418
0.6426
0.6431
0.6439
0.6445
DeMark's
-
-
0.6416
0.6425
0.6429
-
-","Technical IndicatorsJun 17, 2021 10:45PM GMT
Name
Value
Action
RSI(14)
57.826
Buy
STOCH(9,6)
62.926
Buy
STOCHRSI(14)
94.227
Overbought
MACD(12,26)
0.000
Buy
ADX(14)
30.176
Sell
Williams %R
-33.334
Buy
CCI(14)
90.7582
Buy
ATR(14)
0.0012
Less Volatility
Highs/Lows(14)
0.0004
Buy
Ultimate Oscillator
42.853
Sell
ROC
-0.178
Sell
Bull/Bear Power(13)
0.0003
Buy
Buy: 7
Sell: 3
Neutral: 0


Summary:Strong Buy","Jun 17, 2021 10:45PM GMT"
usd_cny,6.4484 +0.0515    +0.80%,11:27:22,2021-06-17 22:46:10.753392,"Prev. Close: 6.3969
Bid/Ask: 6.4477 / 6.4490
Day's Range: 6.3972 - 6.4494",Strong Buy,"Summary:Strong Buy
Moving Averages:BuyBuy (12)Sell (0)
Technical Indicators:Strong BuyBuy (7)Sell (0)","Name
S3
S2
S1
Pivot Points
R1
R2
R3
Classic
6.4380
6.4399
6.4436
6.4455
6.4492
6.4511
6.4548
Fibonacci
6.4399
6.4420
6.4434
6.4455
6.4476
6.4490
6.4511
Camarilla
6.4458
6.4463
6.4468
6.4455
6.4479
6.4484
6.4489
Woodie's
6.4390
6.4404
6.4446
6.4460
6.4502
6.4516
6.4558
DeMark's
-
-
6.4446
6.4460
6.4502
-
-","Technical IndicatorsJun 17, 2021 03:34PM GMT
Name
Value
Action
RSI(14)
85.433
Overbought
STOCH(9,6)
77.649
Buy
STOCHRSI(14)
100.000
Overbought
MACD(12,26)
0.011
Buy
ADX(14)
61.337
Buy
Williams %R
-3.426
Overbought
CCI(14)
151.8010
Buy
ATR(14)
0.0041
Less Volatility
Highs/Lows(14)
0.0141
Buy
Ultimate Oscillator
82.973
Overbought
ROC
0.391
Buy
Bull/Bear Power(13)
0.0286
Buy
Buy: 7
Sell: 0
Neutral: 0


Summary:Strong Buy","Jun 17, 2021 03:34PM GMT"
usd_hkd,7.7645 0.0001    0.00%,18:45:28,2021-06-17 22:46:10.756368,"Prev. Close: 7.7644
Bid/Ask: 7.7642 / 7.7647
Day's Range: 7.7641 - 7.7650",Strong Buy,"Summary:Strong Buy
Moving Averages:Strong BuyBuy (11)Sell (1)
Technical Indicators:BUYBuy (5)Sell (3)","Name
S3
S2
S1
Pivot Points
R1
R2
R3
Classic
7.7639
7.7641
7.7645
7.7647
7.7651
7.7653
7.7656
Fibonacci
7.7641
7.7643
7.7645
7.7647
7.7649
7.7651
7.7653
Camarilla
7.7646
7.7646
7.7647
7.7647
7.7648
7.7649
7.7649
Woodie's
7.7639
7.7641
7.7645
7.7647
7.7651
7.7653
7.7656
DeMark's
-
-
7.7645
7.7647
7.7651
-
-","Technical IndicatorsJun 17, 2021 10:45PM GMT
Name
Value
Action
RSI(14)
55.089
Buy
STOCH(9,6)
65.521
Buy
STOCHRSI(14)
32.725
Sell
MACD(12,26)
0.000
Buy
ADX(14)
30.256
Sell
Williams %R
-47.378
Neutral
CCI(14)
-12.1565
Neutral
ATR(14)
0.0008
Less Volatility
Highs/Lows(14)
0.0000
Neutral
Ultimate Oscillator
59.876
Buy
ROC
0.008
Buy
Bull/Bear Power(13)
-0.0012
Sell
Buy: 5
Sell: 3
Neutral: 3


Summary:BUY","Jun 17, 2021 10:45PM GMT"
eur_usd,1.1911 +0.0004    +0.04%,18:46:28,2021-06-17 22:47:10.386852,"Prev. Close: 1.1906
Bid/Ask: 1.1910 / 1.1911
Day's Range: 1.1906 - 1.1914",Strong Sell,"Summary:Strong Sell
Moving Averages:SellBuy (2)Sell (10)
Technical Indicators:Strong SellBuy (0)Sell (9)","Name
S3
S2
S1
Pivot Points
R1
R2
R3
Classic
1.1902
1.1904
1.1905
1.1907
1.1909
1.1910
1.1912
Fibonacci
1.1904
1.1905
1.1906
1.1907
1.1908
1.1909
1.1910
Camarilla
1.1906
1.1906
1.1906
1.1907
1.1907
1.1907
1.1907
Woodie's
1.1902
1.1904
1.1905
1.1907
1.1909
1.1910
1.1912
DeMark's
-
-
1.1904
1.1906
1.1908
-
-","Technical IndicatorsJun 17, 2021 10:45PM GMT
Name
Value
Action
RSI(14)
30.690
Sell
STOCH(9,6)
29.016
Sell
STOCHRSI(14)
100.000
Overbought
MACD(12,26)
-0.004
Sell
ADX(14)
37.562
Neutral
Williams %R
-70.001
Sell
CCI(14)
-64.1071
Sell
ATR(14)
0.0017
Less Volatility
Highs/Lows(14)
-0.0002
Sell
Ultimate Oscillator
40.399
Sell
ROC
-0.305
Sell
Bull/Bear Power(13)
-0.0020
Sell
Buy: 0
Sell: 9
Neutral: 1


Summary:Strong Sell","Jun 17, 2021 10:45PM GMT"
gbp_usd,1.3931 +0.0012    +0.09%,18:46:42,2021-06-17 22:47:10.390956,"Prev. Close: 1.3919
Bid/Ask: 1.3930 / 1.3932
Day's Range: 1.3915 - 1.3935",Strong Sell,"Summary:Strong Sell
Moving Averages:SellBuy (4)Sell (8)
Technical Indicators:Strong SellBuy (0)Sell (8)","Name
S3
S2
S1
Pivot Points
R1
R2
R3
Classic
1.3898
1.3907
1.3914
1.3922
1.3929
1.3937
1.3944
Fibonacci
1.3907
1.3912
1.3916
1.3922
1.3928
1.3932
1.3937
Camarilla
1.3916
1.3918
1.3919
1.3922
1.3922
1.3923
1.3925
Woodie's
1.3898
1.3907
1.3914
1.3922
1.3929
1.3937
1.3944
DeMark's
-
-
1.3910
1.3920
1.3926
-
-","Technical IndicatorsJun 17, 2021 10:45PM GMT
Name
Value
Action
RSI(14)
40.028
Sell
STOCH(9,6)
40.263
Sell
STOCHRSI(14)
100.000
Overbought
MACD(12,26)
-0.003
Sell
ADX(14)
39.578
Sell
Williams %R
-58.758
Sell
CCI(14)
-34.7321
Neutral
ATR(14)
0.0024
Less Volatility
Highs/Lows(14)
0.0000
Neutral
Ultimate Oscillator
43.830
Sell
ROC
-0.318
Sell
Bull/Bear Power(13)
-0.0002
Sell
Buy: 0
Sell: 8
Neutral: 2


Summary:Strong Sell","Jun 17, 2021 10:45PM GMT"
usd_jpy,110.29 +0.09    +0.08%,18:46:41,2021-06-17 22:47:10.394153,"Prev. Close: 110.20
Bid/Ask: 110.28 / 110.30
Day's Range: 110.17 - 110.83",Sell,"Summary:Sell
Moving Averages:NeutralBuy (6)Sell (6)
Technical Indicators:Strong SellBuy (1)Sell (6)","Name
S3
S2
S1
Pivot Points
R1
R2
R3
Classic
110.14
110.17
110.21
110.24
110.29
110.31
110.36
Fibonacci
110.17
110.19
110.21
110.24
110.27
110.29
110.31
Camarilla
110.24
110.25
110.25
110.24
110.27
110.27
110.28
Woodie's
110.16
110.18
110.23
110.25
110.31
110.32
110.38
DeMark's
-
-
110.23
110.25
110.30
-
-","Technical IndicatorsJun 17, 2021 10:45PM GMT
Name
Value
Action
RSI(14)
44.057
Sell
STOCH(9,6)
18.302
Oversold
STOCHRSI(14)
21.105
Oversold
MACD(12,26)
-0.030
Sell
ADX(14)
31.036
Neutral
Williams %R
-81.513
Oversold
CCI(14)
-58.9712
Sell
ATR(14)
0.1179
Less Volatility
Highs/Lows(14)
-0.0546
Sell
Ultimate Oscillator
52.306
Buy
ROC
-0.330
Sell
Bull/Bear Power(13)
-0.1850
Sell
Buy: 1
Sell: 6
Neutral: 1


Summary:Strong Sell","Jun 17, 2021 10:45PM GMT"
aud_usd,0.7556 +0.0006    +0.08%,18:46:45,2021-06-17 22:47:10.397187,"Prev. Close: 0.7550
Bid/Ask: 0.7555 / 0.7557
Day's Range: 0.7547 - 0.7559",Strong Sell,"Summary:Strong Sell
Moving Averages:SellBuy (3)Sell (9)
Technical Indicators:Strong SellBuy (0)Sell (9)","Name
S3
S2
S1
Pivot Points
R1
R2
R3
Classic
0.7538
0.7543
0.7548
0.7552
0.7557
0.7561
0.7566
Fibonacci
0.7543
0.7546
0.7548
0.7552
0.7556
0.7558
0.7561
Camarilla
0.7550
0.7551
0.7552
0.7552
0.7553
0.7554
0.7555
Woodie's
0.7538
0.7543
0.7548
0.7552
0.7557
0.7561
0.7566
DeMark's
-
-
0.7545
0.7551
0.7554
-
-","Technical IndicatorsJun 17, 2021 10:45PM GMT
Name
Value
Action
RSI(14)
32.233
Sell
STOCH(9,6)
26.901
Sell
STOCHRSI(14)
100.000
Overbought
MACD(12,26)
-0.003
Sell
ADX(14)
50.435
Sell
Williams %R
-74.046
Sell
CCI(14)
-61.3138
Sell
ATR(14)
0.0016
Less Volatility
Highs/Lows(14)
0.0000
Neutral
Ultimate Oscillator
39.126
Sell
ROC
-0.585
Sell
Bull/Bear Power(13)
-0.0010
Sell
Buy: 0
Sell: 9
Neutral: 1


Summary:Strong Sell","Jun 17, 2021 10:45PM GMT"
eur_gbp,0.8550 -0.0001    -0.01%,18:46:50,2021-06-17 22:47:10.400208,"Prev. Close: 0.8551
Bid/Ask: 0.8548 / 0.8552
Day's Range: 0.8548 - 0.8557",Strong Sell,"Summary:Strong Sell
Moving Averages:Strong SellBuy (0)Sell (12)
Technical Indicators:Strong SellBuy (2)Sell (7)","Name
S3
S2
S1
Pivot Points
R1
R2
R3
Classic
0.8541
0.8545
0.8549
0.8553
0.8558
0.8561
0.8566
Fibonacci
0.8545
0.8548
0.8550
0.8553
0.8556
0.8558
0.8561
Camarilla
0.8551
0.8552
0.8552
0.8553
0.8554
0.8554
0.8555
Woodie's
0.8541
0.8545
0.8549
0.8553
0.8558
0.8561
0.8566
DeMark's
-
-
0.8551
0.8554
0.8559
-
-","Technical IndicatorsJun 17, 2021 10:45PM GMT
Name
Value
Action
RSI(14)
36.020
Sell
STOCH(9,6)
33.598
Sell
STOCHRSI(14)
51.472
Neutral
MACD(12,26)
-0.001
Sell
ADX(14)
40.720
Sell
Williams %R
-81.481
Oversold
CCI(14)
-107.7825
Sell
ATR(14)
0.0010
Less Volatility
Highs/Lows(14)
-0.0001
Sell
Ultimate Oscillator
51.483
Buy
ROC
0.018
Buy
Bull/Bear Power(13)
-0.0019
Sell
Buy: 2
Sell: 7
Neutral: 1


Summary:Strong Sell","Jun 17, 2021 10:45PM GMT"
usd_cad,1.2347 -0.0014    -0.12%,18:46:57,2021-06-17 22:47:10.403204,"Prev. Close: 1.2361
Bid/Ask: 1.2346 / 1.2347
Day's Range: 1.2343 - 1.2368",Strong Buy,"Summary:Strong Buy
Moving Averages:BuyBuy (8)Sell (4)
Technical Indicators:Strong BuyBuy (8)Sell (0)","Name
S3
S2
S1
Pivot Points
R1
R2
R3
Classic
1.2333
1.2342
1.2350
1.2359
1.2367
1.2376
1.2384
Fibonacci
1.2342
1.2348
1.2353
1.2359
1.2365
1.2370
1.2376
Camarilla
1.2353
1.2355
1.2356
1.2359
1.2360
1.2361
1.2363
Woodie's
1.2333
1.2342
1.2350
1.2359
1.2367
1.2376
1.2384
DeMark's
-
-
1.2346
1.2357
1.2363
-
-","Technical IndicatorsJun 17, 2021 10:45PM GMT
Name
Value
Action
RSI(14)
64.214
Buy
STOCH(9,6)
71.429
Buy
STOCHRSI(14)
0.000
Oversold
MACD(12,26)
0.003
Buy
ADX(14)
45.528
Buy
Williams %R
-38.789
Buy
CCI(14)
49.8951
Neutral
ATR(14)
0.0023
Less Volatility
Highs/Lows(14)
0.0000
Neutral
Ultimate Oscillator
61.686
Buy
ROC
0.268
Buy
Bull/Bear Power(13)
0.0020
Buy
Buy: 8
Sell: 0
Neutral: 2


Summary:Strong Buy","Jun 17, 2021 10:45PM GMT"
usd_chf,0.9177 +0.0004    +0.04%,18:46:24,2021-06-17 22:47:10.406153,"Prev. Close: 0.9173
Bid/Ask: 0.9173 / 0.9181
Day's Range: 0.9169 - 0.9183",Strong Buy,"Summary:Strong Buy
Moving Averages:BuyBuy (12)Sell (0)
Technical Indicators:Strong BuyBuy (8)Sell (0)","Name
S3
S2
S1
Pivot Points
R1
R2
R3
Classic
0.9155
0.9161
0.9169
0.9176
0.9184
0.9191
0.9198
Fibonacci
0.9161
0.9167
0.9170
0.9176
0.9182
0.9185
0.9191
Camarilla
0.9172
0.9173
0.9175
0.9176
0.9177
0.9179
0.9180
Woodie's
0.9155
0.9161
0.9169
0.9176
0.9184
0.9191
0.9198
DeMark's
-
-
0.9165
0.9174
0.9180
-
-","Technical IndicatorsJun 17, 2021 10:45PM GMT
Name
Value
Action
RSI(14)
75.187
Overbought
STOCH(9,6)
75.758
Buy
STOCHRSI(14)
3.969
Oversold
MACD(12,26)
0.003
Buy
ADX(14)
40.046
Buy
Williams %R
-18.803
Overbought
CCI(14)
77.6146
Buy
ATR(14)
0.0014
Less Volatility
Highs/Lows(14)
0.0006
Buy
Ultimate Oscillator
60.370
Buy
ROC
0.443
Buy
Bull/Bear Power(13)
0.0032
Buy
Buy: 8
Sell: 0
Neutral: 0


Summary:Strong Buy","Jun 17, 2021 10:45PM GMT"
nzd_chf,0.6437 +0.0018    +0.27%,18:46:50,2021-06-17 22:47:10.409137,"Prev. Close: 0.6419
Bid/Ask: 0.6436 / 0.6437
Day's Range: 0.6421 - 0.6438",Strong Buy,"Summary:Strong Buy
Moving Averages:BuyBuy (11)Sell (1)
Technical Indicators:Strong BuyBuy (7)Sell (3)","Name
S3
S2
S1
Pivot Points
R1
R2
R3
Classic
0.6407
0.6414
0.6420
0.6427
0.6433
0.6440
0.6447
Fibonacci
0.6414
0.6419
0.6422
0.6427
0.6432
0.6435
0.6440
Camarilla
0.6421
0.6423
0.6424
0.6427
0.6426
0.6427
0.6429
Woodie's
0.6405
0.6413
0.6418
0.6426
0.6431
0.6439
0.6445
DeMark's
-
-
0.6416
0.6425
0.6429
-
-","Technical IndicatorsJun 17, 2021 10:45PM GMT
Name
Value
Action
RSI(14)
57.826
Buy
STOCH(9,6)
62.926
Buy
STOCHRSI(14)
94.227
Overbought
MACD(12,26)
0.000
Buy
ADX(14)
30.176
Sell
Williams %R
-33.334
Buy
CCI(14)
90.7582
Buy
ATR(14)
0.0012
Less Volatility
Highs/Lows(14)
0.0004
Buy
Ultimate Oscillator
42.853
Sell
ROC
-0.178
Sell
Bull/Bear Power(13)
0.0003
Buy
Buy: 7
Sell: 3
Neutral: 0


Summary:Strong Buy","Jun 17, 2021 10:45PM GMT"
usd_cny,6.4484 +0.0515    +0.80%,11:27:22,2021-06-17 22:47:10.412110,"Prev. Close: 6.3969
Bid/Ask: 6.4477 / 6.4490
Day's Range: 6.3972 - 6.4494",Strong Buy,"Summary:Strong Buy
Moving Averages:BuyBuy (12)Sell (0)
Technical Indicators:Strong BuyBuy (7)Sell (0)","Name
S3
S2
S1
Pivot Points
R1
R2
R3
Classic
6.4380
6.4399
6.4436
6.4455
6.4492
6.4511
6.4548
Fibonacci
6.4399
6.4420
6.4434
6.4455
6.4476
6.4490
6.4511
Camarilla
6.4458
6.4463
6.4468
6.4455
6.4479
6.4484
6.4489
Woodie's
6.4390
6.4404
6.4446
6.4460
6.4502
6.4516
6.4558
DeMark's
-
-
6.4446
6.4460
6.4502
-
-","Technical IndicatorsJun 17, 2021 03:34PM GMT
Name
Value
Action
RSI(14)
85.433
Overbought
STOCH(9,6)
77.649
Buy
STOCHRSI(14)
100.000
Overbought
MACD(12,26)
0.011
Buy
ADX(14)
61.337
Buy
Williams %R
-3.426
Overbought
CCI(14)
151.8010
Buy
ATR(14)
0.0041
Less Volatility
Highs/Lows(14)
0.0141
Buy
Ultimate Oscillator
82.973
Overbought
ROC
0.391
Buy
Bull/Bear Power(13)
0.0286
Buy
Buy: 7
Sell: 0
Neutral: 0


Summary:Strong Buy","Jun 17, 2021 03:34PM GMT"
usd_hkd,7.7647 +0.0003    +0.00%,18:46:50,2021-06-17 22:47:10.415071,"Prev. Close: 7.7644
Bid/Ask: 7.7646 / 7.7648
Day's Range: 7.7641 - 7.7650",Strong Buy,"Summary:Strong Buy
Moving Averages:Strong BuyBuy (11)Sell (1)
Technical Indicators:BUYBuy (5)Sell (3)","Name
S3
S2
S1
Pivot Points
R1
R2
R3
Classic
7.7639
7.7641
7.7645
7.7647
7.7651
7.7653
7.7656
Fibonacci
7.7641
7.7643
7.7645
7.7647
7.7649
7.7651
7.7653
Camarilla
7.7646
7.7646
7.7647
7.7647
7.7648
7.7649
7.7649
Woodie's
7.7639
7.7641
7.7645
7.7647
7.7651
7.7653
7.7656
DeMark's
-
-
7.7645
7.7647
7.7651
-
-","Technical IndicatorsJun 17, 2021 10:45PM GMT
Name
Value
Action
RSI(14)
55.089
Buy
STOCH(9,6)
65.521
Buy
STOCHRSI(14)
32.725
Sell
MACD(12,26)
0.000
Buy
ADX(14)
30.256
Sell
Williams %R
-47.378
Neutral
CCI(14)
-12.1565
Neutral
ATR(14)
0.0008
Less Volatility
Highs/Lows(14)
0.0000
Neutral
Ultimate Oscillator
59.876
Buy
ROC
0.008
Buy
Bull/Bear Power(13)
-0.0012
Sell
Buy: 5
Sell: 3
Neutral: 3


Summary:BUY","Jun 17, 2021 10:45PM GMT"
eur_usd,1.1911 +0.0004    +0.04%,18:47:41,2021-06-17 22:48:09.874456,"Prev. Close: 1.1906
Bid/Ask: 1.1910 / 1.1911
Day's Range: 1.1906 - 1.1914",Strong Sell,"Summary:Strong Sell
Moving Averages:SellBuy (2)Sell (10)
Technical Indicators:Strong SellBuy (0)Sell (9)","Name
S3
S2
S1
Pivot Points
R1
R2
R3
Classic
1.1902
1.1904
1.1905
1.1907
1.1909
1.1910
1.1912
Fibonacci
1.1904
1.1905
1.1906
1.1907
1.1908
1.1909
1.1910
Camarilla
1.1906
1.1906
1.1906
1.1907
1.1907
1.1907
1.1907
Woodie's
1.1902
1.1904
1.1905
1.1907
1.1909
1.1910
1.1912
DeMark's
-
-
1.1904
1.1906
1.1908
-
-","Technical IndicatorsJun 17, 2021 10:47PM GMT
Name
Value
Action
RSI(14)
29.870
Sell
STOCH(9,6)
28.526
Sell
STOCHRSI(14)
100.000
Overbought
MACD(12,26)
-0.004
Sell
ADX(14)
37.562
Neutral
Williams %R
-72.309
Sell
CCI(14)
-66.2518
Sell
ATR(14)
0.0017
Less Volatility
Highs/Lows(14)
-0.0004
Sell
Ultimate Oscillator
39.194
Sell
ROC
-0.318
Sell
Bull/Bear Power(13)
-0.0020
Sell
Buy: 0
Sell: 9
Neutral: 1


Summary:Strong Sell","Jun 17, 2021 10:47PM GMT"
gbp_usd,1.3932 +0.0013    +0.09%,18:47:40,2021-06-17 22:48:09.878229,"Prev. Close: 1.3919
Bid/Ask: 1.3930 / 1.3933
Day's Range: 1.3915 - 1.3935",Strong Sell,"Summary:Strong Sell
Moving Averages:SellBuy (4)Sell (8)
Technical Indicators:Strong SellBuy (0)Sell (8)","Name
S3
S2
S1
Pivot Points
R1
R2
R3
Classic
1.3898
1.3907
1.3914
1.3922
1.3929
1.3937
1.3944
Fibonacci
1.3907
1.3912
1.3916
1.3922
1.3928
1.3932
1.3937
Camarilla
1.3916
1.3918
1.3919
1.3922
1.3922
1.3923
1.3925
Woodie's
1.3898
1.3907
1.3914
1.3922
1.3929
1.3937
1.3944
DeMark's
-
-
1.3910
1.3920
1.3926
-
-","Technical IndicatorsJun 17, 2021 10:47PM GMT
Name
Value
Action
RSI(14)
39.489
Sell
STOCH(9,6)
39.887
Sell
STOCHRSI(14)
100.000
Overbought
MACD(12,26)
-0.003
Sell
ADX(14)
39.578
Sell
Williams %R
-60.452
Sell
CCI(14)
-36.8610
Neutral
ATR(14)
0.0024
Less Volatility
Highs/Lows(14)
0.0000
Neutral
Ultimate Oscillator
42.921
Sell
ROC
-0.329
Sell
Bull/Bear Power(13)
-0.0002
Sell
Buy: 0
Sell: 8
Neutral: 2


Summary:Strong Sell","Jun 17, 2021 10:47PM GMT"
usd_jpy,110.30 +0.10    +0.09%,18:47:42,2021-06-17 22:48:09.881058,"Prev. Close: 110.20
Bid/Ask: 110.29 / 110.30
Day's Range: 110.17 - 110.83",Neutral,"Summary:Neutral
Moving Averages:BuyBuy (7)Sell (5)
Technical Indicators:Strong SellBuy (1)Sell (7)","Name
S3
S2
S1
Pivot Points
R1
R2
R3
Classic
110.14
110.17
110.21
110.24
110.29
110.31
110.36
Fibonacci
110.17
110.19
110.21
110.24
110.27
110.29
110.31
Camarilla
110.24
110.25
110.25
110.24
110.27
110.27
110.28
Woodie's
110.16
110.18
110.23
110.25
110.31
110.32
110.38
DeMark's
-
-
110.23
110.25
110.30
-
-","Technical IndicatorsJun 17, 2021 10:47PM GMT
Name
Value
Action
RSI(14)
44.701
Sell
STOCH(9,6)
18.831
Oversold
STOCHRSI(14)
23.452
Oversold
MACD(12,26)
-0.030
Sell
ADX(14)
30.464
Neutral
Williams %R
-79.832
Sell
CCI(14)
-56.5268
Sell
ATR(14)
0.1186
Less Volatility
Highs/Lows(14)
-0.0446
Sell
Ultimate Oscillator
52.813
Buy
ROC
-0.321
Sell
Bull/Bear Power(13)
-0.1770
Sell
Buy: 1
Sell: 7
Neutral: 1


Summary:Strong Sell","Jun 17, 2021 10:47PM GMT"
aud_usd,0.7557 +0.0006    +0.09%,18:47:42,2021-06-17 22:48:09.883774,"Prev. Close: 0.7550
Bid/Ask: 0.7556 / 0.7557
Day's Range: 0.7547 - 0.7559",Strong Sell,"Summary:Strong Sell
Moving Averages:SellBuy (3)Sell (9)
Technical Indicators:Strong SellBuy (0)Sell (9)","Name
S3
S2
S1
Pivot Points
R1
R2
R3
Classic
0.7538
0.7543
0.7548
0.7552
0.7557
0.7561
0.7566
Fibonacci
0.7543
0.7546
0.7548
0.7552
0.7556
0.7558
0.7561
Camarilla
0.7550
0.7551
0.7552
0.7552
0.7553
0.7554
0.7555
Woodie's
0.7538
0.7543
0.7548
0.7552
0.7557
0.7561
0.7566
DeMark's
-
-
0.7545
0.7551
0.7554
-
-","Technical IndicatorsJun 17, 2021 10:47PM GMT
Name
Value
Action
RSI(14)
32.233
Sell
STOCH(9,6)
26.901
Sell
STOCHRSI(14)
100.000
Overbought
MACD(12,26)
-0.003
Sell
ADX(14)
50.435
Sell
Williams %R
-74.046
Sell
CCI(14)
-61.3138
Sell
ATR(14)
0.0016
Less Volatility
Highs/Lows(14)
0.0000
Neutral
Ultimate Oscillator
39.126
Sell
ROC
-0.585
Sell
Bull/Bear Power(13)
-0.0010
Sell
Buy: 0
Sell: 9
Neutral: 1


Summary:Strong Sell","Jun 17, 2021 10:47PM GMT"
eur_gbp,0.8550 -0.0001    -0.02%,18:47:43,2021-06-17 22:48:09.886455,"Prev. Close: 0.8551
Bid/Ask: 0.8548 / 0.8551
Day's Range: 0.8548 - 0.8557",Strong Sell,"Summary:Strong Sell
Moving Averages:Strong SellBuy (0)Sell (12)
Technical Indicators:Strong SellBuy (2)Sell (8)","Name
S3
S2
S1
Pivot Points
R1
R2
R3
Classic
0.8541
0.8545
0.8549
0.8553
0.8558
0.8561
0.8566
Fibonacci
0.8545
0.8548
0.8550
0.8553
0.8556
0.8558
0.8561
Camarilla
0.8551
0.8552
0.8552
0.8553
0.8554
0.8554
0.8555
Woodie's
0.8541
0.8545
0.8549
0.8553
0.8558
0.8561
0.8566
DeMark's
-
-
0.8551
0.8554
0.8559
-
-","Technical IndicatorsJun 17, 2021 10:47PM GMT
Name
Value
Action
RSI(14)
36.356
Sell
STOCH(9,6)
33.995
Sell
STOCHRSI(14)
53.393
Neutral
MACD(12,26)
-0.001
Sell
ADX(14)
40.720
Sell
Williams %R
-79.629
Sell
CCI(14)
-104.8185
Sell
ATR(14)
0.0010
Less Volatility
Highs/Lows(14)
-0.0000
Sell
Ultimate Oscillator
52.196
Buy
ROC
0.023
Buy
Bull/Bear Power(13)
-0.0019
Sell
Buy: 2
Sell: 8
Neutral: 1


Summary:Strong Sell","Jun 17, 2021 10:47PM GMT"
usd_cad,1.2344 -0.0017    -0.14%,18:47:42,2021-06-17 22:48:09.889119,"Prev. Close: 1.2361
Bid/Ask: 1.2342 / 1.2346
Day's Range: 1.2343 - 1.2368",Strong Buy,"Summary:Strong Buy
Moving Averages:BuyBuy (8)Sell (4)
Technical Indicators:Strong BuyBuy (8)Sell (0)","Name
S3
S2
S1
Pivot Points
R1
R2
R3
Classic
1.2333
1.2342
1.2350
1.2359
1.2367
1.2376
1.2384
Fibonacci
1.2342
1.2348
1.2353
1.2359
1.2365
1.2370
1.2376
Camarilla
1.2353
1.2355
1.2356
1.2359
1.2360
1.2361
1.2363
Woodie's
1.2333
1.2342
1.2350
1.2359
1.2367
1.2376
1.2384
DeMark's
-
-
1.2346
1.2357
1.2363
-
-","Technical IndicatorsJun 17, 2021 10:47PM GMT
Name
Value
Action
RSI(14)
62.995
Buy
STOCH(9,6)
70.846
Buy
STOCHRSI(14)
0.000
Oversold
MACD(12,26)
0.003
Buy
ADX(14)
45.528
Buy
Williams %R
-41.819
Buy
CCI(14)
45.9087
Neutral
ATR(14)
0.0023
Less Volatility
Highs/Lows(14)
0.0000
Neutral
Ultimate Oscillator
60.288
Buy
ROC
0.248
Buy
Bull/Bear Power(13)
0.0020
Buy
Buy: 8
Sell: 0
Neutral: 2


Summary:Strong Buy","Jun 17, 2021 10:47PM GMT"
usd_chf,0.9176 +0.0003    +0.03%,18:47:42,2021-06-17 22:48:09.891787,"Prev. Close: 0.9173
Bid/Ask: 0.9172 / 0.9180
Day's Range: 0.9169 - 0.9183",Strong Buy,"Summary:Strong Buy
Moving Averages:BuyBuy (12)Sell (0)
Technical Indicators:Strong BuyBuy (8)Sell (0)","Name
S3
S2
S1
Pivot Points
R1
R2
R3
Classic
0.9155
0.9161
0.9169
0.9176
0.9184
0.9191
0.9198
Fibonacci
0.9161
0.9167
0.9170
0.9176
0.9182
0.9185
0.9191
Camarilla
0.9172
0.9173
0.9175
0.9176
0.9177
0.9179
0.9180
Woodie's
0.9155
0.9161
0.9169
0.9176
0.9184
0.9191
0.9198
DeMark's
-
-
0.9165
0.9174
0.9180
-
-","Technical IndicatorsJun 17, 2021 10:47PM GMT
Name
Value
Action
RSI(14)
75.187
Overbought
STOCH(9,6)
75.758
Buy
STOCHRSI(14)
3.969
Oversold
MACD(12,26)
0.003
Buy
ADX(14)
40.046
Buy
Williams %R
-18.803
Overbought
CCI(14)
77.6146
Buy
ATR(14)
0.0014
Less Volatility
Highs/Lows(14)
0.0006
Buy
Ultimate Oscillator
60.370
Buy
ROC
0.443
Buy
Bull/Bear Power(13)
0.0032
Buy
Buy: 8
Sell: 0
Neutral: 0


Summary:Strong Buy","Jun 17, 2021 10:47PM GMT"
nzd_chf,0.6436 +0.0016    +0.26%,18:47:42,2021-06-17 22:48:09.894451,"Prev. Close: 0.6419
Bid/Ask: 0.6434 / 0.6437
Day's Range: 0.6421 - 0.6438",Strong Buy,"Summary:Strong Buy
Moving Averages:BuyBuy (11)Sell (1)
Technical Indicators:Strong BuyBuy (7)Sell (3)","Name
S3
S2
S1
Pivot Points
R1
R2
R3
Classic
0.6407
0.6414
0.6420
0.6427
0.6433
0.6440
0.6447
Fibonacci
0.6414
0.6419
0.6422
0.6427
0.6432
0.6435
0.6440
Camarilla
0.6421
0.6423
0.6424
0.6427
0.6426
0.6427
0.6429
Woodie's
0.6405
0.6413
0.6418
0.6426
0.6431
0.6439
0.6445
DeMark's
-
-
0.6416
0.6425
0.6429
-
-","Technical IndicatorsJun 17, 2021 10:47PM GMT
Name
Value
Action
RSI(14)
58.128
Buy
STOCH(9,6)
61.636
Buy
STOCHRSI(14)
95.754
Overbought
MACD(12,26)
0.000
Buy
ADX(14)
29.444
Sell
Williams %R
-32.222
Buy
CCI(14)
96.9699
Buy
ATR(14)
0.0012
Less Volatility
Highs/Lows(14)
0.0004
Buy
Ultimate Oscillator
42.929
Sell
ROC
-0.171
Sell
Bull/Bear Power(13)
0.0004
Buy
Buy: 7
Sell: 3
Neutral: 0


Summary:Strong Buy","Jun 17, 2021 10:47PM GMT"
usd_cny,6.4484 +0.0515    +0.80%,11:27:22,2021-06-17 22:48:09.897096,"Prev. Close: 6.3969
Bid/Ask: 6.4477 / 6.4490
Day's Range: 6.3972 - 6.4494",Strong Buy,"Summary:Strong Buy
Moving Averages:BuyBuy (12)Sell (0)
Technical Indicators:Strong BuyBuy (7)Sell (0)","Name
S3
S2
S1
Pivot Points
R1
R2
R3
Classic
6.4380
6.4399
6.4436
6.4455
6.4492
6.4511
6.4548
Fibonacci
6.4399
6.4420
6.4434
6.4455
6.4476
6.4490
6.4511
Camarilla
6.4458
6.4463
6.4468
6.4455
6.4479
6.4484
6.4489
Woodie's
6.4390
6.4404
6.4446
6.4460
6.4502
6.4516
6.4558
DeMark's
-
-
6.4446
6.4460
6.4502
-
-","Technical IndicatorsJun 17, 2021 03:34PM GMT
Name
Value
Action
RSI(14)
85.433
Overbought
STOCH(9,6)
77.649
Buy
STOCHRSI(14)
100.000
Overbought
MACD(12,26)
0.011
Buy
ADX(14)
61.337
Buy
Williams %R
-3.426
Overbought
CCI(14)
151.8010
Buy
ATR(14)
0.0041
Less Volatility
Highs/Lows(14)
0.0141
Buy
Ultimate Oscillator
82.973
Overbought
ROC
0.391
Buy
Bull/Bear Power(13)
0.0286
Buy
Buy: 7
Sell: 0
Neutral: 0


Summary:Strong Buy","Jun 17, 2021 03:34PM GMT"
usd_hkd,7.7645 0.0001    0.00%,18:47:28,2021-06-17 22:48:09.899799,"Prev. Close: 7.7644
Bid/Ask: 7.7642 / 7.7647
Day's Range: 7.7641 - 7.7650",Strong Buy,"Summary:Strong Buy
Moving Averages:Strong BuyBuy (11)Sell (1)
Technical Indicators:Strong BuyBuy (6)Sell (3)","Name
S3
S2
S1
Pivot Points
R1
R2
R3
Classic
7.7639
7.7641
7.7645
7.7647
7.7651
7.7653
7.7656
Fibonacci
7.7641
7.7643
7.7645
7.7647
7.7649
7.7651
7.7653
Camarilla
7.7646
7.7646
7.7647
7.7647
7.7648
7.7649
7.7649
Woodie's
7.7639
7.7641
7.7645
7.7647
7.7651
7.7653
7.7656
DeMark's
-
-
7.7645
7.7647
7.7651
-
-","Technical IndicatorsJun 17, 2021 10:47PM GMT
Name
Value
Action
RSI(14)
55.596
Buy
STOCH(9,6)
66.163
Buy
STOCHRSI(14)
36.140
Sell
MACD(12,26)
0.000
Buy
ADX(14)
30.256
Sell
Williams %R
-44.743
Buy
CCI(14)
-7.7126
Neutral
ATR(14)
0.0008
Less Volatility
Highs/Lows(14)
0.0000
Neutral
Ultimate Oscillator
60.741
Buy
ROC
0.008
Buy
Bull/Bear Power(13)
-0.0012
Sell
Buy: 6
Sell: 3
Neutral: 2


Summary:Strong Buy","Jun 17, 2021 10:47PM GMT"
eur_usd,1.1911 +0.0004    +0.04%,18:48:29,2021-06-17 22:49:09.834999,"Prev. Close: 1.1906
Bid/Ask: 1.1910 / 1.1911
Day's Range: 1.1906 - 1.1914",Strong Sell,"Summary:Strong Sell
Moving Averages:SellBuy (2)Sell (10)
Technical Indicators:Strong SellBuy (0)Sell (9)","Name
S3
S2
S1
Pivot Points
R1
R2
R3
Classic
1.1902
1.1904
1.1905
1.1907
1.1909
1.1910
1.1912
Fibonacci
1.1904
1.1905
1.1906
1.1907
1.1908
1.1909
1.1910
Camarilla
1.1906
1.1906
1.1906
1.1907
1.1907
1.1907
1.1907
Woodie's
1.1902
1.1904
1.1905
1.1907
1.1909
1.1910
1.1912
DeMark's
-
-
1.1904
1.1906
1.1908
-
-","Technical IndicatorsJun 17, 2021 10:47PM GMT
Name
Value
Action
RSI(14)
29.870
Sell
STOCH(9,6)
28.526
Sell
STOCHRSI(14)
100.000
Overbought
MACD(12,26)
-0.004
Sell
ADX(14)
37.562
Neutral
Williams %R
-72.309
Sell
CCI(14)
-66.2518
Sell
ATR(14)
0.0017
Less Volatility
Highs/Lows(14)
-0.0004
Sell
Ultimate Oscillator
39.194
Sell
ROC
-0.318
Sell
Bull/Bear Power(13)
-0.0020
Sell
Buy: 0
Sell: 9
Neutral: 1


Summary:Strong Sell","Jun 17, 2021 10:47PM GMT"
gbp_usd,1.3933 +0.0014    +0.10%,18:48:33,2021-06-17 22:49:09.838785,"Prev. Close: 1.3919
Bid/Ask: 1.3931 / 1.3934
Day's Range: 1.3915 - 1.3935",Strong Sell,"Summary:Strong Sell
Moving Averages:SellBuy (4)Sell (8)
Technical Indicators:Strong SellBuy (0)Sell (8)","Name
S3
S2
S1
Pivot Points
R1
R2
R3
Classic
1.3898
1.3907
1.3914
1.3922
1.3929
1.3937
1.3944
Fibonacci
1.3907
1.3912
1.3916
1.3922
1.3928
1.3932
1.3937
Camarilla
1.3916
1.3918
1.3919
1.3922
1.3922
1.3923
1.3925
Woodie's
1.3898
1.3907
1.3914
1.3922
1.3929
1.3937
1.3944
DeMark's
-
-
1.3910
1.3920
1.3926
-
-","Technical IndicatorsJun 17, 2021 10:47PM GMT
Name
Value
Action
RSI(14)
39.489
Sell
STOCH(9,6)
39.887
Sell
STOCHRSI(14)
100.000
Overbought
MACD(12,26)
-0.003
Sell
ADX(14)
39.578
Sell
Williams %R
-60.452
Sell
CCI(14)
-36.8610
Neutral
ATR(14)
0.0024
Less Volatility
Highs/Lows(14)
0.0000
Neutral
Ultimate Oscillator
42.921
Sell
ROC
-0.329
Sell
Bull/Bear Power(13)
-0.0002
Sell
Buy: 0
Sell: 8
Neutral: 2


Summary:Strong Sell","Jun 17, 2021 10:47PM GMT"
usd_jpy,110.29 +0.09    +0.08%,18:48:41,2021-06-17 22:49:09.841690,"Prev. Close: 110.20
Bid/Ask: 110.28 / 110.29
Day's Range: 110.17 - 110.83",Neutral,"Summary:Neutral
Moving Averages:BuyBuy (7)Sell (5)
Technical Indicators:Strong SellBuy (1)Sell (7)","Name
S3
S2
S1
Pivot Points
R1
R2
R3
Classic
110.14
110.17
110.21
110.24
110.29
110.31
110.36
Fibonacci
110.17
110.19
110.21
110.24
110.27
110.29
110.31
Camarilla
110.24
110.25
110.25
110.24
110.27
110.27
110.28
Woodie's
110.16
110.18
110.23
110.25
110.31
110.32
110.38
DeMark's
-
-
110.23
110.25
110.30
-
-","Technical IndicatorsJun 17, 2021 10:47PM GMT
Name
Value
Action
RSI(14)
44.701
Sell
STOCH(9,6)
18.831
Oversold
STOCHRSI(14)
23.452
Oversold
MACD(12,26)
-0.030
Sell
ADX(14)
30.464
Neutral
Williams %R
-79.832
Sell
CCI(14)
-56.5268
Sell
ATR(14)
0.1186
Less Volatility
Highs/Lows(14)
-0.0446
Sell
Ultimate Oscillator
52.813
Buy
ROC
-0.321
Sell
Bull/Bear Power(13)
-0.1770
Sell
Buy: 1
Sell: 7
Neutral: 1


Summary:Strong Sell","Jun 17, 2021 10:47PM GMT"
aud_usd,0.7558 +0.0008    +0.10%,18:48:43,2021-06-17 22:49:09.844426,"Prev. Close: 0.7550
Bid/Ask: 0.7557 / 0.7558
Day's Range: 0.7547 - 0.7559",Strong Sell,"Summary:Strong Sell
Moving Averages:SellBuy (3)Sell (9)
Technical Indicators:Strong SellBuy (0)Sell (9)","Name
S3
S2
S1
Pivot Points
R1
R2
R3
Classic
0.7538
0.7543
0.7548
0.7552
0.7557
0.7561
0.7566
Fibonacci
0.7543
0.7546
0.7548
0.7552
0.7556
0.7558
0.7561
Camarilla
0.7550
0.7551
0.7552
0.7552
0.7553
0.7554
0.7555
Woodie's
0.7538
0.7543
0.7548
0.7552
0.7557
0.7561
0.7566
DeMark's
-
-
0.7545
0.7551
0.7554
-
-","Technical IndicatorsJun 17, 2021 10:47PM GMT
Name
Value
Action
RSI(14)
32.233
Sell
STOCH(9,6)
26.901
Sell
STOCHRSI(14)
100.000
Overbought
MACD(12,26)
-0.003
Sell
ADX(14)
50.435
Sell
Williams %R
-74.046
Sell
CCI(14)
-61.3138
Sell
ATR(14)
0.0016
Less Volatility
Highs/Lows(14)
0.0000
Neutral
Ultimate Oscillator
39.126
Sell
ROC
-0.585
Sell
Bull/Bear Power(13)
-0.0010
Sell
Buy: 0
Sell: 9
Neutral: 1


Summary:Strong Sell","Jun 17, 2021 10:47PM GMT"
eur_gbp,0.8549 -0.0003    -0.03%,18:48:43,2021-06-17 22:49:09.847121,"Prev. Close: 0.8551
Bid/Ask: 0.8547 / 0.8550
Day's Range: 0.8548 - 0.8557",Strong Sell,"Summary:Strong Sell
Moving Averages:Strong SellBuy (0)Sell (12)
Technical Indicators:Strong SellBuy (2)Sell (8)","Name
S3
S2
S1
Pivot Points
R1
R2
R3
Classic
0.8541
0.8545
0.8549
0.8553
0.8558
0.8561
0.8566
Fibonacci
0.8545
0.8548
0.8550
0.8553
0.8556
0.8558
0.8561
Camarilla
0.8551
0.8552
0.8552
0.8553
0.8554
0.8554
0.8555
Woodie's
0.8541
0.8545
0.8549
0.8553
0.8558
0.8561
0.8566
DeMark's
-
-
0.8551
0.8554
0.8559
-
-","Technical IndicatorsJun 17, 2021 10:47PM GMT
Name
Value
Action
RSI(14)
36.356
Sell
STOCH(9,6)
33.995
Sell
STOCHRSI(14)
53.393
Neutral
MACD(12,26)
-0.001
Sell
ADX(14)
40.720
Sell
Williams %R
-79.629
Sell
CCI(14)
-104.8185
Sell
ATR(14)
0.0010
Less Volatility
Highs/Lows(14)
-0.0000
Sell
Ultimate Oscillator
52.196
Buy
ROC
0.023
Buy
Bull/Bear Power(13)
-0.0019
Sell
Buy: 2
Sell: 8
Neutral: 1


Summary:Strong Sell","Jun 17, 2021 10:47PM GMT"
usd_cad,1.2343 -0.0018    -0.15%,18:48:53,2021-06-17 22:49:09.849792,"Prev. Close: 1.2361
Bid/Ask: 1.2341 / 1.2345
Day's Range: 1.2343 - 1.2368",Strong Buy,"Summary:Strong Buy
Moving Averages:BuyBuy (8)Sell (4)
Technical Indicators:Strong BuyBuy (8)Sell (0)","Name
S3
S2
S1
Pivot Points
R1
R2
R3
Classic
1.2333
1.2342
1.2350
1.2359
1.2367
1.2376
1.2384
Fibonacci
1.2342
1.2348
1.2353
1.2359
1.2365
1.2370
1.2376
Camarilla
1.2353
1.2355
1.2356
1.2359
1.2360
1.2361
1.2363
Woodie's
1.2333
1.2342
1.2350
1.2359
1.2367
1.2376
1.2384
DeMark's
-
-
1.2346
1.2357
1.2363
-
-","Technical IndicatorsJun 17, 2021 10:47PM GMT
Name
Value
Action
RSI(14)
62.995
Buy
STOCH(9,6)
70.846
Buy
STOCHRSI(14)
0.000
Oversold
MACD(12,26)
0.003
Buy
ADX(14)
45.528
Buy
Williams %R
-41.819
Buy
CCI(14)
45.9087
Neutral
ATR(14)
0.0023
Less Volatility
Highs/Lows(14)
0.0000
Neutral
Ultimate Oscillator
60.288
Buy
ROC
0.248
Buy
Bull/Bear Power(13)
0.0020
Buy
Buy: 8
Sell: 0
Neutral: 2


Summary:Strong Buy","Jun 17, 2021 10:47PM GMT"
usd_chf,0.9177 +0.0004    +0.04%,18:48:32,2021-06-17 22:49:09.852457,"Prev. Close: 0.9173
Bid/Ask: 0.9175 / 0.9179
Day's Range: 0.9169 - 0.9183",Strong Buy,"Summary:Strong Buy
Moving Averages:BuyBuy (12)Sell (0)
Technical Indicators:Strong BuyBuy (8)Sell (0)","Name
S3
S2
S1
Pivot Points
R1
R2
R3
Classic
0.9155
0.9161
0.9169
0.9176
0.9184
0.9191
0.9198
Fibonacci
0.9161
0.9167
0.9170
0.9176
0.9182
0.9185
0.9191
Camarilla
0.9172
0.9173
0.9175
0.9176
0.9177
0.9179
0.9180
Woodie's
0.9155
0.9161
0.9169
0.9176
0.9184
0.9191
0.9198
DeMark's
-
-
0.9165
0.9174
0.9180
-
-","Technical IndicatorsJun 17, 2021 10:47PM GMT
Name
Value
Action
RSI(14)
75.187
Overbought
STOCH(9,6)
75.758
Buy
STOCHRSI(14)
3.969
Oversold
MACD(12,26)
0.003
Buy
ADX(14)
40.046
Buy
Williams %R
-18.803
Overbought
CCI(14)
77.6146
Buy
ATR(14)
0.0014
Less Volatility
Highs/Lows(14)
0.0006
Buy
Ultimate Oscillator
60.370
Buy
ROC
0.443
Buy
Bull/Bear Power(13)
0.0032
Buy
Buy: 8
Sell: 0
Neutral: 0


Summary:Strong Buy","Jun 17, 2021 10:47PM GMT"
nzd_chf,0.6436 +0.0016    +0.26%,18:48:51,2021-06-17 22:49:09.855121,"Prev. Close: 0.6419
Bid/Ask: 0.6434 / 0.6437
Day's Range: 0.6421 - 0.6438",Strong Buy,"Summary:Strong Buy
Moving Averages:BuyBuy (11)Sell (1)
Technical Indicators:Strong BuyBuy (7)Sell (3)","Name
S3
S2
S1
Pivot Points
R1
R2
R3
Classic
0.6407
0.6414
0.6420
0.6427
0.6433
0.6440
0.6447
Fibonacci
0.6414
0.6419
0.6422
0.6427
0.6432
0.6435
0.6440
Camarilla
0.6421
0.6423
0.6424
0.6427
0.6426
0.6427
0.6429
Woodie's
0.6405
0.6413
0.6418
0.6426
0.6431
0.6439
0.6445
DeMark's
-
-
0.6416
0.6425
0.6429
-
-","Technical IndicatorsJun 17, 2021 10:47PM GMT
Name
Value
Action
RSI(14)
58.128
Buy
STOCH(9,6)
61.636
Buy
STOCHRSI(14)
95.754
Overbought
MACD(12,26)
0.000
Buy
ADX(14)
29.444
Sell
Williams %R
-32.222
Buy
CCI(14)
96.9699
Buy
ATR(14)
0.0012
Less Volatility
Highs/Lows(14)
0.0004
Buy
Ultimate Oscillator
42.929
Sell
ROC
-0.171
Sell
Bull/Bear Power(13)
0.0004
Buy
Buy: 7
Sell: 3
Neutral: 0


Summary:Strong Buy","Jun 17, 2021 10:47PM GMT"
usd_cny,6.4484 +0.0515    +0.80%,11:27:22,2021-06-17 22:49:09.857760,"Prev. Close: 6.3969
Bid/Ask: 6.4477 / 6.4490
Day's Range: 6.3972 - 6.4494",Strong Buy,"Summary:Strong Buy
Moving Averages:BuyBuy (12)Sell (0)
Technical Indicators:Strong BuyBuy (7)Sell (0)","Name
S3
S2
S1
Pivot Points
R1
R2
R3
Classic
6.4380
6.4399
6.4436
6.4455
6.4492
6.4511
6.4548
Fibonacci
6.4399
6.4420
6.4434
6.4455
6.4476
6.4490
6.4511
Camarilla
6.4458
6.4463
6.4468
6.4455
6.4479
6.4484
6.4489
Woodie's
6.4390
6.4404
6.4446
6.4460
6.4502
6.4516
6.4558
DeMark's
-
-
6.4446
6.4460
6.4502
-
-","Technical IndicatorsJun 17, 2021 03:34PM GMT
Name
Value
Action
RSI(14)
85.433
Overbought
STOCH(9,6)
77.649
Buy
STOCHRSI(14)
100.000
Overbought
MACD(12,26)
0.011
Buy
ADX(14)
61.337
Buy
Williams %R
-3.426
Overbought
CCI(14)
151.8010
Buy
ATR(14)
0.0041
Less Volatility
Highs/Lows(14)
0.0141
Buy
Ultimate Oscillator
82.973
Overbought
ROC
0.391
Buy
Bull/Bear Power(13)
0.0286
Buy
Buy: 7
Sell: 0
Neutral: 0


Summary:Strong Buy","Jun 17, 2021 03:34PM GMT"
usd_hkd,7.7647 +0.0003    +0.00%,18:48:57,2021-06-17 22:49:09.860438,"Prev. Close: 7.7644
Bid/Ask: 7.7645 / 7.7648
Day's Range: 7.7641 - 7.7650",Strong Buy,"Summary:Strong Buy
Moving Averages:Strong BuyBuy (11)Sell (1)
Technical Indicators:Strong BuyBuy (6)Sell (3)","Name
S3
S2
S1
Pivot Points
R1
R2
R3
Classic
7.7639
7.7641
7.7645
7.7647
7.7651
7.7653
7.7656
Fibonacci
7.7641
7.7643
7.7645
7.7647
7.7649
7.7651
7.7653
Camarilla
7.7646
7.7646
7.7647
7.7647
7.7648
7.7649
7.7649
Woodie's
7.7639
7.7641
7.7645
7.7647
7.7651
7.7653
7.7656
DeMark's
-
-
7.7645
7.7647
7.7651
-
-","Technical IndicatorsJun 17, 2021 10:47PM GMT
Name
Value
Action
RSI(14)
55.596
Buy
STOCH(9,6)
66.163
Buy
STOCHRSI(14)
36.140
Sell
MACD(12,26)
0.000
Buy
ADX(14)
30.256
Sell
Williams %R
-44.743
Buy
CCI(14)
-7.7126
Neutral
ATR(14)
0.0008
Less Volatility
Highs/Lows(14)
0.0000
Neutral
Ultimate Oscillator
60.741
Buy
ROC
0.008
Buy
Bull/Bear Power(13)
-0.0012
Sell
Buy: 6
Sell: 3
Neutral: 2


Summary:Strong Buy","Jun 17, 2021 10:47PM GMT"
eur_usd,1.1911 +0.0005    +0.04%,18:49:42,2021-06-17 22:50:09.643346,"Prev. Close: 1.1906
Bid/Ask: 1.1909 / 1.1913
Day's Range: 1.1906 - 1.1914",Strong Sell,"Summary:Strong Sell
Moving Averages:SellBuy (2)Sell (10)
Technical Indicators:Strong SellBuy (0)Sell (9)","Name
S3
S2
S1
Pivot Points
R1
R2
R3
Classic
1.1902
1.1904
1.1905
1.1907
1.1909
1.1910
1.1912
Fibonacci
1.1904
1.1905
1.1906
1.1907
1.1908
1.1909
1.1910
Camarilla
1.1906
1.1906
1.1906
1.1907
1.1907
1.1907
1.1907
Woodie's
1.1902
1.1904
1.1905
1.1907
1.1909
1.1910
1.1912
DeMark's
-
-
1.1904
1.1906
1.1908
-
-","Technical IndicatorsJun 17, 2021 10:49PM GMT
Name
Value
Action
RSI(14)
30.146
Sell
STOCH(9,6)
28.690
Sell
STOCHRSI(14)
100.000
Overbought
MACD(12,26)
-0.004
Sell
ADX(14)
37.562
Neutral
Williams %R
-71.538
Sell
CCI(14)
-65.5370
Sell
ATR(14)
0.0017
Less Volatility
Highs/Lows(14)
-0.0003
Sell
Ultimate Oscillator
39.596
Sell
ROC
-0.314
Sell
Bull/Bear Power(13)
-0.0020
Sell
Buy: 0
Sell: 9
Neutral: 1


Summary:Strong Sell","Jun 17, 2021 10:49PM GMT"
gbp_usd,1.3933 +0.0014    +0.10%,,2021-06-17 22:50:09.647280,"Prev. Close: 1.3919
Bid/Ask: 1.3931 / 1.3934
Day's Range: 1.3915 - 1.3935",Strong Sell,"Summary:Strong Sell
Moving Averages:SellBuy (4)Sell (8)
Technical Indicators:Strong SellBuy (0)Sell (8)","Name
S3
S2
S1
Pivot Points
R1
R2
R3
Classic
1.3898
1.3907
1.3914
1.3922
1.3929
1.3937
1.3944
Fibonacci
1.3907
1.3912
1.3916
1.3922
1.3928
1.3932
1.3937
Camarilla
1.3916
1.3918
1.3919
1.3922
1.3922
1.3923
1.3925
Woodie's
1.3898
1.3907
1.3914
1.3922
1.3929
1.3937
1.3944
DeMark's
-
-
1.3910
1.3920
1.3926
-
-","Technical IndicatorsJun 17, 2021 10:47PM GMT
Name
Value
Action
RSI(14)
39.489
Sell
STOCH(9,6)
39.887
Sell
STOCHRSI(14)
100.000
Overbought
MACD(12,26)
-0.003
Sell
ADX(14)
39.578
Sell
Williams %R
-60.452
Sell
CCI(14)
-36.8610
Neutral
ATR(14)
0.0024
Less Volatility
Highs/Lows(14)
0.0000
Neutral
Ultimate Oscillator
42.921
Sell
ROC
-0.329
Sell
Bull/Bear Power(13)
-0.0002
Sell
Buy: 0
Sell: 8
Neutral: 2


Summary:Strong Sell","Jun 17, 2021 10:47PM GMT"
usd_jpy,110.29 +0.09    +0.08%,18:49:38,2021-06-17 22:50:09.650352,"Prev. Close: 110.20
Bid/Ask: 110.28 / 110.29
Day's Range: 110.17 - 110.83",Neutral,"Summary:Neutral
Moving Averages:BuyBuy (7)Sell (5)
Technical Indicators:Strong SellBuy (1)Sell (6)","Name
S3
S2
S1
Pivot Points
R1
R2
R3
Classic
110.14
110.17
110.21
110.24
110.29
110.31
110.36
Fibonacci
110.17
110.19
110.21
110.24
110.27
110.29
110.31
Camarilla
110.24
110.25
110.25
110.24
110.27
110.27
110.28
Woodie's
110.16
110.18
110.23
110.25
110.31
110.32
110.38
DeMark's
-
-
110.23
110.25
110.30
-
-","Technical IndicatorsJun 17, 2021 10:49PM GMT
Name
Value
Action
RSI(14)
44.381
Sell
STOCH(9,6)
18.567
Oversold
STOCHRSI(14)
22.286
Oversold
MACD(12,26)
-0.030
Sell
ADX(14)
30.464
Neutral
Williams %R
-80.671
Oversold
CCI(14)
-57.1390
Sell
ATR(14)
0.1186
Less Volatility
Highs/Lows(14)
-0.0496
Sell
Ultimate Oscillator
52.237
Buy
ROC
-0.325
Sell
Bull/Bear Power(13)
-0.1750
Sell
Buy: 1
Sell: 6
Neutral: 1


Summary:Strong Sell","Jun 17, 2021 10:49PM GMT"
aud_usd,0.7557 +0.0007    +0.09%,18:49:42,2021-06-17 22:50:09.653304,"Prev. Close: 0.7550
Bid/Ask: 0.7556 / 0.7558
Day's Range: 0.7547 - 0.7559",Strong Sell,"Summary:Strong Sell
Moving Averages:SellBuy (3)Sell (9)
Technical Indicators:Strong SellBuy (0)Sell (9)","Name
S3
S2
S1
Pivot Points
R1
R2
R3
Classic
0.7538
0.7543
0.7548
0.7552
0.7557
0.7561
0.7566
Fibonacci
0.7543
0.7546
0.7548
0.7552
0.7556
0.7558
0.7561
Camarilla
0.7550
0.7551
0.7552
0.7552
0.7553
0.7554
0.7555
Woodie's
0.7538
0.7543
0.7548
0.7552
0.7557
0.7561
0.7566
DeMark's
-
-
0.7545
0.7551
0.7554
-
-","Technical IndicatorsJun 17, 2021 10:47PM GMT
Name
Value
Action
RSI(14)
32.233
Sell
STOCH(9,6)
26.901
Sell
STOCHRSI(14)
100.000
Overbought
MACD(12,26)
-0.003
Sell
ADX(14)
50.435
Sell
Williams %R
-74.046
Sell
CCI(14)
-61.3138
Sell
ATR(14)
0.0016
Less Volatility
Highs/Lows(14)
0.0000
Neutral
Ultimate Oscillator
39.126
Sell
ROC
-0.585
Sell
Bull/Bear Power(13)
-0.0010
Sell
Buy: 0
Sell: 9
Neutral: 1


Summary:Strong Sell","Jun 17, 2021 10:47PM GMT"
eur_gbp,0.8549 -0.0002    -0.02%,18:49:37,2021-06-17 22:50:09.656159,"Prev. Close: 0.8551
Bid/Ask: 0.8547 / 0.8551
Day's Range: 0.8548 - 0.8557",Strong Sell,"Summary:Strong Sell
Moving Averages:Strong SellBuy (0)Sell (12)
Technical Indicators:Strong SellBuy (1)Sell (7)","Name
S3
S2
S1
Pivot Points
R1
R2
R3
Classic
0.8541
0.8545
0.8549
0.8553
0.8558
0.8561
0.8566
Fibonacci
0.8545
0.8548
0.8550
0.8553
0.8556
0.8558
0.8561
Camarilla
0.8551
0.8552
0.8552
0.8553
0.8554
0.8554
0.8555
Woodie's
0.8541
0.8545
0.8549
0.8553
0.8558
0.8561
0.8566
DeMark's
-
-
0.8551
0.8554
0.8559
-
-","Technical IndicatorsJun 17, 2021 10:49PM GMT
Name
Value
Action
RSI(14)
35.365
Sell
STOCH(9,6)
32.804
Sell
STOCHRSI(14)
47.727
Neutral
MACD(12,26)
-0.001
Sell
ADX(14)
40.720
Sell
Williams %R
-85.185
Oversold
CCI(14)
-113.6473
Sell
ATR(14)
0.0010
Less Volatility
Highs/Lows(14)
-0.0002
Sell
Ultimate Oscillator
50.058
Neutral
ROC
0.006
Buy
Bull/Bear Power(13)
-0.0019
Sell
Buy: 1
Sell: 7
Neutral: 2


Summary:Strong Sell","Jun 17, 2021 10:49PM GMT"
usd_cad,1.2346 -0.0015    -0.12%,18:49:37,2021-06-17 22:50:09.658899,"Prev. Close: 1.2361
Bid/Ask: 1.2345 / 1.2347
Day's Range: 1.2343 - 1.2368",Strong Buy,"Summary:Strong Buy
Moving Averages:BuyBuy (8)Sell (4)
Technical Indicators:Strong BuyBuy (9)Sell (0)","Name
S3
S2
S1
Pivot Points
R1
R2
R3
Classic
1.2333
1.2342
1.2350
1.2359
1.2367
1.2376
1.2384
Fibonacci
1.2342
1.2348
1.2353
1.2359
1.2365
1.2370
1.2376
Camarilla
1.2353
1.2355
1.2356
1.2359
1.2360
1.2361
1.2363
Woodie's
1.2333
1.2342
1.2350
1.2359
1.2367
1.2376
1.2384
DeMark's
-
-
1.2346
1.2357
1.2363
-
-","Technical IndicatorsJun 17, 2021 10:49PM GMT
Name
Value
Action
RSI(14)
64.463
Buy
STOCH(9,6)
71.546
Buy
STOCHRSI(14)
0.000
Oversold
MACD(12,26)
0.003
Buy
ADX(14)
45.528
Buy
Williams %R
-38.183
Buy
CCI(14)
50.6873
Buy
ATR(14)
0.0023
Less Volatility
Highs/Lows(14)
0.0000
Neutral
Ultimate Oscillator
61.965
Buy
ROC
0.272
Buy
Bull/Bear Power(13)
0.0020
Buy
Buy: 9
Sell: 0
Neutral: 1


Summary:Strong Buy","Jun 17, 2021 10:49PM GMT"
usd_chf,0.9176 +0.0003    +0.03%,18:49:42,2021-06-17 22:50:09.661670,"Prev. Close: 0.9173
Bid/Ask: 0.9172 / 0.9180
Day's Range: 0.9169 - 0.9183",Strong Buy,"Summary:Strong Buy
Moving Averages:BuyBuy (12)Sell (0)
Technical Indicators:Strong BuyBuy (8)Sell (0)","Name
S3
S2
S1
Pivot Points
R1
R2
R3
Classic
0.9155
0.9161
0.9169
0.9176
0.9184
0.9191
0.9198
Fibonacci
0.9161
0.9167
0.9170
0.9176
0.9182
0.9185
0.9191
Camarilla
0.9172
0.9173
0.9175
0.9176
0.9177
0.9179
0.9180
Woodie's
0.9155
0.9161
0.9169
0.9176
0.9184
0.9191
0.9198
DeMark's
-
-
0.9165
0.9174
0.9180
-
-","Technical IndicatorsJun 17, 2021 10:47PM GMT
Name
Value
Action
RSI(14)
75.187
Overbought
STOCH(9,6)
75.758
Buy
STOCHRSI(14)
3.969
Oversold
MACD(12,26)
0.003
Buy
ADX(14)
40.046
Buy
Williams %R
-18.803
Overbought
CCI(14)
77.6146
Buy
ATR(14)
0.0014
Less Volatility
Highs/Lows(14)
0.0006
Buy
Ultimate Oscillator
60.370
Buy
ROC
0.443
Buy
Bull/Bear Power(13)
0.0032
Buy
Buy: 8
Sell: 0
Neutral: 0


Summary:Strong Buy","Jun 17, 2021 10:47PM GMT"
nzd_chf,0.6434 +0.0015    +0.23%,18:49:42,2021-06-17 22:50:09.664437,"Prev. Close: 0.6419
Bid/Ask: 0.6431 / 0.6437
Day's Range: 0.6421 - 0.6438",Strong Buy,"Summary:Strong Buy
Moving Averages:BuyBuy (11)Sell (1)
Technical Indicators:Strong BuyBuy (7)Sell (3)","Name
S3
S2
S1
Pivot Points
R1
R2
R3
Classic
0.6407
0.6414
0.6420
0.6427
0.6433
0.6440
0.6447
Fibonacci
0.6414
0.6419
0.6422
0.6427
0.6432
0.6435
0.6440
Camarilla
0.6421
0.6423
0.6424
0.6427
0.6426
0.6427
0.6429
Woodie's
0.6405
0.6413
0.6418
0.6426
0.6431
0.6439
0.6445
DeMark's
-
-
0.6416
0.6425
0.6429
-
-","Technical IndicatorsJun 17, 2021 10:49PM GMT
Name
Value
Action
RSI(14)
56.575
Buy
STOCH(9,6)
59.785
Buy
STOCHRSI(14)
87.904
Overbought
MACD(12,26)
0.000
Buy
ADX(14)
29.444
Sell
Williams %R
-37.778
Buy
CCI(14)
86.5681
Buy
ATR(14)
0.0012
Less Volatility
Highs/Lows(14)
0.0002
Buy
Ultimate Oscillator
40.168
Sell
ROC
-0.209
Sell
Bull/Bear Power(13)
0.0004
Buy
Buy: 7
Sell: 3
Neutral: 0


Summary:Strong Buy","Jun 17, 2021 10:49PM GMT"
usd_cny,6.4484 +0.0515    +0.80%,11:27:22,2021-06-17 22:50:09.667165,"Prev. Close: 6.3969
Bid/Ask: 6.4477 / 6.4490
Day's Range: 6.3972 - 6.4494",Strong Buy,"Summary:Strong Buy
Moving Averages:BuyBuy (12)Sell (0)
Technical Indicators:Strong BuyBuy (7)Sell (0)","Name
S3
S2
S1
Pivot Points
R1
R2
R3
Classic
6.4380
6.4399
6.4436
6.4455
6.4492
6.4511
6.4548
Fibonacci
6.4399
6.4420
6.4434
6.4455
6.4476
6.4490
6.4511
Camarilla
6.4458
6.4463
6.4468
6.4455
6.4479
6.4484
6.4489
Woodie's
6.4390
6.4404
6.4446
6.4460
6.4502
6.4516
6.4558
DeMark's
-
-
6.4446
6.4460
6.4502
-
-","Technical IndicatorsJun 17, 2021 03:34PM GMT
Name
Value
Action
RSI(14)
85.433
Overbought
STOCH(9,6)
77.649
Buy
STOCHRSI(14)
100.000
Overbought
MACD(12,26)
0.011
Buy
ADX(14)
61.337
Buy
Williams %R
-3.426
Overbought
CCI(14)
151.8010
Buy
ATR(14)
0.0041
Less Volatility
Highs/Lows(14)
0.0141
Buy
Ultimate Oscillator
82.973
Overbought
ROC
0.391
Buy
Bull/Bear Power(13)
0.0286
Buy
Buy: 7
Sell: 0
Neutral: 0


Summary:Strong Buy","Jun 17, 2021 03:34PM GMT"
usd_hkd,7.7649 +0.0004    +0.01%,18:49:29,2021-06-17 22:50:09.669854,"Prev. Close: 7.7644
Bid/Ask: 7.7647 / 7.7650
Day's Range: 7.7641 - 7.7650",Strong Buy,"Summary:Strong Buy
Moving Averages:BuyBuy (12)Sell (0)
Technical Indicators:Strong BuyBuy (6)Sell (2)","Name
S3
S2
S1
Pivot Points
R1
R2
R3
Classic
7.7639
7.7641
7.7645
7.7647
7.7651
7.7653
7.7656
Fibonacci
7.7641
7.7643
7.7645
7.7647
7.7649
7.7651
7.7653
Camarilla
7.7646
7.7646
7.7647
7.7647
7.7648
7.7649
7.7649
Woodie's
7.7639
7.7641
7.7645
7.7647
7.7651
7.7653
7.7656
DeMark's
-
-
7.7645
7.7647
7.7651
-
-","Technical IndicatorsJun 17, 2021 10:49PM GMT
Name
Value
Action
RSI(14)
56.912
Buy
STOCH(9,6)
68.088
Buy
STOCHRSI(14)
45.003
Neutral
MACD(12,26)
0.000
Buy
ADX(14)
30.013
Sell
Williams %R
-36.838
Buy
CCI(14)
14.6888
Neutral
ATR(14)
0.0008
Less Volatility
Highs/Lows(14)
0.0000
Neutral
Ultimate Oscillator
62.219
Buy
ROC
0.010
Buy
Bull/Bear Power(13)
-0.0011
Sell
Buy: 6
Sell: 2
Neutral: 3


Summary:Strong Buy","Jun 17, 2021 10:49PM GMT"
eur_usd,1.1912 +0.0006    +0.05%,18:50:30,2021-06-17 22:51:09.763943,"Prev. Close: 1.1906
Bid/Ask: 1.1911 / 1.1912
Day's Range: 1.1906 - 1.1914",Strong Sell,"Summary:Strong Sell
Moving Averages:SellBuy (2)Sell (10)
Technical Indicators:Strong SellBuy (0)Sell (9)","Name
S3
S2
S1
Pivot Points
R1
R2
R3
Classic
1.1902
1.1904
1.1905
1.1907
1.1909
1.1910
1.1912
Fibonacci
1.1904
1.1905
1.1906
1.1907
1.1908
1.1909
1.1910
Camarilla
1.1906
1.1906
1.1906
1.1907
1.1907
1.1907
1.1907
Woodie's
1.1902
1.1904
1.1905
1.1907
1.1909
1.1910
1.1912
DeMark's
-
-
1.1904
1.1906
1.1908
-
-","Technical IndicatorsJun 17, 2021 10:49PM GMT
Name
Value
Action
RSI(14)
30.146
Sell
STOCH(9,6)
28.690
Sell
STOCHRSI(14)
100.000
Overbought
MACD(12,26)
-0.004
Sell
ADX(14)
37.562
Neutral
Williams %R
-71.538
Sell
CCI(14)
-65.5370
Sell
ATR(14)
0.0017
Less Volatility
Highs/Lows(14)
-0.0003
Sell
Ultimate Oscillator
39.596
Sell
ROC
-0.314
Sell
Bull/Bear Power(13)
-0.0020
Sell
Buy: 0
Sell: 9
Neutral: 1


Summary:Strong Sell","Jun 17, 2021 10:49PM GMT"
gbp_usd,1.3934 +0.0014    +0.10%,18:50:47,2021-06-17 22:51:09.767741,"Prev. Close: 1.3919
Bid/Ask: 1.3932 / 1.3935
Day's Range: 1.3915 - 1.3935",Strong Sell,"Summary:Strong Sell
Moving Averages:SellBuy (4)Sell (8)
Technical Indicators:Strong SellBuy (0)Sell (8)","Name
S3
S2
S1
Pivot Points
R1
R2
R3
Classic
1.3898
1.3907
1.3914
1.3922
1.3929
1.3937
1.3944
Fibonacci
1.3907
1.3912
1.3916
1.3922
1.3928
1.3932
1.3937
Camarilla
1.3916
1.3918
1.3919
1.3922
1.3922
1.3923
1.3925
Woodie's
1.3898
1.3907
1.3914
1.3922
1.3929
1.3937
1.3944
DeMark's
-
-
1.3910
1.3920
1.3926
-
-","Technical IndicatorsJun 17, 2021 10:49PM GMT
Name
Value
Action
RSI(14)
40.028
Sell
STOCH(9,6)
40.263
Sell
STOCHRSI(14)
100.000
Overbought
MACD(12,26)
-0.003
Sell
ADX(14)
39.578
Sell
Williams %R
-58.758
Sell
CCI(14)
-34.7321
Neutral
ATR(14)
0.0024
Less Volatility
Highs/Lows(14)
0.0000
Neutral
Ultimate Oscillator
43.830
Sell
ROC
-0.318
Sell
Bull/Bear Power(13)
-0.0002
Sell
Buy: 0
Sell: 8
Neutral: 2


Summary:Strong Sell","Jun 17, 2021 10:49PM GMT"
usd_jpy,110.29 +0.09    +0.08%,18:50:35,2021-06-17 22:51:09.770665,"Prev. Close: 110.20
Bid/Ask: 110.28 / 110.29
Day's Range: 110.17 - 110.83",Neutral,"Summary:Neutral
Moving Averages:BuyBuy (7)Sell (5)
Technical Indicators:Strong SellBuy (1)Sell (6)","Name
S3
S2
S1
Pivot Points
R1
R2
R3
Classic
110.14
110.17
110.21
110.24
110.29
110.31
110.36
Fibonacci
110.17
110.19
110.21
110.24
110.27
110.29
110.31
Camarilla
110.24
110.25
110.25
110.24
110.27
110.27
110.28
Woodie's
110.16
110.18
110.23
110.25
110.31
110.32
110.38
DeMark's
-
-
110.23
110.25
110.30
-
-","Technical IndicatorsJun 17, 2021 10:49PM GMT
Name
Value
Action
RSI(14)
44.381
Sell
STOCH(9,6)
18.567
Oversold
STOCHRSI(14)
22.286
Oversold
MACD(12,26)
-0.030
Sell
ADX(14)
30.464
Neutral
Williams %R
-80.671
Oversold
CCI(14)
-57.1390
Sell
ATR(14)
0.1186
Less Volatility
Highs/Lows(14)
-0.0496
Sell
Ultimate Oscillator
52.237
Buy
ROC
-0.325
Sell
Bull/Bear Power(13)
-0.1750
Sell
Buy: 1
Sell: 6
Neutral: 1


Summary:Strong Sell","Jun 17, 2021 10:49PM GMT"
aud_usd,0.7559 +0.0009    +0.12%,18:50:51,2021-06-17 22:51:09.773386,"Prev. Close: 0.7550
Bid/Ask: 0.7558 / 0.7560
Day's Range: 0.7547 - 0.7560",Strong Sell,"Summary:Strong Sell
Moving Averages:SellBuy (3)Sell (9)
Technical Indicators:Strong SellBuy (0)Sell (9)","Name
S3
S2
S1
Pivot Points
R1
R2
R3
Classic
0.7538
0.7543
0.7548
0.7552
0.7557
0.7561
0.7566
Fibonacci
0.7543
0.7546
0.7548
0.7552
0.7556
0.7558
0.7561
Camarilla
0.7550
0.7551
0.7552
0.7552
0.7553
0.7554
0.7555
Woodie's
0.7538
0.7543
0.7548
0.7552
0.7557
0.7561
0.7566
DeMark's
-
-
0.7545
0.7551
0.7554
-
-","Technical IndicatorsJun 17, 2021 10:49PM GMT
Name
Value
Action
RSI(14)
32.575
Sell
STOCH(9,6)
27.150
Sell
STOCHRSI(14)
100.000
Overbought
MACD(12,26)
-0.003
Sell
ADX(14)
50.435
Sell
Williams %R
-73.283
Sell
CCI(14)
-60.4391
Sell
ATR(14)
0.0016
Less Volatility
Highs/Lows(14)
0.0000
Neutral
Ultimate Oscillator
39.572
Sell
ROC
-0.579
Sell
Bull/Bear Power(13)
-0.0010
Sell
Buy: 0
Sell: 9
Neutral: 1


Summary:Strong Sell","Jun 17, 2021 10:49PM GMT"
eur_gbp,0.8549 -0.0003    -0.03%,18:50:51,2021-06-17 22:51:09.776074,"Prev. Close: 0.8551
Bid/Ask: 0.8548 / 0.8549
Day's Range: 0.8548 - 0.8557",Strong Sell,"Summary:Strong Sell
Moving Averages:Strong SellBuy (0)Sell (12)
Technical Indicators:Strong SellBuy (1)Sell (7)","Name
S3
S2
S1
Pivot Points
R1
R2
R3
Classic
0.8541
0.8545
0.8549
0.8553
0.8558
0.8561
0.8566
Fibonacci
0.8545
0.8548
0.8550
0.8553
0.8556
0.8558
0.8561
Camarilla
0.8551
0.8552
0.8552
0.8553
0.8554
0.8554
0.8555
Woodie's
0.8541
0.8545
0.8549
0.8553
0.8558
0.8561
0.8566
DeMark's
-
-
0.8551
0.8554
0.8559
-
-","Technical IndicatorsJun 17, 2021 10:49PM GMT
Name
Value
Action
RSI(14)
35.365
Sell
STOCH(9,6)
32.804
Sell
STOCHRSI(14)
47.727
Neutral
MACD(12,26)
-0.001
Sell
ADX(14)
40.720
Sell
Williams %R
-85.185
Oversold
CCI(14)
-113.6473
Sell
ATR(14)
0.0010
Less Volatility
Highs/Lows(14)
-0.0002
Sell
Ultimate Oscillator
50.058
Neutral
ROC
0.006
Buy
Bull/Bear Power(13)
-0.0019
Sell
Buy: 1
Sell: 7
Neutral: 2


Summary:Strong Sell","Jun 17, 2021 10:49PM GMT"
usd_cad,1.2345 -0.0016    -0.13%,18:50:52,2021-06-17 22:51:09.778747,"Prev. Close: 1.2361
Bid/Ask: 1.2344 / 1.2346
Day's Range: 1.2343 - 1.2368",Strong Buy,"Summary:Strong Buy
Moving Averages:BuyBuy (8)Sell (4)
Technical Indicators:Strong BuyBuy (9)Sell (0)","Name
S3
S2
S1
Pivot Points
R1
R2
R3
Classic
1.2333
1.2342
1.2350
1.2359
1.2367
1.2376
1.2384
Fibonacci
1.2342
1.2348
1.2353
1.2359
1.2365
1.2370
1.2376
Camarilla
1.2353
1.2355
1.2356
1.2359
1.2360
1.2361
1.2363
Woodie's
1.2333
1.2342
1.2350
1.2359
1.2367
1.2376
1.2384
DeMark's
-
-
1.2346
1.2357
1.2363
-
-","Technical IndicatorsJun 17, 2021 10:49PM GMT
Name
Value
Action
RSI(14)
64.463
Buy
STOCH(9,6)
71.546
Buy
STOCHRSI(14)
0.000
Oversold
MACD(12,26)
0.003
Buy
ADX(14)
45.528
Buy
Williams %R
-38.183
Buy
CCI(14)
50.6873
Buy
ATR(14)
0.0023
Less Volatility
Highs/Lows(14)
0.0000
Neutral
Ultimate Oscillator
61.965
Buy
ROC
0.272
Buy
Bull/Bear Power(13)
0.0020
Buy
Buy: 9
Sell: 0
Neutral: 1


Summary:Strong Buy","Jun 17, 2021 10:49PM GMT"
usd_chf,0.9175 +0.0002    +0.02%,18:50:41,2021-06-17 22:51:09.781395,"Prev. Close: 0.9173
Bid/Ask: 0.9173 / 0.9177
Day's Range: 0.9169 - 0.9183",Strong Buy,"Summary:Strong Buy
Moving Averages:Strong BuyBuy (11)Sell (1)
Technical Indicators:Strong BuyBuy (10)Sell (0)","Name
S3
S2
S1
Pivot Points
R1
R2
R3
Classic
0.9155
0.9161
0.9169
0.9176
0.9184
0.9191
0.9198
Fibonacci
0.9161
0.9167
0.9170
0.9176
0.9182
0.9185
0.9191
Camarilla
0.9172
0.9173
0.9175
0.9176
0.9177
0.9179
0.9180
Woodie's
0.9155
0.9161
0.9169
0.9176
0.9184
0.9191
0.9198
DeMark's
-
-
0.9165
0.9174
0.9180
-
-","Technical IndicatorsJun 17, 2021 10:49PM GMT
Name
Value
Action
RSI(14)
74.189
Buy
STOCH(9,6)
74.955
Buy
STOCHRSI(14)
0.000
Oversold
MACD(12,26)
0.003
Buy
ADX(14)
40.046
Buy
Williams %R
-22.222
Buy
CCI(14)
74.4607
Buy
ATR(14)
0.0014
Less Volatility
Highs/Lows(14)
0.0004
Buy
Ultimate Oscillator
58.497
Buy
ROC
0.421
Buy
Bull/Bear Power(13)
0.0032
Buy
Buy: 10
Sell: 0
Neutral: 0


Summary:Strong Buy","Jun 17, 2021 10:49PM GMT"
nzd_chf,0.6436 +0.0017    +0.26%,18:50:52,2021-06-17 22:51:09.784176,"Prev. Close: 0.6419
Bid/Ask: 0.6435 / 0.6437
Day's Range: 0.6421 - 0.6438",Strong Buy,"Summary:Strong Buy
Moving Averages:BuyBuy (11)Sell (1)
Technical Indicators:Strong BuyBuy (7)Sell (3)","Name
S3
S2
S1
Pivot Points
R1
R2
R3
Classic
0.6407
0.6414
0.6420
0.6427
0.6433
0.6440
0.6447
Fibonacci
0.6414
0.6419
0.6422
0.6427
0.6432
0.6435
0.6440
Camarilla
0.6421
0.6423
0.6424
0.6427
0.6426
0.6427
0.6429
Woodie's
0.6405
0.6413
0.6418
0.6426
0.6431
0.6439
0.6445
DeMark's
-
-
0.6416
0.6425
0.6429
-
-","Technical IndicatorsJun 17, 2021 10:49PM GMT
Name
Value
Action
RSI(14)
56.575
Buy
STOCH(9,6)
59.785
Buy
STOCHRSI(14)
87.904
Overbought
MACD(12,26)
0.000
Buy
ADX(14)
29.444
Sell
Williams %R
-37.778
Buy
CCI(14)
86.5681
Buy
ATR(14)
0.0012
Less Volatility
Highs/Lows(14)
0.0002
Buy
Ultimate Oscillator
40.168
Sell
ROC
-0.209
Sell
Bull/Bear Power(13)
0.0004
Buy
Buy: 7
Sell: 3
Neutral: 0


Summary:Strong Buy","Jun 17, 2021 10:49PM GMT"
usd_cny,6.4484 +0.0515    +0.80%,11:27:22,2021-06-17 22:51:09.786848,"Prev. Close: 6.3969
Bid/Ask: 6.4477 / 6.4490
Day's Range: 6.3972 - 6.4494",Strong Buy,"Summary:Strong Buy
Moving Averages:BuyBuy (12)Sell (0)
Technical Indicators:Strong BuyBuy (7)Sell (0)","Name
S3
S2
S1
Pivot Points
R1
R2
R3
Classic
6.4380
6.4399
6.4436
6.4455
6.4492
6.4511
6.4548
Fibonacci
6.4399
6.4420
6.4434
6.4455
6.4476
6.4490
6.4511
Camarilla
6.4458
6.4463
6.4468
6.4455
6.4479
6.4484
6.4489
Woodie's
6.4390
6.4404
6.4446
6.4460
6.4502
6.4516
6.4558
DeMark's
-
-
6.4446
6.4460
6.4502
-
-","Technical IndicatorsJun 17, 2021 03:34PM GMT
Name
Value
Action
RSI(14)
85.433
Overbought
STOCH(9,6)
77.649
Buy
STOCHRSI(14)
100.000
Overbought
MACD(12,26)
0.011
Buy
ADX(14)
61.337
Buy
Williams %R
-3.426
Overbought
CCI(14)
151.8010
Buy
ATR(14)
0.0041
Less Volatility
Highs/Lows(14)
0.0141
Buy
Ultimate Oscillator
82.973
Overbought
ROC
0.391
Buy
Bull/Bear Power(13)
0.0286
Buy
Buy: 7
Sell: 0
Neutral: 0


Summary:Strong Buy","Jun 17, 2021 03:34PM GMT"
usd_hkd,7.7648 +0.0004    +0.01%,18:50:52,2021-06-17 22:51:09.789492,"Prev. Close: 7.7644
Bid/Ask: 7.7647 / 7.7649
Day's Range: 7.7641 - 7.7651",Strong Buy,"Summary:Strong Buy
Moving Averages:BuyBuy (12)Sell (0)
Technical Indicators:Strong BuyBuy (6)Sell (2)","Name
S3
S2
S1
Pivot Points
R1
R2
R3
Classic
7.7639
7.7641
7.7645
7.7647
7.7651
7.7653
7.7656
Fibonacci
7.7641
7.7643
7.7645
7.7647
7.7649
7.7651
7.7653
Camarilla
7.7646
7.7646
7.7647
7.7647
7.7648
7.7649
7.7649
Woodie's
7.7639
7.7641
7.7645
7.7647
7.7651
7.7653
7.7656
DeMark's
-
-
7.7645
7.7647
7.7651
-
-","Technical IndicatorsJun 17, 2021 10:49PM GMT
Name
Value
Action
RSI(14)
56.912
Buy
STOCH(9,6)
68.088
Buy
STOCHRSI(14)
45.003
Neutral
MACD(12,26)
0.000
Buy
ADX(14)
30.013
Sell
Williams %R
-36.838
Buy
CCI(14)
14.6888
Neutral
ATR(14)
0.0008
Less Volatility
Highs/Lows(14)
0.0000
Neutral
Ultimate Oscillator
62.219
Buy
ROC
0.010
Buy
Bull/Bear Power(13)
-0.0011
Sell
Buy: 6
Sell: 2
Neutral: 3


Summary:Strong Buy","Jun 17, 2021 10:49PM GMT"
eur_usd,1.1912 +0.0006    +0.05%,18:51:38,2021-06-17 22:52:09.781286,"Prev. Close: 1.1906
Bid/Ask: 1.1911 / 1.1912
Day's Range: 1.1906 - 1.1914",Strong Sell,"Summary:Strong Sell
Moving Averages:SellBuy (2)Sell (10)
Technical Indicators:Strong SellBuy (0)Sell (9)","Name
S3
S2
S1
Pivot Points
R1
R2
R3
Classic
1.1902
1.1904
1.1905
1.1907
1.1909
1.1910
1.1912
Fibonacci
1.1904
1.1905
1.1906
1.1907
1.1908
1.1909
1.1910
Camarilla
1.1906
1.1906
1.1906
1.1907
1.1907
1.1907
1.1907
Woodie's
1.1902
1.1904
1.1905
1.1907
1.1909
1.1910
1.1912
DeMark's
-
-
1.1904
1.1906
1.1908
-
-","Technical IndicatorsJun 17, 2021 10:51PM GMT
Name
Value
Action
RSI(14)
30.690
Sell
STOCH(9,6)
29.016
Sell
STOCHRSI(14)
100.000
Overbought
MACD(12,26)
-0.004
Sell
ADX(14)
37.562
Neutral
Williams %R
-70.001
Sell
CCI(14)
-64.1071
Sell
ATR(14)
0.0017
Less Volatility
Highs/Lows(14)
-0.0002
Sell
Ultimate Oscillator
40.399
Sell
ROC
-0.305
Sell
Bull/Bear Power(13)
-0.0020
Sell
Buy: 0
Sell: 9
Neutral: 1


Summary:Strong Sell","Jun 17, 2021 10:51PM GMT"
gbp_usd,1.3934 +0.0014    +0.10%,18:51:35,2021-06-17 22:52:09.785145,"Prev. Close: 1.3919
Bid/Ask: 1.3932 / 1.3935
Day's Range: 1.3915 - 1.3935",Strong Sell,"Summary:Strong Sell
Moving Averages:SellBuy (4)Sell (8)
Technical Indicators:Strong SellBuy (0)Sell (8)","Name
S3
S2
S1
Pivot Points
R1
R2
R3
Classic
1.3898
1.3907
1.3914
1.3922
1.3929
1.3937
1.3944
Fibonacci
1.3907
1.3912
1.3916
1.3922
1.3928
1.3932
1.3937
Camarilla
1.3916
1.3918
1.3919
1.3922
1.3922
1.3923
1.3925
Woodie's
1.3898
1.3907
1.3914
1.3922
1.3929
1.3937
1.3944
DeMark's
-
-
1.3910
1.3920
1.3926
-
-","Technical IndicatorsJun 17, 2021 10:51PM GMT
Name
Value
Action
RSI(14)
40.558
Sell
STOCH(9,6)
40.639
Sell
STOCHRSI(14)
100.000
Overbought
MACD(12,26)
-0.003
Sell
ADX(14)
39.578
Sell
Williams %R
-57.063
Sell
CCI(14)
-32.5931
Neutral
ATR(14)
0.0024
Less Volatility
Highs/Lows(14)
0.0000
Neutral
Ultimate Oscillator
44.740
Sell
ROC
-0.308
Sell
Bull/Bear Power(13)
-0.0022
Sell
Buy: 0
Sell: 8
Neutral: 2


Summary:Strong Sell","Jun 17, 2021 10:51PM GMT"
usd_jpy,110.29 +0.09    +0.08%,18:51:40,2021-06-17 22:52:09.788078,"Prev. Close: 110.20
Bid/Ask: 110.28 / 110.29
Day's Range: 110.17 - 110.83",Neutral,"Summary:Neutral
Moving Averages:BuyBuy (7)Sell (5)
Technical Indicators:Strong SellBuy (1)Sell (6)","Name
S3
S2
S1
Pivot Points
R1
R2
R3
Classic
110.14
110.17
110.21
110.24
110.29
110.31
110.36
Fibonacci
110.17
110.19
110.21
110.24
110.27
110.29
110.31
Camarilla
110.24
110.25
110.25
110.24
110.27
110.27
110.28
Woodie's
110.16
110.18
110.23
110.25
110.31
110.32
110.38
DeMark's
-
-
110.23
110.25
110.30
-
-","Technical IndicatorsJun 17, 2021 10:51PM GMT
Name
Value
Action
RSI(14)
44.381
Sell
STOCH(9,6)
18.567
Oversold
STOCHRSI(14)
22.286
Oversold
MACD(12,26)
-0.030
Sell
ADX(14)
30.464
Neutral
Williams %R
-80.671
Oversold
CCI(14)
-57.1390
Sell
ATR(14)
0.1186
Less Volatility
Highs/Lows(14)
-0.0496
Sell
Ultimate Oscillator
52.237
Buy
ROC
-0.325
Sell
Bull/Bear Power(13)
-0.1750
Sell
Buy: 1
Sell: 6
Neutral: 1


Summary:Strong Sell","Jun 17, 2021 10:51PM GMT"
aud_usd,0.7560 +0.0009    +0.13%,18:51:15,2021-06-17 22:52:09.790833,"Prev. Close: 0.7550
Bid/Ask: 0.7559 / 0.7560
Day's Range: 0.7547 - 0.7560",Strong Sell,"Summary:Strong Sell
Moving Averages:SellBuy (3)Sell (9)
Technical Indicators:Strong SellBuy (0)Sell (9)","Name
S3
S2
S1
Pivot Points
R1
R2
R3
Classic
0.7538
0.7543
0.7548
0.7552
0.7557
0.7561
0.7566
Fibonacci
0.7543
0.7546
0.7548
0.7552
0.7556
0.7558
0.7561
Camarilla
0.7550
0.7551
0.7552
0.7552
0.7553
0.7554
0.7555
Woodie's
0.7538
0.7543
0.7548
0.7552
0.7557
0.7561
0.7566
DeMark's
-
-
0.7545
0.7551
0.7554
-
-","Technical IndicatorsJun 17, 2021 10:49PM GMT
Name
Value
Action
RSI(14)
32.575
Sell
STOCH(9,6)
27.150
Sell
STOCHRSI(14)
100.000
Overbought
MACD(12,26)
-0.003
Sell
ADX(14)
50.435
Sell
Williams %R
-73.283
Sell
CCI(14)
-60.4391
Sell
ATR(14)
0.0016
Less Volatility
Highs/Lows(14)
0.0000
Neutral
Ultimate Oscillator
39.572
Sell
ROC
-0.579
Sell
Bull/Bear Power(13)
-0.0010
Sell
Buy: 0
Sell: 9
Neutral: 1


Summary:Strong Sell","Jun 17, 2021 10:49PM GMT"
eur_gbp,0.8549 -0.0003    -0.03%,18:51:43,2021-06-17 22:52:09.793524,"Prev. Close: 0.8551
Bid/Ask: 0.8547 / 0.8550
Day's Range: 0.8548 - 0.8557",Strong Sell,"Summary:Strong Sell
Moving Averages:Strong SellBuy (0)Sell (12)
Technical Indicators:Strong SellBuy (1)Sell (7)","Name
S3
S2
S1
Pivot Points
R1
R2
R3
Classic
0.8541
0.8545
0.8549
0.8553
0.8558
0.8561
0.8566
Fibonacci
0.8545
0.8548
0.8550
0.8553
0.8556
0.8558
0.8561
Camarilla
0.8551
0.8552
0.8552
0.8553
0.8554
0.8554
0.8555
Woodie's
0.8541
0.8545
0.8549
0.8553
0.8558
0.8561
0.8566
DeMark's
-
-
0.8551
0.8554
0.8559
-
-","Technical IndicatorsJun 17, 2021 10:51PM GMT
Name
Value
Action
RSI(14)
35.365
Sell
STOCH(9,6)
32.804
Sell
STOCHRSI(14)
47.727
Neutral
MACD(12,26)
-0.001
Sell
ADX(14)
40.720
Sell
Williams %R
-85.185
Oversold
CCI(14)
-113.6473
Sell
ATR(14)
0.0010
Less Volatility
Highs/Lows(14)
-0.0002
Sell
Ultimate Oscillator
50.058
Neutral
ROC
0.006
Buy
Bull/Bear Power(13)
-0.0019
Sell
Buy: 1
Sell: 7
Neutral: 2


Summary:Strong Sell","Jun 17, 2021 10:51PM GMT"
usd_cad,1.2345 -0.0016    -0.13%,18:51:27,2021-06-17 22:52:09.796205,"Prev. Close: 1.2361
Bid/Ask: 1.2344 / 1.2346
Day's Range: 1.2343 - 1.2368",Strong Buy,"Summary:Strong Buy
Moving Averages:BuyBuy (8)Sell (4)
Technical Indicators:Strong BuyBuy (8)Sell (0)","Name
S3
S2
S1
Pivot Points
R1
R2
R3
Classic
1.2333
1.2342
1.2350
1.2359
1.2367
1.2376
1.2384
Fibonacci
1.2342
1.2348
1.2353
1.2359
1.2365
1.2370
1.2376
Camarilla
1.2353
1.2355
1.2356
1.2359
1.2360
1.2361
1.2363
Woodie's
1.2333
1.2342
1.2350
1.2359
1.2367
1.2376
1.2384
DeMark's
-
-
1.2346
1.2357
1.2363
-
-","Technical IndicatorsJun 17, 2021 10:51PM GMT
Name
Value
Action
RSI(14)
63.721
Buy
STOCH(9,6)
71.196
Buy
STOCHRSI(14)
0.000
Oversold
MACD(12,26)
0.003
Buy
ADX(14)
45.423
Buy
Williams %R
-40.001
Buy
CCI(14)
47.5060
Neutral
ATR(14)
0.0023
Less Volatility
Highs/Lows(14)
0.0000
Neutral
Ultimate Oscillator
61.244
Buy
ROC
0.260
Buy
Bull/Bear Power(13)
0.0020
Buy
Buy: 8
Sell: 0
Neutral: 2


Summary:Strong Buy","Jun 17, 2021 10:51PM GMT"
usd_chf,0.9175 +0.0002    +0.02%,18:51:42,2021-06-17 22:52:09.798873,"Prev. Close: 0.9173
Bid/Ask: 0.9171 / 0.9179
Day's Range: 0.9169 - 0.9183",Strong Buy,"Summary:Strong Buy
Moving Averages:BuyBuy (10)Sell (2)
Technical Indicators:Strong BuyBuy (10)Sell (0)","Name
S3
S2
S1
Pivot Points
R1
R2
R3
Classic
0.9155
0.9161
0.9169
0.9176
0.9184
0.9191
0.9198
Fibonacci
0.9161
0.9167
0.9170
0.9176
0.9182
0.9185
0.9191
Camarilla
0.9172
0.9173
0.9175
0.9176
0.9177
0.9179
0.9180
Woodie's
0.9155
0.9161
0.9169
0.9176
0.9184
0.9191
0.9198
DeMark's
-
-
0.9165
0.9174
0.9180
-
-","Technical IndicatorsJun 17, 2021 10:51PM GMT
Name
Value
Action
RSI(14)
73.456
Buy
STOCH(9,6)
74.553
Buy
STOCHRSI(14)
0.000
Oversold
MACD(12,26)
0.003
Buy
ADX(14)
40.046
Buy
Williams %R
-23.931
Buy
CCI(14)
72.8746
Buy
ATR(14)
0.0014
Less Volatility
Highs/Lows(14)
0.0003
Buy
Ultimate Oscillator
57.560
Buy
ROC
0.410
Buy
Bull/Bear Power(13)
0.0032
Buy
Buy: 10
Sell: 0
Neutral: 0


Summary:Strong Buy","Jun 17, 2021 10:51PM GMT"
nzd_chf,0.6438 +0.0019    +0.30%,18:51:42,2021-06-17 22:52:09.801524,"Prev. Close: 0.6419
Bid/Ask: 0.6433 / 0.6443
Day's Range: 0.6421 - 0.6438",Strong Buy,"Summary:Strong Buy
Moving Averages:BuyBuy (12)Sell (0)
Technical Indicators:Strong BuyBuy (7)Sell (3)","Name
S3
S2
S1
Pivot Points
R1
R2
R3
Classic
0.6407
0.6414
0.6420
0.6427
0.6433
0.6440
0.6447
Fibonacci
0.6414
0.6419
0.6422
0.6427
0.6432
0.6435
0.6440
Camarilla
0.6421
0.6423
0.6424
0.6427
0.6426
0.6427
0.6429
Woodie's
0.6405
0.6413
0.6418
0.6426
0.6431
0.6439
0.6445
DeMark's
-
-
0.6416
0.6425
0.6429
-
-","Technical IndicatorsJun 17, 2021 10:51PM GMT
Name
Value
Action
RSI(14)
59.008
Buy
STOCH(9,6)
61.931
Buy
STOCHRSI(14)
100.000
Overbought
MACD(12,26)
0.000
Buy
ADX(14)
29.139
Sell
Williams %R
-28.889
Buy
CCI(14)
105.1110
Buy
ATR(14)
0.0012
Less Volatility
Highs/Lows(14)
0.0006
Buy
Ultimate Oscillator
44.337
Sell
ROC
-0.147
Sell
Bull/Bear Power(13)
0.0005
Buy
Buy: 7
Sell: 3
Neutral: 0


Summary:Strong Buy","Jun 17, 2021 10:51PM GMT"
usd_cny,6.4484 +0.0515    +0.80%,11:27:22,2021-06-17 22:52:09.804240,"Prev. Close: 6.3969
Bid/Ask: 6.4477 / 6.4490
Day's Range: 6.3972 - 6.4494",Strong Buy,"Summary:Strong Buy
Moving Averages:BuyBuy (12)Sell (0)
Technical Indicators:Strong BuyBuy (7)Sell (0)","Name
S3
S2
S1
Pivot Points
R1
R2
R3
Classic
6.4380
6.4399
6.4436
6.4455
6.4492
6.4511
6.4548
Fibonacci
6.4399
6.4420
6.4434
6.4455
6.4476
6.4490
6.4511
Camarilla
6.4458
6.4463
6.4468
6.4455
6.4479
6.4484
6.4489
Woodie's
6.4390
6.4404
6.4446
6.4460
6.4502
6.4516
6.4558
DeMark's
-
-
6.4446
6.4460
6.4502
-
-","Technical IndicatorsJun 17, 2021 03:34PM GMT
Name
Value
Action
RSI(14)
85.433
Overbought
STOCH(9,6)
77.649
Buy
STOCHRSI(14)
100.000
Overbought
MACD(12,26)
0.011
Buy
ADX(14)
61.337
Buy
Williams %R
-3.426
Overbought
CCI(14)
151.8010
Buy
ATR(14)
0.0041
Less Volatility
Highs/Lows(14)
0.0141
Buy
Ultimate Oscillator
82.973
Overbought
ROC
0.391
Buy
Bull/Bear Power(13)
0.0286
Buy
Buy: 7
Sell: 0
Neutral: 0


Summary:Strong Buy","Jun 17, 2021 03:34PM GMT"
usd_hkd,7.7650 +0.0006    +0.01%,18:51:34,2021-06-17 22:52:09.806921,"Prev. Close: 7.7644
Bid/Ask: 7.7648 / 7.7651
Day's Range: 7.7641 - 7.7652",Strong Buy,"Summary:Strong Buy
Moving Averages:BuyBuy (12)Sell (0)
Technical Indicators:Strong BuyBuy (8)Sell (2)","Name
S3
S2
S1
Pivot Points
R1
R2
R3
Classic
7.7639
7.7641
7.7645
7.7647
7.7651
7.7653
7.7656
Fibonacci
7.7641
7.7643
7.7645
7.7647
7.7649
7.7651
7.7653
Camarilla
7.7646
7.7646
7.7647
7.7647
7.7648
7.7649
7.7649
Woodie's
7.7639
7.7641
7.7645
7.7647
7.7651
7.7653
7.7656
DeMark's
-
-
7.7645
7.7647
7.7651
-
-","Technical IndicatorsJun 17, 2021 10:51PM GMT
Name
Value
Action
RSI(14)
58.425
Buy
STOCH(9,6)
68.357
Buy
STOCHRSI(14)
55.193
Buy
MACD(12,26)
0.000
Buy
ADX(14)
29.651
Sell
Williams %R
-26.324
Buy
CCI(14)
48.4996
Neutral
ATR(14)
0.0008
Less Volatility
Highs/Lows(14)
0.0001
Buy
Ultimate Oscillator
63.371
Buy
ROC
0.013
Buy
Bull/Bear Power(13)
-0.0009
Sell
Buy: 8
Sell: 2
Neutral: 1


Summary:Strong Buy","Jun 17, 2021 10:51PM GMT"
eur_usd,1.1912 +0.0006    +0.05%,18:52:20,2021-06-17 22:53:09.916651,"Prev. Close: 1.1906
Bid/Ask: 1.1911 / 1.1912
Day's Range: 1.1906 - 1.1914",Strong Sell,"Summary:Strong Sell
Moving Averages:SellBuy (2)Sell (10)
Technical Indicators:Strong SellBuy (0)Sell (9)","Name
S3
S2
S1
Pivot Points
R1
R2
R3
Classic
1.1902
1.1904
1.1905
1.1907
1.1909
1.1910
1.1912
Fibonacci
1.1904
1.1905
1.1906
1.1907
1.1908
1.1909
1.1910
Camarilla
1.1906
1.1906
1.1906
1.1907
1.1907
1.1907
1.1907
Woodie's
1.1902
1.1904
1.1905
1.1907
1.1909
1.1910
1.1912
DeMark's
-
-
1.1904
1.1906
1.1908
-
-","Technical IndicatorsJun 17, 2021 10:51PM GMT
Name
Value
Action
RSI(14)
30.690
Sell
STOCH(9,6)
29.016
Sell
STOCHRSI(14)
100.000
Overbought
MACD(12,26)
-0.004
Sell
ADX(14)
37.562
Neutral
Williams %R
-70.001
Sell
CCI(14)
-64.1071
Sell
ATR(14)
0.0017
Less Volatility
Highs/Lows(14)
-0.0002
Sell
Ultimate Oscillator
40.399
Sell
ROC
-0.305
Sell
Bull/Bear Power(13)
-0.0020
Sell
Buy: 0
Sell: 9
Neutral: 1


Summary:Strong Sell","Jun 17, 2021 10:51PM GMT"
gbp_usd,1.3934 +0.0014    +0.10%,18:52:46,2021-06-17 22:53:09.920644,"Prev. Close: 1.3919
Bid/Ask: 1.3932 / 1.3935
Day's Range: 1.3915 - 1.3935",Strong Sell,"Summary:Strong Sell
Moving Averages:SellBuy (4)Sell (8)
Technical Indicators:Strong SellBuy (0)Sell (8)","Name
S3
S2
S1
Pivot Points
R1
R2
R3
Classic
1.3898
1.3907
1.3914
1.3922
1.3929
1.3937
1.3944
Fibonacci
1.3907
1.3912
1.3916
1.3922
1.3928
1.3932
1.3937
Camarilla
1.3916
1.3918
1.3919
1.3922
1.3922
1.3923
1.3925
Woodie's
1.3898
1.3907
1.3914
1.3922
1.3929
1.3937
1.3944
DeMark's
-
-
1.3910
1.3920
1.3926
-
-","Technical IndicatorsJun 17, 2021 10:51PM GMT
Name
Value
Action
RSI(14)
40.558
Sell
STOCH(9,6)
40.639
Sell
STOCHRSI(14)
100.000
Overbought
MACD(12,26)
-0.003
Sell
ADX(14)
39.578
Sell
Williams %R
-57.063
Sell
CCI(14)
-32.5931
Neutral
ATR(14)
0.0024
Less Volatility
Highs/Lows(14)
0.0000
Neutral
Ultimate Oscillator
44.740
Sell
ROC
-0.308
Sell
Bull/Bear Power(13)
-0.0022
Sell
Buy: 0
Sell: 8
Neutral: 2


Summary:Strong Sell","Jun 17, 2021 10:51PM GMT"
usd_jpy,110.29 +0.09    +0.08%,18:52:40,2021-06-17 22:53:09.923609,"Prev. Close: 110.20
Bid/Ask: 110.28 / 110.29
Day's Range: 110.17 - 110.83",Neutral,"Summary:Neutral
Moving Averages:BuyBuy (7)Sell (5)
Technical Indicators:Strong SellBuy (1)Sell (6)","Name
S3
S2
S1
Pivot Points
R1
R2
R3
Classic
110.14
110.17
110.21
110.24
110.29
110.31
110.36
Fibonacci
110.17
110.19
110.21
110.24
110.27
110.29
110.31
Camarilla
110.24
110.25
110.25
110.24
110.27
110.27
110.28
Woodie's
110.16
110.18
110.23
110.25
110.31
110.32
110.38
DeMark's
-
-
110.23
110.25
110.30
-
-","Technical IndicatorsJun 17, 2021 10:51PM GMT
Name
Value
Action
RSI(14)
44.381
Sell
STOCH(9,6)
18.567
Oversold
STOCHRSI(14)
22.286
Oversold
MACD(12,26)
-0.030
Sell
ADX(14)
30.464
Neutral
Williams %R
-80.671
Oversold
CCI(14)
-57.1390
Sell
ATR(14)
0.1186
Less Volatility
Highs/Lows(14)
-0.0496
Sell
Ultimate Oscillator
52.237
Buy
ROC
-0.325
Sell
Bull/Bear Power(13)
-0.1750
Sell
Buy: 1
Sell: 6
Neutral: 1


Summary:Strong Sell","Jun 17, 2021 10:51PM GMT"
aud_usd,0.7560 +0.0009    +0.13%,18:52:42,2021-06-17 22:53:09.926313,"Prev. Close: 0.7550
Bid/Ask: 0.7559 / 0.7560
Day's Range: 0.7547 - 0.7560",Strong Sell,"Summary:Strong Sell
Moving Averages:SellBuy (3)Sell (9)
Technical Indicators:Strong SellBuy (0)Sell (9)","Name
S3
S2
S1
Pivot Points
R1
R2
R3
Classic
0.7538
0.7543
0.7548
0.7552
0.7557
0.7561
0.7566
Fibonacci
0.7543
0.7546
0.7548
0.7552
0.7556
0.7558
0.7561
Camarilla
0.7550
0.7551
0.7552
0.7552
0.7553
0.7554
0.7555
Woodie's
0.7538
0.7543
0.7548
0.7552
0.7557
0.7561
0.7566
DeMark's
-
-
0.7545
0.7551
0.7554
-
-","Technical IndicatorsJun 17, 2021 10:51PM GMT
Name
Value
Action
RSI(14)
34.234
Sell
STOCH(9,6)
28.394
Sell
STOCHRSI(14)
100.000
Overbought
MACD(12,26)
-0.003
Sell
ADX(14)
49.711
Sell
Williams %R
-69.466
Sell
CCI(14)
-54.2691
Sell
ATR(14)
0.0016
Less Volatility
Highs/Lows(14)
0.0000
Neutral
Ultimate Oscillator
41.395
Sell
ROC
-0.546
Sell
Bull/Bear Power(13)
-0.0010
Sell
Buy: 0
Sell: 9
Neutral: 1


Summary:Strong Sell","Jun 17, 2021 10:51PM GMT"
eur_gbp,0.8549 -0.0002    -0.02%,18:52:54,2021-06-17 22:53:09.928997,"Prev. Close: 0.8551
Bid/Ask: 0.8548 / 0.8550
Day's Range: 0.8548 - 0.8557",Strong Sell,"Summary:Strong Sell
Moving Averages:Strong SellBuy (0)Sell (12)
Technical Indicators:Strong SellBuy (1)Sell (7)","Name
S3
S2
S1
Pivot Points
R1
R2
R3
Classic
0.8541
0.8545
0.8549
0.8553
0.8558
0.8561
0.8566
Fibonacci
0.8545
0.8548
0.8550
0.8553
0.8556
0.8558
0.8561
Camarilla
0.8551
0.8552
0.8552
0.8553
0.8554
0.8554
0.8555
Woodie's
0.8541
0.8545
0.8549
0.8553
0.8558
0.8561
0.8566
DeMark's
-
-
0.8551
0.8554
0.8559
-
-","Technical IndicatorsJun 17, 2021 10:51PM GMT
Name
Value
Action
RSI(14)
35.365
Sell
STOCH(9,6)
32.804
Sell
STOCHRSI(14)
47.727
Neutral
MACD(12,26)
-0.001
Sell
ADX(14)
40.720
Sell
Williams %R
-85.185
Oversold
CCI(14)
-113.6473
Sell
ATR(14)
0.0010
Less Volatility
Highs/Lows(14)
-0.0002
Sell
Ultimate Oscillator
50.058
Neutral
ROC
0.006
Buy
Bull/Bear Power(13)
-0.0019
Sell
Buy: 1
Sell: 7
Neutral: 2


Summary:Strong Sell","Jun 17, 2021 10:51PM GMT"
usd_cad,1.2345 -0.0016    -0.13%,18:52:42,2021-06-17 22:53:09.931686,"Prev. Close: 1.2361
Bid/Ask: 1.2344 / 1.2345
Day's Range: 1.2343 - 1.2368",Strong Buy,"Summary:Strong Buy
Moving Averages:BuyBuy (8)Sell (4)
Technical Indicators:Strong BuyBuy (8)Sell (0)","Name
S3
S2
S1
Pivot Points
R1
R2
R3
Classic
1.2333
1.2342
1.2350
1.2359
1.2367
1.2376
1.2384
Fibonacci
1.2342
1.2348
1.2353
1.2359
1.2365
1.2370
1.2376
Camarilla
1.2353
1.2355
1.2356
1.2359
1.2360
1.2361
1.2363
Woodie's
1.2333
1.2342
1.2350
1.2359
1.2367
1.2376
1.2384
DeMark's
-
-
1.2346
1.2357
1.2363
-
-","Technical IndicatorsJun 17, 2021 10:51PM GMT
Name
Value
Action
RSI(14)
63.721
Buy
STOCH(9,6)
71.196
Buy
STOCHRSI(14)
0.000
Oversold
MACD(12,26)
0.003
Buy
ADX(14)
45.423
Buy
Williams %R
-40.001
Buy
CCI(14)
47.5060
Neutral
ATR(14)
0.0023
Less Volatility
Highs/Lows(14)
0.0000
Neutral
Ultimate Oscillator
61.244
Buy
ROC
0.260
Buy
Bull/Bear Power(13)
0.0020
Buy
Buy: 8
Sell: 0
Neutral: 2


Summary:Strong Buy","Jun 17, 2021 10:51PM GMT"
usd_chf,0.9175 +0.0002    +0.02%,18:52:38,2021-06-17 22:53:09.934361,"Prev. Close: 0.9173
Bid/Ask: 0.9171 / 0.9179
Day's Range: 0.9169 - 0.9183",Strong Buy,"Summary:Strong Buy
Moving Averages:BuyBuy (10)Sell (2)
Technical Indicators:Strong BuyBuy (10)Sell (0)","Name
S3
S2
S1
Pivot Points
R1
R2
R3
Classic
0.9155
0.9161
0.9169
0.9176
0.9184
0.9191
0.9198
Fibonacci
0.9161
0.9167
0.9170
0.9176
0.9182
0.9185
0.9191
Camarilla
0.9172
0.9173
0.9175
0.9176
0.9177
0.9179
0.9180
Woodie's
0.9155
0.9161
0.9169
0.9176
0.9184
0.9191
0.9198
DeMark's
-
-
0.9165
0.9174
0.9180
-
-","Technical IndicatorsJun 17, 2021 10:51PM GMT
Name
Value
Action
RSI(14)
73.456
Buy
STOCH(9,6)
74.553
Buy
STOCHRSI(14)
0.000
Oversold
MACD(12,26)
0.003
Buy
ADX(14)
40.046
Buy
Williams %R
-23.931
Buy
CCI(14)
72.8746
Buy
ATR(14)
0.0014
Less Volatility
Highs/Lows(14)
0.0003
Buy
Ultimate Oscillator
57.560
Buy
ROC
0.410
Buy
Bull/Bear Power(13)
0.0032
Buy
Buy: 10
Sell: 0
Neutral: 0


Summary:Strong Buy","Jun 17, 2021 10:51PM GMT"
nzd_chf,0.6438 +0.0019    +0.29%,18:52:52,2021-06-17 22:53:09.937038,"Prev. Close: 0.6419
Bid/Ask: 0.6434 / 0.6441
Day's Range: 0.6421 - 0.6439",Strong Buy,"Summary:Strong Buy
Moving Averages:BuyBuy (12)Sell (0)
Technical Indicators:Strong BuyBuy (7)Sell (3)","Name
S3
S2
S1
Pivot Points
R1
R2
R3
Classic
0.6407
0.6414
0.6420
0.6427
0.6433
0.6440
0.6447
Fibonacci
0.6414
0.6419
0.6422
0.6427
0.6432
0.6435
0.6440
Camarilla
0.6421
0.6423
0.6424
0.6427
0.6426
0.6427
0.6429
Woodie's
0.6405
0.6413
0.6418
0.6426
0.6431
0.6439
0.6445
DeMark's
-
-
0.6416
0.6425
0.6429
-
-","Technical IndicatorsJun 17, 2021 10:51PM GMT
Name
Value
Action
RSI(14)
59.008
Buy
STOCH(9,6)
61.931
Buy
STOCHRSI(14)
100.000
Overbought
MACD(12,26)
0.000
Buy
ADX(14)
29.139
Sell
Williams %R
-28.889
Buy
CCI(14)
105.1110
Buy
ATR(14)
0.0012
Less Volatility
Highs/Lows(14)
0.0006
Buy
Ultimate Oscillator
44.337
Sell
ROC
-0.147
Sell
Bull/Bear Power(13)
0.0005
Buy
Buy: 7
Sell: 3
Neutral: 0


Summary:Strong Buy","Jun 17, 2021 10:51PM GMT"
usd_cny,6.4484 +0.0515    +0.80%,11:27:22,2021-06-17 22:53:09.939712,"Prev. Close: 6.3969
Bid/Ask: 6.4477 / 6.4490
Day's Range: 6.3972 - 6.4494",Strong Buy,"Summary:Strong Buy
Moving Averages:BuyBuy (12)Sell (0)
Technical Indicators:Strong BuyBuy (7)Sell (0)","Name
S3
S2
S1
Pivot Points
R1
R2
R3
Classic
6.4380
6.4399
6.4436
6.4455
6.4492
6.4511
6.4548
Fibonacci
6.4399
6.4420
6.4434
6.4455
6.4476
6.4490
6.4511
Camarilla
6.4458
6.4463
6.4468
6.4455
6.4479
6.4484
6.4489
Woodie's
6.4390
6.4404
6.4446
6.4460
6.4502
6.4516
6.4558
DeMark's
-
-
6.4446
6.4460
6.4502
-
-","Technical IndicatorsJun 17, 2021 03:34PM GMT
Name
Value
Action
RSI(14)
85.433
Overbought
STOCH(9,6)
77.649
Buy
STOCHRSI(14)
100.000
Overbought
MACD(12,26)
0.011
Buy
ADX(14)
61.337
Buy
Williams %R
-3.426
Overbought
CCI(14)
151.8010
Buy
ATR(14)
0.0041
Less Volatility
Highs/Lows(14)
0.0141
Buy
Ultimate Oscillator
82.973
Overbought
ROC
0.391
Buy
Bull/Bear Power(13)
0.0286
Buy
Buy: 7
Sell: 0
Neutral: 0


Summary:Strong Buy","Jun 17, 2021 03:34PM GMT"
usd_hkd,7.7651 +0.0006    +0.01%,18:52:53,2021-06-17 22:53:09.942368,"Prev. Close: 7.7644
Bid/Ask: 7.7646 / 7.7655
Day's Range: 7.7641 - 7.7652",Strong Buy,"Summary:Strong Buy
Moving Averages:BuyBuy (12)Sell (0)
Technical Indicators:Strong BuyBuy (8)Sell (2)","Name
S3
S2
S1
Pivot Points
R1
R2
R3
Classic
7.7639
7.7641
7.7645
7.7647
7.7651
7.7653
7.7656
Fibonacci
7.7641
7.7643
7.7645
7.7647
7.7649
7.7651
7.7653
Camarilla
7.7646
7.7646
7.7647
7.7647
7.7648
7.7649
7.7649
Woodie's
7.7639
7.7641
7.7645
7.7647
7.7651
7.7653
7.7656
DeMark's
-
-
7.7645
7.7647
7.7651
-
-","Technical IndicatorsJun 17, 2021 10:51PM GMT
Name
Value
Action
RSI(14)
58.425
Buy
STOCH(9,6)
68.357
Buy
STOCHRSI(14)
55.193
Buy
MACD(12,26)
0.000
Buy
ADX(14)
29.651
Sell
Williams %R
-26.324
Buy
CCI(14)
48.4996
Neutral
ATR(14)
0.0008
Less Volatility
Highs/Lows(14)
0.0001
Buy
Ultimate Oscillator
63.371
Buy
ROC
0.013
Buy
Bull/Bear Power(13)
-0.0009
Sell
Buy: 8
Sell: 2
Neutral: 1


Summary:Strong Buy","Jun 17, 2021 10:51PM GMT"
eur_usd,1.1912 +0.0006    +0.05%,18:53:38,2021-06-17 22:54:09.560336,"Prev. Close: 1.1906
Bid/Ask: 1.1911 / 1.1912
Day's Range: 1.1906 - 1.1914",Strong Sell,"Summary:Strong Sell
Moving Averages:SellBuy (2)Sell (10)
Technical Indicators:Strong SellBuy (0)Sell (9)","Name
S3
S2
S1
Pivot Points
R1
R2
R3
Classic
1.1902
1.1904
1.1905
1.1907
1.1909
1.1910
1.1912
Fibonacci
1.1904
1.1905
1.1906
1.1907
1.1908
1.1909
1.1910
Camarilla
1.1906
1.1906
1.1906
1.1907
1.1907
1.1907
1.1907
Woodie's
1.1902
1.1904
1.1905
1.1907
1.1909
1.1910
1.1912
DeMark's
-
-
1.1904
1.1906
1.1908
-
-","Technical IndicatorsJun 17, 2021 10:53PM GMT
Name
Value
Action
RSI(14)
30.690
Sell
STOCH(9,6)
29.016
Sell
STOCHRSI(14)
100.000
Overbought
MACD(12,26)
-0.004
Sell
ADX(14)
37.562
Neutral
Williams %R
-70.001
Sell
CCI(14)
-64.1071
Sell
ATR(14)
0.0017
Less Volatility
Highs/Lows(14)
-0.0002
Sell
Ultimate Oscillator
40.399
Sell
ROC
-0.305
Sell
Bull/Bear Power(13)
-0.0020
Sell
Buy: 0
Sell: 9
Neutral: 1


Summary:Strong Sell","Jun 17, 2021 10:53PM GMT"
gbp_usd,1.3933 +0.0014    +0.10%,18:53:39,2021-06-17 22:54:09.564199,"Prev. Close: 1.3919
Bid/Ask: 1.3932 / 1.3934
Day's Range: 1.3915 - 1.3935",Strong Sell,"Summary:Strong Sell
Moving Averages:SellBuy (4)Sell (8)
Technical Indicators:Strong SellBuy (0)Sell (8)","Name
S3
S2
S1
Pivot Points
R1
R2
R3
Classic
1.3898
1.3907
1.3914
1.3922
1.3929
1.3937
1.3944
Fibonacci
1.3907
1.3912
1.3916
1.3922
1.3928
1.3932
1.3937
Camarilla
1.3916
1.3918
1.3919
1.3922
1.3922
1.3923
1.3925
Woodie's
1.3898
1.3907
1.3914
1.3922
1.3929
1.3937
1.3944
DeMark's
-
-
1.3910
1.3920
1.3926
-
-","Technical IndicatorsJun 17, 2021 10:53PM GMT
Name
Value
Action
RSI(14)
40.382
Sell
STOCH(9,6)
40.514
Sell
STOCHRSI(14)
100.000
Overbought
MACD(12,26)
-0.003
Sell
ADX(14)
39.578
Sell
Williams %R
-57.627
Sell
CCI(14)
-33.3066
Neutral
ATR(14)
0.0024
Less Volatility
Highs/Lows(14)
0.0000
Neutral
Ultimate Oscillator
44.437
Sell
ROC
-0.311
Sell
Bull/Bear Power(13)
-0.0022
Sell
Buy: 0
Sell: 8
Neutral: 2


Summary:Strong Sell","Jun 17, 2021 10:53PM GMT"
usd_jpy,110.29 +0.09    +0.08%,18:53:35,2021-06-17 22:54:09.567274,"Prev. Close: 110.20
Bid/Ask: 110.28 / 110.29
Day's Range: 110.17 - 110.83",Sell,"Summary:Sell
Moving Averages:NeutralBuy (6)Sell (6)
Technical Indicators:Strong SellBuy (1)Sell (6)","Name
S3
S2
S1
Pivot Points
R1
R2
R3
Classic
110.14
110.17
110.21
110.24
110.29
110.31
110.36
Fibonacci
110.17
110.19
110.21
110.24
110.27
110.29
110.31
Camarilla
110.24
110.25
110.25
110.24
110.27
110.27
110.28
Woodie's
110.16
110.18
110.23
110.25
110.31
110.32
110.38
DeMark's
-
-
110.23
110.25
110.30
-
-","Technical IndicatorsJun 17, 2021 10:53PM GMT
Name
Value
Action
RSI(14)
43.730
Sell
STOCH(9,6)
18.038
Oversold
STOCHRSI(14)
19.914
Oversold
MACD(12,26)
-0.030
Sell
ADX(14)
30.464
Neutral
Williams %R
-82.352
Oversold
CCI(14)
-58.3616
Sell
ATR(14)
0.1186
Less Volatility
Highs/Lows(14)
-0.0596
Sell
Ultimate Oscillator
51.084
Buy
ROC
-0.334
Sell
Bull/Bear Power(13)
-0.1730
Sell
Buy: 1
Sell: 6
Neutral: 1


Summary:Strong Sell","Jun 17, 2021 10:53PM GMT"
aud_usd,0.7559 +0.0008    +0.11%,18:53:33,2021-06-17 22:54:09.569999,"Prev. Close: 0.7550
Bid/Ask: 0.7558 / 0.7559
Day's Range: 0.7547 - 0.7560",Strong Sell,"Summary:Strong Sell
Moving Averages:SellBuy (3)Sell (9)
Technical Indicators:Strong SellBuy (0)Sell (9)","Name
S3
S2
S1
Pivot Points
R1
R2
R3
Classic
0.7538
0.7543
0.7548
0.7552
0.7557
0.7561
0.7566
Fibonacci
0.7543
0.7546
0.7548
0.7552
0.7556
0.7558
0.7561
Camarilla
0.7550
0.7551
0.7552
0.7552
0.7553
0.7554
0.7555
Woodie's
0.7538
0.7543
0.7548
0.7552
0.7557
0.7561
0.7566
DeMark's
-
-
0.7545
0.7551
0.7554
-
-","Technical IndicatorsJun 17, 2021 10:51PM GMT
Name
Value
Action
RSI(14)
34.234
Sell
STOCH(9,6)
28.394
Sell
STOCHRSI(14)
100.000
Overbought
MACD(12,26)
-0.003
Sell
ADX(14)
49.711
Sell
Williams %R
-69.466
Sell
CCI(14)
-54.2691
Sell
ATR(14)
0.0016
Less Volatility
Highs/Lows(14)
0.0000
Neutral
Ultimate Oscillator
41.395
Sell
ROC
-0.546
Sell
Bull/Bear Power(13)
-0.0010
Sell
Buy: 0
Sell: 9
Neutral: 1


Summary:Strong Sell","Jun 17, 2021 10:51PM GMT"
eur_gbp,0.8550 -0.0001    -0.02%,18:53:44,2021-06-17 22:54:09.572664,"Prev. Close: 0.8551
Bid/Ask: 0.8547 / 0.8552
Day's Range: 0.8548 - 0.8557",Strong Sell,"Summary:Strong Sell
Moving Averages:Strong SellBuy (0)Sell (12)
Technical Indicators:Strong SellBuy (1)Sell (7)","Name
S3
S2
S1
Pivot Points
R1
R2
R3
Classic
0.8541
0.8545
0.8549
0.8553
0.8558
0.8561
0.8566
Fibonacci
0.8545
0.8548
0.8550
0.8553
0.8556
0.8558
0.8561
Camarilla
0.8551
0.8552
0.8552
0.8553
0.8554
0.8554
0.8555
Woodie's
0.8541
0.8545
0.8549
0.8553
0.8558
0.8561
0.8566
DeMark's
-
-
0.8551
0.8554
0.8559
-
-","Technical IndicatorsJun 17, 2021 10:53PM GMT
Name
Value
Action
RSI(14)
35.365
Sell
STOCH(9,6)
32.804
Sell
STOCHRSI(14)
47.727
Neutral
MACD(12,26)
-0.001
Sell
ADX(14)
40.720
Sell
Williams %R
-85.185
Oversold
CCI(14)
-113.6473
Sell
ATR(14)
0.0010
Less Volatility
Highs/Lows(14)
-0.0002
Sell
Ultimate Oscillator
50.058
Neutral
ROC
0.006
Buy
Bull/Bear Power(13)
-0.0019
Sell
Buy: 1
Sell: 7
Neutral: 2


Summary:Strong Sell","Jun 17, 2021 10:53PM GMT"
usd_cad,1.2345 -0.0016    -0.13%,18:53:22,2021-06-17 22:54:09.575334,"Prev. Close: 1.2361
Bid/Ask: 1.2344 / 1.2345
Day's Range: 1.2343 - 1.2368",Strong Buy,"Summary:Strong Buy
Moving Averages:BuyBuy (8)Sell (4)
Technical Indicators:Strong BuyBuy (8)Sell (0)","Name
S3
S2
S1
Pivot Points
R1
R2
R3
Classic
1.2333
1.2342
1.2350
1.2359
1.2367
1.2376
1.2384
Fibonacci
1.2342
1.2348
1.2353
1.2359
1.2365
1.2370
1.2376
Camarilla
1.2353
1.2355
1.2356
1.2359
1.2360
1.2361
1.2363
Woodie's
1.2333
1.2342
1.2350
1.2359
1.2367
1.2376
1.2384
DeMark's
-
-
1.2346
1.2357
1.2363
-
-","Technical IndicatorsJun 17, 2021 10:53PM GMT
Name
Value
Action
RSI(14)
63.967
Buy
STOCH(9,6)
71.313
Buy
STOCHRSI(14)
0.000
Oversold
MACD(12,26)
0.003
Buy
ADX(14)
45.423
Buy
Williams %R
-39.394
Buy
CCI(14)
48.3045
Neutral
ATR(14)
0.0023
Less Volatility
Highs/Lows(14)
0.0000
Neutral
Ultimate Oscillator
61.523
Buy
ROC
0.264
Buy
Bull/Bear Power(13)
0.0020
Buy
Buy: 8
Sell: 0
Neutral: 2


Summary:Strong Buy","Jun 17, 2021 10:53PM GMT"
usd_chf,0.9176 +0.0003    +0.03%,18:54:01,2021-06-17 22:54:09.577995,"Prev. Close: 0.9173
Bid/Ask: 0.9172 / 0.9180
Day's Range: 0.9169 - 0.9183",Strong Buy,"Summary:Strong Buy
Moving Averages:BuyBuy (10)Sell (2)
Technical Indicators:Strong BuyBuy (10)Sell (0)","Name
S3
S2
S1
Pivot Points
R1
R2
R3
Classic
0.9155
0.9161
0.9169
0.9176
0.9184
0.9191
0.9198
Fibonacci
0.9161
0.9167
0.9170
0.9176
0.9182
0.9185
0.9191
Camarilla
0.9172
0.9173
0.9175
0.9176
0.9177
0.9179
0.9180
Woodie's
0.9155
0.9161
0.9169
0.9176
0.9184
0.9191
0.9198
DeMark's
-
-
0.9165
0.9174
0.9180
-
-","Technical IndicatorsJun 17, 2021 10:51PM GMT
Name
Value
Action
RSI(14)
73.456
Buy
STOCH(9,6)
74.553
Buy
STOCHRSI(14)
0.000
Oversold
MACD(12,26)
0.003
Buy
ADX(14)
40.046
Buy
Williams %R
-23.931
Buy
CCI(14)
72.8746
Buy
ATR(14)
0.0014
Less Volatility
Highs/Lows(14)
0.0003
Buy
Ultimate Oscillator
57.560
Buy
ROC
0.410
Buy
Bull/Bear Power(13)
0.0032
Buy
Buy: 10
Sell: 0
Neutral: 0


Summary:Strong Buy","Jun 17, 2021 10:51PM GMT"
nzd_chf,0.6437 +0.0018    +0.28%,18:53:35,2021-06-17 22:54:09.580679,"Prev. Close: 0.6419
Bid/Ask: 0.6435 / 0.6439
Day's Range: 0.6421 - 0.6439",Strong Buy,"Summary:Strong Buy
Moving Averages:BuyBuy (12)Sell (0)
Technical Indicators:Strong BuyBuy (7)Sell (3)","Name
S3
S2
S1
Pivot Points
R1
R2
R3
Classic
0.6407
0.6414
0.6420
0.6427
0.6433
0.6440
0.6447
Fibonacci
0.6414
0.6419
0.6422
0.6427
0.6432
0.6435
0.6440
Camarilla
0.6421
0.6423
0.6424
0.6427
0.6426
0.6427
0.6429
Woodie's
0.6405
0.6413
0.6418
0.6426
0.6431
0.6439
0.6445
DeMark's
-
-
0.6416
0.6425
0.6429
-
-","Technical IndicatorsJun 17, 2021 10:53PM GMT
Name
Value
Action
RSI(14)
59.008
Buy
STOCH(9,6)
60.385
Buy
STOCHRSI(14)
100.000
Overbought
MACD(12,26)
0.000
Buy
ADX(14)
28.621
Sell
Williams %R
-28.889
Buy
CCI(14)
109.1201
Buy
ATR(14)
0.0012
Less Volatility
Highs/Lows(14)
0.0006
Buy
Ultimate Oscillator
43.850
Sell
ROC
-0.147
Sell
Bull/Bear Power(13)
0.0005
Buy
Buy: 7
Sell: 3
Neutral: 0


Summary:Strong Buy","Jun 17, 2021 10:53PM GMT"
usd_cny,6.4484 +0.0515    +0.80%,11:27:22,2021-06-17 22:54:09.583374,"Prev. Close: 6.3969
Bid/Ask: 6.4477 / 6.4490
Day's Range: 6.3972 - 6.4494",Strong Buy,"Summary:Strong Buy
Moving Averages:BuyBuy (12)Sell (0)
Technical Indicators:Strong BuyBuy (7)Sell (0)","Name
S3
S2
S1
Pivot Points
R1
R2
R3
Classic
6.4380
6.4399
6.4436
6.4455
6.4492
6.4511
6.4548
Fibonacci
6.4399
6.4420
6.4434
6.4455
6.4476
6.4490
6.4511
Camarilla
6.4458
6.4463
6.4468
6.4455
6.4479
6.4484
6.4489
Woodie's
6.4390
6.4404
6.4446
6.4460
6.4502
6.4516
6.4558
DeMark's
-
-
6.4446
6.4460
6.4502
-
-","Technical IndicatorsJun 17, 2021 03:34PM GMT
Name
Value
Action
RSI(14)
85.433
Overbought
STOCH(9,6)
77.649
Buy
STOCHRSI(14)
100.000
Overbought
MACD(12,26)
0.011
Buy
ADX(14)
61.337
Buy
Williams %R
-3.426
Overbought
CCI(14)
151.8010
Buy
ATR(14)
0.0041
Less Volatility
Highs/Lows(14)
0.0141
Buy
Ultimate Oscillator
82.973
Overbought
ROC
0.391
Buy
Bull/Bear Power(13)
0.0286
Buy
Buy: 7
Sell: 0
Neutral: 0


Summary:Strong Buy","Jun 17, 2021 03:34PM GMT"
usd_hkd,7.7651 +0.0006    +0.01%,18:53:28,2021-06-17 22:54:09.586035,"Prev. Close: 7.7644
Bid/Ask: 7.7646 / 7.7655
Day's Range: 7.7641 - 7.7652",Strong Buy,"Summary:Strong Buy
Moving Averages:BuyBuy (12)Sell (0)
Technical Indicators:Strong BuyBuy (8)Sell (2)","Name
S3
S2
S1
Pivot Points
R1
R2
R3
Classic
7.7639
7.7641
7.7645
7.7647
7.7651
7.7653
7.7656
Fibonacci
7.7641
7.7643
7.7645
7.7647
7.7649
7.7651
7.7653
Camarilla
7.7646
7.7646
7.7647
7.7647
7.7648
7.7649
7.7649
Woodie's
7.7639
7.7641
7.7645
7.7647
7.7651
7.7653
7.7656
DeMark's
-
-
7.7645
7.7647
7.7651
-
-","Technical IndicatorsJun 17, 2021 10:53PM GMT
Name
Value
Action
RSI(14)
58.056
Buy
STOCH(9,6)
65.814
Buy
STOCHRSI(14)
52.707
Neutral
MACD(12,26)
0.000
Buy
ADX(14)
29.512
Sell
Williams %R
-28.959
Buy
CCI(14)
52.5614
Buy
ATR(14)
0.0008
Less Volatility
Highs/Lows(14)
0.0000
Buy
Ultimate Oscillator
61.526
Buy
ROC
0.012
Buy
Bull/Bear Power(13)
-0.0008
Sell
Buy: 8
Sell: 2
Neutral: 1


Summary:Strong Buy","Jun 17, 2021 10:53PM GMT"
eur_usd,1.1912 +0.0006    +0.05%,18:54:32,2021-06-17 22:55:10.036079,"Prev. Close: 1.1906
Bid/Ask: 1.1911 / 1.1912
Day's Range: 1.1906 - 1.1914",Strong Sell,"Summary:Strong Sell
Moving Averages:SellBuy (2)Sell (10)
Technical Indicators:Strong SellBuy (0)Sell (9)","Name
S3
S2
S1
Pivot Points
R1
R2
R3
Classic
1.1902
1.1904
1.1905
1.1907
1.1909
1.1910
1.1912
Fibonacci
1.1904
1.1905
1.1906
1.1907
1.1908
1.1909
1.1910
Camarilla
1.1906
1.1906
1.1906
1.1907
1.1907
1.1907
1.1907
Woodie's
1.1902
1.1904
1.1905
1.1907
1.1909
1.1910
1.1912
DeMark's
-
-
1.1904
1.1906
1.1908
-
-","Technical IndicatorsJun 17, 2021 10:53PM GMT
Name
Value
Action
RSI(14)
30.690
Sell
STOCH(9,6)
29.016
Sell
STOCHRSI(14)
100.000
Overbought
MACD(12,26)
-0.004
Sell
ADX(14)
37.562
Neutral
Williams %R
-70.001
Sell
CCI(14)
-64.1071
Sell
ATR(14)
0.0017
Less Volatility
Highs/Lows(14)
-0.0002
Sell
Ultimate Oscillator
40.399
Sell
ROC
-0.305
Sell
Bull/Bear Power(13)
-0.0020
Sell
Buy: 0
Sell: 9
Neutral: 1


Summary:Strong Sell","Jun 17, 2021 10:53PM GMT"
gbp_usd,1.3934 +0.0014    +0.10%,18:54:47,2021-06-17 22:55:10.039915,"Prev. Close: 1.3919
Bid/Ask: 1.3933 / 1.3934
Day's Range: 1.3915 - 1.3935",Strong Sell,"Summary:Strong Sell
Moving Averages:SellBuy (4)Sell (8)
Technical Indicators:Strong SellBuy (0)Sell (8)","Name
S3
S2
S1
Pivot Points
R1
R2
R3
Classic
1.3898
1.3907
1.3914
1.3922
1.3929
1.3937
1.3944
Fibonacci
1.3907
1.3912
1.3916
1.3922
1.3928
1.3932
1.3937
Camarilla
1.3916
1.3918
1.3919
1.3922
1.3922
1.3923
1.3925
Woodie's
1.3898
1.3907
1.3914
1.3922
1.3929
1.3937
1.3944
DeMark's
-
-
1.3910
1.3920
1.3926
-
-","Technical IndicatorsJun 17, 2021 10:53PM GMT
Name
Value
Action
RSI(14)
40.382
Sell
STOCH(9,6)
40.514
Sell
STOCHRSI(14)
100.000
Overbought
MACD(12,26)
-0.003
Sell
ADX(14)
39.578
Sell
Williams %R
-57.627
Sell
CCI(14)
-33.3066
Neutral
ATR(14)
0.0024
Less Volatility
Highs/Lows(14)
0.0000
Neutral
Ultimate Oscillator
44.437
Sell
ROC
-0.311
Sell
Bull/Bear Power(13)
-0.0022
Sell
Buy: 0
Sell: 8
Neutral: 2


Summary:Strong Sell","Jun 17, 2021 10:53PM GMT"
usd_jpy,110.28 +0.07    +0.07%,18:54:44,2021-06-17 22:55:10.042991,"Prev. Close: 110.20
Bid/Ask: 110.27 / 110.28
Day's Range: 110.17 - 110.83",Sell,"Summary:Sell
Moving Averages:NeutralBuy (6)Sell (6)
Technical Indicators:Strong SellBuy (1)Sell (6)","Name
S3
S2
S1
Pivot Points
R1
R2
R3
Classic
110.14
110.17
110.21
110.24
110.29
110.31
110.36
Fibonacci
110.17
110.19
110.21
110.24
110.27
110.29
110.31
Camarilla
110.24
110.25
110.25
110.24
110.27
110.27
110.28
Woodie's
110.16
110.18
110.23
110.25
110.31
110.32
110.38
DeMark's
-
-
110.23
110.25
110.30
-
-","Technical IndicatorsJun 17, 2021 10:53PM GMT
Name
Value
Action
RSI(14)
43.730
Sell
STOCH(9,6)
18.038
Oversold
STOCHRSI(14)
19.914
Oversold
MACD(12,26)
-0.030
Sell
ADX(14)
30.464
Neutral
Williams %R
-82.352
Oversold
CCI(14)
-58.3616
Sell
ATR(14)
0.1186
Less Volatility
Highs/Lows(14)
-0.0596
Sell
Ultimate Oscillator
51.084
Buy
ROC
-0.334
Sell
Bull/Bear Power(13)
-0.1730
Sell
Buy: 1
Sell: 6
Neutral: 1


Summary:Strong Sell","Jun 17, 2021 10:53PM GMT"
aud_usd,0.7559 +0.0008    +0.11%,18:54:43,2021-06-17 22:55:10.045787,"Prev. Close: 0.7550
Bid/Ask: 0.7558 / 0.7559
Day's Range: 0.7547 - 0.7560",Strong Sell,"Summary:Strong Sell
Moving Averages:SellBuy (3)Sell (9)
Technical Indicators:Strong SellBuy (0)Sell (9)","Name
S3
S2
S1
Pivot Points
R1
R2
R3
Classic
0.7538
0.7543
0.7548
0.7552
0.7557
0.7561
0.7566
Fibonacci
0.7543
0.7546
0.7548
0.7552
0.7556
0.7558
0.7561
Camarilla
0.7550
0.7551
0.7552
0.7552
0.7553
0.7554
0.7555
Woodie's
0.7538
0.7543
0.7548
0.7552
0.7557
0.7561
0.7566
DeMark's
-
-
0.7545
0.7551
0.7554
-
-","Technical IndicatorsJun 17, 2021 10:53PM GMT
Name
Value
Action
RSI(14)
33.581
Sell
STOCH(9,6)
27.897
Sell
STOCHRSI(14)
100.000
Overbought
MACD(12,26)
-0.003
Sell
ADX(14)
49.427
Sell
Williams %R
-70.992
Sell
CCI(14)
-55.1551
Sell
ATR(14)
0.0016
Less Volatility
Highs/Lows(14)
0.0000
Neutral
Ultimate Oscillator
40.319
Sell
ROC
-0.559
Sell
Bull/Bear Power(13)
-0.0009
Sell
Buy: 0
Sell: 9
Neutral: 1


Summary:Strong Sell","Jun 17, 2021 10:53PM GMT"
eur_gbp,0.8549 -0.0003    -0.03%,18:54:52,2021-06-17 22:55:10.048524,"Prev. Close: 0.8551
Bid/Ask: 0.8548 / 0.8549
Day's Range: 0.8548 - 0.8557",Strong Sell,"Summary:Strong Sell
Moving Averages:Strong SellBuy (0)Sell (12)
Technical Indicators:Strong SellBuy (1)Sell (7)","Name
S3
S2
S1
Pivot Points
R1
R2
R3
Classic
0.8541
0.8545
0.8549
0.8553
0.8558
0.8561
0.8566
Fibonacci
0.8545
0.8548
0.8550
0.8553
0.8556
0.8558
0.8561
Camarilla
0.8551
0.8552
0.8552
0.8553
0.8554
0.8554
0.8555
Woodie's
0.8541
0.8545
0.8549
0.8553
0.8558
0.8561
0.8566
DeMark's
-
-
0.8551
0.8554
0.8559
-
-","Technical IndicatorsJun 17, 2021 10:53PM GMT
Name
Value
Action
RSI(14)
35.365
Sell
STOCH(9,6)
32.804
Sell
STOCHRSI(14)
47.727
Neutral
MACD(12,26)
-0.001
Sell
ADX(14)
40.720
Sell
Williams %R
-85.185
Oversold
CCI(14)
-113.6473
Sell
ATR(14)
0.0010
Less Volatility
Highs/Lows(14)
-0.0002
Sell
Ultimate Oscillator
50.058
Neutral
ROC
0.006
Buy
Bull/Bear Power(13)
-0.0019
Sell
Buy: 1
Sell: 7
Neutral: 2


Summary:Strong Sell","Jun 17, 2021 10:53PM GMT"
usd_cad,1.2346 -0.0015    -0.13%,18:54:56,2021-06-17 22:55:10.051235,"Prev. Close: 1.2361
Bid/Ask: 1.2345 / 1.2346
Day's Range: 1.2343 - 1.2368",Strong Buy,"Summary:Strong Buy
Moving Averages:BuyBuy (8)Sell (4)
Technical Indicators:Strong BuyBuy (8)Sell (0)","Name
S3
S2
S1
Pivot Points
R1
R2
R3
Classic
1.2333
1.2342
1.2350
1.2359
1.2367
1.2376
1.2384
Fibonacci
1.2342
1.2348
1.2353
1.2359
1.2365
1.2370
1.2376
Camarilla
1.2353
1.2355
1.2356
1.2359
1.2360
1.2361
1.2363
Woodie's
1.2333
1.2342
1.2350
1.2359
1.2367
1.2376
1.2384
DeMark's
-
-
1.2346
1.2357
1.2363
-
-","Technical IndicatorsJun 17, 2021 10:53PM GMT
Name
Value
Action
RSI(14)
63.967
Buy
STOCH(9,6)
71.313
Buy
STOCHRSI(14)
0.000
Oversold
MACD(12,26)
0.003
Buy
ADX(14)
45.423
Buy
Williams %R
-39.394
Buy
CCI(14)
48.3045
Neutral
ATR(14)
0.0023
Less Volatility
Highs/Lows(14)
0.0000
Neutral
Ultimate Oscillator
61.523
Buy
ROC
0.264
Buy
Bull/Bear Power(13)
0.0020
Buy
Buy: 8
Sell: 0
Neutral: 2


Summary:Strong Buy","Jun 17, 2021 10:53PM GMT"
usd_chf,0.9176 +0.0003    +0.03%,18:54:42,2021-06-17 22:55:10.053937,"Prev. Close: 0.9173
Bid/Ask: 0.9172 / 0.9180
Day's Range: 0.9169 - 0.9183",Strong Buy,"Summary:Strong Buy
Moving Averages:Strong BuyBuy (11)Sell (1)
Technical Indicators:Strong BuyBuy (10)Sell (0)","Name
S3
S2
S1
Pivot Points
R1
R2
R3
Classic
0.9155
0.9161
0.9169
0.9176
0.9184
0.9191
0.9198
Fibonacci
0.9161
0.9167
0.9170
0.9176
0.9182
0.9185
0.9191
Camarilla
0.9172
0.9173
0.9175
0.9176
0.9177
0.9179
0.9180
Woodie's
0.9155
0.9161
0.9169
0.9176
0.9184
0.9191
0.9198
DeMark's
-
-
0.9165
0.9174
0.9180
-
-","Technical IndicatorsJun 17, 2021 10:53PM GMT
Name
Value
Action
RSI(14)
74.189
Buy
STOCH(9,6)
74.955
Buy
STOCHRSI(14)
0.000
Oversold
MACD(12,26)
0.003
Buy
ADX(14)
40.046
Buy
Williams %R
-22.222
Buy
CCI(14)
74.4607
Buy
ATR(14)
0.0014
Less Volatility
Highs/Lows(14)
0.0004
Buy
Ultimate Oscillator
58.497
Buy
ROC
0.421
Buy
Bull/Bear Power(13)
0.0032
Buy
Buy: 10
Sell: 0
Neutral: 0


Summary:Strong Buy","Jun 17, 2021 10:53PM GMT"
nzd_chf,0.6438 +0.0019    +0.29%,18:54:55,2021-06-17 22:55:10.056697,"Prev. Close: 0.6419
Bid/Ask: 0.6434 / 0.6441
Day's Range: 0.6421 - 0.6439",Strong Buy,"Summary:Strong Buy
Moving Averages:BuyBuy (12)Sell (0)
Technical Indicators:Strong BuyBuy (7)Sell (3)","Name
S3
S2
S1
Pivot Points
R1
R2
R3
Classic
0.6407
0.6414
0.6420
0.6427
0.6433
0.6440
0.6447
Fibonacci
0.6414
0.6419
0.6422
0.6427
0.6432
0.6435
0.6440
Camarilla
0.6421
0.6423
0.6424
0.6427
0.6426
0.6427
0.6429
Woodie's
0.6405
0.6413
0.6418
0.6426
0.6431
0.6439
0.6445
DeMark's
-
-
0.6416
0.6425
0.6429
-
-","Technical IndicatorsJun 17, 2021 10:53PM GMT
Name
Value
Action
RSI(14)
59.008
Buy
STOCH(9,6)
60.385
Buy
STOCHRSI(14)
100.000
Overbought
MACD(12,26)
0.000
Buy
ADX(14)
28.621
Sell
Williams %R
-28.889
Buy
CCI(14)
109.1201
Buy
ATR(14)
0.0012
Less Volatility
Highs/Lows(14)
0.0006
Buy
Ultimate Oscillator
43.850
Sell
ROC
-0.147
Sell
Bull/Bear Power(13)
0.0005
Buy
Buy: 7
Sell: 3
Neutral: 0


Summary:Strong Buy","Jun 17, 2021 10:53PM GMT"
usd_cny,6.4484 +0.0515    +0.80%,11:27:22,2021-06-17 22:55:10.059434,"Prev. Close: 6.3969
Bid/Ask: 6.4477 / 6.4490
Day's Range: 6.3972 - 6.4494",Strong Buy,"Summary:Strong Buy
Moving Averages:BuyBuy (12)Sell (0)
Technical Indicators:Strong BuyBuy (7)Sell (0)","Name
S3
S2
S1
Pivot Points
R1
R2
R3
Classic
6.4380
6.4399
6.4436
6.4455
6.4492
6.4511
6.4548
Fibonacci
6.4399
6.4420
6.4434
6.4455
6.4476
6.4490
6.4511
Camarilla
6.4458
6.4463
6.4468
6.4455
6.4479
6.4484
6.4489
Woodie's
6.4390
6.4404
6.4446
6.4460
6.4502
6.4516
6.4558
DeMark's
-
-
6.4446
6.4460
6.4502
-
-","Technical IndicatorsJun 17, 2021 03:34PM GMT
Name
Value
Action
RSI(14)
85.433
Overbought
STOCH(9,6)
77.649
Buy
STOCHRSI(14)
100.000
Overbought
MACD(12,26)
0.011
Buy
ADX(14)
61.337
Buy
Williams %R
-3.426
Overbought
CCI(14)
151.8010
Buy
ATR(14)
0.0041
Less Volatility
Highs/Lows(14)
0.0141
Buy
Ultimate Oscillator
82.973
Overbought
ROC
0.391
Buy
Bull/Bear Power(13)
0.0286
Buy
Buy: 7
Sell: 0
Neutral: 0


Summary:Strong Buy","Jun 17, 2021 03:34PM GMT"
usd_hkd,7.7650 +0.0006    +0.01%,18:54:53,2021-06-17 22:55:10.062146,"Prev. Close: 7.7644
Bid/Ask: 7.7648 / 7.7651
Day's Range: 7.7641 - 7.7652",Strong Buy,"Summary:Strong Buy
Moving Averages:BuyBuy (12)Sell (0)
Technical Indicators:Strong BuyBuy (8)Sell (2)","Name
S3
S2
S1
Pivot Points
R1
R2
R3
Classic
7.7639
7.7641
7.7645
7.7647
7.7651
7.7653
7.7656
Fibonacci
7.7641
7.7643
7.7645
7.7647
7.7649
7.7651
7.7653
Camarilla
7.7646
7.7646
7.7647
7.7647
7.7648
7.7649
7.7649
Woodie's
7.7639
7.7641
7.7645
7.7647
7.7651
7.7653
7.7656
DeMark's
-
-
7.7645
7.7647
7.7651
-
-","Technical IndicatorsJun 17, 2021 10:53PM GMT
Name
Value
Action
RSI(14)
58.056
Buy
STOCH(9,6)
65.814
Buy
STOCHRSI(14)
52.707
Neutral
MACD(12,26)
0.000
Buy
ADX(14)
29.512
Sell
Williams %R
-28.959
Buy
CCI(14)
52.5614
Buy
ATR(14)
0.0008
Less Volatility
Highs/Lows(14)
0.0000
Buy
Ultimate Oscillator
61.526
Buy
ROC
0.012
Buy
Bull/Bear Power(13)
-0.0008
Sell
Buy: 8
Sell: 2
Neutral: 1


Summary:Strong Buy","Jun 17, 2021 10:53PM GMT"
eur_usd,1.1912 +0.0006    +0.05%,18:55:39,2021-06-17 22:56:09.644537,"Prev. Close: 1.1906
Bid/Ask: 1.1911 / 1.1912
Day's Range: 1.1906 - 1.1914",Strong Sell,"Summary:Strong Sell
Moving Averages:SellBuy (2)Sell (10)
Technical Indicators:Strong SellBuy (0)Sell (9)","Name
S3
S2
S1
Pivot Points
R1
R2
R3
Classic
1.1902
1.1904
1.1905
1.1907
1.1909
1.1910
1.1912
Fibonacci
1.1904
1.1905
1.1906
1.1907
1.1908
1.1909
1.1910
Camarilla
1.1906
1.1906
1.1906
1.1907
1.1907
1.1907
1.1907
Woodie's
1.1902
1.1904
1.1905
1.1907
1.1909
1.1910
1.1912
DeMark's
-
-
1.1904
1.1906
1.1908
-
-","Technical IndicatorsJun 17, 2021 10:55PM GMT
Name
Value
Action
RSI(14)
30.690
Sell
STOCH(9,6)
29.016
Sell
STOCHRSI(14)
100.000
Overbought
MACD(12,26)
-0.004
Sell
ADX(14)
37.562
Neutral
Williams %R
-70.001
Sell
CCI(14)
-64.1071
Sell
ATR(14)
0.0017
Less Volatility
Highs/Lows(14)
-0.0002
Sell
Ultimate Oscillator
40.399
Sell
ROC
-0.305
Sell
Bull/Bear Power(13)
-0.0020
Sell
Buy: 0
Sell: 9
Neutral: 1


Summary:Strong Sell","Jun 17, 2021 10:55PM GMT"
gbp_usd,1.3933 +0.0014    +0.10%,18:55:33,2021-06-17 22:56:09.648334,"Prev. Close: 1.3919
Bid/Ask: 1.3931 / 1.3935
Day's Range: 1.3915 - 1.3935",Strong Sell,"Summary:Strong Sell
Moving Averages:SellBuy (4)Sell (8)
Technical Indicators:Strong SellBuy (0)Sell (8)","Name
S3
S2
S1
Pivot Points
R1
R2
R3
Classic
1.3898
1.3907
1.3914
1.3922
1.3929
1.3937
1.3944
Fibonacci
1.3907
1.3912
1.3916
1.3922
1.3928
1.3932
1.3937
Camarilla
1.3916
1.3918
1.3919
1.3922
1.3922
1.3923
1.3925
Woodie's
1.3898
1.3907
1.3914
1.3922
1.3929
1.3937
1.3944
DeMark's
-
-
1.3910
1.3920
1.3926
-
-","Technical IndicatorsJun 17, 2021 10:55PM GMT
Name
Value
Action
RSI(14)
40.206
Sell
STOCH(9,6)
40.388
Sell
STOCHRSI(14)
100.000
Overbought
MACD(12,26)
-0.003
Sell
ADX(14)
39.578
Sell
Williams %R
-58.192
Sell
CCI(14)
-34.0191
Neutral
ATR(14)
0.0024
Less Volatility
Highs/Lows(14)
0.0000
Neutral
Ultimate Oscillator
44.134
Sell
ROC
-0.315
Sell
Bull/Bear Power(13)
-0.0022
Sell
Buy: 0
Sell: 8
Neutral: 2


Summary:Strong Sell","Jun 17, 2021 10:55PM GMT"
usd_jpy,110.28 +0.07    +0.07%,18:55:43,2021-06-17 22:56:09.651360,"Prev. Close: 110.20
Bid/Ask: 110.27 / 110.28
Day's Range: 110.17 - 110.83",Sell,"Summary:Sell
Moving Averages:NeutralBuy (6)Sell (6)
Technical Indicators:Strong SellBuy (1)Sell (6)","Name
S3
S2
S1
Pivot Points
R1
R2
R3
Classic
110.14
110.17
110.21
110.24
110.29
110.31
110.36
Fibonacci
110.17
110.19
110.21
110.24
110.27
110.29
110.31
Camarilla
110.24
110.25
110.25
110.24
110.27
110.27
110.28
Woodie's
110.16
110.18
110.23
110.25
110.31
110.32
110.38
DeMark's
-
-
110.23
110.25
110.30
-
-","Technical IndicatorsJun 17, 2021 10:55PM GMT
Name
Value
Action
RSI(14)
43.730
Sell
STOCH(9,6)
18.038
Oversold
STOCHRSI(14)
19.914
Oversold
MACD(12,26)
-0.030
Sell
ADX(14)
30.464
Neutral
Williams %R
-82.352
Oversold
CCI(14)
-58.3616
Sell
ATR(14)
0.1186
Less Volatility
Highs/Lows(14)
-0.0596
Sell
Ultimate Oscillator
51.084
Buy
ROC
-0.334
Sell
Bull/Bear Power(13)
-0.1730
Sell
Buy: 1
Sell: 6
Neutral: 1


Summary:Strong Sell","Jun 17, 2021 10:55PM GMT"
aud_usd,0.7558 +0.0008    +0.10%,18:55:37,2021-06-17 22:56:09.654146,"Prev. Close: 0.7550
Bid/Ask: 0.7555 / 0.7560
Day's Range: 0.7547 - 0.7560",Strong Sell,"Summary:Strong Sell
Moving Averages:SellBuy (3)Sell (9)
Technical Indicators:Strong SellBuy (0)Sell (9)","Name
S3
S2
S1
Pivot Points
R1
R2
R3
Classic
0.7538
0.7543
0.7548
0.7552
0.7557
0.7561
0.7566
Fibonacci
0.7543
0.7546
0.7548
0.7552
0.7556
0.7558
0.7561
Camarilla
0.7550
0.7551
0.7552
0.7552
0.7553
0.7554
0.7555
Woodie's
0.7538
0.7543
0.7548
0.7552
0.7557
0.7561
0.7566
DeMark's
-
-
0.7545
0.7551
0.7554
-
-","Technical IndicatorsJun 17, 2021 10:53PM GMT
Name
Value
Action
RSI(14)
33.581
Sell
STOCH(9,6)
27.897
Sell
STOCHRSI(14)
100.000
Overbought
MACD(12,26)
-0.003
Sell
ADX(14)
49.427
Sell
Williams %R
-70.992
Sell
CCI(14)
-55.1551
Sell
ATR(14)
0.0016
Less Volatility
Highs/Lows(14)
0.0000
Neutral
Ultimate Oscillator
40.319
Sell
ROC
-0.559
Sell
Bull/Bear Power(13)
-0.0009
Sell
Buy: 0
Sell: 9
Neutral: 1


Summary:Strong Sell","Jun 17, 2021 10:53PM GMT"
eur_gbp,0.8550 -0.0001    -0.02%,18:55:39,2021-06-17 22:56:09.656849,"Prev. Close: 0.8551
Bid/Ask: 0.8548 / 0.8551
Day's Range: 0.8548 - 0.8557",Strong Sell,"Summary:Strong Sell
Moving Averages:Strong SellBuy (0)Sell (12)
Technical Indicators:Strong SellBuy (1)Sell (7)","Name
S3
S2
S1
Pivot Points
R1
R2
R3
Classic
0.8541
0.8545
0.8549
0.8553
0.8558
0.8561
0.8566
Fibonacci
0.8545
0.8548
0.8550
0.8553
0.8556
0.8558
0.8561
Camarilla
0.8551
0.8552
0.8552
0.8553
0.8554
0.8554
0.8555
Woodie's
0.8541
0.8545
0.8549
0.8553
0.8558
0.8561
0.8566
DeMark's
-
-
0.8551
0.8554
0.8559
-
-","Technical IndicatorsJun 17, 2021 10:55PM GMT
Name
Value
Action
RSI(14)
35.365
Sell
STOCH(9,6)
32.804
Sell
STOCHRSI(14)
47.727
Neutral
MACD(12,26)
-0.001
Sell
ADX(14)
40.720
Sell
Williams %R
-85.185
Oversold
CCI(14)
-113.6473
Sell
ATR(14)
0.0010
Less Volatility
Highs/Lows(14)
-0.0002
Sell
Ultimate Oscillator
50.058
Neutral
ROC
0.006
Buy
Bull/Bear Power(13)
-0.0019
Sell
Buy: 1
Sell: 7
Neutral: 2


Summary:Strong Sell","Jun 17, 2021 10:55PM GMT"
usd_cad,1.2346 -0.0015    -0.13%,18:55:42,2021-06-17 22:56:09.659526,"Prev. Close: 1.2361
Bid/Ask: 1.2345 / 1.2346
Day's Range: 1.2343 - 1.2368",Strong Buy,"Summary:Strong Buy
Moving Averages:BuyBuy (8)Sell (4)
Technical Indicators:Strong BuyBuy (8)Sell (0)","Name
S3
S2
S1
Pivot Points
R1
R2
R3
Classic
1.2333
1.2342
1.2350
1.2359
1.2367
1.2376
1.2384
Fibonacci
1.2342
1.2348
1.2353
1.2359
1.2365
1.2370
1.2376
Camarilla
1.2353
1.2355
1.2356
1.2359
1.2360
1.2361
1.2363
Woodie's
1.2333
1.2342
1.2350
1.2359
1.2367
1.2376
1.2384
DeMark's
-
-
1.2346
1.2357
1.2363
-
-","Technical IndicatorsJun 17, 2021 10:55PM GMT
Name
Value
Action
RSI(14)
64.214
Buy
STOCH(9,6)
71.429
Buy
STOCHRSI(14)
0.000
Oversold
MACD(12,26)
0.003
Buy
ADX(14)
45.423
Buy
Williams %R
-38.789
Buy
CCI(14)
49.0995
Neutral
ATR(14)
0.0023
Less Volatility
Highs/Lows(14)
0.0000
Neutral
Ultimate Oscillator
61.801
Buy
ROC
0.268
Buy
Bull/Bear Power(13)
0.0020
Buy
Buy: 8
Sell: 0
Neutral: 2


Summary:Strong Buy","Jun 17, 2021 10:55PM GMT"
usd_chf,0.9175 +0.0002    +0.02%,18:55:23,2021-06-17 22:56:09.662177,"Prev. Close: 0.9173
Bid/Ask: 0.9171 / 0.9179
Day's Range: 0.9169 - 0.9183",Strong Buy,"Summary:Strong Buy
Moving Averages:Strong BuyBuy (11)Sell (1)
Technical Indicators:Strong BuyBuy (10)Sell (0)","Name
S3
S2
S1
Pivot Points
R1
R2
R3
Classic
0.9155
0.9161
0.9169
0.9176
0.9184
0.9191
0.9198
Fibonacci
0.9161
0.9167
0.9170
0.9176
0.9182
0.9185
0.9191
Camarilla
0.9172
0.9173
0.9175
0.9176
0.9177
0.9179
0.9180
Woodie's
0.9155
0.9161
0.9169
0.9176
0.9184
0.9191
0.9198
DeMark's
-
-
0.9165
0.9174
0.9180
-
-","Technical IndicatorsJun 17, 2021 10:55PM GMT
Name
Value
Action
RSI(14)
74.189
Buy
STOCH(9,6)
74.955
Buy
STOCHRSI(14)
0.000
Oversold
MACD(12,26)
0.003
Buy
ADX(14)
40.046
Buy
Williams %R
-22.222
Buy
CCI(14)
74.4607
Buy
ATR(14)
0.0014
Less Volatility
Highs/Lows(14)
0.0004
Buy
Ultimate Oscillator
58.497
Buy
ROC
0.421
Buy
Bull/Bear Power(13)
0.0032
Buy
Buy: 10
Sell: 0
Neutral: 0


Summary:Strong Buy","Jun 17, 2021 10:55PM GMT"
nzd_chf,0.6438 +0.0019    +0.30%,18:55:42,2021-06-17 22:56:09.664846,"Prev. Close: 0.6419
Bid/Ask: 0.6437 / 0.6439
Day's Range: 0.6421 - 0.6439",Strong Buy,"Summary:Strong Buy
Moving Averages:BuyBuy (12)Sell (0)
Technical Indicators:Strong BuyBuy (7)Sell (3)","Name
S3
S2
S1
Pivot Points
R1
R2
R3
Classic
0.6407
0.6414
0.6420
0.6427
0.6433
0.6440
0.6447
Fibonacci
0.6414
0.6419
0.6422
0.6427
0.6432
0.6435
0.6440
Camarilla
0.6421
0.6423
0.6424
0.6427
0.6426
0.6427
0.6429
Woodie's
0.6405
0.6413
0.6418
0.6426
0.6431
0.6439
0.6445
DeMark's
-
-
0.6416
0.6425
0.6429
-
-","Technical IndicatorsJun 17, 2021 10:55PM GMT
Name
Value
Action
RSI(14)
58.718
Buy
STOCH(9,6)
60.037
Buy
STOCHRSI(14)
98.736
Overbought
MACD(12,26)
0.000
Buy
ADX(14)
28.621
Sell
Williams %R
-30.000
Buy
CCI(14)
107.1192
Buy
ATR(14)
0.0012
Less Volatility
Highs/Lows(14)
0.0005
Buy
Ultimate Oscillator
43.309
Sell
ROC
-0.155
Sell
Bull/Bear Power(13)
0.0005
Buy
Buy: 7
Sell: 3
Neutral: 0


Summary:Strong Buy","Jun 17, 2021 10:55PM GMT"
usd_cny,6.4484 +0.0515    +0.80%,11:27:22,2021-06-17 22:56:09.667517,"Prev. Close: 6.3969
Bid/Ask: 6.4477 / 6.4490
Day's Range: 6.3972 - 6.4494",Strong Buy,"Summary:Strong Buy
Moving Averages:BuyBuy (12)Sell (0)
Technical Indicators:Strong BuyBuy (7)Sell (0)","Name
S3
S2
S1
Pivot Points
R1
R2
R3
Classic
6.4380
6.4399
6.4436
6.4455
6.4492
6.4511
6.4548
Fibonacci
6.4399
6.4420
6.4434
6.4455
6.4476
6.4490
6.4511
Camarilla
6.4458
6.4463
6.4468
6.4455
6.4479
6.4484
6.4489
Woodie's
6.4390
6.4404
6.4446
6.4460
6.4502
6.4516
6.4558
DeMark's
-
-
6.4446
6.4460
6.4502
-
-","Technical IndicatorsJun 17, 2021 03:34PM GMT
Name
Value
Action
RSI(14)
85.433
Overbought
STOCH(9,6)
77.649
Buy
STOCHRSI(14)
100.000
Overbought
MACD(12,26)
0.011
Buy
ADX(14)
61.337
Buy
Williams %R
-3.426
Overbought
CCI(14)
151.8010
Buy
ATR(14)
0.0041
Less Volatility
Highs/Lows(14)
0.0141
Buy
Ultimate Oscillator
82.973
Overbought
ROC
0.391
Buy
Bull/Bear Power(13)
0.0286
Buy
Buy: 7
Sell: 0
Neutral: 0


Summary:Strong Buy","Jun 17, 2021 03:34PM GMT"
usd_hkd,7.7650 +0.0006    +0.01%,18:55:28,2021-06-17 22:56:09.670164,"Prev. Close: 7.7644
Bid/Ask: 7.7649 / 7.7651
Day's Range: 7.7641 - 7.7652",Strong Buy,"Summary:Strong Buy
Moving Averages:BuyBuy (12)Sell (0)
Technical Indicators:Strong BuyBuy (8)Sell (2)","Name
S3
S2
S1
Pivot Points
R1
R2
R3
Classic
7.7639
7.7641
7.7645
7.7647
7.7651
7.7653
7.7656
Fibonacci
7.7641
7.7643
7.7645
7.7647
7.7649
7.7651
7.7653
Camarilla
7.7646
7.7646
7.7647
7.7647
7.7648
7.7649
7.7649
Woodie's
7.7639
7.7641
7.7645
7.7647
7.7651
7.7653
7.7656
DeMark's
-
-
7.7645
7.7647
7.7651
-
-","Technical IndicatorsJun 17, 2021 10:55PM GMT
Name
Value
Action
RSI(14)
58.056
Buy
STOCH(9,6)
65.814
Buy
STOCHRSI(14)
52.707
Neutral
MACD(12,26)
0.000
Buy
ADX(14)
29.512
Sell
Williams %R
-28.959
Buy
CCI(14)
52.5614
Buy
ATR(14)
0.0008
Less Volatility
Highs/Lows(14)
0.0000
Buy
Ultimate Oscillator
61.526
Buy
ROC
0.012
Buy
Bull/Bear Power(13)
-0.0008
Sell
Buy: 8
Sell: 2
Neutral: 1


Summary:Strong Buy","Jun 17, 2021 10:55PM GMT"
eur_usd,1.1912 +0.0006    +0.05%,18:56:28,2021-06-17 22:57:09.664418,"Prev. Close: 1.1906
Bid/Ask: 1.1911 / 1.1912
Day's Range: 1.1906 - 1.1914",Strong Sell,"Summary:Strong Sell
Moving Averages:SellBuy (2)Sell (10)
Technical Indicators:Strong SellBuy (0)Sell (9)","Name
S3
S2
S1
Pivot Points
R1
R2
R3
Classic
1.1902
1.1904
1.1905
1.1907
1.1909
1.1910
1.1912
Fibonacci
1.1904
1.1905
1.1906
1.1907
1.1908
1.1909
1.1910
Camarilla
1.1906
1.1906
1.1906
1.1907
1.1907
1.1907
1.1907
Woodie's
1.1902
1.1904
1.1905
1.1907
1.1909
1.1910
1.1912
DeMark's
-
-
1.1904
1.1906
1.1908
-
-","Technical IndicatorsJun 17, 2021 10:55PM GMT
Name
Value
Action
RSI(14)
30.690
Sell
STOCH(9,6)
29.016
Sell
STOCHRSI(14)
100.000
Overbought
MACD(12,26)
-0.004
Sell
ADX(14)
37.562
Neutral
Williams %R
-70.001
Sell
CCI(14)
-64.1071
Sell
ATR(14)
0.0017
Less Volatility
Highs/Lows(14)
-0.0002
Sell
Ultimate Oscillator
40.399
Sell
ROC
-0.305
Sell
Bull/Bear Power(13)
-0.0020
Sell
Buy: 0
Sell: 9
Neutral: 1


Summary:Strong Sell","Jun 17, 2021 10:55PM GMT"
gbp_usd,1.3933 +0.0014    +0.10%,18:56:38,2021-06-17 22:57:09.668337,"Prev. Close: 1.3919
Bid/Ask: 1.3932 / 1.3934
Day's Range: 1.3915 - 1.3935",Strong Sell,"Summary:Strong Sell
Moving Averages:SellBuy (4)Sell (8)
Technical Indicators:Strong SellBuy (0)Sell (8)","Name
S3
S2
S1
Pivot Points
R1
R2
R3
Classic
1.3898
1.3907
1.3914
1.3922
1.3929
1.3937
1.3944
Fibonacci
1.3907
1.3912
1.3916
1.3922
1.3928
1.3932
1.3937
Camarilla
1.3916
1.3918
1.3919
1.3922
1.3922
1.3923
1.3925
Woodie's
1.3898
1.3907
1.3914
1.3922
1.3929
1.3937
1.3944
DeMark's
-
-
1.3910
1.3920
1.3926
-
-","Technical IndicatorsJun 17, 2021 10:55PM GMT
Name
Value
Action
RSI(14)
40.206
Sell
STOCH(9,6)
40.388
Sell
STOCHRSI(14)
100.000
Overbought
MACD(12,26)
-0.003
Sell
ADX(14)
39.578
Sell
Williams %R
-58.192
Sell
CCI(14)
-34.0191
Neutral
ATR(14)
0.0024
Less Volatility
Highs/Lows(14)
0.0000
Neutral
Ultimate Oscillator
44.134
Sell
ROC
-0.315
Sell
Bull/Bear Power(13)
-0.0022
Sell
Buy: 0
Sell: 8
Neutral: 2


Summary:Strong Sell","Jun 17, 2021 10:55PM GMT"
usd_jpy,110.28 +0.07    +0.07%,18:56:44,2021-06-17 22:57:09.671540,"Prev. Close: 110.20
Bid/Ask: 110.27 / 110.28
Day's Range: 110.17 - 110.83",Sell,"Summary:Sell
Moving Averages:NeutralBuy (6)Sell (6)
Technical Indicators:Strong SellBuy (1)Sell (6)","Name
S3
S2
S1
Pivot Points
R1
R2
R3
Classic
110.14
110.17
110.21
110.24
110.29
110.31
110.36
Fibonacci
110.17
110.19
110.21
110.24
110.27
110.29
110.31
Camarilla
110.24
110.25
110.25
110.24
110.27
110.27
110.28
Woodie's
110.16
110.18
110.23
110.25
110.31
110.32
110.38
DeMark's
-
-
110.23
110.25
110.30
-
-","Technical IndicatorsJun 17, 2021 10:55PM GMT
Name
Value
Action
RSI(14)
43.730
Sell
STOCH(9,6)
18.038
Oversold
STOCHRSI(14)
19.914
Oversold
MACD(12,26)
-0.030
Sell
ADX(14)
30.464
Neutral
Williams %R
-82.352
Oversold
CCI(14)
-58.3616
Sell
ATR(14)
0.1186
Less Volatility
Highs/Lows(14)
-0.0596
Sell
Ultimate Oscillator
51.084
Buy
ROC
-0.334
Sell
Bull/Bear Power(13)
-0.1730
Sell
Buy: 1
Sell: 6
Neutral: 1


Summary:Strong Sell","Jun 17, 2021 10:55PM GMT"
aud_usd,0.7559 +0.0008    +0.11%,18:56:53,2021-06-17 22:57:09.674576,"Prev. Close: 0.7550
Bid/Ask: 0.7558 / 0.7559
Day's Range: 0.7547 - 0.7560",Strong Sell,"Summary:Strong Sell
Moving Averages:SellBuy (3)Sell (9)
Technical Indicators:Strong SellBuy (0)Sell (9)","Name
S3
S2
S1
Pivot Points
R1
R2
R3
Classic
0.7538
0.7543
0.7548
0.7552
0.7557
0.7561
0.7566
Fibonacci
0.7543
0.7546
0.7548
0.7552
0.7556
0.7558
0.7561
Camarilla
0.7550
0.7551
0.7552
0.7552
0.7553
0.7554
0.7555
Woodie's
0.7538
0.7543
0.7548
0.7552
0.7557
0.7561
0.7566
DeMark's
-
-
0.7545
0.7551
0.7554
-
-","Technical IndicatorsJun 17, 2021 10:55PM GMT
Name
Value
Action
RSI(14)
33.249
Sell
STOCH(9,6)
27.648
Sell
STOCHRSI(14)
100.000
Overbought
MACD(12,26)
-0.003
Sell
ADX(14)
49.427
Sell
Williams %R
-71.756
Sell
CCI(14)
-56.0404
Sell
ATR(14)
0.0016
Less Volatility
Highs/Lows(14)
0.0000
Neutral
Ultimate Oscillator
39.880
Sell
ROC
-0.566
Sell
Bull/Bear Power(13)
-0.0009
Sell
Buy: 0
Sell: 9
Neutral: 1


Summary:Strong Sell","Jun 17, 2021 10:55PM GMT"
eur_gbp,0.8550 -0.0001    -0.02%,18:56:56,2021-06-17 22:57:09.677440,"Prev. Close: 0.8551
Bid/Ask: 0.8547 / 0.8552
Day's Range: 0.8548 - 0.8557",Strong Sell,"Summary:Strong Sell
Moving Averages:Strong SellBuy (0)Sell (12)
Technical Indicators:Strong SellBuy (1)Sell (7)","Name
S3
S2
S1
Pivot Points
R1
R2
R3
Classic
0.8541
0.8545
0.8549
0.8553
0.8558
0.8561
0.8566
Fibonacci
0.8545
0.8548
0.8550
0.8553
0.8556
0.8558
0.8561
Camarilla
0.8551
0.8552
0.8552
0.8553
0.8554
0.8554
0.8555
Woodie's
0.8541
0.8545
0.8549
0.8553
0.8558
0.8561
0.8566
DeMark's
-
-
0.8551
0.8554
0.8559
-
-","Technical IndicatorsJun 17, 2021 10:55PM GMT
Name
Value
Action
RSI(14)
35.365
Sell
STOCH(9,6)
32.804
Sell
STOCHRSI(14)
47.727
Neutral
MACD(12,26)
-0.001
Sell
ADX(14)
40.720
Sell
Williams %R
-85.185
Oversold
CCI(14)
-113.6473
Sell
ATR(14)
0.0010
Less Volatility
Highs/Lows(14)
-0.0002
Sell
Ultimate Oscillator
50.058
Neutral
ROC
0.006
Buy
Bull/Bear Power(13)
-0.0019
Sell
Buy: 1
Sell: 7
Neutral: 2


Summary:Strong Sell","Jun 17, 2021 10:55PM GMT"
usd_cad,1.2342 -0.0019    -0.15%,18:56:53,2021-06-17 22:57:09.680218,"Prev. Close: 1.2361
Bid/Ask: 1.2340 / 1.2344
Day's Range: 1.2342 - 1.2368",Strong Buy,"Summary:Strong Buy
Moving Averages:BuyBuy (8)Sell (4)
Technical Indicators:Strong BuyBuy (8)Sell (0)","Name
S3
S2
S1
Pivot Points
R1
R2
R3
Classic
1.2333
1.2342
1.2350
1.2359
1.2367
1.2376
1.2384
Fibonacci
1.2342
1.2348
1.2353
1.2359
1.2365
1.2370
1.2376
Camarilla
1.2353
1.2355
1.2356
1.2359
1.2360
1.2361
1.2363
Woodie's
1.2333
1.2342
1.2350
1.2359
1.2367
1.2376
1.2384
DeMark's
-
-
1.2346
1.2357
1.2363
-
-","Technical IndicatorsJun 17, 2021 10:55PM GMT
Name
Value
Action
RSI(14)
64.214
Buy
STOCH(9,6)
71.429
Buy
STOCHRSI(14)
0.000
Oversold
MACD(12,26)
0.003
Buy
ADX(14)
45.423
Buy
Williams %R
-38.789
Buy
CCI(14)
49.0995
Neutral
ATR(14)
0.0023
Less Volatility
Highs/Lows(14)
0.0000
Neutral
Ultimate Oscillator
61.801
Buy
ROC
0.268
Buy
Bull/Bear Power(13)
0.0020
Buy
Buy: 8
Sell: 0
Neutral: 2


Summary:Strong Buy","Jun 17, 2021 10:55PM GMT"
usd_chf,0.9176 +0.0003    +0.03%,18:56:46,2021-06-17 22:57:09.682959,"Prev. Close: 0.9173
Bid/Ask: 0.9172 / 0.9180
Day's Range: 0.9169 - 0.9183",Strong Buy,"Summary:Strong Buy
Moving Averages:Strong BuyBuy (11)Sell (1)
Technical Indicators:Strong BuyBuy (10)Sell (0)","Name
S3
S2
S1
Pivot Points
R1
R2
R3
Classic
0.9155
0.9161
0.9169
0.9176
0.9184
0.9191
0.9198
Fibonacci
0.9161
0.9167
0.9170
0.9176
0.9182
0.9185
0.9191
Camarilla
0.9172
0.9173
0.9175
0.9176
0.9177
0.9179
0.9180
Woodie's
0.9155
0.9161
0.9169
0.9176
0.9184
0.9191
0.9198
DeMark's
-
-
0.9165
0.9174
0.9180
-
-","Technical IndicatorsJun 17, 2021 10:55PM GMT
Name
Value
Action
RSI(14)
74.189
Buy
STOCH(9,6)
74.955
Buy
STOCHRSI(14)
0.000
Oversold
MACD(12,26)
0.003
Buy
ADX(14)
40.046
Buy
Williams %R
-22.222
Buy
CCI(14)
74.4607
Buy
ATR(14)
0.0014
Less Volatility
Highs/Lows(14)
0.0004
Buy
Ultimate Oscillator
58.497
Buy
ROC
0.421
Buy
Bull/Bear Power(13)
0.0032
Buy
Buy: 10
Sell: 0
Neutral: 0


Summary:Strong Buy","Jun 17, 2021 10:55PM GMT"
nzd_chf,0.6438 +0.0019    +0.30%,18:56:46,2021-06-17 22:57:09.685643,"Prev. Close: 0.6419
Bid/Ask: 0.6437 / 0.6439
Day's Range: 0.6421 - 0.6439",Strong Buy,"Summary:Strong Buy
Moving Averages:BuyBuy (12)Sell (0)
Technical Indicators:Strong BuyBuy (7)Sell (3)","Name
S3
S2
S1
Pivot Points
R1
R2
R3
Classic
0.6407
0.6414
0.6420
0.6427
0.6433
0.6440
0.6447
Fibonacci
0.6414
0.6419
0.6422
0.6427
0.6432
0.6435
0.6440
Camarilla
0.6421
0.6423
0.6424
0.6427
0.6426
0.6427
0.6429
Woodie's
0.6405
0.6413
0.6418
0.6426
0.6431
0.6439
0.6445
DeMark's
-
-
0.6416
0.6425
0.6429
-
-","Technical IndicatorsJun 17, 2021 10:55PM GMT
Name
Value
Action
RSI(14)
58.718
Buy
STOCH(9,6)
60.037
Buy
STOCHRSI(14)
98.736
Overbought
MACD(12,26)
0.000
Buy
ADX(14)
28.621
Sell
Williams %R
-30.000
Buy
CCI(14)
107.1192
Buy
ATR(14)
0.0012
Less Volatility
Highs/Lows(14)
0.0005
Buy
Ultimate Oscillator
43.309
Sell
ROC
-0.155
Sell
Bull/Bear Power(13)
0.0005
Buy
Buy: 7
Sell: 3
Neutral: 0


Summary:Strong Buy","Jun 17, 2021 10:55PM GMT"
usd_cny,6.4484 +0.0515    +0.80%,11:27:22,2021-06-17 22:57:09.688330,"Prev. Close: 6.3969
Bid/Ask: 6.4477 / 6.4490
Day's Range: 6.3972 - 6.4494",Strong Buy,"Summary:Strong Buy
Moving Averages:BuyBuy (12)Sell (0)
Technical Indicators:Strong BuyBuy (7)Sell (0)","Name
S3
S2
S1
Pivot Points
R1
R2
R3
Classic
6.4380
6.4399
6.4436
6.4455
6.4492
6.4511
6.4548
Fibonacci
6.4399
6.4420
6.4434
6.4455
6.4476
6.4490
6.4511
Camarilla
6.4458
6.4463
6.4468
6.4455
6.4479
6.4484
6.4489
Woodie's
6.4390
6.4404
6.4446
6.4460
6.4502
6.4516
6.4558
DeMark's
-
-
6.4446
6.4460
6.4502
-
-","Technical IndicatorsJun 17, 2021 03:34PM GMT
Name
Value
Action
RSI(14)
85.433
Overbought
STOCH(9,6)
77.649
Buy
STOCHRSI(14)
100.000
Overbought
MACD(12,26)
0.011
Buy
ADX(14)
61.337
Buy
Williams %R
-3.426
Overbought
CCI(14)
151.8010
Buy
ATR(14)
0.0041
Less Volatility
Highs/Lows(14)
0.0141
Buy
Ultimate Oscillator
82.973
Overbought
ROC
0.391
Buy
Bull/Bear Power(13)
0.0286
Buy
Buy: 7
Sell: 0
Neutral: 0


Summary:Strong Buy","Jun 17, 2021 03:34PM GMT"
usd_hkd,7.7650 +0.0006    +0.01%,18:56:55,2021-06-17 22:57:09.691001,"Prev. Close: 7.7644
Bid/Ask: 7.7649 / 7.7651
Day's Range: 7.7641 - 7.7652",Strong Buy,"Summary:Strong Buy
Moving Averages:BuyBuy (12)Sell (0)
Technical Indicators:Strong BuyBuy (8)Sell (2)","Name
S3
S2
S1
Pivot Points
R1
R2
R3
Classic
7.7639
7.7641
7.7645
7.7647
7.7651
7.7653
7.7656
Fibonacci
7.7641
7.7643
7.7645
7.7647
7.7649
7.7651
7.7653
Camarilla
7.7646
7.7646
7.7647
7.7647
7.7648
7.7649
7.7649
Woodie's
7.7639
7.7641
7.7645
7.7647
7.7651
7.7653
7.7656
DeMark's
-
-
7.7645
7.7647
7.7651
-
-","Technical IndicatorsJun 17, 2021 10:55PM GMT
Name
Value
Action
RSI(14)
58.056
Buy
STOCH(9,6)
65.814
Buy
STOCHRSI(14)
52.707
Neutral
MACD(12,26)
0.000
Buy
ADX(14)
29.512
Sell
Williams %R
-28.959
Buy
CCI(14)
52.5614
Buy
ATR(14)
0.0008
Less Volatility
Highs/Lows(14)
0.0000
Buy
Ultimate Oscillator
61.526
Buy
ROC
0.012
Buy
Bull/Bear Power(13)
-0.0008
Sell
Buy: 8
Sell: 2
Neutral: 1


Summary:Strong Buy","Jun 17, 2021 10:55PM GMT"
eur_usd,1.1912 +0.0006    +0.05%,18:57:43,2021-06-17 22:58:09.714267,"Prev. Close: 1.1906
Bid/Ask: 1.1911 / 1.1912
Day's Range: 1.1906 - 1.1914",Strong Sell,"Summary:Strong Sell
Moving Averages:SellBuy (2)Sell (10)
Technical Indicators:Strong SellBuy (0)Sell (9)","Name
S3
S2
S1
Pivot Points
R1
R2
R3
Classic
1.1902
1.1904
1.1905
1.1907
1.1909
1.1910
1.1912
Fibonacci
1.1904
1.1905
1.1906
1.1907
1.1908
1.1909
1.1910
Camarilla
1.1906
1.1906
1.1906
1.1907
1.1907
1.1907
1.1907
Woodie's
1.1902
1.1904
1.1905
1.1907
1.1909
1.1910
1.1912
DeMark's
-
-
1.1904
1.1906
1.1908
-
-","Technical IndicatorsJun 17, 2021 10:55PM GMT
Name
Value
Action
RSI(14)
30.690
Sell
STOCH(9,6)
29.016
Sell
STOCHRSI(14)
100.000
Overbought
MACD(12,26)
-0.004
Sell
ADX(14)
37.562
Neutral
Williams %R
-70.001
Sell
CCI(14)
-64.1071
Sell
ATR(14)
0.0017
Less Volatility
Highs/Lows(14)
-0.0002
Sell
Ultimate Oscillator
40.399
Sell
ROC
-0.305
Sell
Bull/Bear Power(13)
-0.0020
Sell
Buy: 0
Sell: 9
Neutral: 1


Summary:Strong Sell","Jun 17, 2021 10:55PM GMT"
gbp_usd,1.3933 +0.0014    +0.10%,18:57:34,2021-06-17 22:58:09.718043,"Prev. Close: 1.3919
Bid/Ask: 1.3932 / 1.3934
Day's Range: 1.3915 - 1.3935",Strong Sell,"Summary:Strong Sell
Moving Averages:SellBuy (4)Sell (8)
Technical Indicators:Strong SellBuy (0)Sell (8)","Name
S3
S2
S1
Pivot Points
R1
R2
R3
Classic
1.3898
1.3907
1.3914
1.3922
1.3929
1.3937
1.3944
Fibonacci
1.3907
1.3912
1.3916
1.3922
1.3928
1.3932
1.3937
Camarilla
1.3916
1.3918
1.3919
1.3922
1.3922
1.3923
1.3925
Woodie's
1.3898
1.3907
1.3914
1.3922
1.3929
1.3937
1.3944
DeMark's
-
-
1.3910
1.3920
1.3926
-
-","Technical IndicatorsJun 17, 2021 10:57PM GMT
Name
Value
Action
RSI(14)
40.382
Sell
STOCH(9,6)
40.514
Sell
STOCHRSI(14)
100.000
Overbought
MACD(12,26)
-0.003
Sell
ADX(14)
39.578
Sell
Williams %R
-57.627
Sell
CCI(14)
-33.3066
Neutral
ATR(14)
0.0024
Less Volatility
Highs/Lows(14)
0.0000
Neutral
Ultimate Oscillator
44.437
Sell
ROC
-0.311
Sell
Bull/Bear Power(13)
-0.0022
Sell
Buy: 0
Sell: 8
Neutral: 2


Summary:Strong Sell","Jun 17, 2021 10:57PM GMT"
usd_jpy,110.28 +0.07    +0.07%,18:57:39,2021-06-17 22:58:09.720854,"Prev. Close: 110.20
Bid/Ask: 110.27 / 110.28
Day's Range: 110.17 - 110.83",Sell,"Summary:Sell
Moving Averages:NeutralBuy (6)Sell (6)
Technical Indicators:Strong SellBuy (1)Sell (6)","Name
S3
S2
S1
Pivot Points
R1
R2
R3
Classic
110.14
110.17
110.21
110.24
110.29
110.31
110.36
Fibonacci
110.17
110.19
110.21
110.24
110.27
110.29
110.31
Camarilla
110.24
110.25
110.25
110.24
110.27
110.27
110.28
Woodie's
110.16
110.18
110.23
110.25
110.31
110.32
110.38
DeMark's
-
-
110.23
110.25
110.30
-
-","Technical IndicatorsJun 17, 2021 10:55PM GMT
Name
Value
Action
RSI(14)
43.730
Sell
STOCH(9,6)
18.038
Oversold
STOCHRSI(14)
19.914
Oversold
MACD(12,26)
-0.030
Sell
ADX(14)
30.464
Neutral
Williams %R
-82.352
Oversold
CCI(14)
-58.3616
Sell
ATR(14)
0.1186
Less Volatility
Highs/Lows(14)
-0.0596
Sell
Ultimate Oscillator
51.084
Buy
ROC
-0.334
Sell
Bull/Bear Power(13)
-0.1730
Sell
Buy: 1
Sell: 6
Neutral: 1


Summary:Strong Sell","Jun 17, 2021 10:55PM GMT"
aud_usd,0.7559 +0.0008    +0.11%,18:57:42,2021-06-17 22:58:09.723564,"Prev. Close: 0.7550
Bid/Ask: 0.7558 / 0.7559
Day's Range: 0.7547 - 0.7560",Strong Sell,"Summary:Strong Sell
Moving Averages:SellBuy (3)Sell (9)
Technical Indicators:Strong SellBuy (0)Sell (9)","Name
S3
S2
S1
Pivot Points
R1
R2
R3
Classic
0.7538
0.7543
0.7548
0.7552
0.7557
0.7561
0.7566
Fibonacci
0.7543
0.7546
0.7548
0.7552
0.7556
0.7558
0.7561
Camarilla
0.7550
0.7551
0.7552
0.7552
0.7553
0.7554
0.7555
Woodie's
0.7538
0.7543
0.7548
0.7552
0.7557
0.7561
0.7566
DeMark's
-
-
0.7545
0.7551
0.7554
-
-","Technical IndicatorsJun 17, 2021 10:57PM GMT
Name
Value
Action
RSI(14)
33.581
Sell
STOCH(9,6)
27.897
Sell
STOCHRSI(14)
100.000
Overbought
MACD(12,26)
-0.003
Sell
ADX(14)
49.427
Sell
Williams %R
-70.992
Sell
CCI(14)
-55.1551
Sell
ATR(14)
0.0016
Less Volatility
Highs/Lows(14)
0.0000
Neutral
Ultimate Oscillator
40.319
Sell
ROC
-0.559
Sell
Bull/Bear Power(13)
-0.0009
Sell
Buy: 0
Sell: 9
Neutral: 1


Summary:Strong Sell","Jun 17, 2021 10:57PM GMT"
eur_gbp,0.8550 -0.0001    -0.02%,18:57:41,2021-06-17 22:58:09.726201,"Prev. Close: 0.8551
Bid/Ask: 0.8547 / 0.8552
Day's Range: 0.8548 - 0.8557",Strong Sell,"Summary:Strong Sell
Moving Averages:Strong SellBuy (0)Sell (12)
Technical Indicators:Strong SellBuy (1)Sell (7)","Name
S3
S2
S1
Pivot Points
R1
R2
R3
Classic
0.8541
0.8545
0.8549
0.8553
0.8558
0.8561
0.8566
Fibonacci
0.8545
0.8548
0.8550
0.8553
0.8556
0.8558
0.8561
Camarilla
0.8551
0.8552
0.8552
0.8553
0.8554
0.8554
0.8555
Woodie's
0.8541
0.8545
0.8549
0.8553
0.8558
0.8561
0.8566
DeMark's
-
-
0.8551
0.8554
0.8559
-
-","Technical IndicatorsJun 17, 2021 10:57PM GMT
Name
Value
Action
RSI(14)
35.689
Sell
STOCH(9,6)
33.201
Sell
STOCHRSI(14)
49.580
Neutral
MACD(12,26)
-0.001
Sell
ADX(14)
40.720
Sell
Williams %R
-83.333
Oversold
CCI(14)
-110.7254
Sell
ATR(14)
0.0010
Less Volatility
Highs/Lows(14)
-0.0001
Sell
Ultimate Oscillator
50.771
Neutral
ROC
0.012
Buy
Bull/Bear Power(13)
-0.0019
Sell
Buy: 1
Sell: 7
Neutral: 2


Summary:Strong Sell","Jun 17, 2021 10:57PM GMT"
usd_cad,1.2345 -0.0016    -0.13%,18:57:41,2021-06-17 22:58:09.728855,"Prev. Close: 1.2361
Bid/Ask: 1.2344 / 1.2346
Day's Range: 1.2342 - 1.2368",Strong Buy,"Summary:Strong Buy
Moving Averages:BuyBuy (8)Sell (4)
Technical Indicators:Strong BuyBuy (8)Sell (0)","Name
S3
S2
S1
Pivot Points
R1
R2
R3
Classic
1.2333
1.2342
1.2350
1.2359
1.2367
1.2376
1.2384
Fibonacci
1.2342
1.2348
1.2353
1.2359
1.2365
1.2370
1.2376
Camarilla
1.2353
1.2355
1.2356
1.2359
1.2360
1.2361
1.2363
Woodie's
1.2333
1.2342
1.2350
1.2359
1.2367
1.2376
1.2384
DeMark's
-
-
1.2346
1.2357
1.2363
-
-","Technical IndicatorsJun 17, 2021 10:57PM GMT
Name
Value
Action
RSI(14)
64.214
Buy
STOCH(9,6)
71.429
Buy
STOCHRSI(14)
0.000
Oversold
MACD(12,26)
0.003
Buy
ADX(14)
45.326
Buy
Williams %R
-38.789
Buy
CCI(14)
48.3045
Neutral
ATR(14)
0.0023
Less Volatility
Highs/Lows(14)
0.0000
Neutral
Ultimate Oscillator
61.915
Buy
ROC
0.268
Buy
Bull/Bear Power(13)
0.0019
Buy
Buy: 8
Sell: 0
Neutral: 2


Summary:Strong Buy","Jun 17, 2021 10:57PM GMT"
usd_chf,0.9176 +0.0003    +0.03%,18:57:36,2021-06-17 22:58:09.731540,"Prev. Close: 0.9173
Bid/Ask: 0.9172 / 0.9180
Day's Range: 0.9169 - 0.9183",Strong Buy,"Summary:Strong Buy
Moving Averages:Strong BuyBuy (11)Sell (1)
Technical Indicators:Strong BuyBuy (10)Sell (0)","Name
S3
S2
S1
Pivot Points
R1
R2
R3
Classic
0.9155
0.9161
0.9169
0.9176
0.9184
0.9191
0.9198
Fibonacci
0.9161
0.9167
0.9170
0.9176
0.9182
0.9185
0.9191
Camarilla
0.9172
0.9173
0.9175
0.9176
0.9177
0.9179
0.9180
Woodie's
0.9155
0.9161
0.9169
0.9176
0.9184
0.9191
0.9198
DeMark's
-
-
0.9165
0.9174
0.9180
-
-","Technical IndicatorsJun 17, 2021 10:57PM GMT
Name
Value
Action
RSI(14)
74.562
Buy
STOCH(9,6)
75.156
Buy
STOCHRSI(14)
0.000
Oversold
MACD(12,26)
0.003
Buy
ADX(14)
40.046
Buy
Williams %R
-21.367
Buy
CCI(14)
75.2516
Buy
ATR(14)
0.0014
Less Volatility
Highs/Lows(14)
0.0005
Buy
Ultimate Oscillator
58.965
Buy
ROC
0.427
Buy
Bull/Bear Power(13)
0.0032
Buy
Buy: 10
Sell: 0
Neutral: 0


Summary:Strong Buy","Jun 17, 2021 10:57PM GMT"
nzd_chf,0.6438 +0.0019    +0.29%,18:57:42,2021-06-17 22:58:09.734170,"Prev. Close: 0.6419
Bid/Ask: 0.6434 / 0.6441
Day's Range: 0.6421 - 0.6439",Strong Buy,"Summary:Strong Buy
Moving Averages:BuyBuy (12)Sell (0)
Technical Indicators:Strong BuyBuy (7)Sell (3)","Name
S3
S2
S1
Pivot Points
R1
R2
R3
Classic
0.6407
0.6414
0.6420
0.6427
0.6433
0.6440
0.6447
Fibonacci
0.6414
0.6419
0.6422
0.6427
0.6432
0.6435
0.6440
Camarilla
0.6421
0.6423
0.6424
0.6427
0.6426
0.6427
0.6429
Woodie's
0.6405
0.6413
0.6418
0.6426
0.6431
0.6439
0.6445
DeMark's
-
-
0.6416
0.6425
0.6429
-
-","Technical IndicatorsJun 17, 2021 10:57PM GMT
Name
Value
Action
RSI(14)
58.718
Buy
STOCH(9,6)
60.037
Buy
STOCHRSI(14)
98.736
Overbought
MACD(12,26)
0.000
Buy
ADX(14)
28.621
Sell
Williams %R
-30.000
Buy
CCI(14)
107.1192
Buy
ATR(14)
0.0012
Less Volatility
Highs/Lows(14)
0.0005
Buy
Ultimate Oscillator
43.309
Sell
ROC
-0.155
Sell
Bull/Bear Power(13)
0.0005
Buy
Buy: 7
Sell: 3
Neutral: 0


Summary:Strong Buy","Jun 17, 2021 10:57PM GMT"
usd_cny,6.4484 +0.0515    +0.80%,11:27:22,2021-06-17 22:58:09.736836,"Prev. Close: 6.3969
Bid/Ask: 6.4477 / 6.4490
Day's Range: 6.3972 - 6.4494",Strong Buy,"Summary:Strong Buy
Moving Averages:BuyBuy (12)Sell (0)
Technical Indicators:Strong BuyBuy (7)Sell (0)","Name
S3
S2
S1
Pivot Points
R1
R2
R3
Classic
6.4380
6.4399
6.4436
6.4455
6.4492
6.4511
6.4548
Fibonacci
6.4399
6.4420
6.4434
6.4455
6.4476
6.4490
6.4511
Camarilla
6.4458
6.4463
6.4468
6.4455
6.4479
6.4484
6.4489
Woodie's
6.4390
6.4404
6.4446
6.4460
6.4502
6.4516
6.4558
DeMark's
-
-
6.4446
6.4460
6.4502
-
-","Technical IndicatorsJun 17, 2021 03:34PM GMT
Name
Value
Action
RSI(14)
85.433
Overbought
STOCH(9,6)
77.649
Buy
STOCHRSI(14)
100.000
Overbought
MACD(12,26)
0.011
Buy
ADX(14)
61.337
Buy
Williams %R
-3.426
Overbought
CCI(14)
151.8010
Buy
ATR(14)
0.0041
Less Volatility
Highs/Lows(14)
0.0141
Buy
Ultimate Oscillator
82.973
Overbought
ROC
0.391
Buy
Bull/Bear Power(13)
0.0286
Buy
Buy: 7
Sell: 0
Neutral: 0


Summary:Strong Buy","Jun 17, 2021 03:34PM GMT"
usd_hkd,7.7650 +0.0006    +0.01%,18:57:43,2021-06-17 22:58:09.739501,"Prev. Close: 7.7644
Bid/Ask: 7.7648 / 7.7651
Day's Range: 7.7641 - 7.7652",Strong Buy,"Summary:Strong Buy
Moving Averages:BuyBuy (12)Sell (0)
Technical Indicators:Strong BuyBuy (8)Sell (2)","Name
S3
S2
S1
Pivot Points
R1
R2
R3
Classic
7.7639
7.7641
7.7645
7.7647
7.7651
7.7653
7.7656
Fibonacci
7.7641
7.7643
7.7645
7.7647
7.7649
7.7651
7.7653
Camarilla
7.7646
7.7646
7.7647
7.7647
7.7648
7.7649
7.7649
Woodie's
7.7639
7.7641
7.7645
7.7647
7.7651
7.7653
7.7656
DeMark's
-
-
7.7645
7.7647
7.7651
-
-","Technical IndicatorsJun 17, 2021 10:57PM GMT
Name
Value
Action
RSI(14)
58.056
Buy
STOCH(9,6)
65.814
Buy
STOCHRSI(14)
52.707
Neutral
MACD(12,26)
0.000
Buy
ADX(14)
29.512
Sell
Williams %R
-28.959
Buy
CCI(14)
52.5614
Buy
ATR(14)
0.0008
Less Volatility
Highs/Lows(14)
0.0000
Buy
Ultimate Oscillator
61.526
Buy
ROC
0.012
Buy
Bull/Bear Power(13)
-0.0008
Sell
Buy: 8
Sell: 2
Neutral: 1


Summary:Strong Buy","Jun 17, 2021 10:57PM GMT"
eur_usd,1.1912 +0.0006    +0.05%,18:58:29,2021-06-17 22:59:09.562661,"Prev. Close: 1.1906
Bid/Ask: 1.1911 / 1.1912
Day's Range: 1.1906 - 1.1914",Strong Sell,"Summary:Strong Sell
Moving Averages:SellBuy (2)Sell (10)
Technical Indicators:Strong SellBuy (0)Sell (9)","Name
S3
S2
S1
Pivot Points
R1
R2
R3
Classic
1.1902
1.1904
1.1905
1.1907
1.1909
1.1910
1.1912
Fibonacci
1.1904
1.1905
1.1906
1.1907
1.1908
1.1909
1.1910
Camarilla
1.1906
1.1906
1.1906
1.1907
1.1907
1.1907
1.1907
Woodie's
1.1902
1.1904
1.1905
1.1907
1.1909
1.1910
1.1912
DeMark's
-
-
1.1904
1.1906
1.1908
-
-","Technical IndicatorsJun 17, 2021 10:57PM GMT
Name
Value
Action
RSI(14)
30.690
Sell
STOCH(9,6)
29.016
Sell
STOCHRSI(14)
100.000
Overbought
MACD(12,26)
-0.004
Sell
ADX(14)
37.562
Neutral
Williams %R
-70.001
Sell
CCI(14)
-64.1071
Sell
ATR(14)
0.0017
Less Volatility
Highs/Lows(14)
-0.0002
Sell
Ultimate Oscillator
40.399
Sell
ROC
-0.305
Sell
Bull/Bear Power(13)
-0.0020
Sell
Buy: 0
Sell: 9
Neutral: 1


Summary:Strong Sell","Jun 17, 2021 10:57PM GMT"
gbp_usd,1.3934 +0.0014    +0.10%,18:58:44,2021-06-17 22:59:09.566488,"Prev. Close: 1.3919
Bid/Ask: 1.3933 / 1.3934
Day's Range: 1.3915 - 1.3935",Strong Sell,"Summary:Strong Sell
Moving Averages:SellBuy (4)Sell (8)
Technical Indicators:Strong SellBuy (0)Sell (8)","Name
S3
S2
S1
Pivot Points
R1
R2
R3
Classic
1.3898
1.3907
1.3914
1.3922
1.3929
1.3937
1.3944
Fibonacci
1.3907
1.3912
1.3916
1.3922
1.3928
1.3932
1.3937
Camarilla
1.3916
1.3918
1.3919
1.3922
1.3922
1.3923
1.3925
Woodie's
1.3898
1.3907
1.3914
1.3922
1.3929
1.3937
1.3944
DeMark's
-
-
1.3910
1.3920
1.3926
-
-","Technical IndicatorsJun 17, 2021 10:57PM GMT
Name
Value
Action
RSI(14)
40.382
Sell
STOCH(9,6)
40.514
Sell
STOCHRSI(14)
100.000
Overbought
MACD(12,26)
-0.003
Sell
ADX(14)
39.578
Sell
Williams %R
-57.627
Sell
CCI(14)
-33.3066
Neutral
ATR(14)
0.0024
Less Volatility
Highs/Lows(14)
0.0000
Neutral
Ultimate Oscillator
44.437
Sell
ROC
-0.311
Sell
Bull/Bear Power(13)
-0.0022
Sell
Buy: 0
Sell: 8
Neutral: 2


Summary:Strong Sell","Jun 17, 2021 10:57PM GMT"
usd_jpy,110.28 +0.07    +0.07%,18:58:44,2021-06-17 22:59:09.569387,"Prev. Close: 110.20
Bid/Ask: 110.27 / 110.28
Day's Range: 110.17 - 110.83",Sell,"Summary:Sell
Moving Averages:NeutralBuy (6)Sell (6)
Technical Indicators:Strong SellBuy (1)Sell (6)","Name
S3
S2
S1
Pivot Points
R1
R2
R3
Classic
110.14
110.17
110.21
110.24
110.29
110.31
110.36
Fibonacci
110.17
110.19
110.21
110.24
110.27
110.29
110.31
Camarilla
110.24
110.25
110.25
110.24
110.27
110.27
110.28
Woodie's
110.16
110.18
110.23
110.25
110.31
110.32
110.38
DeMark's
-
-
110.23
110.25
110.30
-
-","Technical IndicatorsJun 17, 2021 10:57PM GMT
Name
Value
Action
RSI(14)
43.730
Sell
STOCH(9,6)
18.038
Oversold
STOCHRSI(14)
19.914
Oversold
MACD(12,26)
-0.030
Sell
ADX(14)
30.464
Neutral
Williams %R
-82.352
Oversold
CCI(14)
-58.3616
Sell
ATR(14)
0.1186
Less Volatility
Highs/Lows(14)
-0.0596
Sell
Ultimate Oscillator
51.084
Buy
ROC
-0.334
Sell
Bull/Bear Power(13)
-0.1730
Sell
Buy: 1
Sell: 6
Neutral: 1


Summary:Strong Sell","Jun 17, 2021 10:57PM GMT"
aud_usd,0.7559 +0.0008    +0.11%,18:58:50,2021-06-17 22:59:09.572136,"Prev. Close: 0.7550
Bid/Ask: 0.7558 / 0.7559
Day's Range: 0.7547 - 0.7560",Strong Sell,"Summary:Strong Sell
Moving Averages:SellBuy (3)Sell (9)
Technical Indicators:Strong SellBuy (0)Sell (9)","Name
S3
S2
S1
Pivot Points
R1
R2
R3
Classic
0.7538
0.7543
0.7548
0.7552
0.7557
0.7561
0.7566
Fibonacci
0.7543
0.7546
0.7548
0.7552
0.7556
0.7558
0.7561
Camarilla
0.7550
0.7551
0.7552
0.7552
0.7553
0.7554
0.7555
Woodie's
0.7538
0.7543
0.7548
0.7552
0.7557
0.7561
0.7566
DeMark's
-
-
0.7545
0.7551
0.7554
-
-","Technical IndicatorsJun 17, 2021 10:57PM GMT
Name
Value
Action
RSI(14)
33.581
Sell
STOCH(9,6)
27.897
Sell
STOCHRSI(14)
100.000
Overbought
MACD(12,26)
-0.003
Sell
ADX(14)
49.427
Sell
Williams %R
-70.992
Sell
CCI(14)
-55.1551
Sell
ATR(14)
0.0016
Less Volatility
Highs/Lows(14)
0.0000
Neutral
Ultimate Oscillator
40.319
Sell
ROC
-0.559
Sell
Bull/Bear Power(13)
-0.0009
Sell
Buy: 0
Sell: 9
Neutral: 1


Summary:Strong Sell","Jun 17, 2021 10:57PM GMT"
eur_gbp,0.8549 -0.0002    -0.02%,18:58:53,2021-06-17 22:59:09.574844,"Prev. Close: 0.8551
Bid/Ask: 0.8547 / 0.8551
Day's Range: 0.8548 - 0.8557",Strong Sell,"Summary:Strong Sell
Moving Averages:Strong SellBuy (0)Sell (12)
Technical Indicators:Strong SellBuy (1)Sell (7)","Name
S3
S2
S1
Pivot Points
R1
R2
R3
Classic
0.8541
0.8545
0.8549
0.8553
0.8558
0.8561
0.8566
Fibonacci
0.8545
0.8548
0.8550
0.8553
0.8556
0.8558
0.8561
Camarilla
0.8551
0.8552
0.8552
0.8553
0.8554
0.8554
0.8555
Woodie's
0.8541
0.8545
0.8549
0.8553
0.8558
0.8561
0.8566
DeMark's
-
-
0.8551
0.8554
0.8559
-
-","Technical IndicatorsJun 17, 2021 10:57PM GMT
Name
Value
Action
RSI(14)
35.689
Sell
STOCH(9,6)
33.201
Sell
STOCHRSI(14)
49.580
Neutral
MACD(12,26)
-0.001
Sell
ADX(14)
40.720
Sell
Williams %R
-83.333
Oversold
CCI(14)
-110.7254
Sell
ATR(14)
0.0010
Less Volatility
Highs/Lows(14)
-0.0001
Sell
Ultimate Oscillator
50.771
Neutral
ROC
0.012
Buy
Bull/Bear Power(13)
-0.0019
Sell
Buy: 1
Sell: 7
Neutral: 2


Summary:Strong Sell","Jun 17, 2021 10:57PM GMT"
usd_cad,1.2345 -0.0016    -0.13%,18:58:45,2021-06-17 22:59:09.577542,"Prev. Close: 1.2361
Bid/Ask: 1.2344 / 1.2346
Day's Range: 1.2342 - 1.2368",Strong Buy,"Summary:Strong Buy
Moving Averages:BuyBuy (8)Sell (4)
Technical Indicators:Strong BuyBuy (8)Sell (0)","Name
S3
S2
S1
Pivot Points
R1
R2
R3
Classic
1.2333
1.2342
1.2350
1.2359
1.2367
1.2376
1.2384
Fibonacci
1.2342
1.2348
1.2353
1.2359
1.2365
1.2370
1.2376
Camarilla
1.2353
1.2355
1.2356
1.2359
1.2360
1.2361
1.2363
Woodie's
1.2333
1.2342
1.2350
1.2359
1.2367
1.2376
1.2384
DeMark's
-
-
1.2346
1.2357
1.2363
-
-","Technical IndicatorsJun 17, 2021 10:57PM GMT
Name
Value
Action
RSI(14)
64.214
Buy
STOCH(9,6)
71.429
Buy
STOCHRSI(14)
0.000
Oversold
MACD(12,26)
0.003
Buy
ADX(14)
45.326
Buy
Williams %R
-38.789
Buy
CCI(14)
48.3045
Neutral
ATR(14)
0.0023
Less Volatility
Highs/Lows(14)
0.0000
Neutral
Ultimate Oscillator
61.915
Buy
ROC
0.268
Buy
Bull/Bear Power(13)
0.0019
Buy
Buy: 8
Sell: 0
Neutral: 2


Summary:Strong Buy","Jun 17, 2021 10:57PM GMT"
usd_chf,0.9175 +0.0002    +0.02%,18:58:44,2021-06-17 22:59:09.580236,"Prev. Close: 0.9173
Bid/Ask: 0.9171 / 0.9179
Day's Range: 0.9169 - 0.9183",Strong Buy,"Summary:Strong Buy
Moving Averages:Strong BuyBuy (11)Sell (1)
Technical Indicators:Strong BuyBuy (10)Sell (0)","Name
S3
S2
S1
Pivot Points
R1
R2
R3
Classic
0.9155
0.9161
0.9169
0.9176
0.9184
0.9191
0.9198
Fibonacci
0.9161
0.9167
0.9170
0.9176
0.9182
0.9185
0.9191
Camarilla
0.9172
0.9173
0.9175
0.9176
0.9177
0.9179
0.9180
Woodie's
0.9155
0.9161
0.9169
0.9176
0.9184
0.9191
0.9198
DeMark's
-
-
0.9165
0.9174
0.9180
-
-","Technical IndicatorsJun 17, 2021 10:57PM GMT
Name
Value
Action
RSI(14)
74.562
Buy
STOCH(9,6)
75.156
Buy
STOCHRSI(14)
0.000
Oversold
MACD(12,26)
0.003
Buy
ADX(14)
40.046
Buy
Williams %R
-21.367
Buy
CCI(14)
75.2516
Buy
ATR(14)
0.0014
Less Volatility
Highs/Lows(14)
0.0005
Buy
Ultimate Oscillator
58.965
Buy
ROC
0.427
Buy
Bull/Bear Power(13)
0.0032
Buy
Buy: 10
Sell: 0
Neutral: 0


Summary:Strong Buy","Jun 17, 2021 10:57PM GMT"
nzd_chf,0.6439 +0.0019    +0.30%,18:58:51,2021-06-17 22:59:09.582909,"Prev. Close: 0.6419
Bid/Ask: 0.6435 / 0.6442
Day's Range: 0.6421 - 0.6439",Strong Buy,"Summary:Strong Buy
Moving Averages:BuyBuy (12)Sell (0)
Technical Indicators:Strong BuyBuy (7)Sell (3)","Name
S3
S2
S1
Pivot Points
R1
R2
R3
Classic
0.6407
0.6414
0.6420
0.6427
0.6433
0.6440
0.6447
Fibonacci
0.6414
0.6419
0.6422
0.6427
0.6432
0.6435
0.6440
Camarilla
0.6421
0.6423
0.6424
0.6427
0.6426
0.6427
0.6429
Woodie's
0.6405
0.6413
0.6418
0.6426
0.6431
0.6439
0.6445
DeMark's
-
-
0.6416
0.6425
0.6429
-
-","Technical IndicatorsJun 17, 2021 10:57PM GMT
Name
Value
Action
RSI(14)
58.718
Buy
STOCH(9,6)
60.037
Buy
STOCHRSI(14)
98.736
Overbought
MACD(12,26)
0.000
Buy
ADX(14)
28.621
Sell
Williams %R
-30.000
Buy
CCI(14)
107.1192
Buy
ATR(14)
0.0012
Less Volatility
Highs/Lows(14)
0.0005
Buy
Ultimate Oscillator
43.309
Sell
ROC
-0.155
Sell
Bull/Bear Power(13)
0.0005
Buy
Buy: 7
Sell: 3
Neutral: 0


Summary:Strong Buy","Jun 17, 2021 10:57PM GMT"
usd_cny,6.4484 +0.0515    +0.80%,11:27:22,2021-06-17 22:59:09.585582,"Prev. Close: 6.3969
Bid/Ask: 6.4477 / 6.4490
Day's Range: 6.3972 - 6.4494",Strong Buy,"Summary:Strong Buy
Moving Averages:BuyBuy (12)Sell (0)
Technical Indicators:Strong BuyBuy (7)Sell (0)","Name
S3
S2
S1
Pivot Points
R1
R2
R3
Classic
6.4380
6.4399
6.4436
6.4455
6.4492
6.4511
6.4548
Fibonacci
6.4399
6.4420
6.4434
6.4455
6.4476
6.4490
6.4511
Camarilla
6.4458
6.4463
6.4468
6.4455
6.4479
6.4484
6.4489
Woodie's
6.4390
6.4404
6.4446
6.4460
6.4502
6.4516
6.4558
DeMark's
-
-
6.4446
6.4460
6.4502
-
-","Technical IndicatorsJun 17, 2021 03:34PM GMT
Name
Value
Action
RSI(14)
85.433
Overbought
STOCH(9,6)
77.649
Buy
STOCHRSI(14)
100.000
Overbought
MACD(12,26)
0.011
Buy
ADX(14)
61.337
Buy
Williams %R
-3.426
Overbought
CCI(14)
151.8010
Buy
ATR(14)
0.0041
Less Volatility
Highs/Lows(14)
0.0141
Buy
Ultimate Oscillator
82.973
Overbought
ROC
0.391
Buy
Bull/Bear Power(13)
0.0286
Buy
Buy: 7
Sell: 0
Neutral: 0


Summary:Strong Buy","Jun 17, 2021 03:34PM GMT"
usd_hkd,7.7648 +0.0003    +0.00%,18:58:56,2021-06-17 22:59:09.588250,"Prev. Close: 7.7644
Bid/Ask: 7.7647 / 7.7648
Day's Range: 7.7641 - 7.7652",Strong Buy,"Summary:Strong Buy
Moving Averages:BuyBuy (12)Sell (0)
Technical Indicators:Strong BuyBuy (8)Sell (2)","Name
S3
S2
S1
Pivot Points
R1
R2
R3
Classic
7.7639
7.7641
7.7645
7.7647
7.7651
7.7653
7.7656
Fibonacci
7.7641
7.7643
7.7645
7.7647
7.7649
7.7651
7.7653
Camarilla
7.7646
7.7646
7.7647
7.7647
7.7648
7.7649
7.7649
Woodie's
7.7639
7.7641
7.7645
7.7647
7.7651
7.7653
7.7656
DeMark's
-
-
7.7645
7.7647
7.7651
-
-","Technical IndicatorsJun 17, 2021 10:57PM GMT
Name
Value
Action
RSI(14)
58.056
Buy
STOCH(9,6)
65.814
Buy
STOCHRSI(14)
52.707
Neutral
MACD(12,26)
0.000
Buy
ADX(14)
29.512
Sell
Williams %R
-28.959
Buy
CCI(14)
52.5614
Buy
ATR(14)
0.0008
Less Volatility
Highs/Lows(14)
0.0000
Buy
Ultimate Oscillator
61.526
Buy
ROC
0.012
Buy
Bull/Bear Power(13)
-0.0008
Sell
Buy: 8
Sell: 2
Neutral: 1


Summary:Strong Buy","Jun 17, 2021 10:57PM GMT"
eur_usd,1.1912 +0.0006    +0.05%,18:59:41,2021-06-17 23:00:09.617122,"Prev. Close: 1.1906
Bid/Ask: 1.1911 / 1.1912
Day's Range: 1.1906 - 1.1914",Strong Sell,"Summary:Strong Sell
Moving Averages:SellBuy (2)Sell (10)
Technical Indicators:Strong SellBuy (0)Sell (9)","Name
S3
S2
S1
Pivot Points
R1
R2
R3
Classic
1.1902
1.1904
1.1905
1.1907
1.1909
1.1910
1.1912
Fibonacci
1.1904
1.1905
1.1906
1.1907
1.1908
1.1909
1.1910
Camarilla
1.1906
1.1906
1.1906
1.1907
1.1907
1.1907
1.1907
Woodie's
1.1902
1.1904
1.1905
1.1907
1.1909
1.1910
1.1912
DeMark's
-
-
1.1904
1.1906
1.1908
-
-","Technical IndicatorsJun 17, 2021 10:59PM GMT
Name
Value
Action
RSI(14)
30.690
Sell
STOCH(9,6)
29.016
Sell
STOCHRSI(14)
100.000
Overbought
MACD(12,26)
-0.004
Sell
ADX(14)
37.562
Neutral
Williams %R
-70.001
Sell
CCI(14)
-64.1071
Sell
ATR(14)
0.0017
Less Volatility
Highs/Lows(14)
-0.0002
Sell
Ultimate Oscillator
40.399
Sell
ROC
-0.305
Sell
Bull/Bear Power(13)
-0.0020
Sell
Buy: 0
Sell: 9
Neutral: 1


Summary:Strong Sell","Jun 17, 2021 10:59PM GMT"
gbp_usd,1.3933 +0.0014    +0.10%,18:59:33,2021-06-17 23:00:09.621015,"Prev. Close: 1.3919
Bid/Ask: 1.3932 / 1.3934
Day's Range: 1.3915 - 1.3935",Strong Sell,"Summary:Strong Sell
Moving Averages:SellBuy (4)Sell (8)
Technical Indicators:Strong SellBuy (0)Sell (8)","Name
S3
S2
S1
Pivot Points
R1
R2
R3
Classic
1.3898
1.3907
1.3914
1.3922
1.3929
1.3937
1.3944
Fibonacci
1.3907
1.3912
1.3916
1.3922
1.3928
1.3932
1.3937
Camarilla
1.3916
1.3918
1.3919
1.3922
1.3922
1.3923
1.3925
Woodie's
1.3898
1.3907
1.3914
1.3922
1.3929
1.3937
1.3944
DeMark's
-
-
1.3910
1.3920
1.3926
-
-","Technical IndicatorsJun 17, 2021 10:59PM GMT
Name
Value
Action
RSI(14)
40.382
Sell
STOCH(9,6)
40.514
Sell
STOCHRSI(14)
100.000
Overbought
MACD(12,26)
-0.003
Sell
ADX(14)
39.578
Sell
Williams %R
-57.627
Sell
CCI(14)
-33.3066
Neutral
ATR(14)
0.0024
Less Volatility
Highs/Lows(14)
0.0000
Neutral
Ultimate Oscillator
44.437
Sell
ROC
-0.311
Sell
Bull/Bear Power(13)
-0.0022
Sell
Buy: 0
Sell: 8
Neutral: 2


Summary:Strong Sell","Jun 17, 2021 10:59PM GMT"
usd_jpy,110.28 +0.07    +0.07%,18:59:39,2021-06-17 23:00:09.624086,"Prev. Close: 110.20
Bid/Ask: 110.27 / 110.28
Day's Range: 110.17 - 110.83",Sell,"Summary:Sell
Moving Averages:NeutralBuy (6)Sell (6)
Technical Indicators:Strong SellBuy (1)Sell (6)","Name
S3
S2
S1
Pivot Points
R1
R2
R3
Classic
110.14
110.17
110.21
110.24
110.29
110.31
110.36
Fibonacci
110.17
110.19
110.21
110.24
110.27
110.29
110.31
Camarilla
110.24
110.25
110.25
110.24
110.27
110.27
110.28
Woodie's
110.16
110.18
110.23
110.25
110.31
110.32
110.38
DeMark's
-
-
110.23
110.25
110.30
-
-","Technical IndicatorsJun 17, 2021 10:57PM GMT
Name
Value
Action
RSI(14)
43.730
Sell
STOCH(9,6)
18.038
Oversold
STOCHRSI(14)
19.914
Oversold
MACD(12,26)
-0.030
Sell
ADX(14)
30.464
Neutral
Williams %R
-82.352
Oversold
CCI(14)
-58.3616
Sell
ATR(14)
0.1186
Less Volatility
Highs/Lows(14)
-0.0596
Sell
Ultimate Oscillator
51.084
Buy
ROC
-0.334
Sell
Bull/Bear Power(13)
-0.1730
Sell
Buy: 1
Sell: 6
Neutral: 1


Summary:Strong Sell","Jun 17, 2021 10:57PM GMT"
aud_usd,0.7559 +0.0008    +0.11%,18:59:40,2021-06-17 23:00:09.627026,"Prev. Close: 0.7550
Bid/Ask: 0.7558 / 0.7559
Day's Range: 0.7547 - 0.7560",Strong Sell,"Summary:Strong Sell
Moving Averages:SellBuy (3)Sell (9)
Technical Indicators:Strong SellBuy (0)Sell (9)","Name
S3
S2
S1
Pivot Points
R1
R2
R3
Classic
0.7538
0.7543
0.7548
0.7552
0.7557
0.7561
0.7566
Fibonacci
0.7543
0.7546
0.7548
0.7552
0.7556
0.7558
0.7561
Camarilla
0.7550
0.7551
0.7552
0.7552
0.7553
0.7554
0.7555
Woodie's
0.7538
0.7543
0.7548
0.7552
0.7557
0.7561
0.7566
DeMark's
-
-
0.7545
0.7551
0.7554
-
-","Technical IndicatorsJun 17, 2021 10:59PM GMT
Name
Value
Action
RSI(14)
33.581
Sell
STOCH(9,6)
27.897
Sell
STOCHRSI(14)
100.000
Overbought
MACD(12,26)
-0.003
Sell
ADX(14)
49.427
Sell
Williams %R
-70.992
Sell
CCI(14)
-55.1551
Sell
ATR(14)
0.0016
Less Volatility
Highs/Lows(14)
0.0000
Neutral
Ultimate Oscillator
40.319
Sell
ROC
-0.559
Sell
Bull/Bear Power(13)
-0.0009
Sell
Buy: 0
Sell: 9
Neutral: 1


Summary:Strong Sell","Jun 17, 2021 10:59PM GMT"
eur_gbp,0.8550 -0.0001    -0.01%,18:59:40,2021-06-17 23:00:09.629883,"Prev. Close: 0.8551
Bid/Ask: 0.8547 / 0.8553
Day's Range: 0.8548 - 0.8557",Strong Sell,"Summary:Strong Sell
Moving Averages:Strong SellBuy (0)Sell (12)
Technical Indicators:Strong SellBuy (1)Sell (7)","Name
S3
S2
S1
Pivot Points
R1
R2
R3
Classic
0.8541
0.8545
0.8549
0.8553
0.8558
0.8561
0.8566
Fibonacci
0.8545
0.8548
0.8550
0.8553
0.8556
0.8558
0.8561
Camarilla
0.8551
0.8552
0.8552
0.8553
0.8554
0.8554
0.8555
Woodie's
0.8541
0.8545
0.8549
0.8553
0.8558
0.8561
0.8566
DeMark's
-
-
0.8551
0.8554
0.8559
-
-","Technical IndicatorsJun 17, 2021 10:59PM GMT
Name
Value
Action
RSI(14)
35.689
Sell
STOCH(9,6)
33.201
Sell
STOCHRSI(14)
49.580
Neutral
MACD(12,26)
-0.001
Sell
ADX(14)
40.720
Sell
Williams %R
-83.333
Oversold
CCI(14)
-110.7254
Sell
ATR(14)
0.0010
Less Volatility
Highs/Lows(14)
-0.0001
Sell
Ultimate Oscillator
50.771
Neutral
ROC
0.012
Buy
Bull/Bear Power(13)
-0.0019
Sell
Buy: 1
Sell: 7
Neutral: 2


Summary:Strong Sell","Jun 17, 2021 10:59PM GMT"
usd_cad,1.2345 -0.0016    -0.13%,18:59:42,2021-06-17 23:00:09.632728,"Prev. Close: 1.2361
Bid/Ask: 1.2344 / 1.2345
Day's Range: 1.2342 - 1.2368",Strong Buy,"Summary:Strong Buy
Moving Averages:BuyBuy (8)Sell (4)
Technical Indicators:Strong BuyBuy (8)Sell (0)","Name
S3
S2
S1
Pivot Points
R1
R2
R3
Classic
1.2333
1.2342
1.2350
1.2359
1.2367
1.2376
1.2384
Fibonacci
1.2342
1.2348
1.2353
1.2359
1.2365
1.2370
1.2376
Camarilla
1.2353
1.2355
1.2356
1.2359
1.2360
1.2361
1.2363
Woodie's
1.2333
1.2342
1.2350
1.2359
1.2367
1.2376
1.2384
DeMark's
-
-
1.2346
1.2357
1.2363
-
-","Technical IndicatorsJun 17, 2021 10:59PM GMT
Name
Value
Action
RSI(14)
62.520
Buy
STOCH(9,6)
70.613
Buy
STOCHRSI(14)
0.000
Oversold
MACD(12,26)
0.003
Buy
ADX(14)
45.326
Buy
Williams %R
-43.031
Buy
CCI(14)
42.6929
Neutral
ATR(14)
0.0023
Less Volatility
Highs/Lows(14)
0.0000
Neutral
Ultimate Oscillator
59.971
Buy
ROC
0.240
Buy
Bull/Bear Power(13)
0.0019
Buy
Buy: 8
Sell: 0
Neutral: 2


Summary:Strong Buy","Jun 17, 2021 10:59PM GMT"
usd_chf,0.9175 +0.0002    +0.02%,18:59:35,2021-06-17 23:00:09.635543,"Prev. Close: 0.9173
Bid/Ask: 0.9171 / 0.9179
Day's Range: 0.9169 - 0.9183",Strong Buy,"Summary:Strong Buy
Moving Averages:Strong BuyBuy (11)Sell (1)
Technical Indicators:Strong BuyBuy (10)Sell (0)","Name
S3
S2
S1
Pivot Points
R1
R2
R3
Classic
0.9155
0.9161
0.9169
0.9176
0.9184
0.9191
0.9198
Fibonacci
0.9161
0.9167
0.9170
0.9176
0.9182
0.9185
0.9191
Camarilla
0.9172
0.9173
0.9175
0.9176
0.9177
0.9179
0.9180
Woodie's
0.9155
0.9161
0.9169
0.9176
0.9184
0.9191
0.9198
DeMark's
-
-
0.9165
0.9174
0.9180
-
-","Technical IndicatorsJun 17, 2021 10:59PM GMT
Name
Value
Action
RSI(14)
74.189
Buy
STOCH(9,6)
74.955
Buy
STOCHRSI(14)
0.000
Oversold
MACD(12,26)
0.003
Buy
ADX(14)
40.046
Buy
Williams %R
-22.222
Buy
CCI(14)
74.4607
Buy
ATR(14)
0.0014
Less Volatility
Highs/Lows(14)
0.0004
Buy
Ultimate Oscillator
58.497
Buy
ROC
0.421
Buy
Bull/Bear Power(13)
0.0032
Buy
Buy: 10
Sell: 0
Neutral: 0


Summary:Strong Buy","Jun 17, 2021 10:59PM GMT"
nzd_chf,0.6438 +0.0019    +0.29%,18:59:36,2021-06-17 23:00:09.638299,"Prev. Close: 0.6419
Bid/Ask: 0.6434 / 0.6441
Day's Range: 0.6421 - 0.6439",Strong Buy,"Summary:Strong Buy
Moving Averages:BuyBuy (12)Sell (0)
Technical Indicators:Strong BuyBuy (7)Sell (3)","Name
S3
S2
S1
Pivot Points
R1
R2
R3
Classic
0.6407
0.6414
0.6420
0.6427
0.6433
0.6440
0.6447
Fibonacci
0.6414
0.6419
0.6422
0.6427
0.6432
0.6435
0.6440
Camarilla
0.6421
0.6423
0.6424
0.6427
0.6426
0.6427
0.6429
Woodie's
0.6405
0.6413
0.6418
0.6426
0.6431
0.6439
0.6445
DeMark's
-
-
0.6416
0.6425
0.6429
-
-","Technical IndicatorsJun 17, 2021 10:59PM GMT
Name
Value
Action
RSI(14)
59.008
Buy
STOCH(9,6)
60.385
Buy
STOCHRSI(14)
100.000
Overbought
MACD(12,26)
0.000
Buy
ADX(14)
28.621
Sell
Williams %R
-28.889
Buy
CCI(14)
109.1201
Buy
ATR(14)
0.0012
Less Volatility
Highs/Lows(14)
0.0006
Buy
Ultimate Oscillator
43.850
Sell
ROC
-0.147
Sell
Bull/Bear Power(13)
0.0005
Buy
Buy: 7
Sell: 3
Neutral: 0


Summary:Strong Buy","Jun 17, 2021 10:59PM GMT"
usd_cny,6.4484 +0.0515    +0.80%,11:27:22,2021-06-17 23:00:09.641304,"Prev. Close: 6.3969
Bid/Ask: 6.4477 / 6.4490
Day's Range: 6.3972 - 6.4494",Strong Buy,"Summary:Strong Buy
Moving Averages:BuyBuy (12)Sell (0)
Technical Indicators:Strong BuyBuy (7)Sell (0)","Name
S3
S2
S1
Pivot Points
R1
R2
R3
Classic
6.4380
6.4399
6.4436
6.4455
6.4492
6.4511
6.4548
Fibonacci
6.4399
6.4420
6.4434
6.4455
6.4476
6.4490
6.4511
Camarilla
6.4458
6.4463
6.4468
6.4455
6.4479
6.4484
6.4489
Woodie's
6.4390
6.4404
6.4446
6.4460
6.4502
6.4516
6.4558
DeMark's
-
-
6.4446
6.4460
6.4502
-
-","Technical IndicatorsJun 17, 2021 03:34PM GMT
Name
Value
Action
RSI(14)
85.433
Overbought
STOCH(9,6)
77.649
Buy
STOCHRSI(14)
100.000
Overbought
MACD(12,26)
0.011
Buy
ADX(14)
61.337
Buy
Williams %R
-3.426
Overbought
CCI(14)
151.8010
Buy
ATR(14)
0.0041
Less Volatility
Highs/Lows(14)
0.0141
Buy
Ultimate Oscillator
82.973
Overbought
ROC
0.391
Buy
Bull/Bear Power(13)
0.0286
Buy
Buy: 7
Sell: 0
Neutral: 0


Summary:Strong Buy","Jun 17, 2021 03:34PM GMT"
usd_hkd,7.7647 +0.0003    +0.00%,18:59:27,2021-06-17 23:00:09.644197,"Prev. Close: 7.7644
Bid/Ask: 7.7645 / 7.7648
Day's Range: 7.7641 - 7.7652",Buy,"Summary:Buy
Moving Averages:BuyBuy (9)Sell (3)
Technical Indicators:BUYBuy (5)Sell (2)","Name
S3
S2
S1
Pivot Points
R1
R2
R3
Classic
7.7639
7.7641
7.7645
7.7647
7.7651
7.7653
7.7656
Fibonacci
7.7641
7.7643
7.7645
7.7647
7.7649
7.7651
7.7653
Camarilla
7.7646
7.7646
7.7647
7.7647
7.7648
7.7649
7.7649
Woodie's
7.7639
7.7641
7.7645
7.7647
7.7651
7.7653
7.7656
DeMark's
-
-
7.7645
7.7647
7.7651
-
-","Technical IndicatorsJun 17, 2021 10:59PM GMT
Name
Value
Action
RSI(14)
54.107
Neutral
STOCH(9,6)
60.819
Buy
STOCHRSI(14)
26.111
Sell
MACD(12,26)
0.000
Buy
ADX(14)
29.512
Sell
Williams %R
-52.622
Neutral
CCI(14)
14.6888
Neutral
ATR(14)
0.0008
Less Volatility
Highs/Lows(14)
0.0000
Neutral
Ultimate Oscillator
54.372
Buy
ROC
0.006
Buy
Bull/Bear Power(13)
0.0012
Buy
Buy: 5
Sell: 2
Neutral: 4


Summary:BUY","Jun 17, 2021 10:59PM GMT"
eur_usd,1.1912 +0.0006    +0.05%,18:59:47,2021-06-17 23:01:09.613336,"Prev. Close: 1.1906
Bid/Ask: 1.1911 / 1.1912
Day's Range: 1.1906 - 1.1914",Strong Sell,"Summary:Strong Sell
Moving Averages:SellBuy (2)Sell (10)
Technical Indicators:Strong SellBuy (0)Sell (9)","Name
S3
S2
S1
Pivot Points
R1
R2
R3
Classic
1.1902
1.1904
1.1905
1.1907
1.1909
1.1910
1.1912
Fibonacci
1.1904
1.1905
1.1906
1.1907
1.1908
1.1909
1.1910
Camarilla
1.1906
1.1906
1.1906
1.1907
1.1907
1.1907
1.1907
Woodie's
1.1902
1.1904
1.1905
1.1907
1.1909
1.1910
1.1912
DeMark's
-
-
1.1904
1.1906
1.1908
-
-","Technical IndicatorsJun 17, 2021 11:00PM GMT
Name
Value
Action
RSI(14)
30.690
Sell
STOCH(9,6)
29.016
Sell
STOCHRSI(14)
100.000
Overbought
MACD(12,26)
-0.004
Sell
ADX(14)
37.562
Neutral
Williams %R
-70.001
Sell
CCI(14)
-64.1071
Sell
ATR(14)
0.0017
Less Volatility
Highs/Lows(14)
-0.0002
Sell
Ultimate Oscillator
40.399
Sell
ROC
-0.305
Sell
Bull/Bear Power(13)
-0.0020
Sell
Buy: 0
Sell: 9
Neutral: 1


Summary:Strong Sell","Jun 17, 2021 11:00PM GMT"
gbp_usd,1.3933 +0.0014    +0.10%,18:59:54,2021-06-17 23:01:09.617261,"Prev. Close: 1.3919
Bid/Ask: 1.3931 / 1.3934
Day's Range: 1.3915 - 1.3935",Strong Sell,"Summary:Strong Sell
Moving Averages:SellBuy (4)Sell (8)
Technical Indicators:Strong SellBuy (0)Sell (8)","Name
S3
S2
S1
Pivot Points
R1
R2
R3
Classic
1.3898
1.3907
1.3914
1.3922
1.3929
1.3937
1.3944
Fibonacci
1.3907
1.3912
1.3916
1.3922
1.3928
1.3932
1.3937
Camarilla
1.3916
1.3918
1.3919
1.3922
1.3922
1.3923
1.3925
Woodie's
1.3898
1.3907
1.3914
1.3922
1.3929
1.3937
1.3944
DeMark's
-
-
1.3910
1.3920
1.3926
-
-","Technical IndicatorsJun 17, 2021 10:59PM GMT
Name
Value
Action
RSI(14)
40.382
Sell
STOCH(9,6)
40.514
Sell
STOCHRSI(14)
100.000
Overbought
MACD(12,26)
-0.003
Sell
ADX(14)
39.578
Sell
Williams %R
-57.627
Sell
CCI(14)
-33.3066
Neutral
ATR(14)
0.0024
Less Volatility
Highs/Lows(14)
0.0000
Neutral
Ultimate Oscillator
44.437
Sell
ROC
-0.311
Sell
Bull/Bear Power(13)
-0.0022
Sell
Buy: 0
Sell: 8
Neutral: 2


Summary:Strong Sell","Jun 17, 2021 10:59PM GMT"
usd_jpy,110.28 +0.07    +0.07%,18:59:58,2021-06-17 23:01:09.620437,"Prev. Close: 110.20
Bid/Ask: 110.27 / 110.28
Day's Range: 110.17 - 110.83",Sell,"Summary:Sell
Moving Averages:NeutralBuy (6)Sell (6)
Technical Indicators:Strong SellBuy (1)Sell (6)","Name
S3
S2
S1
Pivot Points
R1
R2
R3
Classic
110.14
110.17
110.21
110.24
110.29
110.31
110.36
Fibonacci
110.17
110.19
110.21
110.24
110.27
110.29
110.31
Camarilla
110.24
110.25
110.25
110.24
110.27
110.27
110.28
Woodie's
110.16
110.18
110.23
110.25
110.31
110.32
110.38
DeMark's
-
-
110.23
110.25
110.30
-
-","Technical IndicatorsJun 17, 2021 10:59PM GMT
Name
Value
Action
RSI(14)
43.730
Sell
STOCH(9,6)
18.038
Oversold
STOCHRSI(14)
19.914
Oversold
MACD(12,26)
-0.030
Sell
ADX(14)
30.464
Neutral
Williams %R
-82.352
Oversold
CCI(14)
-58.3616
Sell
ATR(14)
0.1186
Less Volatility
Highs/Lows(14)
-0.0596
Sell
Ultimate Oscillator
51.084
Buy
ROC
-0.334
Sell
Bull/Bear Power(13)
-0.1730
Sell
Buy: 1
Sell: 6
Neutral: 1


Summary:Strong Sell","Jun 17, 2021 10:59PM GMT"
aud_usd,0.7559 +0.0008    +0.11%,19:00:08,2021-06-17 23:01:09.623507,"Prev. Close: 0.7550
Bid/Ask: 0.7558 / 0.7559
Day's Range: 0.7547 - 0.7560",Strong Sell,"Summary:Strong Sell
Moving Averages:SellBuy (3)Sell (9)
Technical Indicators:Strong SellBuy (0)Sell (9)","Name
S3
S2
S1
Pivot Points
R1
R2
R3
Classic
0.7538
0.7543
0.7548
0.7552
0.7557
0.7561
0.7566
Fibonacci
0.7543
0.7546
0.7548
0.7552
0.7556
0.7558
0.7561
Camarilla
0.7550
0.7551
0.7552
0.7552
0.7553
0.7554
0.7555
Woodie's
0.7538
0.7543
0.7548
0.7552
0.7557
0.7561
0.7566
DeMark's
-
-
0.7545
0.7551
0.7554
-
-","Technical IndicatorsJun 17, 2021 10:59PM GMT
Name
Value
Action
RSI(14)
33.581
Sell
STOCH(9,6)
27.897
Sell
STOCHRSI(14)
100.000
Overbought
MACD(12,26)
-0.003
Sell
ADX(14)
49.427
Sell
Williams %R
-70.992
Sell
CCI(14)
-55.1551
Sell
ATR(14)
0.0016
Less Volatility
Highs/Lows(14)
0.0000
Neutral
Ultimate Oscillator
40.319
Sell
ROC
-0.559
Sell
Bull/Bear Power(13)
-0.0009
Sell
Buy: 0
Sell: 9
Neutral: 1


Summary:Strong Sell","Jun 17, 2021 10:59PM GMT"
eur_gbp,0.8550 -0.0001    -0.02%,18:59:54,2021-06-17 23:01:09.626446,"Prev. Close: 0.8551
Bid/Ask: 0.8548 / 0.8551
Day's Range: 0.8548 - 0.8557",Strong Sell,"Summary:Strong Sell
Moving Averages:Strong SellBuy (0)Sell (12)
Technical Indicators:Strong SellBuy (2)Sell (7)","Name
S3
S2
S1
Pivot Points
R1
R2
R3
Classic
0.8541
0.8545
0.8549
0.8553
0.8558
0.8561
0.8566
Fibonacci
0.8545
0.8548
0.8550
0.8553
0.8556
0.8558
0.8561
Camarilla
0.8551
0.8552
0.8552
0.8553
0.8554
0.8554
0.8555
Woodie's
0.8541
0.8545
0.8549
0.8553
0.8558
0.8561
0.8566
DeMark's
-
-
0.8551
0.8554
0.8559
-
-","Technical IndicatorsJun 17, 2021 11:00PM GMT
Name
Value
Action
RSI(14)
36.020
Sell
STOCH(9,6)
33.598
Sell
STOCHRSI(14)
51.472
Neutral
MACD(12,26)
-0.001
Sell
ADX(14)
40.720
Sell
Williams %R
-81.481
Oversold
CCI(14)
-107.7825
Sell
ATR(14)
0.0010
Less Volatility
Highs/Lows(14)
-0.0001
Sell
Ultimate Oscillator
51.483
Buy
ROC
0.018
Buy
Bull/Bear Power(13)
-0.0019
Sell
Buy: 2
Sell: 7
Neutral: 1


Summary:Strong Sell","Jun 17, 2021 11:00PM GMT"
usd_cad,1.2345 -0.0016    -0.13%,18:59:53,2021-06-17 23:01:09.629278,"Prev. Close: 1.2361
Bid/Ask: 1.2344 / 1.2345
Day's Range: 1.2342 - 1.2368",Strong Buy,"Summary:Strong Buy
Moving Averages:BuyBuy (8)Sell (4)
Technical Indicators:Strong BuyBuy (8)Sell (0)","Name
S3
S2
S1
Pivot Points
R1
R2
R3
Classic
1.2333
1.2342
1.2350
1.2359
1.2367
1.2376
1.2384
Fibonacci
1.2342
1.2348
1.2353
1.2359
1.2365
1.2370
1.2376
Camarilla
1.2353
1.2355
1.2356
1.2359
1.2360
1.2361
1.2363
Woodie's
1.2333
1.2342
1.2350
1.2359
1.2367
1.2376
1.2384
DeMark's
-
-
1.2346
1.2357
1.2363
-
-","Technical IndicatorsJun 17, 2021 10:59PM GMT
Name
Value
Action
RSI(14)
62.520
Buy
STOCH(9,6)
70.613
Buy
STOCHRSI(14)
0.000
Oversold
MACD(12,26)
0.003
Buy
ADX(14)
45.326
Buy
Williams %R
-43.031
Buy
CCI(14)
42.6929
Neutral
ATR(14)
0.0023
Less Volatility
Highs/Lows(14)
0.0000
Neutral
Ultimate Oscillator
59.971
Buy
ROC
0.240
Buy
Bull/Bear Power(13)
0.0019
Buy
Buy: 8
Sell: 0
Neutral: 2


Summary:Strong Buy","Jun 17, 2021 10:59PM GMT"
usd_chf,0.9175 +0.0002    +0.02%,18:59:47,2021-06-17 23:01:09.632023,"Prev. Close: 0.9173
Bid/Ask: 0.9171 / 0.9179
Day's Range: 0.9169 - 0.9183",Strong Buy,"Summary:Strong Buy
Moving Averages:Strong BuyBuy (11)Sell (1)
Technical Indicators:Strong BuyBuy (10)Sell (0)","Name
S3
S2
S1
Pivot Points
R1
R2
R3
Classic
0.9155
0.9161
0.9169
0.9176
0.9184
0.9191
0.9198
Fibonacci
0.9161
0.9167
0.9170
0.9176
0.9182
0.9185
0.9191
Camarilla
0.9172
0.9173
0.9175
0.9176
0.9177
0.9179
0.9180
Woodie's
0.9155
0.9161
0.9169
0.9176
0.9184
0.9191
0.9198
DeMark's
-
-
0.9165
0.9174
0.9180
-
-","Technical IndicatorsJun 17, 2021 10:59PM GMT
Name
Value
Action
RSI(14)
74.189
Buy
STOCH(9,6)
74.955
Buy
STOCHRSI(14)
0.000
Oversold
MACD(12,26)
0.003
Buy
ADX(14)
40.046
Buy
Williams %R
-22.222
Buy
CCI(14)
74.4607
Buy
ATR(14)
0.0014
Less Volatility
Highs/Lows(14)
0.0004
Buy
Ultimate Oscillator
58.497
Buy
ROC
0.421
Buy
Bull/Bear Power(13)
0.0032
Buy
Buy: 10
Sell: 0
Neutral: 0


Summary:Strong Buy","Jun 17, 2021 10:59PM GMT"
nzd_chf,0.6438 +0.0019    +0.29%,18:59:47,2021-06-17 23:01:09.634727,"Prev. Close: 0.6419
Bid/Ask: 0.6434 / 0.6441
Day's Range: 0.6421 - 0.6439",Strong Buy,"Summary:Strong Buy
Moving Averages:BuyBuy (12)Sell (0)
Technical Indicators:Strong BuyBuy (7)Sell (3)","Name
S3
S2
S1
Pivot Points
R1
R2
R3
Classic
0.6407
0.6414
0.6420
0.6427
0.6433
0.6440
0.6447
Fibonacci
0.6414
0.6419
0.6422
0.6427
0.6432
0.6435
0.6440
Camarilla
0.6421
0.6423
0.6424
0.6427
0.6426
0.6427
0.6429
Woodie's
0.6405
0.6413
0.6418
0.6426
0.6431
0.6439
0.6445
DeMark's
-
-
0.6416
0.6425
0.6429
-
-","Technical IndicatorsJun 17, 2021 10:59PM GMT
Name
Value
Action
RSI(14)
59.008
Buy
STOCH(9,6)
60.385
Buy
STOCHRSI(14)
100.000
Overbought
MACD(12,26)
0.000
Buy
ADX(14)
28.621
Sell
Williams %R
-28.889
Buy
CCI(14)
109.1201
Buy
ATR(14)
0.0012
Less Volatility
Highs/Lows(14)
0.0006
Buy
Ultimate Oscillator
43.850
Sell
ROC
-0.147
Sell
Bull/Bear Power(13)
0.0005
Buy
Buy: 7
Sell: 3
Neutral: 0


Summary:Strong Buy","Jun 17, 2021 10:59PM GMT"
usd_cny,6.4484 +0.0515    +0.80%,11:27:22,2021-06-17 23:01:09.637375,"Prev. Close: 6.3969
Bid/Ask: 6.4477 / 6.4490
Day's Range: 6.3972 - 6.4494",Strong Buy,"Summary:Strong Buy
Moving Averages:BuyBuy (12)Sell (0)
Technical Indicators:Strong BuyBuy (7)Sell (0)","Name
S3
S2
S1
Pivot Points
R1
R2
R3
Classic
6.4380
6.4399
6.4436
6.4455
6.4492
6.4511
6.4548
Fibonacci
6.4399
6.4420
6.4434
6.4455
6.4476
6.4490
6.4511
Camarilla
6.4458
6.4463
6.4468
6.4455
6.4479
6.4484
6.4489
Woodie's
6.4390
6.4404
6.4446
6.4460
6.4502
6.4516
6.4558
DeMark's
-
-
6.4446
6.4460
6.4502
-
-","Technical IndicatorsJun 17, 2021 03:34PM GMT
Name
Value
Action
RSI(14)
85.433
Overbought
STOCH(9,6)
77.649
Buy
STOCHRSI(14)
100.000
Overbought
MACD(12,26)
0.011
Buy
ADX(14)
61.337
Buy
Williams %R
-3.426
Overbought
CCI(14)
151.8010
Buy
ATR(14)
0.0041
Less Volatility
Highs/Lows(14)
0.0141
Buy
Ultimate Oscillator
82.973
Overbought
ROC
0.391
Buy
Bull/Bear Power(13)
0.0286
Buy
Buy: 7
Sell: 0
Neutral: 0


Summary:Strong Buy","Jun 17, 2021 03:34PM GMT"
usd_hkd,7.7648 +0.0004    +0.01%,18:59:55,2021-06-17 23:01:09.640033,"Prev. Close: 7.7644
Bid/Ask: 7.7647 / 7.7649
Day's Range: 7.7641 - 7.7652",Strong Buy,"Summary:Strong Buy
Moving Averages:Strong BuyBuy (11)Sell (1)
Technical Indicators:BUYBuy (5)Sell (3)","Name
S3
S2
S1
Pivot Points
R1
R2
R3
Classic
7.7639
7.7641
7.7645
7.7647
7.7651
7.7653
7.7656
Fibonacci
7.7641
7.7643
7.7645
7.7647
7.7649
7.7651
7.7653
Camarilla
7.7646
7.7646
7.7647
7.7647
7.7648
7.7649
7.7649
Woodie's
7.7639
7.7641
7.7645
7.7647
7.7651
7.7653
7.7656
DeMark's
-
-
7.7645
7.7647
7.7651
-
-","Technical IndicatorsJun 17, 2021 11:00PM GMT
Name
Value
Action
RSI(14)
55.089
Buy
STOCH(9,6)
61.926
Buy
STOCHRSI(14)
32.725
Sell
MACD(12,26)
0.000
Buy
ADX(14)
29.512
Sell
Williams %R
-47.378
Neutral
CCI(14)
23.3609
Neutral
ATR(14)
0.0008
Less Volatility
Highs/Lows(14)
0.0000
Neutral
Ultimate Oscillator
55.957
Buy
ROC
0.008
Buy
Bull/Bear Power(13)
-0.0008
Sell
Buy: 5
Sell: 3
Neutral: 3


Summary:BUY","Jun 17, 2021 11:00PM GMT"
eur_usd,1.1912 +0.0006    +0.05%,19:01:36,2021-06-17 23:02:09.392047,"Prev. Close: 1.1906
Bid/Ask: 1.1911 / 1.1912
Day's Range: 1.1906 - 1.1914",Strong Sell,"Summary:Strong Sell
Moving Averages:SellBuy (2)Sell (10)
Technical Indicators:Strong SellBuy (0)Sell (9)","Name
S3
S2
S1
Pivot Points
R1
R2
R3
Classic
1.1902
1.1904
1.1905
1.1907
1.1909
1.1910
1.1912
Fibonacci
1.1904
1.1905
1.1906
1.1907
1.1908
1.1909
1.1910
Camarilla
1.1906
1.1906
1.1906
1.1907
1.1907
1.1907
1.1907
Woodie's
1.1902
1.1904
1.1905
1.1907
1.1909
1.1910
1.1912
DeMark's
-
-
1.1904
1.1906
1.1908
-
-","Technical IndicatorsJun 17, 2021 11:00PM GMT
Name
Value
Action
RSI(14)
30.690
Sell
STOCH(9,6)
29.016
Sell
STOCHRSI(14)
100.000
Overbought
MACD(12,26)
-0.004
Sell
ADX(14)
37.562
Neutral
Williams %R
-70.001
Sell
CCI(14)
-64.1071
Sell
ATR(14)
0.0017
Less Volatility
Highs/Lows(14)
-0.0002
Sell
Ultimate Oscillator
40.399
Sell
ROC
-0.305
Sell
Bull/Bear Power(13)
-0.0020
Sell
Buy: 0
Sell: 9
Neutral: 1


Summary:Strong Sell","Jun 17, 2021 11:00PM GMT"
gbp_usd,1.3934 +0.0015    +0.11%,19:01:29,2021-06-17 23:02:09.395843,"Prev. Close: 1.3919
Bid/Ask: 1.3932 / 1.3936
Day's Range: 1.3915 - 1.3935",Strong Sell,"Summary:Strong Sell
Moving Averages:SellBuy (4)Sell (8)
Technical Indicators:Strong SellBuy (0)Sell (8)","Name
S3
S2
S1
Pivot Points
R1
R2
R3
Classic
1.3898
1.3907
1.3914
1.3922
1.3929
1.3937
1.3944
Fibonacci
1.3907
1.3912
1.3916
1.3922
1.3928
1.3932
1.3937
Camarilla
1.3916
1.3918
1.3919
1.3922
1.3922
1.3923
1.3925
Woodie's
1.3898
1.3907
1.3914
1.3922
1.3929
1.3937
1.3944
DeMark's
-
-
1.3910
1.3920
1.3926
-
-","Technical IndicatorsJun 17, 2021 10:59PM GMT
Name
Value
Action
RSI(14)
40.382
Sell
STOCH(9,6)
40.514
Sell
STOCHRSI(14)
100.000
Overbought
MACD(12,26)
-0.003
Sell
ADX(14)
39.578
Sell
Williams %R
-57.627
Sell
CCI(14)
-33.3066
Neutral
ATR(14)
0.0024
Less Volatility
Highs/Lows(14)
0.0000
Neutral
Ultimate Oscillator
44.437
Sell
ROC
-0.311
Sell
Bull/Bear Power(13)
-0.0022
Sell
Buy: 0
Sell: 8
Neutral: 2


Summary:Strong Sell","Jun 17, 2021 10:59PM GMT"
usd_jpy,110.28 +0.07    +0.07%,19:01:43,2021-06-17 23:02:09.398761,"Prev. Close: 110.20
Bid/Ask: 110.27 / 110.28
Day's Range: 110.17 - 110.83",Sell,"Summary:Sell
Moving Averages:NeutralBuy (6)Sell (6)
Technical Indicators:Strong SellBuy (1)Sell (6)","Name
S3
S2
S1
Pivot Points
R1
R2
R3
Classic
110.14
110.17
110.21
110.24
110.29
110.31
110.36
Fibonacci
110.17
110.19
110.21
110.24
110.27
110.29
110.31
Camarilla
110.24
110.25
110.25
110.24
110.27
110.27
110.28
Woodie's
110.16
110.18
110.23
110.25
110.31
110.32
110.38
DeMark's
-
-
110.23
110.25
110.30
-
-","Technical IndicatorsJun 17, 2021 10:59PM GMT
Name
Value
Action
RSI(14)
43.730
Sell
STOCH(9,6)
18.038
Oversold
STOCHRSI(14)
19.914
Oversold
MACD(12,26)
-0.030
Sell
ADX(14)
30.464
Neutral
Williams %R
-82.352
Oversold
CCI(14)
-58.3616
Sell
ATR(14)
0.1186
Less Volatility
Highs/Lows(14)
-0.0596
Sell
Ultimate Oscillator
51.084
Buy
ROC
-0.334
Sell
Bull/Bear Power(13)
-0.1730
Sell
Buy: 1
Sell: 6
Neutral: 1


Summary:Strong Sell","Jun 17, 2021 10:59PM GMT"
aud_usd,0.7558 +0.0008    +0.10%,19:01:41,2021-06-17 23:02:09.401501,"Prev. Close: 0.7550
Bid/Ask: 0.7557 / 0.7558
Day's Range: 0.7547 - 0.7560",Strong Sell,"Summary:Strong Sell
Moving Averages:SellBuy (3)Sell (9)
Technical Indicators:Strong SellBuy (0)Sell (8)","Name
S3
S2
S1
Pivot Points
R1
R2
R3
Classic
0.7545
0.7548
0.7554
0.7557
0.7563
0.7566
0.7572
Fibonacci
0.7548
0.7551
0.7554
0.7557
0.7560
0.7563
0.7566
Camarilla
0.7556
0.7557
0.7558
0.7557
0.7559
0.7560
0.7561
Woodie's
0.7545
0.7548
0.7554
0.7557
0.7563
0.7566
0.7572
DeMark's
-
-
0.7555
0.7557
0.7563
-
-","Technical IndicatorsJun 17, 2021 11:01PM GMT
Name
Value
Action
RSI(14)
33.581
Sell
STOCH(9,6)
33.242
Sell
STOCHRSI(14)
100.000
Overbought
MACD(12,26)
-0.002
Sell
ADX(14)
49.534
Sell
Williams %R
-67.521
Sell
CCI(14)
-31.3495
Neutral
ATR(14)
0.0015
Less Volatility
Highs/Lows(14)
0.0000
Neutral
Ultimate Oscillator
45.151
Sell
ROC
-0.494
Sell
Bull/Bear Power(13)
-0.0003
Sell
Buy: 0
Sell: 8
Neutral: 2


Summary:Strong Sell","Jun 17, 2021 11:01PM GMT"
eur_gbp,0.8549 -0.0003    -0.03%,19:01:36,2021-06-17 23:02:09.404203,"Prev. Close: 0.8551
Bid/Ask: 0.8547 / 0.8550
Day's Range: 0.8548 - 0.8557",Strong Sell,"Summary:Strong Sell
Moving Averages:Strong SellBuy (0)Sell (12)
Technical Indicators:Strong SellBuy (2)Sell (7)","Name
S3
S2
S1
Pivot Points
R1
R2
R3
Classic
0.8541
0.8545
0.8549
0.8553
0.8558
0.8561
0.8566
Fibonacci
0.8545
0.8548
0.8550
0.8553
0.8556
0.8558
0.8561
Camarilla
0.8551
0.8552
0.8552
0.8553
0.8554
0.8554
0.8555
Woodie's
0.8541
0.8545
0.8549
0.8553
0.8558
0.8561
0.8566
DeMark's
-
-
0.8551
0.8554
0.8559
-
-","Technical IndicatorsJun 17, 2021 11:00PM GMT
Name
Value
Action
RSI(14)
36.020
Sell
STOCH(9,6)
33.598
Sell
STOCHRSI(14)
51.472
Neutral
MACD(12,26)
-0.001
Sell
ADX(14)
40.720
Sell
Williams %R
-81.481
Oversold
CCI(14)
-107.7825
Sell
ATR(14)
0.0010
Less Volatility
Highs/Lows(14)
-0.0001
Sell
Ultimate Oscillator
51.483
Buy
ROC
0.018
Buy
Bull/Bear Power(13)
-0.0019
Sell
Buy: 2
Sell: 7
Neutral: 1


Summary:Strong Sell","Jun 17, 2021 11:00PM GMT"
usd_cad,1.2346 -0.0015    -0.13%,19:01:39,2021-06-17 23:02:09.406902,"Prev. Close: 1.2361
Bid/Ask: 1.2345 / 1.2346
Day's Range: 1.2341 - 1.2368",Strong Buy,"Summary:Strong Buy
Moving Averages:BuyBuy (8)Sell (4)
Technical Indicators:Strong BuyBuy (8)Sell (0)","Name
S3
S2
S1
Pivot Points
R1
R2
R3
Classic
1.2333
1.2342
1.2350
1.2359
1.2367
1.2376
1.2384
Fibonacci
1.2342
1.2348
1.2353
1.2359
1.2365
1.2370
1.2376
Camarilla
1.2353
1.2355
1.2356
1.2359
1.2360
1.2361
1.2363
Woodie's
1.2333
1.2342
1.2350
1.2359
1.2367
1.2376
1.2384
DeMark's
-
-
1.2346
1.2357
1.2363
-
-","Technical IndicatorsJun 17, 2021 10:59PM GMT
Name
Value
Action
RSI(14)
62.520
Buy
STOCH(9,6)
70.613
Buy
STOCHRSI(14)
0.000
Oversold
MACD(12,26)
0.003
Buy
ADX(14)
45.326
Buy
Williams %R
-43.031
Buy
CCI(14)
42.6929
Neutral
ATR(14)
0.0023
Less Volatility
Highs/Lows(14)
0.0000
Neutral
Ultimate Oscillator
59.971
Buy
ROC
0.240
Buy
Bull/Bear Power(13)
0.0019
Buy
Buy: 8
Sell: 0
Neutral: 2


Summary:Strong Buy","Jun 17, 2021 10:59PM GMT"
usd_chf,0.9176 +0.0003    +0.03%,19:01:31,2021-06-17 23:02:09.409564,"Prev. Close: 0.9173
Bid/Ask: 0.9172 / 0.9180
Day's Range: 0.9169 - 0.9183",Strong Buy,"Summary:Strong Buy
Moving Averages:Strong BuyBuy (11)Sell (1)
Technical Indicators:Strong BuyBuy (10)Sell (0)","Name
S3
S2
S1
Pivot Points
R1
R2
R3
Classic
0.9155
0.9161
0.9169
0.9176
0.9184
0.9191
0.9198
Fibonacci
0.9161
0.9167
0.9170
0.9176
0.9182
0.9185
0.9191
Camarilla
0.9172
0.9173
0.9175
0.9176
0.9177
0.9179
0.9180
Woodie's
0.9155
0.9161
0.9169
0.9176
0.9184
0.9191
0.9198
DeMark's
-
-
0.9165
0.9174
0.9180
-
-","Technical IndicatorsJun 17, 2021 10:59PM GMT
Name
Value
Action
RSI(14)
74.189
Buy
STOCH(9,6)
74.955
Buy
STOCHRSI(14)
0.000
Oversold
MACD(12,26)
0.003
Buy
ADX(14)
40.046
Buy
Williams %R
-22.222
Buy
CCI(14)
74.4607
Buy
ATR(14)
0.0014
Less Volatility
Highs/Lows(14)
0.0004
Buy
Ultimate Oscillator
58.497
Buy
ROC
0.421
Buy
Bull/Bear Power(13)
0.0032
Buy
Buy: 10
Sell: 0
Neutral: 0


Summary:Strong Buy","Jun 17, 2021 10:59PM GMT"
nzd_chf,0.6438 +0.0019    +0.30%,19:01:42,2021-06-17 23:02:09.412246,"Prev. Close: 0.6419
Bid/Ask: 0.6437 / 0.6439
Day's Range: 0.6421 - 0.6439",Strong Buy,"Summary:Strong Buy
Moving Averages:BuyBuy (12)Sell (0)
Technical Indicators:Strong BuyBuy (7)Sell (3)","Name
S3
S2
S1
Pivot Points
R1
R2
R3
Classic
0.6407
0.6414
0.6420
0.6427
0.6433
0.6440
0.6447
Fibonacci
0.6414
0.6419
0.6422
0.6427
0.6432
0.6435
0.6440
Camarilla
0.6421
0.6423
0.6424
0.6427
0.6426
0.6427
0.6429
Woodie's
0.6405
0.6413
0.6418
0.6426
0.6431
0.6439
0.6445
DeMark's
-
-
0.6416
0.6425
0.6429
-
-","Technical IndicatorsJun 17, 2021 10:59PM GMT
Name
Value
Action
RSI(14)
59.008
Buy
STOCH(9,6)
60.385
Buy
STOCHRSI(14)
100.000
Overbought
MACD(12,26)
0.000
Buy
ADX(14)
28.621
Sell
Williams %R
-28.889
Buy
CCI(14)
109.1201
Buy
ATR(14)
0.0012
Less Volatility
Highs/Lows(14)
0.0006
Buy
Ultimate Oscillator
43.850
Sell
ROC
-0.147
Sell
Bull/Bear Power(13)
0.0005
Buy
Buy: 7
Sell: 3
Neutral: 0


Summary:Strong Buy","Jun 17, 2021 10:59PM GMT"
usd_cny,6.4484 +0.0515    +0.80%,11:27:22,2021-06-17 23:02:09.414922,"Prev. Close: 6.3969
Bid/Ask: 6.4477 / 6.4490
Day's Range: 6.3972 - 6.4494",Strong Buy,"Summary:Strong Buy
Moving Averages:BuyBuy (12)Sell (0)
Technical Indicators:Strong BuyBuy (7)Sell (0)","Name
S3
S2
S1
Pivot Points
R1
R2
R3
Classic
6.4380
6.4399
6.4436
6.4455
6.4492
6.4511
6.4548
Fibonacci
6.4399
6.4420
6.4434
6.4455
6.4476
6.4490
6.4511
Camarilla
6.4458
6.4463
6.4468
6.4455
6.4479
6.4484
6.4489
Woodie's
6.4390
6.4404
6.4446
6.4460
6.4502
6.4516
6.4558
DeMark's
-
-
6.4446
6.4460
6.4502
-
-","Technical IndicatorsJun 17, 2021 03:34PM GMT
Name
Value
Action
RSI(14)
85.433
Overbought
STOCH(9,6)
77.649
Buy
STOCHRSI(14)
100.000
Overbought
MACD(12,26)
0.011
Buy
ADX(14)
61.337
Buy
Williams %R
-3.426
Overbought
CCI(14)
151.8010
Buy
ATR(14)
0.0041
Less Volatility
Highs/Lows(14)
0.0141
Buy
Ultimate Oscillator
82.973
Overbought
ROC
0.391
Buy
Bull/Bear Power(13)
0.0286
Buy
Buy: 7
Sell: 0
Neutral: 0


Summary:Strong Buy","Jun 17, 2021 03:34PM GMT"
usd_hkd,7.7647 +0.0003    +0.00%,19:01:28,2021-06-17 23:02:09.417658,"Prev. Close: 7.7644
Bid/Ask: 7.7645 / 7.7648
Day's Range: 7.7641 - 7.7652",Strong Buy,"Summary:Strong Buy
Moving Averages:Strong BuyBuy (11)Sell (1)
Technical Indicators:BUYBuy (5)Sell (3)","Name
S3
S2
S1
Pivot Points
R1
R2
R3
Classic
7.7639
7.7641
7.7645
7.7647
7.7651
7.7653
7.7656
Fibonacci
7.7641
7.7643
7.7645
7.7647
7.7649
7.7651
7.7653
Camarilla
7.7646
7.7646
7.7647
7.7647
7.7648
7.7649
7.7649
Woodie's
7.7639
7.7641
7.7645
7.7647
7.7651
7.7653
7.7656
DeMark's
-
-
7.7645
7.7647
7.7651
-
-","Technical IndicatorsJun 17, 2021 11:00PM GMT
Name
Value
Action
RSI(14)
55.089
Buy
STOCH(9,6)
61.926
Buy
STOCHRSI(14)
32.725
Sell
MACD(12,26)
0.000
Buy
ADX(14)
29.512
Sell
Williams %R
-47.378
Neutral
CCI(14)
23.3609
Neutral
ATR(14)
0.0008
Less Volatility
Highs/Lows(14)
0.0000
Neutral
Ultimate Oscillator
55.957
Buy
ROC
0.008
Buy
Bull/Bear Power(13)
-0.0008
Sell
Buy: 5
Sell: 3
Neutral: 3


Summary:BUY","Jun 17, 2021 11:00PM GMT"
eur_usd,1.1912 +0.0006    +0.05%,19:02:29,2021-06-17 23:03:09.484796,"Prev. Close: 1.1906
Bid/Ask: 1.1911 / 1.1912
Day's Range: 1.1906 - 1.1914",Strong Sell,"Summary:Strong Sell
Moving Averages:SellBuy (2)Sell (10)
Technical Indicators:Strong SellBuy (0)Sell (9)","Name
S3
S2
S1
Pivot Points
R1
R2
R3
Classic
1.1902
1.1904
1.1905
1.1907
1.1909
1.1910
1.1912
Fibonacci
1.1904
1.1905
1.1906
1.1907
1.1908
1.1909
1.1910
Camarilla
1.1906
1.1906
1.1906
1.1907
1.1907
1.1907
1.1907
Woodie's
1.1902
1.1904
1.1905
1.1907
1.1909
1.1910
1.1912
DeMark's
-
-
1.1904
1.1906
1.1908
-
-","Technical IndicatorsJun 17, 2021 11:00PM GMT
Name
Value
Action
RSI(14)
30.690
Sell
STOCH(9,6)
29.016
Sell
STOCHRSI(14)
100.000
Overbought
MACD(12,26)
-0.004
Sell
ADX(14)
37.562
Neutral
Williams %R
-70.001
Sell
CCI(14)
-64.1071
Sell
ATR(14)
0.0017
Less Volatility
Highs/Lows(14)
-0.0002
Sell
Ultimate Oscillator
40.399
Sell
ROC
-0.305
Sell
Bull/Bear Power(13)
-0.0020
Sell
Buy: 0
Sell: 9
Neutral: 1


Summary:Strong Sell","Jun 17, 2021 11:00PM GMT"
gbp_usd,1.3934 +0.0014    +0.10%,19:02:51,2021-06-17 23:03:09.488610,"Prev. Close: 1.3919
Bid/Ask: 1.3932 / 1.3935
Day's Range: 1.3915 - 1.3935",Sell,"Summary:Sell
Moving Averages:SellBuy (4)Sell (8)
Technical Indicators:SellBuy (1)Sell (5)","Name
S3
S2
S1
Pivot Points
R1
R2
R3
Classic
1.3914
1.3918
1.3925
1.3930
1.3937
1.3942
1.3949
Fibonacci
1.3918
1.3923
1.3926
1.3930
1.3934
1.3937
1.3942
Camarilla
1.3929
1.3930
1.3931
1.3930
1.3934
1.3935
1.3936
Woodie's
1.3916
1.3919
1.3927
1.3931
1.3939
1.3943
1.3951
DeMark's
-
-
1.3928
1.3931
1.3939
-
-","Technical IndicatorsJun 17, 2021 11:02PM GMT
Name
Value
Action
RSI(14)
40.786
Sell
STOCH(9,6)
45.961
Neutral
STOCHRSI(14)
100.000
Overbought
MACD(12,26)
-0.003
Sell
ADX(14)
38.045
Sell
Williams %R
-51.875
Neutral
CCI(14)
1.0427
Neutral
ATR(14)
0.0023
Less Volatility
Highs/Lows(14)
0.0000
Neutral
Ultimate Oscillator
51.893
Buy
ROC
-0.283
Sell
Bull/Bear Power(13)
-0.0012
Sell
Buy: 1
Sell: 5
Neutral: 4


Summary:Sell","Jun 17, 2021 11:02PM GMT"
usd_jpy,110.28 +0.07    +0.07%,19:02:44,2021-06-17 23:03:09.491432,"Prev. Close: 110.20
Bid/Ask: 110.27 / 110.28
Day's Range: 110.17 - 110.83",Neutral,"Summary:Neutral
Moving Averages:BuyBuy (7)Sell (5)
Technical Indicators:Strong SellBuy (1)Sell (7)","Name
S3
S2
S1
Pivot Points
R1
R2
R3
Classic
110.18
110.21
110.25
110.27
110.31
110.33
110.37
Fibonacci
110.21
110.23
110.25
110.27
110.29
110.31
110.33
Camarilla
110.26
110.26
110.27
110.27
110.28
110.29
110.29
Woodie's
110.18
110.21
110.25
110.27
110.31
110.33
110.37
DeMark's
-
-
110.26
110.28
110.32
-
-","Technical IndicatorsJun 17, 2021 11:02PM GMT
Name
Value
Action
RSI(14)
44.431
Sell
STOCH(9,6)
26.607
Sell
STOCHRSI(14)
22.468
Oversold
MACD(12,26)
-0.030
Sell
ADX(14)
27.319
Buy
Williams %R
-80.671
Oversold
CCI(14)
-46.6279
Neutral
ATR(14)
0.1139
Less Volatility
Highs/Lows(14)
-0.0254
Sell
Ultimate Oscillator
43.025
Sell
ROC
-0.370
Sell
Bull/Bear Power(13)
-0.1080
Sell
Buy: 1
Sell: 7
Neutral: 1


Summary:Strong Sell","Jun 17, 2021 11:02PM GMT"
aud_usd,0.7557 +0.0006    +0.09%,19:02:53,2021-06-17 23:03:09.494122,"Prev. Close: 0.7550
Bid/Ask: 0.7556 / 0.7557
Day's Range: 0.7547 - 0.7560",Strong Sell,"Summary:Strong Sell
Moving Averages:SellBuy (3)Sell (9)
Technical Indicators:Strong SellBuy (0)Sell (8)","Name
S3
S2
S1
Pivot Points
R1
R2
R3
Classic
0.7545
0.7548
0.7554
0.7557
0.7563
0.7566
0.7572
Fibonacci
0.7548
0.7551
0.7554
0.7557
0.7560
0.7563
0.7566
Camarilla
0.7556
0.7557
0.7558
0.7557
0.7559
0.7560
0.7561
Woodie's
0.7545
0.7548
0.7554
0.7557
0.7563
0.7566
0.7572
DeMark's
-
-
0.7555
0.7557
0.7563
-
-","Technical IndicatorsJun 17, 2021 11:01PM GMT
Name
Value
Action
RSI(14)
33.581
Sell
STOCH(9,6)
33.242
Sell
STOCHRSI(14)
100.000
Overbought
MACD(12,26)
-0.002
Sell
ADX(14)
49.534
Sell
Williams %R
-67.521
Sell
CCI(14)
-31.3495
Neutral
ATR(14)
0.0015
Less Volatility
Highs/Lows(14)
0.0000
Neutral
Ultimate Oscillator
45.151
Sell
ROC
-0.494
Sell
Bull/Bear Power(13)
-0.0003
Sell
Buy: 0
Sell: 8
Neutral: 2


Summary:Strong Sell","Jun 17, 2021 11:01PM GMT"
eur_gbp,0.8549 -0.0003    -0.03%,19:02:51,2021-06-17 23:03:09.496788,"Prev. Close: 0.8551
Bid/Ask: 0.8548 / 0.8549
Day's Range: 0.8548 - 0.8557",Strong Sell,"Summary:Strong Sell
Moving Averages:Strong SellBuy (0)Sell (12)
Technical Indicators:Strong SellBuy (1)Sell (7)","Name
S3
S2
S1
Pivot Points
R1
R2
R3
Classic
0.8540
0.8544
0.8546
0.8550
0.8553
0.8556
0.8559
Fibonacci
0.8544
0.8546
0.8548
0.8550
0.8552
0.8554
0.8556
Camarilla
0.8548
0.8548
0.8549
0.8550
0.8550
0.8551
0.8551
Woodie's
0.8540
0.8544
0.8546
0.8550
0.8553
0.8556
0.8559
DeMark's
-
-
0.8545
0.8549
0.8552
-
-","Technical IndicatorsJun 17, 2021 11:02PM GMT
Name
Value
Action
RSI(14)
35.664
Sell
STOCH(9,6)
26.963
Sell
STOCHRSI(14)
20.660
Oversold
MACD(12,26)
-0.001
Sell
ADX(14)
30.896
Buy
Williams %R
-83.333
Oversold
CCI(14)
-138.3986
Sell
ATR(14)
0.0010
Less Volatility
Highs/Lows(14)
-0.0002
Sell
Ultimate Oscillator
49.146
Neutral
ROC
-0.035
Sell
Bull/Bear Power(13)
-0.0024
Sell
Buy: 1
Sell: 7
Neutral: 1


Summary:Strong Sell","Jun 17, 2021 11:02PM GMT"
usd_cad,1.2342 -0.0019    -0.15%,19:02:51,2021-06-17 23:03:09.499461,"Prev. Close: 1.2361
Bid/Ask: 1.2340 / 1.2344
Day's Range: 1.2341 - 1.2368",Strong Buy,"Summary:Strong Buy
Moving Averages:BuyBuy (8)Sell (4)
Technical Indicators:Strong BuyBuy (8)Sell (0)","Name
S3
S2
S1
Pivot Points
R1
R2
R3
Classic
1.2323
1.2333
1.2339
1.2348
1.2354
1.2363
1.2369
Fibonacci
1.2333
1.2338
1.2342
1.2348
1.2354
1.2358
1.2363
Camarilla
1.2341
1.2342
1.2344
1.2348
1.2346
1.2348
1.2349
Woodie's
1.2321
1.2332
1.2337
1.2347
1.2352
1.2362
1.2367
DeMark's
-
-
1.2336
1.2347
1.2351
-
-","Technical IndicatorsJun 17, 2021 11:02PM GMT
Name
Value
Action
RSI(14)
64.115
Buy
STOCH(9,6)
67.146
Buy
STOCHRSI(14)
0.963
Oversold
MACD(12,26)
0.003
Buy
ADX(14)
43.439
Buy
Williams %R
-38.789
Buy
CCI(14)
13.9376
Neutral
ATR(14)
0.0023
Less Volatility
Highs/Lows(14)
0.0000
Neutral
Ultimate Oscillator
66.058
Buy
ROC
0.199
Buy
Bull/Bear Power(13)
0.0006
Buy
Buy: 8
Sell: 0
Neutral: 2


Summary:Strong Buy","Jun 17, 2021 11:02PM GMT"
usd_chf,0.9176 +0.0003    +0.03%,19:02:44,2021-06-17 23:03:09.502113,"Prev. Close: 0.9173
Bid/Ask: 0.9172 / 0.9180
Day's Range: 0.9169 - 0.9183",Strong Buy,"Summary:Strong Buy
Moving Averages:BuyBuy (10)Sell (2)
Technical Indicators:Strong BuyBuy (10)Sell (0)","Name
S3
S2
S1
Pivot Points
R1
R2
R3
Classic
0.9170
0.9172
0.9174
0.9176
0.9178
0.9180
0.9182
Fibonacci
0.9172
0.9174
0.9174
0.9176
0.9178
0.9178
0.9180
Camarilla
0.9174
0.9174
0.9175
0.9176
0.9175
0.9176
0.9176
Woodie's
0.9170
0.9172
0.9174
0.9176
0.9178
0.9180
0.9182
DeMark's
-
-
0.9172
0.9175
0.9176
-
-","Technical IndicatorsJun 17, 2021 11:02PM GMT
Name
Value
Action
RSI(14)
74.464
Buy
STOCH(9,6)
74.461
Buy
STOCHRSI(14)
2.151
Oversold
MACD(12,26)
0.003
Buy
ADX(14)
39.163
Buy
Williams %R
-22.223
Buy
CCI(14)
68.4307
Buy
ATR(14)
0.0013
Less Volatility
Highs/Lows(14)
0.0003
Buy
Ultimate Oscillator
51.437
Buy
ROC
0.333
Buy
Bull/Bear Power(13)
0.0033
Buy
Buy: 10
Sell: 0
Neutral: 0


Summary:Strong Buy","Jun 17, 2021 11:02PM GMT"
nzd_chf,0.6437 +0.0018    +0.28%,19:02:57,2021-06-17 23:03:09.504773,"Prev. Close: 0.6419
Bid/Ask: 0.6435 / 0.6439
Day's Range: 0.6421 - 0.6439",Strong Buy,"Summary:Strong Buy
Moving Averages:BuyBuy (12)Sell (0)
Technical Indicators:Strong BuyBuy (6)Sell (3)","Name
S3
S2
S1
Pivot Points
R1
R2
R3
Classic
0.6417
0.6422
0.6429
0.6434
0.6441
0.6446
0.6454
Fibonacci
0.6422
0.6426
0.6429
0.6434
0.6439
0.6442
0.6446
Camarilla
0.6434
0.6435
0.6436
0.6434
0.6439
0.6440
0.6441
Woodie's
0.6419
0.6423
0.6431
0.6435
0.6443
0.6447
0.6456
DeMark's
-
-
0.6432
0.6435
0.6444
-
-","Technical IndicatorsJun 17, 2021 11:02PM GMT
Name
Value
Action
RSI(14)
59.336
Buy
STOCH(9,6)
68.209
Buy
STOCHRSI(14)
100.000
Overbought
MACD(12,26)
0.000
Buy
ADX(14)
29.295
Sell
Williams %R
-14.473
Overbought
CCI(14)
182.7430
Buy
ATR(14)
0.0012
Less Volatility
Highs/Lows(14)
0.0007
Buy
Ultimate Oscillator
44.078
Sell
ROC
-0.031
Sell
Bull/Bear Power(13)
0.0016
Buy
Buy: 6
Sell: 3
Neutral: 0


Summary:Strong Buy","Jun 17, 2021 11:02PM GMT"
usd_cny,6.4484 +0.0515    +0.80%,11:27:22,2021-06-17 23:03:09.507440,"Prev. Close: 6.3969
Bid/Ask: 6.4477 / 6.4490
Day's Range: 6.3972 - 6.4494",Strong Buy,"Summary:Strong Buy
Moving Averages:BuyBuy (12)Sell (0)
Technical Indicators:Strong BuyBuy (7)Sell (0)","Name
S3
S2
S1
Pivot Points
R1
R2
R3
Classic
6.4380
6.4399
6.4436
6.4455
6.4492
6.4511
6.4548
Fibonacci
6.4399
6.4420
6.4434
6.4455
6.4476
6.4490
6.4511
Camarilla
6.4458
6.4463
6.4468
6.4455
6.4479
6.4484
6.4489
Woodie's
6.4390
6.4404
6.4446
6.4460
6.4502
6.4516
6.4558
DeMark's
-
-
6.4446
6.4460
6.4502
-
-","Technical IndicatorsJun 17, 2021 03:34PM GMT
Name
Value
Action
RSI(14)
85.433
Overbought
STOCH(9,6)
77.649
Buy
STOCHRSI(14)
100.000
Overbought
MACD(12,26)
0.011
Buy
ADX(14)
61.337
Buy
Williams %R
-3.426
Overbought
CCI(14)
151.8010
Buy
ATR(14)
0.0041
Less Volatility
Highs/Lows(14)
0.0141
Buy
Ultimate Oscillator
82.973
Overbought
ROC
0.391
Buy
Bull/Bear Power(13)
0.0286
Buy
Buy: 7
Sell: 0
Neutral: 0


Summary:Strong Buy","Jun 17, 2021 03:34PM GMT"
usd_hkd,7.7647 +0.0003    +0.00%,19:02:28,2021-06-17 23:03:09.510082,"Prev. Close: 7.7644
Bid/Ask: 7.7645 / 7.7648
Day's Range: 7.7641 - 7.7652",Buy,"Summary:Buy
Moving Averages:BuyBuy (12)Sell (0)
Technical Indicators:BUYBuy (5)Sell (3)","Name
S3
S2
S1
Pivot Points
R1
R2
R3
Classic
7.7629
7.7635
7.7640
7.7646
7.7651
7.7657
7.7663
Fibonacci
7.7635
7.7639
7.7642
7.7646
7.7650
7.7653
7.7657
Camarilla
7.7643
7.7644
7.7645
7.7646
7.7648
7.7649
7.7650
Woodie's
7.7629
7.7635
7.7640
7.7646
7.7651
7.7657
7.7663
DeMark's
-
-
7.7638
7.7645
7.7649
-
-","Technical IndicatorsJun 17, 2021 11:02PM GMT
Name
Value
Action
RSI(14)
55.954
Buy
STOCH(9,6)
64.499
Buy
STOCHRSI(14)
38.551
Sell
MACD(12,26)
0.000
Buy
ADX(14)
25.688
Neutral
Williams %R
-42.108
Buy
CCI(14)
43.7028
Neutral
ATR(14)
0.0007
Less Volatility
Highs/Lows(14)
0.0000
Neutral
Ultimate Oscillator
59.098
Buy
ROC
-0.003
Sell
Bull/Bear Power(13)
-0.0006
Sell
Buy: 5
Sell: 3
Neutral: 3


Summary:BUY","Jun 17, 2021 11:02PM GMT"
eur_usd,1.1912 +0.0006    +0.05%,19:03:32,2021-06-17 23:04:10.254632,"Prev. Close: 1.1906
Bid/Ask: 1.1911 / 1.1912
Day's Range: 1.1906 - 1.1914",Strong Sell,"Summary:Strong Sell
Moving Averages:SellBuy (3)Sell (9)
Technical Indicators:Strong SellBuy (0)Sell (9)","Name
S3
S2
S1
Pivot Points
R1
R2
R3
Classic
1.1900
1.1903
1.1907
1.1910
1.1914
1.1917
1.1921
Fibonacci
1.1903
1.1906
1.1907
1.1910
1.1913
1.1914
1.1917
Camarilla
1.1910
1.1910
1.1911
1.1910
1.1912
1.1913
1.1913
Woodie's
1.1902
1.1904
1.1909
1.1911
1.1916
1.1918
1.1923
DeMark's
-
-
1.1909
1.1911
1.1916
-
-","Technical IndicatorsJun 17, 2021 11:02PM GMT
Name
Value
Action
RSI(14)
30.980
Sell
STOCH(9,6)
29.398
Sell
STOCHRSI(14)
100.000
Overbought
MACD(12,26)
-0.003
Sell
ADX(14)
36.588
Sell
Williams %R
-67.213
Sell
CCI(14)
-50.2466
Sell
ATR(14)
0.0016
Less Volatility
Highs/Lows(14)
0.0000
Neutral
Ultimate Oscillator
44.682
Sell
ROC
-0.318
Sell
Bull/Bear Power(13)
-0.0016
Sell
Buy: 0
Sell: 9
Neutral: 1


Summary:Strong Sell","Jun 17, 2021 11:02PM GMT"
gbp_usd,1.3934 +0.0014    +0.10%,19:03:31,2021-06-17 23:04:10.258821,"Prev. Close: 1.3919
Bid/Ask: 1.3932 / 1.3935
Day's Range: 1.3915 - 1.3935",Sell,"Summary:Sell
Moving Averages:SellBuy (4)Sell (8)
Technical Indicators:SellBuy (1)Sell (5)","Name
S3
S2
S1
Pivot Points
R1
R2
R3
Classic
1.3914
1.3918
1.3925
1.3930
1.3937
1.3942
1.3949
Fibonacci
1.3918
1.3923
1.3926
1.3930
1.3934
1.3937
1.3942
Camarilla
1.3929
1.3930
1.3931
1.3930
1.3934
1.3935
1.3936
Woodie's
1.3916
1.3919
1.3927
1.3931
1.3939
1.3943
1.3951
DeMark's
-
-
1.3928
1.3931
1.3939
-
-","Technical IndicatorsJun 17, 2021 11:03PM GMT
Name
Value
Action
RSI(14)
40.409
Sell
STOCH(9,6)
45.671
Neutral
STOCHRSI(14)
100.000
Overbought
MACD(12,26)
-0.003
Sell
ADX(14)
38.045
Sell
Williams %R
-53.126
Neutral
CCI(14)
-0.9046
Neutral
ATR(14)
0.0023
Less Volatility
Highs/Lows(14)
0.0000
Neutral
Ultimate Oscillator
51.172
Buy
ROC
-0.290
Sell
Bull/Bear Power(13)
-0.0012
Sell
Buy: 1
Sell: 5
Neutral: 4


Summary:Sell","Jun 17, 2021 11:03PM GMT"
usd_jpy,110.28 +0.07    +0.07%,19:03:43,2021-06-17 23:04:10.262000,"Prev. Close: 110.20
Bid/Ask: 110.27 / 110.28
Day's Range: 110.17 - 110.83",Neutral,"Summary:Neutral
Moving Averages:BuyBuy (7)Sell (5)
Technical Indicators:Strong SellBuy (1)Sell (7)","Name
S3
S2
S1
Pivot Points
R1
R2
R3
Classic
110.18
110.21
110.25
110.27
110.31
110.33
110.37
Fibonacci
110.21
110.23
110.25
110.27
110.29
110.31
110.33
Camarilla
110.26
110.26
110.27
110.27
110.28
110.29
110.29
Woodie's
110.18
110.21
110.25
110.27
110.31
110.33
110.37
DeMark's
-
-
110.26
110.28
110.32
-
-","Technical IndicatorsJun 17, 2021 11:02PM GMT
Name
Value
Action
RSI(14)
44.431
Sell
STOCH(9,6)
26.607
Sell
STOCHRSI(14)
22.468
Oversold
MACD(12,26)
-0.030
Sell
ADX(14)
27.319
Buy
Williams %R
-80.671
Oversold
CCI(14)
-46.6279
Neutral
ATR(14)
0.1139
Less Volatility
Highs/Lows(14)
-0.0254
Sell
Ultimate Oscillator
43.025
Sell
ROC
-0.370
Sell
Bull/Bear Power(13)
-0.1080
Sell
Buy: 1
Sell: 7
Neutral: 1


Summary:Strong Sell","Jun 17, 2021 11:02PM GMT"
aud_usd,0.7557 +0.0006    +0.09%,19:03:42,2021-06-17 23:04:10.265028,"Prev. Close: 0.7550
Bid/Ask: 0.7556 / 0.7557
Day's Range: 0.7547 - 0.7560",Strong Sell,"Summary:Strong Sell
Moving Averages:SellBuy (3)Sell (9)
Technical Indicators:Strong SellBuy (0)Sell (8)","Name
S3
S2
S1
Pivot Points
R1
R2
R3
Classic
0.7545
0.7548
0.7554
0.7557
0.7563
0.7566
0.7572
Fibonacci
0.7548
0.7551
0.7554
0.7557
0.7560
0.7563
0.7566
Camarilla
0.7556
0.7557
0.7558
0.7557
0.7559
0.7560
0.7561
Woodie's
0.7545
0.7548
0.7554
0.7557
0.7563
0.7566
0.7572
DeMark's
-
-
0.7555
0.7557
0.7563
-
-","Technical IndicatorsJun 17, 2021 11:03PM GMT
Name
Value
Action
RSI(14)
32.876
Sell
STOCH(9,6)
32.184
Sell
STOCHRSI(14)
95.436
Overbought
MACD(12,26)
-0.002
Sell
ADX(14)
49.534
Sell
Williams %R
-70.941
Sell
CCI(14)
-41.8900
Neutral
ATR(14)
0.0015
Less Volatility
Highs/Lows(14)
0.0000
Neutral
Ultimate Oscillator
44.320
Sell
ROC
-0.520
Sell
Bull/Bear Power(13)
-0.0006
Sell
Buy: 0
Sell: 8
Neutral: 2


Summary:Strong Sell","Jun 17, 2021 11:03PM GMT"
eur_gbp,0.8550 -0.0001    -0.02%,19:03:43,2021-06-17 23:04:10.268016,"Prev. Close: 0.8551
Bid/Ask: 0.8548 / 0.8551
Day's Range: 0.8548 - 0.8557",Strong Sell,"Summary:Strong Sell
Moving Averages:Strong SellBuy (0)Sell (12)
Technical Indicators:Strong SellBuy (1)Sell (7)","Name
S3
S2
S1
Pivot Points
R1
R2
R3
Classic
0.8540
0.8544
0.8546
0.8550
0.8553
0.8556
0.8559
Fibonacci
0.8544
0.8546
0.8548
0.8550
0.8552
0.8554
0.8556
Camarilla
0.8548
0.8548
0.8549
0.8550
0.8550
0.8551
0.8551
Woodie's
0.8540
0.8544
0.8546
0.8550
0.8553
0.8556
0.8559
DeMark's
-
-
0.8545
0.8549
0.8552
-
-","Technical IndicatorsJun 17, 2021 11:02PM GMT
Name
Value
Action
RSI(14)
35.664
Sell
STOCH(9,6)
26.963
Sell
STOCHRSI(14)
20.660
Oversold
MACD(12,26)
-0.001
Sell
ADX(14)
30.896
Buy
Williams %R
-83.333
Oversold
CCI(14)
-138.3986
Sell
ATR(14)
0.0010
Less Volatility
Highs/Lows(14)
-0.0002
Sell
Ultimate Oscillator
49.146
Neutral
ROC
-0.035
Sell
Bull/Bear Power(13)
-0.0024
Sell
Buy: 1
Sell: 7
Neutral: 1


Summary:Strong Sell","Jun 17, 2021 11:02PM GMT"
usd_cad,1.2345 -0.0016    -0.13%,19:03:38,2021-06-17 23:04:10.270990,"Prev. Close: 1.2361
Bid/Ask: 1.2344 / 1.2346
Day's Range: 1.2341 - 1.2368",Strong Buy,"Summary:Strong Buy
Moving Averages:BuyBuy (8)Sell (4)
Technical Indicators:Strong BuyBuy (8)Sell (0)","Name
S3
S2
S1
Pivot Points
R1
R2
R3
Classic
1.2323
1.2333
1.2339
1.2348
1.2354
1.2363
1.2369
Fibonacci
1.2333
1.2338
1.2342
1.2348
1.2354
1.2358
1.2363
Camarilla
1.2341
1.2342
1.2344
1.2348
1.2346
1.2348
1.2349
Woodie's
1.2321
1.2332
1.2337
1.2347
1.2352
1.2362
1.2367
DeMark's
-
-
1.2336
1.2347
1.2351
-
-","Technical IndicatorsJun 17, 2021 11:03PM GMT
Name
Value
Action
RSI(14)
62.412
Buy
STOCH(9,6)
66.148
Buy
STOCHRSI(14)
0.000
Oversold
MACD(12,26)
0.003
Buy
ADX(14)
43.574
Buy
Williams %R
-43.031
Buy
CCI(14)
8.0449
Neutral
ATR(14)
0.0023
Less Volatility
Highs/Lows(14)
0.0000
Neutral
Ultimate Oscillator
63.457
Buy
ROC
0.170
Buy
Bull/Bear Power(13)
0.0007
Buy
Buy: 8
Sell: 0
Neutral: 2


Summary:Strong Buy","Jun 17, 2021 11:03PM GMT"
usd_chf,0.9176 +0.0003    +0.03%,19:03:25,2021-06-17 23:04:10.273967,"Prev. Close: 0.9173
Bid/Ask: 0.9172 / 0.9180
Day's Range: 0.9169 - 0.9183",Strong Buy,"Summary:Strong Buy
Moving Averages:BuyBuy (12)Sell (0)
Technical Indicators:Strong BuyBuy (10)Sell (0)","Name
S3
S2
S1
Pivot Points
R1
R2
R3
Classic
0.9170
0.9172
0.9174
0.9176
0.9178
0.9180
0.9182
Fibonacci
0.9172
0.9174
0.9174
0.9176
0.9178
0.9178
0.9180
Camarilla
0.9174
0.9174
0.9175
0.9176
0.9175
0.9176
0.9176
Woodie's
0.9170
0.9172
0.9174
0.9176
0.9178
0.9180
0.9182
DeMark's
-
-
0.9172
0.9175
0.9176
-
-","Technical IndicatorsJun 17, 2021 11:03PM GMT
Name
Value
Action
RSI(14)
74.599
Buy
STOCH(9,6)
74.677
Buy
STOCHRSI(14)
3.208
Oversold
MACD(12,26)
0.003
Buy
ADX(14)
39.163
Buy
Williams %R
-21.297
Buy
CCI(14)
69.3108
Buy
ATR(14)
0.0013
Less Volatility
Highs/Lows(14)
0.0004
Buy
Ultimate Oscillator
52.000
Buy
ROC
0.339
Buy
Bull/Bear Power(13)
0.0033
Buy
Buy: 10
Sell: 0
Neutral: 0


Summary:Strong Buy","Jun 17, 2021 11:03PM GMT"
nzd_chf,0.6437 +0.0018    +0.28%,19:03:37,2021-06-17 23:04:10.276950,"Prev. Close: 0.6419
Bid/Ask: 0.6434 / 0.6440
Day's Range: 0.6421 - 0.6439",Strong Buy,"Summary:Strong Buy
Moving Averages:BuyBuy (12)Sell (0)
Technical Indicators:Strong BuyBuy (6)Sell (3)","Name
S3
S2
S1
Pivot Points
R1
R2
R3
Classic
0.6417
0.6422
0.6429
0.6434
0.6441
0.6446
0.6454
Fibonacci
0.6422
0.6426
0.6429
0.6434
0.6439
0.6442
0.6446
Camarilla
0.6434
0.6435
0.6436
0.6434
0.6439
0.6440
0.6441
Woodie's
0.6419
0.6423
0.6431
0.6435
0.6443
0.6447
0.6456
DeMark's
-
-
0.6432
0.6435
0.6444
-
-","Technical IndicatorsJun 17, 2021 11:03PM GMT
Name
Value
Action
RSI(14)
58.276
Buy
STOCH(9,6)
67.167
Buy
STOCHRSI(14)
97.737
Overbought
MACD(12,26)
0.000
Buy
ADX(14)
29.295
Sell
Williams %R
-18.421
Overbought
CCI(14)
172.9279
Buy
ATR(14)
0.0012
Less Volatility
Highs/Lows(14)
0.0006
Buy
Ultimate Oscillator
42.977
Sell
ROC
-0.054
Sell
Bull/Bear Power(13)
0.0015
Buy
Buy: 6
Sell: 3
Neutral: 0


Summary:Strong Buy","Jun 17, 2021 11:03PM GMT"
usd_cny,6.4484 +0.0515    +0.80%,11:27:22,2021-06-17 23:04:10.279925,"Prev. Close: 6.3969
Bid/Ask: 6.4477 / 6.4490
Day's Range: 6.3972 - 6.4494",Strong Buy,"Summary:Strong Buy
Moving Averages:BuyBuy (12)Sell (0)
Technical Indicators:Strong BuyBuy (7)Sell (0)","Name
S3
S2
S1
Pivot Points
R1
R2
R3
Classic
6.4380
6.4399
6.4436
6.4455
6.4492
6.4511
6.4548
Fibonacci
6.4399
6.4420
6.4434
6.4455
6.4476
6.4490
6.4511
Camarilla
6.4458
6.4463
6.4468
6.4455
6.4479
6.4484
6.4489
Woodie's
6.4390
6.4404
6.4446
6.4460
6.4502
6.4516
6.4558
DeMark's
-
-
6.4446
6.4460
6.4502
-
-","Technical IndicatorsJun 17, 2021 03:34PM GMT
Name
Value
Action
RSI(14)
85.433
Overbought
STOCH(9,6)
77.649
Buy
STOCHRSI(14)
100.000
Overbought
MACD(12,26)
0.011
Buy
ADX(14)
61.337
Buy
Williams %R
-3.426
Overbought
CCI(14)
151.8010
Buy
ATR(14)
0.0041
Less Volatility
Highs/Lows(14)
0.0141
Buy
Ultimate Oscillator
82.973
Overbought
ROC
0.391
Buy
Bull/Bear Power(13)
0.0286
Buy
Buy: 7
Sell: 0
Neutral: 0


Summary:Strong Buy","Jun 17, 2021 03:34PM GMT"
usd_hkd,7.7646 +0.0002    +0.00%,19:03:28,2021-06-17 23:04:10.282884,"Prev. Close: 7.7644
Bid/Ask: 7.7644 / 7.7648
Day's Range: 7.7641 - 7.7652",Buy,"Summary:Buy
Moving Averages:BuyBuy (12)Sell (0)
Technical Indicators:BUYBuy (5)Sell (3)","Name
S3
S2
S1
Pivot Points
R1
R2
R3
Classic
7.7629
7.7635
7.7640
7.7646
7.7651
7.7657
7.7663
Fibonacci
7.7635
7.7639
7.7642
7.7646
7.7650
7.7653
7.7657
Camarilla
7.7643
7.7644
7.7645
7.7646
7.7648
7.7649
7.7650
Woodie's
7.7629
7.7635
7.7640
7.7646
7.7651
7.7657
7.7663
DeMark's
-
-
7.7638
7.7645
7.7649
-
-","Technical IndicatorsJun 17, 2021 11:02PM GMT
Name
Value
Action
RSI(14)
55.954
Buy
STOCH(9,6)
64.499
Buy
STOCHRSI(14)
38.551
Sell
MACD(12,26)
0.000
Buy
ADX(14)
25.688
Neutral
Williams %R
-42.108
Buy
CCI(14)
43.7028
Neutral
ATR(14)
0.0007
Less Volatility
Highs/Lows(14)
0.0000
Neutral
Ultimate Oscillator
59.098
Buy
ROC
-0.003
Sell
Bull/Bear Power(13)
-0.0006
Sell
Buy: 5
Sell: 3
Neutral: 3


Summary:BUY","Jun 17, 2021 11:02PM GMT"
eur_usd,1.1912 +0.0006    +0.05%,19:04:28,2021-06-17 23:05:10.121606,"Prev. Close: 1.1906
Bid/Ask: 1.1911 / 1.1912
Day's Range: 1.1906 - 1.1914",Strong Sell,"Summary:Strong Sell
Moving Averages:SellBuy (3)Sell (9)
Technical Indicators:Strong SellBuy (0)Sell (9)","Name
S3
S2
S1
Pivot Points
R1
R2
R3
Classic
1.1900
1.1903
1.1907
1.1910
1.1914
1.1917
1.1921
Fibonacci
1.1903
1.1906
1.1907
1.1910
1.1913
1.1914
1.1917
Camarilla
1.1910
1.1910
1.1911
1.1910
1.1912
1.1913
1.1913
Woodie's
1.1902
1.1904
1.1909
1.1911
1.1916
1.1918
1.1923
DeMark's
-
-
1.1909
1.1911
1.1916
-
-","Technical IndicatorsJun 17, 2021 11:04PM GMT
Name
Value
Action
RSI(14)
30.980
Sell
STOCH(9,6)
29.398
Sell
STOCHRSI(14)
100.000
Overbought
MACD(12,26)
-0.003
Sell
ADX(14)
36.588
Sell
Williams %R
-67.213
Sell
CCI(14)
-50.2466
Sell
ATR(14)
0.0016
Less Volatility
Highs/Lows(14)
0.0000
Neutral
Ultimate Oscillator
44.682
Sell
ROC
-0.318
Sell
Bull/Bear Power(13)
-0.0016
Sell
Buy: 0
Sell: 9
Neutral: 1


Summary:Strong Sell","Jun 17, 2021 11:04PM GMT"
gbp_usd,1.3933 +0.0014    +0.10%,19:04:45,2021-06-17 23:05:10.125720,"Prev. Close: 1.3919
Bid/Ask: 1.3932 / 1.3934
Day's Range: 1.3915 - 1.3935",Sell,"Summary:Sell
Moving Averages:SellBuy (4)Sell (8)
Technical Indicators:SellBuy (1)Sell (4)","Name
S3
S2
S1
Pivot Points
R1
R2
R3
Classic
1.3914
1.3918
1.3925
1.3930
1.3937
1.3942
1.3949
Fibonacci
1.3918
1.3923
1.3926
1.3930
1.3934
1.3937
1.3942
Camarilla
1.3929
1.3930
1.3931
1.3930
1.3934
1.3935
1.3936
Woodie's
1.3916
1.3919
1.3927
1.3931
1.3939
1.3943
1.3951
DeMark's
-
-
1.3928
1.3931
1.3939
-
-","Technical IndicatorsJun 17, 2021 11:04PM GMT
Name
Value
Action
RSI(14)
40.219
Sell
STOCH(9,6)
45.526
Neutral
STOCHRSI(14)
100.000
Overbought
MACD(12,26)
-0.003
Sell
ADX(14)
38.045
Sell
Williams %R
-53.750
Neutral
CCI(14)
-2.8437
Neutral
ATR(14)
0.0023
Less Volatility
Highs/Lows(14)
0.0000
Neutral
Ultimate Oscillator
50.812
Neutral
ROC
-0.293
Sell
Bull/Bear Power(13)
0.0008
Buy
Buy: 1
Sell: 4
Neutral: 5


Summary:Sell","Jun 17, 2021 11:04PM GMT"
usd_jpy,110.28 +0.07    +0.07%,19:04:42,2021-06-17 23:05:10.128900,"Prev. Close: 110.20
Bid/Ask: 110.27 / 110.28
Day's Range: 110.17 - 110.83",Neutral,"Summary:Neutral
Moving Averages:BuyBuy (7)Sell (5)
Technical Indicators:Strong SellBuy (1)Sell (7)","Name
S3
S2
S1
Pivot Points
R1
R2
R3
Classic
110.18
110.21
110.25
110.27
110.31
110.33
110.37
Fibonacci
110.21
110.23
110.25
110.27
110.29
110.31
110.33
Camarilla
110.26
110.26
110.27
110.27
110.28
110.29
110.29
Woodie's
110.18
110.21
110.25
110.27
110.31
110.33
110.37
DeMark's
-
-
110.26
110.28
110.32
-
-","Technical IndicatorsJun 17, 2021 11:04PM GMT
Name
Value
Action
RSI(14)
44.431
Sell
STOCH(9,6)
26.607
Sell
STOCHRSI(14)
22.468
Oversold
MACD(12,26)
-0.030
Sell
ADX(14)
27.319
Buy
Williams %R
-80.671
Oversold
CCI(14)
-46.6279
Neutral
ATR(14)
0.1139
Less Volatility
Highs/Lows(14)
-0.0254
Sell
Ultimate Oscillator
43.025
Sell
ROC
-0.370
Sell
Bull/Bear Power(13)
-0.1080
Sell
Buy: 1
Sell: 7
Neutral: 1


Summary:Strong Sell","Jun 17, 2021 11:04PM GMT"
aud_usd,0.7557 +0.0007    +0.09%,19:04:43,2021-06-17 23:05:10.131911,"Prev. Close: 0.7550
Bid/Ask: 0.7556 / 0.7558
Day's Range: 0.7547 - 0.7560",Strong Sell,"Summary:Strong Sell
Moving Averages:SellBuy (3)Sell (9)
Technical Indicators:Strong SellBuy (0)Sell (8)","Name
S3
S2
S1
Pivot Points
R1
R2
R3
Classic
0.7545
0.7548
0.7554
0.7557
0.7563
0.7566
0.7572
Fibonacci
0.7548
0.7551
0.7554
0.7557
0.7560
0.7563
0.7566
Camarilla
0.7556
0.7557
0.7558
0.7557
0.7559
0.7560
0.7561
Woodie's
0.7545
0.7548
0.7554
0.7557
0.7563
0.7566
0.7572
DeMark's
-
-
0.7555
0.7557
0.7563
-
-","Technical IndicatorsJun 17, 2021 11:04PM GMT
Name
Value
Action
RSI(14)
33.225
Sell
STOCH(9,6)
32.713
Sell
STOCHRSI(14)
97.695
Overbought
MACD(12,26)
-0.002
Sell
ADX(14)
49.534
Sell
Williams %R
-69.231
Sell
CCI(14)
-39.5690
Neutral
ATR(14)
0.0015
Less Volatility
Highs/Lows(14)
0.0000
Neutral
Ultimate Oscillator
45.382
Sell
ROC
-0.507
Sell
Bull/Bear Power(13)
-0.0006
Sell
Buy: 0
Sell: 8
Neutral: 2


Summary:Strong Sell","Jun 17, 2021 11:04PM GMT"
eur_gbp,0.8550 -0.0001    -0.02%,19:04:45,2021-06-17 23:05:10.134861,"Prev. Close: 0.8551
Bid/Ask: 0.8547 / 0.8552
Day's Range: 0.8548 - 0.8557",Strong Sell,"Summary:Strong Sell
Moving Averages:Strong SellBuy (0)Sell (12)
Technical Indicators:Strong SellBuy (1)Sell (8)","Name
S3
S2
S1
Pivot Points
R1
R2
R3
Classic
0.8540
0.8544
0.8546
0.8550
0.8553
0.8556
0.8559
Fibonacci
0.8544
0.8546
0.8548
0.8550
0.8552
0.8554
0.8556
Camarilla
0.8548
0.8548
0.8549
0.8550
0.8550
0.8551
0.8551
Woodie's
0.8540
0.8544
0.8546
0.8550
0.8553
0.8556
0.8559
DeMark's
-
-
0.8545
0.8549
0.8552
-
-","Technical IndicatorsJun 17, 2021 11:04PM GMT
Name
Value
Action
RSI(14)
35.316
Sell
STOCH(9,6)
26.500
Sell
STOCHRSI(14)
17.538
Oversold
MACD(12,26)
-0.001
Sell
ADX(14)
30.896
Buy
Williams %R
-85.185
Oversold
CCI(14)
-138.3986
Sell
ATR(14)
0.0010
Less Volatility
Highs/Lows(14)
-0.0002
Sell
Ultimate Oscillator
48.361
Sell
ROC
-0.041
Sell
Bull/Bear Power(13)
-0.0023
Sell
Buy: 1
Sell: 8
Neutral: 0


Summary:Strong Sell","Jun 17, 2021 11:04PM GMT"
usd_cad,1.2342 -0.0019    -0.15%,19:04:49,2021-06-17 23:05:10.137787,"Prev. Close: 1.2361
Bid/Ask: 1.2340 / 1.2344
Day's Range: 1.2341 - 1.2368",Strong Buy,"Summary:Strong Buy
Moving Averages:BuyBuy (8)Sell (4)
Technical Indicators:Strong BuyBuy (8)Sell (0)","Name
S3
S2
S1
Pivot Points
R1
R2
R3
Classic
1.2323
1.2333
1.2339
1.2348
1.2354
1.2363
1.2369
Fibonacci
1.2333
1.2338
1.2342
1.2348
1.2354
1.2358
1.2363
Camarilla
1.2341
1.2342
1.2344
1.2348
1.2346
1.2348
1.2349
Woodie's
1.2321
1.2332
1.2337
1.2347
1.2352
1.2362
1.2367
DeMark's
-
-
1.2336
1.2347
1.2351
-
-","Technical IndicatorsJun 17, 2021 11:03PM GMT
Name
Value
Action
RSI(14)
62.412
Buy
STOCH(9,6)
66.148
Buy
STOCHRSI(14)
0.000
Oversold
MACD(12,26)
0.003
Buy
ADX(14)
43.574
Buy
Williams %R
-43.031
Buy
CCI(14)
8.0449
Neutral
ATR(14)
0.0023
Less Volatility
Highs/Lows(14)
0.0000
Neutral
Ultimate Oscillator
63.457
Buy
ROC
0.170
Buy
Bull/Bear Power(13)
0.0007
Buy
Buy: 8
Sell: 0
Neutral: 2


Summary:Strong Buy","Jun 17, 2021 11:03PM GMT"
usd_chf,0.9176 +0.0003    +0.03%,19:04:50,2021-06-17 23:05:10.140720,"Prev. Close: 0.9173
Bid/Ask: 0.9172 / 0.9180
Day's Range: 0.9169 - 0.9183",Strong Buy,"Summary:Strong Buy
Moving Averages:BuyBuy (12)Sell (0)
Technical Indicators:Strong BuyBuy (10)Sell (0)","Name
S3
S2
S1
Pivot Points
R1
R2
R3
Classic
0.9170
0.9172
0.9174
0.9176
0.9178
0.9180
0.9182
Fibonacci
0.9172
0.9174
0.9174
0.9176
0.9178
0.9178
0.9180
Camarilla
0.9174
0.9174
0.9175
0.9176
0.9175
0.9176
0.9176
Woodie's
0.9170
0.9172
0.9174
0.9176
0.9178
0.9180
0.9182
DeMark's
-
-
0.9172
0.9175
0.9176
-
-","Technical IndicatorsJun 17, 2021 11:03PM GMT
Name
Value
Action
RSI(14)
74.599
Buy
STOCH(9,6)
74.677
Buy
STOCHRSI(14)
3.208
Oversold
MACD(12,26)
0.003
Buy
ADX(14)
39.163
Buy
Williams %R
-21.297
Buy
CCI(14)
69.3108
Buy
ATR(14)
0.0013
Less Volatility
Highs/Lows(14)
0.0004
Buy
Ultimate Oscillator
52.000
Buy
ROC
0.339
Buy
Bull/Bear Power(13)
0.0033
Buy
Buy: 10
Sell: 0
Neutral: 0


Summary:Strong Buy","Jun 17, 2021 11:03PM GMT"
nzd_chf,0.6437 +0.0018    +0.27%,19:04:50,2021-06-17 23:05:10.143661,"Prev. Close: 0.6419
Bid/Ask: 0.6433 / 0.6440
Day's Range: 0.6421 - 0.6439",Strong Buy,"Summary:Strong Buy
Moving Averages:BuyBuy (12)Sell (0)
Technical Indicators:Strong BuyBuy (6)Sell (3)","Name
S3
S2
S1
Pivot Points
R1
R2
R3
Classic
0.6417
0.6422
0.6429
0.6434
0.6441
0.6446
0.6454
Fibonacci
0.6422
0.6426
0.6429
0.6434
0.6439
0.6442
0.6446
Camarilla
0.6434
0.6435
0.6436
0.6434
0.6439
0.6440
0.6441
Woodie's
0.6419
0.6423
0.6431
0.6435
0.6443
0.6447
0.6456
DeMark's
-
-
0.6432
0.6435
0.6444
-
-","Technical IndicatorsJun 17, 2021 11:04PM GMT
Name
Value
Action
RSI(14)
58.276
Buy
STOCH(9,6)
67.167
Buy
STOCHRSI(14)
97.737
Overbought
MACD(12,26)
0.000
Buy
ADX(14)
29.295
Sell
Williams %R
-18.421
Overbought
CCI(14)
172.9279
Buy
ATR(14)
0.0012
Less Volatility
Highs/Lows(14)
0.0006
Buy
Ultimate Oscillator
42.977
Sell
ROC
-0.054
Sell
Bull/Bear Power(13)
0.0015
Buy
Buy: 6
Sell: 3
Neutral: 0


Summary:Strong Buy","Jun 17, 2021 11:04PM GMT"
usd_cny,6.4484 +0.0515    +0.80%,11:27:22,2021-06-17 23:05:10.146585,"Prev. Close: 6.3969
Bid/Ask: 6.4477 / 6.4490
Day's Range: 6.3972 - 6.4494",Strong Buy,"Summary:Strong Buy
Moving Averages:BuyBuy (12)Sell (0)
Technical Indicators:Strong BuyBuy (7)Sell (0)","Name
S3
S2
S1
Pivot Points
R1
R2
R3
Classic
6.4380
6.4399
6.4436
6.4455
6.4492
6.4511
6.4548
Fibonacci
6.4399
6.4420
6.4434
6.4455
6.4476
6.4490
6.4511
Camarilla
6.4458
6.4463
6.4468
6.4455
6.4479
6.4484
6.4489
Woodie's
6.4390
6.4404
6.4446
6.4460
6.4502
6.4516
6.4558
DeMark's
-
-
6.4446
6.4460
6.4502
-
-","Technical IndicatorsJun 17, 2021 03:34PM GMT
Name
Value
Action
RSI(14)
85.433
Overbought
STOCH(9,6)
77.649
Buy
STOCHRSI(14)
100.000
Overbought
MACD(12,26)
0.011
Buy
ADX(14)
61.337
Buy
Williams %R
-3.426
Overbought
CCI(14)
151.8010
Buy
ATR(14)
0.0041
Less Volatility
Highs/Lows(14)
0.0141
Buy
Ultimate Oscillator
82.973
Overbought
ROC
0.391
Buy
Bull/Bear Power(13)
0.0286
Buy
Buy: 7
Sell: 0
Neutral: 0


Summary:Strong Buy","Jun 17, 2021 03:34PM GMT"
usd_hkd,7.7646 +0.0002    +0.00%,19:04:28,2021-06-17 23:05:10.149600,"Prev. Close: 7.7644
Bid/Ask: 7.7644 / 7.7648
Day's Range: 7.7641 - 7.7652",Buy,"Summary:Buy
Moving Averages:BuyBuy (12)Sell (0)
Technical Indicators:BUYBuy (5)Sell (3)","Name
S3
S2
S1
Pivot Points
R1
R2
R3
Classic
7.7629
7.7635
7.7640
7.7646
7.7651
7.7657
7.7663
Fibonacci
7.7635
7.7639
7.7642
7.7646
7.7650
7.7653
7.7657
Camarilla
7.7643
7.7644
7.7645
7.7646
7.7648
7.7649
7.7650
Woodie's
7.7629
7.7635
7.7640
7.7646
7.7651
7.7657
7.7663
DeMark's
-
-
7.7638
7.7645
7.7649
-
-","Technical IndicatorsJun 17, 2021 11:04PM GMT
Name
Value
Action
RSI(14)
55.954
Buy
STOCH(9,6)
64.499
Buy
STOCHRSI(14)
38.551
Sell
MACD(12,26)
0.000
Buy
ADX(14)
25.688
Neutral
Williams %R
-42.108
Buy
CCI(14)
43.7028
Neutral
ATR(14)
0.0007
Less Volatility
Highs/Lows(14)
0.0000
Neutral
Ultimate Oscillator
59.098
Buy
ROC
-0.003
Sell
Bull/Bear Power(13)
-0.0006
Sell
Buy: 5
Sell: 3
Neutral: 3


Summary:BUY","Jun 17, 2021 11:04PM GMT"
eur_usd,1.1912 +0.0006    +0.05%,19:05:40,2021-06-17 23:06:10.780554,"Prev. Close: 1.1906
Bid/Ask: 1.1911 / 1.1912
Day's Range: 1.1906 - 1.1914",Strong Sell,"Summary:Strong Sell
Moving Averages:SellBuy (3)Sell (9)
Technical Indicators:Strong SellBuy (0)Sell (9)","Name
S3
S2
S1
Pivot Points
R1
R2
R3
Classic
1.1900
1.1903
1.1907
1.1910
1.1914
1.1917
1.1921
Fibonacci
1.1903
1.1906
1.1907
1.1910
1.1913
1.1914
1.1917
Camarilla
1.1910
1.1910
1.1911
1.1910
1.1912
1.1913
1.1913
Woodie's
1.1902
1.1904
1.1909
1.1911
1.1916
1.1918
1.1923
DeMark's
-
-
1.1909
1.1911
1.1916
-
-","Technical IndicatorsJun 17, 2021 11:04PM GMT
Name
Value
Action
RSI(14)
30.980
Sell
STOCH(9,6)
29.398
Sell
STOCHRSI(14)
100.000
Overbought
MACD(12,26)
-0.003
Sell
ADX(14)
36.588
Sell
Williams %R
-67.213
Sell
CCI(14)
-50.2466
Sell
ATR(14)
0.0016
Less Volatility
Highs/Lows(14)
0.0000
Neutral
Ultimate Oscillator
44.682
Sell
ROC
-0.318
Sell
Bull/Bear Power(13)
-0.0016
Sell
Buy: 0
Sell: 9
Neutral: 1


Summary:Strong Sell","Jun 17, 2021 11:04PM GMT"
gbp_usd,1.3933 +0.0014    +0.10%,19:05:35,2021-06-17 23:06:10.784879,"Prev. Close: 1.3919
Bid/Ask: 1.3932 / 1.3934
Day's Range: 1.3915 - 1.3935",Sell,"Summary:Sell
Moving Averages:SellBuy (4)Sell (8)
Technical Indicators:SellBuy (1)Sell (4)","Name
S3
S2
S1
Pivot Points
R1
R2
R3
Classic
1.3914
1.3918
1.3925
1.3930
1.3937
1.3942
1.3949
Fibonacci
1.3918
1.3923
1.3926
1.3930
1.3934
1.3937
1.3942
Camarilla
1.3929
1.3930
1.3931
1.3930
1.3934
1.3935
1.3936
Woodie's
1.3916
1.3919
1.3927
1.3931
1.3939
1.3943
1.3951
DeMark's
-
-
1.3928
1.3931
1.3939
-
-","Technical IndicatorsJun 17, 2021 11:04PM GMT
Name
Value
Action
RSI(14)
40.219
Sell
STOCH(9,6)
45.526
Neutral
STOCHRSI(14)
100.000
Overbought
MACD(12,26)
-0.003
Sell
ADX(14)
38.045
Sell
Williams %R
-53.750
Neutral
CCI(14)
-2.8437
Neutral
ATR(14)
0.0023
Less Volatility
Highs/Lows(14)
0.0000
Neutral
Ultimate Oscillator
50.812
Neutral
ROC
-0.293
Sell
Bull/Bear Power(13)
0.0008
Buy
Buy: 1
Sell: 4
Neutral: 5


Summary:Sell","Jun 17, 2021 11:04PM GMT"
usd_jpy,110.28 +0.07    +0.07%,19:05:40,2021-06-17 23:06:10.788395,"Prev. Close: 110.20
Bid/Ask: 110.27 / 110.28
Day's Range: 110.17 - 110.83",Neutral,"Summary:Neutral
Moving Averages:BuyBuy (7)Sell (5)
Technical Indicators:Strong SellBuy (1)Sell (8)","Name
S3
S2
S1
Pivot Points
R1
R2
R3
Classic
110.18
110.21
110.25
110.27
110.31
110.33
110.37
Fibonacci
110.21
110.23
110.25
110.27
110.29
110.31
110.33
Camarilla
110.26
110.26
110.27
110.27
110.28
110.29
110.29
Woodie's
110.18
110.21
110.25
110.27
110.31
110.33
110.37
DeMark's
-
-
110.26
110.28
110.32
-
-","Technical IndicatorsJun 17, 2021 11:05PM GMT
Name
Value
Action
RSI(14)
43.455
Sell
STOCH(9,6)
25.324
Sell
STOCHRSI(14)
18.912
Oversold
MACD(12,26)
-0.030
Sell
ADX(14)
27.319
Buy
Williams %R
-83.194
Oversold
CCI(14)
-50.8148
Sell
ATR(14)
0.1143
Less Volatility
Highs/Lows(14)
-0.0393
Sell
Ultimate Oscillator
41.294
Sell
ROC
-0.384
Sell
Bull/Bear Power(13)
-0.1190
Sell
Buy: 1
Sell: 8
Neutral: 0


Summary:Strong Sell","Jun 17, 2021 11:05PM GMT"
aud_usd,0.7557 +0.0007    +0.09%,19:05:39,2021-06-17 23:06:10.791661,"Prev. Close: 0.7550
Bid/Ask: 0.7556 / 0.7558
Day's Range: 0.7547 - 0.7560",Strong Sell,"Summary:Strong Sell
Moving Averages:SellBuy (3)Sell (9)
Technical Indicators:Strong SellBuy (0)Sell (8)","Name
S3
S2
S1
Pivot Points
R1
R2
R3
Classic
0.7545
0.7548
0.7554
0.7557
0.7563
0.7566
0.7572
Fibonacci
0.7548
0.7551
0.7554
0.7557
0.7560
0.7563
0.7566
Camarilla
0.7556
0.7557
0.7558
0.7557
0.7559
0.7560
0.7561
Woodie's
0.7545
0.7548
0.7554
0.7557
0.7563
0.7566
0.7572
DeMark's
-
-
0.7555
0.7557
0.7563
-
-","Technical IndicatorsJun 17, 2021 11:04PM GMT
Name
Value
Action
RSI(14)
33.225
Sell
STOCH(9,6)
32.713
Sell
STOCHRSI(14)
97.695
Overbought
MACD(12,26)
-0.002
Sell
ADX(14)
49.534
Sell
Williams %R
-69.231
Sell
CCI(14)
-39.5690
Neutral
ATR(14)
0.0015
Less Volatility
Highs/Lows(14)
0.0000
Neutral
Ultimate Oscillator
45.382
Sell
ROC
-0.507
Sell
Bull/Bear Power(13)
-0.0006
Sell
Buy: 0
Sell: 8
Neutral: 2


Summary:Strong Sell","Jun 17, 2021 11:04PM GMT"
eur_gbp,0.8550 -0.0001    -0.02%,19:05:41,2021-06-17 23:06:10.794816,"Prev. Close: 0.8551
Bid/Ask: 0.8547 / 0.8552
Day's Range: 0.8548 - 0.8557",Strong Sell,"Summary:Strong Sell
Moving Averages:Strong SellBuy (0)Sell (12)
Technical Indicators:Strong SellBuy (1)Sell (8)","Name
S3
S2
S1
Pivot Points
R1
R2
R3
Classic
0.8540
0.8544
0.8546
0.8550
0.8553
0.8556
0.8559
Fibonacci
0.8544
0.8546
0.8548
0.8550
0.8552
0.8554
0.8556
Camarilla
0.8548
0.8548
0.8549
0.8550
0.8550
0.8551
0.8551
Woodie's
0.8540
0.8544
0.8546
0.8550
0.8553
0.8556
0.8559
DeMark's
-
-
0.8545
0.8549
0.8552
-
-","Technical IndicatorsJun 17, 2021 11:04PM GMT
Name
Value
Action
RSI(14)
35.316
Sell
STOCH(9,6)
26.500
Sell
STOCHRSI(14)
17.538
Oversold
MACD(12,26)
-0.001
Sell
ADX(14)
30.896
Buy
Williams %R
-85.185
Oversold
CCI(14)
-138.3986
Sell
ATR(14)
0.0010
Less Volatility
Highs/Lows(14)
-0.0002
Sell
Ultimate Oscillator
48.361
Sell
ROC
-0.041
Sell
Bull/Bear Power(13)
-0.0023
Sell
Buy: 1
Sell: 8
Neutral: 0


Summary:Strong Sell","Jun 17, 2021 11:04PM GMT"
usd_cad,1.2345 -0.0016    -0.13%,19:05:39,2021-06-17 23:06:10.797853,"Prev. Close: 1.2361
Bid/Ask: 1.2343 / 1.2346
Day's Range: 1.2341 - 1.2368",Strong Buy,"Summary:Strong Buy
Moving Averages:BuyBuy (8)Sell (4)
Technical Indicators:Strong BuyBuy (8)Sell (0)","Name
S3
S2
S1
Pivot Points
R1
R2
R3
Classic
1.2323
1.2333
1.2339
1.2348
1.2354
1.2363
1.2369
Fibonacci
1.2333
1.2338
1.2342
1.2348
1.2354
1.2358
1.2363
Camarilla
1.2341
1.2342
1.2344
1.2348
1.2346
1.2348
1.2349
Woodie's
1.2321
1.2332
1.2337
1.2347
1.2352
1.2362
1.2367
DeMark's
-
-
1.2336
1.2347
1.2351
-
-","Technical IndicatorsJun 17, 2021 11:04PM GMT
Name
Value
Action
RSI(14)
63.440
Buy
STOCH(9,6)
66.718
Buy
STOCHRSI(14)
0.000
Oversold
MACD(12,26)
0.003
Buy
ADX(14)
43.574
Buy
Williams %R
-40.606
Buy
CCI(14)
11.9817
Neutral
ATR(14)
0.0023
Less Volatility
Highs/Lows(14)
0.0000
Neutral
Ultimate Oscillator
64.817
Buy
ROC
0.187
Buy
Bull/Bear Power(13)
0.0007
Buy
Buy: 8
Sell: 0
Neutral: 2


Summary:Strong Buy","Jun 17, 2021 11:04PM GMT"
usd_chf,0.9176 +0.0003    +0.03%,19:05:42,2021-06-17 23:06:10.800881,"Prev. Close: 0.9173
Bid/Ask: 0.9172 / 0.9180
Day's Range: 0.9169 - 0.9183",Strong Buy,"Summary:Strong Buy
Moving Averages:BuyBuy (10)Sell (2)
Technical Indicators:Strong BuyBuy (10)Sell (0)","Name
S3
S2
S1
Pivot Points
R1
R2
R3
Classic
0.9170
0.9172
0.9174
0.9176
0.9178
0.9180
0.9182
Fibonacci
0.9172
0.9174
0.9174
0.9176
0.9178
0.9178
0.9180
Camarilla
0.9174
0.9174
0.9175
0.9176
0.9175
0.9176
0.9176
Woodie's
0.9170
0.9172
0.9174
0.9176
0.9178
0.9180
0.9182
DeMark's
-
-
0.9172
0.9175
0.9176
-
-","Technical IndicatorsJun 17, 2021 11:05PM GMT
Name
Value
Action
RSI(14)
74.464
Buy
STOCH(9,6)
74.461
Buy
STOCHRSI(14)
2.151
Oversold
MACD(12,26)
0.003
Buy
ADX(14)
39.163
Buy
Williams %R
-22.223
Buy
CCI(14)
68.4307
Buy
ATR(14)
0.0013
Less Volatility
Highs/Lows(14)
0.0003
Buy
Ultimate Oscillator
51.437
Buy
ROC
0.333
Buy
Bull/Bear Power(13)
0.0033
Buy
Buy: 10
Sell: 0
Neutral: 0


Summary:Strong Buy","Jun 17, 2021 11:05PM GMT"
nzd_chf,0.6437 +0.0018    +0.27%,19:05:42,2021-06-17 23:06:10.803918,"Prev. Close: 0.6419
Bid/Ask: 0.6433 / 0.6440
Day's Range: 0.6421 - 0.6439",Strong Buy,"Summary:Strong Buy
Moving Averages:BuyBuy (12)Sell (0)
Technical Indicators:Strong BuyBuy (6)Sell (3)","Name
S3
S2
S1
Pivot Points
R1
R2
R3
Classic
0.6417
0.6422
0.6429
0.6434
0.6441
0.6446
0.6454
Fibonacci
0.6422
0.6426
0.6429
0.6434
0.6439
0.6442
0.6446
Camarilla
0.6434
0.6435
0.6436
0.6434
0.6439
0.6440
0.6441
Woodie's
0.6419
0.6423
0.6431
0.6435
0.6443
0.6447
0.6456
DeMark's
-
-
0.6432
0.6435
0.6444
-
-","Technical IndicatorsJun 17, 2021 11:04PM GMT
Name
Value
Action
RSI(14)
58.276
Buy
STOCH(9,6)
67.167
Buy
STOCHRSI(14)
97.737
Overbought
MACD(12,26)
0.000
Buy
ADX(14)
29.295
Sell
Williams %R
-18.421
Overbought
CCI(14)
172.9279
Buy
ATR(14)
0.0012
Less Volatility
Highs/Lows(14)
0.0006
Buy
Ultimate Oscillator
42.977
Sell
ROC
-0.054
Sell
Bull/Bear Power(13)
0.0015
Buy
Buy: 6
Sell: 3
Neutral: 0


Summary:Strong Buy","Jun 17, 2021 11:04PM GMT"
usd_cny,6.4484 +0.0515    +0.80%,11:27:22,2021-06-17 23:06:10.806952,"Prev. Close: 6.3969
Bid/Ask: 6.4477 / 6.4490
Day's Range: 6.3972 - 6.4494",Strong Buy,"Summary:Strong Buy
Moving Averages:BuyBuy (12)Sell (0)
Technical Indicators:Strong BuyBuy (7)Sell (0)","Name
S3
S2
S1
Pivot Points
R1
R2
R3
Classic
6.4380
6.4399
6.4436
6.4455
6.4492
6.4511
6.4548
Fibonacci
6.4399
6.4420
6.4434
6.4455
6.4476
6.4490
6.4511
Camarilla
6.4458
6.4463
6.4468
6.4455
6.4479
6.4484
6.4489
Woodie's
6.4390
6.4404
6.4446
6.4460
6.4502
6.4516
6.4558
DeMark's
-
-
6.4446
6.4460
6.4502
-
-","Technical IndicatorsJun 17, 2021 03:34PM GMT
Name
Value
Action
RSI(14)
85.433
Overbought
STOCH(9,6)
77.649
Buy
STOCHRSI(14)
100.000
Overbought
MACD(12,26)
0.011
Buy
ADX(14)
61.337
Buy
Williams %R
-3.426
Overbought
CCI(14)
151.8010
Buy
ATR(14)
0.0041
Less Volatility
Highs/Lows(14)
0.0141
Buy
Ultimate Oscillator
82.973
Overbought
ROC
0.391
Buy
Bull/Bear Power(13)
0.0286
Buy
Buy: 7
Sell: 0
Neutral: 0


Summary:Strong Buy","Jun 17, 2021 03:34PM GMT"
usd_hkd,7.7646 +0.0002    +0.00%,19:05:28,2021-06-17 23:06:10.809986,"Prev. Close: 7.7644
Bid/Ask: 7.7644 / 7.7648
Day's Range: 7.7641 - 7.7652",Buy,"Summary:Buy
Moving Averages:BuyBuy (12)Sell (0)
Technical Indicators:BUYBuy (5)Sell (3)","Name
S3
S2
S1
Pivot Points
R1
R2
R3
Classic
7.7629
7.7635
7.7640
7.7646
7.7651
7.7657
7.7663
Fibonacci
7.7635
7.7639
7.7642
7.7646
7.7650
7.7653
7.7657
Camarilla
7.7643
7.7644
7.7645
7.7646
7.7648
7.7649
7.7650
Woodie's
7.7629
7.7635
7.7640
7.7646
7.7651
7.7657
7.7663
DeMark's
-
-
7.7638
7.7645
7.7649
-
-","Technical IndicatorsJun 17, 2021 11:04PM GMT
Name
Value
Action
RSI(14)
55.954
Buy
STOCH(9,6)
64.499
Buy
STOCHRSI(14)
38.551
Sell
MACD(12,26)
0.000
Buy
ADX(14)
25.688
Neutral
Williams %R
-42.108
Buy
CCI(14)
43.7028
Neutral
ATR(14)
0.0007
Less Volatility
Highs/Lows(14)
0.0000
Neutral
Ultimate Oscillator
59.098
Buy
ROC
-0.003
Sell
Bull/Bear Power(13)
-0.0006
Sell
Buy: 5
Sell: 3
Neutral: 3


Summary:BUY","Jun 17, 2021 11:04PM GMT"
eur_usd,1.1912 +0.0006    +0.05%,19:05:40,2021-06-17 23:06:20.852692,"Prev. Close: 1.1906
Bid/Ask: 1.1911 / 1.1912
Day's Range: 1.1906 - 1.1914",Strong Sell,"Summary:Strong Sell
Moving Averages:SellBuy (3)Sell (9)
Technical Indicators:Strong SellBuy (0)Sell (9)","Name
S3
S2
S1
Pivot Points
R1
R2
R3
Classic
1.1900
1.1903
1.1907
1.1910
1.1914
1.1917
1.1921
Fibonacci
1.1903
1.1906
1.1907
1.1910
1.1913
1.1914
1.1917
Camarilla
1.1910
1.1910
1.1911
1.1910
1.1912
1.1913
1.1913
Woodie's
1.1902
1.1904
1.1909
1.1911
1.1916
1.1918
1.1923
DeMark's
-
-
1.1909
1.1911
1.1916
-
-","Technical IndicatorsJun 17, 2021 11:04PM GMT
Name
Value
Action
RSI(14)
30.980
Sell
STOCH(9,6)
29.398
Sell
STOCHRSI(14)
100.000
Overbought
MACD(12,26)
-0.003
Sell
ADX(14)
36.588
Sell
Williams %R
-67.213
Sell
CCI(14)
-50.2466
Sell
ATR(14)
0.0016
Less Volatility
Highs/Lows(14)
0.0000
Neutral
Ultimate Oscillator
44.682
Sell
ROC
-0.318
Sell
Bull/Bear Power(13)
-0.0016
Sell
Buy: 0
Sell: 9
Neutral: 1


Summary:Strong Sell","Jun 17, 2021 11:04PM GMT"
gbp_usd,1.3933 +0.0014    +0.10%,19:05:56,2021-06-17 23:06:20.857012,"Prev. Close: 1.3919
Bid/Ask: 1.3932 / 1.3934
Day's Range: 1.3915 - 1.3935",Sell,"Summary:Sell
Moving Averages:SellBuy (4)Sell (8)
Technical Indicators:SellBuy (1)Sell (4)","Name
S3
S2
S1
Pivot Points
R1
R2
R3
Classic
1.3914
1.3918
1.3925
1.3930
1.3937
1.3942
1.3949
Fibonacci
1.3918
1.3923
1.3926
1.3930
1.3934
1.3937
1.3942
Camarilla
1.3929
1.3930
1.3931
1.3930
1.3934
1.3935
1.3936
Woodie's
1.3916
1.3919
1.3927
1.3931
1.3939
1.3943
1.3951
DeMark's
-
-
1.3928
1.3931
1.3939
-
-","Technical IndicatorsJun 17, 2021 11:04PM GMT
Name
Value
Action
RSI(14)
40.219
Sell
STOCH(9,6)
45.526
Neutral
STOCHRSI(14)
100.000
Overbought
MACD(12,26)
-0.003
Sell
ADX(14)
38.045
Sell
Williams %R
-53.750
Neutral
CCI(14)
-2.8437
Neutral
ATR(14)
0.0023
Less Volatility
Highs/Lows(14)
0.0000
Neutral
Ultimate Oscillator
50.812
Neutral
ROC
-0.293
Sell
Bull/Bear Power(13)
0.0008
Buy
Buy: 1
Sell: 4
Neutral: 5


Summary:Sell","Jun 17, 2021 11:04PM GMT"
usd_jpy,110.28 +0.07    +0.07%,19:05:40,2021-06-17 23:06:20.860522,"Prev. Close: 110.20
Bid/Ask: 110.27 / 110.28
Day's Range: 110.17 - 110.83",Neutral,"Summary:Neutral
Moving Averages:BuyBuy (7)Sell (5)
Technical Indicators:Strong SellBuy (1)Sell (8)","Name
S3
S2
S1
Pivot Points
R1
R2
R3
Classic
110.18
110.21
110.25
110.27
110.31
110.33
110.37
Fibonacci
110.21
110.23
110.25
110.27
110.29
110.31
110.33
Camarilla
110.26
110.26
110.27
110.27
110.28
110.29
110.29
Woodie's
110.18
110.21
110.25
110.27
110.31
110.33
110.37
DeMark's
-
-
110.26
110.28
110.32
-
-","Technical IndicatorsJun 17, 2021 11:05PM GMT
Name
Value
Action
RSI(14)
43.455
Sell
STOCH(9,6)
25.324
Sell
STOCHRSI(14)
18.912
Oversold
MACD(12,26)
-0.030
Sell
ADX(14)
27.319
Buy
Williams %R
-83.194
Oversold
CCI(14)
-50.8148
Sell
ATR(14)
0.1143
Less Volatility
Highs/Lows(14)
-0.0393
Sell
Ultimate Oscillator
41.294
Sell
ROC
-0.384
Sell
Bull/Bear Power(13)
-0.1190
Sell
Buy: 1
Sell: 8
Neutral: 0


Summary:Strong Sell","Jun 17, 2021 11:05PM GMT"
aud_usd,0.7557 +0.0007    +0.09%,19:05:39,2021-06-17 23:06:20.863756,"Prev. Close: 0.7550
Bid/Ask: 0.7556 / 0.7558
Day's Range: 0.7547 - 0.7560",Strong Sell,"Summary:Strong Sell
Moving Averages:SellBuy (3)Sell (9)
Technical Indicators:Strong SellBuy (0)Sell (8)","Name
S3
S2
S1
Pivot Points
R1
R2
R3
Classic
0.7545
0.7548
0.7554
0.7557
0.7563
0.7566
0.7572
Fibonacci
0.7548
0.7551
0.7554
0.7557
0.7560
0.7563
0.7566
Camarilla
0.7556
0.7557
0.7558
0.7557
0.7559
0.7560
0.7561
Woodie's
0.7545
0.7548
0.7554
0.7557
0.7563
0.7566
0.7572
DeMark's
-
-
0.7555
0.7557
0.7563
-
-","Technical IndicatorsJun 17, 2021 11:04PM GMT
Name
Value
Action
RSI(14)
33.225
Sell
STOCH(9,6)
32.713
Sell
STOCHRSI(14)
97.695
Overbought
MACD(12,26)
-0.002
Sell
ADX(14)
49.534
Sell
Williams %R
-69.231
Sell
CCI(14)
-39.5690
Neutral
ATR(14)
0.0015
Less Volatility
Highs/Lows(14)
0.0000
Neutral
Ultimate Oscillator
45.382
Sell
ROC
-0.507
Sell
Bull/Bear Power(13)
-0.0006
Sell
Buy: 0
Sell: 8
Neutral: 2


Summary:Strong Sell","Jun 17, 2021 11:04PM GMT"
eur_gbp,0.8550 -0.0001    -0.02%,19:05:41,2021-06-17 23:06:20.866965,"Prev. Close: 0.8551
Bid/Ask: 0.8547 / 0.8552
Day's Range: 0.8548 - 0.8557",Strong Sell,"Summary:Strong Sell
Moving Averages:Strong SellBuy (0)Sell (12)
Technical Indicators:Strong SellBuy (1)Sell (8)","Name
S3
S2
S1
Pivot Points
R1
R2
R3
Classic
0.8540
0.8544
0.8546
0.8550
0.8553
0.8556
0.8559
Fibonacci
0.8544
0.8546
0.8548
0.8550
0.8552
0.8554
0.8556
Camarilla
0.8548
0.8548
0.8549
0.8550
0.8550
0.8551
0.8551
Woodie's
0.8540
0.8544
0.8546
0.8550
0.8553
0.8556
0.8559
DeMark's
-
-
0.8545
0.8549
0.8552
-
-","Technical IndicatorsJun 17, 2021 11:04PM GMT
Name
Value
Action
RSI(14)
35.316
Sell
STOCH(9,6)
26.500
Sell
STOCHRSI(14)
17.538
Oversold
MACD(12,26)
-0.001
Sell
ADX(14)
30.896
Buy
Williams %R
-85.185
Oversold
CCI(14)
-138.3986
Sell
ATR(14)
0.0010
Less Volatility
Highs/Lows(14)
-0.0002
Sell
Ultimate Oscillator
48.361
Sell
ROC
-0.041
Sell
Bull/Bear Power(13)
-0.0023
Sell
Buy: 1
Sell: 8
Neutral: 0


Summary:Strong Sell","Jun 17, 2021 11:04PM GMT"
usd_cad,1.2345 -0.0016    -0.13%,19:05:39,2021-06-17 23:06:20.870069,"Prev. Close: 1.2361
Bid/Ask: 1.2343 / 1.2346
Day's Range: 1.2341 - 1.2368",Strong Buy,"Summary:Strong Buy
Moving Averages:BuyBuy (8)Sell (4)
Technical Indicators:Strong BuyBuy (8)Sell (0)","Name
S3
S2
S1
Pivot Points
R1
R2
R3
Classic
1.2323
1.2333
1.2339
1.2348
1.2354
1.2363
1.2369
Fibonacci
1.2333
1.2338
1.2342
1.2348
1.2354
1.2358
1.2363
Camarilla
1.2341
1.2342
1.2344
1.2348
1.2346
1.2348
1.2349
Woodie's
1.2321
1.2332
1.2337
1.2347
1.2352
1.2362
1.2367
DeMark's
-
-
1.2336
1.2347
1.2351
-
-","Technical IndicatorsJun 17, 2021 11:04PM GMT
Name
Value
Action
RSI(14)
63.440
Buy
STOCH(9,6)
66.718
Buy
STOCHRSI(14)
0.000
Oversold
MACD(12,26)
0.003
Buy
ADX(14)
43.574
Buy
Williams %R
-40.606
Buy
CCI(14)
11.9817
Neutral
ATR(14)
0.0023
Less Volatility
Highs/Lows(14)
0.0000
Neutral
Ultimate Oscillator
64.817
Buy
ROC
0.187
Buy
Bull/Bear Power(13)
0.0007
Buy
Buy: 8
Sell: 0
Neutral: 2


Summary:Strong Buy","Jun 17, 2021 11:04PM GMT"
usd_chf,0.9176 +0.0003    +0.03%,19:06:01,2021-06-17 23:06:20.873107,"Prev. Close: 0.9173
Bid/Ask: 0.9172 / 0.9180
Day's Range: 0.9169 - 0.9183",Strong Buy,"Summary:Strong Buy
Moving Averages:BuyBuy (10)Sell (2)
Technical Indicators:Strong BuyBuy (10)Sell (0)","Name
S3
S2
S1
Pivot Points
R1
R2
R3
Classic
0.9170
0.9172
0.9174
0.9176
0.9178
0.9180
0.9182
Fibonacci
0.9172
0.9174
0.9174
0.9176
0.9178
0.9178
0.9180
Camarilla
0.9174
0.9174
0.9175
0.9176
0.9175
0.9176
0.9176
Woodie's
0.9170
0.9172
0.9174
0.9176
0.9178
0.9180
0.9182
DeMark's
-
-
0.9172
0.9175
0.9176
-
-","Technical IndicatorsJun 17, 2021 11:05PM GMT
Name
Value
Action
RSI(14)
74.464
Buy
STOCH(9,6)
74.461
Buy
STOCHRSI(14)
2.151
Oversold
MACD(12,26)
0.003
Buy
ADX(14)
39.163
Buy
Williams %R
-22.223
Buy
CCI(14)
68.4307
Buy
ATR(14)
0.0013
Less Volatility
Highs/Lows(14)
0.0003
Buy
Ultimate Oscillator
51.437
Buy
ROC
0.333
Buy
Bull/Bear Power(13)
0.0033
Buy
Buy: 10
Sell: 0
Neutral: 0


Summary:Strong Buy","Jun 17, 2021 11:05PM GMT"
nzd_chf,0.6437 +0.0018    +0.27%,19:05:42,2021-06-17 23:06:20.876145,"Prev. Close: 0.6419
Bid/Ask: 0.6433 / 0.6440
Day's Range: 0.6421 - 0.6439",Strong Buy,"Summary:Strong Buy
Moving Averages:BuyBuy (12)Sell (0)
Technical Indicators:Strong BuyBuy (6)Sell (3)","Name
S3
S2
S1
Pivot Points
R1
R2
R3
Classic
0.6417
0.6422
0.6429
0.6434
0.6441
0.6446
0.6454
Fibonacci
0.6422
0.6426
0.6429
0.6434
0.6439
0.6442
0.6446
Camarilla
0.6434
0.6435
0.6436
0.6434
0.6439
0.6440
0.6441
Woodie's
0.6419
0.6423
0.6431
0.6435
0.6443
0.6447
0.6456
DeMark's
-
-
0.6432
0.6435
0.6444
-
-","Technical IndicatorsJun 17, 2021 11:04PM GMT
Name
Value
Action
RSI(14)
58.276
Buy
STOCH(9,6)
67.167
Buy
STOCHRSI(14)
97.737
Overbought
MACD(12,26)
0.000
Buy
ADX(14)
29.295
Sell
Williams %R
-18.421
Overbought
CCI(14)
172.9279
Buy
ATR(14)
0.0012
Less Volatility
Highs/Lows(14)
0.0006
Buy
Ultimate Oscillator
42.977
Sell
ROC
-0.054
Sell
Bull/Bear Power(13)
0.0015
Buy
Buy: 6
Sell: 3
Neutral: 0


Summary:Strong Buy","Jun 17, 2021 11:04PM GMT"
usd_cny,6.4484 +0.0515    +0.80%,11:27:22,2021-06-17 23:06:20.879158,"Prev. Close: 6.3969
Bid/Ask: 6.4477 / 6.4490
Day's Range: 6.3972 - 6.4494",Strong Buy,"Summary:Strong Buy
Moving Averages:BuyBuy (12)Sell (0)
Technical Indicators:Strong BuyBuy (7)Sell (0)","Name
S3
S2
S1
Pivot Points
R1
R2
R3
Classic
6.4380
6.4399
6.4436
6.4455
6.4492
6.4511
6.4548
Fibonacci
6.4399
6.4420
6.4434
6.4455
6.4476
6.4490
6.4511
Camarilla
6.4458
6.4463
6.4468
6.4455
6.4479
6.4484
6.4489
Woodie's
6.4390
6.4404
6.4446
6.4460
6.4502
6.4516
6.4558
DeMark's
-
-
6.4446
6.4460
6.4502
-
-","Technical IndicatorsJun 17, 2021 03:34PM GMT
Name
Value
Action
RSI(14)
85.433
Overbought
STOCH(9,6)
77.649
Buy
STOCHRSI(14)
100.000
Overbought
MACD(12,26)
0.011
Buy
ADX(14)
61.337
Buy
Williams %R
-3.426
Overbought
CCI(14)
151.8010
Buy
ATR(14)
0.0041
Less Volatility
Highs/Lows(14)
0.0141
Buy
Ultimate Oscillator
82.973
Overbought
ROC
0.391
Buy
Bull/Bear Power(13)
0.0286
Buy
Buy: 7
Sell: 0
Neutral: 0


Summary:Strong Buy","Jun 17, 2021 03:34PM GMT"
usd_hkd,7.7646 +0.0002    +0.00%,19:05:28,2021-06-17 23:06:20.882175,"Prev. Close: 7.7644
Bid/Ask: 7.7644 / 7.7648
Day's Range: 7.7641 - 7.7652",Buy,"Summary:Buy
Moving Averages:BuyBuy (12)Sell (0)
Technical Indicators:BUYBuy (5)Sell (3)","Name
S3
S2
S1
Pivot Points
R1
R2
R3
Classic
7.7629
7.7635
7.7640
7.7646
7.7651
7.7657
7.7663
Fibonacci
7.7635
7.7639
7.7642
7.7646
7.7650
7.7653
7.7657
Camarilla
7.7643
7.7644
7.7645
7.7646
7.7648
7.7649
7.7650
Woodie's
7.7629
7.7635
7.7640
7.7646
7.7651
7.7657
7.7663
DeMark's
-
-
7.7638
7.7645
7.7649
-
-","Technical IndicatorsJun 17, 2021 11:04PM GMT
Name
Value
Action
RSI(14)
55.954
Buy
STOCH(9,6)
64.499
Buy
STOCHRSI(14)
38.551
Sell
MACD(12,26)
0.000
Buy
ADX(14)
25.688
Neutral
Williams %R
-42.108
Buy
CCI(14)
43.7028
Neutral
ATR(14)
0.0007
Less Volatility
Highs/Lows(14)
0.0000
Neutral
Ultimate Oscillator
59.098
Buy
ROC
-0.003
Sell
Bull/Bear Power(13)
-0.0006
Sell
Buy: 5
Sell: 3
Neutral: 3


Summary:BUY","Jun 17, 2021 11:04PM GMT"
eur_usd,1.1912 +0.0006    +0.05%,19:06:27,2021-06-17 23:07:10.532696,"Prev. Close: 1.1906
Bid/Ask: 1.1911 / 1.1912
Day's Range: 1.1906 - 1.1914",Strong Sell,"Summary:Strong Sell
Moving Averages:SellBuy (3)Sell (9)
Technical Indicators:Strong SellBuy (0)Sell (9)","Name
S3
S2
S1
Pivot Points
R1
R2
R3
Classic
1.1900
1.1903
1.1907
1.1910
1.1914
1.1917
1.1921
Fibonacci
1.1903
1.1906
1.1907
1.1910
1.1913
1.1914
1.1917
Camarilla
1.1910
1.1910
1.1911
1.1910
1.1912
1.1913
1.1913
Woodie's
1.1902
1.1904
1.1909
1.1911
1.1916
1.1918
1.1923
DeMark's
-
-
1.1909
1.1911
1.1916
-
-","Technical IndicatorsJun 17, 2021 11:06PM GMT
Name
Value
Action
RSI(14)
30.980
Sell
STOCH(9,6)
29.398
Sell
STOCHRSI(14)
100.000
Overbought
MACD(12,26)
-0.003
Sell
ADX(14)
36.588
Sell
Williams %R
-67.213
Sell
CCI(14)
-50.2466
Sell
ATR(14)
0.0016
Less Volatility
Highs/Lows(14)
0.0000
Neutral
Ultimate Oscillator
44.682
Sell
ROC
-0.318
Sell
Bull/Bear Power(13)
-0.0016
Sell
Buy: 0
Sell: 9
Neutral: 1


Summary:Strong Sell","Jun 17, 2021 11:06PM GMT"
gbp_usd,1.3933 +0.0014    +0.10%,19:06:46,2021-06-17 23:07:10.536907,"Prev. Close: 1.3919
Bid/Ask: 1.3932 / 1.3934
Day's Range: 1.3915 - 1.3935",Sell,"Summary:Sell
Moving Averages:SellBuy (4)Sell (8)
Technical Indicators:SellBuy (1)Sell (4)","Name
S3
S2
S1
Pivot Points
R1
R2
R3
Classic
1.3914
1.3918
1.3925
1.3930
1.3937
1.3942
1.3949
Fibonacci
1.3918
1.3923
1.3926
1.3930
1.3934
1.3937
1.3942
Camarilla
1.3929
1.3930
1.3931
1.3930
1.3934
1.3935
1.3936
Woodie's
1.3916
1.3919
1.3927
1.3931
1.3939
1.3943
1.3951
DeMark's
-
-
1.3928
1.3931
1.3939
-
-","Technical IndicatorsJun 17, 2021 11:06PM GMT
Name
Value
Action
RSI(14)
40.028
Sell
STOCH(9,6)
45.381
Neutral
STOCHRSI(14)
100.000
Overbought
MACD(12,26)
-0.003
Sell
ADX(14)
38.045
Sell
Williams %R
-54.376
Neutral
CCI(14)
-4.7794
Neutral
ATR(14)
0.0023
Less Volatility
Highs/Lows(14)
0.0000
Neutral
Ultimate Oscillator
50.451
Neutral
ROC
-0.297
Sell
Bull/Bear Power(13)
0.0007
Buy
Buy: 1
Sell: 4
Neutral: 5


Summary:Sell","Jun 17, 2021 11:06PM GMT"
usd_jpy,110.28 +0.07    +0.07%,19:06:34,2021-06-17 23:07:10.540390,"Prev. Close: 110.20
Bid/Ask: 110.27 / 110.28
Day's Range: 110.17 - 110.83",Neutral,"Summary:Neutral
Moving Averages:BuyBuy (7)Sell (5)
Technical Indicators:Strong SellBuy (1)Sell (8)","Name
S3
S2
S1
Pivot Points
R1
R2
R3
Classic
110.18
110.21
110.25
110.27
110.31
110.33
110.37
Fibonacci
110.21
110.23
110.25
110.27
110.29
110.31
110.33
Camarilla
110.26
110.26
110.27
110.27
110.28
110.29
110.29
Woodie's
110.18
110.21
110.25
110.27
110.31
110.33
110.37
DeMark's
-
-
110.26
110.28
110.32
-
-","Technical IndicatorsJun 17, 2021 11:05PM GMT
Name
Value
Action
RSI(14)
43.455
Sell
STOCH(9,6)
25.324
Sell
STOCHRSI(14)
18.912
Oversold
MACD(12,26)
-0.030
Sell
ADX(14)
27.319
Buy
Williams %R
-83.194
Oversold
CCI(14)
-50.8148
Sell
ATR(14)
0.1143
Less Volatility
Highs/Lows(14)
-0.0393
Sell
Ultimate Oscillator
41.294
Sell
ROC
-0.384
Sell
Bull/Bear Power(13)
-0.1190
Sell
Buy: 1
Sell: 8
Neutral: 0


Summary:Strong Sell","Jun 17, 2021 11:05PM GMT"
aud_usd,0.7557 +0.0007    +0.09%,19:06:50,2021-06-17 23:07:10.543583,"Prev. Close: 0.7550
Bid/Ask: 0.7556 / 0.7558
Day's Range: 0.7547 - 0.7560",Strong Sell,"Summary:Strong Sell
Moving Averages:SellBuy (3)Sell (9)
Technical Indicators:Strong SellBuy (0)Sell (8)","Name
S3
S2
S1
Pivot Points
R1
R2
R3
Classic
0.7545
0.7548
0.7554
0.7557
0.7563
0.7566
0.7572
Fibonacci
0.7548
0.7551
0.7554
0.7557
0.7560
0.7563
0.7566
Camarilla
0.7556
0.7557
0.7558
0.7557
0.7559
0.7560
0.7561
Woodie's
0.7545
0.7548
0.7554
0.7557
0.7563
0.7566
0.7572
DeMark's
-
-
0.7555
0.7557
0.7563
-
-","Technical IndicatorsJun 17, 2021 11:06PM GMT
Name
Value
Action
RSI(14)
33.050
Sell
STOCH(9,6)
32.448
Sell
STOCHRSI(14)
96.562
Overbought
MACD(12,26)
-0.002
Sell
ADX(14)
49.534
Sell
Williams %R
-70.086
Sell
CCI(14)
-40.7310
Neutral
ATR(14)
0.0015
Less Volatility
Highs/Lows(14)
0.0000
Neutral
Ultimate Oscillator
44.851
Sell
ROC
-0.513
Sell
Bull/Bear Power(13)
-0.0006
Sell
Buy: 0
Sell: 8
Neutral: 2


Summary:Strong Sell","Jun 17, 2021 11:06PM GMT"
eur_gbp,0.8550 -0.0001    -0.02%,19:06:51,2021-06-17 23:07:10.546639,"Prev. Close: 0.8551
Bid/Ask: 0.8547 / 0.8552
Day's Range: 0.8548 - 0.8557",Strong Sell,"Summary:Strong Sell
Moving Averages:Strong SellBuy (0)Sell (12)
Technical Indicators:Strong SellBuy (1)Sell (7)","Name
S3
S2
S1
Pivot Points
R1
R2
R3
Classic
0.8540
0.8544
0.8546
0.8550
0.8553
0.8556
0.8559
Fibonacci
0.8544
0.8546
0.8548
0.8550
0.8552
0.8554
0.8556
Camarilla
0.8548
0.8548
0.8549
0.8550
0.8550
0.8551
0.8551
Woodie's
0.8540
0.8544
0.8546
0.8550
0.8553
0.8556
0.8559
DeMark's
-
-
0.8545
0.8549
0.8552
-
-","Technical IndicatorsJun 17, 2021 11:06PM GMT
Name
Value
Action
RSI(14)
36.020
Sell
STOCH(9,6)
27.426
Sell
STOCHRSI(14)
23.854
Oversold
MACD(12,26)
-0.001
Sell
ADX(14)
30.896
Buy
Williams %R
-81.481
Oversold
CCI(14)
-132.9046
Sell
ATR(14)
0.0010
Less Volatility
Highs/Lows(14)
-0.0001
Sell
Ultimate Oscillator
49.931
Neutral
ROC
-0.029
Sell
Bull/Bear Power(13)
-0.0023
Sell
Buy: 1
Sell: 7
Neutral: 1


Summary:Strong Sell","Jun 17, 2021 11:06PM GMT"
usd_cad,1.2345 -0.0016    -0.13%,19:06:52,2021-06-17 23:07:10.549632,"Prev. Close: 1.2361
Bid/Ask: 1.2343 / 1.2346
Day's Range: 1.2341 - 1.2368",Strong Buy,"Summary:Strong Buy
Moving Averages:BuyBuy (8)Sell (4)
Technical Indicators:Strong BuyBuy (8)Sell (0)","Name
S3
S2
S1
Pivot Points
R1
R2
R3
Classic
1.2323
1.2333
1.2339
1.2348
1.2354
1.2363
1.2369
Fibonacci
1.2333
1.2338
1.2342
1.2348
1.2354
1.2358
1.2363
Camarilla
1.2341
1.2342
1.2344
1.2348
1.2346
1.2348
1.2349
Woodie's
1.2321
1.2332
1.2337
1.2347
1.2352
1.2362
1.2367
DeMark's
-
-
1.2336
1.2347
1.2351
-
-","Technical IndicatorsJun 17, 2021 11:06PM GMT
Name
Value
Action
RSI(14)
63.702
Buy
STOCH(9,6)
66.861
Buy
STOCHRSI(14)
0.000
Oversold
MACD(12,26)
0.003
Buy
ADX(14)
43.574
Buy
Williams %R
-40.001
Buy
CCI(14)
12.9596
Neutral
ATR(14)
0.0023
Less Volatility
Highs/Lows(14)
0.0000
Neutral
Ultimate Oscillator
65.157
Buy
ROC
0.191
Buy
Bull/Bear Power(13)
0.0007
Buy
Buy: 8
Sell: 0
Neutral: 2


Summary:Strong Buy","Jun 17, 2021 11:06PM GMT"
usd_chf,0.9176 +0.0003    +0.03%,19:06:50,2021-06-17 23:07:10.552620,"Prev. Close: 0.9173
Bid/Ask: 0.9172 / 0.9180
Day's Range: 0.9169 - 0.9183",Strong Buy,"Summary:Strong Buy
Moving Averages:BuyBuy (10)Sell (2)
Technical Indicators:Strong BuyBuy (10)Sell (0)","Name
S3
S2
S1
Pivot Points
R1
R2
R3
Classic
0.9170
0.9172
0.9174
0.9176
0.9178
0.9180
0.9182
Fibonacci
0.9172
0.9174
0.9174
0.9176
0.9178
0.9178
0.9180
Camarilla
0.9174
0.9174
0.9175
0.9176
0.9175
0.9176
0.9176
Woodie's
0.9170
0.9172
0.9174
0.9176
0.9178
0.9180
0.9182
DeMark's
-
-
0.9172
0.9175
0.9176
-
-","Technical IndicatorsJun 17, 2021 11:05PM GMT
Name
Value
Action
RSI(14)
74.464
Buy
STOCH(9,6)
74.461
Buy
STOCHRSI(14)
2.151
Oversold
MACD(12,26)
0.003
Buy
ADX(14)
39.163
Buy
Williams %R
-22.223
Buy
CCI(14)
68.4307
Buy
ATR(14)
0.0013
Less Volatility
Highs/Lows(14)
0.0003
Buy
Ultimate Oscillator
51.437
Buy
ROC
0.333
Buy
Bull/Bear Power(13)
0.0033
Buy
Buy: 10
Sell: 0
Neutral: 0


Summary:Strong Buy","Jun 17, 2021 11:05PM GMT"
nzd_chf,0.6438 +0.0019    +0.29%,19:06:50,2021-06-17 23:07:10.555599,"Prev. Close: 0.6419
Bid/Ask: 0.6436 / 0.6439
Day's Range: 0.6421 - 0.6439",Strong Buy,"Summary:Strong Buy
Moving Averages:BuyBuy (12)Sell (0)
Technical Indicators:Strong BuyBuy (6)Sell (3)","Name
S3
S2
S1
Pivot Points
R1
R2
R3
Classic
0.6417
0.6422
0.6429
0.6434
0.6441
0.6446
0.6454
Fibonacci
0.6422
0.6426
0.6429
0.6434
0.6439
0.6442
0.6446
Camarilla
0.6434
0.6435
0.6436
0.6434
0.6439
0.6440
0.6441
Woodie's
0.6419
0.6423
0.6431
0.6435
0.6443
0.6447
0.6456
DeMark's
-
-
0.6432
0.6435
0.6444
-
-","Technical IndicatorsJun 17, 2021 11:04PM GMT
Name
Value
Action
RSI(14)
58.276
Buy
STOCH(9,6)
67.167
Buy
STOCHRSI(14)
97.737
Overbought
MACD(12,26)
0.000
Buy
ADX(14)
29.295
Sell
Williams %R
-18.421
Overbought
CCI(14)
172.9279
Buy
ATR(14)
0.0012
Less Volatility
Highs/Lows(14)
0.0006
Buy
Ultimate Oscillator
42.977
Sell
ROC
-0.054
Sell
Bull/Bear Power(13)
0.0015
Buy
Buy: 6
Sell: 3
Neutral: 0


Summary:Strong Buy","Jun 17, 2021 11:04PM GMT"
usd_cny,6.4484 +0.0515    +0.80%,11:27:22,2021-06-17 23:07:10.558550,"Prev. Close: 6.3969
Bid/Ask: 6.4477 / 6.4490
Day's Range: 6.3972 - 6.4494",Strong Buy,"Summary:Strong Buy
Moving Averages:BuyBuy (12)Sell (0)
Technical Indicators:Strong BuyBuy (7)Sell (0)","Name
S3
S2
S1
Pivot Points
R1
R2
R3
Classic
6.4380
6.4399
6.4436
6.4455
6.4492
6.4511
6.4548
Fibonacci
6.4399
6.4420
6.4434
6.4455
6.4476
6.4490
6.4511
Camarilla
6.4458
6.4463
6.4468
6.4455
6.4479
6.4484
6.4489
Woodie's
6.4390
6.4404
6.4446
6.4460
6.4502
6.4516
6.4558
DeMark's
-
-
6.4446
6.4460
6.4502
-
-","Technical IndicatorsJun 17, 2021 03:34PM GMT
Name
Value
Action
RSI(14)
85.433
Overbought
STOCH(9,6)
77.649
Buy
STOCHRSI(14)
100.000
Overbought
MACD(12,26)
0.011
Buy
ADX(14)
61.337
Buy
Williams %R
-3.426
Overbought
CCI(14)
151.8010
Buy
ATR(14)
0.0041
Less Volatility
Highs/Lows(14)
0.0141
Buy
Ultimate Oscillator
82.973
Overbought
ROC
0.391
Buy
Bull/Bear Power(13)
0.0286
Buy
Buy: 7
Sell: 0
Neutral: 0


Summary:Strong Buy","Jun 17, 2021 03:34PM GMT"
usd_hkd,7.7647 +0.0003    +0.00%,19:06:37,2021-06-17 23:07:10.561522,"Prev. Close: 7.7644
Bid/Ask: 7.7645 / 7.7648
Day's Range: 7.7641 - 7.7652",Buy,"Summary:Buy
Moving Averages:BuyBuy (12)Sell (0)
Technical Indicators:BUYBuy (5)Sell (3)","Name
S3
S2
S1
Pivot Points
R1
R2
R3
Classic
7.7629
7.7635
7.7640
7.7646
7.7651
7.7657
7.7663
Fibonacci
7.7635
7.7639
7.7642
7.7646
7.7650
7.7653
7.7657
Camarilla
7.7643
7.7644
7.7645
7.7646
7.7648
7.7649
7.7650
Woodie's
7.7629
7.7635
7.7640
7.7646
7.7651
7.7657
7.7663
DeMark's
-
-
7.7638
7.7645
7.7649
-
-","Technical IndicatorsJun 17, 2021 11:04PM GMT
Name
Value
Action
RSI(14)
55.954
Buy
STOCH(9,6)
64.499
Buy
STOCHRSI(14)
38.551
Sell
MACD(12,26)
0.000
Buy
ADX(14)
25.688
Neutral
Williams %R
-42.108
Buy
CCI(14)
43.7028
Neutral
ATR(14)
0.0007
Less Volatility
Highs/Lows(14)
0.0000
Neutral
Ultimate Oscillator
59.098
Buy
ROC
-0.003
Sell
Bull/Bear Power(13)
-0.0006
Sell
Buy: 5
Sell: 3
Neutral: 3


Summary:BUY","Jun 17, 2021 11:04PM GMT"
eur_usd,1.1911 +0.0005    +0.04%,19:07:38,2021-06-17 23:08:10.499170,"Prev. Close: 1.1906
Bid/Ask: 1.1909 / 1.1913
Day's Range: 1.1906 - 1.1914",Strong Sell,"Summary:Strong Sell
Moving Averages:SellBuy (3)Sell (9)
Technical Indicators:Strong SellBuy (0)Sell (9)","Name
S3
S2
S1
Pivot Points
R1
R2
R3
Classic
1.1900
1.1903
1.1907
1.1910
1.1914
1.1917
1.1921
Fibonacci
1.1903
1.1906
1.1907
1.1910
1.1913
1.1914
1.1917
Camarilla
1.1910
1.1910
1.1911
1.1910
1.1912
1.1913
1.1913
Woodie's
1.1902
1.1904
1.1909
1.1911
1.1916
1.1918
1.1923
DeMark's
-
-
1.1909
1.1911
1.1916
-
-","Technical IndicatorsJun 17, 2021 11:07PM GMT
Name
Value
Action
RSI(14)
30.980
Sell
STOCH(9,6)
29.398
Sell
STOCHRSI(14)
100.000
Overbought
MACD(12,26)
-0.003
Sell
ADX(14)
36.588
Sell
Williams %R
-67.213
Sell
CCI(14)
-50.2466
Sell
ATR(14)
0.0016
Less Volatility
Highs/Lows(14)
0.0000
Neutral
Ultimate Oscillator
44.682
Sell
ROC
-0.318
Sell
Bull/Bear Power(13)
-0.0016
Sell
Buy: 0
Sell: 9
Neutral: 1


Summary:Strong Sell","Jun 17, 2021 11:07PM GMT"
gbp_usd,1.3933 +0.0014    +0.10%,19:07:30,2021-06-17 23:08:10.503234,"Prev. Close: 1.3919
Bid/Ask: 1.3932 / 1.3933
Day's Range: 1.3915 - 1.3935",Sell,"Summary:Sell
Moving Averages:SellBuy (4)Sell (8)
Technical Indicators:SellBuy (1)Sell (4)","Name
S3
S2
S1
Pivot Points
R1
R2
R3
Classic
1.3914
1.3918
1.3925
1.3930
1.3937
1.3942
1.3949
Fibonacci
1.3918
1.3923
1.3926
1.3930
1.3934
1.3937
1.3942
Camarilla
1.3929
1.3930
1.3931
1.3930
1.3934
1.3935
1.3936
Woodie's
1.3916
1.3919
1.3927
1.3931
1.3939
1.3943
1.3951
DeMark's
-
-
1.3928
1.3931
1.3939
-
-","Technical IndicatorsJun 17, 2021 11:06PM GMT
Name
Value
Action
RSI(14)
40.028
Sell
STOCH(9,6)
45.381
Neutral
STOCHRSI(14)
100.000
Overbought
MACD(12,26)
-0.003
Sell
ADX(14)
38.045
Sell
Williams %R
-54.376
Neutral
CCI(14)
-4.7794
Neutral
ATR(14)
0.0023
Less Volatility
Highs/Lows(14)
0.0000
Neutral
Ultimate Oscillator
50.451
Neutral
ROC
-0.297
Sell
Bull/Bear Power(13)
0.0007
Buy
Buy: 1
Sell: 4
Neutral: 5


Summary:Sell","Jun 17, 2021 11:06PM GMT"
usd_jpy,110.28 +0.07    +0.07%,19:07:33,2021-06-17 23:08:10.506304,"Prev. Close: 110.20
Bid/Ask: 110.27 / 110.28
Day's Range: 110.17 - 110.83",Neutral,"Summary:Neutral
Moving Averages:BuyBuy (7)Sell (5)
Technical Indicators:Strong SellBuy (1)Sell (8)","Name
S3
S2
S1
Pivot Points
R1
R2
R3
Classic
110.18
110.21
110.25
110.27
110.31
110.33
110.37
Fibonacci
110.21
110.23
110.25
110.27
110.29
110.31
110.33
Camarilla
110.26
110.26
110.27
110.27
110.28
110.29
110.29
Woodie's
110.18
110.21
110.25
110.27
110.31
110.33
110.37
DeMark's
-
-
110.26
110.28
110.32
-
-","Technical IndicatorsJun 17, 2021 11:07PM GMT
Name
Value
Action
RSI(14)
43.455
Sell
STOCH(9,6)
25.324
Sell
STOCHRSI(14)
18.912
Oversold
MACD(12,26)
-0.030
Sell
ADX(14)
27.319
Buy
Williams %R
-83.194
Oversold
CCI(14)
-50.8148
Sell
ATR(14)
0.1143
Less Volatility
Highs/Lows(14)
-0.0393
Sell
Ultimate Oscillator
41.294
Sell
ROC
-0.384
Sell
Bull/Bear Power(13)
-0.1190
Sell
Buy: 1
Sell: 8
Neutral: 0


Summary:Strong Sell","Jun 17, 2021 11:07PM GMT"
aud_usd,0.7558 +0.0008    +0.10%,19:07:37,2021-06-17 23:08:10.509317,"Prev. Close: 0.7550
Bid/Ask: 0.7557 / 0.7558
Day's Range: 0.7547 - 0.7560",Strong Sell,"Summary:Strong Sell
Moving Averages:SellBuy (3)Sell (9)
Technical Indicators:Strong SellBuy (0)Sell (8)","Name
S3
S2
S1
Pivot Points
R1
R2
R3
Classic
0.7545
0.7548
0.7554
0.7557
0.7563
0.7566
0.7572
Fibonacci
0.7548
0.7551
0.7554
0.7557
0.7560
0.7563
0.7566
Camarilla
0.7556
0.7557
0.7558
0.7557
0.7559
0.7560
0.7561
Woodie's
0.7545
0.7548
0.7554
0.7557
0.7563
0.7566
0.7572
DeMark's
-
-
0.7555
0.7557
0.7563
-
-","Technical IndicatorsJun 17, 2021 11:06PM GMT
Name
Value
Action
RSI(14)
33.050
Sell
STOCH(9,6)
32.448
Sell
STOCHRSI(14)
96.562
Overbought
MACD(12,26)
-0.002
Sell
ADX(14)
49.534
Sell
Williams %R
-70.086
Sell
CCI(14)
-40.7310
Neutral
ATR(14)
0.0015
Less Volatility
Highs/Lows(14)
0.0000
Neutral
Ultimate Oscillator
44.851
Sell
ROC
-0.513
Sell
Bull/Bear Power(13)
-0.0006
Sell
Buy: 0
Sell: 8
Neutral: 2


Summary:Strong Sell","Jun 17, 2021 11:06PM GMT"
eur_gbp,0.8550 -0.0001    -0.02%,19:07:38,2021-06-17 23:08:10.512293,"Prev. Close: 0.8551
Bid/Ask: 0.8547 / 0.8552
Day's Range: 0.8548 - 0.8557",Strong Sell,"Summary:Strong Sell
Moving Averages:Strong SellBuy (0)Sell (12)
Technical Indicators:Strong SellBuy (1)Sell (7)","Name
S3
S2
S1
Pivot Points
R1
R2
R3
Classic
0.8540
0.8544
0.8546
0.8550
0.8553
0.8556
0.8559
Fibonacci
0.8544
0.8546
0.8548
0.8550
0.8552
0.8554
0.8556
Camarilla
0.8548
0.8548
0.8549
0.8550
0.8550
0.8551
0.8551
Woodie's
0.8540
0.8544
0.8546
0.8550
0.8553
0.8556
0.8559
DeMark's
-
-
0.8545
0.8549
0.8552
-
-","Technical IndicatorsJun 17, 2021 11:07PM GMT
Name
Value
Action
RSI(14)
36.020
Sell
STOCH(9,6)
27.426
Sell
STOCHRSI(14)
23.854
Oversold
MACD(12,26)
-0.001
Sell
ADX(14)
30.896
Buy
Williams %R
-81.481
Oversold
CCI(14)
-132.9046
Sell
ATR(14)
0.0010
Less Volatility
Highs/Lows(14)
-0.0001
Sell
Ultimate Oscillator
49.931
Neutral
ROC
-0.029
Sell
Bull/Bear Power(13)
-0.0023
Sell
Buy: 1
Sell: 7
Neutral: 1


Summary:Strong Sell","Jun 17, 2021 11:07PM GMT"
usd_cad,1.2345 -0.0016    -0.13%,19:07:42,2021-06-17 23:08:10.515233,"Prev. Close: 1.2361
Bid/Ask: 1.2344 / 1.2345
Day's Range: 1.2341 - 1.2368",Strong Buy,"Summary:Strong Buy
Moving Averages:BuyBuy (8)Sell (4)
Technical Indicators:Strong BuyBuy (8)Sell (0)","Name
S3
S2
S1
Pivot Points
R1
R2
R3
Classic
1.2323
1.2333
1.2339
1.2348
1.2354
1.2363
1.2369
Fibonacci
1.2333
1.2338
1.2342
1.2348
1.2354
1.2358
1.2363
Camarilla
1.2341
1.2342
1.2344
1.2348
1.2346
1.2348
1.2349
Woodie's
1.2321
1.2332
1.2337
1.2347
1.2352
1.2362
1.2367
DeMark's
-
-
1.2336
1.2347
1.2351
-
-","Technical IndicatorsJun 17, 2021 11:06PM GMT
Name
Value
Action
RSI(14)
63.702
Buy
STOCH(9,6)
66.861
Buy
STOCHRSI(14)
0.000
Oversold
MACD(12,26)
0.003
Buy
ADX(14)
43.574
Buy
Williams %R
-40.001
Buy
CCI(14)
12.9596
Neutral
ATR(14)
0.0023
Less Volatility
Highs/Lows(14)
0.0000
Neutral
Ultimate Oscillator
65.157
Buy
ROC
0.191
Buy
Bull/Bear Power(13)
0.0007
Buy
Buy: 8
Sell: 0
Neutral: 2


Summary:Strong Buy","Jun 17, 2021 11:06PM GMT"
usd_chf,0.9175 +0.0002    +0.02%,19:07:37,2021-06-17 23:08:10.518165,"Prev. Close: 0.9173
Bid/Ask: 0.9171 / 0.9179
Day's Range: 0.9169 - 0.9183",Strong Buy,"Summary:Strong Buy
Moving Averages:BuyBuy (12)Sell (0)
Technical Indicators:Strong BuyBuy (10)Sell (0)","Name
S3
S2
S1
Pivot Points
R1
R2
R3
Classic
0.9170
0.9172
0.9174
0.9176
0.9178
0.9180
0.9182
Fibonacci
0.9172
0.9174
0.9174
0.9176
0.9178
0.9178
0.9180
Camarilla
0.9174
0.9174
0.9175
0.9176
0.9175
0.9176
0.9176
Woodie's
0.9170
0.9172
0.9174
0.9176
0.9178
0.9180
0.9182
DeMark's
-
-
0.9172
0.9175
0.9176
-
-","Technical IndicatorsJun 17, 2021 11:07PM GMT
Name
Value
Action
RSI(14)
74.599
Buy
STOCH(9,6)
74.677
Buy
STOCHRSI(14)
3.208
Oversold
MACD(12,26)
0.003
Buy
ADX(14)
39.163
Buy
Williams %R
-21.297
Buy
CCI(14)
69.3108
Buy
ATR(14)
0.0013
Less Volatility
Highs/Lows(14)
0.0004
Buy
Ultimate Oscillator
52.000
Buy
ROC
0.339
Buy
Bull/Bear Power(13)
0.0033
Buy
Buy: 10
Sell: 0
Neutral: 0


Summary:Strong Buy","Jun 17, 2021 11:07PM GMT"
nzd_chf,0.6437 +0.0018    +0.28%,19:07:42,2021-06-17 23:08:10.521116,"Prev. Close: 0.6419
Bid/Ask: 0.6435 / 0.6439
Day's Range: 0.6421 - 0.6439",Strong Buy,"Summary:Strong Buy
Moving Averages:BuyBuy (12)Sell (0)
Technical Indicators:Strong BuyBuy (6)Sell (3)","Name
S3
S2
S1
Pivot Points
R1
R2
R3
Classic
0.6417
0.6422
0.6429
0.6434
0.6441
0.6446
0.6454
Fibonacci
0.6422
0.6426
0.6429
0.6434
0.6439
0.6442
0.6446
Camarilla
0.6434
0.6435
0.6436
0.6434
0.6439
0.6440
0.6441
Woodie's
0.6419
0.6423
0.6431
0.6435
0.6443
0.6447
0.6456
DeMark's
-
-
0.6432
0.6435
0.6444
-
-","Technical IndicatorsJun 17, 2021 11:06PM GMT
Name
Value
Action
RSI(14)
58.276
Buy
STOCH(9,6)
67.167
Buy
STOCHRSI(14)
97.737
Overbought
MACD(12,26)
0.000
Buy
ADX(14)
29.295
Sell
Williams %R
-18.421
Overbought
CCI(14)
172.9279
Buy
ATR(14)
0.0012
Less Volatility
Highs/Lows(14)
0.0006
Buy
Ultimate Oscillator
42.977
Sell
ROC
-0.054
Sell
Bull/Bear Power(13)
0.0015
Buy
Buy: 6
Sell: 3
Neutral: 0


Summary:Strong Buy","Jun 17, 2021 11:06PM GMT"
usd_cny,6.4484 +0.0515    +0.80%,11:27:22,2021-06-17 23:08:10.524061,"Prev. Close: 6.3969
Bid/Ask: 6.4477 / 6.4490
Day's Range: 6.3972 - 6.4494",Strong Buy,"Summary:Strong Buy
Moving Averages:BuyBuy (12)Sell (0)
Technical Indicators:Strong BuyBuy (7)Sell (0)","Name
S3
S2
S1
Pivot Points
R1
R2
R3
Classic
6.4380
6.4399
6.4436
6.4455
6.4492
6.4511
6.4548
Fibonacci
6.4399
6.4420
6.4434
6.4455
6.4476
6.4490
6.4511
Camarilla
6.4458
6.4463
6.4468
6.4455
6.4479
6.4484
6.4489
Woodie's
6.4390
6.4404
6.4446
6.4460
6.4502
6.4516
6.4558
DeMark's
-
-
6.4446
6.4460
6.4502
-
-","Technical IndicatorsJun 17, 2021 03:34PM GMT
Name
Value
Action
RSI(14)
85.433
Overbought
STOCH(9,6)
77.649
Buy
STOCHRSI(14)
100.000
Overbought
MACD(12,26)
0.011
Buy
ADX(14)
61.337
Buy
Williams %R
-3.426
Overbought
CCI(14)
151.8010
Buy
ATR(14)
0.0041
Less Volatility
Highs/Lows(14)
0.0141
Buy
Ultimate Oscillator
82.973
Overbought
ROC
0.391
Buy
Bull/Bear Power(13)
0.0286
Buy
Buy: 7
Sell: 0
Neutral: 0


Summary:Strong Buy","Jun 17, 2021 03:34PM GMT"
usd_hkd,7.7648 +0.0003    +0.00%,19:07:28,2021-06-17 23:08:10.527010,"Prev. Close: 7.7644
Bid/Ask: 7.7647 / 7.7648
Day's Range: 7.7641 - 7.7652",Strong Buy,"Summary:Strong Buy
Moving Averages:BuyBuy (12)Sell (0)
Technical Indicators:Strong BuyBuy (6)Sell (3)","Name
S3
S2
S1
Pivot Points
R1
R2
R3
Classic
7.7629
7.7635
7.7640
7.7646
7.7651
7.7657
7.7663
Fibonacci
7.7635
7.7639
7.7642
7.7646
7.7650
7.7653
7.7657
Camarilla
7.7643
7.7644
7.7645
7.7646
7.7648
7.7649
7.7650
Woodie's
7.7629
7.7635
7.7640
7.7646
7.7651
7.7657
7.7663
DeMark's
-
-
7.7638
7.7645
7.7649
-
-","Technical IndicatorsJun 17, 2021 11:06PM GMT
Name
Value
Action
RSI(14)
56.374
Buy
STOCH(9,6)
65.055
Buy
STOCHRSI(14)
41.379
Sell
MACD(12,26)
0.000
Buy
ADX(14)
25.688
Neutral
Williams %R
-39.473
Buy
CCI(14)
51.8541
Buy
ATR(14)
0.0007
Less Volatility
Highs/Lows(14)
0.0000
Neutral
Ultimate Oscillator
59.443
Buy
ROC
-0.002
Sell
Bull/Bear Power(13)
-0.0006
Sell
Buy: 6
Sell: 3
Neutral: 2


Summary:Strong Buy","Jun 17, 2021 11:06PM GMT"
eur_usd,1.1912 +0.0006    +0.05%,19:08:30,2021-06-17 23:09:10.738009,"Prev. Close: 1.1906
Bid/Ask: 1.1910 / 1.1914
Day's Range: 1.1906 - 1.1914",Strong Sell,"Summary:Strong Sell
Moving Averages:SellBuy (3)Sell (9)
Technical Indicators:Strong SellBuy (0)Sell (9)","Name
S3
S2
S1
Pivot Points
R1
R2
R3
Classic
1.1900
1.1903
1.1907
1.1910
1.1914
1.1917
1.1921
Fibonacci
1.1903
1.1906
1.1907
1.1910
1.1913
1.1914
1.1917
Camarilla
1.1910
1.1910
1.1911
1.1910
1.1912
1.1913
1.1913
Woodie's
1.1902
1.1904
1.1909
1.1911
1.1916
1.1918
1.1923
DeMark's
-
-
1.1909
1.1911
1.1916
-
-","Technical IndicatorsJun 17, 2021 11:07PM GMT
Name
Value
Action
RSI(14)
30.980
Sell
STOCH(9,6)
29.398
Sell
STOCHRSI(14)
100.000
Overbought
MACD(12,26)
-0.003
Sell
ADX(14)
36.588
Sell
Williams %R
-67.213
Sell
CCI(14)
-50.2466
Sell
ATR(14)
0.0016
Less Volatility
Highs/Lows(14)
0.0000
Neutral
Ultimate Oscillator
44.682
Sell
ROC
-0.318
Sell
Bull/Bear Power(13)
-0.0016
Sell
Buy: 0
Sell: 9
Neutral: 1


Summary:Strong Sell","Jun 17, 2021 11:07PM GMT"
gbp_usd,1.3933 +0.0014    +0.10%,19:08:35,2021-06-17 23:09:10.742176,"Prev. Close: 1.3919
Bid/Ask: 1.3932 / 1.3933
Day's Range: 1.3915 - 1.3935",Sell,"Summary:Sell
Moving Averages:SellBuy (4)Sell (8)
Technical Indicators:SellBuy (1)Sell (4)","Name
S3
S2
S1
Pivot Points
R1
R2
R3
Classic
1.3914
1.3918
1.3925
1.3930
1.3937
1.3942
1.3949
Fibonacci
1.3918
1.3923
1.3926
1.3930
1.3934
1.3937
1.3942
Camarilla
1.3929
1.3930
1.3931
1.3930
1.3934
1.3935
1.3936
Woodie's
1.3916
1.3919
1.3927
1.3931
1.3939
1.3943
1.3951
DeMark's
-
-
1.3928
1.3931
1.3939
-
-","Technical IndicatorsJun 17, 2021 11:08PM GMT
Name
Value
Action
RSI(14)
40.028
Sell
STOCH(9,6)
45.381
Neutral
STOCHRSI(14)
100.000
Overbought
MACD(12,26)
-0.003
Sell
ADX(14)
38.045
Sell
Williams %R
-54.376
Neutral
CCI(14)
-4.7794
Neutral
ATR(14)
0.0023
Less Volatility
Highs/Lows(14)
0.0000
Neutral
Ultimate Oscillator
50.451
Neutral
ROC
-0.297
Sell
Bull/Bear Power(13)
0.0007
Buy
Buy: 1
Sell: 4
Neutral: 5


Summary:Sell","Jun 17, 2021 11:08PM GMT"
usd_jpy,110.28 +0.07    +0.07%,19:08:38,2021-06-17 23:09:10.745527,"Prev. Close: 110.20
Bid/Ask: 110.27 / 110.28
Day's Range: 110.17 - 110.83",Neutral,"Summary:Neutral
Moving Averages:BuyBuy (7)Sell (5)
Technical Indicators:Strong SellBuy (1)Sell (8)","Name
S3
S2
S1
Pivot Points
R1
R2
R3
Classic
110.18
110.21
110.25
110.27
110.31
110.33
110.37
Fibonacci
110.21
110.23
110.25
110.27
110.29
110.31
110.33
Camarilla
110.26
110.26
110.27
110.27
110.28
110.29
110.29
Woodie's
110.18
110.21
110.25
110.27
110.31
110.33
110.37
DeMark's
-
-
110.26
110.28
110.32
-
-","Technical IndicatorsJun 17, 2021 11:08PM GMT
Name
Value
Action
RSI(14)
43.455
Sell
STOCH(9,6)
25.324
Sell
STOCHRSI(14)
18.912
Oversold
MACD(12,26)
-0.030
Sell
ADX(14)
27.319
Buy
Williams %R
-83.194
Oversold
CCI(14)
-50.8148
Sell
ATR(14)
0.1143
Less Volatility
Highs/Lows(14)
-0.0393
Sell
Ultimate Oscillator
41.294
Sell
ROC
-0.384
Sell
Bull/Bear Power(13)
-0.1190
Sell
Buy: 1
Sell: 8
Neutral: 0


Summary:Strong Sell","Jun 17, 2021 11:08PM GMT"
aud_usd,0.7557 +0.0006    +0.09%,19:08:49,2021-06-17 23:09:10.748684,"Prev. Close: 0.7550
Bid/Ask: 0.7556 / 0.7557
Day's Range: 0.7547 - 0.7560",Strong Sell,"Summary:Strong Sell
Moving Averages:SellBuy (3)Sell (9)
Technical Indicators:Strong SellBuy (0)Sell (8)","Name
S3
S2
S1
Pivot Points
R1
R2
R3
Classic
0.7545
0.7548
0.7554
0.7557
0.7563
0.7566
0.7572
Fibonacci
0.7548
0.7551
0.7554
0.7557
0.7560
0.7563
0.7566
Camarilla
0.7556
0.7557
0.7558
0.7557
0.7559
0.7560
0.7561
Woodie's
0.7545
0.7548
0.7554
0.7557
0.7563
0.7566
0.7572
DeMark's
-
-
0.7555
0.7557
0.7563
-
-","Technical IndicatorsJun 17, 2021 11:08PM GMT
Name
Value
Action
RSI(14)
32.705
Sell
STOCH(9,6)
31.919
Sell
STOCHRSI(14)
94.329
Overbought
MACD(12,26)
-0.002
Sell
ADX(14)
49.534
Sell
Williams %R
-71.795
Sell
CCI(14)
-43.0460
Neutral
ATR(14)
0.0015
Less Volatility
Highs/Lows(14)
0.0000
Neutral
Ultimate Oscillator
43.788
Sell
ROC
-0.527
Sell
Bull/Bear Power(13)
-0.0006
Sell
Buy: 0
Sell: 8
Neutral: 2


Summary:Strong Sell","Jun 17, 2021 11:08PM GMT"
eur_gbp,0.8550 -0.0001    -0.02%,19:08:43,2021-06-17 23:09:10.751763,"Prev. Close: 0.8551
Bid/Ask: 0.8547 / 0.8552
Day's Range: 0.8548 - 0.8557",Strong Sell,"Summary:Strong Sell
Moving Averages:Strong SellBuy (0)Sell (12)
Technical Indicators:Strong SellBuy (1)Sell (7)","Name
S3
S2
S1
Pivot Points
R1
R2
R3
Classic
0.8540
0.8544
0.8546
0.8550
0.8553
0.8556
0.8559
Fibonacci
0.8544
0.8546
0.8548
0.8550
0.8552
0.8554
0.8556
Camarilla
0.8548
0.8548
0.8549
0.8550
0.8550
0.8551
0.8551
Woodie's
0.8540
0.8544
0.8546
0.8550
0.8553
0.8556
0.8559
DeMark's
-
-
0.8545
0.8549
0.8552
-
-","Technical IndicatorsJun 17, 2021 11:07PM GMT
Name
Value
Action
RSI(14)
36.020
Sell
STOCH(9,6)
27.426
Sell
STOCHRSI(14)
23.854
Oversold
MACD(12,26)
-0.001
Sell
ADX(14)
30.896
Buy
Williams %R
-81.481
Oversold
CCI(14)
-132.9046
Sell
ATR(14)
0.0010
Less Volatility
Highs/Lows(14)
-0.0001
Sell
Ultimate Oscillator
49.931
Neutral
ROC
-0.029
Sell
Bull/Bear Power(13)
-0.0023
Sell
Buy: 1
Sell: 7
Neutral: 1


Summary:Strong Sell","Jun 17, 2021 11:07PM GMT"
usd_cad,1.2345 -0.0016    -0.13%,19:08:49,2021-06-17 23:09:10.754847,"Prev. Close: 1.2361
Bid/Ask: 1.2344 / 1.2345
Day's Range: 1.2341 - 1.2368",Strong Buy,"Summary:Strong Buy
Moving Averages:BuyBuy (8)Sell (4)
Technical Indicators:Strong BuyBuy (8)Sell (0)","Name
S3
S2
S1
Pivot Points
R1
R2
R3
Classic
1.2323
1.2333
1.2339
1.2348
1.2354
1.2363
1.2369
Fibonacci
1.2333
1.2338
1.2342
1.2348
1.2354
1.2358
1.2363
Camarilla
1.2341
1.2342
1.2344
1.2348
1.2346
1.2348
1.2349
Woodie's
1.2321
1.2332
1.2337
1.2347
1.2352
1.2362
1.2367
DeMark's
-
-
1.2336
1.2347
1.2351
-
-","Technical IndicatorsJun 17, 2021 11:08PM GMT
Name
Value
Action
RSI(14)
63.702
Buy
STOCH(9,6)
66.861
Buy
STOCHRSI(14)
0.000
Oversold
MACD(12,26)
0.003
Buy
ADX(14)
43.574
Buy
Williams %R
-40.001
Buy
CCI(14)
12.9596
Neutral
ATR(14)
0.0023
Less Volatility
Highs/Lows(14)
0.0000
Neutral
Ultimate Oscillator
65.157
Buy
ROC
0.191
Buy
Bull/Bear Power(13)
0.0007
Buy
Buy: 8
Sell: 0
Neutral: 2


Summary:Strong Buy","Jun 17, 2021 11:08PM GMT"
usd_chf,0.9176 +0.0003    +0.03%,19:08:52,2021-06-17 23:09:10.757825,"Prev. Close: 0.9173
Bid/Ask: 0.9172 / 0.9180
Day's Range: 0.9169 - 0.9183",Strong Buy,"Summary:Strong Buy
Moving Averages:BuyBuy (12)Sell (0)
Technical Indicators:Strong BuyBuy (10)Sell (0)","Name
S3
S2
S1
Pivot Points
R1
R2
R3
Classic
0.9170
0.9172
0.9174
0.9176
0.9178
0.9180
0.9182
Fibonacci
0.9172
0.9174
0.9174
0.9176
0.9178
0.9178
0.9180
Camarilla
0.9174
0.9174
0.9175
0.9176
0.9175
0.9176
0.9176
Woodie's
0.9170
0.9172
0.9174
0.9176
0.9178
0.9180
0.9182
DeMark's
-
-
0.9172
0.9175
0.9176
-
-","Technical IndicatorsJun 17, 2021 11:07PM GMT
Name
Value
Action
RSI(14)
74.599
Buy
STOCH(9,6)
74.677
Buy
STOCHRSI(14)
3.208
Oversold
MACD(12,26)
0.003
Buy
ADX(14)
39.163
Buy
Williams %R
-21.297
Buy
CCI(14)
69.3108
Buy
ATR(14)
0.0013
Less Volatility
Highs/Lows(14)
0.0004
Buy
Ultimate Oscillator
52.000
Buy
ROC
0.339
Buy
Bull/Bear Power(13)
0.0033
Buy
Buy: 10
Sell: 0
Neutral: 0


Summary:Strong Buy","Jun 17, 2021 11:07PM GMT"
nzd_chf,0.6438 +0.0019    +0.30%,19:08:54,2021-06-17 23:09:10.760828,"Prev. Close: 0.6419
Bid/Ask: 0.6435 / 0.6441
Day's Range: 0.6421 - 0.6439",Strong Buy,"Summary:Strong Buy
Moving Averages:BuyBuy (11)Sell (1)
Technical Indicators:Strong BuyBuy (6)Sell (3)","Name
S3
S2
S1
Pivot Points
R1
R2
R3
Classic
0.6417
0.6422
0.6429
0.6434
0.6441
0.6446
0.6454
Fibonacci
0.6422
0.6426
0.6429
0.6434
0.6439
0.6442
0.6446
Camarilla
0.6434
0.6435
0.6436
0.6434
0.6439
0.6440
0.6441
Woodie's
0.6419
0.6423
0.6431
0.6435
0.6443
0.6447
0.6456
DeMark's
-
-
0.6432
0.6435
0.6444
-
-","Technical IndicatorsJun 17, 2021 11:08PM GMT
Name
Value
Action
RSI(14)
57.840
Buy
STOCH(9,6)
66.820
Buy
STOCHRSI(14)
95.505
Overbought
MACD(12,26)
0.000
Buy
ADX(14)
29.295
Sell
Williams %R
-19.737
Overbought
CCI(14)
170.9340
Buy
ATR(14)
0.0012
Less Volatility
Highs/Lows(14)
0.0005
Buy
Ultimate Oscillator
42.393
Sell
ROC
-0.062
Sell
Bull/Bear Power(13)
0.0015
Buy
Buy: 6
Sell: 3
Neutral: 0


Summary:Strong Buy","Jun 17, 2021 11:08PM GMT"
usd_cny,6.4484 +0.0515    +0.80%,11:27:22,2021-06-17 23:09:10.763829,"Prev. Close: 6.3969
Bid/Ask: 6.4477 / 6.4490
Day's Range: 6.3972 - 6.4494",Strong Buy,"Summary:Strong Buy
Moving Averages:BuyBuy (12)Sell (0)
Technical Indicators:Strong BuyBuy (7)Sell (0)","Name
S3
S2
S1
Pivot Points
R1
R2
R3
Classic
6.4380
6.4399
6.4436
6.4455
6.4492
6.4511
6.4548
Fibonacci
6.4399
6.4420
6.4434
6.4455
6.4476
6.4490
6.4511
Camarilla
6.4458
6.4463
6.4468
6.4455
6.4479
6.4484
6.4489
Woodie's
6.4390
6.4404
6.4446
6.4460
6.4502
6.4516
6.4558
DeMark's
-
-
6.4446
6.4460
6.4502
-
-","Technical IndicatorsJun 17, 2021 03:34PM GMT
Name
Value
Action
RSI(14)
85.433
Overbought
STOCH(9,6)
77.649
Buy
STOCHRSI(14)
100.000
Overbought
MACD(12,26)
0.011
Buy
ADX(14)
61.337
Buy
Williams %R
-3.426
Overbought
CCI(14)
151.8010
Buy
ATR(14)
0.0041
Less Volatility
Highs/Lows(14)
0.0141
Buy
Ultimate Oscillator
82.973
Overbought
ROC
0.391
Buy
Bull/Bear Power(13)
0.0286
Buy
Buy: 7
Sell: 0
Neutral: 0


Summary:Strong Buy","Jun 17, 2021 03:34PM GMT"
usd_hkd,7.7646 +0.0002    +0.00%,19:08:49,2021-06-17 23:09:10.766818,"Prev. Close: 7.7644
Bid/Ask: 7.7644 / 7.7648
Day's Range: 7.7641 - 7.7652",Buy,"Summary:Buy
Moving Averages:BuyBuy (12)Sell (0)
Technical Indicators:BUYBuy (5)Sell (3)","Name
S3
S2
S1
Pivot Points
R1
R2
R3
Classic
7.7629
7.7635
7.7640
7.7646
7.7651
7.7657
7.7663
Fibonacci
7.7635
7.7639
7.7642
7.7646
7.7650
7.7653
7.7657
Camarilla
7.7643
7.7644
7.7645
7.7646
7.7648
7.7649
7.7650
Woodie's
7.7629
7.7635
7.7640
7.7646
7.7651
7.7657
7.7663
DeMark's
-
-
7.7638
7.7645
7.7649
-
-","Technical IndicatorsJun 17, 2021 11:08PM GMT
Name
Value
Action
RSI(14)
55.954
Buy
STOCH(9,6)
64.499
Buy
STOCHRSI(14)
38.551
Sell
MACD(12,26)
0.000
Buy
ADX(14)
25.688
Neutral
Williams %R
-42.108
Buy
CCI(14)
47.7972
Neutral
ATR(14)
0.0007
Less Volatility
Highs/Lows(14)
0.0000
Neutral
Ultimate Oscillator
58.522
Buy
ROC
-0.003
Sell
Bull/Bear Power(13)
-0.0006
Sell
Buy: 5
Sell: 3
Neutral: 3


Summary:BUY","Jun 17, 2021 11:08PM GMT"
eur_usd,1.1912 +0.0006    +0.05%,19:09:35,2021-06-17 23:10:10.263133,"Prev. Close: 1.1906
Bid/Ask: 1.1911 / 1.1912
Day's Range: 1.1906 - 1.1914",Strong Sell,"Summary:Strong Sell
Moving Averages:SellBuy (3)Sell (9)
Technical Indicators:Strong SellBuy (0)Sell (9)","Name
S3
S2
S1
Pivot Points
R1
R2
R3
Classic
1.1900
1.1903
1.1907
1.1910
1.1914
1.1917
1.1921
Fibonacci
1.1903
1.1906
1.1907
1.1910
1.1913
1.1914
1.1917
Camarilla
1.1910
1.1910
1.1911
1.1910
1.1912
1.1913
1.1913
Woodie's
1.1902
1.1904
1.1909
1.1911
1.1916
1.1918
1.1923
DeMark's
-
-
1.1909
1.1911
1.1916
-
-","Technical IndicatorsJun 17, 2021 11:09PM GMT
Name
Value
Action
RSI(14)
30.980
Sell
STOCH(9,6)
29.398
Sell
STOCHRSI(14)
100.000
Overbought
MACD(12,26)
-0.003
Sell
ADX(14)
36.588
Sell
Williams %R
-67.213
Sell
CCI(14)
-50.2466
Sell
ATR(14)
0.0016
Less Volatility
Highs/Lows(14)
0.0000
Neutral
Ultimate Oscillator
44.682
Sell
ROC
-0.318
Sell
Bull/Bear Power(13)
-0.0016
Sell
Buy: 0
Sell: 9
Neutral: 1


Summary:Strong Sell","Jun 17, 2021 11:09PM GMT"
gbp_usd,1.3933 +0.0014    +0.10%,19:09:34,2021-06-17 23:10:10.267292,"Prev. Close: 1.3919
Bid/Ask: 1.3932 / 1.3933
Day's Range: 1.3915 - 1.3935",Sell,"Summary:Sell
Moving Averages:SellBuy (4)Sell (8)
Technical Indicators:SellBuy (1)Sell (4)","Name
S3
S2
S1
Pivot Points
R1
R2
R3
Classic
1.3914
1.3918
1.3925
1.3930
1.3937
1.3942
1.3949
Fibonacci
1.3918
1.3923
1.3926
1.3930
1.3934
1.3937
1.3942
Camarilla
1.3929
1.3930
1.3931
1.3930
1.3934
1.3935
1.3936
Woodie's
1.3916
1.3919
1.3927
1.3931
1.3939
1.3943
1.3951
DeMark's
-
-
1.3928
1.3931
1.3939
-
-","Technical IndicatorsJun 17, 2021 11:08PM GMT
Name
Value
Action
RSI(14)
40.028
Sell
STOCH(9,6)
45.381
Neutral
STOCHRSI(14)
100.000
Overbought
MACD(12,26)
-0.003
Sell
ADX(14)
38.045
Sell
Williams %R
-54.376
Neutral
CCI(14)
-4.7794
Neutral
ATR(14)
0.0023
Less Volatility
Highs/Lows(14)
0.0000
Neutral
Ultimate Oscillator
50.451
Neutral
ROC
-0.297
Sell
Bull/Bear Power(13)
0.0007
Buy
Buy: 1
Sell: 4
Neutral: 5


Summary:Sell","Jun 17, 2021 11:08PM GMT"
usd_jpy,110.27 +0.07    +0.06%,19:09:38,2021-06-17 23:10:10.270693,"Prev. Close: 110.20
Bid/Ask: 110.26 / 110.28
Day's Range: 110.17 - 110.83",Neutral,"Summary:Neutral
Moving Averages:BuyBuy (7)Sell (5)
Technical Indicators:Strong SellBuy (1)Sell (8)","Name
S3
S2
S1
Pivot Points
R1
R2
R3
Classic
110.18
110.21
110.25
110.27
110.31
110.33
110.37
Fibonacci
110.21
110.23
110.25
110.27
110.29
110.31
110.33
Camarilla
110.26
110.26
110.27
110.27
110.28
110.29
110.29
Woodie's
110.18
110.21
110.25
110.27
110.31
110.33
110.37
DeMark's
-
-
110.26
110.28
110.32
-
-","Technical IndicatorsJun 17, 2021 11:08PM GMT
Name
Value
Action
RSI(14)
43.455
Sell
STOCH(9,6)
25.324
Sell
STOCHRSI(14)
18.912
Oversold
MACD(12,26)
-0.030
Sell
ADX(14)
27.319
Buy
Williams %R
-83.194
Oversold
CCI(14)
-50.8148
Sell
ATR(14)
0.1143
Less Volatility
Highs/Lows(14)
-0.0393
Sell
Ultimate Oscillator
41.294
Sell
ROC
-0.384
Sell
Bull/Bear Power(13)
-0.1190
Sell
Buy: 1
Sell: 8
Neutral: 0


Summary:Strong Sell","Jun 17, 2021 11:08PM GMT"
aud_usd,0.7558 +0.0008    +0.10%,19:09:40,2021-06-17 23:10:10.273788,"Prev. Close: 0.7550
Bid/Ask: 0.7557 / 0.7558
Day's Range: 0.7547 - 0.7560",Strong Sell,"Summary:Strong Sell
Moving Averages:SellBuy (3)Sell (9)
Technical Indicators:Strong SellBuy (0)Sell (8)","Name
S3
S2
S1
Pivot Points
R1
R2
R3
Classic
0.7545
0.7548
0.7554
0.7557
0.7563
0.7566
0.7572
Fibonacci
0.7548
0.7551
0.7554
0.7557
0.7560
0.7563
0.7566
Camarilla
0.7556
0.7557
0.7558
0.7557
0.7559
0.7560
0.7561
Woodie's
0.7545
0.7548
0.7554
0.7557
0.7563
0.7566
0.7572
DeMark's
-
-
0.7555
0.7557
0.7563
-
-","Technical IndicatorsJun 17, 2021 11:08PM GMT
Name
Value
Action
RSI(14)
32.705
Sell
STOCH(9,6)
31.919
Sell
STOCHRSI(14)
94.329
Overbought
MACD(12,26)
-0.002
Sell
ADX(14)
49.534
Sell
Williams %R
-71.795
Sell
CCI(14)
-43.0460
Neutral
ATR(14)
0.0015
Less Volatility
Highs/Lows(14)
0.0000
Neutral
Ultimate Oscillator
43.788
Sell
ROC
-0.527
Sell
Bull/Bear Power(13)
-0.0006
Sell
Buy: 0
Sell: 8
Neutral: 2


Summary:Strong Sell","Jun 17, 2021 11:08PM GMT"
eur_gbp,0.8550 -0.0001    -0.02%,19:09:35,2021-06-17 23:10:10.276802,"Prev. Close: 0.8551
Bid/Ask: 0.8549 / 0.8550
Day's Range: 0.8548 - 0.8557",Strong Sell,"Summary:Strong Sell
Moving Averages:Strong SellBuy (0)Sell (12)
Technical Indicators:Strong SellBuy (1)Sell (7)","Name
S3
S2
S1
Pivot Points
R1
R2
R3
Classic
0.8540
0.8544
0.8546
0.8550
0.8553
0.8556
0.8559
Fibonacci
0.8544
0.8546
0.8548
0.8550
0.8552
0.8554
0.8556
Camarilla
0.8548
0.8548
0.8549
0.8550
0.8550
0.8551
0.8551
Woodie's
0.8540
0.8544
0.8546
0.8550
0.8553
0.8556
0.8559
DeMark's
-
-
0.8545
0.8549
0.8552
-
-","Technical IndicatorsJun 17, 2021 11:09PM GMT
Name
Value
Action
RSI(14)
36.020
Sell
STOCH(9,6)
27.426
Sell
STOCHRSI(14)
23.854
Oversold
MACD(12,26)
-0.001
Sell
ADX(14)
30.896
Buy
Williams %R
-81.481
Oversold
CCI(14)
-132.9046
Sell
ATR(14)
0.0010
Less Volatility
Highs/Lows(14)
-0.0001
Sell
Ultimate Oscillator
49.931
Neutral
ROC
-0.029
Sell
Bull/Bear Power(13)
-0.0023
Sell
Buy: 1
Sell: 7
Neutral: 1


Summary:Strong Sell","Jun 17, 2021 11:09PM GMT"
usd_cad,1.2340 -0.0021    -0.17%,19:09:37,2021-06-17 23:10:10.279779,"Prev. Close: 1.2361
Bid/Ask: 1.2338 / 1.2342
Day's Range: 1.2340 - 1.2368",Strong Buy,"Summary:Strong Buy
Moving Averages:BuyBuy (8)Sell (4)
Technical Indicators:Strong BuyBuy (8)Sell (0)","Name
S3
S2
S1
Pivot Points
R1
R2
R3
Classic
1.2323
1.2333
1.2339
1.2348
1.2354
1.2363
1.2369
Fibonacci
1.2333
1.2338
1.2342
1.2348
1.2354
1.2358
1.2363
Camarilla
1.2341
1.2342
1.2344
1.2348
1.2346
1.2348
1.2349
Woodie's
1.2321
1.2332
1.2337
1.2347
1.2352
1.2362
1.2367
DeMark's
-
-
1.2336
1.2347
1.2351
-
-","Technical IndicatorsJun 17, 2021 11:08PM GMT
Name
Value
Action
RSI(14)
63.702
Buy
STOCH(9,6)
66.861
Buy
STOCHRSI(14)
0.000
Oversold
MACD(12,26)
0.003
Buy
ADX(14)
43.574
Buy
Williams %R
-40.001
Buy
CCI(14)
12.9596
Neutral
ATR(14)
0.0023
Less Volatility
Highs/Lows(14)
0.0000
Neutral
Ultimate Oscillator
65.157
Buy
ROC
0.191
Buy
Bull/Bear Power(13)
0.0007
Buy
Buy: 8
Sell: 0
Neutral: 2


Summary:Strong Buy","Jun 17, 2021 11:08PM GMT"
usd_chf,0.9176 +0.0003    +0.03%,19:09:41,2021-06-17 23:10:10.282809,"Prev. Close: 0.9173
Bid/Ask: 0.9172 / 0.9180
Day's Range: 0.9169 - 0.9183",Strong Buy,"Summary:Strong Buy
Moving Averages:BuyBuy (12)Sell (0)
Technical Indicators:Strong BuyBuy (10)Sell (0)","Name
S3
S2
S1
Pivot Points
R1
R2
R3
Classic
0.9170
0.9172
0.9174
0.9176
0.9178
0.9180
0.9182
Fibonacci
0.9172
0.9174
0.9174
0.9176
0.9178
0.9178
0.9180
Camarilla
0.9174
0.9174
0.9175
0.9176
0.9175
0.9176
0.9176
Woodie's
0.9170
0.9172
0.9174
0.9176
0.9178
0.9180
0.9182
DeMark's
-
-
0.9172
0.9175
0.9176
-
-","Technical IndicatorsJun 17, 2021 11:09PM GMT
Name
Value
Action
RSI(14)
74.599
Buy
STOCH(9,6)
74.677
Buy
STOCHRSI(14)
3.208
Oversold
MACD(12,26)
0.003
Buy
ADX(14)
39.163
Buy
Williams %R
-21.297
Buy
CCI(14)
69.3108
Buy
ATR(14)
0.0013
Less Volatility
Highs/Lows(14)
0.0004
Buy
Ultimate Oscillator
52.000
Buy
ROC
0.339
Buy
Bull/Bear Power(13)
0.0033
Buy
Buy: 10
Sell: 0
Neutral: 0


Summary:Strong Buy","Jun 17, 2021 11:09PM GMT"
nzd_chf,0.6439 +0.0020    +0.31%,19:09:41,2021-06-17 23:10:10.285743,"Prev. Close: 0.6419
Bid/Ask: 0.6438 / 0.6440
Day's Range: 0.6421 - 0.6440",Strong Buy,"Summary:Strong Buy
Moving Averages:BuyBuy (11)Sell (1)
Technical Indicators:Strong BuyBuy (6)Sell (3)","Name
S3
S2
S1
Pivot Points
R1
R2
R3
Classic
0.6417
0.6422
0.6429
0.6434
0.6441
0.6446
0.6454
Fibonacci
0.6422
0.6426
0.6429
0.6434
0.6439
0.6442
0.6446
Camarilla
0.6434
0.6435
0.6436
0.6434
0.6439
0.6440
0.6441
Woodie's
0.6419
0.6423
0.6431
0.6435
0.6443
0.6447
0.6456
DeMark's
-
-
0.6432
0.6435
0.6444
-
-","Technical IndicatorsJun 17, 2021 11:08PM GMT
Name
Value
Action
RSI(14)
57.840
Buy
STOCH(9,6)
66.820
Buy
STOCHRSI(14)
95.505
Overbought
MACD(12,26)
0.000
Buy
ADX(14)
29.295
Sell
Williams %R
-19.737
Overbought
CCI(14)
170.9340
Buy
ATR(14)
0.0012
Less Volatility
Highs/Lows(14)
0.0005
Buy
Ultimate Oscillator
42.393
Sell
ROC
-0.062
Sell
Bull/Bear Power(13)
0.0015
Buy
Buy: 6
Sell: 3
Neutral: 0


Summary:Strong Buy","Jun 17, 2021 11:08PM GMT"
usd_cny,6.4484 +0.0515    +0.80%,11:27:22,2021-06-17 23:10:10.288745,"Prev. Close: 6.3969
Bid/Ask: 6.4477 / 6.4490
Day's Range: 6.3972 - 6.4494",Strong Buy,"Summary:Strong Buy
Moving Averages:BuyBuy (12)Sell (0)
Technical Indicators:Strong BuyBuy (7)Sell (0)","Name
S3
S2
S1
Pivot Points
R1
R2
R3
Classic
6.4380
6.4399
6.4436
6.4455
6.4492
6.4511
6.4548
Fibonacci
6.4399
6.4420
6.4434
6.4455
6.4476
6.4490
6.4511
Camarilla
6.4458
6.4463
6.4468
6.4455
6.4479
6.4484
6.4489
Woodie's
6.4390
6.4404
6.4446
6.4460
6.4502
6.4516
6.4558
DeMark's
-
-
6.4446
6.4460
6.4502
-
-","Technical IndicatorsJun 17, 2021 03:34PM GMT
Name
Value
Action
RSI(14)
85.433
Overbought
STOCH(9,6)
77.649
Buy
STOCHRSI(14)
100.000
Overbought
MACD(12,26)
0.011
Buy
ADX(14)
61.337
Buy
Williams %R
-3.426
Overbought
CCI(14)
151.8010
Buy
ATR(14)
0.0041
Less Volatility
Highs/Lows(14)
0.0141
Buy
Ultimate Oscillator
82.973
Overbought
ROC
0.391
Buy
Bull/Bear Power(13)
0.0286
Buy
Buy: 7
Sell: 0
Neutral: 0


Summary:Strong Buy","Jun 17, 2021 03:34PM GMT"
usd_hkd,7.7648 +0.0003    +0.00%,19:09:30,2021-06-17 23:10:10.291705,"Prev. Close: 7.7644
Bid/Ask: 7.7647 / 7.7648
Day's Range: 7.7641 - 7.7652",Buy,"Summary:Buy
Moving Averages:BuyBuy (12)Sell (0)
Technical Indicators:BUYBuy (5)Sell (3)","Name
S3
S2
S1
Pivot Points
R1
R2
R3
Classic
7.7629
7.7635
7.7640
7.7646
7.7651
7.7657
7.7663
Fibonacci
7.7635
7.7639
7.7642
7.7646
7.7650
7.7653
7.7657
Camarilla
7.7643
7.7644
7.7645
7.7646
7.7648
7.7649
7.7650
Woodie's
7.7629
7.7635
7.7640
7.7646
7.7651
7.7657
7.7663
DeMark's
-
-
7.7638
7.7645
7.7649
-
-","Technical IndicatorsJun 17, 2021 11:08PM GMT
Name
Value
Action
RSI(14)
55.954
Buy
STOCH(9,6)
64.499
Buy
STOCHRSI(14)
38.551
Sell
MACD(12,26)
0.000
Buy
ADX(14)
25.688
Neutral
Williams %R
-42.108
Buy
CCI(14)
47.7972
Neutral
ATR(14)
0.0007
Less Volatility
Highs/Lows(14)
0.0000
Neutral
Ultimate Oscillator
58.522
Buy
ROC
-0.003
Sell
Bull/Bear Power(13)
-0.0006
Sell
Buy: 5
Sell: 3
Neutral: 3


Summary:BUY","Jun 17, 2021 11:08PM GMT"
eur_usd,1.1913 +0.0006    +0.05%,19:10:35,2021-06-17 23:11:10.746595,"Prev. Close: 1.1906
Bid/Ask: 1.1912 / 1.1913
Day's Range: 1.1906 - 1.1914",Strong Sell,"Summary:Strong Sell
Moving Averages:SellBuy (3)Sell (9)
Technical Indicators:Strong SellBuy (0)Sell (8)","Name
S3
S2
S1
Pivot Points
R1
R2
R3
Classic
1.1900
1.1903
1.1907
1.1910
1.1914
1.1917
1.1921
Fibonacci
1.1903
1.1906
1.1907
1.1910
1.1913
1.1914
1.1917
Camarilla
1.1910
1.1910
1.1911
1.1910
1.1912
1.1913
1.1913
Woodie's
1.1902
1.1904
1.1909
1.1911
1.1916
1.1918
1.1923
DeMark's
-
-
1.1909
1.1911
1.1916
-
-","Technical IndicatorsJun 17, 2021 11:10PM GMT
Name
Value
Action
RSI(14)
30.980
Sell
STOCH(9,6)
29.398
Sell
STOCHRSI(14)
100.000
Overbought
MACD(12,26)
-0.003
Sell
ADX(14)
36.588
Sell
Williams %R
-67.213
Sell
CCI(14)
-49.4188
Neutral
ATR(14)
0.0016
Less Volatility
Highs/Lows(14)
0.0000
Neutral
Ultimate Oscillator
44.442
Sell
ROC
-0.318
Sell
Bull/Bear Power(13)
-0.0016
Sell
Buy: 0
Sell: 8
Neutral: 2


Summary:Strong Sell","Jun 17, 2021 11:10PM GMT"
gbp_usd,1.3933 +0.0014    +0.10%,19:10:48,2021-06-17 23:11:10.750785,"Prev. Close: 1.3919
Bid/Ask: 1.3932 / 1.3934
Day's Range: 1.3915 - 1.3935",Sell,"Summary:Sell
Moving Averages:SellBuy (4)Sell (8)
Technical Indicators:SellBuy (1)Sell (5)","Name
S3
S2
S1
Pivot Points
R1
R2
R3
Classic
1.3914
1.3918
1.3925
1.3930
1.3937
1.3942
1.3949
Fibonacci
1.3918
1.3923
1.3926
1.3930
1.3934
1.3937
1.3942
Camarilla
1.3929
1.3930
1.3931
1.3930
1.3934
1.3935
1.3936
Woodie's
1.3916
1.3919
1.3927
1.3931
1.3939
1.3943
1.3951
DeMark's
-
-
1.3928
1.3931
1.3939
-
-","Technical IndicatorsJun 17, 2021 11:10PM GMT
Name
Value
Action
RSI(14)
40.409
Sell
STOCH(9,6)
45.671
Neutral
STOCHRSI(14)
100.000
Overbought
MACD(12,26)
-0.003
Sell
ADX(14)
38.045
Sell
Williams %R
-53.126
Neutral
CCI(14)
-2.8460
Neutral
ATR(14)
0.0023
Less Volatility
Highs/Lows(14)
0.0000
Neutral
Ultimate Oscillator
51.172
Buy
ROC
-0.290
Sell
Bull/Bear Power(13)
-0.0013
Sell
Buy: 1
Sell: 5
Neutral: 4


Summary:Sell","Jun 17, 2021 11:10PM GMT"
usd_jpy,110.27 +0.07    +0.06%,19:10:42,2021-06-17 23:11:10.754099,"Prev. Close: 110.20
Bid/Ask: 110.26 / 110.28
Day's Range: 110.17 - 110.83",Neutral,"Summary:Neutral
Moving Averages:BuyBuy (7)Sell (5)
Technical Indicators:Strong SellBuy (1)Sell (8)","Name
S3
S2
S1
Pivot Points
R1
R2
R3
Classic
110.18
110.21
110.25
110.27
110.31
110.33
110.37
Fibonacci
110.21
110.23
110.25
110.27
110.29
110.31
110.33
Camarilla
110.26
110.26
110.27
110.27
110.28
110.29
110.29
Woodie's
110.18
110.21
110.25
110.27
110.31
110.33
110.37
DeMark's
-
-
110.26
110.28
110.32
-
-","Technical IndicatorsJun 17, 2021 11:10PM GMT
Name
Value
Action
RSI(14)
43.455
Sell
STOCH(9,6)
25.324
Sell
STOCHRSI(14)
18.912
Oversold
MACD(12,26)
-0.030
Sell
ADX(14)
27.319
Buy
Williams %R
-83.194
Oversold
CCI(14)
-50.8148
Sell
ATR(14)
0.1143
Less Volatility
Highs/Lows(14)
-0.0393
Sell
Ultimate Oscillator
41.294
Sell
ROC
-0.384
Sell
Bull/Bear Power(13)
-0.1190
Sell
Buy: 1
Sell: 8
Neutral: 0


Summary:Strong Sell","Jun 17, 2021 11:10PM GMT"
aud_usd,0.7558 +0.0008    +0.10%,19:10:48,2021-06-17 23:11:10.757199,"Prev. Close: 0.7550
Bid/Ask: 0.7557 / 0.7558
Day's Range: 0.7547 - 0.7560",Strong Sell,"Summary:Strong Sell
Moving Averages:SellBuy (3)Sell (9)
Technical Indicators:Strong SellBuy (0)Sell (8)","Name
S3
S2
S1
Pivot Points
R1
R2
R3
Classic
0.7545
0.7548
0.7554
0.7557
0.7563
0.7566
0.7572
Fibonacci
0.7548
0.7551
0.7554
0.7557
0.7560
0.7563
0.7566
Camarilla
0.7556
0.7557
0.7558
0.7557
0.7559
0.7560
0.7561
Woodie's
0.7545
0.7548
0.7554
0.7557
0.7563
0.7566
0.7572
DeMark's
-
-
0.7555
0.7557
0.7563
-
-","Technical IndicatorsJun 17, 2021 11:09PM GMT
Name
Value
Action
RSI(14)
33.225
Sell
STOCH(9,6)
32.713
Sell
STOCHRSI(14)
97.695
Overbought
MACD(12,26)
-0.002
Sell
ADX(14)
49.534
Sell
Williams %R
-69.231
Sell
CCI(14)
-39.5690
Neutral
ATR(14)
0.0015
Less Volatility
Highs/Lows(14)
0.0000
Neutral
Ultimate Oscillator
45.382
Sell
ROC
-0.507
Sell
Bull/Bear Power(13)
-0.0006
Sell
Buy: 0
Sell: 8
Neutral: 2


Summary:Strong Sell","Jun 17, 2021 11:09PM GMT"
eur_gbp,0.8550 -0.0001    -0.02%,19:10:52,2021-06-17 23:11:10.760179,"Prev. Close: 0.8551
Bid/Ask: 0.8548 / 0.8551
Day's Range: 0.8548 - 0.8557",Strong Sell,"Summary:Strong Sell
Moving Averages:Strong SellBuy (0)Sell (12)
Technical Indicators:Strong SellBuy (1)Sell (7)","Name
S3
S2
S1
Pivot Points
R1
R2
R3
Classic
0.8540
0.8544
0.8546
0.8550
0.8553
0.8556
0.8559
Fibonacci
0.8544
0.8546
0.8548
0.8550
0.8552
0.8554
0.8556
Camarilla
0.8548
0.8548
0.8549
0.8550
0.8550
0.8551
0.8551
Woodie's
0.8540
0.8544
0.8546
0.8550
0.8553
0.8556
0.8559
DeMark's
-
-
0.8545
0.8549
0.8552
-
-","Technical IndicatorsJun 17, 2021 11:10PM GMT
Name
Value
Action
RSI(14)
35.664
Sell
STOCH(9,6)
26.963
Sell
STOCHRSI(14)
20.660
Oversold
MACD(12,26)
-0.001
Sell
ADX(14)
30.896
Buy
Williams %R
-83.333
Oversold
CCI(14)
-135.6611
Sell
ATR(14)
0.0010
Less Volatility
Highs/Lows(14)
-0.0002
Sell
Ultimate Oscillator
49.146
Neutral
ROC
-0.035
Sell
Bull/Bear Power(13)
-0.0023
Sell
Buy: 1
Sell: 7
Neutral: 1


Summary:Strong Sell","Jun 17, 2021 11:10PM GMT"
usd_cad,1.2343 -0.0018    -0.15%,19:10:51,2021-06-17 23:11:10.763179,"Prev. Close: 1.2361
Bid/Ask: 1.2341 / 1.2345
Day's Range: 1.2340 - 1.2368",Strong Buy,"Summary:Strong Buy
Moving Averages:BuyBuy (8)Sell (4)
Technical Indicators:Strong BuyBuy (8)Sell (0)","Name
S3
S2
S1
Pivot Points
R1
R2
R3
Classic
1.2323
1.2333
1.2339
1.2348
1.2354
1.2363
1.2369
Fibonacci
1.2333
1.2338
1.2342
1.2348
1.2354
1.2358
1.2363
Camarilla
1.2341
1.2342
1.2344
1.2348
1.2346
1.2348
1.2349
Woodie's
1.2321
1.2332
1.2337
1.2347
1.2352
1.2362
1.2367
DeMark's
-
-
1.2336
1.2347
1.2351
-
-","Technical IndicatorsJun 17, 2021 11:09PM GMT
Name
Value
Action
RSI(14)
63.179
Buy
STOCH(9,6)
66.576
Buy
STOCHRSI(14)
0.000
Oversold
MACD(12,26)
0.003
Buy
ADX(14)
42.797
Buy
Williams %R
-41.213
Buy
CCI(14)
9.0311
Neutral
ATR(14)
0.0023
Less Volatility
Highs/Lows(14)
0.0000
Neutral
Ultimate Oscillator
64.727
Buy
ROC
0.183
Buy
Bull/Bear Power(13)
0.0006
Buy
Buy: 8
Sell: 0
Neutral: 2


Summary:Strong Buy","Jun 17, 2021 11:09PM GMT"
usd_chf,0.9176 +0.0003    +0.03%,19:10:29,2021-06-17 23:11:10.766123,"Prev. Close: 0.9173
Bid/Ask: 0.9172 / 0.9180
Day's Range: 0.9169 - 0.9183",Strong Buy,"Summary:Strong Buy
Moving Averages:BuyBuy (10)Sell (2)
Technical Indicators:Strong BuyBuy (9)Sell (0)","Name
S3
S2
S1
Pivot Points
R1
R2
R3
Classic
0.9170
0.9172
0.9174
0.9176
0.9178
0.9180
0.9182
Fibonacci
0.9172
0.9174
0.9174
0.9176
0.9178
0.9178
0.9180
Camarilla
0.9174
0.9174
0.9175
0.9176
0.9175
0.9176
0.9176
Woodie's
0.9170
0.9172
0.9174
0.9176
0.9178
0.9180
0.9182
DeMark's
-
-
0.9172
0.9175
0.9176
-
-","Technical IndicatorsJun 17, 2021 11:11PM GMT
Name
Value
Action
RSI(14)
74.464
Buy
STOCH(9,6)
74.461
Buy
STOCHRSI(14)
2.151
Oversold
MACD(12,26)
0.003
Buy
ADX(14)
39.163
Buy
Williams %R
-22.223
Buy
CCI(14)
70.1890
Buy
ATR(14)
0.0013
Less Volatility
Highs/Lows(14)
0.0003
Buy
Ultimate Oscillator
50.921
Neutral
ROC
0.333
Buy
Bull/Bear Power(13)
0.0034
Buy
Buy: 9
Sell: 0
Neutral: 1


Summary:Strong Buy","Jun 17, 2021 11:11PM GMT"
nzd_chf,0.6439 +0.0019    +0.30%,19:10:52,2021-06-17 23:11:10.769081,"Prev. Close: 0.6419
Bid/Ask: 0.6434 / 0.6443
Day's Range: 0.6421 - 0.6441",Strong Buy,"Summary:Strong Buy
Moving Averages:BuyBuy (12)Sell (0)
Technical Indicators:Strong BuyBuy (6)Sell (3)","Name
S3
S2
S1
Pivot Points
R1
R2
R3
Classic
0.6417
0.6422
0.6429
0.6434
0.6441
0.6446
0.6454
Fibonacci
0.6422
0.6426
0.6429
0.6434
0.6439
0.6442
0.6446
Camarilla
0.6434
0.6435
0.6436
0.6434
0.6439
0.6440
0.6441
Woodie's
0.6419
0.6423
0.6431
0.6435
0.6443
0.6447
0.6456
DeMark's
-
-
0.6432
0.6435
0.6444
-
-","Technical IndicatorsJun 17, 2021 11:10PM GMT
Name
Value
Action
RSI(14)
59.336
Buy
STOCH(9,6)
66.129
Buy
STOCHRSI(14)
100.000
Overbought
MACD(12,26)
0.000
Buy
ADX(14)
27.104
Sell
Williams %R
-14.473
Overbought
CCI(14)
182.7430
Buy
ATR(14)
0.0012
Less Volatility
Highs/Lows(14)
0.0007
Buy
Ultimate Oscillator
44.209
Sell
ROC
-0.031
Sell
Bull/Bear Power(13)
0.0016
Buy
Buy: 6
Sell: 3
Neutral: 0


Summary:Strong Buy","Jun 17, 2021 11:10PM GMT"
usd_cny,6.4484 +0.0515    +0.80%,11:27:22,2021-06-17 23:11:10.772034,"Prev. Close: 6.3969
Bid/Ask: 6.4477 / 6.4490
Day's Range: 6.3972 - 6.4494",Strong Buy,"Summary:Strong Buy
Moving Averages:BuyBuy (12)Sell (0)
Technical Indicators:Strong BuyBuy (7)Sell (0)","Name
S3
S2
S1
Pivot Points
R1
R2
R3
Classic
6.4380
6.4399
6.4436
6.4455
6.4492
6.4511
6.4548
Fibonacci
6.4399
6.4420
6.4434
6.4455
6.4476
6.4490
6.4511
Camarilla
6.4458
6.4463
6.4468
6.4455
6.4479
6.4484
6.4489
Woodie's
6.4390
6.4404
6.4446
6.4460
6.4502
6.4516
6.4558
DeMark's
-
-
6.4446
6.4460
6.4502
-
-","Technical IndicatorsJun 17, 2021 03:34PM GMT
Name
Value
Action
RSI(14)
85.433
Overbought
STOCH(9,6)
77.649
Buy
STOCHRSI(14)
100.000
Overbought
MACD(12,26)
0.011
Buy
ADX(14)
61.337
Buy
Williams %R
-3.426
Overbought
CCI(14)
151.8010
Buy
ATR(14)
0.0041
Less Volatility
Highs/Lows(14)
0.0141
Buy
Ultimate Oscillator
82.973
Overbought
ROC
0.391
Buy
Bull/Bear Power(13)
0.0286
Buy
Buy: 7
Sell: 0
Neutral: 0


Summary:Strong Buy","Jun 17, 2021 03:34PM GMT"
usd_hkd,7.7648 +0.0004    +0.01%,19:10:33,2021-06-17 23:11:10.774982,"Prev. Close: 7.7644
Bid/Ask: 7.7647 / 7.7649
Day's Range: 7.7641 - 7.7652",Buy,"Summary:Buy
Moving Averages:BuyBuy (12)Sell (0)
Technical Indicators:BUYBuy (5)Sell (3)","Name
S3
S2
S1
Pivot Points
R1
R2
R3
Classic
7.7629
7.7635
7.7640
7.7646
7.7651
7.7657
7.7663
Fibonacci
7.7635
7.7639
7.7642
7.7646
7.7650
7.7653
7.7657
Camarilla
7.7643
7.7644
7.7645
7.7646
7.7648
7.7649
7.7650
Woodie's
7.7629
7.7635
7.7640
7.7646
7.7651
7.7657
7.7663
DeMark's
-
-
7.7638
7.7645
7.7649
-
-","Technical IndicatorsJun 17, 2021 11:10PM GMT
Name
Value
Action
RSI(14)
55.954
Buy
STOCH(9,6)
64.499
Buy
STOCHRSI(14)
38.551
Sell
MACD(12,26)
0.000
Buy
ADX(14)
25.688
Neutral
Williams %R
-42.108
Buy
CCI(14)
47.7972
Neutral
ATR(14)
0.0007
Less Volatility
Highs/Lows(14)
0.0000
Neutral
Ultimate Oscillator
58.522
Buy
ROC
-0.003
Sell
Bull/Bear Power(13)
-0.0006
Sell
Buy: 5
Sell: 3
Neutral: 3


Summary:BUY","Jun 17, 2021 11:10PM GMT"
eur_usd,1.1913 +0.0006    +0.05%,19:11:39,2021-06-17 23:12:10.495918,"Prev. Close: 1.1906
Bid/Ask: 1.1912 / 1.1913
Day's Range: 1.1906 - 1.1914",Strong Sell,"Summary:Strong Sell
Moving Averages:SellBuy (3)Sell (9)
Technical Indicators:Strong SellBuy (0)Sell (8)","Name
S3
S2
S1
Pivot Points
R1
R2
R3
Classic
1.1900
1.1903
1.1907
1.1910
1.1914
1.1917
1.1921
Fibonacci
1.1903
1.1906
1.1907
1.1910
1.1913
1.1914
1.1917
Camarilla
1.1910
1.1910
1.1911
1.1910
1.1912
1.1913
1.1913
Woodie's
1.1902
1.1904
1.1909
1.1911
1.1916
1.1918
1.1923
DeMark's
-
-
1.1909
1.1911
1.1916
-
-","Technical IndicatorsJun 17, 2021 11:10PM GMT
Name
Value
Action
RSI(14)
30.980
Sell
STOCH(9,6)
29.398
Sell
STOCHRSI(14)
100.000
Overbought
MACD(12,26)
-0.003
Sell
ADX(14)
36.588
Sell
Williams %R
-67.213
Sell
CCI(14)
-49.4188
Neutral
ATR(14)
0.0016
Less Volatility
Highs/Lows(14)
0.0000
Neutral
Ultimate Oscillator
44.442
Sell
ROC
-0.318
Sell
Bull/Bear Power(13)
-0.0016
Sell
Buy: 0
Sell: 8
Neutral: 2


Summary:Strong Sell","Jun 17, 2021 11:10PM GMT"
gbp_usd,1.3933 +0.0014    +0.10%,19:11:36,2021-06-17 23:12:10.500149,"Prev. Close: 1.3919
Bid/Ask: 1.3932 / 1.3934
Day's Range: 1.3915 - 1.3935",Sell,"Summary:Sell
Moving Averages:SellBuy (4)Sell (8)
Technical Indicators:SellBuy (1)Sell (5)","Name
S3
S2
S1
Pivot Points
R1
R2
R3
Classic
1.3914
1.3918
1.3925
1.3930
1.3937
1.3942
1.3949
Fibonacci
1.3918
1.3923
1.3926
1.3930
1.3934
1.3937
1.3942
Camarilla
1.3929
1.3930
1.3931
1.3930
1.3934
1.3935
1.3936
Woodie's
1.3916
1.3919
1.3927
1.3931
1.3939
1.3943
1.3951
DeMark's
-
-
1.3928
1.3931
1.3939
-
-","Technical IndicatorsJun 17, 2021 11:10PM GMT
Name
Value
Action
RSI(14)
40.409
Sell
STOCH(9,6)
45.671
Neutral
STOCHRSI(14)
100.000
Overbought
MACD(12,26)
-0.003
Sell
ADX(14)
38.045
Sell
Williams %R
-53.126
Neutral
CCI(14)
-2.8460
Neutral
ATR(14)
0.0023
Less Volatility
Highs/Lows(14)
0.0000
Neutral
Ultimate Oscillator
51.172
Buy
ROC
-0.290
Sell
Bull/Bear Power(13)
-0.0013
Sell
Buy: 1
Sell: 5
Neutral: 4


Summary:Sell","Jun 17, 2021 11:10PM GMT"
usd_jpy,110.28 +0.07    +0.07%,19:11:41,2021-06-17 23:12:10.503532,"Prev. Close: 110.20
Bid/Ask: 110.27 / 110.28
Day's Range: 110.17 - 110.83",Neutral,"Summary:Neutral
Moving Averages:BuyBuy (7)Sell (5)
Technical Indicators:Strong SellBuy (1)Sell (8)","Name
S3
S2
S1
Pivot Points
R1
R2
R3
Classic
110.18
110.21
110.25
110.27
110.31
110.33
110.37
Fibonacci
110.21
110.23
110.25
110.27
110.29
110.31
110.33
Camarilla
110.26
110.26
110.27
110.27
110.28
110.29
110.29
Woodie's
110.18
110.21
110.25
110.27
110.31
110.33
110.37
DeMark's
-
-
110.26
110.28
110.32
-
-","Technical IndicatorsJun 17, 2021 11:10PM GMT
Name
Value
Action
RSI(14)
43.455
Sell
STOCH(9,6)
25.324
Sell
STOCHRSI(14)
18.912
Oversold
MACD(12,26)
-0.030
Sell
ADX(14)
27.319
Buy
Williams %R
-83.194
Oversold
CCI(14)
-50.8148
Sell
ATR(14)
0.1143
Less Volatility
Highs/Lows(14)
-0.0393
Sell
Ultimate Oscillator
41.294
Sell
ROC
-0.384
Sell
Bull/Bear Power(13)
-0.1190
Sell
Buy: 1
Sell: 8
Neutral: 0


Summary:Strong Sell","Jun 17, 2021 11:10PM GMT"
aud_usd,0.7558 +0.0008    +0.10%,19:11:43,2021-06-17 23:12:10.506638,"Prev. Close: 0.7550
Bid/Ask: 0.7557 / 0.7558
Day's Range: 0.7547 - 0.7560",Strong Sell,"Summary:Strong Sell
Moving Averages:SellBuy (3)Sell (9)
Technical Indicators:Strong SellBuy (0)Sell (8)","Name
S3
S2
S1
Pivot Points
R1
R2
R3
Classic
0.7545
0.7548
0.7554
0.7557
0.7563
0.7566
0.7572
Fibonacci
0.7548
0.7551
0.7554
0.7557
0.7560
0.7563
0.7566
Camarilla
0.7556
0.7557
0.7558
0.7557
0.7559
0.7560
0.7561
Woodie's
0.7545
0.7548
0.7554
0.7557
0.7563
0.7566
0.7572
DeMark's
-
-
0.7555
0.7557
0.7563
-
-","Technical IndicatorsJun 17, 2021 11:09PM GMT
Name
Value
Action
RSI(14)
33.225
Sell
STOCH(9,6)
32.713
Sell
STOCHRSI(14)
97.695
Overbought
MACD(12,26)
-0.002
Sell
ADX(14)
49.534
Sell
Williams %R
-69.231
Sell
CCI(14)
-39.5690
Neutral
ATR(14)
0.0015
Less Volatility
Highs/Lows(14)
0.0000
Neutral
Ultimate Oscillator
45.382
Sell
ROC
-0.507
Sell
Bull/Bear Power(13)
-0.0006
Sell
Buy: 0
Sell: 8
Neutral: 2


Summary:Strong Sell","Jun 17, 2021 11:09PM GMT"
eur_gbp,0.8550 -0.0001    -0.02%,19:11:41,2021-06-17 23:12:10.509639,"Prev. Close: 0.8551
Bid/Ask: 0.8547 / 0.8552
Day's Range: 0.8548 - 0.8557",Strong Sell,"Summary:Strong Sell
Moving Averages:Strong SellBuy (0)Sell (12)
Technical Indicators:Strong SellBuy (1)Sell (7)","Name
S3
S2
S1
Pivot Points
R1
R2
R3
Classic
0.8540
0.8544
0.8546
0.8550
0.8553
0.8556
0.8559
Fibonacci
0.8544
0.8546
0.8548
0.8550
0.8552
0.8554
0.8556
Camarilla
0.8548
0.8548
0.8549
0.8550
0.8550
0.8551
0.8551
Woodie's
0.8540
0.8544
0.8546
0.8550
0.8553
0.8556
0.8559
DeMark's
-
-
0.8545
0.8549
0.8552
-
-","Technical IndicatorsJun 17, 2021 11:10PM GMT
Name
Value
Action
RSI(14)
35.664
Sell
STOCH(9,6)
26.963
Sell
STOCHRSI(14)
20.660
Oversold
MACD(12,26)
-0.001
Sell
ADX(14)
30.896
Buy
Williams %R
-83.333
Oversold
CCI(14)
-135.6611
Sell
ATR(14)
0.0010
Less Volatility
Highs/Lows(14)
-0.0002
Sell
Ultimate Oscillator
49.146
Neutral
ROC
-0.035
Sell
Bull/Bear Power(13)
-0.0023
Sell
Buy: 1
Sell: 7
Neutral: 1


Summary:Strong Sell","Jun 17, 2021 11:10PM GMT"
usd_cad,1.2344 -0.0018    -0.14%,19:11:41,2021-06-17 23:12:10.512697,"Prev. Close: 1.2361
Bid/Ask: 1.2343 / 1.2344
Day's Range: 1.2340 - 1.2368",Strong Buy,"Summary:Strong Buy
Moving Averages:BuyBuy (8)Sell (4)
Technical Indicators:Strong BuyBuy (8)Sell (0)","Name
S3
S2
S1
Pivot Points
R1
R2
R3
Classic
1.2323
1.2333
1.2339
1.2348
1.2354
1.2363
1.2369
Fibonacci
1.2333
1.2338
1.2342
1.2348
1.2354
1.2358
1.2363
Camarilla
1.2341
1.2342
1.2344
1.2348
1.2346
1.2348
1.2349
Woodie's
1.2321
1.2332
1.2337
1.2347
1.2352
1.2362
1.2367
DeMark's
-
-
1.2336
1.2347
1.2351
-
-","Technical IndicatorsJun 17, 2021 11:09PM GMT
Name
Value
Action
RSI(14)
63.179
Buy
STOCH(9,6)
66.576
Buy
STOCHRSI(14)
0.000
Oversold
MACD(12,26)
0.003
Buy
ADX(14)
42.797
Buy
Williams %R
-41.213
Buy
CCI(14)
9.0311
Neutral
ATR(14)
0.0023
Less Volatility
Highs/Lows(14)
0.0000
Neutral
Ultimate Oscillator
64.727
Buy
ROC
0.183
Buy
Bull/Bear Power(13)
0.0006
Buy
Buy: 8
Sell: 0
Neutral: 2


Summary:Strong Buy","Jun 17, 2021 11:09PM GMT"
usd_chf,0.9176 +0.0003    +0.03%,19:11:41,2021-06-17 23:12:10.515777,"Prev. Close: 0.9173
Bid/Ask: 0.9172 / 0.9180
Day's Range: 0.9169 - 0.9183",Strong Buy,"Summary:Strong Buy
Moving Averages:BuyBuy (10)Sell (2)
Technical Indicators:Strong BuyBuy (9)Sell (0)","Name
S3
S2
S1
Pivot Points
R1
R2
R3
Classic
0.9170
0.9172
0.9174
0.9176
0.9178
0.9180
0.9182
Fibonacci
0.9172
0.9174
0.9174
0.9176
0.9178
0.9178
0.9180
Camarilla
0.9174
0.9174
0.9175
0.9176
0.9175
0.9176
0.9176
Woodie's
0.9170
0.9172
0.9174
0.9176
0.9178
0.9180
0.9182
DeMark's
-
-
0.9172
0.9175
0.9176
-
-","Technical IndicatorsJun 17, 2021 11:11PM GMT
Name
Value
Action
RSI(14)
74.464
Buy
STOCH(9,6)
74.461
Buy
STOCHRSI(14)
2.151
Oversold
MACD(12,26)
0.003
Buy
ADX(14)
39.163
Buy
Williams %R
-22.223
Buy
CCI(14)
70.1890
Buy
ATR(14)
0.0013
Less Volatility
Highs/Lows(14)
0.0003
Buy
Ultimate Oscillator
50.921
Neutral
ROC
0.333
Buy
Bull/Bear Power(13)
0.0034
Buy
Buy: 9
Sell: 0
Neutral: 1


Summary:Strong Buy","Jun 17, 2021 11:11PM GMT"
nzd_chf,0.6440 +0.0021    +0.32%,19:11:37,2021-06-17 23:12:10.518810,"Prev. Close: 0.6419
Bid/Ask: 0.6435 / 0.6444
Day's Range: 0.6421 - 0.6441",Strong Buy,"Summary:Strong Buy
Moving Averages:BuyBuy (12)Sell (0)
Technical Indicators:Strong BuyBuy (6)Sell (3)","Name
S3
S2
S1
Pivot Points
R1
R2
R3
Classic
0.6417
0.6422
0.6429
0.6434
0.6441
0.6446
0.6454
Fibonacci
0.6422
0.6426
0.6429
0.6434
0.6439
0.6442
0.6446
Camarilla
0.6434
0.6435
0.6436
0.6434
0.6439
0.6440
0.6441
Woodie's
0.6419
0.6423
0.6431
0.6435
0.6443
0.6447
0.6456
DeMark's
-
-
0.6432
0.6435
0.6444
-
-","Technical IndicatorsJun 17, 2021 11:10PM GMT
Name
Value
Action
RSI(14)
59.336
Buy
STOCH(9,6)
66.129
Buy
STOCHRSI(14)
100.000
Overbought
MACD(12,26)
0.000
Buy
ADX(14)
27.104
Sell
Williams %R
-14.473
Overbought
CCI(14)
182.7430
Buy
ATR(14)
0.0012
Less Volatility
Highs/Lows(14)
0.0007
Buy
Ultimate Oscillator
44.209
Sell
ROC
-0.031
Sell
Bull/Bear Power(13)
0.0016
Buy
Buy: 6
Sell: 3
Neutral: 0


Summary:Strong Buy","Jun 17, 2021 11:10PM GMT"
usd_cny,6.4484 +0.0515    +0.80%,11:27:22,2021-06-17 23:12:10.521838,"Prev. Close: 6.3969
Bid/Ask: 6.4477 / 6.4490
Day's Range: 6.3972 - 6.4494",Strong Buy,"Summary:Strong Buy
Moving Averages:BuyBuy (12)Sell (0)
Technical Indicators:Strong BuyBuy (7)Sell (0)","Name
S3
S2
S1
Pivot Points
R1
R2
R3
Classic
6.4380
6.4399
6.4436
6.4455
6.4492
6.4511
6.4548
Fibonacci
6.4399
6.4420
6.4434
6.4455
6.4476
6.4490
6.4511
Camarilla
6.4458
6.4463
6.4468
6.4455
6.4479
6.4484
6.4489
Woodie's
6.4390
6.4404
6.4446
6.4460
6.4502
6.4516
6.4558
DeMark's
-
-
6.4446
6.4460
6.4502
-
-","Technical IndicatorsJun 17, 2021 03:34PM GMT
Name
Value
Action
RSI(14)
85.433
Overbought
STOCH(9,6)
77.649
Buy
STOCHRSI(14)
100.000
Overbought
MACD(12,26)
0.011
Buy
ADX(14)
61.337
Buy
Williams %R
-3.426
Overbought
CCI(14)
151.8010
Buy
ATR(14)
0.0041
Less Volatility
Highs/Lows(14)
0.0141
Buy
Ultimate Oscillator
82.973
Overbought
ROC
0.391
Buy
Bull/Bear Power(13)
0.0286
Buy
Buy: 7
Sell: 0
Neutral: 0


Summary:Strong Buy","Jun 17, 2021 03:34PM GMT"
usd_hkd,7.7646 +0.0002    +0.00%,19:11:38,2021-06-17 23:12:10.524883,"Prev. Close: 7.7644
Bid/Ask: 7.7644 / 7.7648
Day's Range: 7.7641 - 7.7652",Buy,"Summary:Buy
Moving Averages:BuyBuy (12)Sell (0)
Technical Indicators:BUYBuy (5)Sell (3)","Name
S3
S2
S1
Pivot Points
R1
R2
R3
Classic
7.7629
7.7635
7.7640
7.7646
7.7651
7.7657
7.7663
Fibonacci
7.7635
7.7639
7.7642
7.7646
7.7650
7.7653
7.7657
Camarilla
7.7643
7.7644
7.7645
7.7646
7.7648
7.7649
7.7650
Woodie's
7.7629
7.7635
7.7640
7.7646
7.7651
7.7657
7.7663
DeMark's
-
-
7.7638
7.7645
7.7649
-
-","Technical IndicatorsJun 17, 2021 11:10PM GMT
Name
Value
Action
RSI(14)
55.954
Buy
STOCH(9,6)
64.499
Buy
STOCHRSI(14)
38.551
Sell
MACD(12,26)
0.000
Buy
ADX(14)
25.688
Neutral
Williams %R
-42.108
Buy
CCI(14)
47.7972
Neutral
ATR(14)
0.0007
Less Volatility
Highs/Lows(14)
0.0000
Neutral
Ultimate Oscillator
58.522
Buy
ROC
-0.003
Sell
Bull/Bear Power(13)
-0.0006
Sell
Buy: 5
Sell: 3
Neutral: 3


Summary:BUY","Jun 17, 2021 11:10PM GMT"
eur_usd,1.1913 +0.0006    +0.05%,19:12:29,2021-06-17 23:13:11.014555,"Prev. Close: 1.1906
Bid/Ask: 1.1912 / 1.1913
Day's Range: 1.1906 - 1.1914",Strong Sell,"Summary:Strong Sell
Moving Averages:SellBuy (3)Sell (9)
Technical Indicators:Strong SellBuy (0)Sell (8)","Name
S3
S2
S1
Pivot Points
R1
R2
R3
Classic
1.1900
1.1903
1.1907
1.1910
1.1914
1.1917
1.1921
Fibonacci
1.1903
1.1906
1.1907
1.1910
1.1913
1.1914
1.1917
Camarilla
1.1910
1.1910
1.1911
1.1910
1.1912
1.1913
1.1913
Woodie's
1.1902
1.1904
1.1909
1.1911
1.1916
1.1918
1.1923
DeMark's
-
-
1.1909
1.1911
1.1916
-
-","Technical IndicatorsJun 17, 2021 11:12PM GMT
Name
Value
Action
RSI(14)
30.980
Sell
STOCH(9,6)
29.398
Sell
STOCHRSI(14)
100.000
Overbought
MACD(12,26)
-0.003
Sell
ADX(14)
36.588
Sell
Williams %R
-67.213
Sell
CCI(14)
-49.4188
Neutral
ATR(14)
0.0016
Less Volatility
Highs/Lows(14)
0.0000
Neutral
Ultimate Oscillator
44.442
Sell
ROC
-0.318
Sell
Bull/Bear Power(13)
-0.0016
Sell
Buy: 0
Sell: 8
Neutral: 2


Summary:Strong Sell","Jun 17, 2021 11:12PM GMT"
gbp_usd,1.3934 +0.0015    +0.11%,19:12:50,2021-06-17 23:13:11.018775,"Prev. Close: 1.3919
Bid/Ask: 1.3933 / 1.3935
Day's Range: 1.3915 - 1.3935",Sell,"Summary:Sell
Moving Averages:SellBuy (4)Sell (8)
Technical Indicators:SellBuy (1)Sell (5)","Name
S3
S2
S1
Pivot Points
R1
R2
R3
Classic
1.3914
1.3918
1.3925
1.3930
1.3937
1.3942
1.3949
Fibonacci
1.3918
1.3923
1.3926
1.3930
1.3934
1.3937
1.3942
Camarilla
1.3929
1.3930
1.3931
1.3930
1.3934
1.3935
1.3936
Woodie's
1.3916
1.3919
1.3927
1.3931
1.3939
1.3943
1.3951
DeMark's
-
-
1.3928
1.3931
1.3939
-
-","Technical IndicatorsJun 17, 2021 11:12PM GMT
Name
Value
Action
RSI(14)
40.409
Sell
STOCH(9,6)
45.671
Neutral
STOCHRSI(14)
100.000
Overbought
MACD(12,26)
-0.003
Sell
ADX(14)
38.045
Sell
Williams %R
-53.126
Neutral
CCI(14)
-2.8460
Neutral
ATR(14)
0.0023
Less Volatility
Highs/Lows(14)
0.0000
Neutral
Ultimate Oscillator
51.172
Buy
ROC
-0.290
Sell
Bull/Bear Power(13)
-0.0013
Sell
Buy: 1
Sell: 5
Neutral: 4


Summary:Sell","Jun 17, 2021 11:12PM GMT"
usd_jpy,110.28 +0.07    +0.07%,19:12:40,2021-06-17 23:13:11.022143,"Prev. Close: 110.20
Bid/Ask: 110.27 / 110.28
Day's Range: 110.17 - 110.83",Neutral,"Summary:Neutral
Moving Averages:BuyBuy (7)Sell (5)
Technical Indicators:Strong SellBuy (1)Sell (8)","Name
S3
S2
S1
Pivot Points
R1
R2
R3
Classic
110.18
110.21
110.25
110.27
110.31
110.33
110.37
Fibonacci
110.21
110.23
110.25
110.27
110.29
110.31
110.33
Camarilla
110.26
110.26
110.27
110.27
110.28
110.29
110.29
Woodie's
110.18
110.21
110.25
110.27
110.31
110.33
110.37
DeMark's
-
-
110.26
110.28
110.32
-
-","Technical IndicatorsJun 17, 2021 11:12PM GMT
Name
Value
Action
RSI(14)
43.455
Sell
STOCH(9,6)
25.324
Sell
STOCHRSI(14)
18.912
Oversold
MACD(12,26)
-0.030
Sell
ADX(14)
27.319
Buy
Williams %R
-83.194
Oversold
CCI(14)
-50.8148
Sell
ATR(14)
0.1143
Less Volatility
Highs/Lows(14)
-0.0393
Sell
Ultimate Oscillator
41.294
Sell
ROC
-0.384
Sell
Bull/Bear Power(13)
-0.1190
Sell
Buy: 1
Sell: 8
Neutral: 0


Summary:Strong Sell","Jun 17, 2021 11:12PM GMT"
aud_usd,0.7558 +0.0008    +0.10%,19:12:55,2021-06-17 23:13:11.025313,"Prev. Close: 0.7550
Bid/Ask: 0.7557 / 0.7558
Day's Range: 0.7547 - 0.7560",Strong Sell,"Summary:Strong Sell
Moving Averages:SellBuy (3)Sell (9)
Technical Indicators:Strong SellBuy (0)Sell (8)","Name
S3
S2
S1
Pivot Points
R1
R2
R3
Classic
0.7545
0.7548
0.7554
0.7557
0.7563
0.7566
0.7572
Fibonacci
0.7548
0.7551
0.7554
0.7557
0.7560
0.7563
0.7566
Camarilla
0.7556
0.7557
0.7558
0.7557
0.7559
0.7560
0.7561
Woodie's
0.7545
0.7548
0.7554
0.7557
0.7563
0.7566
0.7572
DeMark's
-
-
0.7555
0.7557
0.7563
-
-","Technical IndicatorsJun 17, 2021 11:12PM GMT
Name
Value
Action
RSI(14)
33.402
Sell
STOCH(9,6)
32.978
Sell
STOCHRSI(14)
98.841
Overbought
MACD(12,26)
-0.002
Sell
ADX(14)
49.534
Sell
Williams %R
-68.376
Sell
CCI(14)
-38.4040
Neutral
ATR(14)
0.0015
Less Volatility
Highs/Lows(14)
0.0000
Neutral
Ultimate Oscillator
45.914
Sell
ROC
-0.500
Sell
Bull/Bear Power(13)
-0.0006
Sell
Buy: 0
Sell: 8
Neutral: 2


Summary:Strong Sell","Jun 17, 2021 11:12PM GMT"
eur_gbp,0.8550 -0.0001    -0.02%,19:12:47,2021-06-17 23:13:11.028397,"Prev. Close: 0.8551
Bid/Ask: 0.8547 / 0.8552
Day's Range: 0.8548 - 0.8557",Strong Sell,"Summary:Strong Sell
Moving Averages:Strong SellBuy (0)Sell (12)
Technical Indicators:Strong SellBuy (1)Sell (7)","Name
S3
S2
S1
Pivot Points
R1
R2
R3
Classic
0.8540
0.8544
0.8546
0.8550
0.8553
0.8556
0.8559
Fibonacci
0.8544
0.8546
0.8548
0.8550
0.8552
0.8554
0.8556
Camarilla
0.8548
0.8548
0.8549
0.8550
0.8550
0.8551
0.8551
Woodie's
0.8540
0.8544
0.8546
0.8550
0.8553
0.8556
0.8559
DeMark's
-
-
0.8545
0.8549
0.8552
-
-","Technical IndicatorsJun 17, 2021 11:12PM GMT
Name
Value
Action
RSI(14)
35.664
Sell
STOCH(9,6)
26.963
Sell
STOCHRSI(14)
20.660
Oversold
MACD(12,26)
-0.001
Sell
ADX(14)
30.896
Buy
Williams %R
-83.333
Oversold
CCI(14)
-135.6611
Sell
ATR(14)
0.0010
Less Volatility
Highs/Lows(14)
-0.0002
Sell
Ultimate Oscillator
49.146
Neutral
ROC
-0.035
Sell
Bull/Bear Power(13)
-0.0023
Sell
Buy: 1
Sell: 7
Neutral: 1


Summary:Strong Sell","Jun 17, 2021 11:12PM GMT"
usd_cad,1.2344 -0.0018    -0.14%,19:12:43,2021-06-17 23:13:11.031465,"Prev. Close: 1.2361
Bid/Ask: 1.2343 / 1.2344
Day's Range: 1.2340 - 1.2368",Strong Buy,"Summary:Strong Buy
Moving Averages:BuyBuy (8)Sell (4)
Technical Indicators:Strong BuyBuy (8)Sell (0)","Name
S3
S2
S1
Pivot Points
R1
R2
R3
Classic
1.2323
1.2333
1.2339
1.2348
1.2354
1.2363
1.2369
Fibonacci
1.2333
1.2338
1.2342
1.2348
1.2354
1.2358
1.2363
Camarilla
1.2341
1.2342
1.2344
1.2348
1.2346
1.2348
1.2349
Woodie's
1.2321
1.2332
1.2337
1.2347
1.2352
1.2362
1.2367
DeMark's
-
-
1.2336
1.2347
1.2351
-
-","Technical IndicatorsJun 17, 2021 11:11PM GMT
Name
Value
Action
RSI(14)
63.440
Buy
STOCH(9,6)
66.718
Buy
STOCHRSI(14)
0.000
Oversold
MACD(12,26)
0.003
Buy
ADX(14)
42.797
Buy
Williams %R
-40.606
Buy
CCI(14)
10.0175
Neutral
ATR(14)
0.0023
Less Volatility
Highs/Lows(14)
0.0000
Neutral
Ultimate Oscillator
65.065
Buy
ROC
0.187
Buy
Bull/Bear Power(13)
0.0006
Buy
Buy: 8
Sell: 0
Neutral: 2


Summary:Strong Buy","Jun 17, 2021 11:11PM GMT"
usd_chf,0.9176 +0.0003    +0.03%,19:12:26,2021-06-17 23:13:11.034494,"Prev. Close: 0.9173
Bid/Ask: 0.9172 / 0.9180
Day's Range: 0.9169 - 0.9183",Strong Buy,"Summary:Strong Buy
Moving Averages:BuyBuy (12)Sell (0)
Technical Indicators:Strong BuyBuy (10)Sell (0)","Name
S3
S2
S1
Pivot Points
R1
R2
R3
Classic
0.9170
0.9172
0.9174
0.9176
0.9178
0.9180
0.9182
Fibonacci
0.9172
0.9174
0.9174
0.9176
0.9178
0.9178
0.9180
Camarilla
0.9174
0.9174
0.9175
0.9176
0.9175
0.9176
0.9176
Woodie's
0.9170
0.9172
0.9174
0.9176
0.9178
0.9180
0.9182
DeMark's
-
-
0.9172
0.9175
0.9176
-
-","Technical IndicatorsJun 17, 2021 11:12PM GMT
Name
Value
Action
RSI(14)
74.599
Buy
STOCH(9,6)
74.677
Buy
STOCHRSI(14)
3.208
Oversold
MACD(12,26)
0.003
Buy
ADX(14)
39.163
Buy
Williams %R
-21.297
Buy
CCI(14)
71.0654
Buy
ATR(14)
0.0013
Less Volatility
Highs/Lows(14)
0.0004
Buy
Ultimate Oscillator
51.476
Buy
ROC
0.339
Buy
Bull/Bear Power(13)
0.0034
Buy
Buy: 10
Sell: 0
Neutral: 0


Summary:Strong Buy","Jun 17, 2021 11:12PM GMT"
nzd_chf,0.6440 +0.0021    +0.32%,19:12:43,2021-06-17 23:13:11.037490,"Prev. Close: 0.6419
Bid/Ask: 0.6439 / 0.6440
Day's Range: 0.6421 - 0.6441",Strong Buy,"Summary:Strong Buy
Moving Averages:BuyBuy (12)Sell (0)
Technical Indicators:Strong BuyBuy (6)Sell (3)","Name
S3
S2
S1
Pivot Points
R1
R2
R3
Classic
0.6417
0.6422
0.6429
0.6434
0.6441
0.6446
0.6454
Fibonacci
0.6422
0.6426
0.6429
0.6434
0.6439
0.6442
0.6446
Camarilla
0.6434
0.6435
0.6436
0.6434
0.6439
0.6440
0.6441
Woodie's
0.6419
0.6423
0.6431
0.6435
0.6443
0.6447
0.6456
DeMark's
-
-
0.6432
0.6435
0.6444
-
-","Technical IndicatorsJun 17, 2021 11:12PM GMT
Name
Value
Action
RSI(14)
59.935
Buy
STOCH(9,6)
65.797
Buy
STOCHRSI(14)
100.000
Overbought
MACD(12,26)
0.000
Buy
ADX(14)
26.480
Sell
Williams %R
-11.843
Overbought
CCI(14)
188.5091
Buy
ATR(14)
0.0012
Less Volatility
Highs/Lows(14)
0.0008
Buy
Ultimate Oscillator
45.097
Sell
ROC
-0.016
Sell
Bull/Bear Power(13)
0.0016
Buy
Buy: 6
Sell: 3
Neutral: 0


Summary:Strong Buy","Jun 17, 2021 11:12PM GMT"
usd_cny,6.4484 +0.0515    +0.80%,11:27:22,2021-06-17 23:13:11.040536,"Prev. Close: 6.3969
Bid/Ask: 6.4477 / 6.4490
Day's Range: 6.3972 - 6.4494",Strong Buy,"Summary:Strong Buy
Moving Averages:BuyBuy (12)Sell (0)
Technical Indicators:Strong BuyBuy (7)Sell (0)","Name
S3
S2
S1
Pivot Points
R1
R2
R3
Classic
6.4380
6.4399
6.4436
6.4455
6.4492
6.4511
6.4548
Fibonacci
6.4399
6.4420
6.4434
6.4455
6.4476
6.4490
6.4511
Camarilla
6.4458
6.4463
6.4468
6.4455
6.4479
6.4484
6.4489
Woodie's
6.4390
6.4404
6.4446
6.4460
6.4502
6.4516
6.4558
DeMark's
-
-
6.4446
6.4460
6.4502
-
-","Technical IndicatorsJun 17, 2021 03:34PM GMT
Name
Value
Action
RSI(14)
85.433
Overbought
STOCH(9,6)
77.649
Buy
STOCHRSI(14)
100.000
Overbought
MACD(12,26)
0.011
Buy
ADX(14)
61.337
Buy
Williams %R
-3.426
Overbought
CCI(14)
151.8010
Buy
ATR(14)
0.0041
Less Volatility
Highs/Lows(14)
0.0141
Buy
Ultimate Oscillator
82.973
Overbought
ROC
0.391
Buy
Bull/Bear Power(13)
0.0286
Buy
Buy: 7
Sell: 0
Neutral: 0


Summary:Strong Buy","Jun 17, 2021 03:34PM GMT"
usd_hkd,7.7648 +0.0003    +0.00%,19:12:33,2021-06-17 23:13:11.043586,"Prev. Close: 7.7644
Bid/Ask: 7.7647 / 7.7648
Day's Range: 7.7641 - 7.7652",Strong Buy,"Summary:Strong Buy
Moving Averages:BuyBuy (12)Sell (0)
Technical Indicators:Strong BuyBuy (6)Sell (3)","Name
S3
S2
S1
Pivot Points
R1
R2
R3
Classic
7.7629
7.7635
7.7640
7.7646
7.7651
7.7657
7.7663
Fibonacci
7.7635
7.7639
7.7642
7.7646
7.7650
7.7653
7.7657
Camarilla
7.7643
7.7644
7.7645
7.7646
7.7648
7.7649
7.7650
Woodie's
7.7629
7.7635
7.7640
7.7646
7.7651
7.7657
7.7663
DeMark's
-
-
7.7638
7.7645
7.7649
-
-","Technical IndicatorsJun 17, 2021 11:12PM GMT
Name
Value
Action
RSI(14)
56.374
Buy
STOCH(9,6)
65.055
Buy
STOCHRSI(14)
41.379
Sell
MACD(12,26)
0.000
Buy
ADX(14)
25.688
Neutral
Williams %R
-39.473
Buy
CCI(14)
51.8541
Buy
ATR(14)
0.0007
Less Volatility
Highs/Lows(14)
0.0000
Neutral
Ultimate Oscillator
59.443
Buy
ROC
-0.002
Sell
Bull/Bear Power(13)
-0.0006
Sell
Buy: 6
Sell: 3
Neutral: 2


Summary:Strong Buy","Jun 17, 2021 11:12PM GMT"
eur_usd,1.1913 +0.0006    +0.05%,19:13:33,2021-06-17 23:14:10.515243,"Prev. Close: 1.1906
Bid/Ask: 1.1912 / 1.1913
Day's Range: 1.1906 - 1.1914",Strong Sell,"Summary:Strong Sell
Moving Averages:SellBuy (3)Sell (9)
Technical Indicators:Strong SellBuy (0)Sell (8)","Name
S3
S2
S1
Pivot Points
R1
R2
R3
Classic
1.1900
1.1903
1.1907
1.1910
1.1914
1.1917
1.1921
Fibonacci
1.1903
1.1906
1.1907
1.1910
1.1913
1.1914
1.1917
Camarilla
1.1910
1.1910
1.1911
1.1910
1.1912
1.1913
1.1913
Woodie's
1.1902
1.1904
1.1909
1.1911
1.1916
1.1918
1.1923
DeMark's
-
-
1.1909
1.1911
1.1916
-
-","Technical IndicatorsJun 17, 2021 11:12PM GMT
Name
Value
Action
RSI(14)
30.980
Sell
STOCH(9,6)
29.398
Sell
STOCHRSI(14)
100.000
Overbought
MACD(12,26)
-0.003
Sell
ADX(14)
36.588
Sell
Williams %R
-67.213
Sell
CCI(14)
-49.4188
Neutral
ATR(14)
0.0016
Less Volatility
Highs/Lows(14)
0.0000
Neutral
Ultimate Oscillator
44.442
Sell
ROC
-0.318
Sell
Bull/Bear Power(13)
-0.0016
Sell
Buy: 0
Sell: 8
Neutral: 2


Summary:Strong Sell","Jun 17, 2021 11:12PM GMT"
gbp_usd,1.3934 +0.0015    +0.11%,19:13:35,2021-06-17 23:14:10.519510,"Prev. Close: 1.3919
Bid/Ask: 1.3932 / 1.3936
Day's Range: 1.3915 - 1.3935",Sell,"Summary:Sell
Moving Averages:SellBuy (4)Sell (8)
Technical Indicators:SellBuy (1)Sell (5)","Name
S3
S2
S1
Pivot Points
R1
R2
R3
Classic
1.3914
1.3918
1.3925
1.3930
1.3937
1.3942
1.3949
Fibonacci
1.3918
1.3923
1.3926
1.3930
1.3934
1.3937
1.3942
Camarilla
1.3929
1.3930
1.3931
1.3930
1.3934
1.3935
1.3936
Woodie's
1.3916
1.3919
1.3927
1.3931
1.3939
1.3943
1.3951
DeMark's
-
-
1.3928
1.3931
1.3939
-
-","Technical IndicatorsJun 17, 2021 11:12PM GMT
Name
Value
Action
RSI(14)
40.409
Sell
STOCH(9,6)
45.671
Neutral
STOCHRSI(14)
100.000
Overbought
MACD(12,26)
-0.003
Sell
ADX(14)
38.045
Sell
Williams %R
-53.126
Neutral
CCI(14)
-2.8460
Neutral
ATR(14)
0.0023
Less Volatility
Highs/Lows(14)
0.0000
Neutral
Ultimate Oscillator
51.172
Buy
ROC
-0.290
Sell
Bull/Bear Power(13)
-0.0013
Sell
Buy: 1
Sell: 5
Neutral: 4


Summary:Sell","Jun 17, 2021 11:12PM GMT"
usd_jpy,110.27 +0.07    +0.06%,19:13:38,2021-06-17 23:14:10.523005,"Prev. Close: 110.20
Bid/Ask: 110.26 / 110.28
Day's Range: 110.17 - 110.83",Neutral,"Summary:Neutral
Moving Averages:BuyBuy (7)Sell (5)
Technical Indicators:Strong SellBuy (1)Sell (8)","Name
S3
S2
S1
Pivot Points
R1
R2
R3
Classic
110.18
110.21
110.25
110.27
110.31
110.33
110.37
Fibonacci
110.21
110.23
110.25
110.27
110.29
110.31
110.33
Camarilla
110.26
110.26
110.27
110.27
110.28
110.29
110.29
Woodie's
110.18
110.21
110.25
110.27
110.31
110.33
110.37
DeMark's
-
-
110.26
110.28
110.32
-
-","Technical IndicatorsJun 17, 2021 11:12PM GMT
Name
Value
Action
RSI(14)
43.455
Sell
STOCH(9,6)
25.324
Sell
STOCHRSI(14)
18.912
Oversold
MACD(12,26)
-0.030
Sell
ADX(14)
27.319
Buy
Williams %R
-83.194
Oversold
CCI(14)
-50.8148
Sell
ATR(14)
0.1143
Less Volatility
Highs/Lows(14)
-0.0393
Sell
Ultimate Oscillator
41.294
Sell
ROC
-0.384
Sell
Bull/Bear Power(13)
-0.1190
Sell
Buy: 1
Sell: 8
Neutral: 0


Summary:Strong Sell","Jun 17, 2021 11:12PM GMT"
aud_usd,0.7558 +0.0008    +0.10%,19:13:38,2021-06-17 23:14:10.526231,"Prev. Close: 0.7550
Bid/Ask: 0.7557 / 0.7558
Day's Range: 0.7547 - 0.7560",Strong Sell,"Summary:Strong Sell
Moving Averages:SellBuy (3)Sell (9)
Technical Indicators:Strong SellBuy (0)Sell (8)","Name
S3
S2
S1
Pivot Points
R1
R2
R3
Classic
0.7545
0.7548
0.7554
0.7557
0.7563
0.7566
0.7572
Fibonacci
0.7548
0.7551
0.7554
0.7557
0.7560
0.7563
0.7566
Camarilla
0.7556
0.7557
0.7558
0.7557
0.7559
0.7560
0.7561
Woodie's
0.7545
0.7548
0.7554
0.7557
0.7563
0.7566
0.7572
DeMark's
-
-
0.7555
0.7557
0.7563
-
-","Technical IndicatorsJun 17, 2021 11:12PM GMT
Name
Value
Action
RSI(14)
33.402
Sell
STOCH(9,6)
32.978
Sell
STOCHRSI(14)
98.841
Overbought
MACD(12,26)
-0.002
Sell
ADX(14)
49.534
Sell
Williams %R
-68.376
Sell
CCI(14)
-38.4040
Neutral
ATR(14)
0.0015
Less Volatility
Highs/Lows(14)
0.0000
Neutral
Ultimate Oscillator
45.914
Sell
ROC
-0.500
Sell
Bull/Bear Power(13)
-0.0006
Sell
Buy: 0
Sell: 8
Neutral: 2


Summary:Strong Sell","Jun 17, 2021 11:12PM GMT"
eur_gbp,0.8550 -0.0001    -0.02%,19:13:41,2021-06-17 23:14:10.529464,"Prev. Close: 0.8551
Bid/Ask: 0.8547 / 0.8552
Day's Range: 0.8548 - 0.8557",Strong Sell,"Summary:Strong Sell
Moving Averages:Strong SellBuy (0)Sell (12)
Technical Indicators:Strong SellBuy (1)Sell (7)","Name
S3
S2
S1
Pivot Points
R1
R2
R3
Classic
0.8540
0.8544
0.8546
0.8550
0.8553
0.8556
0.8559
Fibonacci
0.8544
0.8546
0.8548
0.8550
0.8552
0.8554
0.8556
Camarilla
0.8548
0.8548
0.8549
0.8550
0.8550
0.8551
0.8551
Woodie's
0.8540
0.8544
0.8546
0.8550
0.8553
0.8556
0.8559
DeMark's
-
-
0.8545
0.8549
0.8552
-
-","Technical IndicatorsJun 17, 2021 11:12PM GMT
Name
Value
Action
RSI(14)
35.664
Sell
STOCH(9,6)
26.963
Sell
STOCHRSI(14)
20.660
Oversold
MACD(12,26)
-0.001
Sell
ADX(14)
30.896
Buy
Williams %R
-83.333
Oversold
CCI(14)
-135.6611
Sell
ATR(14)
0.0010
Less Volatility
Highs/Lows(14)
-0.0002
Sell
Ultimate Oscillator
49.146
Neutral
ROC
-0.035
Sell
Bull/Bear Power(13)
-0.0023
Sell
Buy: 1
Sell: 7
Neutral: 1


Summary:Strong Sell","Jun 17, 2021 11:12PM GMT"
usd_cad,1.2344 -0.0018    -0.14%,19:13:42,2021-06-17 23:14:10.532600,"Prev. Close: 1.2361
Bid/Ask: 1.2343 / 1.2344
Day's Range: 1.2340 - 1.2368",Strong Buy,"Summary:Strong Buy
Moving Averages:BuyBuy (8)Sell (4)
Technical Indicators:Strong BuyBuy (8)Sell (0)","Name
S3
S2
S1
Pivot Points
R1
R2
R3
Classic
1.2323
1.2333
1.2339
1.2348
1.2354
1.2363
1.2369
Fibonacci
1.2333
1.2338
1.2342
1.2348
1.2354
1.2358
1.2363
Camarilla
1.2341
1.2342
1.2344
1.2348
1.2346
1.2348
1.2349
Woodie's
1.2321
1.2332
1.2337
1.2347
1.2352
1.2362
1.2367
DeMark's
-
-
1.2336
1.2347
1.2351
-
-","Technical IndicatorsJun 17, 2021 11:13PM GMT
Name
Value
Action
RSI(14)
63.179
Buy
STOCH(9,6)
66.576
Buy
STOCHRSI(14)
0.000
Oversold
MACD(12,26)
0.003
Buy
ADX(14)
42.797
Buy
Williams %R
-41.213
Buy
CCI(14)
9.0311
Neutral
ATR(14)
0.0023
Less Volatility
Highs/Lows(14)
0.0000
Neutral
Ultimate Oscillator
64.727
Buy
ROC
0.183
Buy
Bull/Bear Power(13)
0.0006
Buy
Buy: 8
Sell: 0
Neutral: 2


Summary:Strong Buy","Jun 17, 2021 11:13PM GMT"
usd_chf,0.9176 +0.0003    +0.03%,19:13:42,2021-06-17 23:14:10.535764,"Prev. Close: 0.9173
Bid/Ask: 0.9172 / 0.9180
Day's Range: 0.9169 - 0.9183",Strong Buy,"Summary:Strong Buy
Moving Averages:BuyBuy (12)Sell (0)
Technical Indicators:Strong BuyBuy (10)Sell (0)","Name
S3
S2
S1
Pivot Points
R1
R2
R3
Classic
0.9170
0.9172
0.9174
0.9176
0.9178
0.9180
0.9182
Fibonacci
0.9172
0.9174
0.9174
0.9176
0.9178
0.9178
0.9180
Camarilla
0.9174
0.9174
0.9175
0.9176
0.9175
0.9176
0.9176
Woodie's
0.9170
0.9172
0.9174
0.9176
0.9178
0.9180
0.9182
DeMark's
-
-
0.9172
0.9175
0.9176
-
-","Technical IndicatorsJun 17, 2021 11:12PM GMT
Name
Value
Action
RSI(14)
74.599
Buy
STOCH(9,6)
74.677
Buy
STOCHRSI(14)
3.208
Oversold
MACD(12,26)
0.003
Buy
ADX(14)
39.163
Buy
Williams %R
-21.297
Buy
CCI(14)
71.0654
Buy
ATR(14)
0.0013
Less Volatility
Highs/Lows(14)
0.0004
Buy
Ultimate Oscillator
51.476
Buy
ROC
0.339
Buy
Bull/Bear Power(13)
0.0034
Buy
Buy: 10
Sell: 0
Neutral: 0


Summary:Strong Buy","Jun 17, 2021 11:12PM GMT"
nzd_chf,0.6440 +0.0021    +0.32%,19:13:42,2021-06-17 23:14:10.538827,"Prev. Close: 0.6419
Bid/Ask: 0.6436 / 0.6443
Day's Range: 0.6421 - 0.6441",Strong Buy,"Summary:Strong Buy
Moving Averages:BuyBuy (12)Sell (0)
Technical Indicators:Strong BuyBuy (6)Sell (3)","Name
S3
S2
S1
Pivot Points
R1
R2
R3
Classic
0.6417
0.6422
0.6429
0.6434
0.6441
0.6446
0.6454
Fibonacci
0.6422
0.6426
0.6429
0.6434
0.6439
0.6442
0.6446
Camarilla
0.6434
0.6435
0.6436
0.6434
0.6439
0.6440
0.6441
Woodie's
0.6419
0.6423
0.6431
0.6435
0.6443
0.6447
0.6456
DeMark's
-
-
0.6432
0.6435
0.6444
-
-","Technical IndicatorsJun 17, 2021 11:12PM GMT
Name
Value
Action
RSI(14)
59.935
Buy
STOCH(9,6)
65.797
Buy
STOCHRSI(14)
100.000
Overbought
MACD(12,26)
0.000
Buy
ADX(14)
26.480
Sell
Williams %R
-11.843
Overbought
CCI(14)
188.5091
Buy
ATR(14)
0.0012
Less Volatility
Highs/Lows(14)
0.0008
Buy
Ultimate Oscillator
45.097
Sell
ROC
-0.016
Sell
Bull/Bear Power(13)
0.0016
Buy
Buy: 6
Sell: 3
Neutral: 0


Summary:Strong Buy","Jun 17, 2021 11:12PM GMT"
usd_cny,6.4484 +0.0515    +0.80%,11:27:22,2021-06-17 23:14:10.541835,"Prev. Close: 6.3969
Bid/Ask: 6.4477 / 6.4490
Day's Range: 6.3972 - 6.4494",Strong Buy,"Summary:Strong Buy
Moving Averages:BuyBuy (12)Sell (0)
Technical Indicators:Strong BuyBuy (7)Sell (0)","Name
S3
S2
S1
Pivot Points
R1
R2
R3
Classic
6.4380
6.4399
6.4436
6.4455
6.4492
6.4511
6.4548
Fibonacci
6.4399
6.4420
6.4434
6.4455
6.4476
6.4490
6.4511
Camarilla
6.4458
6.4463
6.4468
6.4455
6.4479
6.4484
6.4489
Woodie's
6.4390
6.4404
6.4446
6.4460
6.4502
6.4516
6.4558
DeMark's
-
-
6.4446
6.4460
6.4502
-
-","Technical IndicatorsJun 17, 2021 03:34PM GMT
Name
Value
Action
RSI(14)
85.433
Overbought
STOCH(9,6)
77.649
Buy
STOCHRSI(14)
100.000
Overbought
MACD(12,26)
0.011
Buy
ADX(14)
61.337
Buy
Williams %R
-3.426
Overbought
CCI(14)
151.8010
Buy
ATR(14)
0.0041
Less Volatility
Highs/Lows(14)
0.0141
Buy
Ultimate Oscillator
82.973
Overbought
ROC
0.391
Buy
Bull/Bear Power(13)
0.0286
Buy
Buy: 7
Sell: 0
Neutral: 0


Summary:Strong Buy","Jun 17, 2021 03:34PM GMT"
usd_hkd,7.7648 +0.0003    +0.00%,19:13:33,2021-06-17 23:14:10.544867,"Prev. Close: 7.7644
Bid/Ask: 7.7647 / 7.7648
Day's Range: 7.7641 - 7.7652",Strong Buy,"Summary:Strong Buy
Moving Averages:BuyBuy (12)Sell (0)
Technical Indicators:Strong BuyBuy (6)Sell (3)","Name
S3
S2
S1
Pivot Points
R1
R2
R3
Classic
7.7629
7.7635
7.7640
7.7646
7.7651
7.7657
7.7663
Fibonacci
7.7635
7.7639
7.7642
7.7646
7.7650
7.7653
7.7657
Camarilla
7.7643
7.7644
7.7645
7.7646
7.7648
7.7649
7.7650
Woodie's
7.7629
7.7635
7.7640
7.7646
7.7651
7.7657
7.7663
DeMark's
-
-
7.7638
7.7645
7.7649
-
-","Technical IndicatorsJun 17, 2021 11:12PM GMT
Name
Value
Action
RSI(14)
56.374
Buy
STOCH(9,6)
65.055
Buy
STOCHRSI(14)
41.379
Sell
MACD(12,26)
0.000
Buy
ADX(14)
25.688
Neutral
Williams %R
-39.473
Buy
CCI(14)
51.8541
Buy
ATR(14)
0.0007
Less Volatility
Highs/Lows(14)
0.0000
Neutral
Ultimate Oscillator
59.443
Buy
ROC
-0.002
Sell
Bull/Bear Power(13)
-0.0006
Sell
Buy: 6
Sell: 3
Neutral: 2


Summary:Strong Buy","Jun 17, 2021 11:12PM GMT"
eur_usd,1.1913 +0.0006    +0.05%,19:14:29,2021-06-17 23:15:10.023368,"Prev. Close: 1.1906
Bid/Ask: 1.1912 / 1.1913
Day's Range: 1.1906 - 1.1914",Strong Sell,"Summary:Strong Sell
Moving Averages:SellBuy (3)Sell (9)
Technical Indicators:Strong SellBuy (0)Sell (8)","Name
S3
S2
S1
Pivot Points
R1
R2
R3
Classic
1.1900
1.1903
1.1907
1.1910
1.1914
1.1917
1.1921
Fibonacci
1.1903
1.1906
1.1907
1.1910
1.1913
1.1914
1.1917
Camarilla
1.1910
1.1910
1.1911
1.1910
1.1912
1.1913
1.1913
Woodie's
1.1902
1.1904
1.1909
1.1911
1.1916
1.1918
1.1923
DeMark's
-
-
1.1909
1.1911
1.1916
-
-","Technical IndicatorsJun 17, 2021 11:14PM GMT
Name
Value
Action
RSI(14)
31.267
Sell
STOCH(9,6)
29.562
Sell
STOCHRSI(14)
100.000
Overbought
MACD(12,26)
-0.003
Sell
ADX(14)
36.588
Sell
Williams %R
-66.394
Sell
CCI(14)
-47.7566
Neutral
ATR(14)
0.0016
Less Volatility
Highs/Lows(14)
0.0000
Neutral
Ultimate Oscillator
44.698
Sell
ROC
-0.314
Sell
Bull/Bear Power(13)
-0.0015
Sell
Buy: 0
Sell: 8
Neutral: 2


Summary:Strong Sell","Jun 17, 2021 11:14PM GMT"
gbp_usd,1.3935 +0.0015    +0.11%,19:14:46,2021-06-17 23:15:10.027562,"Prev. Close: 1.3919
Bid/Ask: 1.3934 / 1.3935
Day's Range: 1.3915 - 1.3935",Sell,"Summary:Sell
Moving Averages:SellBuy (4)Sell (8)
Technical Indicators:SellBuy (1)Sell (5)","Name
S3
S2
S1
Pivot Points
R1
R2
R3
Classic
1.3914
1.3918
1.3925
1.3930
1.3937
1.3942
1.3949
Fibonacci
1.3918
1.3923
1.3926
1.3930
1.3934
1.3937
1.3942
Camarilla
1.3929
1.3930
1.3931
1.3930
1.3934
1.3935
1.3936
Woodie's
1.3916
1.3919
1.3927
1.3931
1.3939
1.3943
1.3951
DeMark's
-
-
1.3928
1.3931
1.3939
-
-","Technical IndicatorsJun 17, 2021 11:14PM GMT
Name
Value
Action
RSI(14)
40.786
Sell
STOCH(9,6)
45.961
Neutral
STOCHRSI(14)
100.000
Overbought
MACD(12,26)
-0.003
Sell
ADX(14)
38.045
Sell
Williams %R
-51.875
Neutral
CCI(14)
-0.9046
Neutral
ATR(14)
0.0023
Less Volatility
Highs/Lows(14)
0.0000
Neutral
Ultimate Oscillator
51.893
Buy
ROC
-0.283
Sell
Bull/Bear Power(13)
-0.0013
Sell
Buy: 1
Sell: 5
Neutral: 4


Summary:Sell","Jun 17, 2021 11:14PM GMT"
usd_jpy,110.27 +0.07    +0.06%,19:14:41,2021-06-17 23:15:10.030812,"Prev. Close: 110.20
Bid/Ask: 110.26 / 110.27
Day's Range: 110.17 - 110.83",Neutral,"Summary:Neutral
Moving Averages:BuyBuy (7)Sell (5)
Technical Indicators:Strong SellBuy (1)Sell (8)","Name
S3
S2
S1
Pivot Points
R1
R2
R3
Classic
110.18
110.21
110.25
110.27
110.31
110.33
110.37
Fibonacci
110.21
110.23
110.25
110.27
110.29
110.31
110.33
Camarilla
110.26
110.26
110.27
110.27
110.28
110.29
110.29
Woodie's
110.18
110.21
110.25
110.27
110.31
110.33
110.37
DeMark's
-
-
110.26
110.28
110.32
-
-","Technical IndicatorsJun 17, 2021 11:14PM GMT
Name
Value
Action
RSI(14)
43.185
Sell
STOCH(9,6)
24.897
Sell
STOCHRSI(14)
17.928
Oversold
MACD(12,26)
-0.030
Sell
ADX(14)
27.319
Buy
Williams %R
-84.033
Oversold
CCI(14)
-52.2002
Sell
ATR(14)
0.1146
Less Volatility
Highs/Lows(14)
-0.0439
Sell
Ultimate Oscillator
40.999
Sell
ROC
-0.388
Sell
Bull/Bear Power(13)
-0.1220
Sell
Buy: 1
Sell: 8
Neutral: 0


Summary:Strong Sell","Jun 17, 2021 11:14PM GMT"
aud_usd,0.7558 +0.0008    +0.10%,19:14:14,2021-06-17 23:15:10.034058,"Prev. Close: 0.7550
Bid/Ask: 0.7557 / 0.7558
Day's Range: 0.7547 - 0.7560",Strong Sell,"Summary:Strong Sell
Moving Averages:SellBuy (3)Sell (9)
Technical Indicators:Strong SellBuy (0)Sell (8)","Name
S3
S2
S1
Pivot Points
R1
R2
R3
Classic
0.7545
0.7548
0.7554
0.7557
0.7563
0.7566
0.7572
Fibonacci
0.7548
0.7551
0.7554
0.7557
0.7560
0.7563
0.7566
Camarilla
0.7556
0.7557
0.7558
0.7557
0.7559
0.7560
0.7561
Woodie's
0.7545
0.7548
0.7554
0.7557
0.7563
0.7566
0.7572
DeMark's
-
-
0.7555
0.7557
0.7563
-
-","Technical IndicatorsJun 17, 2021 11:14PM GMT
Name
Value
Action
RSI(14)
33.402
Sell
STOCH(9,6)
32.978
Sell
STOCHRSI(14)
98.841
Overbought
MACD(12,26)
-0.002
Sell
ADX(14)
49.534
Sell
Williams %R
-68.376
Sell
CCI(14)
-38.4040
Neutral
ATR(14)
0.0015
Less Volatility
Highs/Lows(14)
0.0000
Neutral
Ultimate Oscillator
45.914
Sell
ROC
-0.500
Sell
Bull/Bear Power(13)
-0.0006
Sell
Buy: 0
Sell: 8
Neutral: 2


Summary:Strong Sell","Jun 17, 2021 11:14PM GMT"
eur_gbp,0.8550 -0.0001    -0.02%,19:14:50,2021-06-17 23:15:10.037084,"Prev. Close: 0.8551
Bid/Ask: 0.8548 / 0.8551
Day's Range: 0.8548 - 0.8557",Strong Sell,"Summary:Strong Sell
Moving Averages:Strong SellBuy (0)Sell (12)
Technical Indicators:Strong SellBuy (1)Sell (7)","Name
S3
S2
S1
Pivot Points
R1
R2
R3
Classic
0.8540
0.8544
0.8546
0.8550
0.8553
0.8556
0.8559
Fibonacci
0.8544
0.8546
0.8548
0.8550
0.8552
0.8554
0.8556
Camarilla
0.8548
0.8548
0.8549
0.8550
0.8550
0.8551
0.8551
Woodie's
0.8540
0.8544
0.8546
0.8550
0.8553
0.8556
0.8559
DeMark's
-
-
0.8545
0.8549
0.8552
-
-","Technical IndicatorsJun 17, 2021 11:14PM GMT
Name
Value
Action
RSI(14)
35.664
Sell
STOCH(9,6)
26.963
Sell
STOCHRSI(14)
20.660
Oversold
MACD(12,26)
-0.001
Sell
ADX(14)
30.896
Buy
Williams %R
-83.333
Oversold
CCI(14)
-135.6611
Sell
ATR(14)
0.0010
Less Volatility
Highs/Lows(14)
-0.0002
Sell
Ultimate Oscillator
49.146
Neutral
ROC
-0.035
Sell
Bull/Bear Power(13)
-0.0023
Sell
Buy: 1
Sell: 7
Neutral: 1


Summary:Strong Sell","Jun 17, 2021 11:14PM GMT"
usd_cad,1.2344 -0.0018    -0.14%,19:14:53,2021-06-17 23:15:10.040085,"Prev. Close: 1.2361
Bid/Ask: 1.2343 / 1.2344
Day's Range: 1.2340 - 1.2368",Strong Buy,"Summary:Strong Buy
Moving Averages:BuyBuy (8)Sell (4)
Technical Indicators:Strong BuyBuy (8)Sell (0)","Name
S3
S2
S1
Pivot Points
R1
R2
R3
Classic
1.2323
1.2333
1.2339
1.2348
1.2354
1.2363
1.2369
Fibonacci
1.2333
1.2338
1.2342
1.2348
1.2354
1.2358
1.2363
Camarilla
1.2341
1.2342
1.2344
1.2348
1.2346
1.2348
1.2349
Woodie's
1.2321
1.2332
1.2337
1.2347
1.2352
1.2362
1.2367
DeMark's
-
-
1.2336
1.2347
1.2351
-
-","Technical IndicatorsJun 17, 2021 11:13PM GMT
Name
Value
Action
RSI(14)
63.179
Buy
STOCH(9,6)
66.576
Buy
STOCHRSI(14)
0.000
Oversold
MACD(12,26)
0.003
Buy
ADX(14)
42.797
Buy
Williams %R
-41.213
Buy
CCI(14)
9.0311
Neutral
ATR(14)
0.0023
Less Volatility
Highs/Lows(14)
0.0000
Neutral
Ultimate Oscillator
64.727
Buy
ROC
0.183
Buy
Bull/Bear Power(13)
0.0006
Buy
Buy: 8
Sell: 0
Neutral: 2


Summary:Strong Buy","Jun 17, 2021 11:13PM GMT"
usd_chf,0.9176 +0.0003    +0.03%,19:14:30,2021-06-17 23:15:10.043094,"Prev. Close: 0.9173
Bid/Ask: 0.9172 / 0.9180
Day's Range: 0.9169 - 0.9183",Strong Buy,"Summary:Strong Buy
Moving Averages:BuyBuy (12)Sell (0)
Technical Indicators:Strong BuyBuy (10)Sell (0)","Name
S3
S2
S1
Pivot Points
R1
R2
R3
Classic
0.9170
0.9172
0.9174
0.9176
0.9178
0.9180
0.9182
Fibonacci
0.9172
0.9174
0.9174
0.9176
0.9178
0.9178
0.9180
Camarilla
0.9174
0.9174
0.9175
0.9176
0.9175
0.9176
0.9176
Woodie's
0.9170
0.9172
0.9174
0.9176
0.9178
0.9180
0.9182
DeMark's
-
-
0.9172
0.9175
0.9176
-
-","Technical IndicatorsJun 17, 2021 11:12PM GMT
Name
Value
Action
RSI(14)
74.599
Buy
STOCH(9,6)
74.677
Buy
STOCHRSI(14)
3.208
Oversold
MACD(12,26)
0.003
Buy
ADX(14)
39.163
Buy
Williams %R
-21.297
Buy
CCI(14)
71.0654
Buy
ATR(14)
0.0013
Less Volatility
Highs/Lows(14)
0.0004
Buy
Ultimate Oscillator
51.476
Buy
ROC
0.339
Buy
Bull/Bear Power(13)
0.0034
Buy
Buy: 10
Sell: 0
Neutral: 0


Summary:Strong Buy","Jun 17, 2021 11:12PM GMT"
nzd_chf,0.6440 +0.0021    +0.33%,19:14:56,2021-06-17 23:15:10.046094,"Prev. Close: 0.6419
Bid/Ask: 0.6437 / 0.6443
Day's Range: 0.6421 - 0.6441",Strong Buy,"Summary:Strong Buy
Moving Averages:BuyBuy (12)Sell (0)
Technical Indicators:Strong BuyBuy (6)Sell (3)","Name
S3
S2
S1
Pivot Points
R1
R2
R3
Classic
0.6417
0.6422
0.6429
0.6434
0.6441
0.6446
0.6454
Fibonacci
0.6422
0.6426
0.6429
0.6434
0.6439
0.6442
0.6446
Camarilla
0.6434
0.6435
0.6436
0.6434
0.6439
0.6440
0.6441
Woodie's
0.6419
0.6423
0.6431
0.6435
0.6443
0.6447
0.6456
DeMark's
-
-
0.6432
0.6435
0.6444
-
-","Technical IndicatorsJun 17, 2021 11:14PM GMT
Name
Value
Action
RSI(14)
59.935
Buy
STOCH(9,6)
65.797
Buy
STOCHRSI(14)
100.000
Overbought
MACD(12,26)
0.000
Buy
ADX(14)
26.480
Sell
Williams %R
-11.843
Overbought
CCI(14)
188.5091
Buy
ATR(14)
0.0012
Less Volatility
Highs/Lows(14)
0.0008
Buy
Ultimate Oscillator
45.097
Sell
ROC
-0.016
Sell
Bull/Bear Power(13)
0.0016
Buy
Buy: 6
Sell: 3
Neutral: 0


Summary:Strong Buy","Jun 17, 2021 11:14PM GMT"
usd_cny,6.4484 +0.0515    +0.80%,11:27:22,2021-06-17 23:15:10.049114,"Prev. Close: 6.3969
Bid/Ask: 6.4477 / 6.4490
Day's Range: 6.3972 - 6.4494",Strong Buy,"Summary:Strong Buy
Moving Averages:BuyBuy (12)Sell (0)
Technical Indicators:Strong BuyBuy (7)Sell (0)","Name
S3
S2
S1
Pivot Points
R1
R2
R3
Classic
6.4380
6.4399
6.4436
6.4455
6.4492
6.4511
6.4548
Fibonacci
6.4399
6.4420
6.4434
6.4455
6.4476
6.4490
6.4511
Camarilla
6.4458
6.4463
6.4468
6.4455
6.4479
6.4484
6.4489
Woodie's
6.4390
6.4404
6.4446
6.4460
6.4502
6.4516
6.4558
DeMark's
-
-
6.4446
6.4460
6.4502
-
-","Technical IndicatorsJun 17, 2021 03:34PM GMT
Name
Value
Action
RSI(14)
85.433
Overbought
STOCH(9,6)
77.649
Buy
STOCHRSI(14)
100.000
Overbought
MACD(12,26)
0.011
Buy
ADX(14)
61.337
Buy
Williams %R
-3.426
Overbought
CCI(14)
151.8010
Buy
ATR(14)
0.0041
Less Volatility
Highs/Lows(14)
0.0141
Buy
Ultimate Oscillator
82.973
Overbought
ROC
0.391
Buy
Bull/Bear Power(13)
0.0286
Buy
Buy: 7
Sell: 0
Neutral: 0


Summary:Strong Buy","Jun 17, 2021 03:34PM GMT"
usd_hkd,7.7648 +0.0003    +0.00%,19:14:34,2021-06-17 23:15:10.052116,"Prev. Close: 7.7644
Bid/Ask: 7.7647 / 7.7648
Day's Range: 7.7641 - 7.7652",Buy,"Summary:Buy
Moving Averages:BuyBuy (12)Sell (0)
Technical Indicators:BUYBuy (5)Sell (3)","Name
S3
S2
S1
Pivot Points
R1
R2
R3
Classic
7.7629
7.7635
7.7640
7.7646
7.7651
7.7657
7.7663
Fibonacci
7.7635
7.7639
7.7642
7.7646
7.7650
7.7653
7.7657
Camarilla
7.7643
7.7644
7.7645
7.7646
7.7648
7.7649
7.7650
Woodie's
7.7629
7.7635
7.7640
7.7646
7.7651
7.7657
7.7663
DeMark's
-
-
7.7638
7.7645
7.7649
-
-","Technical IndicatorsJun 17, 2021 11:14PM GMT
Name
Value
Action
RSI(14)
55.954
Buy
STOCH(9,6)
64.499
Buy
STOCHRSI(14)
38.551
Sell
MACD(12,26)
0.000
Buy
ADX(14)
25.688
Neutral
Williams %R
-42.108
Buy
CCI(14)
47.7972
Neutral
ATR(14)
0.0007
Less Volatility
Highs/Lows(14)
0.0000
Neutral
Ultimate Oscillator
58.522
Buy
ROC
-0.003
Sell
Bull/Bear Power(13)
-0.0006
Sell
Buy: 5
Sell: 3
Neutral: 3


Summary:BUY","Jun 17, 2021 11:14PM GMT"
eur_usd,1.1913 +0.0006    +0.05%,19:15:34,2021-06-17 23:16:10.214500,"Prev. Close: 1.1906
Bid/Ask: 1.1912 / 1.1913
Day's Range: 1.1906 - 1.1914",Strong Sell,"Summary:Strong Sell
Moving Averages:SellBuy (3)Sell (9)
Technical Indicators:Strong SellBuy (0)Sell (8)","Name
S3
S2
S1
Pivot Points
R1
R2
R3
Classic
1.1900
1.1903
1.1907
1.1910
1.1914
1.1917
1.1921
Fibonacci
1.1903
1.1906
1.1907
1.1910
1.1913
1.1914
1.1917
Camarilla
1.1910
1.1910
1.1911
1.1910
1.1912
1.1913
1.1913
Woodie's
1.1902
1.1904
1.1909
1.1911
1.1916
1.1918
1.1923
DeMark's
-
-
1.1909
1.1911
1.1916
-
-","Technical IndicatorsJun 17, 2021 11:14PM GMT
Name
Value
Action
RSI(14)
31.267
Sell
STOCH(9,6)
29.562
Sell
STOCHRSI(14)
100.000
Overbought
MACD(12,26)
-0.003
Sell
ADX(14)
36.588
Sell
Williams %R
-66.394
Sell
CCI(14)
-47.7566
Neutral
ATR(14)
0.0016
Less Volatility
Highs/Lows(14)
0.0000
Neutral
Ultimate Oscillator
44.698
Sell
ROC
-0.314
Sell
Bull/Bear Power(13)
-0.0015
Sell
Buy: 0
Sell: 8
Neutral: 2


Summary:Strong Sell","Jun 17, 2021 11:14PM GMT"
gbp_usd,1.3934 +0.0015    +0.11%,19:15:38,2021-06-17 23:16:10.218643,"Prev. Close: 1.3919
Bid/Ask: 1.3932 / 1.3936
Day's Range: 1.3915 - 1.3935",Sell,"Summary:Sell
Moving Averages:SellBuy (4)Sell (8)
Technical Indicators:SellBuy (1)Sell (5)","Name
S3
S2
S1
Pivot Points
R1
R2
R3
Classic
1.3914
1.3918
1.3925
1.3930
1.3937
1.3942
1.3949
Fibonacci
1.3918
1.3923
1.3926
1.3930
1.3934
1.3937
1.3942
Camarilla
1.3929
1.3930
1.3931
1.3930
1.3934
1.3935
1.3936
Woodie's
1.3916
1.3919
1.3927
1.3931
1.3939
1.3943
1.3951
DeMark's
-
-
1.3928
1.3931
1.3939
-
-","Technical IndicatorsJun 17, 2021 11:15PM GMT
Name
Value
Action
RSI(14)
40.786
Sell
STOCH(9,6)
45.961
Neutral
STOCHRSI(14)
100.000
Overbought
MACD(12,26)
-0.003
Sell
ADX(14)
38.045
Sell
Williams %R
-51.875
Neutral
CCI(14)
-0.9046
Neutral
ATR(14)
0.0023
Less Volatility
Highs/Lows(14)
0.0000
Neutral
Ultimate Oscillator
51.893
Buy
ROC
-0.283
Sell
Bull/Bear Power(13)
-0.0013
Sell
Buy: 1
Sell: 5
Neutral: 4


Summary:Sell","Jun 17, 2021 11:15PM GMT"
usd_jpy,110.27 +0.07    +0.06%,19:15:41,2021-06-17 23:16:10.221885,"Prev. Close: 110.20
Bid/Ask: 110.26 / 110.27
Day's Range: 110.17 - 110.83",Neutral,"Summary:Neutral
Moving Averages:BuyBuy (7)Sell (5)
Technical Indicators:Strong SellBuy (1)Sell (8)","Name
S3
S2
S1
Pivot Points
R1
R2
R3
Classic
110.18
110.21
110.25
110.27
110.31
110.33
110.37
Fibonacci
110.21
110.23
110.25
110.27
110.29
110.31
110.33
Camarilla
110.26
110.26
110.27
110.27
110.28
110.29
110.29
Woodie's
110.18
110.21
110.25
110.27
110.31
110.33
110.37
DeMark's
-
-
110.26
110.28
110.32
-
-","Technical IndicatorsJun 17, 2021 11:15PM GMT
Name
Value
Action
RSI(14)
43.185
Sell
STOCH(9,6)
24.897
Sell
STOCHRSI(14)
17.928
Oversold
MACD(12,26)
-0.030
Sell
ADX(14)
27.319
Buy
Williams %R
-84.033
Oversold
CCI(14)
-52.8913
Sell
ATR(14)
0.1150
Less Volatility
Highs/Lows(14)
-0.0436
Sell
Ultimate Oscillator
41.404
Sell
ROC
-0.388
Sell
Bull/Bear Power(13)
-0.1270
Sell
Buy: 1
Sell: 8
Neutral: 0


Summary:Strong Sell","Jun 17, 2021 11:15PM GMT"
aud_usd,0.7559 +0.0008    +0.11%,19:15:42,2021-06-17 23:16:10.224957,"Prev. Close: 0.7550
Bid/Ask: 0.7558 / 0.7559
Day's Range: 0.7547 - 0.7560",Strong Sell,"Summary:Strong Sell
Moving Averages:SellBuy (3)Sell (9)
Technical Indicators:Strong SellBuy (0)Sell (8)","Name
S3
S2
S1
Pivot Points
R1
R2
R3
Classic
0.7545
0.7548
0.7554
0.7557
0.7563
0.7566
0.7572
Fibonacci
0.7548
0.7551
0.7554
0.7557
0.7560
0.7563
0.7566
Camarilla
0.7556
0.7557
0.7558
0.7557
0.7559
0.7560
0.7561
Woodie's
0.7545
0.7548
0.7554
0.7557
0.7563
0.7566
0.7572
DeMark's
-
-
0.7555
0.7557
0.7563
-
-","Technical IndicatorsJun 17, 2021 11:14PM GMT
Name
Value
Action
RSI(14)
33.402
Sell
STOCH(9,6)
32.978
Sell
STOCHRSI(14)
98.841
Overbought
MACD(12,26)
-0.002
Sell
ADX(14)
49.534
Sell
Williams %R
-68.376
Sell
CCI(14)
-38.4040
Neutral
ATR(14)
0.0015
Less Volatility
Highs/Lows(14)
0.0000
Neutral
Ultimate Oscillator
45.914
Sell
ROC
-0.500
Sell
Bull/Bear Power(13)
-0.0006
Sell
Buy: 0
Sell: 8
Neutral: 2


Summary:Strong Sell","Jun 17, 2021 11:14PM GMT"
eur_gbp,0.8549 -0.0002    -0.02%,19:15:38,2021-06-17 23:16:10.227966,"Prev. Close: 0.8551
Bid/Ask: 0.8548 / 0.8550
Day's Range: 0.8548 - 0.8557",Strong Sell,"Summary:Strong Sell
Moving Averages:Strong SellBuy (0)Sell (12)
Technical Indicators:Strong SellBuy (1)Sell (7)","Name
S3
S2
S1
Pivot Points
R1
R2
R3
Classic
0.8540
0.8544
0.8546
0.8550
0.8553
0.8556
0.8559
Fibonacci
0.8544
0.8546
0.8548
0.8550
0.8552
0.8554
0.8556
Camarilla
0.8548
0.8548
0.8549
0.8550
0.8550
0.8551
0.8551
Woodie's
0.8540
0.8544
0.8546
0.8550
0.8553
0.8556
0.8559
DeMark's
-
-
0.8545
0.8549
0.8552
-
-","Technical IndicatorsJun 17, 2021 11:14PM GMT
Name
Value
Action
RSI(14)
35.664
Sell
STOCH(9,6)
26.963
Sell
STOCHRSI(14)
20.660
Oversold
MACD(12,26)
-0.001
Sell
ADX(14)
30.896
Buy
Williams %R
-83.333
Oversold
CCI(14)
-135.6611
Sell
ATR(14)
0.0010
Less Volatility
Highs/Lows(14)
-0.0002
Sell
Ultimate Oscillator
49.146
Neutral
ROC
-0.035
Sell
Bull/Bear Power(13)
-0.0023
Sell
Buy: 1
Sell: 7
Neutral: 1


Summary:Strong Sell","Jun 17, 2021 11:14PM GMT"
usd_cad,1.2344 -0.0018    -0.14%,19:15:42,2021-06-17 23:16:10.230949,"Prev. Close: 1.2361
Bid/Ask: 1.2343 / 1.2344
Day's Range: 1.2340 - 1.2368",Strong Buy,"Summary:Strong Buy
Moving Averages:BuyBuy (8)Sell (4)
Technical Indicators:Strong BuyBuy (8)Sell (0)","Name
S3
S2
S1
Pivot Points
R1
R2
R3
Classic
1.2323
1.2333
1.2339
1.2348
1.2354
1.2363
1.2369
Fibonacci
1.2333
1.2338
1.2342
1.2348
1.2354
1.2358
1.2363
Camarilla
1.2341
1.2342
1.2344
1.2348
1.2346
1.2348
1.2349
Woodie's
1.2321
1.2332
1.2337
1.2347
1.2352
1.2362
1.2367
DeMark's
-
-
1.2336
1.2347
1.2351
-
-","Technical IndicatorsJun 17, 2021 11:15PM GMT
Name
Value
Action
RSI(14)
63.179
Buy
STOCH(9,6)
66.576
Buy
STOCHRSI(14)
0.000
Oversold
MACD(12,26)
0.003
Buy
ADX(14)
42.797
Buy
Williams %R
-41.213
Buy
CCI(14)
9.0311
Neutral
ATR(14)
0.0023
Less Volatility
Highs/Lows(14)
0.0000
Neutral
Ultimate Oscillator
64.727
Buy
ROC
0.183
Buy
Bull/Bear Power(13)
0.0006
Buy
Buy: 8
Sell: 0
Neutral: 2


Summary:Strong Buy","Jun 17, 2021 11:15PM GMT"
usd_chf,0.9176 +0.0003    +0.03%,19:15:42,2021-06-17 23:16:10.233911,"Prev. Close: 0.9173
Bid/Ask: 0.9172 / 0.9180
Day's Range: 0.9169 - 0.9183",Strong Buy,"Summary:Strong Buy
Moving Averages:BuyBuy (10)Sell (2)
Technical Indicators:Strong BuyBuy (9)Sell (0)","Name
S3
S2
S1
Pivot Points
R1
R2
R3
Classic
0.9170
0.9172
0.9174
0.9176
0.9178
0.9180
0.9182
Fibonacci
0.9172
0.9174
0.9174
0.9176
0.9178
0.9178
0.9180
Camarilla
0.9174
0.9174
0.9175
0.9176
0.9175
0.9176
0.9176
Woodie's
0.9170
0.9172
0.9174
0.9176
0.9178
0.9180
0.9182
DeMark's
-
-
0.9172
0.9175
0.9176
-
-","Technical IndicatorsJun 17, 2021 11:14PM GMT
Name
Value
Action
RSI(14)
74.464
Buy
STOCH(9,6)
74.461
Buy
STOCHRSI(14)
2.151
Oversold
MACD(12,26)
0.003
Buy
ADX(14)
39.163
Buy
Williams %R
-22.223
Buy
CCI(14)
70.1890
Buy
ATR(14)
0.0013
Less Volatility
Highs/Lows(14)
0.0003
Buy
Ultimate Oscillator
50.921
Neutral
ROC
0.333
Buy
Bull/Bear Power(13)
0.0034
Buy
Buy: 9
Sell: 0
Neutral: 1


Summary:Strong Buy","Jun 17, 2021 11:14PM GMT"
nzd_chf,0.6440 +0.0021    +0.33%,19:15:42,2021-06-17 23:16:10.236907,"Prev. Close: 0.6419
Bid/Ask: 0.6437 / 0.6443
Day's Range: 0.6421 - 0.6441",Strong Buy,"Summary:Strong Buy
Moving Averages:BuyBuy (12)Sell (0)
Technical Indicators:Strong BuyBuy (6)Sell (3)","Name
S3
S2
S1
Pivot Points
R1
R2
R3
Classic
0.6417
0.6422
0.6429
0.6434
0.6441
0.6446
0.6454
Fibonacci
0.6422
0.6426
0.6429
0.6434
0.6439
0.6442
0.6446
Camarilla
0.6434
0.6435
0.6436
0.6434
0.6439
0.6440
0.6441
Woodie's
0.6419
0.6423
0.6431
0.6435
0.6443
0.6447
0.6456
DeMark's
-
-
0.6432
0.6435
0.6444
-
-","Technical IndicatorsJun 17, 2021 11:15PM GMT
Name
Value
Action
RSI(14)
59.935
Buy
STOCH(9,6)
65.797
Buy
STOCHRSI(14)
100.000
Overbought
MACD(12,26)
0.000
Buy
ADX(14)
26.480
Sell
Williams %R
-11.843
Overbought
CCI(14)
188.5091
Buy
ATR(14)
0.0012
Less Volatility
Highs/Lows(14)
0.0008
Buy
Ultimate Oscillator
45.097
Sell
ROC
-0.016
Sell
Bull/Bear Power(13)
0.0016
Buy
Buy: 6
Sell: 3
Neutral: 0


Summary:Strong Buy","Jun 17, 2021 11:15PM GMT"
usd_cny,6.4484 +0.0515    +0.80%,11:27:22,2021-06-17 23:16:10.239906,"Prev. Close: 6.3969
Bid/Ask: 6.4477 / 6.4490
Day's Range: 6.3972 - 6.4494",Strong Buy,"Summary:Strong Buy
Moving Averages:BuyBuy (12)Sell (0)
Technical Indicators:Strong BuyBuy (7)Sell (0)","Name
S3
S2
S1
Pivot Points
R1
R2
R3
Classic
6.4380
6.4399
6.4436
6.4455
6.4492
6.4511
6.4548
Fibonacci
6.4399
6.4420
6.4434
6.4455
6.4476
6.4490
6.4511
Camarilla
6.4458
6.4463
6.4468
6.4455
6.4479
6.4484
6.4489
Woodie's
6.4390
6.4404
6.4446
6.4460
6.4502
6.4516
6.4558
DeMark's
-
-
6.4446
6.4460
6.4502
-
-","Technical IndicatorsJun 17, 2021 03:34PM GMT
Name
Value
Action
RSI(14)
85.433
Overbought
STOCH(9,6)
77.649
Buy
STOCHRSI(14)
100.000
Overbought
MACD(12,26)
0.011
Buy
ADX(14)
61.337
Buy
Williams %R
-3.426
Overbought
CCI(14)
151.8010
Buy
ATR(14)
0.0041
Less Volatility
Highs/Lows(14)
0.0141
Buy
Ultimate Oscillator
82.973
Overbought
ROC
0.391
Buy
Bull/Bear Power(13)
0.0286
Buy
Buy: 7
Sell: 0
Neutral: 0


Summary:Strong Buy","Jun 17, 2021 03:34PM GMT"
usd_hkd,7.7648 +0.0003    +0.00%,19:15:36,2021-06-17 23:16:10.242887,"Prev. Close: 7.7644
Bid/Ask: 7.7647 / 7.7648
Day's Range: 7.7641 - 7.7652",Neutral,"Summary:Neutral
Moving Averages:NeutralBuy (6)Sell (6)
Technical Indicators:BUYBuy (4)Sell (3)","Name
S3
S2
S1
Pivot Points
R1
R2
R3
Classic
7.7629
7.7635
7.7640
7.7646
7.7651
7.7657
7.7663
Fibonacci
7.7635
7.7639
7.7642
7.7646
7.7650
7.7653
7.7657
Camarilla
7.7643
7.7644
7.7645
7.7646
7.7648
7.7649
7.7650
Woodie's
7.7629
7.7635
7.7640
7.7646
7.7651
7.7657
7.7663
DeMark's
-
-
7.7638
7.7645
7.7649
-
-","Technical IndicatorsJun 17, 2021 11:16PM GMT
Name
Value
Action
RSI(14)
50.172
Neutral
STOCH(9,6)
57.835
Buy
STOCHRSI(14)
0.000
Oversold
MACD(12,26)
0.000
Buy
ADX(14)
25.688
Neutral
Williams %R
-73.676
Sell
CCI(14)
-46.6035
Neutral
ATR(14)
0.0008
Less Volatility
Highs/Lows(14)
-0.0000
Sell
Ultimate Oscillator
51.784
Buy
ROC
-0.010
Sell
Bull/Bear Power(13)
0.0010
Buy
Buy: 4
Sell: 3
Neutral: 3


Summary:BUY","Jun 17, 2021 11:16PM GMT"
eur_usd,1.1912 +0.0006    +0.05%,19:16:35,2021-06-17 23:17:09.997715,"Prev. Close: 1.1906
Bid/Ask: 1.1910 / 1.1914
Day's Range: 1.1906 - 1.1914",Strong Sell,"Summary:Strong Sell
Moving Averages:SellBuy (3)Sell (9)
Technical Indicators:Strong SellBuy (0)Sell (8)","Name
S3
S2
S1
Pivot Points
R1
R2
R3
Classic
1.1900
1.1903
1.1907
1.1910
1.1914
1.1917
1.1921
Fibonacci
1.1903
1.1906
1.1907
1.1910
1.1913
1.1914
1.1917
Camarilla
1.1910
1.1910
1.1911
1.1910
1.1912
1.1913
1.1913
Woodie's
1.1902
1.1904
1.1909
1.1911
1.1916
1.1918
1.1923
DeMark's
-
-
1.1909
1.1911
1.1916
-
-","Technical IndicatorsJun 17, 2021 11:16PM GMT
Name
Value
Action
RSI(14)
31.552
Sell
STOCH(9,6)
29.725
Sell
STOCHRSI(14)
100.000
Overbought
MACD(12,26)
-0.003
Sell
ADX(14)
35.438
Sell
Williams %R
-65.574
Sell
CCI(14)
-45.2506
Neutral
ATR(14)
0.0016
Less Volatility
Highs/Lows(14)
0.0000
Neutral
Ultimate Oscillator
44.714
Sell
ROC
-0.310
Sell
Bull/Bear Power(13)
-0.0014
Sell
Buy: 0
Sell: 8
Neutral: 2


Summary:Strong Sell","Jun 17, 2021 11:16PM GMT"
gbp_usd,1.3934 +0.0015    +0.11%,19:16:46,2021-06-17 23:17:10.001881,"Prev. Close: 1.3919
Bid/Ask: 1.3932 / 1.3936
Day's Range: 1.3915 - 1.3935",Sell,"Summary:Sell
Moving Averages:SellBuy (4)Sell (8)
Technical Indicators:SellBuy (1)Sell (5)","Name
S3
S2
S1
Pivot Points
R1
R2
R3
Classic
1.3914
1.3918
1.3925
1.3930
1.3937
1.3942
1.3949
Fibonacci
1.3918
1.3923
1.3926
1.3930
1.3934
1.3937
1.3942
Camarilla
1.3929
1.3930
1.3931
1.3930
1.3934
1.3935
1.3936
Woodie's
1.3916
1.3919
1.3927
1.3931
1.3939
1.3943
1.3951
DeMark's
-
-
1.3928
1.3931
1.3939
-
-","Technical IndicatorsJun 17, 2021 11:15PM GMT
Name
Value
Action
RSI(14)
40.786
Sell
STOCH(9,6)
45.961
Neutral
STOCHRSI(14)
100.000
Overbought
MACD(12,26)
-0.003
Sell
ADX(14)
38.045
Sell
Williams %R
-51.875
Neutral
CCI(14)
-0.9046
Neutral
ATR(14)
0.0023
Less Volatility
Highs/Lows(14)
0.0000
Neutral
Ultimate Oscillator
51.893
Buy
ROC
-0.283
Sell
Bull/Bear Power(13)
-0.0013
Sell
Buy: 1
Sell: 5
Neutral: 4


Summary:Sell","Jun 17, 2021 11:15PM GMT"
usd_jpy,110.27 +0.07    +0.06%,19:16:41,2021-06-17 23:17:10.005179,"Prev. Close: 110.20
Bid/Ask: 110.26 / 110.27
Day's Range: 110.17 - 110.83",Neutral,"Summary:Neutral
Moving Averages:BuyBuy (7)Sell (5)
Technical Indicators:Strong SellBuy (1)Sell (8)","Name
S3
S2
S1
Pivot Points
R1
R2
R3
Classic
110.18
110.21
110.25
110.27
110.31
110.33
110.37
Fibonacci
110.21
110.23
110.25
110.27
110.29
110.31
110.33
Camarilla
110.26
110.26
110.27
110.27
110.28
110.29
110.29
Woodie's
110.18
110.21
110.25
110.27
110.31
110.33
110.37
DeMark's
-
-
110.26
110.28
110.32
-
-","Technical IndicatorsJun 17, 2021 11:15PM GMT
Name
Value
Action
RSI(14)
43.185
Sell
STOCH(9,6)
24.897
Sell
STOCHRSI(14)
17.928
Oversold
MACD(12,26)
-0.030
Sell
ADX(14)
27.319
Buy
Williams %R
-84.033
Oversold
CCI(14)
-52.8913
Sell
ATR(14)
0.1150
Less Volatility
Highs/Lows(14)
-0.0436
Sell
Ultimate Oscillator
41.404
Sell
ROC
-0.388
Sell
Bull/Bear Power(13)
-0.1270
Sell
Buy: 1
Sell: 8
Neutral: 0


Summary:Strong Sell","Jun 17, 2021 11:15PM GMT"
aud_usd,0.7558 +0.0008    +0.10%,19:16:31,2021-06-17 23:17:10.008215,"Prev. Close: 0.7550
Bid/Ask: 0.7557 / 0.7558
Day's Range: 0.7547 - 0.7560",Strong Sell,"Summary:Strong Sell
Moving Averages:SellBuy (3)Sell (9)
Technical Indicators:Strong SellBuy (0)Sell (8)","Name
S3
S2
S1
Pivot Points
R1
R2
R3
Classic
0.7545
0.7548
0.7554
0.7557
0.7563
0.7566
0.7572
Fibonacci
0.7548
0.7551
0.7554
0.7557
0.7560
0.7563
0.7566
Camarilla
0.7556
0.7557
0.7558
0.7557
0.7559
0.7560
0.7561
Woodie's
0.7545
0.7548
0.7554
0.7557
0.7563
0.7566
0.7572
DeMark's
-
-
0.7555
0.7557
0.7563
-
-","Technical IndicatorsJun 17, 2021 11:16PM GMT
Name
Value
Action
RSI(14)
33.225
Sell
STOCH(9,6)
32.713
Sell
STOCHRSI(14)
97.695
Overbought
MACD(12,26)
-0.002
Sell
ADX(14)
49.534
Sell
Williams %R
-69.231
Sell
CCI(14)
-39.5690
Neutral
ATR(14)
0.0015
Less Volatility
Highs/Lows(14)
0.0000
Neutral
Ultimate Oscillator
45.382
Sell
ROC
-0.507
Sell
Bull/Bear Power(13)
-0.0006
Sell
Buy: 0
Sell: 8
Neutral: 2


Summary:Strong Sell","Jun 17, 2021 11:16PM GMT"
eur_gbp,0.8550 -0.0001    -0.02%,19:16:49,2021-06-17 23:17:10.011196,"Prev. Close: 0.8551
Bid/Ask: 0.8548 / 0.8551
Day's Range: 0.8548 - 0.8557",Strong Sell,"Summary:Strong Sell
Moving Averages:Strong SellBuy (0)Sell (12)
Technical Indicators:Strong SellBuy (1)Sell (7)","Name
S3
S2
S1
Pivot Points
R1
R2
R3
Classic
0.8540
0.8544
0.8546
0.8550
0.8553
0.8556
0.8559
Fibonacci
0.8544
0.8546
0.8548
0.8550
0.8552
0.8554
0.8556
Camarilla
0.8548
0.8548
0.8549
0.8550
0.8550
0.8551
0.8551
Woodie's
0.8540
0.8544
0.8546
0.8550
0.8553
0.8556
0.8559
DeMark's
-
-
0.8545
0.8549
0.8552
-
-","Technical IndicatorsJun 17, 2021 11:14PM GMT
Name
Value
Action
RSI(14)
35.664
Sell
STOCH(9,6)
26.963
Sell
STOCHRSI(14)
20.660
Oversold
MACD(12,26)
-0.001
Sell
ADX(14)
30.896
Buy
Williams %R
-83.333
Oversold
CCI(14)
-135.6611
Sell
ATR(14)
0.0010
Less Volatility
Highs/Lows(14)
-0.0002
Sell
Ultimate Oscillator
49.146
Neutral
ROC
-0.035
Sell
Bull/Bear Power(13)
-0.0023
Sell
Buy: 1
Sell: 7
Neutral: 1


Summary:Strong Sell","Jun 17, 2021 11:14PM GMT"
usd_cad,1.2344 -0.0018    -0.14%,19:16:55,2021-06-17 23:17:10.014140,"Prev. Close: 1.2361
Bid/Ask: 1.2343 / 1.2344
Day's Range: 1.2340 - 1.2368",Strong Buy,"Summary:Strong Buy
Moving Averages:BuyBuy (8)Sell (4)
Technical Indicators:Strong BuyBuy (8)Sell (0)","Name
S3
S2
S1
Pivot Points
R1
R2
R3
Classic
1.2323
1.2333
1.2339
1.2348
1.2354
1.2363
1.2369
Fibonacci
1.2333
1.2338
1.2342
1.2348
1.2354
1.2358
1.2363
Camarilla
1.2341
1.2342
1.2344
1.2348
1.2346
1.2348
1.2349
Woodie's
1.2321
1.2332
1.2337
1.2347
1.2352
1.2362
1.2367
DeMark's
-
-
1.2336
1.2347
1.2351
-
-","Technical IndicatorsJun 17, 2021 11:15PM GMT
Name
Value
Action
RSI(14)
63.179
Buy
STOCH(9,6)
66.576
Buy
STOCHRSI(14)
0.000
Oversold
MACD(12,26)
0.003
Buy
ADX(14)
42.797
Buy
Williams %R
-41.213
Buy
CCI(14)
9.0311
Neutral
ATR(14)
0.0023
Less Volatility
Highs/Lows(14)
0.0000
Neutral
Ultimate Oscillator
64.727
Buy
ROC
0.183
Buy
Bull/Bear Power(13)
0.0006
Buy
Buy: 8
Sell: 0
Neutral: 2


Summary:Strong Buy","Jun 17, 2021 11:15PM GMT"
usd_chf,0.9177 +0.0004    +0.04%,19:16:40,2021-06-17 23:17:10.017118,"Prev. Close: 0.9173
Bid/Ask: 0.9173 / 0.9181
Day's Range: 0.9169 - 0.9183",Strong Buy,"Summary:Strong Buy
Moving Averages:BuyBuy (10)Sell (2)
Technical Indicators:Strong BuyBuy (9)Sell (0)","Name
S3
S2
S1
Pivot Points
R1
R2
R3
Classic
0.9170
0.9172
0.9174
0.9176
0.9178
0.9180
0.9182
Fibonacci
0.9172
0.9174
0.9174
0.9176
0.9178
0.9178
0.9180
Camarilla
0.9174
0.9174
0.9175
0.9176
0.9175
0.9176
0.9176
Woodie's
0.9170
0.9172
0.9174
0.9176
0.9178
0.9180
0.9182
DeMark's
-
-
0.9172
0.9175
0.9176
-
-","Technical IndicatorsJun 17, 2021 11:14PM GMT
Name
Value
Action
RSI(14)
74.464
Buy
STOCH(9,6)
74.461
Buy
STOCHRSI(14)
2.151
Oversold
MACD(12,26)
0.003
Buy
ADX(14)
39.163
Buy
Williams %R
-22.223
Buy
CCI(14)
70.1890
Buy
ATR(14)
0.0013
Less Volatility
Highs/Lows(14)
0.0003
Buy
Ultimate Oscillator
50.921
Neutral
ROC
0.333
Buy
Bull/Bear Power(13)
0.0034
Buy
Buy: 9
Sell: 0
Neutral: 1


Summary:Strong Buy","Jun 17, 2021 11:14PM GMT"
nzd_chf,0.6439 +0.0020    +0.31%,19:16:51,2021-06-17 23:17:10.020084,"Prev. Close: 0.6419
Bid/Ask: 0.6435 / 0.6443
Day's Range: 0.6421 - 0.6441",Strong Buy,"Summary:Strong Buy
Moving Averages:BuyBuy (12)Sell (0)
Technical Indicators:Strong BuyBuy (6)Sell (3)","Name
S3
S2
S1
Pivot Points
R1
R2
R3
Classic
0.6417
0.6422
0.6429
0.6434
0.6441
0.6446
0.6454
Fibonacci
0.6422
0.6426
0.6429
0.6434
0.6439
0.6442
0.6446
Camarilla
0.6434
0.6435
0.6436
0.6434
0.6439
0.6440
0.6441
Woodie's
0.6419
0.6423
0.6431
0.6435
0.6443
0.6447
0.6456
DeMark's
-
-
0.6432
0.6435
0.6444
-
-","Technical IndicatorsJun 17, 2021 11:15PM GMT
Name
Value
Action
RSI(14)
59.935
Buy
STOCH(9,6)
65.797
Buy
STOCHRSI(14)
100.000
Overbought
MACD(12,26)
0.000
Buy
ADX(14)
26.480
Sell
Williams %R
-11.843
Overbought
CCI(14)
188.5091
Buy
ATR(14)
0.0012
Less Volatility
Highs/Lows(14)
0.0008
Buy
Ultimate Oscillator
45.097
Sell
ROC
-0.016
Sell
Bull/Bear Power(13)
0.0016
Buy
Buy: 6
Sell: 3
Neutral: 0


Summary:Strong Buy","Jun 17, 2021 11:15PM GMT"
usd_cny,6.4484 +0.0515    +0.80%,11:27:22,2021-06-17 23:17:10.023062,"Prev. Close: 6.3969
Bid/Ask: 6.4477 / 6.4490
Day's Range: 6.3972 - 6.4494",Strong Buy,"Summary:Strong Buy
Moving Averages:BuyBuy (12)Sell (0)
Technical Indicators:Strong BuyBuy (7)Sell (0)","Name
S3
S2
S1
Pivot Points
R1
R2
R3
Classic
6.4380
6.4399
6.4436
6.4455
6.4492
6.4511
6.4548
Fibonacci
6.4399
6.4420
6.4434
6.4455
6.4476
6.4490
6.4511
Camarilla
6.4458
6.4463
6.4468
6.4455
6.4479
6.4484
6.4489
Woodie's
6.4390
6.4404
6.4446
6.4460
6.4502
6.4516
6.4558
DeMark's
-
-
6.4446
6.4460
6.4502
-
-","Technical IndicatorsJun 17, 2021 03:34PM GMT
Name
Value
Action
RSI(14)
85.433
Overbought
STOCH(9,6)
77.649
Buy
STOCHRSI(14)
100.000
Overbought
MACD(12,26)
0.011
Buy
ADX(14)
61.337
Buy
Williams %R
-3.426
Overbought
CCI(14)
151.8010
Buy
ATR(14)
0.0041
Less Volatility
Highs/Lows(14)
0.0141
Buy
Ultimate Oscillator
82.973
Overbought
ROC
0.391
Buy
Bull/Bear Power(13)
0.0286
Buy
Buy: 7
Sell: 0
Neutral: 0


Summary:Strong Buy","Jun 17, 2021 03:34PM GMT"
usd_hkd,7.7642 -0.0002    -0.00%,19:16:41,2021-06-17 23:17:10.026014,"Prev. Close: 7.7644
Bid/Ask: 7.7640 / 7.7644
Day's Range: 7.7641 - 7.7652",Neutral,"Summary:Neutral
Moving Averages:NeutralBuy (6)Sell (6)
Technical Indicators:BUYBuy (4)Sell (3)","Name
S3
S2
S1
Pivot Points
R1
R2
R3
Classic
7.7629
7.7635
7.7640
7.7646
7.7651
7.7657
7.7663
Fibonacci
7.7635
7.7639
7.7642
7.7646
7.7650
7.7653
7.7657
Camarilla
7.7643
7.7644
7.7645
7.7646
7.7648
7.7649
7.7650
Woodie's
7.7629
7.7635
7.7640
7.7646
7.7651
7.7657
7.7663
DeMark's
-
-
7.7638
7.7645
7.7649
-
-","Technical IndicatorsJun 17, 2021 11:16PM GMT
Name
Value
Action
RSI(14)
50.172
Neutral
STOCH(9,6)
57.835
Buy
STOCHRSI(14)
0.000
Oversold
MACD(12,26)
0.000
Buy
ADX(14)
25.688
Neutral
Williams %R
-73.676
Sell
CCI(14)
-46.6035
Neutral
ATR(14)
0.0008
Less Volatility
Highs/Lows(14)
-0.0000
Sell
Ultimate Oscillator
51.784
Buy
ROC
-0.010
Sell
Bull/Bear Power(13)
0.0010
Buy
Buy: 4
Sell: 3
Neutral: 3


Summary:BUY","Jun 17, 2021 11:16PM GMT"
eur_usd,1.1912 +0.0006    +0.05%,19:17:38,2021-06-17 23:18:10.392942,"Prev. Close: 1.1906
Bid/Ask: 1.1910 / 1.1914
Day's Range: 1.1906 - 1.1914",Strong Sell,"Summary:Strong Sell
Moving Averages:SellBuy (3)Sell (9)
Technical Indicators:Strong SellBuy (0)Sell (8)","Name
S3
S2
S1
Pivot Points
R1
R2
R3
Classic
1.1900
1.1903
1.1907
1.1910
1.1914
1.1917
1.1921
Fibonacci
1.1903
1.1906
1.1907
1.1910
1.1913
1.1914
1.1917
Camarilla
1.1910
1.1910
1.1911
1.1910
1.1912
1.1913
1.1913
Woodie's
1.1902
1.1904
1.1909
1.1911
1.1916
1.1918
1.1923
DeMark's
-
-
1.1909
1.1911
1.1916
-
-","Technical IndicatorsJun 17, 2021 11:16PM GMT
Name
Value
Action
RSI(14)
31.552
Sell
STOCH(9,6)
29.725
Sell
STOCHRSI(14)
100.000
Overbought
MACD(12,26)
-0.003
Sell
ADX(14)
35.438
Sell
Williams %R
-65.574
Sell
CCI(14)
-45.2506
Neutral
ATR(14)
0.0016
Less Volatility
Highs/Lows(14)
0.0000
Neutral
Ultimate Oscillator
44.714
Sell
ROC
-0.310
Sell
Bull/Bear Power(13)
-0.0014
Sell
Buy: 0
Sell: 8
Neutral: 2


Summary:Strong Sell","Jun 17, 2021 11:16PM GMT"
gbp_usd,1.3934 +0.0015    +0.11%,19:17:35,2021-06-17 23:18:10.397127,"Prev. Close: 1.3919
Bid/Ask: 1.3933 / 1.3935
Day's Range: 1.3915 - 1.3935",Sell,"Summary:Sell
Moving Averages:SellBuy (4)Sell (8)
Technical Indicators:SellBuy (1)Sell (5)","Name
S3
S2
S1
Pivot Points
R1
R2
R3
Classic
1.3914
1.3918
1.3925
1.3930
1.3937
1.3942
1.3949
Fibonacci
1.3918
1.3923
1.3926
1.3930
1.3934
1.3937
1.3942
Camarilla
1.3929
1.3930
1.3931
1.3930
1.3934
1.3935
1.3936
Woodie's
1.3916
1.3919
1.3927
1.3931
1.3939
1.3943
1.3951
DeMark's
-
-
1.3928
1.3931
1.3939
-
-","Technical IndicatorsJun 17, 2021 11:17PM GMT
Name
Value
Action
RSI(14)
40.598
Sell
STOCH(9,6)
45.816
Neutral
STOCHRSI(14)
100.000
Overbought
MACD(12,26)
-0.003
Sell
ADX(14)
38.045
Sell
Williams %R
-52.501
Neutral
CCI(14)
-1.8775
Neutral
ATR(14)
0.0023
Less Volatility
Highs/Lows(14)
0.0000
Neutral
Ultimate Oscillator
51.532
Buy
ROC
-0.286
Sell
Bull/Bear Power(13)
-0.0013
Sell
Buy: 1
Sell: 5
Neutral: 4


Summary:Sell","Jun 17, 2021 11:17PM GMT"
usd_jpy,110.27 +0.07    +0.06%,19:17:44,2021-06-17 23:18:10.400465,"Prev. Close: 110.20
Bid/Ask: 110.26 / 110.27
Day's Range: 110.17 - 110.83",Neutral,"Summary:Neutral
Moving Averages:BuyBuy (7)Sell (5)
Technical Indicators:Strong SellBuy (1)Sell (8)","Name
S3
S2
S1
Pivot Points
R1
R2
R3
Classic
110.18
110.21
110.25
110.27
110.31
110.33
110.37
Fibonacci
110.21
110.23
110.25
110.27
110.29
110.31
110.33
Camarilla
110.26
110.26
110.27
110.27
110.28
110.29
110.29
Woodie's
110.18
110.21
110.25
110.27
110.31
110.33
110.37
DeMark's
-
-
110.26
110.28
110.32
-
-","Technical IndicatorsJun 17, 2021 11:17PM GMT
Name
Value
Action
RSI(14)
43.185
Sell
STOCH(9,6)
24.897
Sell
STOCHRSI(14)
17.928
Oversold
MACD(12,26)
-0.030
Sell
ADX(14)
27.319
Buy
Williams %R
-84.033
Oversold
CCI(14)
-52.8913
Sell
ATR(14)
0.1150
Less Volatility
Highs/Lows(14)
-0.0436
Sell
Ultimate Oscillator
41.404
Sell
ROC
-0.388
Sell
Bull/Bear Power(13)
-0.1270
Sell
Buy: 1
Sell: 8
Neutral: 0


Summary:Strong Sell","Jun 17, 2021 11:17PM GMT"
aud_usd,0.7557 +0.0007    +0.09%,19:17:30,2021-06-17 23:18:10.403582,"Prev. Close: 0.7550
Bid/Ask: 0.7556 / 0.7558
Day's Range: 0.7547 - 0.7560",Strong Sell,"Summary:Strong Sell
Moving Averages:SellBuy (3)Sell (9)
Technical Indicators:Strong SellBuy (0)Sell (8)","Name
S3
S2
S1
Pivot Points
R1
R2
R3
Classic
0.7545
0.7548
0.7554
0.7557
0.7563
0.7566
0.7572
Fibonacci
0.7548
0.7551
0.7554
0.7557
0.7560
0.7563
0.7566
Camarilla
0.7556
0.7557
0.7558
0.7557
0.7559
0.7560
0.7561
Woodie's
0.7545
0.7548
0.7554
0.7557
0.7563
0.7566
0.7572
DeMark's
-
-
0.7555
0.7557
0.7563
-
-","Technical IndicatorsJun 17, 2021 11:16PM GMT
Name
Value
Action
RSI(14)
33.225
Sell
STOCH(9,6)
32.713
Sell
STOCHRSI(14)
97.695
Overbought
MACD(12,26)
-0.002
Sell
ADX(14)
49.534
Sell
Williams %R
-69.231
Sell
CCI(14)
-39.5690
Neutral
ATR(14)
0.0015
Less Volatility
Highs/Lows(14)
0.0000
Neutral
Ultimate Oscillator
45.382
Sell
ROC
-0.507
Sell
Bull/Bear Power(13)
-0.0006
Sell
Buy: 0
Sell: 8
Neutral: 2


Summary:Strong Sell","Jun 17, 2021 11:16PM GMT"
eur_gbp,0.8549 -0.0003    -0.03%,19:17:41,2021-06-17 23:18:10.406601,"Prev. Close: 0.8551
Bid/Ask: 0.8547 / 0.8550
Day's Range: 0.8548 - 0.8557",Strong Sell,"Summary:Strong Sell
Moving Averages:Strong SellBuy (0)Sell (12)
Technical Indicators:Strong SellBuy (1)Sell (7)","Name
S3
S2
S1
Pivot Points
R1
R2
R3
Classic
0.8540
0.8544
0.8546
0.8550
0.8553
0.8556
0.8559
Fibonacci
0.8544
0.8546
0.8548
0.8550
0.8552
0.8554
0.8556
Camarilla
0.8548
0.8548
0.8549
0.8550
0.8550
0.8551
0.8551
Woodie's
0.8540
0.8544
0.8546
0.8550
0.8553
0.8556
0.8559
DeMark's
-
-
0.8545
0.8549
0.8552
-
-","Technical IndicatorsJun 17, 2021 11:16PM GMT
Name
Value
Action
RSI(14)
35.664
Sell
STOCH(9,6)
26.963
Sell
STOCHRSI(14)
20.660
Oversold
MACD(12,26)
-0.001
Sell
ADX(14)
30.896
Buy
Williams %R
-83.333
Oversold
CCI(14)
-135.6611
Sell
ATR(14)
0.0010
Less Volatility
Highs/Lows(14)
-0.0002
Sell
Ultimate Oscillator
49.146
Neutral
ROC
-0.035
Sell
Bull/Bear Power(13)
-0.0023
Sell
Buy: 1
Sell: 7
Neutral: 1


Summary:Strong Sell","Jun 17, 2021 11:16PM GMT"
usd_cad,1.2344 -0.0018    -0.14%,19:17:42,2021-06-17 23:18:10.409567,"Prev. Close: 1.2361
Bid/Ask: 1.2343 / 1.2344
Day's Range: 1.2340 - 1.2368",Strong Buy,"Summary:Strong Buy
Moving Averages:BuyBuy (8)Sell (4)
Technical Indicators:Strong BuyBuy (8)Sell (0)","Name
S3
S2
S1
Pivot Points
R1
R2
R3
Classic
1.2323
1.2333
1.2339
1.2348
1.2354
1.2363
1.2369
Fibonacci
1.2333
1.2338
1.2342
1.2348
1.2354
1.2358
1.2363
Camarilla
1.2341
1.2342
1.2344
1.2348
1.2346
1.2348
1.2349
Woodie's
1.2321
1.2332
1.2337
1.2347
1.2352
1.2362
1.2367
DeMark's
-
-
1.2336
1.2347
1.2351
-
-","Technical IndicatorsJun 17, 2021 11:17PM GMT
Name
Value
Action
RSI(14)
63.179
Buy
STOCH(9,6)
66.576
Buy
STOCHRSI(14)
0.000
Oversold
MACD(12,26)
0.003
Buy
ADX(14)
42.797
Buy
Williams %R
-41.213
Buy
CCI(14)
9.0311
Neutral
ATR(14)
0.0023
Less Volatility
Highs/Lows(14)
0.0000
Neutral
Ultimate Oscillator
64.727
Buy
ROC
0.183
Buy
Bull/Bear Power(13)
0.0006
Buy
Buy: 8
Sell: 0
Neutral: 2


Summary:Strong Buy","Jun 17, 2021 11:17PM GMT"
usd_chf,0.9176 +0.0003    +0.03%,19:17:40,2021-06-17 23:18:10.412558,"Prev. Close: 0.9173
Bid/Ask: 0.9174 / 0.9178
Day's Range: 0.9169 - 0.9183",Strong Buy,"Summary:Strong Buy
Moving Averages:BuyBuy (12)Sell (0)
Technical Indicators:Strong BuyBuy (10)Sell (0)","Name
S3
S2
S1
Pivot Points
R1
R2
R3
Classic
0.9170
0.9172
0.9174
0.9176
0.9178
0.9180
0.9182
Fibonacci
0.9172
0.9174
0.9174
0.9176
0.9178
0.9178
0.9180
Camarilla
0.9174
0.9174
0.9175
0.9176
0.9175
0.9176
0.9176
Woodie's
0.9170
0.9172
0.9174
0.9176
0.9178
0.9180
0.9182
DeMark's
-
-
0.9172
0.9175
0.9176
-
-","Technical IndicatorsJun 17, 2021 11:16PM GMT
Name
Value
Action
RSI(14)
74.599
Buy
STOCH(9,6)
74.677
Buy
STOCHRSI(14)
3.208
Oversold
MACD(12,26)
0.003
Buy
ADX(14)
39.163
Buy
Williams %R
-21.297
Buy
CCI(14)
71.0654
Buy
ATR(14)
0.0013
Less Volatility
Highs/Lows(14)
0.0004
Buy
Ultimate Oscillator
51.476
Buy
ROC
0.339
Buy
Bull/Bear Power(13)
0.0034
Buy
Buy: 10
Sell: 0
Neutral: 0


Summary:Strong Buy","Jun 17, 2021 11:16PM GMT"
nzd_chf,0.6439 +0.0020    +0.31%,19:17:42,2021-06-17 23:18:10.415575,"Prev. Close: 0.6419
Bid/Ask: 0.6438 / 0.6440
Day's Range: 0.6421 - 0.6441",Strong Buy,"Summary:Strong Buy
Moving Averages:BuyBuy (12)Sell (0)
Technical Indicators:Strong BuyBuy (6)Sell (3)","Name
S3
S2
S1
Pivot Points
R1
R2
R3
Classic
0.6417
0.6422
0.6429
0.6434
0.6441
0.6446
0.6454
Fibonacci
0.6422
0.6426
0.6429
0.6434
0.6439
0.6442
0.6446
Camarilla
0.6434
0.6435
0.6436
0.6434
0.6439
0.6440
0.6441
Woodie's
0.6419
0.6423
0.6431
0.6435
0.6443
0.6447
0.6456
DeMark's
-
-
0.6432
0.6435
0.6444
-
-","Technical IndicatorsJun 17, 2021 11:17PM GMT
Name
Value
Action
RSI(14)
59.638
Buy
STOCH(9,6)
65.470
Buy
STOCHRSI(14)
100.000
Overbought
MACD(12,26)
0.000
Buy
ADX(14)
26.480
Sell
Williams %R
-13.159
Overbought
CCI(14)
186.5961
Buy
ATR(14)
0.0012
Less Volatility
Highs/Lows(14)
0.0007
Buy
Ultimate Oscillator
44.526
Sell
ROC
-0.023
Sell
Bull/Bear Power(13)
0.0016
Buy
Buy: 6
Sell: 3
Neutral: 0


Summary:Strong Buy","Jun 17, 2021 11:17PM GMT"
usd_cny,6.4484 +0.0515    +0.80%,11:27:22,2021-06-17 23:18:10.418567,"Prev. Close: 6.3969
Bid/Ask: 6.4477 / 6.4490
Day's Range: 6.3972 - 6.4494",Strong Buy,"Summary:Strong Buy
Moving Averages:BuyBuy (12)Sell (0)
Technical Indicators:Strong BuyBuy (7)Sell (0)","Name
S3
S2
S1
Pivot Points
R1
R2
R3
Classic
6.4380
6.4399
6.4436
6.4455
6.4492
6.4511
6.4548
Fibonacci
6.4399
6.4420
6.4434
6.4455
6.4476
6.4490
6.4511
Camarilla
6.4458
6.4463
6.4468
6.4455
6.4479
6.4484
6.4489
Woodie's
6.4390
6.4404
6.4446
6.4460
6.4502
6.4516
6.4558
DeMark's
-
-
6.4446
6.4460
6.4502
-
-","Technical IndicatorsJun 17, 2021 03:34PM GMT
Name
Value
Action
RSI(14)
85.433
Overbought
STOCH(9,6)
77.649
Buy
STOCHRSI(14)
100.000
Overbought
MACD(12,26)
0.011
Buy
ADX(14)
61.337
Buy
Williams %R
-3.426
Overbought
CCI(14)
151.8010
Buy
ATR(14)
0.0041
Less Volatility
Highs/Lows(14)
0.0141
Buy
Ultimate Oscillator
82.973
Overbought
ROC
0.391
Buy
Bull/Bear Power(13)
0.0286
Buy
Buy: 7
Sell: 0
Neutral: 0


Summary:Strong Buy","Jun 17, 2021 03:34PM GMT"
usd_hkd,7.7643 -0.0001    -0.00%,19:17:41,2021-06-17 23:18:10.421530,"Prev. Close: 7.7644
Bid/Ask: 7.7642 / 7.7643
Day's Range: 7.7641 - 7.7652",Neutral,"Summary:Neutral
Moving Averages:NeutralBuy (6)Sell (6)
Technical Indicators:BUYBuy (4)Sell (2)","Name
S3
S2
S1
Pivot Points
R1
R2
R3
Classic
7.7629
7.7635
7.7640
7.7646
7.7651
7.7657
7.7663
Fibonacci
7.7635
7.7639
7.7642
7.7646
7.7650
7.7653
7.7657
Camarilla
7.7643
7.7644
7.7645
7.7646
7.7648
7.7649
7.7650
Woodie's
7.7629
7.7635
7.7640
7.7646
7.7651
7.7657
7.7663
DeMark's
-
-
7.7638
7.7645
7.7649
-
-","Technical IndicatorsJun 17, 2021 11:18PM GMT
Name
Value
Action
RSI(14)
51.081
Neutral
STOCH(9,6)
58.942
Buy
STOCHRSI(14)
5.731
Oversold
MACD(12,26)
0.000
Buy
ADX(14)
25.688
Neutral
Williams %R
-68.432
Sell
CCI(14)
-38.3940
Neutral
ATR(14)
0.0008
Less Volatility
Highs/Lows(14)
0.0000
Neutral
Ultimate Oscillator
53.430
Buy
ROC
-0.009
Sell
Bull/Bear Power(13)
0.0010
Buy
Buy: 4
Sell: 2
Neutral: 4


Summary:BUY","Jun 17, 2021 11:18PM GMT"
eur_usd,1.1912 +0.0006    +0.05%,19:18:28,2021-06-17 23:19:10.121631,"Prev. Close: 1.1906
Bid/Ask: 1.1911 / 1.1912
Day's Range: 1.1906 - 1.1914",Strong Sell,"Summary:Strong Sell
Moving Averages:SellBuy (3)Sell (9)
Technical Indicators:Strong SellBuy (0)Sell (8)","Name
S3
S2
S1
Pivot Points
R1
R2
R3
Classic
1.1900
1.1903
1.1907
1.1910
1.1914
1.1917
1.1921
Fibonacci
1.1903
1.1906
1.1907
1.1910
1.1913
1.1914
1.1917
Camarilla
1.1910
1.1910
1.1911
1.1910
1.1912
1.1913
1.1913
Woodie's
1.1902
1.1904
1.1909
1.1911
1.1916
1.1918
1.1923
DeMark's
-
-
1.1909
1.1911
1.1916
-
-","Technical IndicatorsJun 17, 2021 11:18PM GMT
Name
Value
Action
RSI(14)
30.980
Sell
STOCH(9,6)
29.398
Sell
STOCHRSI(14)
100.000
Overbought
MACD(12,26)
-0.003
Sell
ADX(14)
35.438
Sell
Williams %R
-67.213
Sell
CCI(14)
-46.9222
Neutral
ATR(14)
0.0016
Less Volatility
Highs/Lows(14)
0.0000
Neutral
Ultimate Oscillator
43.739
Sell
ROC
-0.318
Sell
Bull/Bear Power(13)
-0.0014
Sell
Buy: 0
Sell: 8
Neutral: 2


Summary:Strong Sell","Jun 17, 2021 11:18PM GMT"
gbp_usd,1.3935 +0.0015    +0.11%,19:18:47,2021-06-17 23:19:10.125930,"Prev. Close: 1.3919
Bid/Ask: 1.3934 / 1.3935
Day's Range: 1.3915 - 1.3935",Sell,"Summary:Sell
Moving Averages:SellBuy (4)Sell (8)
Technical Indicators:SellBuy (1)Sell (5)","Name
S3
S2
S1
Pivot Points
R1
R2
R3
Classic
1.3914
1.3918
1.3925
1.3930
1.3937
1.3942
1.3949
Fibonacci
1.3918
1.3923
1.3926
1.3930
1.3934
1.3937
1.3942
Camarilla
1.3929
1.3930
1.3931
1.3930
1.3934
1.3935
1.3936
Woodie's
1.3916
1.3919
1.3927
1.3931
1.3939
1.3943
1.3951
DeMark's
-
-
1.3928
1.3931
1.3939
-
-","Technical IndicatorsJun 17, 2021 11:17PM GMT
Name
Value
Action
RSI(14)
40.598
Sell
STOCH(9,6)
45.816
Neutral
STOCHRSI(14)
100.000
Overbought
MACD(12,26)
-0.003
Sell
ADX(14)
38.045
Sell
Williams %R
-52.501
Neutral
CCI(14)
-1.8775
Neutral
ATR(14)
0.0023
Less Volatility
Highs/Lows(14)
0.0000
Neutral
Ultimate Oscillator
51.532
Buy
ROC
-0.286
Sell
Bull/Bear Power(13)
-0.0013
Sell
Buy: 1
Sell: 5
Neutral: 4


Summary:Sell","Jun 17, 2021 11:17PM GMT"
usd_jpy,110.26 +0.06    +0.05%,19:18:42,2021-06-17 23:19:10.129163,"Prev. Close: 110.20
Bid/Ask: 110.25 / 110.27
Day's Range: 110.17 - 110.83",Neutral,"Summary:Neutral
Moving Averages:BuyBuy (7)Sell (5)
Technical Indicators:Strong SellBuy (1)Sell (8)","Name
S3
S2
S1
Pivot Points
R1
R2
R3
Classic
110.18
110.21
110.25
110.27
110.31
110.33
110.37
Fibonacci
110.21
110.23
110.25
110.27
110.29
110.31
110.33
Camarilla
110.26
110.26
110.27
110.27
110.28
110.29
110.29
Woodie's
110.18
110.21
110.25
110.27
110.31
110.33
110.37
DeMark's
-
-
110.26
110.28
110.32
-
-","Technical IndicatorsJun 17, 2021 11:17PM GMT
Name
Value
Action
RSI(14)
43.185
Sell
STOCH(9,6)
24.897
Sell
STOCHRSI(14)
17.928
Oversold
MACD(12,26)
-0.030
Sell
ADX(14)
27.319
Buy
Williams %R
-84.033
Oversold
CCI(14)
-52.8913
Sell
ATR(14)
0.1150
Less Volatility
Highs/Lows(14)
-0.0436
Sell
Ultimate Oscillator
41.404
Sell
ROC
-0.388
Sell
Bull/Bear Power(13)
-0.1270
Sell
Buy: 1
Sell: 8
Neutral: 0


Summary:Strong Sell","Jun 17, 2021 11:17PM GMT"
aud_usd,0.7557 +0.0007    +0.09%,19:18:28,2021-06-17 23:19:10.132248,"Prev. Close: 0.7550
Bid/Ask: 0.7556 / 0.7558
Day's Range: 0.7547 - 0.7560",Strong Sell,"Summary:Strong Sell
Moving Averages:SellBuy (3)Sell (9)
Technical Indicators:Strong SellBuy (0)Sell (8)","Name
S3
S2
S1
Pivot Points
R1
R2
R3
Classic
0.7545
0.7548
0.7554
0.7557
0.7563
0.7566
0.7572
Fibonacci
0.7548
0.7551
0.7554
0.7557
0.7560
0.7563
0.7566
Camarilla
0.7556
0.7557
0.7558
0.7557
0.7559
0.7560
0.7561
Woodie's
0.7545
0.7548
0.7554
0.7557
0.7563
0.7566
0.7572
DeMark's
-
-
0.7555
0.7557
0.7563
-
-","Technical IndicatorsJun 17, 2021 11:18PM GMT
Name
Value
Action
RSI(14)
33.225
Sell
STOCH(9,6)
32.713
Sell
STOCHRSI(14)
97.695
Overbought
MACD(12,26)
-0.002
Sell
ADX(14)
49.534
Sell
Williams %R
-69.231
Sell
CCI(14)
-39.5690
Neutral
ATR(14)
0.0015
Less Volatility
Highs/Lows(14)
0.0000
Neutral
Ultimate Oscillator
45.382
Sell
ROC
-0.507
Sell
Bull/Bear Power(13)
-0.0006
Sell
Buy: 0
Sell: 8
Neutral: 2


Summary:Strong Sell","Jun 17, 2021 11:18PM GMT"
eur_gbp,0.8549 -0.0003    -0.03%,19:18:48,2021-06-17 23:19:10.135258,"Prev. Close: 0.8551
Bid/Ask: 0.8548 / 0.8549
Day's Range: 0.8548 - 0.8557",Strong Sell,"Summary:Strong Sell
Moving Averages:Strong SellBuy (0)Sell (12)
Technical Indicators:Strong SellBuy (1)Sell (8)","Name
S3
S2
S1
Pivot Points
R1
R2
R3
Classic
0.8540
0.8544
0.8546
0.8550
0.8553
0.8556
0.8559
Fibonacci
0.8544
0.8546
0.8548
0.8550
0.8552
0.8554
0.8556
Camarilla
0.8548
0.8548
0.8549
0.8550
0.8550
0.8551
0.8551
Woodie's
0.8540
0.8544
0.8546
0.8550
0.8553
0.8556
0.8559
DeMark's
-
-
0.8545
0.8549
0.8552
-
-","Technical IndicatorsJun 17, 2021 11:18PM GMT
Name
Value
Action
RSI(14)
35.316
Sell
STOCH(9,6)
26.500
Sell
STOCHRSI(14)
17.538
Oversold
MACD(12,26)
-0.001
Sell
ADX(14)
30.896
Buy
Williams %R
-85.185
Oversold
CCI(14)
-138.3986
Sell
ATR(14)
0.0010
Less Volatility
Highs/Lows(14)
-0.0002
Sell
Ultimate Oscillator
48.361
Sell
ROC
-0.041
Sell
Bull/Bear Power(13)
-0.0023
Sell
Buy: 1
Sell: 8
Neutral: 0


Summary:Strong Sell","Jun 17, 2021 11:18PM GMT"
usd_cad,1.2344 -0.0018    -0.14%,19:18:47,2021-06-17 23:19:10.138201,"Prev. Close: 1.2361
Bid/Ask: 1.2343 / 1.2344
Day's Range: 1.2340 - 1.2368",Strong Buy,"Summary:Strong Buy
Moving Averages:BuyBuy (8)Sell (4)
Technical Indicators:Strong BuyBuy (8)Sell (0)","Name
S3
S2
S1
Pivot Points
R1
R2
R3
Classic
1.2323
1.2333
1.2339
1.2348
1.2354
1.2363
1.2369
Fibonacci
1.2333
1.2338
1.2342
1.2348
1.2354
1.2358
1.2363
Camarilla
1.2341
1.2342
1.2344
1.2348
1.2346
1.2348
1.2349
Woodie's
1.2321
1.2332
1.2337
1.2347
1.2352
1.2362
1.2367
DeMark's
-
-
1.2336
1.2347
1.2351
-
-","Technical IndicatorsJun 17, 2021 11:17PM GMT
Name
Value
Action
RSI(14)
63.179
Buy
STOCH(9,6)
66.576
Buy
STOCHRSI(14)
0.000
Oversold
MACD(12,26)
0.003
Buy
ADX(14)
42.797
Buy
Williams %R
-41.213
Buy
CCI(14)
9.0311
Neutral
ATR(14)
0.0023
Less Volatility
Highs/Lows(14)
0.0000
Neutral
Ultimate Oscillator
64.727
Buy
ROC
0.183
Buy
Bull/Bear Power(13)
0.0006
Buy
Buy: 8
Sell: 0
Neutral: 2


Summary:Strong Buy","Jun 17, 2021 11:17PM GMT"
usd_chf,0.9176 +0.0003    +0.03%,19:18:43,2021-06-17 23:19:10.141154,"Prev. Close: 0.9173
Bid/Ask: 0.9174 / 0.9178
Day's Range: 0.9169 - 0.9183",Strong Buy,"Summary:Strong Buy
Moving Averages:BuyBuy (12)Sell (0)
Technical Indicators:Strong BuyBuy (10)Sell (0)","Name
S3
S2
S1
Pivot Points
R1
R2
R3
Classic
0.9170
0.9172
0.9174
0.9176
0.9178
0.9180
0.9182
Fibonacci
0.9172
0.9174
0.9174
0.9176
0.9178
0.9178
0.9180
Camarilla
0.9174
0.9174
0.9175
0.9176
0.9175
0.9176
0.9176
Woodie's
0.9170
0.9172
0.9174
0.9176
0.9178
0.9180
0.9182
DeMark's
-
-
0.9172
0.9175
0.9176
-
-","Technical IndicatorsJun 17, 2021 11:18PM GMT
Name
Value
Action
RSI(14)
74.599
Buy
STOCH(9,6)
74.677
Buy
STOCHRSI(14)
3.208
Oversold
MACD(12,26)
0.003
Buy
ADX(14)
39.163
Buy
Williams %R
-21.297
Buy
CCI(14)
71.0654
Buy
ATR(14)
0.0013
Less Volatility
Highs/Lows(14)
0.0004
Buy
Ultimate Oscillator
51.476
Buy
ROC
0.339
Buy
Bull/Bear Power(13)
0.0034
Buy
Buy: 10
Sell: 0
Neutral: 0


Summary:Strong Buy","Jun 17, 2021 11:18PM GMT"
nzd_chf,0.6439 +0.0020    +0.31%,19:18:51,2021-06-17 23:19:10.144112,"Prev. Close: 0.6419
Bid/Ask: 0.6438 / 0.6440
Day's Range: 0.6421 - 0.6441",Strong Buy,"Summary:Strong Buy
Moving Averages:BuyBuy (12)Sell (0)
Technical Indicators:Strong BuyBuy (6)Sell (3)","Name
S3
S2
S1
Pivot Points
R1
R2
R3
Classic
0.6417
0.6422
0.6429
0.6434
0.6441
0.6446
0.6454
Fibonacci
0.6422
0.6426
0.6429
0.6434
0.6439
0.6442
0.6446
Camarilla
0.6434
0.6435
0.6436
0.6434
0.6439
0.6440
0.6441
Woodie's
0.6419
0.6423
0.6431
0.6435
0.6443
0.6447
0.6456
DeMark's
-
-
0.6432
0.6435
0.6444
-
-","Technical IndicatorsJun 17, 2021 11:17PM GMT
Name
Value
Action
RSI(14)
59.638
Buy
STOCH(9,6)
65.470
Buy
STOCHRSI(14)
100.000
Overbought
MACD(12,26)
0.000
Buy
ADX(14)
26.480
Sell
Williams %R
-13.159
Overbought
CCI(14)
186.5961
Buy
ATR(14)
0.0012
Less Volatility
Highs/Lows(14)
0.0007
Buy
Ultimate Oscillator
44.526
Sell
ROC
-0.023
Sell
Bull/Bear Power(13)
0.0016
Buy
Buy: 6
Sell: 3
Neutral: 0


Summary:Strong Buy","Jun 17, 2021 11:17PM GMT"
usd_cny,6.4484 +0.0515    +0.80%,11:27:22,2021-06-17 23:19:10.147051,"Prev. Close: 6.3969
Bid/Ask: 6.4477 / 6.4490
Day's Range: 6.3972 - 6.4494",Strong Buy,"Summary:Strong Buy
Moving Averages:BuyBuy (12)Sell (0)
Technical Indicators:Strong BuyBuy (7)Sell (0)","Name
S3
S2
S1
Pivot Points
R1
R2
R3
Classic
6.4380
6.4399
6.4436
6.4455
6.4492
6.4511
6.4548
Fibonacci
6.4399
6.4420
6.4434
6.4455
6.4476
6.4490
6.4511
Camarilla
6.4458
6.4463
6.4468
6.4455
6.4479
6.4484
6.4489
Woodie's
6.4390
6.4404
6.4446
6.4460
6.4502
6.4516
6.4558
DeMark's
-
-
6.4446
6.4460
6.4502
-
-","Technical IndicatorsJun 17, 2021 03:34PM GMT
Name
Value
Action
RSI(14)
85.433
Overbought
STOCH(9,6)
77.649
Buy
STOCHRSI(14)
100.000
Overbought
MACD(12,26)
0.011
Buy
ADX(14)
61.337
Buy
Williams %R
-3.426
Overbought
CCI(14)
151.8010
Buy
ATR(14)
0.0041
Less Volatility
Highs/Lows(14)
0.0141
Buy
Ultimate Oscillator
82.973
Overbought
ROC
0.391
Buy
Bull/Bear Power(13)
0.0286
Buy
Buy: 7
Sell: 0
Neutral: 0


Summary:Strong Buy","Jun 17, 2021 03:34PM GMT"
usd_hkd,7.7643 -0.0001    -0.00%,19:18:42,2021-06-17 23:19:10.149990,"Prev. Close: 7.7644
Bid/Ask: 7.7642 / 7.7644
Day's Range: 7.7641 - 7.7652",Neutral,"Summary:Neutral
Moving Averages:NeutralBuy (6)Sell (6)
Technical Indicators:BUYBuy (4)Sell (2)","Name
S3
S2
S1
Pivot Points
R1
R2
R3
Classic
7.7629
7.7635
7.7640
7.7646
7.7651
7.7657
7.7663
Fibonacci
7.7635
7.7639
7.7642
7.7646
7.7650
7.7653
7.7657
Camarilla
7.7643
7.7644
7.7645
7.7646
7.7648
7.7649
7.7650
Woodie's
7.7629
7.7635
7.7640
7.7646
7.7651
7.7657
7.7663
DeMark's
-
-
7.7638
7.7645
7.7649
-
-","Technical IndicatorsJun 17, 2021 11:18PM GMT
Name
Value
Action
RSI(14)
51.081
Neutral
STOCH(9,6)
58.942
Buy
STOCHRSI(14)
5.731
Oversold
MACD(12,26)
0.000
Buy
ADX(14)
25.688
Neutral
Williams %R
-68.432
Sell
CCI(14)
-38.3940
Neutral
ATR(14)
0.0008
Less Volatility
Highs/Lows(14)
0.0000
Neutral
Ultimate Oscillator
53.430
Buy
ROC
-0.009
Sell
Bull/Bear Power(13)
0.0010
Buy
Buy: 4
Sell: 2
Neutral: 4


Summary:BUY","Jun 17, 2021 11:18PM GMT"
eur_usd,1.1913 +0.0006    +0.05%,19:19:36,2021-06-17 23:20:10.127165,"Prev. Close: 1.1906
Bid/Ask: 1.1912 / 1.1913
Day's Range: 1.1906 - 1.1914",Strong Sell,"Summary:Strong Sell
Moving Averages:SellBuy (3)Sell (9)
Technical Indicators:Strong SellBuy (0)Sell (8)","Name
S3
S2
S1
Pivot Points
R1
R2
R3
Classic
1.1900
1.1903
1.1907
1.1910
1.1914
1.1917
1.1921
Fibonacci
1.1903
1.1906
1.1907
1.1910
1.1913
1.1914
1.1917
Camarilla
1.1910
1.1910
1.1911
1.1910
1.1912
1.1913
1.1913
Woodie's
1.1902
1.1904
1.1909
1.1911
1.1916
1.1918
1.1923
DeMark's
-
-
1.1909
1.1911
1.1916
-
-","Technical IndicatorsJun 17, 2021 11:19PM GMT
Name
Value
Action
RSI(14)
30.980
Sell
STOCH(9,6)
29.398
Sell
STOCHRSI(14)
100.000
Overbought
MACD(12,26)
-0.003
Sell
ADX(14)
35.438
Sell
Williams %R
-67.213
Sell
CCI(14)
-46.9222
Neutral
ATR(14)
0.0016
Less Volatility
Highs/Lows(14)
0.0000
Neutral
Ultimate Oscillator
43.739
Sell
ROC
-0.318
Sell
Bull/Bear Power(13)
-0.0014
Sell
Buy: 0
Sell: 8
Neutral: 2


Summary:Strong Sell","Jun 17, 2021 11:19PM GMT"
gbp_usd,1.3934 +0.0015    +0.11%,19:19:30,2021-06-17 23:20:10.131432,"Prev. Close: 1.3919
Bid/Ask: 1.3933 / 1.3935
Day's Range: 1.3915 - 1.3935",Sell,"Summary:Sell
Moving Averages:SellBuy (4)Sell (8)
Technical Indicators:SellBuy (1)Sell (5)","Name
S3
S2
S1
Pivot Points
R1
R2
R3
Classic
1.3914
1.3918
1.3925
1.3930
1.3937
1.3942
1.3949
Fibonacci
1.3918
1.3923
1.3926
1.3930
1.3934
1.3937
1.3942
Camarilla
1.3929
1.3930
1.3931
1.3930
1.3934
1.3935
1.3936
Woodie's
1.3916
1.3919
1.3927
1.3931
1.3939
1.3943
1.3951
DeMark's
-
-
1.3928
1.3931
1.3939
-
-","Technical IndicatorsJun 17, 2021 11:19PM GMT
Name
Value
Action
RSI(14)
40.598
Sell
STOCH(9,6)
45.816
Neutral
STOCHRSI(14)
100.000
Overbought
MACD(12,26)
-0.003
Sell
ADX(14)
38.045
Sell
Williams %R
-52.501
Neutral
CCI(14)
-1.8775
Neutral
ATR(14)
0.0023
Less Volatility
Highs/Lows(14)
0.0000
Neutral
Ultimate Oscillator
51.532
Buy
ROC
-0.286
Sell
Bull/Bear Power(13)
-0.0013
Sell
Buy: 1
Sell: 5
Neutral: 4


Summary:Sell","Jun 17, 2021 11:19PM GMT"
usd_jpy,110.26 +0.06    +0.05%,19:19:34,2021-06-17 23:20:10.134811,"Prev. Close: 110.20
Bid/Ask: 110.23 / 110.28
Day's Range: 110.17 - 110.83",Neutral,"Summary:Neutral
Moving Averages:BuyBuy (7)Sell (5)
Technical Indicators:Strong SellBuy (1)Sell (8)","Name
S3
S2
S1
Pivot Points
R1
R2
R3
Classic
110.18
110.21
110.25
110.27
110.31
110.33
110.37
Fibonacci
110.21
110.23
110.25
110.27
110.29
110.31
110.33
Camarilla
110.26
110.26
110.27
110.27
110.28
110.29
110.29
Woodie's
110.18
110.21
110.25
110.27
110.31
110.33
110.37
DeMark's
-
-
110.26
110.28
110.32
-
-","Technical IndicatorsJun 17, 2021 11:19PM GMT
Name
Value
Action
RSI(14)
42.918
Sell
STOCH(9,6)
24.470
Sell
STOCHRSI(14)
16.956
Oversold
MACD(12,26)
-0.030
Sell
ADX(14)
27.319
Buy
Williams %R
-84.873
Oversold
CCI(14)
-53.5813
Sell
ATR(14)
0.1150
Less Volatility
Highs/Lows(14)
-0.0486
Sell
Ultimate Oscillator
40.709
Sell
ROC
-0.393
Sell
Bull/Bear Power(13)
-0.1270
Sell
Buy: 1
Sell: 8
Neutral: 0


Summary:Strong Sell","Jun 17, 2021 11:19PM GMT"
aud_usd,0.7557 +0.0007    +0.09%,19:19:37,2021-06-17 23:20:10.137947,"Prev. Close: 0.7550
Bid/Ask: 0.7556 / 0.7558
Day's Range: 0.7547 - 0.7560",Strong Sell,"Summary:Strong Sell
Moving Averages:SellBuy (3)Sell (9)
Technical Indicators:Strong SellBuy (0)Sell (8)","Name
S3
S2
S1
Pivot Points
R1
R2
R3
Classic
0.7545
0.7548
0.7554
0.7557
0.7563
0.7566
0.7572
Fibonacci
0.7548
0.7551
0.7554
0.7557
0.7560
0.7563
0.7566
Camarilla
0.7556
0.7557
0.7558
0.7557
0.7559
0.7560
0.7561
Woodie's
0.7545
0.7548
0.7554
0.7557
0.7563
0.7566
0.7572
DeMark's
-
-
0.7555
0.7557
0.7563
-
-","Technical IndicatorsJun 17, 2021 11:18PM GMT
Name
Value
Action
RSI(14)
33.225
Sell
STOCH(9,6)
32.713
Sell
STOCHRSI(14)
97.695
Overbought
MACD(12,26)
-0.002
Sell
ADX(14)
49.534
Sell
Williams %R
-69.231
Sell
CCI(14)
-39.5690
Neutral
ATR(14)
0.0015
Less Volatility
Highs/Lows(14)
0.0000
Neutral
Ultimate Oscillator
45.382
Sell
ROC
-0.507
Sell
Bull/Bear Power(13)
-0.0006
Sell
Buy: 0
Sell: 8
Neutral: 2


Summary:Strong Sell","Jun 17, 2021 11:18PM GMT"
eur_gbp,0.8549 -0.0002    -0.02%,19:19:43,2021-06-17 23:20:10.140996,"Prev. Close: 0.8551
Bid/Ask: 0.8548 / 0.8550
Day's Range: 0.8548 - 0.8557",Strong Sell,"Summary:Strong Sell
Moving Averages:Strong SellBuy (0)Sell (12)
Technical Indicators:Strong SellBuy (1)Sell (8)","Name
S3
S2
S1
Pivot Points
R1
R2
R3
Classic
0.8540
0.8544
0.8546
0.8550
0.8553
0.8556
0.8559
Fibonacci
0.8544
0.8546
0.8548
0.8550
0.8552
0.8554
0.8556
Camarilla
0.8548
0.8548
0.8549
0.8550
0.8550
0.8551
0.8551
Woodie's
0.8540
0.8544
0.8546
0.8550
0.8553
0.8556
0.8559
DeMark's
-
-
0.8545
0.8549
0.8552
-
-","Technical IndicatorsJun 17, 2021 11:19PM GMT
Name
Value
Action
RSI(14)
35.316
Sell
STOCH(9,6)
26.500
Sell
STOCHRSI(14)
17.538
Oversold
MACD(12,26)
-0.001
Sell
ADX(14)
30.896
Buy
Williams %R
-85.185
Oversold
CCI(14)
-138.3986
Sell
ATR(14)
0.0010
Less Volatility
Highs/Lows(14)
-0.0002
Sell
Ultimate Oscillator
48.361
Sell
ROC
-0.041
Sell
Bull/Bear Power(13)
-0.0023
Sell
Buy: 1
Sell: 8
Neutral: 0


Summary:Strong Sell","Jun 17, 2021 11:19PM GMT"
usd_cad,1.2344 -0.0018    -0.14%,19:19:37,2021-06-17 23:20:10.144000,"Prev. Close: 1.2361
Bid/Ask: 1.2343 / 1.2344
Day's Range: 1.2340 - 1.2368",Strong Buy,"Summary:Strong Buy
Moving Averages:BuyBuy (8)Sell (4)
Technical Indicators:Strong BuyBuy (8)Sell (0)","Name
S3
S2
S1
Pivot Points
R1
R2
R3
Classic
1.2323
1.2333
1.2339
1.2348
1.2354
1.2363
1.2369
Fibonacci
1.2333
1.2338
1.2342
1.2348
1.2354
1.2358
1.2363
Camarilla
1.2341
1.2342
1.2344
1.2348
1.2346
1.2348
1.2349
Woodie's
1.2321
1.2332
1.2337
1.2347
1.2352
1.2362
1.2367
DeMark's
-
-
1.2336
1.2347
1.2351
-
-","Technical IndicatorsJun 17, 2021 11:19PM GMT
Name
Value
Action
RSI(14)
63.179
Buy
STOCH(9,6)
66.576
Buy
STOCHRSI(14)
0.000
Oversold
MACD(12,26)
0.003
Buy
ADX(14)
42.797
Buy
Williams %R
-41.213
Buy
CCI(14)
9.0311
Neutral
ATR(14)
0.0023
Less Volatility
Highs/Lows(14)
0.0000
Neutral
Ultimate Oscillator
64.727
Buy
ROC
0.183
Buy
Bull/Bear Power(13)
0.0006
Buy
Buy: 8
Sell: 0
Neutral: 2


Summary:Strong Buy","Jun 17, 2021 11:19PM GMT"
usd_chf,0.9176 +0.0003    +0.03%,19:19:43,2021-06-17 23:20:10.147042,"Prev. Close: 0.9173
Bid/Ask: 0.9172 / 0.9180
Day's Range: 0.9169 - 0.9183",Strong Buy,"Summary:Strong Buy
Moving Averages:BuyBuy (12)Sell (0)
Technical Indicators:Strong BuyBuy (10)Sell (0)","Name
S3
S2
S1
Pivot Points
R1
R2
R3
Classic
0.9170
0.9172
0.9174
0.9176
0.9178
0.9180
0.9182
Fibonacci
0.9172
0.9174
0.9174
0.9176
0.9178
0.9178
0.9180
Camarilla
0.9174
0.9174
0.9175
0.9176
0.9175
0.9176
0.9176
Woodie's
0.9170
0.9172
0.9174
0.9176
0.9178
0.9180
0.9182
DeMark's
-
-
0.9172
0.9175
0.9176
-
-","Technical IndicatorsJun 17, 2021 11:18PM GMT
Name
Value
Action
RSI(14)
74.599
Buy
STOCH(9,6)
74.677
Buy
STOCHRSI(14)
3.208
Oversold
MACD(12,26)
0.003
Buy
ADX(14)
39.163
Buy
Williams %R
-21.297
Buy
CCI(14)
71.0654
Buy
ATR(14)
0.0013
Less Volatility
Highs/Lows(14)
0.0004
Buy
Ultimate Oscillator
51.476
Buy
ROC
0.339
Buy
Bull/Bear Power(13)
0.0034
Buy
Buy: 10
Sell: 0
Neutral: 0


Summary:Strong Buy","Jun 17, 2021 11:18PM GMT"
nzd_chf,0.6439 +0.0020    +0.31%,19:19:43,2021-06-17 23:20:10.150123,"Prev. Close: 0.6419
Bid/Ask: 0.6438 / 0.6440
Day's Range: 0.6421 - 0.6441",Strong Buy,"Summary:Strong Buy
Moving Averages:BuyBuy (12)Sell (0)
Technical Indicators:Strong BuyBuy (6)Sell (3)","Name
S3
S2
S1
Pivot Points
R1
R2
R3
Classic
0.6417
0.6422
0.6429
0.6434
0.6441
0.6446
0.6454
Fibonacci
0.6422
0.6426
0.6429
0.6434
0.6439
0.6442
0.6446
Camarilla
0.6434
0.6435
0.6436
0.6434
0.6439
0.6440
0.6441
Woodie's
0.6419
0.6423
0.6431
0.6435
0.6443
0.6447
0.6456
DeMark's
-
-
0.6432
0.6435
0.6444
-
-","Technical IndicatorsJun 17, 2021 11:19PM GMT
Name
Value
Action
RSI(14)
59.638
Buy
STOCH(9,6)
65.470
Buy
STOCHRSI(14)
100.000
Overbought
MACD(12,26)
0.000
Buy
ADX(14)
26.480
Sell
Williams %R
-13.159
Overbought
CCI(14)
186.5961
Buy
ATR(14)
0.0012
Less Volatility
Highs/Lows(14)
0.0007
Buy
Ultimate Oscillator
44.526
Sell
ROC
-0.023
Sell
Bull/Bear Power(13)
0.0016
Buy
Buy: 6
Sell: 3
Neutral: 0


Summary:Strong Buy","Jun 17, 2021 11:19PM GMT"
usd_cny,6.4484 +0.0515    +0.80%,11:27:22,2021-06-17 23:20:10.153220,"Prev. Close: 6.3969
Bid/Ask: 6.4477 / 6.4490
Day's Range: 6.3972 - 6.4494",Strong Buy,"Summary:Strong Buy
Moving Averages:BuyBuy (12)Sell (0)
Technical Indicators:Strong BuyBuy (7)Sell (0)","Name
S3
S2
S1
Pivot Points
R1
R2
R3
Classic
6.4380
6.4399
6.4436
6.4455
6.4492
6.4511
6.4548
Fibonacci
6.4399
6.4420
6.4434
6.4455
6.4476
6.4490
6.4511
Camarilla
6.4458
6.4463
6.4468
6.4455
6.4479
6.4484
6.4489
Woodie's
6.4390
6.4404
6.4446
6.4460
6.4502
6.4516
6.4558
DeMark's
-
-
6.4446
6.4460
6.4502
-
-","Technical IndicatorsJun 17, 2021 03:34PM GMT
Name
Value
Action
RSI(14)
85.433
Overbought
STOCH(9,6)
77.649
Buy
STOCHRSI(14)
100.000
Overbought
MACD(12,26)
0.011
Buy
ADX(14)
61.337
Buy
Williams %R
-3.426
Overbought
CCI(14)
151.8010
Buy
ATR(14)
0.0041
Less Volatility
Highs/Lows(14)
0.0141
Buy
Ultimate Oscillator
82.973
Overbought
ROC
0.391
Buy
Bull/Bear Power(13)
0.0286
Buy
Buy: 7
Sell: 0
Neutral: 0


Summary:Strong Buy","Jun 17, 2021 03:34PM GMT"
usd_hkd,7.7642 -0.0003    -0.00%,19:19:36,2021-06-17 23:20:10.156251,"Prev. Close: 7.7644
Bid/Ask: 7.7640 / 7.7643
Day's Range: 7.7641 - 7.7652",Neutral,"Summary:Neutral
Moving Averages:NeutralBuy (6)Sell (6)
Technical Indicators:BUYBuy (4)Sell (3)","Name
S3
S2
S1
Pivot Points
R1
R2
R3
Classic
7.7629
7.7635
7.7640
7.7646
7.7651
7.7657
7.7663
Fibonacci
7.7635
7.7639
7.7642
7.7646
7.7650
7.7653
7.7657
Camarilla
7.7643
7.7644
7.7645
7.7646
7.7648
7.7649
7.7650
Woodie's
7.7629
7.7635
7.7640
7.7646
7.7651
7.7657
7.7663
DeMark's
-
-
7.7638
7.7645
7.7649
-
-","Technical IndicatorsJun 17, 2021 11:20PM GMT
Name
Value
Action
RSI(14)
50.172
Neutral
STOCH(9,6)
57.835
Buy
STOCHRSI(14)
0.000
Oversold
MACD(12,26)
0.000
Buy
ADX(14)
25.688
Neutral
Williams %R
-73.676
Sell
CCI(14)
-46.6035
Neutral
ATR(14)
0.0008
Less Volatility
Highs/Lows(14)
-0.0000
Sell
Ultimate Oscillator
51.784
Buy
ROC
-0.010
Sell
Bull/Bear Power(13)
0.0010
Buy
Buy: 4
Sell: 3
Neutral: 3


Summary:BUY","Jun 17, 2021 11:20PM GMT"
eur_usd,1.1913 +0.0006    +0.05%,19:20:27,2021-06-17 23:21:10.304356,"Prev. Close: 1.1906
Bid/Ask: 1.1912 / 1.1913
Day's Range: 1.1906 - 1.1914",Strong Sell,"Summary:Strong Sell
Moving Averages:SellBuy (3)Sell (9)
Technical Indicators:Strong SellBuy (0)Sell (8)","Name
S3
S2
S1
Pivot Points
R1
R2
R3
Classic
1.1900
1.1903
1.1907
1.1910
1.1914
1.1917
1.1921
Fibonacci
1.1903
1.1906
1.1907
1.1910
1.1913
1.1914
1.1917
Camarilla
1.1910
1.1910
1.1911
1.1910
1.1912
1.1913
1.1913
Woodie's
1.1902
1.1904
1.1909
1.1911
1.1916
1.1918
1.1923
DeMark's
-
-
1.1909
1.1911
1.1916
-
-","Technical IndicatorsJun 17, 2021 11:19PM GMT
Name
Value
Action
RSI(14)
30.980
Sell
STOCH(9,6)
29.398
Sell
STOCHRSI(14)
100.000
Overbought
MACD(12,26)
-0.003
Sell
ADX(14)
35.438
Sell
Williams %R
-67.213
Sell
CCI(14)
-46.9222
Neutral
ATR(14)
0.0016
Less Volatility
Highs/Lows(14)
0.0000
Neutral
Ultimate Oscillator
43.739
Sell
ROC
-0.318
Sell
Bull/Bear Power(13)
-0.0014
Sell
Buy: 0
Sell: 8
Neutral: 2


Summary:Strong Sell","Jun 17, 2021 11:19PM GMT"
gbp_usd,1.3935 +0.0015    +0.11%,19:20:29,2021-06-17 23:21:10.308573,"Prev. Close: 1.3919
Bid/Ask: 1.3934 / 1.3935
Day's Range: 1.3915 - 1.3935",Sell,"Summary:Sell
Moving Averages:SellBuy (4)Sell (8)
Technical Indicators:SellBuy (1)Sell (5)","Name
S3
S2
S1
Pivot Points
R1
R2
R3
Classic
1.3914
1.3918
1.3925
1.3930
1.3937
1.3942
1.3949
Fibonacci
1.3918
1.3923
1.3926
1.3930
1.3934
1.3937
1.3942
Camarilla
1.3929
1.3930
1.3931
1.3930
1.3934
1.3935
1.3936
Woodie's
1.3916
1.3919
1.3927
1.3931
1.3939
1.3943
1.3951
DeMark's
-
-
1.3928
1.3931
1.3939
-
-","Technical IndicatorsJun 17, 2021 11:19PM GMT
Name
Value
Action
RSI(14)
40.598
Sell
STOCH(9,6)
45.816
Neutral
STOCHRSI(14)
100.000
Overbought
MACD(12,26)
-0.003
Sell
ADX(14)
38.045
Sell
Williams %R
-52.501
Neutral
CCI(14)
-1.8775
Neutral
ATR(14)
0.0023
Less Volatility
Highs/Lows(14)
0.0000
Neutral
Ultimate Oscillator
51.532
Buy
ROC
-0.286
Sell
Bull/Bear Power(13)
-0.0013
Sell
Buy: 1
Sell: 5
Neutral: 4


Summary:Sell","Jun 17, 2021 11:19PM GMT"
usd_jpy,110.26 +0.06    +0.05%,19:20:22,2021-06-17 23:21:10.311923,"Prev. Close: 110.20
Bid/Ask: 110.23 / 110.28
Day's Range: 110.17 - 110.83",Neutral,"Summary:Neutral
Moving Averages:BuyBuy (7)Sell (5)
Technical Indicators:Strong SellBuy (1)Sell (8)","Name
S3
S2
S1
Pivot Points
R1
R2
R3
Classic
110.18
110.21
110.25
110.27
110.31
110.33
110.37
Fibonacci
110.21
110.23
110.25
110.27
110.29
110.31
110.33
Camarilla
110.26
110.26
110.27
110.27
110.28
110.29
110.29
Woodie's
110.18
110.21
110.25
110.27
110.31
110.33
110.37
DeMark's
-
-
110.26
110.28
110.32
-
-","Technical IndicatorsJun 17, 2021 11:19PM GMT
Name
Value
Action
RSI(14)
42.918
Sell
STOCH(9,6)
24.470
Sell
STOCHRSI(14)
16.956
Oversold
MACD(12,26)
-0.030
Sell
ADX(14)
27.319
Buy
Williams %R
-84.873
Oversold
CCI(14)
-53.5813
Sell
ATR(14)
0.1150
Less Volatility
Highs/Lows(14)
-0.0486
Sell
Ultimate Oscillator
40.709
Sell
ROC
-0.393
Sell
Bull/Bear Power(13)
-0.1270
Sell
Buy: 1
Sell: 8
Neutral: 0


Summary:Strong Sell","Jun 17, 2021 11:19PM GMT"
aud_usd,0.7558 +0.0008    +0.10%,19:20:23,2021-06-17 23:21:10.315003,"Prev. Close: 0.7550
Bid/Ask: 0.7557 / 0.7558
Day's Range: 0.7547 - 0.7560",Strong Sell,"Summary:Strong Sell
Moving Averages:SellBuy (3)Sell (9)
Technical Indicators:Strong SellBuy (0)Sell (8)","Name
S3
S2
S1
Pivot Points
R1
R2
R3
Classic
0.7545
0.7548
0.7554
0.7557
0.7563
0.7566
0.7572
Fibonacci
0.7548
0.7551
0.7554
0.7557
0.7560
0.7563
0.7566
Camarilla
0.7556
0.7557
0.7558
0.7557
0.7559
0.7560
0.7561
Woodie's
0.7545
0.7548
0.7554
0.7557
0.7563
0.7566
0.7572
DeMark's
-
-
0.7555
0.7557
0.7563
-
-","Technical IndicatorsJun 17, 2021 11:20PM GMT
Name
Value
Action
RSI(14)
33.225
Sell
STOCH(9,6)
32.713
Sell
STOCHRSI(14)
97.695
Overbought
MACD(12,26)
-0.002
Sell
ADX(14)
49.534
Sell
Williams %R
-69.231
Sell
CCI(14)
-39.5690
Neutral
ATR(14)
0.0015
Less Volatility
Highs/Lows(14)
0.0000
Neutral
Ultimate Oscillator
45.382
Sell
ROC
-0.507
Sell
Bull/Bear Power(13)
-0.0006
Sell
Buy: 0
Sell: 8
Neutral: 2


Summary:Strong Sell","Jun 17, 2021 11:20PM GMT"
eur_gbp,0.8549 -0.0002    -0.02%,19:20:34,2021-06-17 23:21:10.317999,"Prev. Close: 0.8551
Bid/Ask: 0.8548 / 0.8550
Day's Range: 0.8548 - 0.8557",Strong Sell,"Summary:Strong Sell
Moving Averages:Strong SellBuy (0)Sell (12)
Technical Indicators:Strong SellBuy (1)Sell (8)","Name
S3
S2
S1
Pivot Points
R1
R2
R3
Classic
0.8540
0.8544
0.8546
0.8550
0.8553
0.8556
0.8559
Fibonacci
0.8544
0.8546
0.8548
0.8550
0.8552
0.8554
0.8556
Camarilla
0.8548
0.8548
0.8549
0.8550
0.8550
0.8551
0.8551
Woodie's
0.8540
0.8544
0.8546
0.8550
0.8553
0.8556
0.8559
DeMark's
-
-
0.8545
0.8549
0.8552
-
-","Technical IndicatorsJun 17, 2021 11:19PM GMT
Name
Value
Action
RSI(14)
35.316
Sell
STOCH(9,6)
26.500
Sell
STOCHRSI(14)
17.538
Oversold
MACD(12,26)
-0.001
Sell
ADX(14)
30.896
Buy
Williams %R
-85.185
Oversold
CCI(14)
-138.3986
Sell
ATR(14)
0.0010
Less Volatility
Highs/Lows(14)
-0.0002
Sell
Ultimate Oscillator
48.361
Sell
ROC
-0.041
Sell
Bull/Bear Power(13)
-0.0023
Sell
Buy: 1
Sell: 8
Neutral: 0


Summary:Strong Sell","Jun 17, 2021 11:19PM GMT"
usd_cad,1.2344 -0.0018    -0.14%,19:20:52,2021-06-17 23:21:10.320971,"Prev. Close: 1.2361
Bid/Ask: 1.2343 / 1.2344
Day's Range: 1.2340 - 1.2368",Strong Buy,"Summary:Strong Buy
Moving Averages:BuyBuy (8)Sell (4)
Technical Indicators:Strong BuyBuy (8)Sell (0)","Name
S3
S2
S1
Pivot Points
R1
R2
R3
Classic
1.2323
1.2333
1.2339
1.2348
1.2354
1.2363
1.2369
Fibonacci
1.2333
1.2338
1.2342
1.2348
1.2354
1.2358
1.2363
Camarilla
1.2341
1.2342
1.2344
1.2348
1.2346
1.2348
1.2349
Woodie's
1.2321
1.2332
1.2337
1.2347
1.2352
1.2362
1.2367
DeMark's
-
-
1.2336
1.2347
1.2351
-
-","Technical IndicatorsJun 17, 2021 11:19PM GMT
Name
Value
Action
RSI(14)
63.179
Buy
STOCH(9,6)
66.576
Buy
STOCHRSI(14)
0.000
Oversold
MACD(12,26)
0.003
Buy
ADX(14)
42.797
Buy
Williams %R
-41.213
Buy
CCI(14)
9.0311
Neutral
ATR(14)
0.0023
Less Volatility
Highs/Lows(14)
0.0000
Neutral
Ultimate Oscillator
64.727
Buy
ROC
0.183
Buy
Bull/Bear Power(13)
0.0006
Buy
Buy: 8
Sell: 0
Neutral: 2


Summary:Strong Buy","Jun 17, 2021 11:19PM GMT"
usd_chf,0.9176 +0.0003    +0.03%,19:20:38,2021-06-17 23:21:10.323959,"Prev. Close: 0.9173
Bid/Ask: 0.9172 / 0.9180
Day's Range: 0.9169 - 0.9183",Strong Buy,"Summary:Strong Buy
Moving Averages:BuyBuy (10)Sell (2)
Technical Indicators:Strong BuyBuy (9)Sell (0)","Name
S3
S2
S1
Pivot Points
R1
R2
R3
Classic
0.9170
0.9172
0.9174
0.9176
0.9178
0.9180
0.9182
Fibonacci
0.9172
0.9174
0.9174
0.9176
0.9178
0.9178
0.9180
Camarilla
0.9174
0.9174
0.9175
0.9176
0.9175
0.9176
0.9176
Woodie's
0.9170
0.9172
0.9174
0.9176
0.9178
0.9180
0.9182
DeMark's
-
-
0.9172
0.9175
0.9176
-
-","Technical IndicatorsJun 17, 2021 11:20PM GMT
Name
Value
Action
RSI(14)
74.464
Buy
STOCH(9,6)
74.461
Buy
STOCHRSI(14)
2.151
Oversold
MACD(12,26)
0.003
Buy
ADX(14)
39.163
Buy
Williams %R
-22.223
Buy
CCI(14)
70.1890
Buy
ATR(14)
0.0013
Less Volatility
Highs/Lows(14)
0.0003
Buy
Ultimate Oscillator
50.921
Neutral
ROC
0.333
Buy
Bull/Bear Power(13)
0.0034
Buy
Buy: 9
Sell: 0
Neutral: 1


Summary:Strong Buy","Jun 17, 2021 11:20PM GMT"
nzd_chf,0.6439 +0.0020    +0.31%,19:20:46,2021-06-17 23:21:10.326943,"Prev. Close: 0.6419
Bid/Ask: 0.6438 / 0.6440
Day's Range: 0.6421 - 0.6441",Strong Buy,"Summary:Strong Buy
Moving Averages:BuyBuy (12)Sell (0)
Technical Indicators:Strong BuyBuy (6)Sell (3)","Name
S3
S2
S1
Pivot Points
R1
R2
R3
Classic
0.6417
0.6422
0.6429
0.6434
0.6441
0.6446
0.6454
Fibonacci
0.6422
0.6426
0.6429
0.6434
0.6439
0.6442
0.6446
Camarilla
0.6434
0.6435
0.6436
0.6434
0.6439
0.6440
0.6441
Woodie's
0.6419
0.6423
0.6431
0.6435
0.6443
0.6447
0.6456
DeMark's
-
-
0.6432
0.6435
0.6444
-
-","Technical IndicatorsJun 17, 2021 11:19PM GMT
Name
Value
Action
RSI(14)
59.638
Buy
STOCH(9,6)
65.470
Buy
STOCHRSI(14)
100.000
Overbought
MACD(12,26)
0.000
Buy
ADX(14)
26.480
Sell
Williams %R
-13.159
Overbought
CCI(14)
186.5961
Buy
ATR(14)
0.0012
Less Volatility
Highs/Lows(14)
0.0007
Buy
Ultimate Oscillator
44.526
Sell
ROC
-0.023
Sell
Bull/Bear Power(13)
0.0016
Buy
Buy: 6
Sell: 3
Neutral: 0


Summary:Strong Buy","Jun 17, 2021 11:19PM GMT"
usd_cny,6.4484 +0.0515    +0.80%,11:27:22,2021-06-17 23:21:10.329901,"Prev. Close: 6.3969
Bid/Ask: 6.4477 / 6.4490
Day's Range: 6.3972 - 6.4494",Strong Buy,"Summary:Strong Buy
Moving Averages:BuyBuy (12)Sell (0)
Technical Indicators:Strong BuyBuy (7)Sell (0)","Name
S3
S2
S1
Pivot Points
R1
R2
R3
Classic
6.4380
6.4399
6.4436
6.4455
6.4492
6.4511
6.4548
Fibonacci
6.4399
6.4420
6.4434
6.4455
6.4476
6.4490
6.4511
Camarilla
6.4458
6.4463
6.4468
6.4455
6.4479
6.4484
6.4489
Woodie's
6.4390
6.4404
6.4446
6.4460
6.4502
6.4516
6.4558
DeMark's
-
-
6.4446
6.4460
6.4502
-
-","Technical IndicatorsJun 17, 2021 03:34PM GMT
Name
Value
Action
RSI(14)
85.433
Overbought
STOCH(9,6)
77.649
Buy
STOCHRSI(14)
100.000
Overbought
MACD(12,26)
0.011
Buy
ADX(14)
61.337
Buy
Williams %R
-3.426
Overbought
CCI(14)
151.8010
Buy
ATR(14)
0.0041
Less Volatility
Highs/Lows(14)
0.0141
Buy
Ultimate Oscillator
82.973
Overbought
ROC
0.391
Buy
Bull/Bear Power(13)
0.0286
Buy
Buy: 7
Sell: 0
Neutral: 0


Summary:Strong Buy","Jun 17, 2021 03:34PM GMT"
usd_hkd,7.7643 -0.0001    -0.00%,19:20:47,2021-06-17 23:21:10.332889,"Prev. Close: 7.7644
Bid/Ask: 7.7642 / 7.7643
Day's Range: 7.7641 - 7.7652",Neutral,"Summary:Neutral
Moving Averages:NeutralBuy (6)Sell (6)
Technical Indicators:BUYBuy (4)Sell (3)","Name
S3
S2
S1
Pivot Points
R1
R2
R3
Classic
7.7629
7.7635
7.7640
7.7646
7.7651
7.7657
7.7663
Fibonacci
7.7635
7.7639
7.7642
7.7646
7.7650
7.7653
7.7657
Camarilla
7.7643
7.7644
7.7645
7.7646
7.7648
7.7649
7.7650
Woodie's
7.7629
7.7635
7.7640
7.7646
7.7651
7.7657
7.7663
DeMark's
-
-
7.7638
7.7645
7.7649
-
-","Technical IndicatorsJun 17, 2021 11:20PM GMT
Name
Value
Action
RSI(14)
50.172
Neutral
STOCH(9,6)
57.835
Buy
STOCHRSI(14)
0.000
Oversold
MACD(12,26)
0.000
Buy
ADX(14)
25.688
Neutral
Williams %R
-73.676
Sell
CCI(14)
-46.6035
Neutral
ATR(14)
0.0008
Less Volatility
Highs/Lows(14)
-0.0000
Sell
Ultimate Oscillator
51.784
Buy
ROC
-0.010
Sell
Bull/Bear Power(13)
0.0010
Buy
Buy: 4
Sell: 3
Neutral: 3


Summary:BUY","Jun 17, 2021 11:20PM GMT"
eur_usd,1.1913 +0.0007    +0.06%,19:21:41,2021-06-17 23:22:10.500621,"Prev. Close: 1.1906
Bid/Ask: 1.1911 / 1.1915
Day's Range: 1.1906 - 1.1914",Strong Sell,"Summary:Strong Sell
Moving Averages:SellBuy (3)Sell (9)
Technical Indicators:Strong SellBuy (0)Sell (8)","Name
S3
S2
S1
Pivot Points
R1
R2
R3
Classic
1.1900
1.1903
1.1907
1.1910
1.1914
1.1917
1.1921
Fibonacci
1.1903
1.1906
1.1907
1.1910
1.1913
1.1914
1.1917
Camarilla
1.1910
1.1910
1.1911
1.1910
1.1912
1.1913
1.1913
Woodie's
1.1902
1.1904
1.1909
1.1911
1.1916
1.1918
1.1923
DeMark's
-
-
1.1909
1.1911
1.1916
-
-","Technical IndicatorsJun 17, 2021 11:21PM GMT
Name
Value
Action
RSI(14)
31.267
Sell
STOCH(9,6)
29.562
Sell
STOCHRSI(14)
100.000
Overbought
MACD(12,26)
-0.003
Sell
ADX(14)
35.438
Sell
Williams %R
-66.394
Sell
CCI(14)
-46.0882
Neutral
ATR(14)
0.0016
Less Volatility
Highs/Lows(14)
0.0000
Neutral
Ultimate Oscillator
44.226
Sell
ROC
-0.314
Sell
Bull/Bear Power(13)
-0.0014
Sell
Buy: 0
Sell: 8
Neutral: 2


Summary:Strong Sell","Jun 17, 2021 11:21PM GMT"
gbp_usd,1.3935 +0.0015    +0.11%,19:21:32,2021-06-17 23:22:10.504823,"Prev. Close: 1.3919
Bid/Ask: 1.3934 / 1.3935
Day's Range: 1.3915 - 1.3935",Sell,"Summary:Sell
Moving Averages:SellBuy (4)Sell (8)
Technical Indicators:SellBuy (1)Sell (5)","Name
S3
S2
S1
Pivot Points
R1
R2
R3
Classic
1.3914
1.3918
1.3925
1.3930
1.3937
1.3942
1.3949
Fibonacci
1.3918
1.3923
1.3926
1.3930
1.3934
1.3937
1.3942
Camarilla
1.3929
1.3930
1.3931
1.3930
1.3934
1.3935
1.3936
Woodie's
1.3916
1.3919
1.3927
1.3931
1.3939
1.3943
1.3951
DeMark's
-
-
1.3928
1.3931
1.3939
-
-","Technical IndicatorsJun 17, 2021 11:21PM GMT
Name
Value
Action
RSI(14)
40.598
Sell
STOCH(9,6)
45.816
Neutral
STOCHRSI(14)
100.000
Overbought
MACD(12,26)
-0.003
Sell
ADX(14)
38.045
Sell
Williams %R
-52.501
Neutral
CCI(14)
-1.8775
Neutral
ATR(14)
0.0023
Less Volatility
Highs/Lows(14)
0.0000
Neutral
Ultimate Oscillator
51.532
Buy
ROC
-0.286
Sell
Bull/Bear Power(13)
-0.0013
Sell
Buy: 1
Sell: 5
Neutral: 4


Summary:Sell","Jun 17, 2021 11:21PM GMT"
usd_jpy,110.26 +0.06    +0.05%,19:21:43,2021-06-17 23:22:10.508149,"Prev. Close: 110.20
Bid/Ask: 110.25 / 110.26
Day's Range: 110.17 - 110.83",Neutral,"Summary:Neutral
Moving Averages:BuyBuy (7)Sell (5)
Technical Indicators:Strong SellBuy (1)Sell (8)","Name
S3
S2
S1
Pivot Points
R1
R2
R3
Classic
110.18
110.21
110.25
110.27
110.31
110.33
110.37
Fibonacci
110.21
110.23
110.25
110.27
110.29
110.31
110.33
Camarilla
110.26
110.26
110.27
110.27
110.28
110.29
110.29
Woodie's
110.18
110.21
110.25
110.27
110.31
110.33
110.37
DeMark's
-
-
110.26
110.28
110.32
-
-","Technical IndicatorsJun 17, 2021 11:21PM GMT
Name
Value
Action
RSI(14)
43.185
Sell
STOCH(9,6)
24.897
Sell
STOCHRSI(14)
17.928
Oversold
MACD(12,26)
-0.030
Sell
ADX(14)
27.319
Buy
Williams %R
-84.033
Oversold
CCI(14)
-53.5824
Sell
ATR(14)
0.1154
Less Volatility
Highs/Lows(14)
-0.0432
Sell
Ultimate Oscillator
41.803
Sell
ROC
-0.388
Sell
Bull/Bear Power(13)
-0.1320
Sell
Buy: 1
Sell: 8
Neutral: 0


Summary:Strong Sell","Jun 17, 2021 11:21PM GMT"
aud_usd,0.7558 +0.0008    +0.10%,19:21:42,2021-06-17 23:22:10.511311,"Prev. Close: 0.7550
Bid/Ask: 0.7557 / 0.7558
Day's Range: 0.7547 - 0.7560",Strong Sell,"Summary:Strong Sell
Moving Averages:SellBuy (3)Sell (9)
Technical Indicators:Strong SellBuy (0)Sell (8)","Name
S3
S2
S1
Pivot Points
R1
R2
R3
Classic
0.7545
0.7548
0.7554
0.7557
0.7563
0.7566
0.7572
Fibonacci
0.7548
0.7551
0.7554
0.7557
0.7560
0.7563
0.7566
Camarilla
0.7556
0.7557
0.7558
0.7557
0.7559
0.7560
0.7561
Woodie's
0.7545
0.7548
0.7554
0.7557
0.7563
0.7566
0.7572
DeMark's
-
-
0.7555
0.7557
0.7563
-
-","Technical IndicatorsJun 17, 2021 11:20PM GMT
Name
Value
Action
RSI(14)
33.225
Sell
STOCH(9,6)
32.713
Sell
STOCHRSI(14)
97.695
Overbought
MACD(12,26)
-0.002
Sell
ADX(14)
49.534
Sell
Williams %R
-69.231
Sell
CCI(14)
-39.5690
Neutral
ATR(14)
0.0015
Less Volatility
Highs/Lows(14)
0.0000
Neutral
Ultimate Oscillator
45.382
Sell
ROC
-0.507
Sell
Bull/Bear Power(13)
-0.0006
Sell
Buy: 0
Sell: 8
Neutral: 2


Summary:Strong Sell","Jun 17, 2021 11:20PM GMT"
eur_gbp,0.8549 -0.0002    -0.02%,19:21:41,2021-06-17 23:22:10.514347,"Prev. Close: 0.8551
Bid/Ask: 0.8548 / 0.8550
Day's Range: 0.8548 - 0.8557",Strong Sell,"Summary:Strong Sell
Moving Averages:Strong SellBuy (0)Sell (12)
Technical Indicators:Strong SellBuy (1)Sell (7)","Name
S3
S2
S1
Pivot Points
R1
R2
R3
Classic
0.8540
0.8544
0.8546
0.8550
0.8553
0.8556
0.8559
Fibonacci
0.8544
0.8546
0.8548
0.8550
0.8552
0.8554
0.8556
Camarilla
0.8548
0.8548
0.8549
0.8550
0.8550
0.8551
0.8551
Woodie's
0.8540
0.8544
0.8546
0.8550
0.8553
0.8556
0.8559
DeMark's
-
-
0.8545
0.8549
0.8552
-
-","Technical IndicatorsJun 17, 2021 11:21PM GMT
Name
Value
Action
RSI(14)
35.664
Sell
STOCH(9,6)
26.963
Sell
STOCHRSI(14)
20.660
Oversold
MACD(12,26)
-0.001
Sell
ADX(14)
30.896
Buy
Williams %R
-83.333
Oversold
CCI(14)
-135.6611
Sell
ATR(14)
0.0010
Less Volatility
Highs/Lows(14)
-0.0002
Sell
Ultimate Oscillator
49.146
Neutral
ROC
-0.035
Sell
Bull/Bear Power(13)
-0.0023
Sell
Buy: 1
Sell: 7
Neutral: 1


Summary:Strong Sell","Jun 17, 2021 11:21PM GMT"
usd_cad,1.2344 -0.0018    -0.14%,19:21:41,2021-06-17 23:22:10.517372,"Prev. Close: 1.2361
Bid/Ask: 1.2343 / 1.2344
Day's Range: 1.2340 - 1.2368",Strong Buy,"Summary:Strong Buy
Moving Averages:BuyBuy (8)Sell (4)
Technical Indicators:Strong BuyBuy (8)Sell (0)","Name
S3
S2
S1
Pivot Points
R1
R2
R3
Classic
1.2323
1.2333
1.2339
1.2348
1.2354
1.2363
1.2369
Fibonacci
1.2333
1.2338
1.2342
1.2348
1.2354
1.2358
1.2363
Camarilla
1.2341
1.2342
1.2344
1.2348
1.2346
1.2348
1.2349
Woodie's
1.2321
1.2332
1.2337
1.2347
1.2352
1.2362
1.2367
DeMark's
-
-
1.2336
1.2347
1.2351
-
-","Technical IndicatorsJun 17, 2021 11:21PM GMT
Name
Value
Action
RSI(14)
63.179
Buy
STOCH(9,6)
66.576
Buy
STOCHRSI(14)
0.000
Oversold
MACD(12,26)
0.003
Buy
ADX(14)
42.797
Buy
Williams %R
-41.213
Buy
CCI(14)
9.0311
Neutral
ATR(14)
0.0023
Less Volatility
Highs/Lows(14)
0.0000
Neutral
Ultimate Oscillator
64.727
Buy
ROC
0.183
Buy
Bull/Bear Power(13)
0.0006
Buy
Buy: 8
Sell: 0
Neutral: 2


Summary:Strong Buy","Jun 17, 2021 11:21PM GMT"
usd_chf,0.9176 +0.0003    +0.03%,19:21:40,2021-06-17 23:22:10.520415,"Prev. Close: 0.9173
Bid/Ask: 0.9172 / 0.9180
Day's Range: 0.9169 - 0.9183",Strong Buy,"Summary:Strong Buy
Moving Averages:BuyBuy (10)Sell (2)
Technical Indicators:Strong BuyBuy (9)Sell (0)","Name
S3
S2
S1
Pivot Points
R1
R2
R3
Classic
0.9170
0.9172
0.9174
0.9176
0.9178
0.9180
0.9182
Fibonacci
0.9172
0.9174
0.9174
0.9176
0.9178
0.9178
0.9180
Camarilla
0.9174
0.9174
0.9175
0.9176
0.9175
0.9176
0.9176
Woodie's
0.9170
0.9172
0.9174
0.9176
0.9178
0.9180
0.9182
DeMark's
-
-
0.9172
0.9175
0.9176
-
-","Technical IndicatorsJun 17, 2021 11:20PM GMT
Name
Value
Action
RSI(14)
74.464
Buy
STOCH(9,6)
74.461
Buy
STOCHRSI(14)
2.151
Oversold
MACD(12,26)
0.003
Buy
ADX(14)
39.163
Buy
Williams %R
-22.223
Buy
CCI(14)
70.1890
Buy
ATR(14)
0.0013
Less Volatility
Highs/Lows(14)
0.0003
Buy
Ultimate Oscillator
50.921
Neutral
ROC
0.333
Buy
Bull/Bear Power(13)
0.0034
Buy
Buy: 9
Sell: 0
Neutral: 1


Summary:Strong Buy","Jun 17, 2021 11:20PM GMT"
nzd_chf,0.6439 +0.0020    +0.31%,19:21:40,2021-06-17 23:22:10.523449,"Prev. Close: 0.6419
Bid/Ask: 0.6438 / 0.6440
Day's Range: 0.6421 - 0.6441",Strong Buy,"Summary:Strong Buy
Moving Averages:BuyBuy (12)Sell (0)
Technical Indicators:Strong BuyBuy (6)Sell (3)","Name
S3
S2
S1
Pivot Points
R1
R2
R3
Classic
0.6417
0.6422
0.6429
0.6434
0.6441
0.6446
0.6454
Fibonacci
0.6422
0.6426
0.6429
0.6434
0.6439
0.6442
0.6446
Camarilla
0.6434
0.6435
0.6436
0.6434
0.6439
0.6440
0.6441
Woodie's
0.6419
0.6423
0.6431
0.6435
0.6443
0.6447
0.6456
DeMark's
-
-
0.6432
0.6435
0.6444
-
-","Technical IndicatorsJun 17, 2021 11:21PM GMT
Name
Value
Action
RSI(14)
59.638
Buy
STOCH(9,6)
65.470
Buy
STOCHRSI(14)
100.000
Overbought
MACD(12,26)
0.000
Buy
ADX(14)
26.480
Sell
Williams %R
-13.159
Overbought
CCI(14)
186.5961
Buy
ATR(14)
0.0012
Less Volatility
Highs/Lows(14)
0.0007
Buy
Ultimate Oscillator
44.526
Sell
ROC
-0.023
Sell
Bull/Bear Power(13)
0.0016
Buy
Buy: 6
Sell: 3
Neutral: 0


Summary:Strong Buy","Jun 17, 2021 11:21PM GMT"
usd_cny,6.4484 +0.0515    +0.80%,11:27:22,2021-06-17 23:22:10.526441,"Prev. Close: 6.3969
Bid/Ask: 6.4477 / 6.4490
Day's Range: 6.3972 - 6.4494",Strong Buy,"Summary:Strong Buy
Moving Averages:BuyBuy (12)Sell (0)
Technical Indicators:Strong BuyBuy (7)Sell (0)","Name
S3
S2
S1
Pivot Points
R1
R2
R3
Classic
6.4380
6.4399
6.4436
6.4455
6.4492
6.4511
6.4548
Fibonacci
6.4399
6.4420
6.4434
6.4455
6.4476
6.4490
6.4511
Camarilla
6.4458
6.4463
6.4468
6.4455
6.4479
6.4484
6.4489
Woodie's
6.4390
6.4404
6.4446
6.4460
6.4502
6.4516
6.4558
DeMark's
-
-
6.4446
6.4460
6.4502
-
-","Technical IndicatorsJun 17, 2021 03:34PM GMT
Name
Value
Action
RSI(14)
85.433
Overbought
STOCH(9,6)
77.649
Buy
STOCHRSI(14)
100.000
Overbought
MACD(12,26)
0.011
Buy
ADX(14)
61.337
Buy
Williams %R
-3.426
Overbought
CCI(14)
151.8010
Buy
ATR(14)
0.0041
Less Volatility
Highs/Lows(14)
0.0141
Buy
Ultimate Oscillator
82.973
Overbought
ROC
0.391
Buy
Bull/Bear Power(13)
0.0286
Buy
Buy: 7
Sell: 0
Neutral: 0


Summary:Strong Buy","Jun 17, 2021 03:34PM GMT"
usd_hkd,7.7642 -0.0003    -0.00%,19:21:28,2021-06-17 23:22:10.529412,"Prev. Close: 7.7644
Bid/Ask: 7.7641 / 7.7642
Day's Range: 7.7641 - 7.7652",Neutral,"Summary:Neutral
Moving Averages:NeutralBuy (6)Sell (6)
Technical Indicators:BUYBuy (4)Sell (2)","Name
S3
S2
S1
Pivot Points
R1
R2
R3
Classic
7.7629
7.7635
7.7640
7.7646
7.7651
7.7657
7.7663
Fibonacci
7.7635
7.7639
7.7642
7.7646
7.7650
7.7653
7.7657
Camarilla
7.7643
7.7644
7.7645
7.7646
7.7648
7.7649
7.7650
Woodie's
7.7629
7.7635
7.7640
7.7646
7.7651
7.7657
7.7663
DeMark's
-
-
7.7638
7.7645
7.7649
-
-","Technical IndicatorsJun 17, 2021 11:22PM GMT
Name
Value
Action
RSI(14)
51.081
Neutral
STOCH(9,6)
58.942
Buy
STOCHRSI(14)
5.731
Oversold
MACD(12,26)
0.000
Buy
ADX(14)
25.688
Neutral
Williams %R
-68.432
Sell
CCI(14)
-38.3940
Neutral
ATR(14)
0.0008
Less Volatility
Highs/Lows(14)
0.0000
Neutral
Ultimate Oscillator
53.430
Buy
ROC
-0.009
Sell
Bull/Bear Power(13)
0.0010
Buy
Buy: 4
Sell: 2
Neutral: 4


Summary:BUY","Jun 17, 2021 11:22PM GMT"
eur_usd,1.1913 +0.0006    +0.05%,19:22:28,2021-06-17 23:23:11.172894,"Prev. Close: 1.1906
Bid/Ask: 1.1912 / 1.1913
Day's Range: 1.1906 - 1.1914",Strong Sell,"Summary:Strong Sell
Moving Averages:SellBuy (3)Sell (9)
Technical Indicators:Strong SellBuy (0)Sell (8)","Name
S3
S2
S1
Pivot Points
R1
R2
R3
Classic
1.1900
1.1903
1.1907
1.1910
1.1914
1.1917
1.1921
Fibonacci
1.1903
1.1906
1.1907
1.1910
1.1913
1.1914
1.1917
Camarilla
1.1910
1.1910
1.1911
1.1910
1.1912
1.1913
1.1913
Woodie's
1.1902
1.1904
1.1909
1.1911
1.1916
1.1918
1.1923
DeMark's
-
-
1.1909
1.1911
1.1916
-
-","Technical IndicatorsJun 17, 2021 11:21PM GMT
Name
Value
Action
RSI(14)
31.267
Sell
STOCH(9,6)
29.562
Sell
STOCHRSI(14)
100.000
Overbought
MACD(12,26)
-0.003
Sell
ADX(14)
35.438
Sell
Williams %R
-66.394
Sell
CCI(14)
-46.0882
Neutral
ATR(14)
0.0016
Less Volatility
Highs/Lows(14)
0.0000
Neutral
Ultimate Oscillator
44.226
Sell
ROC
-0.314
Sell
Bull/Bear Power(13)
-0.0014
Sell
Buy: 0
Sell: 8
Neutral: 2


Summary:Strong Sell","Jun 17, 2021 11:21PM GMT"
gbp_usd,1.3935 +0.0015    +0.11%,19:22:44,2021-06-17 23:23:11.176924,"Prev. Close: 1.3919
Bid/Ask: 1.3934 / 1.3935
Day's Range: 1.3915 - 1.3935",Sell,"Summary:Sell
Moving Averages:SellBuy (4)Sell (8)
Technical Indicators:SellBuy (1)Sell (5)","Name
S3
S2
S1
Pivot Points
R1
R2
R3
Classic
1.3914
1.3918
1.3925
1.3930
1.3937
1.3942
1.3949
Fibonacci
1.3918
1.3923
1.3926
1.3930
1.3934
1.3937
1.3942
Camarilla
1.3929
1.3930
1.3931
1.3930
1.3934
1.3935
1.3936
Woodie's
1.3916
1.3919
1.3927
1.3931
1.3939
1.3943
1.3951
DeMark's
-
-
1.3928
1.3931
1.3939
-
-","Technical IndicatorsJun 17, 2021 11:21PM GMT
Name
Value
Action
RSI(14)
40.598
Sell
STOCH(9,6)
45.816
Neutral
STOCHRSI(14)
100.000
Overbought
MACD(12,26)
-0.003
Sell
ADX(14)
38.045
Sell
Williams %R
-52.501
Neutral
CCI(14)
-1.8775
Neutral
ATR(14)
0.0023
Less Volatility
Highs/Lows(14)
0.0000
Neutral
Ultimate Oscillator
51.532
Buy
ROC
-0.286
Sell
Bull/Bear Power(13)
-0.0013
Sell
Buy: 1
Sell: 5
Neutral: 4


Summary:Sell","Jun 17, 2021 11:21PM GMT"
usd_jpy,110.26 +0.06    +0.05%,19:22:41,2021-06-17 23:23:11.180195,"Prev. Close: 110.20
Bid/Ask: 110.25 / 110.27
Day's Range: 110.17 - 110.83",Neutral,"Summary:Neutral
Moving Averages:BuyBuy (7)Sell (5)
Technical Indicators:Strong SellBuy (1)Sell (8)","Name
S3
S2
S1
Pivot Points
R1
R2
R3
Classic
110.18
110.21
110.25
110.27
110.31
110.33
110.37
Fibonacci
110.21
110.23
110.25
110.27
110.29
110.31
110.33
Camarilla
110.26
110.26
110.27
110.27
110.28
110.29
110.29
Woodie's
110.18
110.21
110.25
110.27
110.31
110.33
110.37
DeMark's
-
-
110.26
110.28
110.32
-
-","Technical IndicatorsJun 17, 2021 11:21PM GMT
Name
Value
Action
RSI(14)
43.185
Sell
STOCH(9,6)
24.897
Sell
STOCHRSI(14)
17.928
Oversold
MACD(12,26)
-0.030
Sell
ADX(14)
27.319
Buy
Williams %R
-84.033
Oversold
CCI(14)
-53.5824
Sell
ATR(14)
0.1154
Less Volatility
Highs/Lows(14)
-0.0432
Sell
Ultimate Oscillator
41.803
Sell
ROC
-0.388
Sell
Bull/Bear Power(13)
-0.1320
Sell
Buy: 1
Sell: 8
Neutral: 0


Summary:Strong Sell","Jun 17, 2021 11:21PM GMT"
aud_usd,0.7558 +0.0008    +0.10%,19:22:30,2021-06-17 23:23:11.183195,"Prev. Close: 0.7550
Bid/Ask: 0.7557 / 0.7558
Day's Range: 0.7547 - 0.7560",Strong Sell,"Summary:Strong Sell
Moving Averages:SellBuy (3)Sell (9)
Technical Indicators:Strong SellBuy (0)Sell (8)","Name
S3
S2
S1
Pivot Points
R1
R2
R3
Classic
0.7545
0.7548
0.7554
0.7557
0.7563
0.7566
0.7572
Fibonacci
0.7548
0.7551
0.7554
0.7557
0.7560
0.7563
0.7566
Camarilla
0.7556
0.7557
0.7558
0.7557
0.7559
0.7560
0.7561
Woodie's
0.7545
0.7548
0.7554
0.7557
0.7563
0.7566
0.7572
DeMark's
-
-
0.7555
0.7557
0.7563
-
-","Technical IndicatorsJun 17, 2021 11:22PM GMT
Name
Value
Action
RSI(14)
33.225
Sell
STOCH(9,6)
32.713
Sell
STOCHRSI(14)
97.695
Overbought
MACD(12,26)
-0.002
Sell
ADX(14)
49.534
Sell
Williams %R
-69.231
Sell
CCI(14)
-39.5690
Neutral
ATR(14)
0.0015
Less Volatility
Highs/Lows(14)
0.0000
Neutral
Ultimate Oscillator
45.382
Sell
ROC
-0.507
Sell
Bull/Bear Power(13)
-0.0006
Sell
Buy: 0
Sell: 8
Neutral: 2


Summary:Strong Sell","Jun 17, 2021 11:22PM GMT"
eur_gbp,0.8549 -0.0002    -0.02%,19:22:50,2021-06-17 23:23:11.186024,"Prev. Close: 0.8551
Bid/Ask: 0.8548 / 0.8550
Day's Range: 0.8548 - 0.8557",Strong Sell,"Summary:Strong Sell
Moving Averages:Strong SellBuy (0)Sell (12)
Technical Indicators:Strong SellBuy (1)Sell (7)","Name
S3
S2
S1
Pivot Points
R1
R2
R3
Classic
0.8540
0.8544
0.8546
0.8550
0.8553
0.8556
0.8559
Fibonacci
0.8544
0.8546
0.8548
0.8550
0.8552
0.8554
0.8556
Camarilla
0.8548
0.8548
0.8549
0.8550
0.8550
0.8551
0.8551
Woodie's
0.8540
0.8544
0.8546
0.8550
0.8553
0.8556
0.8559
DeMark's
-
-
0.8545
0.8549
0.8552
-
-","Technical IndicatorsJun 17, 2021 11:21PM GMT
Name
Value
Action
RSI(14)
35.664
Sell
STOCH(9,6)
26.963
Sell
STOCHRSI(14)
20.660
Oversold
MACD(12,26)
-0.001
Sell
ADX(14)
30.896
Buy
Williams %R
-83.333
Oversold
CCI(14)
-135.6611
Sell
ATR(14)
0.0010
Less Volatility
Highs/Lows(14)
-0.0002
Sell
Ultimate Oscillator
49.146
Neutral
ROC
-0.035
Sell
Bull/Bear Power(13)
-0.0023
Sell
Buy: 1
Sell: 7
Neutral: 1


Summary:Strong Sell","Jun 17, 2021 11:21PM GMT"
usd_cad,1.2344 -0.0018    -0.14%,19:22:55,2021-06-17 23:23:11.188837,"Prev. Close: 1.2361
Bid/Ask: 1.2343 / 1.2344
Day's Range: 1.2340 - 1.2368",Strong Buy,"Summary:Strong Buy
Moving Averages:BuyBuy (8)Sell (4)
Technical Indicators:Strong BuyBuy (8)Sell (0)","Name
S3
S2
S1
Pivot Points
R1
R2
R3
Classic
1.2323
1.2333
1.2339
1.2348
1.2354
1.2363
1.2369
Fibonacci
1.2333
1.2338
1.2342
1.2348
1.2354
1.2358
1.2363
Camarilla
1.2341
1.2342
1.2344
1.2348
1.2346
1.2348
1.2349
Woodie's
1.2321
1.2332
1.2337
1.2347
1.2352
1.2362
1.2367
DeMark's
-
-
1.2336
1.2347
1.2351
-
-","Technical IndicatorsJun 17, 2021 11:21PM GMT
Name
Value
Action
RSI(14)
63.179
Buy
STOCH(9,6)
66.576
Buy
STOCHRSI(14)
0.000
Oversold
MACD(12,26)
0.003
Buy
ADX(14)
42.797
Buy
Williams %R
-41.213
Buy
CCI(14)
9.0311
Neutral
ATR(14)
0.0023
Less Volatility
Highs/Lows(14)
0.0000
Neutral
Ultimate Oscillator
64.727
Buy
ROC
0.183
Buy
Bull/Bear Power(13)
0.0006
Buy
Buy: 8
Sell: 0
Neutral: 2


Summary:Strong Buy","Jun 17, 2021 11:21PM GMT"
usd_chf,0.9176 +0.0003    +0.03%,19:22:46,2021-06-17 23:23:11.191602,"Prev. Close: 0.9173
Bid/Ask: 0.9172 / 0.9180
Day's Range: 0.9169 - 0.9183",Strong Buy,"Summary:Strong Buy
Moving Averages:BuyBuy (10)Sell (2)
Technical Indicators:Strong BuyBuy (9)Sell (0)","Name
S3
S2
S1
Pivot Points
R1
R2
R3
Classic
0.9170
0.9172
0.9174
0.9176
0.9178
0.9180
0.9182
Fibonacci
0.9172
0.9174
0.9174
0.9176
0.9178
0.9178
0.9180
Camarilla
0.9174
0.9174
0.9175
0.9176
0.9175
0.9176
0.9176
Woodie's
0.9170
0.9172
0.9174
0.9176
0.9178
0.9180
0.9182
DeMark's
-
-
0.9172
0.9175
0.9176
-
-","Technical IndicatorsJun 17, 2021 11:22PM GMT
Name
Value
Action
RSI(14)
74.464
Buy
STOCH(9,6)
74.461
Buy
STOCHRSI(14)
2.151
Oversold
MACD(12,26)
0.003
Buy
ADX(14)
39.163
Buy
Williams %R
-22.223
Buy
CCI(14)
70.1890
Buy
ATR(14)
0.0013
Less Volatility
Highs/Lows(14)
0.0003
Buy
Ultimate Oscillator
50.921
Neutral
ROC
0.333
Buy
Bull/Bear Power(13)
0.0034
Buy
Buy: 9
Sell: 0
Neutral: 1


Summary:Strong Buy","Jun 17, 2021 11:22PM GMT"
nzd_chf,0.6439 +0.0020    +0.31%,19:22:46,2021-06-17 23:23:11.194334,"Prev. Close: 0.6419
Bid/Ask: 0.6438 / 0.6440
Day's Range: 0.6421 - 0.6441",Strong Buy,"Summary:Strong Buy
Moving Averages:BuyBuy (12)Sell (0)
Technical Indicators:Strong BuyBuy (6)Sell (3)","Name
S3
S2
S1
Pivot Points
R1
R2
R3
Classic
0.6417
0.6422
0.6429
0.6434
0.6441
0.6446
0.6454
Fibonacci
0.6422
0.6426
0.6429
0.6434
0.6439
0.6442
0.6446
Camarilla
0.6434
0.6435
0.6436
0.6434
0.6439
0.6440
0.6441
Woodie's
0.6419
0.6423
0.6431
0.6435
0.6443
0.6447
0.6456
DeMark's
-
-
0.6432
0.6435
0.6444
-
-","Technical IndicatorsJun 17, 2021 11:21PM GMT
Name
Value
Action
RSI(14)
59.638
Buy
STOCH(9,6)
65.470
Buy
STOCHRSI(14)
100.000
Overbought
MACD(12,26)
0.000
Buy
ADX(14)
26.480
Sell
Williams %R
-13.159
Overbought
CCI(14)
186.5961
Buy
ATR(14)
0.0012
Less Volatility
Highs/Lows(14)
0.0007
Buy
Ultimate Oscillator
44.526
Sell
ROC
-0.023
Sell
Bull/Bear Power(13)
0.0016
Buy
Buy: 6
Sell: 3
Neutral: 0


Summary:Strong Buy","Jun 17, 2021 11:21PM GMT"
usd_cny,6.4484 +0.0515    +0.80%,11:27:22,2021-06-17 23:23:11.197095,"Prev. Close: 6.3969
Bid/Ask: 6.4477 / 6.4490
Day's Range: 6.3972 - 6.4494",Strong Buy,"Summary:Strong Buy
Moving Averages:BuyBuy (12)Sell (0)
Technical Indicators:Strong BuyBuy (7)Sell (0)","Name
S3
S2
S1
Pivot Points
R1
R2
R3
Classic
6.4380
6.4399
6.4436
6.4455
6.4492
6.4511
6.4548
Fibonacci
6.4399
6.4420
6.4434
6.4455
6.4476
6.4490
6.4511
Camarilla
6.4458
6.4463
6.4468
6.4455
6.4479
6.4484
6.4489
Woodie's
6.4390
6.4404
6.4446
6.4460
6.4502
6.4516
6.4558
DeMark's
-
-
6.4446
6.4460
6.4502
-
-","Technical IndicatorsJun 17, 2021 03:34PM GMT
Name
Value
Action
RSI(14)
85.433
Overbought
STOCH(9,6)
77.649
Buy
STOCHRSI(14)
100.000
Overbought
MACD(12,26)
0.011
Buy
ADX(14)
61.337
Buy
Williams %R
-3.426
Overbought
CCI(14)
151.8010
Buy
ATR(14)
0.0041
Less Volatility
Highs/Lows(14)
0.0141
Buy
Ultimate Oscillator
82.973
Overbought
ROC
0.391
Buy
Bull/Bear Power(13)
0.0286
Buy
Buy: 7
Sell: 0
Neutral: 0


Summary:Strong Buy","Jun 17, 2021 03:34PM GMT"
usd_hkd,7.7643 -0.0001    -0.00%,19:22:51,2021-06-17 23:23:11.199853,"Prev. Close: 7.7644
Bid/Ask: 7.7642 / 7.7643
Day's Range: 7.7641 - 7.7652",Neutral,"Summary:Neutral
Moving Averages:NeutralBuy (6)Sell (6)
Technical Indicators:BUYBuy (4)Sell (2)","Name
S3
S2
S1
Pivot Points
R1
R2
R3
Classic
7.7629
7.7635
7.7640
7.7646
7.7651
7.7657
7.7663
Fibonacci
7.7635
7.7639
7.7642
7.7646
7.7650
7.7653
7.7657
Camarilla
7.7643
7.7644
7.7645
7.7646
7.7648
7.7649
7.7650
Woodie's
7.7629
7.7635
7.7640
7.7646
7.7651
7.7657
7.7663
DeMark's
-
-
7.7638
7.7645
7.7649
-
-","Technical IndicatorsJun 17, 2021 11:22PM GMT
Name
Value
Action
RSI(14)
51.081
Neutral
STOCH(9,6)
58.942
Buy
STOCHRSI(14)
5.731
Oversold
MACD(12,26)
0.000
Buy
ADX(14)
25.688
Neutral
Williams %R
-68.432
Sell
CCI(14)
-38.3940
Neutral
ATR(14)
0.0008
Less Volatility
Highs/Lows(14)
0.0000
Neutral
Ultimate Oscillator
53.430
Buy
ROC
-0.009
Sell
Bull/Bear Power(13)
0.0010
Buy
Buy: 4
Sell: 2
Neutral: 4


Summary:BUY","Jun 17, 2021 11:22PM GMT"
eur_usd,1.1913 +0.0006    +0.05%,19:23:30,2021-06-17 23:24:10.479707,"Prev. Close: 1.1906
Bid/Ask: 1.1912 / 1.1913
Day's Range: 1.1906 - 1.1914",Strong Sell,"Summary:Strong Sell
Moving Averages:SellBuy (3)Sell (9)
Technical Indicators:Strong SellBuy (0)Sell (8)","Name
S3
S2
S1
Pivot Points
R1
R2
R3
Classic
1.1900
1.1903
1.1907
1.1910
1.1914
1.1917
1.1921
Fibonacci
1.1903
1.1906
1.1907
1.1910
1.1913
1.1914
1.1917
Camarilla
1.1910
1.1910
1.1911
1.1910
1.1912
1.1913
1.1913
Woodie's
1.1902
1.1904
1.1909
1.1911
1.1916
1.1918
1.1923
DeMark's
-
-
1.1909
1.1911
1.1916
-
-","Technical IndicatorsJun 17, 2021 11:21PM GMT
Name
Value
Action
RSI(14)
31.267
Sell
STOCH(9,6)
29.562
Sell
STOCHRSI(14)
100.000
Overbought
MACD(12,26)
-0.003
Sell
ADX(14)
35.438
Sell
Williams %R
-66.394
Sell
CCI(14)
-46.0882
Neutral
ATR(14)
0.0016
Less Volatility
Highs/Lows(14)
0.0000
Neutral
Ultimate Oscillator
44.226
Sell
ROC
-0.314
Sell
Bull/Bear Power(13)
-0.0014
Sell
Buy: 0
Sell: 8
Neutral: 2


Summary:Strong Sell","Jun 17, 2021 11:21PM GMT"
gbp_usd,1.3935 +0.0015    +0.11%,19:23:39,2021-06-17 23:24:10.483967,"Prev. Close: 1.3919
Bid/Ask: 1.3934 / 1.3935
Day's Range: 1.3915 - 1.3935",Sell,"Summary:Sell
Moving Averages:SellBuy (4)Sell (8)
Technical Indicators:SellBuy (1)Sell (5)","Name
S3
S2
S1
Pivot Points
R1
R2
R3
Classic
1.3914
1.3918
1.3925
1.3930
1.3937
1.3942
1.3949
Fibonacci
1.3918
1.3923
1.3926
1.3930
1.3934
1.3937
1.3942
Camarilla
1.3929
1.3930
1.3931
1.3930
1.3934
1.3935
1.3936
Woodie's
1.3916
1.3919
1.3927
1.3931
1.3939
1.3943
1.3951
DeMark's
-
-
1.3928
1.3931
1.3939
-
-","Technical IndicatorsJun 17, 2021 11:23PM GMT
Name
Value
Action
RSI(14)
40.598
Sell
STOCH(9,6)
45.816
Neutral
STOCHRSI(14)
100.000
Overbought
MACD(12,26)
-0.003
Sell
ADX(14)
38.045
Sell
Williams %R
-52.501
Neutral
CCI(14)
-1.8775
Neutral
ATR(14)
0.0023
Less Volatility
Highs/Lows(14)
0.0000
Neutral
Ultimate Oscillator
51.532
Buy
ROC
-0.286
Sell
Bull/Bear Power(13)
-0.0013
Sell
Buy: 1
Sell: 5
Neutral: 4


Summary:Sell","Jun 17, 2021 11:23PM GMT"
usd_jpy,110.26 +0.06    +0.05%,19:23:31,2021-06-17 23:24:10.487628,"Prev. Close: 110.20
Bid/Ask: 110.25 / 110.26
Day's Range: 110.17 - 110.83",Neutral,"Summary:Neutral
Moving Averages:BuyBuy (7)Sell (5)
Technical Indicators:Strong SellBuy (1)Sell (8)","Name
S3
S2
S1
Pivot Points
R1
R2
R3
Classic
110.18
110.21
110.25
110.27
110.31
110.33
110.37
Fibonacci
110.21
110.23
110.25
110.27
110.29
110.31
110.33
Camarilla
110.26
110.26
110.27
110.27
110.28
110.29
110.29
Woodie's
110.18
110.21
110.25
110.27
110.31
110.33
110.37
DeMark's
-
-
110.26
110.28
110.32
-
-","Technical IndicatorsJun 17, 2021 11:21PM GMT
Name
Value
Action
RSI(14)
43.185
Sell
STOCH(9,6)
24.897
Sell
STOCHRSI(14)
17.928
Oversold
MACD(12,26)
-0.030
Sell
ADX(14)
27.319
Buy
Williams %R
-84.033
Oversold
CCI(14)
-53.5824
Sell
ATR(14)
0.1154
Less Volatility
Highs/Lows(14)
-0.0432
Sell
Ultimate Oscillator
41.803
Sell
ROC
-0.388
Sell
Bull/Bear Power(13)
-0.1320
Sell
Buy: 1
Sell: 8
Neutral: 0


Summary:Strong Sell","Jun 17, 2021 11:21PM GMT"
aud_usd,0.7557 +0.0007    +0.09%,19:23:30,2021-06-17 23:24:10.491040,"Prev. Close: 0.7550
Bid/Ask: 0.7556 / 0.7558
Day's Range: 0.7547 - 0.7560",Strong Sell,"Summary:Strong Sell
Moving Averages:SellBuy (3)Sell (9)
Technical Indicators:Strong SellBuy (0)Sell (8)","Name
S3
S2
S1
Pivot Points
R1
R2
R3
Classic
0.7545
0.7548
0.7554
0.7557
0.7563
0.7566
0.7572
Fibonacci
0.7548
0.7551
0.7554
0.7557
0.7560
0.7563
0.7566
Camarilla
0.7556
0.7557
0.7558
0.7557
0.7559
0.7560
0.7561
Woodie's
0.7545
0.7548
0.7554
0.7557
0.7563
0.7566
0.7572
DeMark's
-
-
0.7555
0.7557
0.7563
-
-","Technical IndicatorsJun 17, 2021 11:22PM GMT
Name
Value
Action
RSI(14)
33.225
Sell
STOCH(9,6)
32.713
Sell
STOCHRSI(14)
97.695
Overbought
MACD(12,26)
-0.002
Sell
ADX(14)
49.534
Sell
Williams %R
-69.231
Sell
CCI(14)
-39.5690
Neutral
ATR(14)
0.0015
Less Volatility
Highs/Lows(14)
0.0000
Neutral
Ultimate Oscillator
45.382
Sell
ROC
-0.507
Sell
Bull/Bear Power(13)
-0.0006
Sell
Buy: 0
Sell: 8
Neutral: 2


Summary:Strong Sell","Jun 17, 2021 11:22PM GMT"
eur_gbp,0.8549 -0.0002    -0.02%,19:23:40,2021-06-17 23:24:10.494231,"Prev. Close: 0.8551
Bid/Ask: 0.8548 / 0.8550
Day's Range: 0.8548 - 0.8557",Strong Sell,"Summary:Strong Sell
Moving Averages:Strong SellBuy (0)Sell (12)
Technical Indicators:Strong SellBuy (1)Sell (7)","Name
S3
S2
S1
Pivot Points
R1
R2
R3
Classic
0.8540
0.8544
0.8546
0.8550
0.8553
0.8556
0.8559
Fibonacci
0.8544
0.8546
0.8548
0.8550
0.8552
0.8554
0.8556
Camarilla
0.8548
0.8548
0.8549
0.8550
0.8550
0.8551
0.8551
Woodie's
0.8540
0.8544
0.8546
0.8550
0.8553
0.8556
0.8559
DeMark's
-
-
0.8545
0.8549
0.8552
-
-","Technical IndicatorsJun 17, 2021 11:21PM GMT
Name
Value
Action
RSI(14)
35.664
Sell
STOCH(9,6)
26.963
Sell
STOCHRSI(14)
20.660
Oversold
MACD(12,26)
-0.001
Sell
ADX(14)
30.896
Buy
Williams %R
-83.333
Oversold
CCI(14)
-135.6611
Sell
ATR(14)
0.0010
Less Volatility
Highs/Lows(14)
-0.0002
Sell
Ultimate Oscillator
49.146
Neutral
ROC
-0.035
Sell
Bull/Bear Power(13)
-0.0023
Sell
Buy: 1
Sell: 7
Neutral: 1


Summary:Strong Sell","Jun 17, 2021 11:21PM GMT"
usd_cad,1.2344 -0.0018    -0.14%,19:23:42,2021-06-17 23:24:10.497354,"Prev. Close: 1.2361
Bid/Ask: 1.2343 / 1.2344
Day's Range: 1.2340 - 1.2368",Strong Buy,"Summary:Strong Buy
Moving Averages:BuyBuy (8)Sell (4)
Technical Indicators:Strong BuyBuy (8)Sell (0)","Name
S3
S2
S1
Pivot Points
R1
R2
R3
Classic
1.2323
1.2333
1.2339
1.2348
1.2354
1.2363
1.2369
Fibonacci
1.2333
1.2338
1.2342
1.2348
1.2354
1.2358
1.2363
Camarilla
1.2341
1.2342
1.2344
1.2348
1.2346
1.2348
1.2349
Woodie's
1.2321
1.2332
1.2337
1.2347
1.2352
1.2362
1.2367
DeMark's
-
-
1.2336
1.2347
1.2351
-
-","Technical IndicatorsJun 17, 2021 11:23PM GMT
Name
Value
Action
RSI(14)
63.179
Buy
STOCH(9,6)
66.576
Buy
STOCHRSI(14)
0.000
Oversold
MACD(12,26)
0.003
Buy
ADX(14)
42.797
Buy
Williams %R
-41.213
Buy
CCI(14)
9.0311
Neutral
ATR(14)
0.0023
Less Volatility
Highs/Lows(14)
0.0000
Neutral
Ultimate Oscillator
64.727
Buy
ROC
0.183
Buy
Bull/Bear Power(13)
0.0006
Buy
Buy: 8
Sell: 0
Neutral: 2


Summary:Strong Buy","Jun 17, 2021 11:23PM GMT"
usd_chf,0.9176 +0.0003    +0.03%,19:23:17,2021-06-17 23:24:10.500467,"Prev. Close: 0.9173
Bid/Ask: 0.9172 / 0.9180
Day's Range: 0.9169 - 0.9183",Strong Buy,"Summary:Strong Buy
Moving Averages:BuyBuy (10)Sell (2)
Technical Indicators:Strong BuyBuy (9)Sell (0)","Name
S3
S2
S1
Pivot Points
R1
R2
R3
Classic
0.9170
0.9172
0.9174
0.9176
0.9178
0.9180
0.9182
Fibonacci
0.9172
0.9174
0.9174
0.9176
0.9178
0.9178
0.9180
Camarilla
0.9174
0.9174
0.9175
0.9176
0.9175
0.9176
0.9176
Woodie's
0.9170
0.9172
0.9174
0.9176
0.9178
0.9180
0.9182
DeMark's
-
-
0.9172
0.9175
0.9176
-
-","Technical IndicatorsJun 17, 2021 11:22PM GMT
Name
Value
Action
RSI(14)
74.464
Buy
STOCH(9,6)
74.461
Buy
STOCHRSI(14)
2.151
Oversold
MACD(12,26)
0.003
Buy
ADX(14)
39.163
Buy
Williams %R
-22.223
Buy
CCI(14)
70.1890
Buy
ATR(14)
0.0013
Less Volatility
Highs/Lows(14)
0.0003
Buy
Ultimate Oscillator
50.921
Neutral
ROC
0.333
Buy
Bull/Bear Power(13)
0.0034
Buy
Buy: 9
Sell: 0
Neutral: 1


Summary:Strong Buy","Jun 17, 2021 11:22PM GMT"
nzd_chf,0.6439 +0.0020    +0.31%,19:23:42,2021-06-17 23:24:10.503706,"Prev. Close: 0.6419
Bid/Ask: 0.6438 / 0.6440
Day's Range: 0.6421 - 0.6441",Strong Buy,"Summary:Strong Buy
Moving Averages:BuyBuy (12)Sell (0)
Technical Indicators:Strong BuyBuy (6)Sell (3)","Name
S3
S2
S1
Pivot Points
R1
R2
R3
Classic
0.6417
0.6422
0.6429
0.6434
0.6441
0.6446
0.6454
Fibonacci
0.6422
0.6426
0.6429
0.6434
0.6439
0.6442
0.6446
Camarilla
0.6434
0.6435
0.6436
0.6434
0.6439
0.6440
0.6441
Woodie's
0.6419
0.6423
0.6431
0.6435
0.6443
0.6447
0.6456
DeMark's
-
-
0.6432
0.6435
0.6444
-
-","Technical IndicatorsJun 17, 2021 11:21PM GMT
Name
Value
Action
RSI(14)
59.638
Buy
STOCH(9,6)
65.470
Buy
STOCHRSI(14)
100.000
Overbought
MACD(12,26)
0.000
Buy
ADX(14)
26.480
Sell
Williams %R
-13.159
Overbought
CCI(14)
186.5961
Buy
ATR(14)
0.0012
Less Volatility
Highs/Lows(14)
0.0007
Buy
Ultimate Oscillator
44.526
Sell
ROC
-0.023
Sell
Bull/Bear Power(13)
0.0016
Buy
Buy: 6
Sell: 3
Neutral: 0


Summary:Strong Buy","Jun 17, 2021 11:21PM GMT"
usd_cny,6.4484 +0.0515    +0.80%,11:27:22,2021-06-17 23:24:10.506949,"Prev. Close: 6.3969
Bid/Ask: 6.4477 / 6.4490
Day's Range: 6.3972 - 6.4494",Strong Buy,"Summary:Strong Buy
Moving Averages:BuyBuy (12)Sell (0)
Technical Indicators:Strong BuyBuy (7)Sell (0)","Name
S3
S2
S1
Pivot Points
R1
R2
R3
Classic
6.4380
6.4399
6.4436
6.4455
6.4492
6.4511
6.4548
Fibonacci
6.4399
6.4420
6.4434
6.4455
6.4476
6.4490
6.4511
Camarilla
6.4458
6.4463
6.4468
6.4455
6.4479
6.4484
6.4489
Woodie's
6.4390
6.4404
6.4446
6.4460
6.4502
6.4516
6.4558
DeMark's
-
-
6.4446
6.4460
6.4502
-
-","Technical IndicatorsJun 17, 2021 03:34PM GMT
Name
Value
Action
RSI(14)
85.433
Overbought
STOCH(9,6)
77.649
Buy
STOCHRSI(14)
100.000
Overbought
MACD(12,26)
0.011
Buy
ADX(14)
61.337
Buy
Williams %R
-3.426
Overbought
CCI(14)
151.8010
Buy
ATR(14)
0.0041
Less Volatility
Highs/Lows(14)
0.0141
Buy
Ultimate Oscillator
82.973
Overbought
ROC
0.391
Buy
Bull/Bear Power(13)
0.0286
Buy
Buy: 7
Sell: 0
Neutral: 0


Summary:Strong Buy","Jun 17, 2021 03:34PM GMT"
usd_hkd,7.7642 -0.0003    -0.00%,19:23:28,2021-06-17 23:24:10.510089,"Prev. Close: 7.7644
Bid/Ask: 7.7641 / 7.7642
Day's Range: 7.7641 - 7.7652",Neutral,"Summary:Neutral
Moving Averages:NeutralBuy (6)Sell (6)
Technical Indicators:BUYBuy (4)Sell (2)","Name
S3
S2
S1
Pivot Points
R1
R2
R3
Classic
7.7629
7.7635
7.7640
7.7646
7.7651
7.7657
7.7663
Fibonacci
7.7635
7.7639
7.7642
7.7646
7.7650
7.7653
7.7657
Camarilla
7.7643
7.7644
7.7645
7.7646
7.7648
7.7649
7.7650
Woodie's
7.7629
7.7635
7.7640
7.7646
7.7651
7.7657
7.7663
DeMark's
-
-
7.7638
7.7645
7.7649
-
-","Technical IndicatorsJun 17, 2021 11:22PM GMT
Name
Value
Action
RSI(14)
51.081
Neutral
STOCH(9,6)
58.942
Buy
STOCHRSI(14)
5.731
Oversold
MACD(12,26)
0.000
Buy
ADX(14)
25.688
Neutral
Williams %R
-68.432
Sell
CCI(14)
-38.3940
Neutral
ATR(14)
0.0008
Less Volatility
Highs/Lows(14)
0.0000
Neutral
Ultimate Oscillator
53.430
Buy
ROC
-0.009
Sell
Bull/Bear Power(13)
0.0010
Buy
Buy: 4
Sell: 2
Neutral: 4


Summary:BUY","Jun 17, 2021 11:22PM GMT"
eur_usd,1.1913 +0.0006    +0.05%,19:24:28,2021-06-17 23:25:10.478562,"Prev. Close: 1.1906
Bid/Ask: 1.1912 / 1.1913
Day's Range: 1.1906 - 1.1914",Strong Sell,"Summary:Strong Sell
Moving Averages:SellBuy (3)Sell (9)
Technical Indicators:Strong SellBuy (0)Sell (8)","Name
S3
S2
S1
Pivot Points
R1
R2
R3
Classic
1.1900
1.1903
1.1907
1.1910
1.1914
1.1917
1.1921
Fibonacci
1.1903
1.1906
1.1907
1.1910
1.1913
1.1914
1.1917
Camarilla
1.1910
1.1910
1.1911
1.1910
1.1912
1.1913
1.1913
Woodie's
1.1902
1.1904
1.1909
1.1911
1.1916
1.1918
1.1923
DeMark's
-
-
1.1909
1.1911
1.1916
-
-","Technical IndicatorsJun 17, 2021 11:23PM GMT
Name
Value
Action
RSI(14)
31.552
Sell
STOCH(9,6)
29.725
Sell
STOCHRSI(14)
100.000
Overbought
MACD(12,26)
-0.003
Sell
ADX(14)
35.438
Sell
Williams %R
-65.574
Sell
CCI(14)
-45.2506
Neutral
ATR(14)
0.0016
Less Volatility
Highs/Lows(14)
0.0000
Neutral
Ultimate Oscillator
44.714
Sell
ROC
-0.310
Sell
Bull/Bear Power(13)
-0.0014
Sell
Buy: 0
Sell: 8
Neutral: 2


Summary:Strong Sell","Jun 17, 2021 11:23PM GMT"
gbp_usd,1.3934 +0.0015    +0.11%,19:24:52,2021-06-17 23:25:10.482748,"Prev. Close: 1.3919
Bid/Ask: 1.3933 / 1.3935
Day's Range: 1.3915 - 1.3935",Sell,"Summary:Sell
Moving Averages:SellBuy (4)Sell (8)
Technical Indicators:SellBuy (1)Sell (5)","Name
S3
S2
S1
Pivot Points
R1
R2
R3
Classic
1.3914
1.3918
1.3925
1.3930
1.3937
1.3942
1.3949
Fibonacci
1.3918
1.3923
1.3926
1.3930
1.3934
1.3937
1.3942
Camarilla
1.3929
1.3930
1.3931
1.3930
1.3934
1.3935
1.3936
Woodie's
1.3916
1.3919
1.3927
1.3931
1.3939
1.3943
1.3951
DeMark's
-
-
1.3928
1.3931
1.3939
-
-","Technical IndicatorsJun 17, 2021 11:23PM GMT
Name
Value
Action
RSI(14)
40.598
Sell
STOCH(9,6)
45.816
Neutral
STOCHRSI(14)
100.000
Overbought
MACD(12,26)
-0.003
Sell
ADX(14)
38.045
Sell
Williams %R
-52.501
Neutral
CCI(14)
-1.8775
Neutral
ATR(14)
0.0023
Less Volatility
Highs/Lows(14)
0.0000
Neutral
Ultimate Oscillator
51.532
Buy
ROC
-0.286
Sell
Bull/Bear Power(13)
-0.0013
Sell
Buy: 1
Sell: 5
Neutral: 4


Summary:Sell","Jun 17, 2021 11:23PM GMT"
usd_jpy,110.26 +0.06    +0.05%,19:24:37,2021-06-17 23:25:10.486054,"Prev. Close: 110.20
Bid/Ask: 110.25 / 110.26
Day's Range: 110.17 - 110.83",Neutral,"Summary:Neutral
Moving Averages:BuyBuy (7)Sell (5)
Technical Indicators:Strong SellBuy (1)Sell (8)","Name
S3
S2
S1
Pivot Points
R1
R2
R3
Classic
110.18
110.21
110.25
110.27
110.31
110.33
110.37
Fibonacci
110.21
110.23
110.25
110.27
110.29
110.31
110.33
Camarilla
110.26
110.26
110.27
110.27
110.28
110.29
110.29
Woodie's
110.18
110.21
110.25
110.27
110.31
110.33
110.37
DeMark's
-
-
110.26
110.28
110.32
-
-","Technical IndicatorsJun 17, 2021 11:23PM GMT
Name
Value
Action
RSI(14)
42.918
Sell
STOCH(9,6)
24.470
Sell
STOCHRSI(14)
16.956
Oversold
MACD(12,26)
-0.030
Sell
ADX(14)
27.319
Buy
Williams %R
-84.873
Oversold
CCI(14)
-54.2713
Sell
ATR(14)
0.1154
Less Volatility
Highs/Lows(14)
-0.0482
Sell
Ultimate Oscillator
41.114
Sell
ROC
-0.393
Sell
Bull/Bear Power(13)
-0.1320
Sell
Buy: 1
Sell: 8
Neutral: 0


Summary:Strong Sell","Jun 17, 2021 11:23PM GMT"
aud_usd,0.7558 +0.0008    +0.10%,19:24:56,2021-06-17 23:25:10.489176,"Prev. Close: 0.7550
Bid/Ask: 0.7557 / 0.7558
Day's Range: 0.7547 - 0.7560",Strong Sell,"Summary:Strong Sell
Moving Averages:SellBuy (3)Sell (9)
Technical Indicators:Strong SellBuy (0)Sell (8)","Name
S3
S2
S1
Pivot Points
R1
R2
R3
Classic
0.7545
0.7548
0.7554
0.7557
0.7563
0.7566
0.7572
Fibonacci
0.7548
0.7551
0.7554
0.7557
0.7560
0.7563
0.7566
Camarilla
0.7556
0.7557
0.7558
0.7557
0.7559
0.7560
0.7561
Woodie's
0.7545
0.7548
0.7554
0.7557
0.7563
0.7566
0.7572
DeMark's
-
-
0.7555
0.7557
0.7563
-
-","Technical IndicatorsJun 17, 2021 11:24PM GMT
Name
Value
Action
RSI(14)
33.225
Sell
STOCH(9,6)
32.713
Sell
STOCHRSI(14)
97.695
Overbought
MACD(12,26)
-0.002
Sell
ADX(14)
49.534
Sell
Williams %R
-69.231
Sell
CCI(14)
-39.5690
Neutral
ATR(14)
0.0015
Less Volatility
Highs/Lows(14)
0.0000
Neutral
Ultimate Oscillator
45.382
Sell
ROC
-0.507
Sell
Bull/Bear Power(13)
-0.0006
Sell
Buy: 0
Sell: 8
Neutral: 2


Summary:Strong Sell","Jun 17, 2021 11:24PM GMT"
eur_gbp,0.8549 -0.0002    -0.02%,19:24:56,2021-06-17 23:25:10.492215,"Prev. Close: 0.8551
Bid/Ask: 0.8548 / 0.8550
Day's Range: 0.8548 - 0.8557",Strong Sell,"Summary:Strong Sell
Moving Averages:Strong SellBuy (0)Sell (12)
Technical Indicators:Strong SellBuy (1)Sell (7)","Name
S3
S2
S1
Pivot Points
R1
R2
R3
Classic
0.8540
0.8544
0.8546
0.8550
0.8553
0.8556
0.8559
Fibonacci
0.8544
0.8546
0.8548
0.8550
0.8552
0.8554
0.8556
Camarilla
0.8548
0.8548
0.8549
0.8550
0.8550
0.8551
0.8551
Woodie's
0.8540
0.8544
0.8546
0.8550
0.8553
0.8556
0.8559
DeMark's
-
-
0.8545
0.8549
0.8552
-
-","Technical IndicatorsJun 17, 2021 11:23PM GMT
Name
Value
Action
RSI(14)
35.664
Sell
STOCH(9,6)
26.963
Sell
STOCHRSI(14)
20.660
Oversold
MACD(12,26)
-0.001
Sell
ADX(14)
30.896
Buy
Williams %R
-83.333
Oversold
CCI(14)
-135.6611
Sell
ATR(14)
0.0010
Less Volatility
Highs/Lows(14)
-0.0002
Sell
Ultimate Oscillator
49.146
Neutral
ROC
-0.035
Sell
Bull/Bear Power(13)
-0.0023
Sell
Buy: 1
Sell: 7
Neutral: 1


Summary:Strong Sell","Jun 17, 2021 11:23PM GMT"
usd_cad,1.2344 -0.0018    -0.14%,19:24:54,2021-06-17 23:25:10.495255,"Prev. Close: 1.2361
Bid/Ask: 1.2343 / 1.2344
Day's Range: 1.2340 - 1.2368",Strong Buy,"Summary:Strong Buy
Moving Averages:BuyBuy (8)Sell (4)
Technical Indicators:Strong BuyBuy (8)Sell (0)","Name
S3
S2
S1
Pivot Points
R1
R2
R3
Classic
1.2323
1.2333
1.2339
1.2348
1.2354
1.2363
1.2369
Fibonacci
1.2333
1.2338
1.2342
1.2348
1.2354
1.2358
1.2363
Camarilla
1.2341
1.2342
1.2344
1.2348
1.2346
1.2348
1.2349
Woodie's
1.2321
1.2332
1.2337
1.2347
1.2352
1.2362
1.2367
DeMark's
-
-
1.2336
1.2347
1.2351
-
-","Technical IndicatorsJun 17, 2021 11:25PM GMT
Name
Value
Action
RSI(14)
63.179
Buy
STOCH(9,6)
66.576
Buy
STOCHRSI(14)
0.000
Oversold
MACD(12,26)
0.003
Buy
ADX(14)
42.797
Buy
Williams %R
-41.213
Buy
CCI(14)
9.0311
Neutral
ATR(14)
0.0023
Less Volatility
Highs/Lows(14)
0.0000
Neutral
Ultimate Oscillator
64.727
Buy
ROC
0.183
Buy
Bull/Bear Power(13)
0.0006
Buy
Buy: 8
Sell: 0
Neutral: 2


Summary:Strong Buy","Jun 17, 2021 11:25PM GMT"
usd_chf,0.9175 +0.0002    +0.02%,19:24:17,2021-06-17 23:25:10.498252,"Prev. Close: 0.9173
Bid/Ask: 0.9171 / 0.9179
Day's Range: 0.9169 - 0.9183",Strong Buy,"Summary:Strong Buy
Moving Averages:BuyBuy (10)Sell (2)
Technical Indicators:Strong BuyBuy (9)Sell (0)","Name
S3
S2
S1
Pivot Points
R1
R2
R3
Classic
0.9170
0.9172
0.9174
0.9176
0.9178
0.9180
0.9182
Fibonacci
0.9172
0.9174
0.9174
0.9176
0.9178
0.9178
0.9180
Camarilla
0.9174
0.9174
0.9175
0.9176
0.9175
0.9176
0.9176
Woodie's
0.9170
0.9172
0.9174
0.9176
0.9178
0.9180
0.9182
DeMark's
-
-
0.9172
0.9175
0.9176
-
-","Technical IndicatorsJun 17, 2021 11:24PM GMT
Name
Value
Action
RSI(14)
74.464
Buy
STOCH(9,6)
74.461
Buy
STOCHRSI(14)
2.151
Oversold
MACD(12,26)
0.003
Buy
ADX(14)
39.163
Buy
Williams %R
-22.223
Buy
CCI(14)
70.1890
Buy
ATR(14)
0.0013
Less Volatility
Highs/Lows(14)
0.0003
Buy
Ultimate Oscillator
50.921
Neutral
ROC
0.333
Buy
Bull/Bear Power(13)
0.0034
Buy
Buy: 9
Sell: 0
Neutral: 1


Summary:Strong Buy","Jun 17, 2021 11:24PM GMT"
nzd_chf,0.6438 +0.0019    +0.29%,19:24:55,2021-06-17 23:25:10.501333,"Prev. Close: 0.6419
Bid/Ask: 0.6434 / 0.6441
Day's Range: 0.6421 - 0.6441",Strong Buy,"Summary:Strong Buy
Moving Averages:BuyBuy (12)Sell (0)
Technical Indicators:Strong BuyBuy (6)Sell (3)","Name
S3
S2
S1
Pivot Points
R1
R2
R3
Classic
0.6417
0.6422
0.6429
0.6434
0.6441
0.6446
0.6454
Fibonacci
0.6422
0.6426
0.6429
0.6434
0.6439
0.6442
0.6446
Camarilla
0.6434
0.6435
0.6436
0.6434
0.6439
0.6440
0.6441
Woodie's
0.6419
0.6423
0.6431
0.6435
0.6443
0.6447
0.6456
DeMark's
-
-
0.6432
0.6435
0.6444
-
-","Technical IndicatorsJun 17, 2021 11:23PM GMT
Name
Value
Action
RSI(14)
59.638
Buy
STOCH(9,6)
65.470
Buy
STOCHRSI(14)
100.000
Overbought
MACD(12,26)
0.000
Buy
ADX(14)
26.480
Sell
Williams %R
-13.159
Overbought
CCI(14)
186.5961
Buy
ATR(14)
0.0012
Less Volatility
Highs/Lows(14)
0.0007
Buy
Ultimate Oscillator
44.526
Sell
ROC
-0.023
Sell
Bull/Bear Power(13)
0.0016
Buy
Buy: 6
Sell: 3
Neutral: 0


Summary:Strong Buy","Jun 17, 2021 11:23PM GMT"
usd_cny,6.4484 +0.0515    +0.80%,11:27:22,2021-06-17 23:25:10.504363,"Prev. Close: 6.3969
Bid/Ask: 6.4477 / 6.4490
Day's Range: 6.3972 - 6.4494",Strong Buy,"Summary:Strong Buy
Moving Averages:BuyBuy (12)Sell (0)
Technical Indicators:Strong BuyBuy (7)Sell (0)","Name
S3
S2
S1
Pivot Points
R1
R2
R3
Classic
6.4380
6.4399
6.4436
6.4455
6.4492
6.4511
6.4548
Fibonacci
6.4399
6.4420
6.4434
6.4455
6.4476
6.4490
6.4511
Camarilla
6.4458
6.4463
6.4468
6.4455
6.4479
6.4484
6.4489
Woodie's
6.4390
6.4404
6.4446
6.4460
6.4502
6.4516
6.4558
DeMark's
-
-
6.4446
6.4460
6.4502
-
-","Technical IndicatorsJun 17, 2021 03:34PM GMT
Name
Value
Action
RSI(14)
85.433
Overbought
STOCH(9,6)
77.649
Buy
STOCHRSI(14)
100.000
Overbought
MACD(12,26)
0.011
Buy
ADX(14)
61.337
Buy
Williams %R
-3.426
Overbought
CCI(14)
151.8010
Buy
ATR(14)
0.0041
Less Volatility
Highs/Lows(14)
0.0141
Buy
Ultimate Oscillator
82.973
Overbought
ROC
0.391
Buy
Bull/Bear Power(13)
0.0286
Buy
Buy: 7
Sell: 0
Neutral: 0


Summary:Strong Buy","Jun 17, 2021 03:34PM GMT"
usd_hkd,7.7643 -0.0001    -0.00%,19:24:57,2021-06-17 23:25:10.507378,"Prev. Close: 7.7644
Bid/Ask: 7.7642 / 7.7643
Day's Range: 7.7641 - 7.7652",Neutral,"Summary:Neutral
Moving Averages:NeutralBuy (6)Sell (6)
Technical Indicators:BUYBuy (4)Sell (3)","Name
S3
S2
S1
Pivot Points
R1
R2
R3
Classic
7.7629
7.7635
7.7640
7.7646
7.7651
7.7657
7.7663
Fibonacci
7.7635
7.7639
7.7642
7.7646
7.7650
7.7653
7.7657
Camarilla
7.7643
7.7644
7.7645
7.7646
7.7648
7.7649
7.7650
Woodie's
7.7629
7.7635
7.7640
7.7646
7.7651
7.7657
7.7663
DeMark's
-
-
7.7638
7.7645
7.7649
-
-","Technical IndicatorsJun 17, 2021 11:23PM GMT
Name
Value
Action
RSI(14)
50.172
Neutral
STOCH(9,6)
57.835
Buy
STOCHRSI(14)
0.000
Oversold
MACD(12,26)
0.000
Buy
ADX(14)
25.688
Neutral
Williams %R
-73.676
Sell
CCI(14)
-46.6035
Neutral
ATR(14)
0.0008
Less Volatility
Highs/Lows(14)
-0.0000
Sell
Ultimate Oscillator
51.784
Buy
ROC
-0.010
Sell
Bull/Bear Power(13)
0.0010
Buy
Buy: 4
Sell: 3
Neutral: 3


Summary:BUY","Jun 17, 2021 11:23PM GMT"
eur_usd,1.1912 +0.0006    +0.05%,19:25:40,2021-06-17 23:26:10.404698,"Prev. Close: 1.1906
Bid/Ask: 1.1911 / 1.1912
Day's Range: 1.1906 - 1.1914",Strong Sell,"Summary:Strong Sell
Moving Averages:SellBuy (3)Sell (9)
Technical Indicators:Strong SellBuy (0)Sell (8)","Name
S3
S2
S1
Pivot Points
R1
R2
R3
Classic
1.1900
1.1903
1.1907
1.1910
1.1914
1.1917
1.1921
Fibonacci
1.1903
1.1906
1.1907
1.1910
1.1913
1.1914
1.1917
Camarilla
1.1910
1.1910
1.1911
1.1910
1.1912
1.1913
1.1913
Woodie's
1.1902
1.1904
1.1909
1.1911
1.1916
1.1918
1.1923
DeMark's
-
-
1.1909
1.1911
1.1916
-
-","Technical IndicatorsJun 17, 2021 11:23PM GMT
Name
Value
Action
RSI(14)
31.552
Sell
STOCH(9,6)
29.725
Sell
STOCHRSI(14)
100.000
Overbought
MACD(12,26)
-0.003
Sell
ADX(14)
35.438
Sell
Williams %R
-65.574
Sell
CCI(14)
-45.2506
Neutral
ATR(14)
0.0016
Less Volatility
Highs/Lows(14)
0.0000
Neutral
Ultimate Oscillator
44.714
Sell
ROC
-0.310
Sell
Bull/Bear Power(13)
-0.0014
Sell
Buy: 0
Sell: 8
Neutral: 2


Summary:Strong Sell","Jun 17, 2021 11:23PM GMT"
gbp_usd,1.3934 +0.0015    +0.11%,19:25:34,2021-06-17 23:26:10.408954,"Prev. Close: 1.3919
Bid/Ask: 1.3933 / 1.3935
Day's Range: 1.3915 - 1.3935",Sell,"Summary:Sell
Moving Averages:SellBuy (4)Sell (8)
Technical Indicators:SellBuy (1)Sell (5)","Name
S3
S2
S1
Pivot Points
R1
R2
R3
Classic
1.3914
1.3918
1.3925
1.3930
1.3937
1.3942
1.3949
Fibonacci
1.3918
1.3923
1.3926
1.3930
1.3934
1.3937
1.3942
Camarilla
1.3929
1.3930
1.3931
1.3930
1.3934
1.3935
1.3936
Woodie's
1.3916
1.3919
1.3927
1.3931
1.3939
1.3943
1.3951
DeMark's
-
-
1.3928
1.3931
1.3939
-
-","Technical IndicatorsJun 17, 2021 11:25PM GMT
Name
Value
Action
RSI(14)
40.598
Sell
STOCH(9,6)
45.816
Neutral
STOCHRSI(14)
100.000
Overbought
MACD(12,26)
-0.003
Sell
ADX(14)
38.045
Sell
Williams %R
-52.501
Neutral
CCI(14)
-1.8775
Neutral
ATR(14)
0.0023
Less Volatility
Highs/Lows(14)
0.0000
Neutral
Ultimate Oscillator
51.532
Buy
ROC
-0.286
Sell
Bull/Bear Power(13)
-0.0013
Sell
Buy: 1
Sell: 5
Neutral: 4


Summary:Sell","Jun 17, 2021 11:25PM GMT"
usd_jpy,110.27 +0.07    +0.06%,19:25:44,2021-06-17 23:26:10.412166,"Prev. Close: 110.20
Bid/Ask: 110.25 / 110.28
Day's Range: 110.17 - 110.83",Neutral,"Summary:Neutral
Moving Averages:BuyBuy (7)Sell (5)
Technical Indicators:Strong SellBuy (1)Sell (8)","Name
S3
S2
S1
Pivot Points
R1
R2
R3
Classic
110.18
110.21
110.25
110.27
110.31
110.33
110.37
Fibonacci
110.21
110.23
110.25
110.27
110.29
110.31
110.33
Camarilla
110.26
110.26
110.27
110.27
110.28
110.29
110.29
Woodie's
110.18
110.21
110.25
110.27
110.31
110.33
110.37
DeMark's
-
-
110.26
110.28
110.32
-
-","Technical IndicatorsJun 17, 2021 11:23PM GMT
Name
Value
Action
RSI(14)
42.918
Sell
STOCH(9,6)
24.470
Sell
STOCHRSI(14)
16.956
Oversold
MACD(12,26)
-0.030
Sell
ADX(14)
27.319
Buy
Williams %R
-84.873
Oversold
CCI(14)
-54.2713
Sell
ATR(14)
0.1154
Less Volatility
Highs/Lows(14)
-0.0482
Sell
Ultimate Oscillator
41.114
Sell
ROC
-0.393
Sell
Bull/Bear Power(13)
-0.1320
Sell
Buy: 1
Sell: 8
Neutral: 0


Summary:Strong Sell","Jun 17, 2021 11:23PM GMT"
aud_usd,0.7558 +0.0008    +0.10%,19:25:30,2021-06-17 23:26:10.415181,"Prev. Close: 0.7550
Bid/Ask: 0.7557 / 0.7558
Day's Range: 0.7547 - 0.7560",Strong Sell,"Summary:Strong Sell
Moving Averages:SellBuy (3)Sell (9)
Technical Indicators:Strong SellBuy (0)Sell (8)","Name
S3
S2
S1
Pivot Points
R1
R2
R3
Classic
0.7545
0.7548
0.7554
0.7557
0.7563
0.7566
0.7572
Fibonacci
0.7548
0.7551
0.7554
0.7557
0.7560
0.7563
0.7566
Camarilla
0.7556
0.7557
0.7558
0.7557
0.7559
0.7560
0.7561
Woodie's
0.7545
0.7548
0.7554
0.7557
0.7563
0.7566
0.7572
DeMark's
-
-
0.7555
0.7557
0.7563
-
-","Technical IndicatorsJun 17, 2021 11:25PM GMT
Name
Value
Action
RSI(14)
33.225
Sell
STOCH(9,6)
32.713
Sell
STOCHRSI(14)
97.695
Overbought
MACD(12,26)
-0.002
Sell
ADX(14)
49.534
Sell
Williams %R
-69.231
Sell
CCI(14)
-39.5690
Neutral
ATR(14)
0.0015
Less Volatility
Highs/Lows(14)
0.0000
Neutral
Ultimate Oscillator
45.382
Sell
ROC
-0.507
Sell
Bull/Bear Power(13)
-0.0006
Sell
Buy: 0
Sell: 8
Neutral: 2


Summary:Strong Sell","Jun 17, 2021 11:25PM GMT"
eur_gbp,0.8549 -0.0003    -0.03%,19:25:40,2021-06-17 23:26:10.418178,"Prev. Close: 0.8551
Bid/Ask: 0.8548 / 0.8549
Day's Range: 0.8548 - 0.8557",Strong Sell,"Summary:Strong Sell
Moving Averages:Strong SellBuy (0)Sell (12)
Technical Indicators:Strong SellBuy (1)Sell (7)","Name
S3
S2
S1
Pivot Points
R1
R2
R3
Classic
0.8540
0.8544
0.8546
0.8550
0.8553
0.8556
0.8559
Fibonacci
0.8544
0.8546
0.8548
0.8550
0.8552
0.8554
0.8556
Camarilla
0.8548
0.8548
0.8549
0.8550
0.8550
0.8551
0.8551
Woodie's
0.8540
0.8544
0.8546
0.8550
0.8553
0.8556
0.8559
DeMark's
-
-
0.8545
0.8549
0.8552
-
-","Technical IndicatorsJun 17, 2021 11:23PM GMT
Name
Value
Action
RSI(14)
35.664
Sell
STOCH(9,6)
26.963
Sell
STOCHRSI(14)
20.660
Oversold
MACD(12,26)
-0.001
Sell
ADX(14)
30.896
Buy
Williams %R
-83.333
Oversold
CCI(14)
-135.6611
Sell
ATR(14)
0.0010
Less Volatility
Highs/Lows(14)
-0.0002
Sell
Ultimate Oscillator
49.146
Neutral
ROC
-0.035
Sell
Bull/Bear Power(13)
-0.0023
Sell
Buy: 1
Sell: 7
Neutral: 1


Summary:Strong Sell","Jun 17, 2021 11:23PM GMT"
usd_cad,1.2343 -0.0018    -0.15%,19:25:39,2021-06-17 23:26:10.421185,"Prev. Close: 1.2361
Bid/Ask: 1.2341 / 1.2345
Day's Range: 1.2340 - 1.2368",Strong Buy,"Summary:Strong Buy
Moving Averages:BuyBuy (8)Sell (4)
Technical Indicators:Strong BuyBuy (8)Sell (0)","Name
S3
S2
S1
Pivot Points
R1
R2
R3
Classic
1.2323
1.2333
1.2339
1.2348
1.2354
1.2363
1.2369
Fibonacci
1.2333
1.2338
1.2342
1.2348
1.2354
1.2358
1.2363
Camarilla
1.2341
1.2342
1.2344
1.2348
1.2346
1.2348
1.2349
Woodie's
1.2321
1.2332
1.2337
1.2347
1.2352
1.2362
1.2367
DeMark's
-
-
1.2336
1.2347
1.2351
-
-","Technical IndicatorsJun 17, 2021 11:25PM GMT
Name
Value
Action
RSI(14)
63.179
Buy
STOCH(9,6)
66.576
Buy
STOCHRSI(14)
0.000
Oversold
MACD(12,26)
0.003
Buy
ADX(14)
42.797
Buy
Williams %R
-41.213
Buy
CCI(14)
9.0311
Neutral
ATR(14)
0.0023
Less Volatility
Highs/Lows(14)
0.0000
Neutral
Ultimate Oscillator
64.727
Buy
ROC
0.183
Buy
Bull/Bear Power(13)
0.0006
Buy
Buy: 8
Sell: 0
Neutral: 2


Summary:Strong Buy","Jun 17, 2021 11:25PM GMT"
usd_chf,0.9176 +0.0003    +0.03%,19:25:42,2021-06-17 23:26:10.424176,"Prev. Close: 0.9173
Bid/Ask: 0.9172 / 0.9180
Day's Range: 0.9169 - 0.9183",Strong Buy,"Summary:Strong Buy
Moving Averages:BuyBuy (10)Sell (2)
Technical Indicators:Strong BuyBuy (9)Sell (0)","Name
S3
S2
S1
Pivot Points
R1
R2
R3
Classic
0.9170
0.9172
0.9174
0.9176
0.9178
0.9180
0.9182
Fibonacci
0.9172
0.9174
0.9174
0.9176
0.9178
0.9178
0.9180
Camarilla
0.9174
0.9174
0.9175
0.9176
0.9175
0.9176
0.9176
Woodie's
0.9170
0.9172
0.9174
0.9176
0.9178
0.9180
0.9182
DeMark's
-
-
0.9172
0.9175
0.9176
-
-","Technical IndicatorsJun 17, 2021 11:24PM GMT
Name
Value
Action
RSI(14)
74.464
Buy
STOCH(9,6)
74.461
Buy
STOCHRSI(14)
2.151
Oversold
MACD(12,26)
0.003
Buy
ADX(14)
39.163
Buy
Williams %R
-22.223
Buy
CCI(14)
70.1890
Buy
ATR(14)
0.0013
Less Volatility
Highs/Lows(14)
0.0003
Buy
Ultimate Oscillator
50.921
Neutral
ROC
0.333
Buy
Bull/Bear Power(13)
0.0034
Buy
Buy: 9
Sell: 0
Neutral: 1


Summary:Strong Buy","Jun 17, 2021 11:24PM GMT"
nzd_chf,0.6437 +0.0018    +0.27%,19:25:42,2021-06-17 23:26:10.427179,"Prev. Close: 0.6419
Bid/Ask: 0.6433 / 0.6440
Day's Range: 0.6421 - 0.6441",Strong Buy,"Summary:Strong Buy
Moving Averages:BuyBuy (11)Sell (1)
Technical Indicators:Strong BuyBuy (6)Sell (3)","Name
S3
S2
S1
Pivot Points
R1
R2
R3
Classic
0.6417
0.6422
0.6429
0.6434
0.6441
0.6446
0.6454
Fibonacci
0.6422
0.6426
0.6429
0.6434
0.6439
0.6442
0.6446
Camarilla
0.6434
0.6435
0.6436
0.6434
0.6439
0.6440
0.6441
Woodie's
0.6419
0.6423
0.6431
0.6435
0.6443
0.6447
0.6456
DeMark's
-
-
0.6432
0.6435
0.6444
-
-","Technical IndicatorsJun 17, 2021 11:25PM GMT
Name
Value
Action
RSI(14)
57.840
Buy
STOCH(9,6)
63.836
Buy
STOCHRSI(14)
95.505
Overbought
MACD(12,26)
0.000
Buy
ADX(14)
26.480
Sell
Williams %R
-19.737
Overbought
CCI(14)
176.8845
Buy
ATR(14)
0.0012
Less Volatility
Highs/Lows(14)
0.0005
Buy
Ultimate Oscillator
41.671
Sell
ROC
-0.062
Sell
Bull/Bear Power(13)
0.0016
Buy
Buy: 6
Sell: 3
Neutral: 0


Summary:Strong Buy","Jun 17, 2021 11:25PM GMT"
usd_cny,6.4484 +0.0515    +0.80%,11:27:22,2021-06-17 23:26:10.430141,"Prev. Close: 6.3969
Bid/Ask: 6.4477 / 6.4490
Day's Range: 6.3972 - 6.4494",Strong Buy,"Summary:Strong Buy
Moving Averages:BuyBuy (12)Sell (0)
Technical Indicators:Strong BuyBuy (7)Sell (0)","Name
S3
S2
S1
Pivot Points
R1
R2
R3
Classic
6.4380
6.4399
6.4436
6.4455
6.4492
6.4511
6.4548
Fibonacci
6.4399
6.4420
6.4434
6.4455
6.4476
6.4490
6.4511
Camarilla
6.4458
6.4463
6.4468
6.4455
6.4479
6.4484
6.4489
Woodie's
6.4390
6.4404
6.4446
6.4460
6.4502
6.4516
6.4558
DeMark's
-
-
6.4446
6.4460
6.4502
-
-","Technical IndicatorsJun 17, 2021 03:34PM GMT
Name
Value
Action
RSI(14)
85.433
Overbought
STOCH(9,6)
77.649
Buy
STOCHRSI(14)
100.000
Overbought
MACD(12,26)
0.011
Buy
ADX(14)
61.337
Buy
Williams %R
-3.426
Overbought
CCI(14)
151.8010
Buy
ATR(14)
0.0041
Less Volatility
Highs/Lows(14)
0.0141
Buy
Ultimate Oscillator
82.973
Overbought
ROC
0.391
Buy
Bull/Bear Power(13)
0.0286
Buy
Buy: 7
Sell: 0
Neutral: 0


Summary:Strong Buy","Jun 17, 2021 03:34PM GMT"
usd_hkd,7.7641 -0.0003    -0.00%,19:25:35,2021-06-17 23:26:10.433126,"Prev. Close: 7.7644
Bid/Ask: 7.7639 / 7.7642
Day's Range: 7.7641 - 7.7652",Neutral,"Summary:Neutral
Moving Averages:NeutralBuy (6)Sell (6)
Technical Indicators:SellBuy (3)Sell (4)","Name
S3
S2
S1
Pivot Points
R1
R2
R3
Classic
7.7629
7.7635
7.7640
7.7646
7.7651
7.7657
7.7663
Fibonacci
7.7635
7.7639
7.7642
7.7646
7.7650
7.7653
7.7657
Camarilla
7.7643
7.7644
7.7645
7.7646
7.7648
7.7649
7.7650
Woodie's
7.7629
7.7635
7.7640
7.7646
7.7651
7.7657
7.7663
DeMark's
-
-
7.7638
7.7645
7.7649
-
-","Technical IndicatorsJun 17, 2021 11:25PM GMT
Name
Value
Action
RSI(14)
49.291
Neutral
STOCH(9,6)
56.722
Buy
STOCHRSI(14)
0.000
Oversold
MACD(12,26)
0.000
Buy
ADX(14)
25.688
Neutral
Williams %R
-78.946
Sell
CCI(14)
-62.6538
Sell
ATR(14)
0.0008
Less Volatility
Highs/Lows(14)
-0.0001
Sell
Ultimate Oscillator
50.923
Neutral
ROC
-0.012
Sell
Bull/Bear Power(13)
0.0009
Buy
Buy: 3
Sell: 4
Neutral: 3


Summary:Sell","Jun 17, 2021 11:25PM GMT"
eur_usd,1.1913 +0.0007    +0.06%,19:26:23,2021-06-17 23:27:10.249457,"Prev. Close: 1.1906
Bid/Ask: 1.1912 / 1.1914
Day's Range: 1.1906 - 1.1914",Strong Sell,"Summary:Strong Sell
Moving Averages:SellBuy (3)Sell (9)
Technical Indicators:Strong SellBuy (0)Sell (8)","Name
S3
S2
S1
Pivot Points
R1
R2
R3
Classic
1.1900
1.1903
1.1907
1.1910
1.1914
1.1917
1.1921
Fibonacci
1.1903
1.1906
1.1907
1.1910
1.1913
1.1914
1.1917
Camarilla
1.1910
1.1910
1.1911
1.1910
1.1912
1.1913
1.1913
Woodie's
1.1902
1.1904
1.1909
1.1911
1.1916
1.1918
1.1923
DeMark's
-
-
1.1909
1.1911
1.1916
-
-","Technical IndicatorsJun 17, 2021 11:25PM GMT
Name
Value
Action
RSI(14)
31.267
Sell
STOCH(9,6)
29.562
Sell
STOCHRSI(14)
100.000
Overbought
MACD(12,26)
-0.003
Sell
ADX(14)
35.438
Sell
Williams %R
-66.394
Sell
CCI(14)
-46.0882
Neutral
ATR(14)
0.0016
Less Volatility
Highs/Lows(14)
0.0000
Neutral
Ultimate Oscillator
44.226
Sell
ROC
-0.314
Sell
Bull/Bear Power(13)
-0.0014
Sell
Buy: 0
Sell: 8
Neutral: 2


Summary:Strong Sell","Jun 17, 2021 11:25PM GMT"
gbp_usd,1.3934 +0.0015    +0.11%,19:26:46,2021-06-17 23:27:10.253684,"Prev. Close: 1.3919
Bid/Ask: 1.3933 / 1.3935
Day's Range: 1.3915 - 1.3935",Sell,"Summary:Sell
Moving Averages:SellBuy (4)Sell (8)
Technical Indicators:SellBuy (1)Sell (5)","Name
S3
S2
S1
Pivot Points
R1
R2
R3
Classic
1.3914
1.3918
1.3925
1.3930
1.3937
1.3942
1.3949
Fibonacci
1.3918
1.3923
1.3926
1.3930
1.3934
1.3937
1.3942
Camarilla
1.3929
1.3930
1.3931
1.3930
1.3934
1.3935
1.3936
Woodie's
1.3916
1.3919
1.3927
1.3931
1.3939
1.3943
1.3951
DeMark's
-
-
1.3928
1.3931
1.3939
-
-","Technical IndicatorsJun 17, 2021 11:25PM GMT
Name
Value
Action
RSI(14)
40.598
Sell
STOCH(9,6)
45.816
Neutral
STOCHRSI(14)
100.000
Overbought
MACD(12,26)
-0.003
Sell
ADX(14)
38.045
Sell
Williams %R
-52.501
Neutral
CCI(14)
-1.8775
Neutral
ATR(14)
0.0023
Less Volatility
Highs/Lows(14)
0.0000
Neutral
Ultimate Oscillator
51.532
Buy
ROC
-0.286
Sell
Bull/Bear Power(13)
-0.0013
Sell
Buy: 1
Sell: 5
Neutral: 4


Summary:Sell","Jun 17, 2021 11:25PM GMT"
usd_jpy,110.27 +0.07    +0.06%,19:26:40,2021-06-17 23:27:10.256929,"Prev. Close: 110.20
Bid/Ask: 110.25 / 110.28
Day's Range: 110.17 - 110.83",Neutral,"Summary:Neutral
Moving Averages:BuyBuy (7)Sell (5)
Technical Indicators:Strong SellBuy (1)Sell (8)","Name
S3
S2
S1
Pivot Points
R1
R2
R3
Classic
110.18
110.21
110.25
110.27
110.31
110.33
110.37
Fibonacci
110.21
110.23
110.25
110.27
110.29
110.31
110.33
Camarilla
110.26
110.26
110.27
110.27
110.28
110.29
110.29
Woodie's
110.18
110.21
110.25
110.27
110.31
110.33
110.37
DeMark's
-
-
110.26
110.28
110.32
-
-","Technical IndicatorsJun 17, 2021 11:25PM GMT
Name
Value
Action
RSI(14)
42.918
Sell
STOCH(9,6)
24.470
Sell
STOCHRSI(14)
16.956
Oversold
MACD(12,26)
-0.030
Sell
ADX(14)
27.319
Buy
Williams %R
-84.873
Oversold
CCI(14)
-55.6459
Sell
ATR(14)
0.1161
Less Volatility
Highs/Lows(14)
-0.0475
Sell
Ultimate Oscillator
41.901
Sell
ROC
-0.393
Sell
Bull/Bear Power(13)
-0.1420
Sell
Buy: 1
Sell: 8
Neutral: 0


Summary:Strong Sell","Jun 17, 2021 11:25PM GMT"
aud_usd,0.7557 +0.0007    +0.09%,19:26:35,2021-06-17 23:27:10.259983,"Prev. Close: 0.7550
Bid/Ask: 0.7556 / 0.7558
Day's Range: 0.7547 - 0.7560",Strong Sell,"Summary:Strong Sell
Moving Averages:SellBuy (3)Sell (9)
Technical Indicators:Strong SellBuy (0)Sell (8)","Name
S3
S2
S1
Pivot Points
R1
R2
R3
Classic
0.7545
0.7548
0.7554
0.7557
0.7563
0.7566
0.7572
Fibonacci
0.7548
0.7551
0.7554
0.7557
0.7560
0.7563
0.7566
Camarilla
0.7556
0.7557
0.7558
0.7557
0.7559
0.7560
0.7561
Woodie's
0.7545
0.7548
0.7554
0.7557
0.7563
0.7566
0.7572
DeMark's
-
-
0.7555
0.7557
0.7563
-
-","Technical IndicatorsJun 17, 2021 11:25PM GMT
Name
Value
Action
RSI(14)
33.225
Sell
STOCH(9,6)
32.713
Sell
STOCHRSI(14)
97.695
Overbought
MACD(12,26)
-0.002
Sell
ADX(14)
49.534
Sell
Williams %R
-69.231
Sell
CCI(14)
-39.5690
Neutral
ATR(14)
0.0015
Less Volatility
Highs/Lows(14)
0.0000
Neutral
Ultimate Oscillator
45.382
Sell
ROC
-0.507
Sell
Bull/Bear Power(13)
-0.0006
Sell
Buy: 0
Sell: 8
Neutral: 2


Summary:Strong Sell","Jun 17, 2021 11:25PM GMT"
eur_gbp,0.8549 -0.0002    -0.02%,19:26:52,2021-06-17 23:27:10.262997,"Prev. Close: 0.8551
Bid/Ask: 0.8548 / 0.8550
Day's Range: 0.8548 - 0.8557",Strong Sell,"Summary:Strong Sell
Moving Averages:Strong SellBuy (0)Sell (12)
Technical Indicators:Strong SellBuy (1)Sell (7)","Name
S3
S2
S1
Pivot Points
R1
R2
R3
Classic
0.8540
0.8544
0.8546
0.8550
0.8553
0.8556
0.8559
Fibonacci
0.8544
0.8546
0.8548
0.8550
0.8552
0.8554
0.8556
Camarilla
0.8548
0.8548
0.8549
0.8550
0.8550
0.8551
0.8551
Woodie's
0.8540
0.8544
0.8546
0.8550
0.8553
0.8556
0.8559
DeMark's
-
-
0.8545
0.8549
0.8552
-
-","Technical IndicatorsJun 17, 2021 11:25PM GMT
Name
Value
Action
RSI(14)
35.664
Sell
STOCH(9,6)
26.963
Sell
STOCHRSI(14)
20.660
Oversold
MACD(12,26)
-0.001
Sell
ADX(14)
30.896
Buy
Williams %R
-83.333
Oversold
CCI(14)
-135.6611
Sell
ATR(14)
0.0010
Less Volatility
Highs/Lows(14)
-0.0002
Sell
Ultimate Oscillator
49.146
Neutral
ROC
-0.035
Sell
Bull/Bear Power(13)
-0.0023
Sell
Buy: 1
Sell: 7
Neutral: 1


Summary:Strong Sell","Jun 17, 2021 11:25PM GMT"
usd_cad,1.2346 -0.0015    -0.13%,19:26:55,2021-06-17 23:27:10.266015,"Prev. Close: 1.2361
Bid/Ask: 1.2345 / 1.2346
Day's Range: 1.2340 - 1.2368",Strong Buy,"Summary:Strong Buy
Moving Averages:BuyBuy (8)Sell (4)
Technical Indicators:Strong BuyBuy (8)Sell (0)","Name
S3
S2
S1
Pivot Points
R1
R2
R3
Classic
1.2323
1.2333
1.2339
1.2348
1.2354
1.2363
1.2369
Fibonacci
1.2333
1.2338
1.2342
1.2348
1.2354
1.2358
1.2363
Camarilla
1.2341
1.2342
1.2344
1.2348
1.2346
1.2348
1.2349
Woodie's
1.2321
1.2332
1.2337
1.2347
1.2352
1.2362
1.2367
DeMark's
-
-
1.2336
1.2347
1.2351
-
-","Technical IndicatorsJun 17, 2021 11:25PM GMT
Name
Value
Action
RSI(14)
63.179
Buy
STOCH(9,6)
66.576
Buy
STOCHRSI(14)
0.000
Oversold
MACD(12,26)
0.003
Buy
ADX(14)
42.797
Buy
Williams %R
-41.213
Buy
CCI(14)
9.0311
Neutral
ATR(14)
0.0023
Less Volatility
Highs/Lows(14)
0.0000
Neutral
Ultimate Oscillator
64.727
Buy
ROC
0.183
Buy
Bull/Bear Power(13)
0.0006
Buy
Buy: 8
Sell: 0
Neutral: 2


Summary:Strong Buy","Jun 17, 2021 11:25PM GMT"
usd_chf,0.9176 +0.0003    +0.03%,19:26:42,2021-06-17 23:27:10.269046,"Prev. Close: 0.9173
Bid/Ask: 0.9172 / 0.9180
Day's Range: 0.9169 - 0.9183",Strong Buy,"Summary:Strong Buy
Moving Averages:BuyBuy (12)Sell (0)
Technical Indicators:Strong BuyBuy (10)Sell (0)","Name
S3
S2
S1
Pivot Points
R1
R2
R3
Classic
0.9170
0.9172
0.9174
0.9176
0.9178
0.9180
0.9182
Fibonacci
0.9172
0.9174
0.9174
0.9176
0.9178
0.9178
0.9180
Camarilla
0.9174
0.9174
0.9175
0.9176
0.9175
0.9176
0.9176
Woodie's
0.9170
0.9172
0.9174
0.9176
0.9178
0.9180
0.9182
DeMark's
-
-
0.9172
0.9175
0.9176
-
-","Technical IndicatorsJun 17, 2021 11:25PM GMT
Name
Value
Action
RSI(14)
74.733
Buy
STOCH(9,6)
74.894
Buy
STOCHRSI(14)
4.256
Oversold
MACD(12,26)
0.003
Buy
ADX(14)
39.163
Buy
Williams %R
-20.370
Buy
CCI(14)
71.9401
Buy
ATR(14)
0.0013
Less Volatility
Highs/Lows(14)
0.0004
Buy
Ultimate Oscillator
52.031
Buy
ROC
0.344
Buy
Bull/Bear Power(13)
0.0034
Buy
Buy: 10
Sell: 0
Neutral: 0


Summary:Strong Buy","Jun 17, 2021 11:25PM GMT"
nzd_chf,0.6438 +0.0019    +0.30%,19:26:48,2021-06-17 23:27:10.272052,"Prev. Close: 0.6419
Bid/Ask: 0.6437 / 0.6439
Day's Range: 0.6421 - 0.6441",Strong Buy,"Summary:Strong Buy
Moving Averages:BuyBuy (11)Sell (1)
Technical Indicators:Strong BuyBuy (6)Sell (3)","Name
S3
S2
S1
Pivot Points
R1
R2
R3
Classic
0.6417
0.6422
0.6429
0.6434
0.6441
0.6446
0.6454
Fibonacci
0.6422
0.6426
0.6429
0.6434
0.6439
0.6442
0.6446
Camarilla
0.6434
0.6435
0.6436
0.6434
0.6439
0.6440
0.6441
Woodie's
0.6419
0.6423
0.6431
0.6435
0.6443
0.6447
0.6456
DeMark's
-
-
0.6432
0.6435
0.6444
-
-","Technical IndicatorsJun 17, 2021 11:25PM GMT
Name
Value
Action
RSI(14)
57.840
Buy
STOCH(9,6)
63.836
Buy
STOCHRSI(14)
95.505
Overbought
MACD(12,26)
0.000
Buy
ADX(14)
26.480
Sell
Williams %R
-19.737
Overbought
CCI(14)
176.8845
Buy
ATR(14)
0.0012
Less Volatility
Highs/Lows(14)
0.0005
Buy
Ultimate Oscillator
41.671
Sell
ROC
-0.062
Sell
Bull/Bear Power(13)
0.0016
Buy
Buy: 6
Sell: 3
Neutral: 0


Summary:Strong Buy","Jun 17, 2021 11:25PM GMT"
usd_cny,6.4484 +0.0515    +0.80%,11:27:22,2021-06-17 23:27:10.275044,"Prev. Close: 6.3969
Bid/Ask: 6.4477 / 6.4490
Day's Range: 6.3972 - 6.4494",Strong Buy,"Summary:Strong Buy
Moving Averages:BuyBuy (12)Sell (0)
Technical Indicators:Strong BuyBuy (7)Sell (0)","Name
S3
S2
S1
Pivot Points
R1
R2
R3
Classic
6.4380
6.4399
6.4436
6.4455
6.4492
6.4511
6.4548
Fibonacci
6.4399
6.4420
6.4434
6.4455
6.4476
6.4490
6.4511
Camarilla
6.4458
6.4463
6.4468
6.4455
6.4479
6.4484
6.4489
Woodie's
6.4390
6.4404
6.4446
6.4460
6.4502
6.4516
6.4558
DeMark's
-
-
6.4446
6.4460
6.4502
-
-","Technical IndicatorsJun 17, 2021 03:34PM GMT
Name
Value
Action
RSI(14)
85.433
Overbought
STOCH(9,6)
77.649
Buy
STOCHRSI(14)
100.000
Overbought
MACD(12,26)
0.011
Buy
ADX(14)
61.337
Buy
Williams %R
-3.426
Overbought
CCI(14)
151.8010
Buy
ATR(14)
0.0041
Less Volatility
Highs/Lows(14)
0.0141
Buy
Ultimate Oscillator
82.973
Overbought
ROC
0.391
Buy
Bull/Bear Power(13)
0.0286
Buy
Buy: 7
Sell: 0
Neutral: 0


Summary:Strong Buy","Jun 17, 2021 03:34PM GMT"
usd_hkd,7.7641 -0.0003    -0.00%,19:26:29,2021-06-17 23:27:10.278018,"Prev. Close: 7.7644
Bid/Ask: 7.7639 / 7.7642
Day's Range: 7.7641 - 7.7652",Neutral,"Summary:Neutral
Moving Averages:NeutralBuy (6)Sell (6)
Technical Indicators:SellBuy (3)Sell (4)","Name
S3
S2
S1
Pivot Points
R1
R2
R3
Classic
7.7629
7.7635
7.7640
7.7646
7.7651
7.7657
7.7663
Fibonacci
7.7635
7.7639
7.7642
7.7646
7.7650
7.7653
7.7657
Camarilla
7.7643
7.7644
7.7645
7.7646
7.7648
7.7649
7.7650
Woodie's
7.7629
7.7635
7.7640
7.7646
7.7651
7.7657
7.7663
DeMark's
-
-
7.7638
7.7645
7.7649
-
-","Technical IndicatorsJun 17, 2021 11:25PM GMT
Name
Value
Action
RSI(14)
49.291
Neutral
STOCH(9,6)
56.722
Buy
STOCHRSI(14)
0.000
Oversold
MACD(12,26)
0.000
Buy
ADX(14)
25.688
Neutral
Williams %R
-78.946
Sell
CCI(14)
-62.6538
Sell
ATR(14)
0.0008
Less Volatility
Highs/Lows(14)
-0.0001
Sell
Ultimate Oscillator
50.923
Neutral
ROC
-0.012
Sell
Bull/Bear Power(13)
0.0009
Buy
Buy: 3
Sell: 4
Neutral: 3


Summary:Sell","Jun 17, 2021 11:25PM GMT"
eur_usd,1.1913 +0.0007    +0.06%,19:27:41,2021-06-17 23:28:10.338022,"Prev. Close: 1.1906
Bid/Ask: 1.1911 / 1.1915
Day's Range: 1.1906 - 1.1914",Strong Sell,"Summary:Strong Sell
Moving Averages:SellBuy (3)Sell (9)
Technical Indicators:Strong SellBuy (0)Sell (8)","Name
S3
S2
S1
Pivot Points
R1
R2
R3
Classic
1.1900
1.1903
1.1907
1.1910
1.1914
1.1917
1.1921
Fibonacci
1.1903
1.1906
1.1907
1.1910
1.1913
1.1914
1.1917
Camarilla
1.1910
1.1910
1.1911
1.1910
1.1912
1.1913
1.1913
Woodie's
1.1902
1.1904
1.1909
1.1911
1.1916
1.1918
1.1923
DeMark's
-
-
1.1909
1.1911
1.1916
-
-","Technical IndicatorsJun 17, 2021 11:27PM GMT
Name
Value
Action
RSI(14)
31.267
Sell
STOCH(9,6)
29.562
Sell
STOCHRSI(14)
100.000
Overbought
MACD(12,26)
-0.003
Sell
ADX(14)
35.438
Sell
Williams %R
-66.394
Sell
CCI(14)
-46.0882
Neutral
ATR(14)
0.0016
Less Volatility
Highs/Lows(14)
0.0000
Neutral
Ultimate Oscillator
44.226
Sell
ROC
-0.314
Sell
Bull/Bear Power(13)
-0.0014
Sell
Buy: 0
Sell: 8
Neutral: 2


Summary:Strong Sell","Jun 17, 2021 11:27PM GMT"
gbp_usd,1.3934 +0.0015    +0.11%,19:27:40,2021-06-17 23:28:10.342210,"Prev. Close: 1.3919
Bid/Ask: 1.3933 / 1.3935
Day's Range: 1.3915 - 1.3935",Sell,"Summary:Sell
Moving Averages:SellBuy (4)Sell (8)
Technical Indicators:SellBuy (1)Sell (5)","Name
S3
S2
S1
Pivot Points
R1
R2
R3
Classic
1.3914
1.3918
1.3925
1.3930
1.3937
1.3942
1.3949
Fibonacci
1.3918
1.3923
1.3926
1.3930
1.3934
1.3937
1.3942
Camarilla
1.3929
1.3930
1.3931
1.3930
1.3934
1.3935
1.3936
Woodie's
1.3916
1.3919
1.3927
1.3931
1.3939
1.3943
1.3951
DeMark's
-
-
1.3928
1.3931
1.3939
-
-","Technical IndicatorsJun 17, 2021 11:27PM GMT
Name
Value
Action
RSI(14)
40.786
Sell
STOCH(9,6)
45.961
Neutral
STOCHRSI(14)
100.000
Overbought
MACD(12,26)
-0.003
Sell
ADX(14)
38.045
Sell
Williams %R
-51.875
Neutral
CCI(14)
-0.9046
Neutral
ATR(14)
0.0023
Less Volatility
Highs/Lows(14)
0.0000
Neutral
Ultimate Oscillator
51.893
Buy
ROC
-0.283
Sell
Bull/Bear Power(13)
-0.0013
Sell
Buy: 1
Sell: 5
Neutral: 4


Summary:Sell","Jun 17, 2021 11:27PM GMT"
usd_jpy,110.28 +0.07    +0.07%,19:27:41,2021-06-17 23:28:10.345512,"Prev. Close: 110.20
Bid/Ask: 110.27 / 110.28
Day's Range: 110.17 - 110.83",Neutral,"Summary:Neutral
Moving Averages:BuyBuy (7)Sell (5)
Technical Indicators:Strong SellBuy (1)Sell (8)","Name
S3
S2
S1
Pivot Points
R1
R2
R3
Classic
110.18
110.21
110.25
110.27
110.31
110.33
110.37
Fibonacci
110.21
110.23
110.25
110.27
110.29
110.31
110.33
Camarilla
110.26
110.26
110.27
110.27
110.28
110.29
110.29
Woodie's
110.18
110.21
110.25
110.27
110.31
110.33
110.37
DeMark's
-
-
110.26
110.28
110.32
-
-","Technical IndicatorsJun 17, 2021 11:27PM GMT
Name
Value
Action
RSI(14)
43.185
Sell
STOCH(9,6)
24.897
Sell
STOCHRSI(14)
17.928
Oversold
MACD(12,26)
-0.030
Sell
ADX(14)
27.319
Buy
Williams %R
-84.033
Oversold
CCI(14)
-54.9591
Sell
ATR(14)
0.1161
Less Volatility
Highs/Lows(14)
-0.0425
Sell
Ultimate Oscillator
42.578
Sell
ROC
-0.388
Sell
Bull/Bear Power(13)
-0.1420
Sell
Buy: 1
Sell: 8
Neutral: 0


Summary:Strong Sell","Jun 17, 2021 11:27PM GMT"
aud_usd,0.7558 +0.0008    +0.10%,19:27:39,2021-06-17 23:28:10.348582,"Prev. Close: 0.7550
Bid/Ask: 0.7557 / 0.7558
Day's Range: 0.7547 - 0.7560",Strong Sell,"Summary:Strong Sell
Moving Averages:SellBuy (3)Sell (9)
Technical Indicators:Strong SellBuy (0)Sell (8)","Name
S3
S2
S1
Pivot Points
R1
R2
R3
Classic
0.7545
0.7548
0.7554
0.7557
0.7563
0.7566
0.7572
Fibonacci
0.7548
0.7551
0.7554
0.7557
0.7560
0.7563
0.7566
Camarilla
0.7556
0.7557
0.7558
0.7557
0.7559
0.7560
0.7561
Woodie's
0.7545
0.7548
0.7554
0.7557
0.7563
0.7566
0.7572
DeMark's
-
-
0.7555
0.7557
0.7563
-
-","Technical IndicatorsJun 17, 2021 11:27PM GMT
Name
Value
Action
RSI(14)
33.225
Sell
STOCH(9,6)
32.713
Sell
STOCHRSI(14)
97.695
Overbought
MACD(12,26)
-0.002
Sell
ADX(14)
49.534
Sell
Williams %R
-69.231
Sell
CCI(14)
-39.5690
Neutral
ATR(14)
0.0015
Less Volatility
Highs/Lows(14)
0.0000
Neutral
Ultimate Oscillator
45.382
Sell
ROC
-0.507
Sell
Bull/Bear Power(13)
-0.0006
Sell
Buy: 0
Sell: 8
Neutral: 2


Summary:Strong Sell","Jun 17, 2021 11:27PM GMT"
eur_gbp,0.8550 -0.0001    -0.01%,19:27:41,2021-06-17 23:28:10.351588,"Prev. Close: 0.8551
Bid/Ask: 0.8548 / 0.8552
Day's Range: 0.8548 - 0.8557",Strong Sell,"Summary:Strong Sell
Moving Averages:Strong SellBuy (0)Sell (12)
Technical Indicators:Strong SellBuy (1)Sell (7)","Name
S3
S2
S1
Pivot Points
R1
R2
R3
Classic
0.8540
0.8544
0.8546
0.8550
0.8553
0.8556
0.8559
Fibonacci
0.8544
0.8546
0.8548
0.8550
0.8552
0.8554
0.8556
Camarilla
0.8548
0.8548
0.8549
0.8550
0.8550
0.8551
0.8551
Woodie's
0.8540
0.8544
0.8546
0.8550
0.8553
0.8556
0.8559
DeMark's
-
-
0.8545
0.8549
0.8552
-
-","Technical IndicatorsJun 17, 2021 11:27PM GMT
Name
Value
Action
RSI(14)
35.664
Sell
STOCH(9,6)
26.963
Sell
STOCHRSI(14)
20.660
Oversold
MACD(12,26)
-0.001
Sell
ADX(14)
30.896
Buy
Williams %R
-83.333
Oversold
CCI(14)
-135.6611
Sell
ATR(14)
0.0010
Less Volatility
Highs/Lows(14)
-0.0002
Sell
Ultimate Oscillator
49.146
Neutral
ROC
-0.035
Sell
Bull/Bear Power(13)
-0.0023
Sell
Buy: 1
Sell: 7
Neutral: 1


Summary:Strong Sell","Jun 17, 2021 11:27PM GMT"
usd_cad,1.2346 -0.0015    -0.13%,19:27:42,2021-06-17 23:28:10.354612,"Prev. Close: 1.2361
Bid/Ask: 1.2345 / 1.2346
Day's Range: 1.2340 - 1.2368",Strong Buy,"Summary:Strong Buy
Moving Averages:BuyBuy (8)Sell (4)
Technical Indicators:Strong BuyBuy (8)Sell (0)","Name
S3
S2
S1
Pivot Points
R1
R2
R3
Classic
1.2323
1.2333
1.2339
1.2348
1.2354
1.2363
1.2369
Fibonacci
1.2333
1.2338
1.2342
1.2348
1.2354
1.2358
1.2363
Camarilla
1.2341
1.2342
1.2344
1.2348
1.2346
1.2348
1.2349
Woodie's
1.2321
1.2332
1.2337
1.2347
1.2352
1.2362
1.2367
DeMark's
-
-
1.2336
1.2347
1.2351
-
-","Technical IndicatorsJun 17, 2021 11:27PM GMT
Name
Value
Action
RSI(14)
64.115
Buy
STOCH(9,6)
67.146
Buy
STOCHRSI(14)
0.963
Oversold
MACD(12,26)
0.003
Buy
ADX(14)
42.797
Buy
Williams %R
-38.789
Buy
CCI(14)
12.9596
Neutral
ATR(14)
0.0023
Less Volatility
Highs/Lows(14)
0.0000
Neutral
Ultimate Oscillator
66.076
Buy
ROC
0.199
Buy
Bull/Bear Power(13)
0.0006
Buy
Buy: 8
Sell: 0
Neutral: 2


Summary:Strong Buy","Jun 17, 2021 11:27PM GMT"
usd_chf,0.9176 +0.0003    +0.03%,19:27:21,2021-06-17 23:28:10.357606,"Prev. Close: 0.9173
Bid/Ask: 0.9172 / 0.9180
Day's Range: 0.9169 - 0.9183",Strong Buy,"Summary:Strong Buy
Moving Averages:BuyBuy (12)Sell (0)
Technical Indicators:Strong BuyBuy (10)Sell (0)","Name
S3
S2
S1
Pivot Points
R1
R2
R3
Classic
0.9170
0.9172
0.9174
0.9176
0.9178
0.9180
0.9182
Fibonacci
0.9172
0.9174
0.9174
0.9176
0.9178
0.9178
0.9180
Camarilla
0.9174
0.9174
0.9175
0.9176
0.9175
0.9176
0.9176
Woodie's
0.9170
0.9172
0.9174
0.9176
0.9178
0.9180
0.9182
DeMark's
-
-
0.9172
0.9175
0.9176
-
-","Technical IndicatorsJun 17, 2021 11:25PM GMT
Name
Value
Action
RSI(14)
74.733
Buy
STOCH(9,6)
74.894
Buy
STOCHRSI(14)
4.256
Oversold
MACD(12,26)
0.003
Buy
ADX(14)
39.163
Buy
Williams %R
-20.370
Buy
CCI(14)
71.9401
Buy
ATR(14)
0.0013
Less Volatility
Highs/Lows(14)
0.0004
Buy
Ultimate Oscillator
52.031
Buy
ROC
0.344
Buy
Bull/Bear Power(13)
0.0034
Buy
Buy: 10
Sell: 0
Neutral: 0


Summary:Strong Buy","Jun 17, 2021 11:25PM GMT"
nzd_chf,0.6437 +0.0018    +0.28%,19:27:42,2021-06-17 23:28:10.360625,"Prev. Close: 0.6419
Bid/Ask: 0.6434 / 0.6440
Day's Range: 0.6421 - 0.6441",Strong Buy,"Summary:Strong Buy
Moving Averages:BuyBuy (12)Sell (0)
Technical Indicators:Strong BuyBuy (6)Sell (3)","Name
S3
S2
S1
Pivot Points
R1
R2
R3
Classic
0.6417
0.6422
0.6429
0.6434
0.6441
0.6446
0.6454
Fibonacci
0.6422
0.6426
0.6429
0.6434
0.6439
0.6442
0.6446
Camarilla
0.6434
0.6435
0.6436
0.6434
0.6439
0.6440
0.6441
Woodie's
0.6419
0.6423
0.6431
0.6435
0.6443
0.6447
0.6456
DeMark's
-
-
0.6432
0.6435
0.6444
-
-","Technical IndicatorsJun 17, 2021 11:27PM GMT
Name
Value
Action
RSI(14)
58.276
Buy
STOCH(9,6)
64.163
Buy
STOCHRSI(14)
97.737
Overbought
MACD(12,26)
0.000
Buy
ADX(14)
26.480
Sell
Williams %R
-18.421
Overbought
CCI(14)
178.8475
Buy
ATR(14)
0.0012
Less Volatility
Highs/Lows(14)
0.0006
Buy
Ultimate Oscillator
42.242
Sell
ROC
-0.054
Sell
Bull/Bear Power(13)
0.0016
Buy
Buy: 6
Sell: 3
Neutral: 0


Summary:Strong Buy","Jun 17, 2021 11:27PM GMT"
usd_cny,6.4484 +0.0515    +0.80%,11:27:22,2021-06-17 23:28:10.363629,"Prev. Close: 6.3969
Bid/Ask: 6.4477 / 6.4490
Day's Range: 6.3972 - 6.4494",Strong Buy,"Summary:Strong Buy
Moving Averages:BuyBuy (12)Sell (0)
Technical Indicators:Strong BuyBuy (7)Sell (0)","Name
S3
S2
S1
Pivot Points
R1
R2
R3
Classic
6.4380
6.4399
6.4436
6.4455
6.4492
6.4511
6.4548
Fibonacci
6.4399
6.4420
6.4434
6.4455
6.4476
6.4490
6.4511
Camarilla
6.4458
6.4463
6.4468
6.4455
6.4479
6.4484
6.4489
Woodie's
6.4390
6.4404
6.4446
6.4460
6.4502
6.4516
6.4558
DeMark's
-
-
6.4446
6.4460
6.4502
-
-","Technical IndicatorsJun 17, 2021 03:34PM GMT
Name
Value
Action
RSI(14)
85.433
Overbought
STOCH(9,6)
77.649
Buy
STOCHRSI(14)
100.000
Overbought
MACD(12,26)
0.011
Buy
ADX(14)
61.337
Buy
Williams %R
-3.426
Overbought
CCI(14)
151.8010
Buy
ATR(14)
0.0041
Less Volatility
Highs/Lows(14)
0.0141
Buy
Ultimate Oscillator
82.973
Overbought
ROC
0.391
Buy
Bull/Bear Power(13)
0.0286
Buy
Buy: 7
Sell: 0
Neutral: 0


Summary:Strong Buy","Jun 17, 2021 03:34PM GMT"
usd_hkd,7.7641 -0.0003    -0.00%,19:27:33,2021-06-17 23:28:10.366600,"Prev. Close: 7.7644
Bid/Ask: 7.7639 / 7.7642
Day's Range: 7.7641 - 7.7652",Neutral,"Summary:Neutral
Moving Averages:NeutralBuy (6)Sell (6)
Technical Indicators:BUYBuy (4)Sell (3)","Name
S3
S2
S1
Pivot Points
R1
R2
R3
Classic
7.7629
7.7635
7.7640
7.7646
7.7651
7.7657
7.7663
Fibonacci
7.7635
7.7639
7.7642
7.7646
7.7650
7.7653
7.7657
Camarilla
7.7643
7.7644
7.7645
7.7646
7.7648
7.7649
7.7650
Woodie's
7.7629
7.7635
7.7640
7.7646
7.7651
7.7657
7.7663
DeMark's
-
-
7.7638
7.7645
7.7649
-
-","Technical IndicatorsJun 17, 2021 11:27PM GMT
Name
Value
Action
RSI(14)
50.172
Neutral
STOCH(9,6)
57.835
Buy
STOCHRSI(14)
0.000
Oversold
MACD(12,26)
0.000
Buy
ADX(14)
25.688
Neutral
Williams %R
-73.676
Sell
CCI(14)
-54.7019
Sell
ATR(14)
0.0008
Less Volatility
Highs/Lows(14)
0.0000
Neutral
Ultimate Oscillator
52.544
Buy
ROC
-0.010
Sell
Bull/Bear Power(13)
0.0009
Buy
Buy: 4
Sell: 3
Neutral: 3


Summary:BUY","Jun 17, 2021 11:27PM GMT"
eur_usd,1.1913 +0.0006    +0.05%,19:28:30,2021-06-17 23:29:10.251181,"Prev. Close: 1.1906
Bid/Ask: 1.1912 / 1.1913
Day's Range: 1.1906 - 1.1914",Strong Sell,"Summary:Strong Sell
Moving Averages:SellBuy (3)Sell (9)
Technical Indicators:Strong SellBuy (0)Sell (8)","Name
S3
S2
S1
Pivot Points
R1
R2
R3
Classic
1.1900
1.1903
1.1907
1.1910
1.1914
1.1917
1.1921
Fibonacci
1.1903
1.1906
1.1907
1.1910
1.1913
1.1914
1.1917
Camarilla
1.1910
1.1910
1.1911
1.1910
1.1912
1.1913
1.1913
Woodie's
1.1902
1.1904
1.1909
1.1911
1.1916
1.1918
1.1923
DeMark's
-
-
1.1909
1.1911
1.1916
-
-","Technical IndicatorsJun 17, 2021 11:27PM GMT
Name
Value
Action
RSI(14)
31.267
Sell
STOCH(9,6)
29.562
Sell
STOCHRSI(14)
100.000
Overbought
MACD(12,26)
-0.003
Sell
ADX(14)
35.438
Sell
Williams %R
-66.394
Sell
CCI(14)
-46.0882
Neutral
ATR(14)
0.0016
Less Volatility
Highs/Lows(14)
0.0000
Neutral
Ultimate Oscillator
44.226
Sell
ROC
-0.314
Sell
Bull/Bear Power(13)
-0.0014
Sell
Buy: 0
Sell: 8
Neutral: 2


Summary:Strong Sell","Jun 17, 2021 11:27PM GMT"
gbp_usd,1.3935 +0.0015    +0.11%,19:28:52,2021-06-17 23:29:10.255538,"Prev. Close: 1.3919
Bid/Ask: 1.3934 / 1.3935
Day's Range: 1.3915 - 1.3935",Sell,"Summary:Sell
Moving Averages:SellBuy (4)Sell (8)
Technical Indicators:SellBuy (1)Sell (5)","Name
S3
S2
S1
Pivot Points
R1
R2
R3
Classic
1.3914
1.3918
1.3925
1.3930
1.3937
1.3942
1.3949
Fibonacci
1.3918
1.3923
1.3926
1.3930
1.3934
1.3937
1.3942
Camarilla
1.3929
1.3930
1.3931
1.3930
1.3934
1.3935
1.3936
Woodie's
1.3916
1.3919
1.3927
1.3931
1.3939
1.3943
1.3951
DeMark's
-
-
1.3928
1.3931
1.3939
-
-","Technical IndicatorsJun 17, 2021 11:27PM GMT
Name
Value
Action
RSI(14)
40.786
Sell
STOCH(9,6)
45.961
Neutral
STOCHRSI(14)
100.000
Overbought
MACD(12,26)
-0.003
Sell
ADX(14)
38.045
Sell
Williams %R
-51.875
Neutral
CCI(14)
-0.9046
Neutral
ATR(14)
0.0023
Less Volatility
Highs/Lows(14)
0.0000
Neutral
Ultimate Oscillator
51.893
Buy
ROC
-0.283
Sell
Bull/Bear Power(13)
-0.0013
Sell
Buy: 1
Sell: 5
Neutral: 4


Summary:Sell","Jun 17, 2021 11:27PM GMT"
usd_jpy,110.28 +0.07    +0.07%,19:28:40,2021-06-17 23:29:10.259017,"Prev. Close: 110.20
Bid/Ask: 110.27 / 110.28
Day's Range: 110.17 - 110.83",Neutral,"Summary:Neutral
Moving Averages:BuyBuy (7)Sell (5)
Technical Indicators:Strong SellBuy (1)Sell (8)","Name
S3
S2
S1
Pivot Points
R1
R2
R3
Classic
110.18
110.21
110.25
110.27
110.31
110.33
110.37
Fibonacci
110.21
110.23
110.25
110.27
110.29
110.31
110.33
Camarilla
110.26
110.26
110.27
110.27
110.28
110.29
110.29
Woodie's
110.18
110.21
110.25
110.27
110.31
110.33
110.37
DeMark's
-
-
110.26
110.28
110.32
-
-","Technical IndicatorsJun 17, 2021 11:27PM GMT
Name
Value
Action
RSI(14)
43.185
Sell
STOCH(9,6)
24.897
Sell
STOCHRSI(14)
17.928
Oversold
MACD(12,26)
-0.030
Sell
ADX(14)
27.319
Buy
Williams %R
-84.033
Oversold
CCI(14)
-54.9591
Sell
ATR(14)
0.1161
Less Volatility
Highs/Lows(14)
-0.0425
Sell
Ultimate Oscillator
42.578
Sell
ROC
-0.388
Sell
Bull/Bear Power(13)
-0.1420
Sell
Buy: 1
Sell: 8
Neutral: 0


Summary:Strong Sell","Jun 17, 2021 11:27PM GMT"
aud_usd,0.7556 +0.0006    +0.08%,19:28:53,2021-06-17 23:29:10.262263,"Prev. Close: 0.7550
Bid/Ask: 0.7555 / 0.7557
Day's Range: 0.7547 - 0.7560",Strong Sell,"Summary:Strong Sell
Moving Averages:SellBuy (3)Sell (9)
Technical Indicators:Strong SellBuy (0)Sell (8)","Name
S3
S2
S1
Pivot Points
R1
R2
R3
Classic
0.7545
0.7548
0.7554
0.7557
0.7563
0.7566
0.7572
Fibonacci
0.7548
0.7551
0.7554
0.7557
0.7560
0.7563
0.7566
Camarilla
0.7556
0.7557
0.7558
0.7557
0.7559
0.7560
0.7561
Woodie's
0.7545
0.7548
0.7554
0.7557
0.7563
0.7566
0.7572
DeMark's
-
-
0.7555
0.7557
0.7563
-
-","Technical IndicatorsJun 17, 2021 11:27PM GMT
Name
Value
Action
RSI(14)
33.225
Sell
STOCH(9,6)
32.713
Sell
STOCHRSI(14)
97.695
Overbought
MACD(12,26)
-0.002
Sell
ADX(14)
49.534
Sell
Williams %R
-69.231
Sell
CCI(14)
-39.5690
Neutral
ATR(14)
0.0015
Less Volatility
Highs/Lows(14)
0.0000
Neutral
Ultimate Oscillator
45.382
Sell
ROC
-0.507
Sell
Bull/Bear Power(13)
-0.0006
Sell
Buy: 0
Sell: 8
Neutral: 2


Summary:Strong Sell","Jun 17, 2021 11:27PM GMT"
eur_gbp,0.8549 -0.0002    -0.02%,19:28:52,2021-06-17 23:29:10.265447,"Prev. Close: 0.8551
Bid/Ask: 0.8548 / 0.8550
Day's Range: 0.8548 - 0.8557",Strong Sell,"Summary:Strong Sell
Moving Averages:Strong SellBuy (0)Sell (12)
Technical Indicators:Strong SellBuy (1)Sell (7)","Name
S3
S2
S1
Pivot Points
R1
R2
R3
Classic
0.8540
0.8544
0.8546
0.8550
0.8553
0.8556
0.8559
Fibonacci
0.8544
0.8546
0.8548
0.8550
0.8552
0.8554
0.8556
Camarilla
0.8548
0.8548
0.8549
0.8550
0.8550
0.8551
0.8551
Woodie's
0.8540
0.8544
0.8546
0.8550
0.8553
0.8556
0.8559
DeMark's
-
-
0.8545
0.8549
0.8552
-
-","Technical IndicatorsJun 17, 2021 11:27PM GMT
Name
Value
Action
RSI(14)
35.664
Sell
STOCH(9,6)
26.963
Sell
STOCHRSI(14)
20.660
Oversold
MACD(12,26)
-0.001
Sell
ADX(14)
30.896
Buy
Williams %R
-83.333
Oversold
CCI(14)
-135.6611
Sell
ATR(14)
0.0010
Less Volatility
Highs/Lows(14)
-0.0002
Sell
Ultimate Oscillator
49.146
Neutral
ROC
-0.035
Sell
Bull/Bear Power(13)
-0.0023
Sell
Buy: 1
Sell: 7
Neutral: 1


Summary:Strong Sell","Jun 17, 2021 11:27PM GMT"
usd_cad,1.2346 -0.0015    -0.13%,19:28:53,2021-06-17 23:29:10.268550,"Prev. Close: 1.2361
Bid/Ask: 1.2345 / 1.2346
Day's Range: 1.2340 - 1.2368",Strong Buy,"Summary:Strong Buy
Moving Averages:BuyBuy (8)Sell (4)
Technical Indicators:Strong BuyBuy (8)Sell (0)","Name
S3
S2
S1
Pivot Points
R1
R2
R3
Classic
1.2323
1.2333
1.2339
1.2348
1.2354
1.2363
1.2369
Fibonacci
1.2333
1.2338
1.2342
1.2348
1.2354
1.2358
1.2363
Camarilla
1.2341
1.2342
1.2344
1.2348
1.2346
1.2348
1.2349
Woodie's
1.2321
1.2332
1.2337
1.2347
1.2352
1.2362
1.2367
DeMark's
-
-
1.2336
1.2347
1.2351
-
-","Technical IndicatorsJun 17, 2021 11:29PM GMT
Name
Value
Action
RSI(14)
64.115
Buy
STOCH(9,6)
67.146
Buy
STOCHRSI(14)
0.963
Oversold
MACD(12,26)
0.003
Buy
ADX(14)
42.797
Buy
Williams %R
-38.789
Buy
CCI(14)
12.9596
Neutral
ATR(14)
0.0023
Less Volatility
Highs/Lows(14)
0.0000
Neutral
Ultimate Oscillator
66.076
Buy
ROC
0.199
Buy
Bull/Bear Power(13)
0.0006
Buy
Buy: 8
Sell: 0
Neutral: 2


Summary:Strong Buy","Jun 17, 2021 11:29PM GMT"
usd_chf,0.9175 +0.0002    +0.02%,19:28:22,2021-06-17 23:29:10.271635,"Prev. Close: 0.9173
Bid/Ask: 0.9171 / 0.9179
Day's Range: 0.9169 - 0.9183",Strong Buy,"Summary:Strong Buy
Moving Averages:BuyBuy (10)Sell (2)
Technical Indicators:Strong BuyBuy (9)Sell (0)","Name
S3
S2
S1
Pivot Points
R1
R2
R3
Classic
0.9170
0.9172
0.9174
0.9176
0.9178
0.9180
0.9182
Fibonacci
0.9172
0.9174
0.9174
0.9176
0.9178
0.9178
0.9180
Camarilla
0.9174
0.9174
0.9175
0.9176
0.9175
0.9176
0.9176
Woodie's
0.9170
0.9172
0.9174
0.9176
0.9178
0.9180
0.9182
DeMark's
-
-
0.9172
0.9175
0.9176
-
-","Technical IndicatorsJun 17, 2021 11:27PM GMT
Name
Value
Action
RSI(14)
74.464
Buy
STOCH(9,6)
74.461
Buy
STOCHRSI(14)
2.151
Oversold
MACD(12,26)
0.003
Buy
ADX(14)
39.163
Buy
Williams %R
-22.223
Buy
CCI(14)
70.1890
Buy
ATR(14)
0.0013
Less Volatility
Highs/Lows(14)
0.0003
Buy
Ultimate Oscillator
50.921
Neutral
ROC
0.333
Buy
Bull/Bear Power(13)
0.0034
Buy
Buy: 9
Sell: 0
Neutral: 1


Summary:Strong Buy","Jun 17, 2021 11:27PM GMT"
nzd_chf,0.6435 +0.0015    +0.24%,19:28:53,2021-06-17 23:29:10.274727,"Prev. Close: 0.6419
Bid/Ask: 0.6430 / 0.6439
Day's Range: 0.6421 - 0.6441",Strong Buy,"Summary:Strong Buy
Moving Averages:BuyBuy (12)Sell (0)
Technical Indicators:Strong BuyBuy (6)Sell (3)","Name
S3
S2
S1
Pivot Points
R1
R2
R3
Classic
0.6417
0.6422
0.6429
0.6434
0.6441
0.6446
0.6454
Fibonacci
0.6422
0.6426
0.6429
0.6434
0.6439
0.6442
0.6446
Camarilla
0.6434
0.6435
0.6436
0.6434
0.6439
0.6440
0.6441
Woodie's
0.6419
0.6423
0.6431
0.6435
0.6443
0.6447
0.6456
DeMark's
-
-
0.6432
0.6435
0.6444
-
-","Technical IndicatorsJun 17, 2021 11:27PM GMT
Name
Value
Action
RSI(14)
58.276
Buy
STOCH(9,6)
64.163
Buy
STOCHRSI(14)
97.737
Overbought
MACD(12,26)
0.000
Buy
ADX(14)
26.480
Sell
Williams %R
-18.421
Overbought
CCI(14)
178.8475
Buy
ATR(14)
0.0012
Less Volatility
Highs/Lows(14)
0.0006
Buy
Ultimate Oscillator
42.242
Sell
ROC
-0.054
Sell
Bull/Bear Power(13)
0.0016
Buy
Buy: 6
Sell: 3
Neutral: 0


Summary:Strong Buy","Jun 17, 2021 11:27PM GMT"
usd_cny,6.4484 +0.0515    +0.80%,11:27:22,2021-06-17 23:29:10.277759,"Prev. Close: 6.3969
Bid/Ask: 6.4477 / 6.4490
Day's Range: 6.3972 - 6.4494",Strong Buy,"Summary:Strong Buy
Moving Averages:BuyBuy (12)Sell (0)
Technical Indicators:Strong BuyBuy (7)Sell (0)","Name
S3
S2
S1
Pivot Points
R1
R2
R3
Classic
6.4380
6.4399
6.4436
6.4455
6.4492
6.4511
6.4548
Fibonacci
6.4399
6.4420
6.4434
6.4455
6.4476
6.4490
6.4511
Camarilla
6.4458
6.4463
6.4468
6.4455
6.4479
6.4484
6.4489
Woodie's
6.4390
6.4404
6.4446
6.4460
6.4502
6.4516
6.4558
DeMark's
-
-
6.4446
6.4460
6.4502
-
-","Technical IndicatorsJun 17, 2021 03:34PM GMT
Name
Value
Action
RSI(14)
85.433
Overbought
STOCH(9,6)
77.649
Buy
STOCHRSI(14)
100.000
Overbought
MACD(12,26)
0.011
Buy
ADX(14)
61.337
Buy
Williams %R
-3.426
Overbought
CCI(14)
151.8010
Buy
ATR(14)
0.0041
Less Volatility
Highs/Lows(14)
0.0141
Buy
Ultimate Oscillator
82.973
Overbought
ROC
0.391
Buy
Bull/Bear Power(13)
0.0286
Buy
Buy: 7
Sell: 0
Neutral: 0


Summary:Strong Buy","Jun 17, 2021 03:34PM GMT"
usd_hkd,7.7641 -0.0003    -0.00%,19:28:38,2021-06-17 23:29:10.280801,"Prev. Close: 7.7644
Bid/Ask: 7.7639 / 7.7642
Day's Range: 7.7641 - 7.7652",Neutral,"Summary:Neutral
Moving Averages:NeutralBuy (6)Sell (6)
Technical Indicators:BUYBuy (4)Sell (3)","Name
S3
S2
S1
Pivot Points
R1
R2
R3
Classic
7.7629
7.7635
7.7640
7.7646
7.7651
7.7657
7.7663
Fibonacci
7.7635
7.7639
7.7642
7.7646
7.7650
7.7653
7.7657
Camarilla
7.7643
7.7644
7.7645
7.7646
7.7648
7.7649
7.7650
Woodie's
7.7629
7.7635
7.7640
7.7646
7.7651
7.7657
7.7663
DeMark's
-
-
7.7638
7.7645
7.7649
-
-","Technical IndicatorsJun 17, 2021 11:27PM GMT
Name
Value
Action
RSI(14)
50.172
Neutral
STOCH(9,6)
57.835
Buy
STOCHRSI(14)
0.000
Oversold
MACD(12,26)
0.000
Buy
ADX(14)
25.688
Neutral
Williams %R
-73.676
Sell
CCI(14)
-54.7019
Sell
ATR(14)
0.0008
Less Volatility
Highs/Lows(14)
0.0000
Neutral
Ultimate Oscillator
52.544
Buy
ROC
-0.010
Sell
Bull/Bear Power(13)
0.0009
Buy
Buy: 4
Sell: 3
Neutral: 3


Summary:BUY","Jun 17, 2021 11:27PM GMT"
eur_usd,1.1913 +0.0007    +0.06%,19:29:41,2021-06-17 23:30:10.083536,"Prev. Close: 1.1906
Bid/Ask: 1.1911 / 1.1915
Day's Range: 1.1906 - 1.1914",Strong Sell,"Summary:Strong Sell
Moving Averages:SellBuy (3)Sell (9)
Technical Indicators:Strong SellBuy (0)Sell (8)","Name
S3
S2
S1
Pivot Points
R1
R2
R3
Classic
1.1900
1.1903
1.1907
1.1910
1.1914
1.1917
1.1921
Fibonacci
1.1903
1.1906
1.1907
1.1910
1.1913
1.1914
1.1917
Camarilla
1.1910
1.1910
1.1911
1.1910
1.1912
1.1913
1.1913
Woodie's
1.1902
1.1904
1.1909
1.1911
1.1916
1.1918
1.1923
DeMark's
-
-
1.1909
1.1911
1.1916
-
-","Technical IndicatorsJun 17, 2021 11:29PM GMT
Name
Value
Action
RSI(14)
31.552
Sell
STOCH(9,6)
29.725
Sell
STOCHRSI(14)
100.000
Overbought
MACD(12,26)
-0.003
Sell
ADX(14)
35.438
Sell
Williams %R
-65.574
Sell
CCI(14)
-45.2506
Neutral
ATR(14)
0.0016
Less Volatility
Highs/Lows(14)
0.0000
Neutral
Ultimate Oscillator
44.714
Sell
ROC
-0.310
Sell
Bull/Bear Power(13)
-0.0014
Sell
Buy: 0
Sell: 8
Neutral: 2


Summary:Strong Sell","Jun 17, 2021 11:29PM GMT"
gbp_usd,1.3935 +0.0015    +0.11%,19:29:34,2021-06-17 23:30:10.087885,"Prev. Close: 1.3919
Bid/Ask: 1.3934 / 1.3935
Day's Range: 1.3915 - 1.3935",Sell,"Summary:Sell
Moving Averages:SellBuy (4)Sell (8)
Technical Indicators:SellBuy (1)Sell (5)","Name
S3
S2
S1
Pivot Points
R1
R2
R3
Classic
1.3914
1.3918
1.3925
1.3930
1.3937
1.3942
1.3949
Fibonacci
1.3918
1.3923
1.3926
1.3930
1.3934
1.3937
1.3942
Camarilla
1.3929
1.3930
1.3931
1.3930
1.3934
1.3935
1.3936
Woodie's
1.3916
1.3919
1.3927
1.3931
1.3939
1.3943
1.3951
DeMark's
-
-
1.3928
1.3931
1.3939
-
-","Technical IndicatorsJun 17, 2021 11:29PM GMT
Name
Value
Action
RSI(14)
40.786
Sell
STOCH(9,6)
45.961
Neutral
STOCHRSI(14)
100.000
Overbought
MACD(12,26)
-0.003
Sell
ADX(14)
38.045
Sell
Williams %R
-51.875
Neutral
CCI(14)
-0.9046
Neutral
ATR(14)
0.0023
Less Volatility
Highs/Lows(14)
0.0000
Neutral
Ultimate Oscillator
51.893
Buy
ROC
-0.283
Sell
Bull/Bear Power(13)
-0.0013
Sell
Buy: 1
Sell: 5
Neutral: 4


Summary:Sell","Jun 17, 2021 11:29PM GMT"
usd_jpy,110.28 +0.07    +0.07%,19:29:43,2021-06-17 23:30:10.091512,"Prev. Close: 110.20
Bid/Ask: 110.27 / 110.28
Day's Range: 110.17 - 110.83",Neutral,"Summary:Neutral
Moving Averages:BuyBuy (7)Sell (5)
Technical Indicators:Strong SellBuy (1)Sell (8)","Name
S3
S2
S1
Pivot Points
R1
R2
R3
Classic
110.18
110.21
110.25
110.27
110.31
110.33
110.37
Fibonacci
110.21
110.23
110.25
110.27
110.29
110.31
110.33
Camarilla
110.26
110.26
110.27
110.27
110.28
110.29
110.29
Woodie's
110.18
110.21
110.25
110.27
110.31
110.33
110.37
DeMark's
-
-
110.26
110.28
110.32
-
-","Technical IndicatorsJun 17, 2021 11:29PM GMT
Name
Value
Action
RSI(14)
43.455
Sell
STOCH(9,6)
25.324
Sell
STOCHRSI(14)
18.912
Oversold
MACD(12,26)
-0.030
Sell
ADX(14)
27.319
Buy
Williams %R
-83.194
Oversold
CCI(14)
-54.2713
Sell
ATR(14)
0.1161
Less Volatility
Highs/Lows(14)
-0.0375
Sell
Ultimate Oscillator
43.254
Sell
ROC
-0.384
Sell
Bull/Bear Power(13)
-0.1440
Sell
Buy: 1
Sell: 8
Neutral: 0


Summary:Strong Sell","Jun 17, 2021 11:29PM GMT"
aud_usd,0.7556 +0.0006    +0.08%,19:29:35,2021-06-17 23:30:10.094913,"Prev. Close: 0.7550
Bid/Ask: 0.7555 / 0.7557
Day's Range: 0.7547 - 0.7560",Strong Sell,"Summary:Strong Sell
Moving Averages:SellBuy (3)Sell (9)
Technical Indicators:Strong SellBuy (0)Sell (8)","Name
S3
S2
S1
Pivot Points
R1
R2
R3
Classic
0.7545
0.7548
0.7554
0.7557
0.7563
0.7566
0.7572
Fibonacci
0.7548
0.7551
0.7554
0.7557
0.7560
0.7563
0.7566
Camarilla
0.7556
0.7557
0.7558
0.7557
0.7559
0.7560
0.7561
Woodie's
0.7545
0.7548
0.7554
0.7557
0.7563
0.7566
0.7572
DeMark's
-
-
0.7555
0.7557
0.7563
-
-","Technical IndicatorsJun 17, 2021 11:29PM GMT
Name
Value
Action
RSI(14)
32.535
Sell
STOCH(9,6)
31.655
Sell
STOCHRSI(14)
93.228
Overbought
MACD(12,26)
-0.002
Sell
ADX(14)
49.534
Sell
Williams %R
-72.649
Sell
CCI(14)
-45.3462
Neutral
ATR(14)
0.0015
Less Volatility
Highs/Lows(14)
0.0000
Neutral
Ultimate Oscillator
43.528
Sell
ROC
-0.533
Sell
Bull/Bear Power(13)
-0.0006
Sell
Buy: 0
Sell: 8
Neutral: 2


Summary:Strong Sell","Jun 17, 2021 11:29PM GMT"
eur_gbp,0.8549 -0.0002    -0.02%,19:29:41,2021-06-17 23:30:10.098062,"Prev. Close: 0.8551
Bid/Ask: 0.8548 / 0.8550
Day's Range: 0.8548 - 0.8557",Strong Sell,"Summary:Strong Sell
Moving Averages:Strong SellBuy (0)Sell (12)
Technical Indicators:Strong SellBuy (1)Sell (7)","Name
S3
S2
S1
Pivot Points
R1
R2
R3
Classic
0.8540
0.8544
0.8546
0.8550
0.8553
0.8556
0.8559
Fibonacci
0.8544
0.8546
0.8548
0.8550
0.8552
0.8554
0.8556
Camarilla
0.8548
0.8548
0.8549
0.8550
0.8550
0.8551
0.8551
Woodie's
0.8540
0.8544
0.8546
0.8550
0.8553
0.8556
0.8559
DeMark's
-
-
0.8545
0.8549
0.8552
-
-","Technical IndicatorsJun 17, 2021 11:29PM GMT
Name
Value
Action
RSI(14)
35.664
Sell
STOCH(9,6)
26.963
Sell
STOCHRSI(14)
20.660
Oversold
MACD(12,26)
-0.001
Sell
ADX(14)
30.896
Buy
Williams %R
-83.333
Oversold
CCI(14)
-135.6611
Sell
ATR(14)
0.0010
Less Volatility
Highs/Lows(14)
-0.0002
Sell
Ultimate Oscillator
49.146
Neutral
ROC
-0.035
Sell
Bull/Bear Power(13)
-0.0023
Sell
Buy: 1
Sell: 7
Neutral: 1


Summary:Strong Sell","Jun 17, 2021 11:29PM GMT"
usd_cad,1.2346 -0.0015    -0.13%,19:29:41,2021-06-17 23:30:10.101173,"Prev. Close: 1.2361
Bid/Ask: 1.2345 / 1.2346
Day's Range: 1.2340 - 1.2368",Strong Buy,"Summary:Strong Buy
Moving Averages:BuyBuy (8)Sell (4)
Technical Indicators:Strong BuyBuy (8)Sell (0)","Name
S3
S2
S1
Pivot Points
R1
R2
R3
Classic
1.2323
1.2333
1.2339
1.2348
1.2354
1.2363
1.2369
Fibonacci
1.2333
1.2338
1.2342
1.2348
1.2354
1.2358
1.2363
Camarilla
1.2341
1.2342
1.2344
1.2348
1.2346
1.2348
1.2349
Woodie's
1.2321
1.2332
1.2337
1.2347
1.2352
1.2362
1.2367
DeMark's
-
-
1.2336
1.2347
1.2351
-
-","Technical IndicatorsJun 17, 2021 11:29PM GMT
Name
Value
Action
RSI(14)
64.115
Buy
STOCH(9,6)
67.146
Buy
STOCHRSI(14)
0.963
Oversold
MACD(12,26)
0.003
Buy
ADX(14)
42.797
Buy
Williams %R
-38.789
Buy
CCI(14)
12.9596
Neutral
ATR(14)
0.0023
Less Volatility
Highs/Lows(14)
0.0000
Neutral
Ultimate Oscillator
66.076
Buy
ROC
0.199
Buy
Bull/Bear Power(13)
0.0006
Buy
Buy: 8
Sell: 0
Neutral: 2


Summary:Strong Buy","Jun 17, 2021 11:29PM GMT"
usd_chf,0.9176 +0.0003    +0.03%,19:29:31,2021-06-17 23:30:10.104216,"Prev. Close: 0.9173
Bid/Ask: 0.9172 / 0.9180
Day's Range: 0.9169 - 0.9183",Strong Buy,"Summary:Strong Buy
Moving Averages:BuyBuy (10)Sell (2)
Technical Indicators:Strong BuyBuy (9)Sell (0)","Name
S3
S2
S1
Pivot Points
R1
R2
R3
Classic
0.9170
0.9172
0.9174
0.9176
0.9178
0.9180
0.9182
Fibonacci
0.9172
0.9174
0.9174
0.9176
0.9178
0.9178
0.9180
Camarilla
0.9174
0.9174
0.9175
0.9176
0.9175
0.9176
0.9176
Woodie's
0.9170
0.9172
0.9174
0.9176
0.9178
0.9180
0.9182
DeMark's
-
-
0.9172
0.9175
0.9176
-
-","Technical IndicatorsJun 17, 2021 11:29PM GMT
Name
Value
Action
RSI(14)
74.464
Buy
STOCH(9,6)
74.461
Buy
STOCHRSI(14)
2.151
Oversold
MACD(12,26)
0.003
Buy
ADX(14)
39.163
Buy
Williams %R
-22.223
Buy
CCI(14)
70.1890
Buy
ATR(14)
0.0013
Less Volatility
Highs/Lows(14)
0.0003
Buy
Ultimate Oscillator
50.921
Neutral
ROC
0.333
Buy
Bull/Bear Power(13)
0.0034
Buy
Buy: 9
Sell: 0
Neutral: 1


Summary:Strong Buy","Jun 17, 2021 11:29PM GMT"
nzd_chf,0.6435 +0.0016    +0.25%,19:29:42,2021-06-17 23:30:10.107236,"Prev. Close: 0.6419
Bid/Ask: 0.6433 / 0.6437
Day's Range: 0.6421 - 0.6441",Strong Buy,"Summary:Strong Buy
Moving Averages:BuyBuy (12)Sell (0)
Technical Indicators:Strong BuyBuy (6)Sell (3)","Name
S3
S2
S1
Pivot Points
R1
R2
R3
Classic
0.6417
0.6422
0.6429
0.6434
0.6441
0.6446
0.6454
Fibonacci
0.6422
0.6426
0.6429
0.6434
0.6439
0.6442
0.6446
Camarilla
0.6434
0.6435
0.6436
0.6434
0.6439
0.6440
0.6441
Woodie's
0.6419
0.6423
0.6431
0.6435
0.6443
0.6447
0.6456
DeMark's
-
-
0.6432
0.6435
0.6444
-
-","Technical IndicatorsJun 17, 2021 11:27PM GMT
Name
Value
Action
RSI(14)
58.276
Buy
STOCH(9,6)
64.163
Buy
STOCHRSI(14)
97.737
Overbought
MACD(12,26)
0.000
Buy
ADX(14)
26.480
Sell
Williams %R
-18.421
Overbought
CCI(14)
178.8475
Buy
ATR(14)
0.0012
Less Volatility
Highs/Lows(14)
0.0006
Buy
Ultimate Oscillator
42.242
Sell
ROC
-0.054
Sell
Bull/Bear Power(13)
0.0016
Buy
Buy: 6
Sell: 3
Neutral: 0


Summary:Strong Buy","Jun 17, 2021 11:27PM GMT"
usd_cny,6.4484 +0.0515    +0.80%,11:27:22,2021-06-17 23:30:10.110252,"Prev. Close: 6.3969
Bid/Ask: 6.4477 / 6.4490
Day's Range: 6.3972 - 6.4494",Strong Buy,"Summary:Strong Buy
Moving Averages:BuyBuy (12)Sell (0)
Technical Indicators:Strong BuyBuy (7)Sell (0)","Name
S3
S2
S1
Pivot Points
R1
R2
R3
Classic
6.4380
6.4399
6.4436
6.4455
6.4492
6.4511
6.4548
Fibonacci
6.4399
6.4420
6.4434
6.4455
6.4476
6.4490
6.4511
Camarilla
6.4458
6.4463
6.4468
6.4455
6.4479
6.4484
6.4489
Woodie's
6.4390
6.4404
6.4446
6.4460
6.4502
6.4516
6.4558
DeMark's
-
-
6.4446
6.4460
6.4502
-
-","Technical IndicatorsJun 17, 2021 03:34PM GMT
Name
Value
Action
RSI(14)
85.433
Overbought
STOCH(9,6)
77.649
Buy
STOCHRSI(14)
100.000
Overbought
MACD(12,26)
0.011
Buy
ADX(14)
61.337
Buy
Williams %R
-3.426
Overbought
CCI(14)
151.8010
Buy
ATR(14)
0.0041
Less Volatility
Highs/Lows(14)
0.0141
Buy
Ultimate Oscillator
82.973
Overbought
ROC
0.391
Buy
Bull/Bear Power(13)
0.0286
Buy
Buy: 7
Sell: 0
Neutral: 0


Summary:Strong Buy","Jun 17, 2021 03:34PM GMT"
usd_hkd,7.7644 0.0000    0.00%,19:29:34,2021-06-17 23:30:10.113265,"Prev. Close: 7.7644
Bid/Ask: 7.7643 / 7.7645
Day's Range: 7.7641 - 7.7652",Buy,"Summary:Buy
Moving Averages:BuyBuy (7)Sell (5)
Technical Indicators:BUYBuy (4)Sell (2)","Name
S3
S2
S1
Pivot Points
R1
R2
R3
Classic
7.7629
7.7635
7.7640
7.7646
7.7651
7.7657
7.7663
Fibonacci
7.7635
7.7639
7.7642
7.7646
7.7650
7.7653
7.7657
Camarilla
7.7643
7.7644
7.7645
7.7646
7.7648
7.7649
7.7650
Woodie's
7.7629
7.7635
7.7640
7.7646
7.7651
7.7657
7.7663
DeMark's
-
-
7.7638
7.7645
7.7649
-
-","Technical IndicatorsJun 17, 2021 11:29PM GMT
Name
Value
Action
RSI(14)
52.516
Neutral
STOCH(9,6)
60.611
Buy
STOCHRSI(14)
15.396
Oversold
MACD(12,26)
0.000
Buy
ADX(14)
25.688
Neutral
Williams %R
-60.527
Sell
CCI(14)
-34.2120
Neutral
ATR(14)
0.0008
Less Volatility
Highs/Lows(14)
0.0000
Neutral
Ultimate Oscillator
56.589
Buy
ROC
-0.007
Sell
Bull/Bear Power(13)
0.0009
Buy
Buy: 4
Sell: 2
Neutral: 4


Summary:BUY","Jun 17, 2021 11:29PM GMT"
eur_usd,1.1913 +0.0006    +0.05%,19:30:31,2021-06-17 23:31:10.013262,"Prev. Close: 1.1906
Bid/Ask: 1.1912 / 1.1913
Day's Range: 1.1906 - 1.1914",Strong Sell,"Summary:Strong Sell
Moving Averages:SellBuy (3)Sell (9)
Technical Indicators:Strong SellBuy (0)Sell (8)","Name
S3
S2
S1
Pivot Points
R1
R2
R3
Classic
1.1900
1.1903
1.1907
1.1910
1.1914
1.1917
1.1921
Fibonacci
1.1903
1.1906
1.1907
1.1910
1.1913
1.1914
1.1917
Camarilla
1.1910
1.1910
1.1911
1.1910
1.1912
1.1913
1.1913
Woodie's
1.1902
1.1904
1.1909
1.1911
1.1916
1.1918
1.1923
DeMark's
-
-
1.1909
1.1911
1.1916
-
-","Technical IndicatorsJun 17, 2021 11:29PM GMT
Name
Value
Action
RSI(14)
31.552
Sell
STOCH(9,6)
29.725
Sell
STOCHRSI(14)
100.000
Overbought
MACD(12,26)
-0.003
Sell
ADX(14)
35.438
Sell
Williams %R
-65.574
Sell
CCI(14)
-45.2506
Neutral
ATR(14)
0.0016
Less Volatility
Highs/Lows(14)
0.0000
Neutral
Ultimate Oscillator
44.714
Sell
ROC
-0.310
Sell
Bull/Bear Power(13)
-0.0014
Sell
Buy: 0
Sell: 8
Neutral: 2


Summary:Strong Sell","Jun 17, 2021 11:29PM GMT"
gbp_usd,1.3935 +0.0015    +0.11%,19:30:51,2021-06-17 23:31:10.017598,"Prev. Close: 1.3919
Bid/Ask: 1.3934 / 1.3935
Day's Range: 1.3915 - 1.3935",Sell,"Summary:Sell
Moving Averages:SellBuy (4)Sell (8)
Technical Indicators:SellBuy (1)Sell (5)","Name
S3
S2
S1
Pivot Points
R1
R2
R3
Classic
1.3914
1.3918
1.3925
1.3930
1.3937
1.3942
1.3949
Fibonacci
1.3918
1.3923
1.3926
1.3930
1.3934
1.3937
1.3942
Camarilla
1.3929
1.3930
1.3931
1.3930
1.3934
1.3935
1.3936
Woodie's
1.3916
1.3919
1.3927
1.3931
1.3939
1.3943
1.3951
DeMark's
-
-
1.3928
1.3931
1.3939
-
-","Technical IndicatorsJun 17, 2021 11:29PM GMT
Name
Value
Action
RSI(14)
40.786
Sell
STOCH(9,6)
45.961
Neutral
STOCHRSI(14)
100.000
Overbought
MACD(12,26)
-0.003
Sell
ADX(14)
38.045
Sell
Williams %R
-51.875
Neutral
CCI(14)
-0.9046
Neutral
ATR(14)
0.0023
Less Volatility
Highs/Lows(14)
0.0000
Neutral
Ultimate Oscillator
51.893
Buy
ROC
-0.283
Sell
Bull/Bear Power(13)
-0.0013
Sell
Buy: 1
Sell: 5
Neutral: 4


Summary:Sell","Jun 17, 2021 11:29PM GMT"
usd_jpy,110.28 +0.07    +0.07%,19:30:31,2021-06-17 23:31:10.020904,"Prev. Close: 110.20
Bid/Ask: 110.27 / 110.28
Day's Range: 110.17 - 110.83",Neutral,"Summary:Neutral
Moving Averages:BuyBuy (7)Sell (5)
Technical Indicators:Strong SellBuy (1)Sell (8)","Name
S3
S2
S1
Pivot Points
R1
R2
R3
Classic
110.18
110.21
110.25
110.27
110.31
110.33
110.37
Fibonacci
110.21
110.23
110.25
110.27
110.29
110.31
110.33
Camarilla
110.26
110.26
110.27
110.27
110.28
110.29
110.29
Woodie's
110.18
110.21
110.25
110.27
110.31
110.33
110.37
DeMark's
-
-
110.26
110.28
110.32
-
-","Technical IndicatorsJun 17, 2021 11:29PM GMT
Name
Value
Action
RSI(14)
43.455
Sell
STOCH(9,6)
25.324
Sell
STOCHRSI(14)
18.912
Oversold
MACD(12,26)
-0.030
Sell
ADX(14)
27.319
Buy
Williams %R
-83.194
Oversold
CCI(14)
-54.2713
Sell
ATR(14)
0.1161
Less Volatility
Highs/Lows(14)
-0.0375
Sell
Ultimate Oscillator
43.254
Sell
ROC
-0.384
Sell
Bull/Bear Power(13)
-0.1440
Sell
Buy: 1
Sell: 8
Neutral: 0


Summary:Strong Sell","Jun 17, 2021 11:29PM GMT"
aud_usd,0.7556 +0.0006    +0.08%,19:30:52,2021-06-17 23:31:10.023971,"Prev. Close: 0.7550
Bid/Ask: 0.7555 / 0.7557
Day's Range: 0.7547 - 0.7560",Strong Sell,"Summary:Strong Sell
Moving Averages:SellBuy (3)Sell (9)
Technical Indicators:Strong SellBuy (0)Sell (8)","Name
S3
S2
S1
Pivot Points
R1
R2
R3
Classic
0.7545
0.7548
0.7554
0.7557
0.7563
0.7566
0.7572
Fibonacci
0.7548
0.7551
0.7554
0.7557
0.7560
0.7563
0.7566
Camarilla
0.7556
0.7557
0.7558
0.7557
0.7559
0.7560
0.7561
Woodie's
0.7545
0.7548
0.7554
0.7557
0.7563
0.7566
0.7572
DeMark's
-
-
0.7555
0.7557
0.7563
-
-","Technical IndicatorsJun 17, 2021 11:29PM GMT
Name
Value
Action
RSI(14)
32.535
Sell
STOCH(9,6)
31.655
Sell
STOCHRSI(14)
93.228
Overbought
MACD(12,26)
-0.002
Sell
ADX(14)
49.534
Sell
Williams %R
-72.649
Sell
CCI(14)
-45.3462
Neutral
ATR(14)
0.0015
Less Volatility
Highs/Lows(14)
0.0000
Neutral
Ultimate Oscillator
43.528
Sell
ROC
-0.533
Sell
Bull/Bear Power(13)
-0.0006
Sell
Buy: 0
Sell: 8
Neutral: 2


Summary:Strong Sell","Jun 17, 2021 11:29PM GMT"
eur_gbp,0.8549 -0.0002    -0.02%,19:30:56,2021-06-17 23:31:10.027005,"Prev. Close: 0.8551
Bid/Ask: 0.8548 / 0.8550
Day's Range: 0.8548 - 0.8557",Strong Sell,"Summary:Strong Sell
Moving Averages:Strong SellBuy (0)Sell (12)
Technical Indicators:Strong SellBuy (1)Sell (7)","Name
S3
S2
S1
Pivot Points
R1
R2
R3
Classic
0.8540
0.8544
0.8546
0.8550
0.8553
0.8556
0.8559
Fibonacci
0.8544
0.8546
0.8548
0.8550
0.8552
0.8554
0.8556
Camarilla
0.8548
0.8548
0.8549
0.8550
0.8550
0.8551
0.8551
Woodie's
0.8540
0.8544
0.8546
0.8550
0.8553
0.8556
0.8559
DeMark's
-
-
0.8545
0.8549
0.8552
-
-","Technical IndicatorsJun 17, 2021 11:29PM GMT
Name
Value
Action
RSI(14)
35.664
Sell
STOCH(9,6)
26.963
Sell
STOCHRSI(14)
20.660
Oversold
MACD(12,26)
-0.001
Sell
ADX(14)
30.896
Buy
Williams %R
-83.333
Oversold
CCI(14)
-135.6611
Sell
ATR(14)
0.0010
Less Volatility
Highs/Lows(14)
-0.0002
Sell
Ultimate Oscillator
49.146
Neutral
ROC
-0.035
Sell
Bull/Bear Power(13)
-0.0023
Sell
Buy: 1
Sell: 7
Neutral: 1


Summary:Strong Sell","Jun 17, 2021 11:29PM GMT"
usd_cad,1.2346 -0.0015    -0.13%,19:30:52,2021-06-17 23:31:10.030006,"Prev. Close: 1.2361
Bid/Ask: 1.2345 / 1.2346
Day's Range: 1.2340 - 1.2368",Strong Buy,"Summary:Strong Buy
Moving Averages:BuyBuy (8)Sell (4)
Technical Indicators:Strong BuyBuy (8)Sell (0)","Name
S3
S2
S1
Pivot Points
R1
R2
R3
Classic
1.2323
1.2333
1.2339
1.2348
1.2354
1.2363
1.2369
Fibonacci
1.2333
1.2338
1.2342
1.2348
1.2354
1.2358
1.2363
Camarilla
1.2341
1.2342
1.2344
1.2348
1.2346
1.2348
1.2349
Woodie's
1.2321
1.2332
1.2337
1.2347
1.2352
1.2362
1.2367
DeMark's
-
-
1.2336
1.2347
1.2351
-
-","Technical IndicatorsJun 17, 2021 11:29PM GMT
Name
Value
Action
RSI(14)
64.115
Buy
STOCH(9,6)
67.146
Buy
STOCHRSI(14)
0.963
Oversold
MACD(12,26)
0.003
Buy
ADX(14)
42.797
Buy
Williams %R
-38.789
Buy
CCI(14)
12.9596
Neutral
ATR(14)
0.0023
Less Volatility
Highs/Lows(14)
0.0000
Neutral
Ultimate Oscillator
66.076
Buy
ROC
0.199
Buy
Bull/Bear Power(13)
0.0006
Buy
Buy: 8
Sell: 0
Neutral: 2


Summary:Strong Buy","Jun 17, 2021 11:29PM GMT"
usd_chf,0.9176 +0.0003    +0.03%,19:30:42,2021-06-17 23:31:10.033010,"Prev. Close: 0.9173
Bid/Ask: 0.9172 / 0.9180
Day's Range: 0.9169 - 0.9183",Strong Buy,"Summary:Strong Buy
Moving Averages:BuyBuy (10)Sell (2)
Technical Indicators:Strong BuyBuy (9)Sell (0)","Name
S3
S2
S1
Pivot Points
R1
R2
R3
Classic
0.9170
0.9172
0.9174
0.9176
0.9178
0.9180
0.9182
Fibonacci
0.9172
0.9174
0.9174
0.9176
0.9178
0.9178
0.9180
Camarilla
0.9174
0.9174
0.9175
0.9176
0.9175
0.9176
0.9176
Woodie's
0.9170
0.9172
0.9174
0.9176
0.9178
0.9180
0.9182
DeMark's
-
-
0.9172
0.9175
0.9176
-
-","Technical IndicatorsJun 17, 2021 11:29PM GMT
Name
Value
Action
RSI(14)
74.464
Buy
STOCH(9,6)
74.461
Buy
STOCHRSI(14)
2.151
Oversold
MACD(12,26)
0.003
Buy
ADX(14)
39.163
Buy
Williams %R
-22.223
Buy
CCI(14)
70.1890
Buy
ATR(14)
0.0013
Less Volatility
Highs/Lows(14)
0.0003
Buy
Ultimate Oscillator
50.921
Neutral
ROC
0.333
Buy
Bull/Bear Power(13)
0.0034
Buy
Buy: 9
Sell: 0
Neutral: 1


Summary:Strong Buy","Jun 17, 2021 11:29PM GMT"
nzd_chf,0.6436 +0.0017    +0.26%,19:30:53,2021-06-17 23:31:10.036014,"Prev. Close: 0.6419
Bid/Ask: 0.6435 / 0.6437
Day's Range: 0.6421 - 0.6441",Strong Buy,"Summary:Strong Buy
Moving Averages:BuyBuy (11)Sell (1)
Technical Indicators:Strong BuyBuy (7)Sell (3)","Name
S3
S2
S1
Pivot Points
R1
R2
R3
Classic
0.6417
0.6422
0.6429
0.6434
0.6441
0.6446
0.6454
Fibonacci
0.6422
0.6426
0.6429
0.6434
0.6439
0.6442
0.6446
Camarilla
0.6434
0.6435
0.6436
0.6434
0.6439
0.6440
0.6441
Woodie's
0.6419
0.6423
0.6431
0.6435
0.6443
0.6447
0.6456
DeMark's
-
-
0.6432
0.6435
0.6444
-
-","Technical IndicatorsJun 17, 2021 11:29PM GMT
Name
Value
Action
RSI(14)
56.571
Buy
STOCH(9,6)
62.856
Buy
STOCHRSI(14)
89.008
Overbought
MACD(12,26)
0.000
Buy
ADX(14)
27.255
Sell
Williams %R
-23.685
Buy
CCI(14)
162.8551
Buy
ATR(14)
0.0012
Less Volatility
Highs/Lows(14)
0.0003
Buy
Ultimate Oscillator
41.309
Sell
ROC
-0.085
Sell
Bull/Bear Power(13)
0.0015
Buy
Buy: 7
Sell: 3
Neutral: 0


Summary:Strong Buy","Jun 17, 2021 11:29PM GMT"
usd_cny,6.4484 +0.0515    +0.80%,11:27:22,2021-06-17 23:31:10.039036,"Prev. Close: 6.3969
Bid/Ask: 6.4477 / 6.4490
Day's Range: 6.3972 - 6.4494",Strong Buy,"Summary:Strong Buy
Moving Averages:BuyBuy (12)Sell (0)
Technical Indicators:Strong BuyBuy (7)Sell (0)","Name
S3
S2
S1
Pivot Points
R1
R2
R3
Classic
6.4380
6.4399
6.4436
6.4455
6.4492
6.4511
6.4548
Fibonacci
6.4399
6.4420
6.4434
6.4455
6.4476
6.4490
6.4511
Camarilla
6.4458
6.4463
6.4468
6.4455
6.4479
6.4484
6.4489
Woodie's
6.4390
6.4404
6.4446
6.4460
6.4502
6.4516
6.4558
DeMark's
-
-
6.4446
6.4460
6.4502
-
-","Technical IndicatorsJun 17, 2021 03:34PM GMT
Name
Value
Action
RSI(14)
85.433
Overbought
STOCH(9,6)
77.649
Buy
STOCHRSI(14)
100.000
Overbought
MACD(12,26)
0.011
Buy
ADX(14)
61.337
Buy
Williams %R
-3.426
Overbought
CCI(14)
151.8010
Buy
ATR(14)
0.0041
Less Volatility
Highs/Lows(14)
0.0141
Buy
Ultimate Oscillator
82.973
Overbought
ROC
0.391
Buy
Bull/Bear Power(13)
0.0286
Buy
Buy: 7
Sell: 0
Neutral: 0


Summary:Strong Buy","Jun 17, 2021 03:34PM GMT"
usd_hkd,7.7644 -0.0001    -0.00%,19:30:54,2021-06-17 23:31:10.042012,"Prev. Close: 7.7644
Bid/Ask: 7.7642 / 7.7645
Day's Range: 7.7641 - 7.7652",Buy,"Summary:Buy
Moving Averages:BuyBuy (7)Sell (5)
Technical Indicators:BUYBuy (4)Sell (2)","Name
S3
S2
S1
Pivot Points
R1
R2
R3
Classic
7.7629
7.7635
7.7640
7.7646
7.7651
7.7657
7.7663
Fibonacci
7.7635
7.7639
7.7642
7.7646
7.7650
7.7653
7.7657
Camarilla
7.7643
7.7644
7.7645
7.7646
7.7648
7.7649
7.7650
Woodie's
7.7629
7.7635
7.7640
7.7646
7.7651
7.7657
7.7663
DeMark's
-
-
7.7638
7.7645
7.7649
-
-","Technical IndicatorsJun 17, 2021 11:29PM GMT
Name
Value
Action
RSI(14)
52.516
Neutral
STOCH(9,6)
60.611
Buy
STOCHRSI(14)
15.396
Oversold
MACD(12,26)
0.000
Buy
ADX(14)
25.688
Neutral
Williams %R
-60.527
Sell
CCI(14)
-34.2120
Neutral
ATR(14)
0.0008
Less Volatility
Highs/Lows(14)
0.0000
Neutral
Ultimate Oscillator
56.589
Buy
ROC
-0.007
Sell
Bull/Bear Power(13)
0.0009
Buy
Buy: 4
Sell: 2
Neutral: 4


Summary:BUY","Jun 17, 2021 11:29PM GMT"
eur_usd,1.1913 +0.0006    +0.05%,19:31:19,2021-06-17 23:32:10.238766,"Prev. Close: 1.1906
Bid/Ask: 1.1912 / 1.1913
Day's Range: 1.1906 - 1.1914",Strong Sell,"Summary:Strong Sell
Moving Averages:SellBuy (3)Sell (9)
Technical Indicators:Strong SellBuy (0)Sell (8)","Name
S3
S2
S1
Pivot Points
R1
R2
R3
Classic
1.1900
1.1903
1.1907
1.1910
1.1914
1.1917
1.1921
Fibonacci
1.1903
1.1906
1.1907
1.1910
1.1913
1.1914
1.1917
Camarilla
1.1910
1.1910
1.1911
1.1910
1.1912
1.1913
1.1913
Woodie's
1.1902
1.1904
1.1909
1.1911
1.1916
1.1918
1.1923
DeMark's
-
-
1.1909
1.1911
1.1916
-
-","Technical IndicatorsJun 17, 2021 11:31PM GMT
Name
Value
Action
RSI(14)
31.267
Sell
STOCH(9,6)
29.562
Sell
STOCHRSI(14)
100.000
Overbought
MACD(12,26)
-0.003
Sell
ADX(14)
35.438
Sell
Williams %R
-66.394
Sell
CCI(14)
-46.0882
Neutral
ATR(14)
0.0016
Less Volatility
Highs/Lows(14)
0.0000
Neutral
Ultimate Oscillator
44.226
Sell
ROC
-0.314
Sell
Bull/Bear Power(13)
-0.0014
Sell
Buy: 0
Sell: 8
Neutral: 2


Summary:Strong Sell","Jun 17, 2021 11:31PM GMT"
gbp_usd,1.3935 +0.0015    +0.11%,19:31:39,2021-06-17 23:32:10.243048,"Prev. Close: 1.3919
Bid/Ask: 1.3934 / 1.3935
Day's Range: 1.3915 - 1.3935",Sell,"Summary:Sell
Moving Averages:SellBuy (4)Sell (8)
Technical Indicators:SellBuy (1)Sell (5)","Name
S3
S2
S1
Pivot Points
R1
R2
R3
Classic
1.3914
1.3918
1.3925
1.3930
1.3937
1.3942
1.3949
Fibonacci
1.3918
1.3923
1.3926
1.3930
1.3934
1.3937
1.3942
Camarilla
1.3929
1.3930
1.3931
1.3930
1.3934
1.3935
1.3936
Woodie's
1.3916
1.3919
1.3927
1.3931
1.3939
1.3943
1.3951
DeMark's
-
-
1.3928
1.3931
1.3939
-
-","Technical IndicatorsJun 17, 2021 11:31PM GMT
Name
Value
Action
RSI(14)
40.786
Sell
STOCH(9,6)
45.961
Neutral
STOCHRSI(14)
100.000
Overbought
MACD(12,26)
-0.003
Sell
ADX(14)
38.045
Sell
Williams %R
-51.875
Neutral
CCI(14)
-0.9046
Neutral
ATR(14)
0.0023
Less Volatility
Highs/Lows(14)
0.0000
Neutral
Ultimate Oscillator
51.893
Buy
ROC
-0.283
Sell
Bull/Bear Power(13)
-0.0013
Sell
Buy: 1
Sell: 5
Neutral: 4


Summary:Sell","Jun 17, 2021 11:31PM GMT"
usd_jpy,110.28 +0.07    +0.07%,19:31:37,2021-06-17 23:32:10.246333,"Prev. Close: 110.20
Bid/Ask: 110.27 / 110.28
Day's Range: 110.17 - 110.83",Neutral,"Summary:Neutral
Moving Averages:BuyBuy (7)Sell (5)
Technical Indicators:Strong SellBuy (1)Sell (8)","Name
S3
S2
S1
Pivot Points
R1
R2
R3
Classic
110.18
110.21
110.25
110.27
110.31
110.33
110.37
Fibonacci
110.21
110.23
110.25
110.27
110.29
110.31
110.33
Camarilla
110.26
110.26
110.27
110.27
110.28
110.29
110.29
Woodie's
110.18
110.21
110.25
110.27
110.31
110.33
110.37
DeMark's
-
-
110.26
110.28
110.32
-
-","Technical IndicatorsJun 17, 2021 11:31PM GMT
Name
Value
Action
RSI(14)
43.185
Sell
STOCH(9,6)
24.897
Sell
STOCHRSI(14)
17.928
Oversold
MACD(12,26)
-0.030
Sell
ADX(14)
27.319
Buy
Williams %R
-84.033
Oversold
CCI(14)
-54.9591
Sell
ATR(14)
0.1161
Less Volatility
Highs/Lows(14)
-0.0425
Sell
Ultimate Oscillator
42.578
Sell
ROC
-0.388
Sell
Bull/Bear Power(13)
-0.1420
Sell
Buy: 1
Sell: 8
Neutral: 0


Summary:Strong Sell","Jun 17, 2021 11:31PM GMT"
aud_usd,0.7557 +0.0006    +0.09%,19:31:03,2021-06-17 23:32:10.249485,"Prev. Close: 0.7550
Bid/Ask: 0.7556 / 0.7557
Day's Range: 0.7547 - 0.7560",Strong Sell,"Summary:Strong Sell
Moving Averages:SellBuy (3)Sell (9)
Technical Indicators:Strong SellBuy (0)Sell (8)","Name
S3
S2
S1
Pivot Points
R1
R2
R3
Classic
0.7545
0.7548
0.7554
0.7557
0.7563
0.7566
0.7572
Fibonacci
0.7548
0.7551
0.7554
0.7557
0.7560
0.7563
0.7566
Camarilla
0.7556
0.7557
0.7558
0.7557
0.7559
0.7560
0.7561
Woodie's
0.7545
0.7548
0.7554
0.7557
0.7563
0.7566
0.7572
DeMark's
-
-
0.7555
0.7557
0.7563
-
-","Technical IndicatorsJun 17, 2021 11:31PM GMT
Name
Value
Action
RSI(14)
32.876
Sell
STOCH(9,6)
32.184
Sell
STOCHRSI(14)
95.436
Overbought
MACD(12,26)
-0.002
Sell
ADX(14)
49.534
Sell
Williams %R
-70.941
Sell
CCI(14)
-43.0446
Neutral
ATR(14)
0.0015
Less Volatility
Highs/Lows(14)
0.0000
Neutral
Ultimate Oscillator
44.583
Sell
ROC
-0.520
Sell
Bull/Bear Power(13)
-0.0006
Sell
Buy: 0
Sell: 8
Neutral: 2


Summary:Strong Sell","Jun 17, 2021 11:31PM GMT"
eur_gbp,0.8549 -0.0002    -0.02%,19:31:39,2021-06-17 23:32:10.252563,"Prev. Close: 0.8551
Bid/Ask: 0.8548 / 0.8550
Day's Range: 0.8548 - 0.8557",Strong Sell,"Summary:Strong Sell
Moving Averages:Strong SellBuy (0)Sell (12)
Technical Indicators:Strong SellBuy (1)Sell (7)","Name
S3
S2
S1
Pivot Points
R1
R2
R3
Classic
0.8540
0.8544
0.8546
0.8550
0.8553
0.8556
0.8559
Fibonacci
0.8544
0.8546
0.8548
0.8550
0.8552
0.8554
0.8556
Camarilla
0.8548
0.8548
0.8549
0.8550
0.8550
0.8551
0.8551
Woodie's
0.8540
0.8544
0.8546
0.8550
0.8553
0.8556
0.8559
DeMark's
-
-
0.8545
0.8549
0.8552
-
-","Technical IndicatorsJun 17, 2021 11:31PM GMT
Name
Value
Action
RSI(14)
35.664
Sell
STOCH(9,6)
26.963
Sell
STOCHRSI(14)
20.660
Oversold
MACD(12,26)
-0.001
Sell
ADX(14)
30.896
Buy
Williams %R
-83.333
Oversold
CCI(14)
-135.6611
Sell
ATR(14)
0.0010
Less Volatility
Highs/Lows(14)
-0.0002
Sell
Ultimate Oscillator
49.146
Neutral
ROC
-0.035
Sell
Bull/Bear Power(13)
-0.0023
Sell
Buy: 1
Sell: 7
Neutral: 1


Summary:Strong Sell","Jun 17, 2021 11:31PM GMT"
usd_cad,1.2346 -0.0015    -0.13%,19:31:42,2021-06-17 23:32:10.255627,"Prev. Close: 1.2361
Bid/Ask: 1.2345 / 1.2346
Day's Range: 1.2340 - 1.2368",Strong Buy,"Summary:Strong Buy
Moving Averages:BuyBuy (8)Sell (4)
Technical Indicators:Strong BuyBuy (8)Sell (0)","Name
S3
S2
S1
Pivot Points
R1
R2
R3
Classic
1.2323
1.2333
1.2339
1.2348
1.2354
1.2363
1.2369
Fibonacci
1.2333
1.2338
1.2342
1.2348
1.2354
1.2358
1.2363
Camarilla
1.2341
1.2342
1.2344
1.2348
1.2346
1.2348
1.2349
Woodie's
1.2321
1.2332
1.2337
1.2347
1.2352
1.2362
1.2367
DeMark's
-
-
1.2336
1.2347
1.2351
-
-","Technical IndicatorsJun 17, 2021 11:31PM GMT
Name
Value
Action
RSI(14)
64.115
Buy
STOCH(9,6)
67.146
Buy
STOCHRSI(14)
0.963
Oversold
MACD(12,26)
0.003
Buy
ADX(14)
42.797
Buy
Williams %R
-38.789
Buy
CCI(14)
12.9596
Neutral
ATR(14)
0.0023
Less Volatility
Highs/Lows(14)
0.0000
Neutral
Ultimate Oscillator
66.076
Buy
ROC
0.199
Buy
Bull/Bear Power(13)
0.0006
Buy
Buy: 8
Sell: 0
Neutral: 2


Summary:Strong Buy","Jun 17, 2021 11:31PM GMT"
usd_chf,0.9176 +0.0003    +0.03%,19:31:23,2021-06-17 23:32:10.258661,"Prev. Close: 0.9173
Bid/Ask: 0.9172 / 0.9180
Day's Range: 0.9169 - 0.9183",Strong Buy,"Summary:Strong Buy
Moving Averages:BuyBuy (12)Sell (0)
Technical Indicators:Strong BuyBuy (10)Sell (0)","Name
S3
S2
S1
Pivot Points
R1
R2
R3
Classic
0.9170
0.9172
0.9174
0.9176
0.9178
0.9180
0.9182
Fibonacci
0.9172
0.9174
0.9174
0.9176
0.9178
0.9178
0.9180
Camarilla
0.9174
0.9174
0.9175
0.9176
0.9175
0.9176
0.9176
Woodie's
0.9170
0.9172
0.9174
0.9176
0.9178
0.9180
0.9182
DeMark's
-
-
0.9172
0.9175
0.9176
-
-","Technical IndicatorsJun 17, 2021 11:31PM GMT
Name
Value
Action
RSI(14)
74.599
Buy
STOCH(9,6)
74.677
Buy
STOCHRSI(14)
3.208
Oversold
MACD(12,26)
0.003
Buy
ADX(14)
39.163
Buy
Williams %R
-21.297
Buy
CCI(14)
71.0654
Buy
ATR(14)
0.0013
Less Volatility
Highs/Lows(14)
0.0004
Buy
Ultimate Oscillator
51.476
Buy
ROC
0.339
Buy
Bull/Bear Power(13)
0.0034
Buy
Buy: 10
Sell: 0
Neutral: 0


Summary:Strong Buy","Jun 17, 2021 11:31PM GMT"
nzd_chf,0.6436 +0.0017    +0.26%,19:31:42,2021-06-17 23:32:10.261643,"Prev. Close: 0.6419
Bid/Ask: 0.6435 / 0.6437
Day's Range: 0.6421 - 0.6441",Strong Buy,"Summary:Strong Buy
Moving Averages:BuyBuy (11)Sell (1)
Technical Indicators:Strong BuyBuy (7)Sell (3)","Name
S3
S2
S1
Pivot Points
R1
R2
R3
Classic
0.6417
0.6422
0.6429
0.6434
0.6441
0.6446
0.6454
Fibonacci
0.6422
0.6426
0.6429
0.6434
0.6439
0.6442
0.6446
Camarilla
0.6434
0.6435
0.6436
0.6434
0.6439
0.6440
0.6441
Woodie's
0.6419
0.6423
0.6431
0.6435
0.6443
0.6447
0.6456
DeMark's
-
-
0.6432
0.6435
0.6444
-
-","Technical IndicatorsJun 17, 2021 11:31PM GMT
Name
Value
Action
RSI(14)
57.411
Buy
STOCH(9,6)
63.509
Buy
STOCHRSI(14)
93.309
Overbought
MACD(12,26)
0.000
Buy
ADX(14)
27.255
Sell
Williams %R
-21.053
Buy
CCI(14)
166.9170
Buy
ATR(14)
0.0012
Less Volatility
Highs/Lows(14)
0.0004
Buy
Ultimate Oscillator
42.420
Sell
ROC
-0.070
Sell
Bull/Bear Power(13)
0.0015
Buy
Buy: 7
Sell: 3
Neutral: 0


Summary:Strong Buy","Jun 17, 2021 11:31PM GMT"
usd_cny,6.4484 +0.0515    +0.80%,11:27:22,2021-06-17 23:32:10.264622,"Prev. Close: 6.3969
Bid/Ask: 6.4477 / 6.4490
Day's Range: 6.3972 - 6.4494",Strong Buy,"Summary:Strong Buy
Moving Averages:BuyBuy (12)Sell (0)
Technical Indicators:Strong BuyBuy (7)Sell (0)","Name
S3
S2
S1
Pivot Points
R1
R2
R3
Classic
6.4380
6.4399
6.4436
6.4455
6.4492
6.4511
6.4548
Fibonacci
6.4399
6.4420
6.4434
6.4455
6.4476
6.4490
6.4511
Camarilla
6.4458
6.4463
6.4468
6.4455
6.4479
6.4484
6.4489
Woodie's
6.4390
6.4404
6.4446
6.4460
6.4502
6.4516
6.4558
DeMark's
-
-
6.4446
6.4460
6.4502
-
-","Technical IndicatorsJun 17, 2021 03:34PM GMT
Name
Value
Action
RSI(14)
85.433
Overbought
STOCH(9,6)
77.649
Buy
STOCHRSI(14)
100.000
Overbought
MACD(12,26)
0.011
Buy
ADX(14)
61.337
Buy
Williams %R
-3.426
Overbought
CCI(14)
151.8010
Buy
ATR(14)
0.0041
Less Volatility
Highs/Lows(14)
0.0141
Buy
Ultimate Oscillator
82.973
Overbought
ROC
0.391
Buy
Bull/Bear Power(13)
0.0286
Buy
Buy: 7
Sell: 0
Neutral: 0


Summary:Strong Buy","Jun 17, 2021 03:34PM GMT"
usd_hkd,7.7646 +0.0002    +0.00%,19:31:35,2021-06-17 23:32:10.267612,"Prev. Close: 7.7644
Bid/Ask: 7.7645 / 7.7647
Day's Range: 7.7641 - 7.7652",Buy,"Summary:Buy
Moving Averages:BuyBuy (7)Sell (5)
Technical Indicators:BUYBuy (4)Sell (2)","Name
S3
S2
S1
Pivot Points
R1
R2
R3
Classic
7.7629
7.7635
7.7640
7.7646
7.7651
7.7657
7.7663
Fibonacci
7.7635
7.7639
7.7642
7.7646
7.7650
7.7653
7.7657
Camarilla
7.7643
7.7644
7.7645
7.7646
7.7648
7.7649
7.7650
Woodie's
7.7629
7.7635
7.7640
7.7646
7.7651
7.7657
7.7663
DeMark's
-
-
7.7638
7.7645
7.7649
-
-","Technical IndicatorsJun 17, 2021 11:31PM GMT
Name
Value
Action
RSI(14)
53.012
Neutral
STOCH(9,6)
61.167
Buy
STOCHRSI(14)
18.737
Oversold
MACD(12,26)
0.000
Buy
ADX(14)
25.688
Neutral
Williams %R
-57.892
Sell
CCI(14)
-29.9907
Neutral
ATR(14)
0.0008
Less Volatility
Highs/Lows(14)
0.0000
Neutral
Ultimate Oscillator
57.399
Buy
ROC
-0.006
Sell
Bull/Bear Power(13)
0.0009
Buy
Buy: 4
Sell: 2
Neutral: 4


Summary:BUY","Jun 17, 2021 11:31PM GMT"
eur_usd,1.1913 +0.0006    +0.05%,19:32:01,2021-06-17 23:33:10.269376,"Prev. Close: 1.1906
Bid/Ask: 1.1912 / 1.1913
Day's Range: 1.1906 - 1.1914",Strong Sell,"Summary:Strong Sell
Moving Averages:SellBuy (3)Sell (9)
Technical Indicators:Strong SellBuy (0)Sell (8)","Name
S3
S2
S1
Pivot Points
R1
R2
R3
Classic
1.1900
1.1903
1.1907
1.1910
1.1914
1.1917
1.1921
Fibonacci
1.1903
1.1906
1.1907
1.1910
1.1913
1.1914
1.1917
Camarilla
1.1910
1.1910
1.1911
1.1910
1.1912
1.1913
1.1913
Woodie's
1.1902
1.1904
1.1909
1.1911
1.1916
1.1918
1.1923
DeMark's
-
-
1.1909
1.1911
1.1916
-
-","Technical IndicatorsJun 17, 2021 11:31PM GMT
Name
Value
Action
RSI(14)
31.267
Sell
STOCH(9,6)
29.562
Sell
STOCHRSI(14)
100.000
Overbought
MACD(12,26)
-0.003
Sell
ADX(14)
35.438
Sell
Williams %R
-66.394
Sell
CCI(14)
-46.0882
Neutral
ATR(14)
0.0016
Less Volatility
Highs/Lows(14)
0.0000
Neutral
Ultimate Oscillator
44.226
Sell
ROC
-0.314
Sell
Bull/Bear Power(13)
-0.0014
Sell
Buy: 0
Sell: 8
Neutral: 2


Summary:Strong Sell","Jun 17, 2021 11:31PM GMT"
gbp_usd,1.3934 +0.0015    +0.11%,19:32:51,2021-06-17 23:33:10.273632,"Prev. Close: 1.3919
Bid/Ask: 1.3933 / 1.3935
Day's Range: 1.3915 - 1.3935",Sell,"Summary:Sell
Moving Averages:SellBuy (4)Sell (8)
Technical Indicators:SellBuy (1)Sell (5)","Name
S3
S2
S1
Pivot Points
R1
R2
R3
Classic
1.3914
1.3918
1.3925
1.3930
1.3937
1.3942
1.3949
Fibonacci
1.3918
1.3923
1.3926
1.3930
1.3934
1.3937
1.3942
Camarilla
1.3929
1.3930
1.3931
1.3930
1.3934
1.3935
1.3936
Woodie's
1.3916
1.3919
1.3927
1.3931
1.3939
1.3943
1.3951
DeMark's
-
-
1.3928
1.3931
1.3939
-
-","Technical IndicatorsJun 17, 2021 11:31PM GMT
Name
Value
Action
RSI(14)
40.786
Sell
STOCH(9,6)
45.961
Neutral
STOCHRSI(14)
100.000
Overbought
MACD(12,26)
-0.003
Sell
ADX(14)
38.045
Sell
Williams %R
-51.875
Neutral
CCI(14)
-0.9046
Neutral
ATR(14)
0.0023
Less Volatility
Highs/Lows(14)
0.0000
Neutral
Ultimate Oscillator
51.893
Buy
ROC
-0.283
Sell
Bull/Bear Power(13)
-0.0013
Sell
Buy: 1
Sell: 5
Neutral: 4


Summary:Sell","Jun 17, 2021 11:31PM GMT"
usd_jpy,110.28 +0.07    +0.07%,19:32:35,2021-06-17 23:33:10.277038,"Prev. Close: 110.20
Bid/Ask: 110.27 / 110.28
Day's Range: 110.17 - 110.83",Neutral,"Summary:Neutral
Moving Averages:BuyBuy (7)Sell (5)
Technical Indicators:Strong SellBuy (1)Sell (8)","Name
S3
S2
S1
Pivot Points
R1
R2
R3
Classic
110.18
110.21
110.25
110.27
110.31
110.33
110.37
Fibonacci
110.21
110.23
110.25
110.27
110.29
110.31
110.33
Camarilla
110.26
110.26
110.27
110.27
110.28
110.29
110.29
Woodie's
110.18
110.21
110.25
110.27
110.31
110.33
110.37
DeMark's
-
-
110.26
110.28
110.32
-
-","Technical IndicatorsJun 17, 2021 11:31PM GMT
Name
Value
Action
RSI(14)
43.185
Sell
STOCH(9,6)
24.897
Sell
STOCHRSI(14)
17.928
Oversold
MACD(12,26)
-0.030
Sell
ADX(14)
27.319
Buy
Williams %R
-84.033
Oversold
CCI(14)
-54.9591
Sell
ATR(14)
0.1161
Less Volatility
Highs/Lows(14)
-0.0425
Sell
Ultimate Oscillator
42.578
Sell
ROC
-0.388
Sell
Bull/Bear Power(13)
-0.1420
Sell
Buy: 1
Sell: 8
Neutral: 0


Summary:Strong Sell","Jun 17, 2021 11:31PM GMT"
aud_usd,0.7557 +0.0006    +0.09%,19:32:53,2021-06-17 23:33:10.280177,"Prev. Close: 0.7550
Bid/Ask: 0.7556 / 0.7557
Day's Range: 0.7547 - 0.7560",Strong Sell,"Summary:Strong Sell
Moving Averages:SellBuy (3)Sell (9)
Technical Indicators:Strong SellBuy (0)Sell (8)","Name
S3
S2
S1
Pivot Points
R1
R2
R3
Classic
0.7545
0.7548
0.7554
0.7557
0.7563
0.7566
0.7572
Fibonacci
0.7548
0.7551
0.7554
0.7557
0.7560
0.7563
0.7566
Camarilla
0.7556
0.7557
0.7558
0.7557
0.7559
0.7560
0.7561
Woodie's
0.7545
0.7548
0.7554
0.7557
0.7563
0.7566
0.7572
DeMark's
-
-
0.7555
0.7557
0.7563
-
-","Technical IndicatorsJun 17, 2021 11:31PM GMT
Name
Value
Action
RSI(14)
32.876
Sell
STOCH(9,6)
32.184
Sell
STOCHRSI(14)
95.436
Overbought
MACD(12,26)
-0.002
Sell
ADX(14)
49.534
Sell
Williams %R
-70.941
Sell
CCI(14)
-43.0446
Neutral
ATR(14)
0.0015
Less Volatility
Highs/Lows(14)
0.0000
Neutral
Ultimate Oscillator
44.583
Sell
ROC
-0.520
Sell
Bull/Bear Power(13)
-0.0006
Sell
Buy: 0
Sell: 8
Neutral: 2


Summary:Strong Sell","Jun 17, 2021 11:31PM GMT"
eur_gbp,0.8549 -0.0002    -0.02%,19:32:47,2021-06-17 23:33:10.283246,"Prev. Close: 0.8551
Bid/Ask: 0.8548 / 0.8550
Day's Range: 0.8548 - 0.8557",Strong Sell,"Summary:Strong Sell
Moving Averages:Strong SellBuy (0)Sell (12)
Technical Indicators:Strong SellBuy (1)Sell (7)","Name
S3
S2
S1
Pivot Points
R1
R2
R3
Classic
0.8540
0.8544
0.8546
0.8550
0.8553
0.8556
0.8559
Fibonacci
0.8544
0.8546
0.8548
0.8550
0.8552
0.8554
0.8556
Camarilla
0.8548
0.8548
0.8549
0.8550
0.8550
0.8551
0.8551
Woodie's
0.8540
0.8544
0.8546
0.8550
0.8553
0.8556
0.8559
DeMark's
-
-
0.8545
0.8549
0.8552
-
-","Technical IndicatorsJun 17, 2021 11:31PM GMT
Name
Value
Action
RSI(14)
35.664
Sell
STOCH(9,6)
26.963
Sell
STOCHRSI(14)
20.660
Oversold
MACD(12,26)
-0.001
Sell
ADX(14)
30.896
Buy
Williams %R
-83.333
Oversold
CCI(14)
-135.6611
Sell
ATR(14)
0.0010
Less Volatility
Highs/Lows(14)
-0.0002
Sell
Ultimate Oscillator
49.146
Neutral
ROC
-0.035
Sell
Bull/Bear Power(13)
-0.0023
Sell
Buy: 1
Sell: 7
Neutral: 1


Summary:Strong Sell","Jun 17, 2021 11:31PM GMT"
usd_cad,1.2346 -0.0015    -0.13%,19:32:42,2021-06-17 23:33:10.286244,"Prev. Close: 1.2361
Bid/Ask: 1.2345 / 1.2346
Day's Range: 1.2340 - 1.2368",Strong Buy,"Summary:Strong Buy
Moving Averages:BuyBuy (8)Sell (4)
Technical Indicators:Strong BuyBuy (8)Sell (0)","Name
S3
S2
S1
Pivot Points
R1
R2
R3
Classic
1.2323
1.2333
1.2339
1.2348
1.2354
1.2363
1.2369
Fibonacci
1.2333
1.2338
1.2342
1.2348
1.2354
1.2358
1.2363
Camarilla
1.2341
1.2342
1.2344
1.2348
1.2346
1.2348
1.2349
Woodie's
1.2321
1.2332
1.2337
1.2347
1.2352
1.2362
1.2367
DeMark's
-
-
1.2336
1.2347
1.2351
-
-","Technical IndicatorsJun 17, 2021 11:31PM GMT
Name
Value
Action
RSI(14)
64.115
Buy
STOCH(9,6)
67.146
Buy
STOCHRSI(14)
0.963
Oversold
MACD(12,26)
0.003
Buy
ADX(14)
42.797
Buy
Williams %R
-38.789
Buy
CCI(14)
12.9596
Neutral
ATR(14)
0.0023
Less Volatility
Highs/Lows(14)
0.0000
Neutral
Ultimate Oscillator
66.076
Buy
ROC
0.199
Buy
Bull/Bear Power(13)
0.0006
Buy
Buy: 8
Sell: 0
Neutral: 2


Summary:Strong Buy","Jun 17, 2021 11:31PM GMT"
usd_chf,0.9176 +0.0003    +0.03%,19:32:44,2021-06-17 23:33:10.289245,"Prev. Close: 0.9173
Bid/Ask: 0.9172 / 0.9180
Day's Range: 0.9169 - 0.9183",Strong Buy,"Summary:Strong Buy
Moving Averages:BuyBuy (12)Sell (0)
Technical Indicators:Strong BuyBuy (10)Sell (0)","Name
S3
S2
S1
Pivot Points
R1
R2
R3
Classic
0.9170
0.9172
0.9174
0.9176
0.9178
0.9180
0.9182
Fibonacci
0.9172
0.9174
0.9174
0.9176
0.9178
0.9178
0.9180
Camarilla
0.9174
0.9174
0.9175
0.9176
0.9175
0.9176
0.9176
Woodie's
0.9170
0.9172
0.9174
0.9176
0.9178
0.9180
0.9182
DeMark's
-
-
0.9172
0.9175
0.9176
-
-","Technical IndicatorsJun 17, 2021 11:31PM GMT
Name
Value
Action
RSI(14)
74.599
Buy
STOCH(9,6)
74.677
Buy
STOCHRSI(14)
3.208
Oversold
MACD(12,26)
0.003
Buy
ADX(14)
39.163
Buy
Williams %R
-21.297
Buy
CCI(14)
71.0654
Buy
ATR(14)
0.0013
Less Volatility
Highs/Lows(14)
0.0004
Buy
Ultimate Oscillator
51.476
Buy
ROC
0.339
Buy
Bull/Bear Power(13)
0.0034
Buy
Buy: 10
Sell: 0
Neutral: 0


Summary:Strong Buy","Jun 17, 2021 11:31PM GMT"
nzd_chf,0.6438 +0.0019    +0.29%,19:32:54,2021-06-17 23:33:10.292273,"Prev. Close: 0.6419
Bid/Ask: 0.6436 / 0.6439
Day's Range: 0.6421 - 0.6441",Strong Buy,"Summary:Strong Buy
Moving Averages:BuyBuy (11)Sell (1)
Technical Indicators:Strong BuyBuy (7)Sell (3)","Name
S3
S2
S1
Pivot Points
R1
R2
R3
Classic
0.6417
0.6422
0.6429
0.6434
0.6441
0.6446
0.6454
Fibonacci
0.6422
0.6426
0.6429
0.6434
0.6439
0.6442
0.6446
Camarilla
0.6434
0.6435
0.6436
0.6434
0.6439
0.6440
0.6441
Woodie's
0.6419
0.6423
0.6431
0.6435
0.6443
0.6447
0.6456
DeMark's
-
-
0.6432
0.6435
0.6444
-
-","Technical IndicatorsJun 17, 2021 11:31PM GMT
Name
Value
Action
RSI(14)
57.411
Buy
STOCH(9,6)
63.509
Buy
STOCHRSI(14)
93.309
Overbought
MACD(12,26)
0.000
Buy
ADX(14)
27.255
Sell
Williams %R
-21.053
Buy
CCI(14)
166.9170
Buy
ATR(14)
0.0012
Less Volatility
Highs/Lows(14)
0.0004
Buy
Ultimate Oscillator
42.420
Sell
ROC
-0.070
Sell
Bull/Bear Power(13)
0.0015
Buy
Buy: 7
Sell: 3
Neutral: 0


Summary:Strong Buy","Jun 17, 2021 11:31PM GMT"
usd_cny,6.4484 +0.0515    +0.80%,11:27:22,2021-06-17 23:33:10.295295,"Prev. Close: 6.3969
Bid/Ask: 6.4477 / 6.4490
Day's Range: 6.3972 - 6.4494",Strong Buy,"Summary:Strong Buy
Moving Averages:BuyBuy (12)Sell (0)
Technical Indicators:Strong BuyBuy (7)Sell (0)","Name
S3
S2
S1
Pivot Points
R1
R2
R3
Classic
6.4380
6.4399
6.4436
6.4455
6.4492
6.4511
6.4548
Fibonacci
6.4399
6.4420
6.4434
6.4455
6.4476
6.4490
6.4511
Camarilla
6.4458
6.4463
6.4468
6.4455
6.4479
6.4484
6.4489
Woodie's
6.4390
6.4404
6.4446
6.4460
6.4502
6.4516
6.4558
DeMark's
-
-
6.4446
6.4460
6.4502
-
-","Technical IndicatorsJun 17, 2021 03:34PM GMT
Name
Value
Action
RSI(14)
85.433
Overbought
STOCH(9,6)
77.649
Buy
STOCHRSI(14)
100.000
Overbought
MACD(12,26)
0.011
Buy
ADX(14)
61.337
Buy
Williams %R
-3.426
Overbought
CCI(14)
151.8010
Buy
ATR(14)
0.0041
Less Volatility
Highs/Lows(14)
0.0141
Buy
Ultimate Oscillator
82.973
Overbought
ROC
0.391
Buy
Bull/Bear Power(13)
0.0286
Buy
Buy: 7
Sell: 0
Neutral: 0


Summary:Strong Buy","Jun 17, 2021 03:34PM GMT"
usd_hkd,7.7646 +0.0002    +0.00%,19:32:35,2021-06-17 23:33:10.298291,"Prev. Close: 7.7644
Bid/Ask: 7.7645 / 7.7647
Day's Range: 7.7641 - 7.7652",Buy,"Summary:Buy
Moving Averages:BuyBuy (7)Sell (5)
Technical Indicators:BUYBuy (4)Sell (2)","Name
S3
S2
S1
Pivot Points
R1
R2
R3
Classic
7.7629
7.7635
7.7640
7.7646
7.7651
7.7657
7.7663
Fibonacci
7.7635
7.7639
7.7642
7.7646
7.7650
7.7653
7.7657
Camarilla
7.7643
7.7644
7.7645
7.7646
7.7648
7.7649
7.7650
Woodie's
7.7629
7.7635
7.7640
7.7646
7.7651
7.7657
7.7663
DeMark's
-
-
7.7638
7.7645
7.7649
-
-","Technical IndicatorsJun 17, 2021 11:31PM GMT
Name
Value
Action
RSI(14)
53.012
Neutral
STOCH(9,6)
61.167
Buy
STOCHRSI(14)
18.737
Oversold
MACD(12,26)
0.000
Buy
ADX(14)
25.688
Neutral
Williams %R
-57.892
Sell
CCI(14)
-29.9907
Neutral
ATR(14)
0.0008
Less Volatility
Highs/Lows(14)
0.0000
Neutral
Ultimate Oscillator
57.399
Buy
ROC
-0.006
Sell
Bull/Bear Power(13)
0.0009
Buy
Buy: 4
Sell: 2
Neutral: 4


Summary:BUY","Jun 17, 2021 11:31PM GMT"
eur_usd,1.1912 +0.0006    +0.05%,19:33:43,2021-06-17 23:34:09.845817,"Prev. Close: 1.1906
Bid/Ask: 1.1911 / 1.1912
Day's Range: 1.1906 - 1.1914",Strong Sell,"Summary:Strong Sell
Moving Averages:SellBuy (3)Sell (9)
Technical Indicators:Strong SellBuy (0)Sell (8)","Name
S3
S2
S1
Pivot Points
R1
R2
R3
Classic
1.1900
1.1903
1.1907
1.1910
1.1914
1.1917
1.1921
Fibonacci
1.1903
1.1906
1.1907
1.1910
1.1913
1.1914
1.1917
Camarilla
1.1910
1.1910
1.1911
1.1910
1.1912
1.1913
1.1913
Woodie's
1.1902
1.1904
1.1909
1.1911
1.1916
1.1918
1.1923
DeMark's
-
-
1.1909
1.1911
1.1916
-
-","Technical IndicatorsJun 17, 2021 11:33PM GMT
Name
Value
Action
RSI(14)
31.267
Sell
STOCH(9,6)
29.562
Sell
STOCHRSI(14)
100.000
Overbought
MACD(12,26)
-0.003
Sell
ADX(14)
35.438
Sell
Williams %R
-66.394
Sell
CCI(14)
-46.0882
Neutral
ATR(14)
0.0016
Less Volatility
Highs/Lows(14)
0.0000
Neutral
Ultimate Oscillator
44.226
Sell
ROC
-0.314
Sell
Bull/Bear Power(13)
-0.0014
Sell
Buy: 0
Sell: 8
Neutral: 2


Summary:Strong Sell","Jun 17, 2021 11:33PM GMT"
gbp_usd,1.3935 +0.0015    +0.11%,19:33:29,2021-06-17 23:34:09.850145,"Prev. Close: 1.3919
Bid/Ask: 1.3934 / 1.3935
Day's Range: 1.3915 - 1.3935",Sell,"Summary:Sell
Moving Averages:SellBuy (4)Sell (8)
Technical Indicators:SellBuy (1)Sell (5)","Name
S3
S2
S1
Pivot Points
R1
R2
R3
Classic
1.3914
1.3918
1.3925
1.3930
1.3937
1.3942
1.3949
Fibonacci
1.3918
1.3923
1.3926
1.3930
1.3934
1.3937
1.3942
Camarilla
1.3929
1.3930
1.3931
1.3930
1.3934
1.3935
1.3936
Woodie's
1.3916
1.3919
1.3927
1.3931
1.3939
1.3943
1.3951
DeMark's
-
-
1.3928
1.3931
1.3939
-
-","Technical IndicatorsJun 17, 2021 11:31PM GMT
Name
Value
Action
RSI(14)
40.786
Sell
STOCH(9,6)
45.961
Neutral
STOCHRSI(14)
100.000
Overbought
MACD(12,26)
-0.003
Sell
ADX(14)
38.045
Sell
Williams %R
-51.875
Neutral
CCI(14)
-0.9046
Neutral
ATR(14)
0.0023
Less Volatility
Highs/Lows(14)
0.0000
Neutral
Ultimate Oscillator
51.893
Buy
ROC
-0.283
Sell
Bull/Bear Power(13)
-0.0013
Sell
Buy: 1
Sell: 5
Neutral: 4


Summary:Sell","Jun 17, 2021 11:31PM GMT"
usd_jpy,110.28 +0.07    +0.07%,19:33:39,2021-06-17 23:34:09.853365,"Prev. Close: 110.20
Bid/Ask: 110.27 / 110.28
Day's Range: 110.17 - 110.83",Neutral,"Summary:Neutral
Moving Averages:BuyBuy (7)Sell (5)
Technical Indicators:Strong SellBuy (1)Sell (8)","Name
S3
S2
S1
Pivot Points
R1
R2
R3
Classic
110.18
110.21
110.25
110.27
110.31
110.33
110.37
Fibonacci
110.21
110.23
110.25
110.27
110.29
110.31
110.33
Camarilla
110.26
110.26
110.27
110.27
110.28
110.29
110.29
Woodie's
110.18
110.21
110.25
110.27
110.31
110.33
110.37
DeMark's
-
-
110.26
110.28
110.32
-
-","Technical IndicatorsJun 17, 2021 11:33PM GMT
Name
Value
Action
RSI(14)
43.185
Sell
STOCH(9,6)
24.897
Sell
STOCHRSI(14)
17.928
Oversold
MACD(12,26)
-0.030
Sell
ADX(14)
27.319
Buy
Williams %R
-84.033
Oversold
CCI(14)
-54.9591
Sell
ATR(14)
0.1161
Less Volatility
Highs/Lows(14)
-0.0425
Sell
Ultimate Oscillator
42.578
Sell
ROC
-0.388
Sell
Bull/Bear Power(13)
-0.1420
Sell
Buy: 1
Sell: 8
Neutral: 0


Summary:Strong Sell","Jun 17, 2021 11:33PM GMT"
aud_usd,0.7556 +0.0006    +0.08%,19:33:43,2021-06-17 23:34:09.856457,"Prev. Close: 0.7550
Bid/Ask: 0.7555 / 0.7557
Day's Range: 0.7547 - 0.7560",Strong Sell,"Summary:Strong Sell
Moving Averages:SellBuy (3)Sell (9)
Technical Indicators:Strong SellBuy (0)Sell (8)","Name
S3
S2
S1
Pivot Points
R1
R2
R3
Classic
0.7545
0.7548
0.7554
0.7557
0.7563
0.7566
0.7572
Fibonacci
0.7548
0.7551
0.7554
0.7557
0.7560
0.7563
0.7566
Camarilla
0.7556
0.7557
0.7558
0.7557
0.7559
0.7560
0.7561
Woodie's
0.7545
0.7548
0.7554
0.7557
0.7563
0.7566
0.7572
DeMark's
-
-
0.7555
0.7557
0.7563
-
-","Technical IndicatorsJun 17, 2021 11:31PM GMT
Name
Value
Action
RSI(14)
32.876
Sell
STOCH(9,6)
32.184
Sell
STOCHRSI(14)
95.436
Overbought
MACD(12,26)
-0.002
Sell
ADX(14)
49.534
Sell
Williams %R
-70.941
Sell
CCI(14)
-43.0446
Neutral
ATR(14)
0.0015
Less Volatility
Highs/Lows(14)
0.0000
Neutral
Ultimate Oscillator
44.583
Sell
ROC
-0.520
Sell
Bull/Bear Power(13)
-0.0006
Sell
Buy: 0
Sell: 8
Neutral: 2


Summary:Strong Sell","Jun 17, 2021 11:31PM GMT"
eur_gbp,0.8549 -0.0003    -0.03%,19:33:43,2021-06-17 23:34:09.859501,"Prev. Close: 0.8551
Bid/Ask: 0.8548 / 0.8549
Day's Range: 0.8548 - 0.8557",Strong Sell,"Summary:Strong Sell
Moving Averages:Strong SellBuy (0)Sell (12)
Technical Indicators:Strong SellBuy (1)Sell (7)","Name
S3
S2
S1
Pivot Points
R1
R2
R3
Classic
0.8540
0.8544
0.8546
0.8550
0.8553
0.8556
0.8559
Fibonacci
0.8544
0.8546
0.8548
0.8550
0.8552
0.8554
0.8556
Camarilla
0.8548
0.8548
0.8549
0.8550
0.8550
0.8551
0.8551
Woodie's
0.8540
0.8544
0.8546
0.8550
0.8553
0.8556
0.8559
DeMark's
-
-
0.8545
0.8549
0.8552
-
-","Technical IndicatorsJun 17, 2021 11:33PM GMT
Name
Value
Action
RSI(14)
35.664
Sell
STOCH(9,6)
26.963
Sell
STOCHRSI(14)
20.660
Oversold
MACD(12,26)
-0.001
Sell
ADX(14)
30.896
Buy
Williams %R
-83.333
Oversold
CCI(14)
-135.6611
Sell
ATR(14)
0.0010
Less Volatility
Highs/Lows(14)
-0.0002
Sell
Ultimate Oscillator
49.146
Neutral
ROC
-0.035
Sell
Bull/Bear Power(13)
-0.0023
Sell
Buy: 1
Sell: 7
Neutral: 1


Summary:Strong Sell","Jun 17, 2021 11:33PM GMT"
usd_cad,1.2347 -0.0014    -0.12%,19:33:42,2021-06-17 23:34:09.862544,"Prev. Close: 1.2361
Bid/Ask: 1.2346 / 1.2347
Day's Range: 1.2340 - 1.2368",Strong Buy,"Summary:Strong Buy
Moving Averages:BuyBuy (8)Sell (4)
Technical Indicators:Strong BuyBuy (8)Sell (0)","Name
S3
S2
S1
Pivot Points
R1
R2
R3
Classic
1.2323
1.2333
1.2339
1.2348
1.2354
1.2363
1.2369
Fibonacci
1.2333
1.2338
1.2342
1.2348
1.2354
1.2358
1.2363
Camarilla
1.2341
1.2342
1.2344
1.2348
1.2346
1.2348
1.2349
Woodie's
1.2321
1.2332
1.2337
1.2347
1.2352
1.2362
1.2367
DeMark's
-
-
1.2336
1.2347
1.2351
-
-","Technical IndicatorsJun 17, 2021 11:33PM GMT
Name
Value
Action
RSI(14)
64.115
Buy
STOCH(9,6)
67.146
Buy
STOCHRSI(14)
0.963
Oversold
MACD(12,26)
0.003
Buy
ADX(14)
42.797
Buy
Williams %R
-38.789
Buy
CCI(14)
12.9596
Neutral
ATR(14)
0.0023
Less Volatility
Highs/Lows(14)
0.0000
Neutral
Ultimate Oscillator
66.076
Buy
ROC
0.199
Buy
Bull/Bear Power(13)
0.0006
Buy
Buy: 8
Sell: 0
Neutral: 2


Summary:Strong Buy","Jun 17, 2021 11:33PM GMT"
usd_chf,0.9177 +0.0004    +0.04%,19:33:40,2021-06-17 23:34:09.865549,"Prev. Close: 0.9173
Bid/Ask: 0.9173 / 0.9181
Day's Range: 0.9169 - 0.9183",Strong Buy,"Summary:Strong Buy
Moving Averages:BuyBuy (12)Sell (0)
Technical Indicators:Strong BuyBuy (9)Sell (0)","Name
S3
S2
S1
Pivot Points
R1
R2
R3
Classic
0.9170
0.9172
0.9174
0.9176
0.9178
0.9180
0.9182
Fibonacci
0.9172
0.9174
0.9174
0.9176
0.9178
0.9178
0.9180
Camarilla
0.9174
0.9174
0.9175
0.9176
0.9175
0.9176
0.9176
Woodie's
0.9170
0.9172
0.9174
0.9176
0.9178
0.9180
0.9182
DeMark's
-
-
0.9172
0.9175
0.9176
-
-","Technical IndicatorsJun 17, 2021 11:33PM GMT
Name
Value
Action
RSI(14)
74.865
Buy
STOCH(9,6)
75.110
Buy
STOCHRSI(14)
5.289
Oversold
MACD(12,26)
0.003
Buy
ADX(14)
39.163
Buy
Williams %R
-19.444
Overbought
CCI(14)
72.8129
Buy
ATR(14)
0.0013
Less Volatility
Highs/Lows(14)
0.0005
Buy
Ultimate Oscillator
52.586
Buy
ROC
0.350
Buy
Bull/Bear Power(13)
0.0034
Buy
Buy: 9
Sell: 0
Neutral: 0


Summary:Strong Buy","Jun 17, 2021 11:33PM GMT"
nzd_chf,0.6437 +0.0018    +0.28%,19:33:34,2021-06-17 23:34:09.868592,"Prev. Close: 0.6419
Bid/Ask: 0.6434 / 0.6440
Day's Range: 0.6421 - 0.6441",Strong Buy,"Summary:Strong Buy
Moving Averages:BuyBuy (12)Sell (0)
Technical Indicators:Strong BuyBuy (6)Sell (3)","Name
S3
S2
S1
Pivot Points
R1
R2
R3
Classic
0.6417
0.6422
0.6429
0.6434
0.6441
0.6446
0.6454
Fibonacci
0.6422
0.6426
0.6429
0.6434
0.6439
0.6442
0.6446
Camarilla
0.6434
0.6435
0.6436
0.6434
0.6439
0.6440
0.6441
Woodie's
0.6419
0.6423
0.6431
0.6435
0.6443
0.6447
0.6456
DeMark's
-
-
0.6432
0.6435
0.6444
-
-","Technical IndicatorsJun 17, 2021 11:33PM GMT
Name
Value
Action
RSI(14)
58.276
Buy
STOCH(9,6)
64.163
Buy
STOCHRSI(14)
97.737
Overbought
MACD(12,26)
0.000
Buy
ADX(14)
27.255
Sell
Williams %R
-18.421
Overbought
CCI(14)
170.9363
Buy
ATR(14)
0.0012
Less Volatility
Highs/Lows(14)
0.0006
Buy
Ultimate Oscillator
43.530
Sell
ROC
-0.054
Sell
Bull/Bear Power(13)
0.0015
Buy
Buy: 6
Sell: 3
Neutral: 0


Summary:Strong Buy","Jun 17, 2021 11:33PM GMT"
usd_cny,6.4484 +0.0515    +0.80%,11:27:22,2021-06-17 23:34:09.871619,"Prev. Close: 6.3969
Bid/Ask: 6.4477 / 6.4490
Day's Range: 6.3972 - 6.4494",Strong Buy,"Summary:Strong Buy
Moving Averages:BuyBuy (12)Sell (0)
Technical Indicators:Strong BuyBuy (7)Sell (0)","Name
S3
S2
S1
Pivot Points
R1
R2
R3
Classic
6.4380
6.4399
6.4436
6.4455
6.4492
6.4511
6.4548
Fibonacci
6.4399
6.4420
6.4434
6.4455
6.4476
6.4490
6.4511
Camarilla
6.4458
6.4463
6.4468
6.4455
6.4479
6.4484
6.4489
Woodie's
6.4390
6.4404
6.4446
6.4460
6.4502
6.4516
6.4558
DeMark's
-
-
6.4446
6.4460
6.4502
-
-","Technical IndicatorsJun 17, 2021 03:34PM GMT
Name
Value
Action
RSI(14)
85.433
Overbought
STOCH(9,6)
77.649
Buy
STOCHRSI(14)
100.000
Overbought
MACD(12,26)
0.011
Buy
ADX(14)
61.337
Buy
Williams %R
-3.426
Overbought
CCI(14)
151.8010
Buy
ATR(14)
0.0041
Less Volatility
Highs/Lows(14)
0.0141
Buy
Ultimate Oscillator
82.973
Overbought
ROC
0.391
Buy
Bull/Bear Power(13)
0.0286
Buy
Buy: 7
Sell: 0
Neutral: 0


Summary:Strong Buy","Jun 17, 2021 03:34PM GMT"
usd_hkd,7.7644 -0.0001    -0.00%,19:33:36,2021-06-17 23:34:09.874625,"Prev. Close: 7.7644
Bid/Ask: 7.7643 / 7.7644
Day's Range: 7.7641 - 7.7652",Buy,"Summary:Buy
Moving Averages:BuyBuy (7)Sell (5)
Technical Indicators:BUYBuy (4)Sell (2)","Name
S3
S2
S1
Pivot Points
R1
R2
R3
Classic
7.7629
7.7635
7.7640
7.7646
7.7651
7.7657
7.7663
Fibonacci
7.7635
7.7639
7.7642
7.7646
7.7650
7.7653
7.7657
Camarilla
7.7643
7.7644
7.7645
7.7646
7.7648
7.7649
7.7650
Woodie's
7.7629
7.7635
7.7640
7.7646
7.7651
7.7657
7.7663
DeMark's
-
-
7.7638
7.7645
7.7649
-
-","Technical IndicatorsJun 17, 2021 11:33PM GMT
Name
Value
Action
RSI(14)
53.012
Neutral
STOCH(9,6)
61.167
Buy
STOCHRSI(14)
18.737
Oversold
MACD(12,26)
0.000
Buy
ADX(14)
25.688
Neutral
Williams %R
-57.892
Sell
CCI(14)
-29.9907
Neutral
ATR(14)
0.0008
Less Volatility
Highs/Lows(14)
0.0000
Neutral
Ultimate Oscillator
57.399
Buy
ROC
-0.006
Sell
Bull/Bear Power(13)
0.0009
Buy
Buy: 4
Sell: 2
Neutral: 4


Summary:BUY","Jun 17, 2021 11:33PM GMT"
eur_usd,1.1911 +0.0004    +0.04%,19:34:27,2021-06-17 23:35:10.166143,"Prev. Close: 1.1906
Bid/Ask: 1.1910 / 1.1911
Day's Range: 1.1906 - 1.1914",Strong Sell,"Summary:Strong Sell
Moving Averages:SellBuy (3)Sell (9)
Technical Indicators:Strong SellBuy (0)Sell (8)","Name
S3
S2
S1
Pivot Points
R1
R2
R3
Classic
1.1900
1.1903
1.1907
1.1910
1.1914
1.1917
1.1921
Fibonacci
1.1903
1.1906
1.1907
1.1910
1.1913
1.1914
1.1917
Camarilla
1.1910
1.1910
1.1911
1.1910
1.1912
1.1913
1.1913
Woodie's
1.1902
1.1904
1.1909
1.1911
1.1916
1.1918
1.1923
DeMark's
-
-
1.1909
1.1911
1.1916
-
-","Technical IndicatorsJun 17, 2021 11:33PM GMT
Name
Value
Action
RSI(14)
31.267
Sell
STOCH(9,6)
29.562
Sell
STOCHRSI(14)
100.000
Overbought
MACD(12,26)
-0.003
Sell
ADX(14)
35.438
Sell
Williams %R
-66.394
Sell
CCI(14)
-46.0882
Neutral
ATR(14)
0.0016
Less Volatility
Highs/Lows(14)
0.0000
Neutral
Ultimate Oscillator
44.226
Sell
ROC
-0.314
Sell
Bull/Bear Power(13)
-0.0014
Sell
Buy: 0
Sell: 8
Neutral: 2


Summary:Strong Sell","Jun 17, 2021 11:33PM GMT"
gbp_usd,1.3934 +0.0015    +0.11%,19:34:28,2021-06-17 23:35:10.170442,"Prev. Close: 1.3919
Bid/Ask: 1.3932 / 1.3936
Day's Range: 1.3915 - 1.3935",Sell,"Summary:Sell
Moving Averages:SellBuy (4)Sell (8)
Technical Indicators:SellBuy (1)Sell (5)","Name
S3
S2
S1
Pivot Points
R1
R2
R3
Classic
1.3914
1.3918
1.3925
1.3930
1.3937
1.3942
1.3949
Fibonacci
1.3918
1.3923
1.3926
1.3930
1.3934
1.3937
1.3942
Camarilla
1.3929
1.3930
1.3931
1.3930
1.3934
1.3935
1.3936
Woodie's
1.3916
1.3919
1.3927
1.3931
1.3939
1.3943
1.3951
DeMark's
-
-
1.3928
1.3931
1.3939
-
-","Technical IndicatorsJun 17, 2021 11:33PM GMT
Name
Value
Action
RSI(14)
40.598
Sell
STOCH(9,6)
45.816
Neutral
STOCHRSI(14)
100.000
Overbought
MACD(12,26)
-0.003
Sell
ADX(14)
38.045
Sell
Williams %R
-52.501
Neutral
CCI(14)
-1.8775
Neutral
ATR(14)
0.0023
Less Volatility
Highs/Lows(14)
0.0000
Neutral
Ultimate Oscillator
51.532
Buy
ROC
-0.286
Sell
Bull/Bear Power(13)
-0.0013
Sell
Buy: 1
Sell: 5
Neutral: 4


Summary:Sell","Jun 17, 2021 11:33PM GMT"
usd_jpy,110.30 +0.10    +0.09%,19:34:38,2021-06-17 23:35:10.173887,"Prev. Close: 110.20
Bid/Ask: 110.29 / 110.31
Day's Range: 110.17 - 110.83",Neutral,"Summary:Neutral
Moving Averages:BuyBuy (7)Sell (5)
Technical Indicators:Strong SellBuy (1)Sell (8)","Name
S3
S2
S1
Pivot Points
R1
R2
R3
Classic
110.18
110.21
110.25
110.27
110.31
110.33
110.37
Fibonacci
110.21
110.23
110.25
110.27
110.29
110.31
110.33
Camarilla
110.26
110.26
110.27
110.27
110.28
110.29
110.29
Woodie's
110.18
110.21
110.25
110.27
110.31
110.33
110.37
DeMark's
-
-
110.26
110.28
110.32
-
-","Technical IndicatorsJun 17, 2021 11:33PM GMT
Name
Value
Action
RSI(14)
43.185
Sell
STOCH(9,6)
24.897
Sell
STOCHRSI(14)
17.928
Oversold
MACD(12,26)
-0.030
Sell
ADX(14)
27.319
Buy
Williams %R
-84.033
Oversold
CCI(14)
-54.9591
Sell
ATR(14)
0.1161
Less Volatility
Highs/Lows(14)
-0.0425
Sell
Ultimate Oscillator
42.578
Sell
ROC
-0.388
Sell
Bull/Bear Power(13)
-0.1420
Sell
Buy: 1
Sell: 8
Neutral: 0


Summary:Strong Sell","Jun 17, 2021 11:33PM GMT"
aud_usd,0.7555 +0.0004    +0.06%,19:34:29,2021-06-17 23:35:10.177062,"Prev. Close: 0.7550
Bid/Ask: 0.7554 / 0.7555
Day's Range: 0.7547 - 0.7560",Strong Sell,"Summary:Strong Sell
Moving Averages:SellBuy (3)Sell (9)
Technical Indicators:Strong SellBuy (0)Sell (8)","Name
S3
S2
S1
Pivot Points
R1
R2
R3
Classic
0.7545
0.7548
0.7554
0.7557
0.7563
0.7566
0.7572
Fibonacci
0.7548
0.7551
0.7554
0.7557
0.7560
0.7563
0.7566
Camarilla
0.7556
0.7557
0.7558
0.7557
0.7559
0.7560
0.7561
Woodie's
0.7545
0.7548
0.7554
0.7557
0.7563
0.7566
0.7572
DeMark's
-
-
0.7555
0.7557
0.7563
-
-","Technical IndicatorsJun 17, 2021 11:33PM GMT
Name
Value
Action
RSI(14)
32.705
Sell
STOCH(9,6)
31.919
Sell
STOCHRSI(14)
94.329
Overbought
MACD(12,26)
-0.002
Sell
ADX(14)
49.534
Sell
Williams %R
-71.795
Sell
CCI(14)
-44.1976
Neutral
ATR(14)
0.0015
Less Volatility
Highs/Lows(14)
0.0000
Neutral
Ultimate Oscillator
44.055
Sell
ROC
-0.527
Sell
Bull/Bear Power(13)
-0.0006
Sell
Buy: 0
Sell: 8
Neutral: 2


Summary:Strong Sell","Jun 17, 2021 11:33PM GMT"
eur_gbp,0.8549 -0.0003    -0.03%,19:34:47,2021-06-17 23:35:10.180111,"Prev. Close: 0.8551
Bid/Ask: 0.8548 / 0.8549
Day's Range: 0.8548 - 0.8557",Strong Sell,"Summary:Strong Sell
Moving Averages:Strong SellBuy (0)Sell (12)
Technical Indicators:Strong SellBuy (1)Sell (7)","Name
S3
S2
S1
Pivot Points
R1
R2
R3
Classic
0.8540
0.8544
0.8546
0.8550
0.8553
0.8556
0.8559
Fibonacci
0.8544
0.8546
0.8548
0.8550
0.8552
0.8554
0.8556
Camarilla
0.8548
0.8548
0.8549
0.8550
0.8550
0.8551
0.8551
Woodie's
0.8540
0.8544
0.8546
0.8550
0.8553
0.8556
0.8559
DeMark's
-
-
0.8545
0.8549
0.8552
-
-","Technical IndicatorsJun 17, 2021 11:33PM GMT
Name
Value
Action
RSI(14)
35.664
Sell
STOCH(9,6)
26.963
Sell
STOCHRSI(14)
20.660
Oversold
MACD(12,26)
-0.001
Sell
ADX(14)
30.896
Buy
Williams %R
-83.333
Oversold
CCI(14)
-135.6611
Sell
ATR(14)
0.0010
Less Volatility
Highs/Lows(14)
-0.0002
Sell
Ultimate Oscillator
49.146
Neutral
ROC
-0.035
Sell
Bull/Bear Power(13)
-0.0023
Sell
Buy: 1
Sell: 7
Neutral: 1


Summary:Strong Sell","Jun 17, 2021 11:33PM GMT"
usd_cad,1.2348 -0.0014    -0.11%,19:34:56,2021-06-17 23:35:10.183163,"Prev. Close: 1.2361
Bid/Ask: 1.2347 / 1.2348
Day's Range: 1.2340 - 1.2368",Strong Buy,"Summary:Strong Buy
Moving Averages:BuyBuy (8)Sell (4)
Technical Indicators:Strong BuyBuy (8)Sell (0)","Name
S3
S2
S1
Pivot Points
R1
R2
R3
Classic
1.2323
1.2333
1.2339
1.2348
1.2354
1.2363
1.2369
Fibonacci
1.2333
1.2338
1.2342
1.2348
1.2354
1.2358
1.2363
Camarilla
1.2341
1.2342
1.2344
1.2348
1.2346
1.2348
1.2349
Woodie's
1.2321
1.2332
1.2337
1.2347
1.2352
1.2362
1.2367
DeMark's
-
-
1.2336
1.2347
1.2351
-
-","Technical IndicatorsJun 17, 2021 11:33PM GMT
Name
Value
Action
RSI(14)
64.115
Buy
STOCH(9,6)
67.146
Buy
STOCHRSI(14)
0.963
Oversold
MACD(12,26)
0.003
Buy
ADX(14)
42.797
Buy
Williams %R
-38.789
Buy
CCI(14)
12.9596
Neutral
ATR(14)
0.0023
Less Volatility
Highs/Lows(14)
0.0000
Neutral
Ultimate Oscillator
66.076
Buy
ROC
0.199
Buy
Bull/Bear Power(13)
0.0006
Buy
Buy: 8
Sell: 0
Neutral: 2


Summary:Strong Buy","Jun 17, 2021 11:33PM GMT"
usd_chf,0.9179 +0.0006    +0.06%,19:34:47,2021-06-17 23:35:10.186171,"Prev. Close: 0.9173
Bid/Ask: 0.9178 / 0.9179
Day's Range: 0.9169 - 0.9183",Strong Buy,"Summary:Strong Buy
Moving Averages:BuyBuy (12)Sell (0)
Technical Indicators:Strong BuyBuy (9)Sell (0)","Name
S3
S2
S1
Pivot Points
R1
R2
R3
Classic
0.9170
0.9172
0.9174
0.9176
0.9178
0.9180
0.9182
Fibonacci
0.9172
0.9174
0.9174
0.9176
0.9178
0.9178
0.9180
Camarilla
0.9174
0.9174
0.9175
0.9176
0.9175
0.9176
0.9176
Woodie's
0.9170
0.9172
0.9174
0.9176
0.9178
0.9180
0.9182
DeMark's
-
-
0.9172
0.9175
0.9176
-
-","Technical IndicatorsJun 17, 2021 11:33PM GMT
Name
Value
Action
RSI(14)
74.865
Buy
STOCH(9,6)
75.110
Buy
STOCHRSI(14)
5.289
Oversold
MACD(12,26)
0.003
Buy
ADX(14)
39.163
Buy
Williams %R
-19.444
Overbought
CCI(14)
72.8129
Buy
ATR(14)
0.0013
Less Volatility
Highs/Lows(14)
0.0005
Buy
Ultimate Oscillator
52.586
Buy
ROC
0.350
Buy
Bull/Bear Power(13)
0.0034
Buy
Buy: 9
Sell: 0
Neutral: 0


Summary:Strong Buy","Jun 17, 2021 11:33PM GMT"
nzd_chf,0.6436 +0.0017    +0.26%,19:34:55,2021-06-17 23:35:10.189175,"Prev. Close: 0.6419
Bid/Ask: 0.6433 / 0.6439
Day's Range: 0.6421 - 0.6441",Strong Buy,"Summary:Strong Buy
Moving Averages:BuyBuy (12)Sell (0)
Technical Indicators:Strong BuyBuy (6)Sell (3)","Name
S3
S2
S1
Pivot Points
R1
R2
R3
Classic
0.6417
0.6422
0.6429
0.6434
0.6441
0.6446
0.6454
Fibonacci
0.6422
0.6426
0.6429
0.6434
0.6439
0.6442
0.6446
Camarilla
0.6434
0.6435
0.6436
0.6434
0.6439
0.6440
0.6441
Woodie's
0.6419
0.6423
0.6431
0.6435
0.6443
0.6447
0.6456
DeMark's
-
-
0.6432
0.6435
0.6444
-
-","Technical IndicatorsJun 17, 2021 11:33PM GMT
Name
Value
Action
RSI(14)
58.276
Buy
STOCH(9,6)
64.163
Buy
STOCHRSI(14)
97.737
Overbought
MACD(12,26)
0.000
Buy
ADX(14)
27.255
Sell
Williams %R
-18.421
Overbought
CCI(14)
170.9363
Buy
ATR(14)
0.0012
Less Volatility
Highs/Lows(14)
0.0006
Buy
Ultimate Oscillator
43.530
Sell
ROC
-0.054
Sell
Bull/Bear Power(13)
0.0015
Buy
Buy: 6
Sell: 3
Neutral: 0


Summary:Strong Buy","Jun 17, 2021 11:33PM GMT"
usd_cny,6.4484 +0.0515    +0.80%,11:27:22,2021-06-17 23:35:10.192173,"Prev. Close: 6.3969
Bid/Ask: 6.4477 / 6.4490
Day's Range: 6.3972 - 6.4494",Strong Buy,"Summary:Strong Buy
Moving Averages:BuyBuy (12)Sell (0)
Technical Indicators:Strong BuyBuy (7)Sell (0)","Name
S3
S2
S1
Pivot Points
R1
R2
R3
Classic
6.4380
6.4399
6.4436
6.4455
6.4492
6.4511
6.4548
Fibonacci
6.4399
6.4420
6.4434
6.4455
6.4476
6.4490
6.4511
Camarilla
6.4458
6.4463
6.4468
6.4455
6.4479
6.4484
6.4489
Woodie's
6.4390
6.4404
6.4446
6.4460
6.4502
6.4516
6.4558
DeMark's
-
-
6.4446
6.4460
6.4502
-
-","Technical IndicatorsJun 17, 2021 03:34PM GMT
Name
Value
Action
RSI(14)
85.433
Overbought
STOCH(9,6)
77.649
Buy
STOCHRSI(14)
100.000
Overbought
MACD(12,26)
0.011
Buy
ADX(14)
61.337
Buy
Williams %R
-3.426
Overbought
CCI(14)
151.8010
Buy
ATR(14)
0.0041
Less Volatility
Highs/Lows(14)
0.0141
Buy
Ultimate Oscillator
82.973
Overbought
ROC
0.391
Buy
Bull/Bear Power(13)
0.0286
Buy
Buy: 7
Sell: 0
Neutral: 0


Summary:Strong Buy","Jun 17, 2021 03:34PM GMT"
usd_hkd,7.7647 +0.0003    +0.00%,19:34:37,2021-06-17 23:35:10.195192,"Prev. Close: 7.7644
Bid/Ask: 7.7645 / 7.7648
Day's Range: 7.7641 - 7.7652",Buy,"Summary:Buy
Moving Averages:BuyBuy (7)Sell (5)
Technical Indicators:BUYBuy (4)Sell (2)","Name
S3
S2
S1
Pivot Points
R1
R2
R3
Classic
7.7629
7.7635
7.7640
7.7646
7.7651
7.7657
7.7663
Fibonacci
7.7635
7.7639
7.7642
7.7646
7.7650
7.7653
7.7657
Camarilla
7.7643
7.7644
7.7645
7.7646
7.7648
7.7649
7.7650
Woodie's
7.7629
7.7635
7.7640
7.7646
7.7651
7.7657
7.7663
DeMark's
-
-
7.7638
7.7645
7.7649
-
-","Technical IndicatorsJun 17, 2021 11:33PM GMT
Name
Value
Action
RSI(14)
53.012
Neutral
STOCH(9,6)
61.167
Buy
STOCHRSI(14)
18.737
Oversold
MACD(12,26)
0.000
Buy
ADX(14)
25.688
Neutral
Williams %R
-57.892
Sell
CCI(14)
-29.9907
Neutral
ATR(14)
0.0008
Less Volatility
Highs/Lows(14)
0.0000
Neutral
Ultimate Oscillator
57.399
Buy
ROC
-0.006
Sell
Bull/Bear Power(13)
0.0009
Buy
Buy: 4
Sell: 2
Neutral: 4


Summary:BUY","Jun 17, 2021 11:33PM GMT"
eur_usd,1.1910 +0.0003    +0.03%,19:35:42,2021-06-17 23:36:12.233298,"Prev. Close: 1.1906
Bid/Ask: 1.1909 / 1.1910
Day's Range: 1.1906 - 1.1914",Strong Sell,"Summary:Strong Sell
Moving Averages:SellBuy (2)Sell (10)
Technical Indicators:Strong SellBuy (0)Sell (10)","Name
S3
S2
S1
Pivot Points
R1
R2
R3
Classic
1.1900
1.1903
1.1907
1.1910
1.1914
1.1917
1.1921
Fibonacci
1.1903
1.1906
1.1907
1.1910
1.1913
1.1914
1.1917
Camarilla
1.1910
1.1910
1.1911
1.1910
1.1912
1.1913
1.1913
Woodie's
1.1902
1.1904
1.1909
1.1911
1.1916
1.1918
1.1923
DeMark's
-
-
1.1909
1.1911
1.1916
-
-","Technical IndicatorsJun 17, 2021 11:35PM GMT
Name
Value
Action
RSI(14)
30.183
Sell
STOCH(9,6)
28.581
Sell
STOCHRSI(14)
96.714
Overbought
MACD(12,26)
-0.003
Sell
ADX(14)
35.992
Sell
Williams %R
-71.311
Sell
CCI(14)
-56.0038
Sell
ATR(14)
0.0016
Less Volatility
Highs/Lows(14)
-0.0002
Sell
Ultimate Oscillator
42.627
Sell
ROC
-0.339
Sell
Bull/Bear Power(13)
-0.0017
Sell
Buy: 0
Sell: 10
Neutral: 0


Summary:Strong Sell","Jun 17, 2021 11:35PM GMT"
gbp_usd,1.3934 +0.0014    +0.10%,19:35:28,2021-06-17 23:36:12.237541,"Prev. Close: 1.3919
Bid/Ask: 1.3933 / 1.3934
Day's Range: 1.3915 - 1.3935",Sell,"Summary:Sell
Moving Averages:SellBuy (4)Sell (8)
Technical Indicators:SellBuy (1)Sell (5)","Name
S3
S2
S1
Pivot Points
R1
R2
R3
Classic
1.3914
1.3918
1.3925
1.3930
1.3937
1.3942
1.3949
Fibonacci
1.3918
1.3923
1.3926
1.3930
1.3934
1.3937
1.3942
Camarilla
1.3929
1.3930
1.3931
1.3930
1.3934
1.3935
1.3936
Woodie's
1.3916
1.3919
1.3927
1.3931
1.3939
1.3943
1.3951
DeMark's
-
-
1.3928
1.3931
1.3939
-
-","Technical IndicatorsJun 17, 2021 11:35PM GMT
Name
Value
Action
RSI(14)
40.409
Sell
STOCH(9,6)
45.671
Neutral
STOCHRSI(14)
100.000
Overbought
MACD(12,26)
-0.003
Sell
ADX(14)
38.045
Sell
Williams %R
-53.126
Neutral
CCI(14)
-2.8460
Neutral
ATR(14)
0.0023
Less Volatility
Highs/Lows(14)
0.0000
Neutral
Ultimate Oscillator
51.172
Buy
ROC
-0.290
Sell
Bull/Bear Power(13)
-0.0013
Sell
Buy: 1
Sell: 5
Neutral: 4


Summary:Sell","Jun 17, 2021 11:35PM GMT"
usd_jpy,110.31 +0.10    +0.10%,19:35:40,2021-06-17 23:36:12.240835,"Prev. Close: 110.20
Bid/Ask: 110.28 / 110.33
Day's Range: 110.17 - 110.83",Neutral,"Summary:Neutral
Moving Averages:BuyBuy (7)Sell (5)
Technical Indicators:Strong SellBuy (1)Sell (8)","Name
S3
S2
S1
Pivot Points
R1
R2
R3
Classic
110.18
110.21
110.25
110.27
110.31
110.33
110.37
Fibonacci
110.21
110.23
110.25
110.27
110.29
110.31
110.33
Camarilla
110.26
110.26
110.27
110.27
110.28
110.29
110.29
Woodie's
110.18
110.21
110.25
110.27
110.31
110.33
110.37
DeMark's
-
-
110.26
110.28
110.32
-
-","Technical IndicatorsJun 17, 2021 11:35PM GMT
Name
Value
Action
RSI(14)
45.782
Neutral
STOCH(9,6)
28.316
Sell
STOCHRSI(14)
27.390
Sell
MACD(12,26)
-0.030
Sell
ADX(14)
27.893
Buy
Williams %R
-77.311
Sell
CCI(14)
-46.6290
Neutral
ATR(14)
0.1175
Less Volatility
Highs/Lows(14)
-0.0025
Sell
Ultimate Oscillator
46.669
Sell
ROC
-0.352
Sell
Bull/Bear Power(13)
-0.1340
Sell
Buy: 1
Sell: 8
Neutral: 2


Summary:Strong Sell","Jun 17, 2021 11:35PM GMT"
aud_usd,0.7555 +0.0004    +0.06%,19:35:40,2021-06-17 23:36:12.243922,"Prev. Close: 0.7550
Bid/Ask: 0.7554 / 0.7555
Day's Range: 0.7547 - 0.7560",Strong Sell,"Summary:Strong Sell
Moving Averages:SellBuy (3)Sell (9)
Technical Indicators:Strong SellBuy (0)Sell (8)","Name
S3
S2
S1
Pivot Points
R1
R2
R3
Classic
0.7545
0.7548
0.7554
0.7557
0.7563
0.7566
0.7572
Fibonacci
0.7548
0.7551
0.7554
0.7557
0.7560
0.7563
0.7566
Camarilla
0.7556
0.7557
0.7558
0.7557
0.7559
0.7560
0.7561
Woodie's
0.7545
0.7548
0.7554
0.7557
0.7563
0.7566
0.7572
DeMark's
-
-
0.7555
0.7557
0.7563
-
-","Technical IndicatorsJun 17, 2021 11:33PM GMT
Name
Value
Action
RSI(14)
32.705
Sell
STOCH(9,6)
31.919
Sell
STOCHRSI(14)
94.329
Overbought
MACD(12,26)
-0.002
Sell
ADX(14)
49.534
Sell
Williams %R
-71.795
Sell
CCI(14)
-44.1976
Neutral
ATR(14)
0.0015
Less Volatility
Highs/Lows(14)
0.0000
Neutral
Ultimate Oscillator
44.055
Sell
ROC
-0.527
Sell
Bull/Bear Power(13)
-0.0006
Sell
Buy: 0
Sell: 8
Neutral: 2


Summary:Strong Sell","Jun 17, 2021 11:33PM GMT"
eur_gbp,0.8548 -0.0003    -0.04%,19:35:42,2021-06-17 23:36:12.246954,"Prev. Close: 0.8551
Bid/Ask: 0.8546 / 0.8549
Day's Range: 0.8547 - 0.8557",Strong Sell,"Summary:Strong Sell
Moving Averages:Strong SellBuy (0)Sell (12)
Technical Indicators:Strong SellBuy (0)Sell (8)","Name
S3
S2
S1
Pivot Points
R1
R2
R3
Classic
0.8540
0.8544
0.8546
0.8550
0.8553
0.8556
0.8559
Fibonacci
0.8544
0.8546
0.8548
0.8550
0.8552
0.8554
0.8556
Camarilla
0.8548
0.8548
0.8549
0.8550
0.8550
0.8551
0.8551
Woodie's
0.8540
0.8544
0.8546
0.8550
0.8553
0.8556
0.8559
DeMark's
-
-
0.8545
0.8549
0.8552
-
-","Technical IndicatorsJun 17, 2021 11:35PM GMT
Name
Value
Action
RSI(14)
34.638
Sell
STOCH(9,6)
26.023
Sell
STOCHRSI(14)
11.456
Oversold
MACD(12,26)
-0.001
Sell
ADX(14)
29.893
Neutral
Williams %R
-88.889
Oversold
CCI(14)
-146.4965
Sell
ATR(14)
0.0010
Less Volatility
Highs/Lows(14)
-0.0003
Sell
Ultimate Oscillator
47.231
Sell
ROC
-0.053
Sell
Bull/Bear Power(13)
-0.0023
Sell
Buy: 0
Sell: 8
Neutral: 1


Summary:Strong Sell","Jun 17, 2021 11:35PM GMT"
usd_cad,1.2349 -0.0013    -0.10%,19:35:42,2021-06-17 23:36:12.249934,"Prev. Close: 1.2361
Bid/Ask: 1.2348 / 1.2349
Day's Range: 1.2340 - 1.2368",Strong Buy,"Summary:Strong Buy
Moving Averages:BuyBuy (9)Sell (3)
Technical Indicators:Strong BuyBuy (8)Sell (0)","Name
S3
S2
S1
Pivot Points
R1
R2
R3
Classic
1.2323
1.2333
1.2339
1.2348
1.2354
1.2363
1.2369
Fibonacci
1.2333
1.2338
1.2342
1.2348
1.2354
1.2358
1.2363
Camarilla
1.2341
1.2342
1.2344
1.2348
1.2346
1.2348
1.2349
Woodie's
1.2321
1.2332
1.2337
1.2347
1.2352
1.2362
1.2367
DeMark's
-
-
1.2336
1.2347
1.2351
-
-","Technical IndicatorsJun 17, 2021 11:35PM GMT
Name
Value
Action
RSI(14)
64.699
Buy
STOCH(9,6)
67.715
Buy
STOCHRSI(14)
4.761
Oversold
MACD(12,26)
0.003
Buy
ADX(14)
43.274
Buy
Williams %R
-36.364
Buy
CCI(14)
20.7172
Neutral
ATR(14)
0.0023
Less Volatility
Highs/Lows(14)
0.0000
Neutral
Ultimate Oscillator
66.540
Buy
ROC
0.215
Buy
Bull/Bear Power(13)
0.0008
Buy
Buy: 8
Sell: 0
Neutral: 2


Summary:Strong Buy","Jun 17, 2021 11:35PM GMT"
usd_chf,0.9179 +0.0006    +0.07%,19:35:40,2021-06-17 23:36:12.252942,"Prev. Close: 0.9173
Bid/Ask: 0.9177 / 0.9181
Day's Range: 0.9169 - 0.9183",Strong Buy,"Summary:Strong Buy
Moving Averages:BuyBuy (12)Sell (0)
Technical Indicators:Strong BuyBuy (8)Sell (0)","Name
S3
S2
S1
Pivot Points
R1
R2
R3
Classic
0.9170
0.9172
0.9174
0.9176
0.9178
0.9180
0.9182
Fibonacci
0.9172
0.9174
0.9174
0.9176
0.9178
0.9178
0.9180
Camarilla
0.9174
0.9174
0.9175
0.9176
0.9175
0.9176
0.9176
Woodie's
0.9170
0.9172
0.9174
0.9176
0.9178
0.9180
0.9182
DeMark's
-
-
0.9172
0.9175
0.9176
-
-","Technical IndicatorsJun 17, 2021 11:35PM GMT
Name
Value
Action
RSI(14)
75.380
Overbought
STOCH(9,6)
75.976
Buy
STOCHRSI(14)
9.318
Oversold
MACD(12,26)
0.003
Buy
ADX(14)
40.248
Buy
Williams %R
-15.741
Overbought
CCI(14)
78.8719
Buy
ATR(14)
0.0013
Less Volatility
Highs/Lows(14)
0.0007
Buy
Ultimate Oscillator
53.977
Buy
ROC
0.372
Buy
Bull/Bear Power(13)
0.0035
Buy
Buy: 8
Sell: 0
Neutral: 0


Summary:Strong Buy","Jun 17, 2021 11:35PM GMT"
nzd_chf,0.6439 +0.0019    +0.30%,19:35:36,2021-06-17 23:36:12.255939,"Prev. Close: 0.6419
Bid/Ask: 0.6436 / 0.6441
Day's Range: 0.6421 - 0.6441",Strong Buy,"Summary:Strong Buy
Moving Averages:BuyBuy (12)Sell (0)
Technical Indicators:Strong BuyBuy (6)Sell (3)","Name
S3
S2
S1
Pivot Points
R1
R2
R3
Classic
0.6417
0.6422
0.6429
0.6434
0.6441
0.6446
0.6454
Fibonacci
0.6422
0.6426
0.6429
0.6434
0.6439
0.6442
0.6446
Camarilla
0.6434
0.6435
0.6436
0.6434
0.6439
0.6440
0.6441
Woodie's
0.6419
0.6423
0.6431
0.6435
0.6443
0.6447
0.6456
DeMark's
-
-
0.6432
0.6435
0.6444
-
-","Technical IndicatorsJun 17, 2021 11:35PM GMT
Name
Value
Action
RSI(14)
58.276
Buy
STOCH(9,6)
64.163
Buy
STOCHRSI(14)
97.737
Overbought
MACD(12,26)
0.000
Buy
ADX(14)
27.255
Sell
Williams %R
-18.421
Overbought
CCI(14)
170.9363
Buy
ATR(14)
0.0012
Less Volatility
Highs/Lows(14)
0.0006
Buy
Ultimate Oscillator
43.530
Sell
ROC
-0.054
Sell
Bull/Bear Power(13)
0.0015
Buy
Buy: 6
Sell: 3
Neutral: 0


Summary:Strong Buy","Jun 17, 2021 11:35PM GMT"
usd_cny,6.4484 +0.0515    +0.80%,11:27:22,2021-06-17 23:36:12.258965,"Prev. Close: 6.3969
Bid/Ask: 6.4477 / 6.4490
Day's Range: 6.3972 - 6.4494",Strong Buy,"Summary:Strong Buy
Moving Averages:BuyBuy (12)Sell (0)
Technical Indicators:Strong BuyBuy (7)Sell (0)","Name
S3
S2
S1
Pivot Points
R1
R2
R3
Classic
6.4380
6.4399
6.4436
6.4455
6.4492
6.4511
6.4548
Fibonacci
6.4399
6.4420
6.4434
6.4455
6.4476
6.4490
6.4511
Camarilla
6.4458
6.4463
6.4468
6.4455
6.4479
6.4484
6.4489
Woodie's
6.4390
6.4404
6.4446
6.4460
6.4502
6.4516
6.4558
DeMark's
-
-
6.4446
6.4460
6.4502
-
-","Technical IndicatorsJun 17, 2021 03:34PM GMT
Name
Value
Action
RSI(14)
85.433
Overbought
STOCH(9,6)
77.649
Buy
STOCHRSI(14)
100.000
Overbought
MACD(12,26)
0.011
Buy
ADX(14)
61.337
Buy
Williams %R
-3.426
Overbought
CCI(14)
151.8010
Buy
ATR(14)
0.0041
Less Volatility
Highs/Lows(14)
0.0141
Buy
Ultimate Oscillator
82.973
Overbought
ROC
0.391
Buy
Bull/Bear Power(13)
0.0286
Buy
Buy: 7
Sell: 0
Neutral: 0


Summary:Strong Buy","Jun 17, 2021 03:34PM GMT"
usd_hkd,7.7647 +0.0003    +0.00%,19:35:38,2021-06-17 23:36:12.261972,"Prev. Close: 7.7644
Bid/Ask: 7.7645 / 7.7648
Day's Range: 7.7641 - 7.7652",Buy,"Summary:Buy
Moving Averages:BuyBuy (8)Sell (4)
Technical Indicators:BUYBuy (4)Sell (2)","Name
S3
S2
S1
Pivot Points
R1
R2
R3
Classic
7.7629
7.7635
7.7640
7.7646
7.7651
7.7657
7.7663
Fibonacci
7.7635
7.7639
7.7642
7.7646
7.7650
7.7653
7.7657
Camarilla
7.7643
7.7644
7.7645
7.7646
7.7648
7.7649
7.7650
Woodie's
7.7629
7.7635
7.7640
7.7646
7.7651
7.7657
7.7663
DeMark's
-
-
7.7638
7.7645
7.7649
-
-","Technical IndicatorsJun 17, 2021 11:35PM GMT
Name
Value
Action
RSI(14)
53.517
Neutral
STOCH(9,6)
61.723
Buy
STOCHRSI(14)
22.138
Oversold
MACD(12,26)
0.000
Buy
ADX(14)
25.688
Neutral
Williams %R
-55.257
Sell
CCI(14)
-25.7296
Neutral
ATR(14)
0.0008
Less Volatility
Highs/Lows(14)
0.0000
Neutral
Ultimate Oscillator
58.209
Buy
ROC
-0.006
Sell
Bull/Bear Power(13)
0.0009
Buy
Buy: 4
Sell: 2
Neutral: 4


Summary:BUY","Jun 17, 2021 11:35PM GMT"
eur_usd,1.1910 +0.0003    +0.03%,19:36:28,2021-06-17 23:37:09.794182,"Prev. Close: 1.1906
Bid/Ask: 1.1909 / 1.1910
Day's Range: 1.1906 - 1.1914",Strong Sell,"Summary:Strong Sell
Moving Averages:SellBuy (2)Sell (10)
Technical Indicators:Strong SellBuy (0)Sell (10)","Name
S3
S2
S1
Pivot Points
R1
R2
R3
Classic
1.1900
1.1903
1.1907
1.1910
1.1914
1.1917
1.1921
Fibonacci
1.1903
1.1906
1.1907
1.1910
1.1913
1.1914
1.1917
Camarilla
1.1910
1.1910
1.1911
1.1910
1.1912
1.1913
1.1913
Woodie's
1.1902
1.1904
1.1909
1.1911
1.1916
1.1918
1.1923
DeMark's
-
-
1.1909
1.1911
1.1916
-
-","Technical IndicatorsJun 17, 2021 11:35PM GMT
Name
Value
Action
RSI(14)
30.183
Sell
STOCH(9,6)
28.581
Sell
STOCHRSI(14)
96.714
Overbought
MACD(12,26)
-0.003
Sell
ADX(14)
35.992
Sell
Williams %R
-71.311
Sell
CCI(14)
-56.0038
Sell
ATR(14)
0.0016
Less Volatility
Highs/Lows(14)
-0.0002
Sell
Ultimate Oscillator
42.627
Sell
ROC
-0.339
Sell
Bull/Bear Power(13)
-0.0017
Sell
Buy: 0
Sell: 10
Neutral: 0


Summary:Strong Sell","Jun 17, 2021 11:35PM GMT"
gbp_usd,1.3933 +0.0014    +0.10%,19:36:34,2021-06-17 23:37:09.798418,"Prev. Close: 1.3919
Bid/Ask: 1.3932 / 1.3934
Day's Range: 1.3915 - 1.3935",Sell,"Summary:Sell
Moving Averages:SellBuy (4)Sell (8)
Technical Indicators:SellBuy (1)Sell (5)","Name
S3
S2
S1
Pivot Points
R1
R2
R3
Classic
1.3914
1.3918
1.3925
1.3930
1.3937
1.3942
1.3949
Fibonacci
1.3918
1.3923
1.3926
1.3930
1.3934
1.3937
1.3942
Camarilla
1.3929
1.3930
1.3931
1.3930
1.3934
1.3935
1.3936
Woodie's
1.3916
1.3919
1.3927
1.3931
1.3939
1.3943
1.3951
DeMark's
-
-
1.3928
1.3931
1.3939
-
-","Technical IndicatorsJun 17, 2021 11:35PM GMT
Name
Value
Action
RSI(14)
40.409
Sell
STOCH(9,6)
45.671
Neutral
STOCHRSI(14)
100.000
Overbought
MACD(12,26)
-0.003
Sell
ADX(14)
38.045
Sell
Williams %R
-53.126
Neutral
CCI(14)
-2.8460
Neutral
ATR(14)
0.0023
Less Volatility
Highs/Lows(14)
0.0000
Neutral
Ultimate Oscillator
51.172
Buy
ROC
-0.290
Sell
Bull/Bear Power(13)
-0.0013
Sell
Buy: 1
Sell: 5
Neutral: 4


Summary:Sell","Jun 17, 2021 11:35PM GMT"
usd_jpy,110.31 +0.10    +0.10%,19:36:35,2021-06-17 23:37:09.801706,"Prev. Close: 110.20
Bid/Ask: 110.28 / 110.33
Day's Range: 110.17 - 110.83",Neutral,"Summary:Neutral
Moving Averages:BuyBuy (7)Sell (5)
Technical Indicators:Strong SellBuy (1)Sell (8)","Name
S3
S2
S1
Pivot Points
R1
R2
R3
Classic
110.18
110.21
110.25
110.27
110.31
110.33
110.37
Fibonacci
110.21
110.23
110.25
110.27
110.29
110.31
110.33
Camarilla
110.26
110.26
110.27
110.27
110.28
110.29
110.29
Woodie's
110.18
110.21
110.25
110.27
110.31
110.33
110.37
DeMark's
-
-
110.26
110.28
110.32
-
-","Technical IndicatorsJun 17, 2021 11:35PM GMT
Name
Value
Action
RSI(14)
45.782
Neutral
STOCH(9,6)
28.316
Sell
STOCHRSI(14)
27.390
Sell
MACD(12,26)
-0.030
Sell
ADX(14)
27.893
Buy
Williams %R
-77.311
Sell
CCI(14)
-46.6290
Neutral
ATR(14)
0.1175
Less Volatility
Highs/Lows(14)
-0.0025
Sell
Ultimate Oscillator
46.669
Sell
ROC
-0.352
Sell
Bull/Bear Power(13)
-0.1340
Sell
Buy: 1
Sell: 8
Neutral: 2


Summary:Strong Sell","Jun 17, 2021 11:35PM GMT"
aud_usd,0.7555 +0.0004    +0.06%,19:36:22,2021-06-17 23:37:09.804817,"Prev. Close: 0.7550
Bid/Ask: 0.7554 / 0.7555
Day's Range: 0.7547 - 0.7560",Strong Sell,"Summary:Strong Sell
Moving Averages:SellBuy (3)Sell (9)
Technical Indicators:Strong SellBuy (0)Sell (8)","Name
S3
S2
S1
Pivot Points
R1
R2
R3
Classic
0.7545
0.7548
0.7554
0.7557
0.7563
0.7566
0.7572
Fibonacci
0.7548
0.7551
0.7554
0.7557
0.7560
0.7563
0.7566
Camarilla
0.7556
0.7557
0.7558
0.7557
0.7559
0.7560
0.7561
Woodie's
0.7545
0.7548
0.7554
0.7557
0.7563
0.7566
0.7572
DeMark's
-
-
0.7555
0.7557
0.7563
-
-","Technical IndicatorsJun 17, 2021 11:35PM GMT
Name
Value
Action
RSI(14)
32.201
Sell
STOCH(9,6)
31.126
Sell
STOCHRSI(14)
91.066
Overbought
MACD(12,26)
-0.002
Sell
ADX(14)
49.534
Sell
Williams %R
-74.359
Sell
CCI(14)
-49.9167
Neutral
ATR(14)
0.0015
Less Volatility
Highs/Lows(14)
0.0000
Neutral
Ultimate Oscillator
43.018
Sell
ROC
-0.546
Sell
Bull/Bear Power(13)
-0.0007
Sell
Buy: 0
Sell: 8
Neutral: 2


Summary:Strong Sell","Jun 17, 2021 11:35PM GMT"
eur_gbp,0.8547 -0.0004    -0.05%,19:36:52,2021-06-17 23:37:09.807826,"Prev. Close: 0.8551
Bid/Ask: 0.8545 / 0.8549
Day's Range: 0.8547 - 0.8557",Strong Sell,"Summary:Strong Sell
Moving Averages:Strong SellBuy (0)Sell (12)
Technical Indicators:Strong SellBuy (0)Sell (8)","Name
S3
S2
S1
Pivot Points
R1
R2
R3
Classic
0.8540
0.8544
0.8546
0.8550
0.8553
0.8556
0.8559
Fibonacci
0.8544
0.8546
0.8548
0.8550
0.8552
0.8554
0.8556
Camarilla
0.8548
0.8548
0.8549
0.8550
0.8550
0.8551
0.8551
Woodie's
0.8540
0.8544
0.8546
0.8550
0.8553
0.8556
0.8559
DeMark's
-
-
0.8545
0.8549
0.8552
-
-","Technical IndicatorsJun 17, 2021 11:35PM GMT
Name
Value
Action
RSI(14)
34.638
Sell
STOCH(9,6)
26.023
Sell
STOCHRSI(14)
11.456
Oversold
MACD(12,26)
-0.001
Sell
ADX(14)
29.893
Neutral
Williams %R
-88.889
Oversold
CCI(14)
-146.4965
Sell
ATR(14)
0.0010
Less Volatility
Highs/Lows(14)
-0.0003
Sell
Ultimate Oscillator
47.231
Sell
ROC
-0.053
Sell
Bull/Bear Power(13)
-0.0023
Sell
Buy: 0
Sell: 8
Neutral: 1


Summary:Strong Sell","Jun 17, 2021 11:35PM GMT"
usd_cad,1.2348 -0.0013    -0.11%,19:36:50,2021-06-17 23:37:09.810839,"Prev. Close: 1.2361
Bid/Ask: 1.2346 / 1.2350
Day's Range: 1.2340 - 1.2368",Strong Buy,"Summary:Strong Buy
Moving Averages:BuyBuy (9)Sell (3)
Technical Indicators:Strong BuyBuy (8)Sell (0)","Name
S3
S2
S1
Pivot Points
R1
R2
R3
Classic
1.2323
1.2333
1.2339
1.2348
1.2354
1.2363
1.2369
Fibonacci
1.2333
1.2338
1.2342
1.2348
1.2354
1.2358
1.2363
Camarilla
1.2341
1.2342
1.2344
1.2348
1.2346
1.2348
1.2349
Woodie's
1.2321
1.2332
1.2337
1.2347
1.2352
1.2362
1.2367
DeMark's
-
-
1.2336
1.2347
1.2351
-
-","Technical IndicatorsJun 17, 2021 11:35PM GMT
Name
Value
Action
RSI(14)
64.699
Buy
STOCH(9,6)
67.715
Buy
STOCHRSI(14)
4.761
Oversold
MACD(12,26)
0.003
Buy
ADX(14)
43.274
Buy
Williams %R
-36.364
Buy
CCI(14)
20.7172
Neutral
ATR(14)
0.0023
Less Volatility
Highs/Lows(14)
0.0000
Neutral
Ultimate Oscillator
66.540
Buy
ROC
0.215
Buy
Bull/Bear Power(13)
0.0008
Buy
Buy: 8
Sell: 0
Neutral: 2


Summary:Strong Buy","Jun 17, 2021 11:35PM GMT"
usd_chf,0.9180 +0.0006    +0.07%,19:36:28,2021-06-17 23:37:09.813814,"Prev. Close: 0.9173
Bid/Ask: 0.9179 / 0.9180
Day's Range: 0.9169 - 0.9183",Strong Buy,"Summary:Strong Buy
Moving Averages:BuyBuy (12)Sell (0)
Technical Indicators:Strong BuyBuy (8)Sell (0)","Name
S3
S2
S1
Pivot Points
R1
R2
R3
Classic
0.9170
0.9172
0.9174
0.9176
0.9178
0.9180
0.9182
Fibonacci
0.9172
0.9174
0.9174
0.9176
0.9178
0.9178
0.9180
Camarilla
0.9174
0.9174
0.9175
0.9176
0.9175
0.9176
0.9176
Woodie's
0.9170
0.9172
0.9174
0.9176
0.9178
0.9180
0.9182
DeMark's
-
-
0.9172
0.9175
0.9176
-
-","Technical IndicatorsJun 17, 2021 11:35PM GMT
Name
Value
Action
RSI(14)
75.380
Overbought
STOCH(9,6)
75.976
Buy
STOCHRSI(14)
9.318
Oversold
MACD(12,26)
0.003
Buy
ADX(14)
40.248
Buy
Williams %R
-15.741
Overbought
CCI(14)
78.8719
Buy
ATR(14)
0.0013
Less Volatility
Highs/Lows(14)
0.0007
Buy
Ultimate Oscillator
53.977
Buy
ROC
0.372
Buy
Bull/Bear Power(13)
0.0035
Buy
Buy: 8
Sell: 0
Neutral: 0


Summary:Strong Buy","Jun 17, 2021 11:35PM GMT"
nzd_chf,0.6438 +0.0019    +0.30%,19:36:51,2021-06-17 23:37:09.816799,"Prev. Close: 0.6419
Bid/Ask: 0.6437 / 0.6439
Day's Range: 0.6421 - 0.6441",Strong Buy,"Summary:Strong Buy
Moving Averages:BuyBuy (12)Sell (0)
Technical Indicators:Strong BuyBuy (6)Sell (3)","Name
S3
S2
S1
Pivot Points
R1
R2
R3
Classic
0.6417
0.6422
0.6429
0.6434
0.6441
0.6446
0.6454
Fibonacci
0.6422
0.6426
0.6429
0.6434
0.6439
0.6442
0.6446
Camarilla
0.6434
0.6435
0.6436
0.6434
0.6439
0.6440
0.6441
Woodie's
0.6419
0.6423
0.6431
0.6435
0.6443
0.6447
0.6456
DeMark's
-
-
0.6432
0.6435
0.6444
-
-","Technical IndicatorsJun 17, 2021 11:35PM GMT
Name
Value
Action
RSI(14)
58.276
Buy
STOCH(9,6)
64.163
Buy
STOCHRSI(14)
97.737
Overbought
MACD(12,26)
0.000
Buy
ADX(14)
27.255
Sell
Williams %R
-18.421
Overbought
CCI(14)
170.9363
Buy
ATR(14)
0.0012
Less Volatility
Highs/Lows(14)
0.0006
Buy
Ultimate Oscillator
43.530
Sell
ROC
-0.054
Sell
Bull/Bear Power(13)
0.0015
Buy
Buy: 6
Sell: 3
Neutral: 0


Summary:Strong Buy","Jun 17, 2021 11:35PM GMT"
usd_cny,6.4484 +0.0515    +0.80%,11:27:22,2021-06-17 23:37:09.819791,"Prev. Close: 6.3969
Bid/Ask: 6.4477 / 6.4490
Day's Range: 6.3972 - 6.4494",Strong Buy,"Summary:Strong Buy
Moving Averages:BuyBuy (12)Sell (0)
Technical Indicators:Strong BuyBuy (7)Sell (0)","Name
S3
S2
S1
Pivot Points
R1
R2
R3
Classic
6.4380
6.4399
6.4436
6.4455
6.4492
6.4511
6.4548
Fibonacci
6.4399
6.4420
6.4434
6.4455
6.4476
6.4490
6.4511
Camarilla
6.4458
6.4463
6.4468
6.4455
6.4479
6.4484
6.4489
Woodie's
6.4390
6.4404
6.4446
6.4460
6.4502
6.4516
6.4558
DeMark's
-
-
6.4446
6.4460
6.4502
-
-","Technical IndicatorsJun 17, 2021 03:34PM GMT
Name
Value
Action
RSI(14)
85.433
Overbought
STOCH(9,6)
77.649
Buy
STOCHRSI(14)
100.000
Overbought
MACD(12,26)
0.011
Buy
ADX(14)
61.337
Buy
Williams %R
-3.426
Overbought
CCI(14)
151.8010
Buy
ATR(14)
0.0041
Less Volatility
Highs/Lows(14)
0.0141
Buy
Ultimate Oscillator
82.973
Overbought
ROC
0.391
Buy
Bull/Bear Power(13)
0.0286
Buy
Buy: 7
Sell: 0
Neutral: 0


Summary:Strong Buy","Jun 17, 2021 03:34PM GMT"
usd_hkd,7.7645 0.0001    0.00%,19:36:43,2021-06-17 23:37:09.822784,"Prev. Close: 7.7644
Bid/Ask: 7.7643 / 7.7646
Day's Range: 7.7641 - 7.7652",Buy,"Summary:Buy
Moving Averages:BuyBuy (8)Sell (4)
Technical Indicators:BUYBuy (4)Sell (2)","Name
S3
S2
S1
Pivot Points
R1
R2
R3
Classic
7.7629
7.7635
7.7640
7.7646
7.7651
7.7657
7.7663
Fibonacci
7.7635
7.7639
7.7642
7.7646
7.7650
7.7653
7.7657
Camarilla
7.7643
7.7644
7.7645
7.7646
7.7648
7.7649
7.7650
Woodie's
7.7629
7.7635
7.7640
7.7646
7.7651
7.7657
7.7663
DeMark's
-
-
7.7638
7.7645
7.7649
-
-","Technical IndicatorsJun 17, 2021 11:35PM GMT
Name
Value
Action
RSI(14)
53.517
Neutral
STOCH(9,6)
61.723
Buy
STOCHRSI(14)
22.138
Oversold
MACD(12,26)
0.000
Buy
ADX(14)
25.688
Neutral
Williams %R
-55.257
Sell
CCI(14)
-25.7296
Neutral
ATR(14)
0.0008
Less Volatility
Highs/Lows(14)
0.0000
Neutral
Ultimate Oscillator
58.209
Buy
ROC
-0.006
Sell
Bull/Bear Power(13)
0.0009
Buy
Buy: 4
Sell: 2
Neutral: 4


Summary:BUY","Jun 17, 2021 11:35PM GMT"
eur_usd,1.1910 +0.0004    +0.03%,19:37:39,2021-06-17 23:38:10.189298,"Prev. Close: 1.1906
Bid/Ask: 1.1908 / 1.1912
Day's Range: 1.1906 - 1.1914",Strong Sell,"Summary:Strong Sell
Moving Averages:SellBuy (2)Sell (10)
Technical Indicators:Strong SellBuy (0)Sell (10)","Name
S3
S2
S1
Pivot Points
R1
R2
R3
Classic
1.1900
1.1903
1.1907
1.1910
1.1914
1.1917
1.1921
Fibonacci
1.1903
1.1906
1.1907
1.1910
1.1913
1.1914
1.1917
Camarilla
1.1910
1.1910
1.1911
1.1910
1.1912
1.1913
1.1913
Woodie's
1.1902
1.1904
1.1909
1.1911
1.1916
1.1918
1.1923
DeMark's
-
-
1.1909
1.1911
1.1916
-
-","Technical IndicatorsJun 17, 2021 11:37PM GMT
Name
Value
Action
RSI(14)
30.183
Sell
STOCH(9,6)
28.581
Sell
STOCHRSI(14)
96.714
Overbought
MACD(12,26)
-0.003
Sell
ADX(14)
35.992
Sell
Williams %R
-71.311
Sell
CCI(14)
-56.0038
Sell
ATR(14)
0.0016
Less Volatility
Highs/Lows(14)
-0.0002
Sell
Ultimate Oscillator
42.627
Sell
ROC
-0.339
Sell
Bull/Bear Power(13)
-0.0017
Sell
Buy: 0
Sell: 10
Neutral: 0


Summary:Strong Sell","Jun 17, 2021 11:37PM GMT"
gbp_usd,1.3934 +0.0014    +0.10%,19:37:36,2021-06-17 23:38:10.193535,"Prev. Close: 1.3919
Bid/Ask: 1.3933 / 1.3934
Day's Range: 1.3915 - 1.3935",Sell,"Summary:Sell
Moving Averages:SellBuy (4)Sell (8)
Technical Indicators:SellBuy (1)Sell (4)","Name
S3
S2
S1
Pivot Points
R1
R2
R3
Classic
1.3914
1.3918
1.3925
1.3930
1.3937
1.3942
1.3949
Fibonacci
1.3918
1.3923
1.3926
1.3930
1.3934
1.3937
1.3942
Camarilla
1.3929
1.3930
1.3931
1.3930
1.3934
1.3935
1.3936
Woodie's
1.3916
1.3919
1.3927
1.3931
1.3939
1.3943
1.3951
DeMark's
-
-
1.3928
1.3931
1.3939
-
-","Technical IndicatorsJun 17, 2021 11:37PM GMT
Name
Value
Action
RSI(14)
40.219
Sell
STOCH(9,6)
45.526
Neutral
STOCHRSI(14)
100.000
Overbought
MACD(12,26)
-0.003
Sell
ADX(14)
38.045
Sell
Williams %R
-53.750
Neutral
CCI(14)
-3.8126
Neutral
ATR(14)
0.0023
Less Volatility
Highs/Lows(14)
0.0000
Neutral
Ultimate Oscillator
50.812
Neutral
ROC
-0.293
Sell
Bull/Bear Power(13)
0.0007
Buy
Buy: 1
Sell: 4
Neutral: 5


Summary:Sell","Jun 17, 2021 11:37PM GMT"
usd_jpy,110.31 +0.10    +0.10%,19:37:41,2021-06-17 23:38:10.196791,"Prev. Close: 110.20
Bid/Ask: 110.30 / 110.31
Day's Range: 110.17 - 110.83",Neutral,"Summary:Neutral
Moving Averages:BuyBuy (7)Sell (5)
Technical Indicators:Strong SellBuy (1)Sell (8)","Name
S3
S2
S1
Pivot Points
R1
R2
R3
Classic
110.18
110.21
110.25
110.27
110.31
110.33
110.37
Fibonacci
110.21
110.23
110.25
110.27
110.29
110.31
110.33
Camarilla
110.26
110.26
110.27
110.27
110.28
110.29
110.29
Woodie's
110.18
110.21
110.25
110.27
110.31
110.33
110.37
DeMark's
-
-
110.26
110.28
110.32
-
-","Technical IndicatorsJun 17, 2021 11:37PM GMT
Name
Value
Action
RSI(14)
45.450
Neutral
STOCH(9,6)
27.889
Sell
STOCHRSI(14)
26.180
Sell
MACD(12,26)
-0.030
Sell
ADX(14)
28.268
Buy
Williams %R
-78.150
Sell
CCI(14)
-45.9269
Neutral
ATR(14)
0.1182
Less Volatility
Highs/Lows(14)
-0.0075
Sell
Ultimate Oscillator
45.396
Sell
ROC
-0.357
Sell
Bull/Bear Power(13)
-0.1220
Sell
Buy: 1
Sell: 8
Neutral: 2


Summary:Strong Sell","Jun 17, 2021 11:37PM GMT"
aud_usd,0.7555 +0.0004    +0.06%,19:37:42,2021-06-17 23:38:10.199875,"Prev. Close: 0.7550
Bid/Ask: 0.7554 / 0.7555
Day's Range: 0.7547 - 0.7560",Strong Sell,"Summary:Strong Sell
Moving Averages:SellBuy (3)Sell (9)
Technical Indicators:Strong SellBuy (0)Sell (8)","Name
S3
S2
S1
Pivot Points
R1
R2
R3
Classic
0.7545
0.7548
0.7554
0.7557
0.7563
0.7566
0.7572
Fibonacci
0.7548
0.7551
0.7554
0.7557
0.7560
0.7563
0.7566
Camarilla
0.7556
0.7557
0.7558
0.7557
0.7559
0.7560
0.7561
Woodie's
0.7545
0.7548
0.7554
0.7557
0.7563
0.7566
0.7572
DeMark's
-
-
0.7555
0.7557
0.7563
-
-","Technical IndicatorsJun 17, 2021 11:37PM GMT
Name
Value
Action
RSI(14)
32.367
Sell
STOCH(9,6)
31.390
Sell
STOCHRSI(14)
92.141
Overbought
MACD(12,26)
-0.002
Sell
ADX(14)
49.534
Sell
Williams %R
-73.504
Sell
CCI(14)
-49.9167
Neutral
ATR(14)
0.0015
Less Volatility
Highs/Lows(14)
0.0000
Neutral
Ultimate Oscillator
43.802
Sell
ROC
-0.540
Sell
Bull/Bear Power(13)
-0.0007
Sell
Buy: 0
Sell: 8
Neutral: 2


Summary:Strong Sell","Jun 17, 2021 11:37PM GMT"
eur_gbp,0.8548 -0.0003    -0.04%,19:37:39,2021-06-17 23:38:10.202913,"Prev. Close: 0.8551
Bid/Ask: 0.8547 / 0.8548
Day's Range: 0.8547 - 0.8557",Strong Sell,"Summary:Strong Sell
Moving Averages:Strong SellBuy (0)Sell (12)
Technical Indicators:Strong SellBuy (0)Sell (8)","Name
S3
S2
S1
Pivot Points
R1
R2
R3
Classic
0.8540
0.8544
0.8546
0.8550
0.8553
0.8556
0.8559
Fibonacci
0.8544
0.8546
0.8548
0.8550
0.8552
0.8554
0.8556
Camarilla
0.8548
0.8548
0.8549
0.8550
0.8550
0.8551
0.8551
Woodie's
0.8540
0.8544
0.8546
0.8550
0.8553
0.8556
0.8559
DeMark's
-
-
0.8545
0.8549
0.8552
-
-","Technical IndicatorsJun 17, 2021 11:35PM GMT
Name
Value
Action
RSI(14)
34.638
Sell
STOCH(9,6)
26.023
Sell
STOCHRSI(14)
11.456
Oversold
MACD(12,26)
-0.001
Sell
ADX(14)
29.893
Neutral
Williams %R
-88.889
Oversold
CCI(14)
-146.4965
Sell
ATR(14)
0.0010
Less Volatility
Highs/Lows(14)
-0.0003
Sell
Ultimate Oscillator
47.231
Sell
ROC
-0.053
Sell
Bull/Bear Power(13)
-0.0023
Sell
Buy: 0
Sell: 8
Neutral: 1


Summary:Strong Sell","Jun 17, 2021 11:35PM GMT"
usd_cad,1.2348 -0.0013    -0.11%,19:37:42,2021-06-17 23:38:10.205920,"Prev. Close: 1.2361
Bid/Ask: 1.2346 / 1.2350
Day's Range: 1.2340 - 1.2368",Strong Buy,"Summary:Strong Buy
Moving Averages:BuyBuy (9)Sell (3)
Technical Indicators:Strong BuyBuy (8)Sell (0)","Name
S3
S2
S1
Pivot Points
R1
R2
R3
Classic
1.2323
1.2333
1.2339
1.2348
1.2354
1.2363
1.2369
Fibonacci
1.2333
1.2338
1.2342
1.2348
1.2354
1.2358
1.2363
Camarilla
1.2341
1.2342
1.2344
1.2348
1.2346
1.2348
1.2349
Woodie's
1.2321
1.2332
1.2337
1.2347
1.2352
1.2362
1.2367
DeMark's
-
-
1.2336
1.2347
1.2351
-
-","Technical IndicatorsJun 17, 2021 11:37PM GMT
Name
Value
Action
RSI(14)
64.699
Buy
STOCH(9,6)
67.715
Buy
STOCHRSI(14)
4.761
Oversold
MACD(12,26)
0.003
Buy
ADX(14)
43.361
Buy
Williams %R
-36.364
Buy
CCI(14)
21.6789
Neutral
ATR(14)
0.0023
Less Volatility
Highs/Lows(14)
0.0000
Neutral
Ultimate Oscillator
66.323
Buy
ROC
0.215
Buy
Bull/Bear Power(13)
0.0009
Buy
Buy: 8
Sell: 0
Neutral: 2


Summary:Strong Buy","Jun 17, 2021 11:37PM GMT"
usd_chf,0.9178 +0.0005    +0.05%,19:37:39,2021-06-17 23:38:10.208965,"Prev. Close: 0.9173
Bid/Ask: 0.9176 / 0.9180
Day's Range: 0.9169 - 0.9183",Strong Buy,"Summary:Strong Buy
Moving Averages:BuyBuy (12)Sell (0)
Technical Indicators:Strong BuyBuy (8)Sell (0)","Name
S3
S2
S1
Pivot Points
R1
R2
R3
Classic
0.9170
0.9172
0.9174
0.9176
0.9178
0.9180
0.9182
Fibonacci
0.9172
0.9174
0.9174
0.9176
0.9178
0.9178
0.9180
Camarilla
0.9174
0.9174
0.9175
0.9176
0.9175
0.9176
0.9176
Woodie's
0.9170
0.9172
0.9174
0.9176
0.9178
0.9180
0.9182
DeMark's
-
-
0.9172
0.9175
0.9176
-
-","Technical IndicatorsJun 17, 2021 11:35PM GMT
Name
Value
Action
RSI(14)
75.380
Overbought
STOCH(9,6)
75.976
Buy
STOCHRSI(14)
9.318
Oversold
MACD(12,26)
0.003
Buy
ADX(14)
40.248
Buy
Williams %R
-15.741
Overbought
CCI(14)
78.8719
Buy
ATR(14)
0.0013
Less Volatility
Highs/Lows(14)
0.0007
Buy
Ultimate Oscillator
53.977
Buy
ROC
0.372
Buy
Bull/Bear Power(13)
0.0035
Buy
Buy: 8
Sell: 0
Neutral: 0


Summary:Strong Buy","Jun 17, 2021 11:35PM GMT"
nzd_chf,0.6437 +0.0018    +0.27%,19:37:39,2021-06-17 23:38:10.211980,"Prev. Close: 0.6419
Bid/Ask: 0.6433 / 0.6440
Day's Range: 0.6421 - 0.6441",Strong Buy,"Summary:Strong Buy
Moving Averages:BuyBuy (11)Sell (1)
Technical Indicators:Strong BuyBuy (6)Sell (3)","Name
S3
S2
S1
Pivot Points
R1
R2
R3
Classic
0.6417
0.6422
0.6429
0.6434
0.6441
0.6446
0.6454
Fibonacci
0.6422
0.6426
0.6429
0.6434
0.6439
0.6442
0.6446
Camarilla
0.6434
0.6435
0.6436
0.6434
0.6439
0.6440
0.6441
Woodie's
0.6419
0.6423
0.6431
0.6435
0.6443
0.6447
0.6456
DeMark's
-
-
0.6432
0.6435
0.6444
-
-","Technical IndicatorsJun 17, 2021 11:37PM GMT
Name
Value
Action
RSI(14)
57.840
Buy
STOCH(9,6)
63.836
Buy
STOCHRSI(14)
95.505
Overbought
MACD(12,26)
0.000
Buy
ADX(14)
27.255
Sell
Williams %R
-19.737
Overbought
CCI(14)
168.9320
Buy
ATR(14)
0.0012
Less Volatility
Highs/Lows(14)
0.0005
Buy
Ultimate Oscillator
42.975
Sell
ROC
-0.062
Sell
Bull/Bear Power(13)
0.0015
Buy
Buy: 6
Sell: 3
Neutral: 0


Summary:Strong Buy","Jun 17, 2021 11:37PM GMT"
usd_cny,6.4484 +0.0515    +0.80%,11:27:22,2021-06-17 23:38:10.214999,"Prev. Close: 6.3969
Bid/Ask: 6.4477 / 6.4490
Day's Range: 6.3972 - 6.4494",Strong Buy,"Summary:Strong Buy
Moving Averages:BuyBuy (12)Sell (0)
Technical Indicators:Strong BuyBuy (7)Sell (0)","Name
S3
S2
S1
Pivot Points
R1
R2
R3
Classic
6.4380
6.4399
6.4436
6.4455
6.4492
6.4511
6.4548
Fibonacci
6.4399
6.4420
6.4434
6.4455
6.4476
6.4490
6.4511
Camarilla
6.4458
6.4463
6.4468
6.4455
6.4479
6.4484
6.4489
Woodie's
6.4390
6.4404
6.4446
6.4460
6.4502
6.4516
6.4558
DeMark's
-
-
6.4446
6.4460
6.4502
-
-","Technical IndicatorsJun 17, 2021 03:34PM GMT
Name
Value
Action
RSI(14)
85.433
Overbought
STOCH(9,6)
77.649
Buy
STOCHRSI(14)
100.000
Overbought
MACD(12,26)
0.011
Buy
ADX(14)
61.337
Buy
Williams %R
-3.426
Overbought
CCI(14)
151.8010
Buy
ATR(14)
0.0041
Less Volatility
Highs/Lows(14)
0.0141
Buy
Ultimate Oscillator
82.973
Overbought
ROC
0.391
Buy
Bull/Bear Power(13)
0.0286
Buy
Buy: 7
Sell: 0
Neutral: 0


Summary:Strong Buy","Jun 17, 2021 03:34PM GMT"
usd_hkd,7.7646 +0.0002    +0.00%,19:37:38,2021-06-17 23:38:10.217984,"Prev. Close: 7.7644
Bid/Ask: 7.7645 / 7.7647
Day's Range: 7.7641 - 7.7652",Buy,"Summary:Buy
Moving Averages:BuyBuy (7)Sell (5)
Technical Indicators:BUYBuy (4)Sell (2)","Name
S3
S2
S1
Pivot Points
R1
R2
R3
Classic
7.7629
7.7635
7.7640
7.7646
7.7651
7.7657
7.7663
Fibonacci
7.7635
7.7639
7.7642
7.7646
7.7650
7.7653
7.7657
Camarilla
7.7643
7.7644
7.7645
7.7646
7.7648
7.7649
7.7650
Woodie's
7.7629
7.7635
7.7640
7.7646
7.7651
7.7657
7.7663
DeMark's
-
-
7.7638
7.7645
7.7649
-
-","Technical IndicatorsJun 17, 2021 11:37PM GMT
Name
Value
Action
RSI(14)
53.012
Neutral
STOCH(9,6)
61.167
Buy
STOCHRSI(14)
18.737
Oversold
MACD(12,26)
0.000
Buy
ADX(14)
25.688
Neutral
Williams %R
-57.892
Sell
CCI(14)
-29.9907
Neutral
ATR(14)
0.0008
Less Volatility
Highs/Lows(14)
0.0000
Neutral
Ultimate Oscillator
57.399
Buy
ROC
-0.006
Sell
Bull/Bear Power(13)
0.0009
Buy
Buy: 4
Sell: 2
Neutral: 4


Summary:BUY","Jun 17, 2021 11:37PM GMT"
eur_usd,1.1910 +0.0003    +0.03%,19:38:03,2021-06-17 23:39:10.217518,"Prev. Close: 1.1906
Bid/Ask: 1.1909 / 1.1910
Day's Range: 1.1906 - 1.1914",Strong Sell,"Summary:Strong Sell
Moving Averages:SellBuy (2)Sell (10)
Technical Indicators:Strong SellBuy (0)Sell (10)","Name
S3
S2
S1
Pivot Points
R1
R2
R3
Classic
1.1900
1.1903
1.1907
1.1910
1.1914
1.1917
1.1921
Fibonacci
1.1903
1.1906
1.1907
1.1910
1.1913
1.1914
1.1917
Camarilla
1.1910
1.1910
1.1911
1.1910
1.1912
1.1913
1.1913
Woodie's
1.1902
1.1904
1.1909
1.1911
1.1916
1.1918
1.1923
DeMark's
-
-
1.1909
1.1911
1.1916
-
-","Technical IndicatorsJun 17, 2021 11:37PM GMT
Name
Value
Action
RSI(14)
30.183
Sell
STOCH(9,6)
28.581
Sell
STOCHRSI(14)
96.714
Overbought
MACD(12,26)
-0.003
Sell
ADX(14)
35.992
Sell
Williams %R
-71.311
Sell
CCI(14)
-56.0038
Sell
ATR(14)
0.0016
Less Volatility
Highs/Lows(14)
-0.0002
Sell
Ultimate Oscillator
42.627
Sell
ROC
-0.339
Sell
Bull/Bear Power(13)
-0.0017
Sell
Buy: 0
Sell: 10
Neutral: 0


Summary:Strong Sell","Jun 17, 2021 11:37PM GMT"
gbp_usd,1.3936 +0.0016    +0.12%,19:38:52,2021-06-17 23:39:10.221817,"Prev. Close: 1.3919
Bid/Ask: 1.3935 / 1.3936
Day's Range: 1.3915 - 1.3936",Sell,"Summary:Sell
Moving Averages:SellBuy (4)Sell (8)
Technical Indicators:SellBuy (1)Sell (4)","Name
S3
S2
S1
Pivot Points
R1
R2
R3
Classic
1.3914
1.3918
1.3925
1.3930
1.3937
1.3942
1.3949
Fibonacci
1.3918
1.3923
1.3926
1.3930
1.3934
1.3937
1.3942
Camarilla
1.3929
1.3930
1.3931
1.3930
1.3934
1.3935
1.3936
Woodie's
1.3916
1.3919
1.3927
1.3931
1.3939
1.3943
1.3951
DeMark's
-
-
1.3928
1.3931
1.3939
-
-","Technical IndicatorsJun 17, 2021 11:37PM GMT
Name
Value
Action
RSI(14)
40.219
Sell
STOCH(9,6)
45.526
Neutral
STOCHRSI(14)
100.000
Overbought
MACD(12,26)
-0.003
Sell
ADX(14)
38.045
Sell
Williams %R
-53.750
Neutral
CCI(14)
-3.8126
Neutral
ATR(14)
0.0023
Less Volatility
Highs/Lows(14)
0.0000
Neutral
Ultimate Oscillator
50.812
Neutral
ROC
-0.293
Sell
Bull/Bear Power(13)
0.0007
Buy
Buy: 1
Sell: 4
Neutral: 5


Summary:Sell","Jun 17, 2021 11:37PM GMT"
usd_jpy,110.31 +0.10    +0.10%,19:38:37,2021-06-17 23:39:10.225210,"Prev. Close: 110.20
Bid/Ask: 110.29 / 110.32
Day's Range: 110.17 - 110.83",Neutral,"Summary:Neutral
Moving Averages:BuyBuy (7)Sell (5)
Technical Indicators:Strong SellBuy (1)Sell (8)","Name
S3
S2
S1
Pivot Points
R1
R2
R3
Classic
110.18
110.21
110.25
110.27
110.31
110.33
110.37
Fibonacci
110.21
110.23
110.25
110.27
110.29
110.31
110.33
Camarilla
110.26
110.26
110.27
110.27
110.28
110.29
110.29
Woodie's
110.18
110.21
110.25
110.27
110.31
110.33
110.37
DeMark's
-
-
110.26
110.28
110.32
-
-","Technical IndicatorsJun 17, 2021 11:37PM GMT
Name
Value
Action
RSI(14)
45.450
Neutral
STOCH(9,6)
27.889
Sell
STOCHRSI(14)
26.180
Sell
MACD(12,26)
-0.030
Sell
ADX(14)
28.268
Buy
Williams %R
-78.150
Sell
CCI(14)
-45.9269
Neutral
ATR(14)
0.1182
Less Volatility
Highs/Lows(14)
-0.0075
Sell
Ultimate Oscillator
45.396
Sell
ROC
-0.357
Sell
Bull/Bear Power(13)
-0.1220
Sell
Buy: 1
Sell: 8
Neutral: 2


Summary:Strong Sell","Jun 17, 2021 11:37PM GMT"
aud_usd,0.7555 +0.0005    +0.07%,19:38:21,2021-06-17 23:39:10.228368,"Prev. Close: 0.7550
Bid/Ask: 0.7554 / 0.7556
Day's Range: 0.7547 - 0.7560",Strong Sell,"Summary:Strong Sell
Moving Averages:SellBuy (3)Sell (9)
Technical Indicators:Strong SellBuy (0)Sell (8)","Name
S3
S2
S1
Pivot Points
R1
R2
R3
Classic
0.7545
0.7548
0.7554
0.7557
0.7563
0.7566
0.7572
Fibonacci
0.7548
0.7551
0.7554
0.7557
0.7560
0.7563
0.7566
Camarilla
0.7556
0.7557
0.7558
0.7557
0.7559
0.7560
0.7561
Woodie's
0.7545
0.7548
0.7554
0.7557
0.7563
0.7566
0.7572
DeMark's
-
-
0.7555
0.7557
0.7563
-
-","Technical IndicatorsJun 17, 2021 11:37PM GMT
Name
Value
Action
RSI(14)
32.367
Sell
STOCH(9,6)
31.390
Sell
STOCHRSI(14)
92.141
Overbought
MACD(12,26)
-0.002
Sell
ADX(14)
49.534
Sell
Williams %R
-73.504
Sell
CCI(14)
-49.9167
Neutral
ATR(14)
0.0015
Less Volatility
Highs/Lows(14)
0.0000
Neutral
Ultimate Oscillator
43.802
Sell
ROC
-0.540
Sell
Bull/Bear Power(13)
-0.0007
Sell
Buy: 0
Sell: 8
Neutral: 2


Summary:Strong Sell","Jun 17, 2021 11:37PM GMT"
eur_gbp,0.8547 -0.0004    -0.05%,19:38:55,2021-06-17 23:39:10.231466,"Prev. Close: 0.8551
Bid/Ask: 0.8545 / 0.8548
Day's Range: 0.8546 - 0.8557",Strong Sell,"Summary:Strong Sell
Moving Averages:Strong SellBuy (0)Sell (12)
Technical Indicators:Strong SellBuy (0)Sell (8)","Name
S3
S2
S1
Pivot Points
R1
R2
R3
Classic
0.8540
0.8544
0.8546
0.8550
0.8553
0.8556
0.8559
Fibonacci
0.8544
0.8546
0.8548
0.8550
0.8552
0.8554
0.8556
Camarilla
0.8548
0.8548
0.8549
0.8550
0.8550
0.8551
0.8551
Woodie's
0.8540
0.8544
0.8546
0.8550
0.8553
0.8556
0.8559
DeMark's
-
-
0.8545
0.8549
0.8552
-
-","Technical IndicatorsJun 17, 2021 11:37PM GMT
Name
Value
Action
RSI(14)
34.638
Sell
STOCH(9,6)
26.023
Sell
STOCHRSI(14)
11.456
Oversold
MACD(12,26)
-0.001
Sell
ADX(14)
29.893
Neutral
Williams %R
-88.889
Oversold
CCI(14)
-146.4965
Sell
ATR(14)
0.0010
Less Volatility
Highs/Lows(14)
-0.0003
Sell
Ultimate Oscillator
47.231
Sell
ROC
-0.053
Sell
Bull/Bear Power(13)
-0.0023
Sell
Buy: 0
Sell: 8
Neutral: 1


Summary:Strong Sell","Jun 17, 2021 11:37PM GMT"
usd_cad,1.2346 -0.0015    -0.12%,19:38:51,2021-06-17 23:39:10.234503,"Prev. Close: 1.2361
Bid/Ask: 1.2344 / 1.2348
Day's Range: 1.2340 - 1.2368",Strong Buy,"Summary:Strong Buy
Moving Averages:BuyBuy (9)Sell (3)
Technical Indicators:Strong BuyBuy (8)Sell (0)","Name
S3
S2
S1
Pivot Points
R1
R2
R3
Classic
1.2323
1.2333
1.2339
1.2348
1.2354
1.2363
1.2369
Fibonacci
1.2333
1.2338
1.2342
1.2348
1.2354
1.2358
1.2363
Camarilla
1.2341
1.2342
1.2344
1.2348
1.2346
1.2348
1.2349
Woodie's
1.2321
1.2332
1.2337
1.2347
1.2352
1.2362
1.2367
DeMark's
-
-
1.2336
1.2347
1.2351
-
-","Technical IndicatorsJun 17, 2021 11:37PM GMT
Name
Value
Action
RSI(14)
64.699
Buy
STOCH(9,6)
67.715
Buy
STOCHRSI(14)
4.761
Oversold
MACD(12,26)
0.003
Buy
ADX(14)
43.361
Buy
Williams %R
-36.364
Buy
CCI(14)
21.6789
Neutral
ATR(14)
0.0023
Less Volatility
Highs/Lows(14)
0.0000
Neutral
Ultimate Oscillator
66.323
Buy
ROC
0.215
Buy
Bull/Bear Power(13)
0.0009
Buy
Buy: 8
Sell: 0
Neutral: 2


Summary:Strong Buy","Jun 17, 2021 11:37PM GMT"
usd_chf,0.9179 +0.0006    +0.07%,19:38:31,2021-06-17 23:39:10.237541,"Prev. Close: 0.9173
Bid/Ask: 0.9177 / 0.9181
Day's Range: 0.9169 - 0.9183",Strong Buy,"Summary:Strong Buy
Moving Averages:BuyBuy (12)Sell (0)
Technical Indicators:Strong BuyBuy (9)Sell (0)","Name
S3
S2
S1
Pivot Points
R1
R2
R3
Classic
0.9170
0.9172
0.9174
0.9176
0.9178
0.9180
0.9182
Fibonacci
0.9172
0.9174
0.9174
0.9176
0.9178
0.9178
0.9180
Camarilla
0.9174
0.9174
0.9175
0.9176
0.9175
0.9176
0.9176
Woodie's
0.9170
0.9172
0.9174
0.9176
0.9178
0.9180
0.9182
DeMark's
-
-
0.9172
0.9175
0.9176
-
-","Technical IndicatorsJun 17, 2021 11:37PM GMT
Name
Value
Action
RSI(14)
74.996
Buy
STOCH(9,6)
75.327
Buy
STOCHRSI(14)
6.314
Oversold
MACD(12,26)
0.003
Buy
ADX(14)
40.434
Buy
Williams %R
-18.518
Overbought
CCI(14)
77.1499
Buy
ATR(14)
0.0013
Less Volatility
Highs/Lows(14)
0.0005
Buy
Ultimate Oscillator
52.089
Buy
ROC
0.355
Buy
Bull/Bear Power(13)
0.0036
Buy
Buy: 9
Sell: 0
Neutral: 0


Summary:Strong Buy","Jun 17, 2021 11:37PM GMT"
nzd_chf,0.6438 +0.0019    +0.29%,19:38:56,2021-06-17 23:39:10.240602,"Prev. Close: 0.6419
Bid/Ask: 0.6433 / 0.6442
Day's Range: 0.6421 - 0.6441",Strong Buy,"Summary:Strong Buy
Moving Averages:BuyBuy (11)Sell (1)
Technical Indicators:Strong BuyBuy (6)Sell (3)","Name
S3
S2
S1
Pivot Points
R1
R2
R3
Classic
0.6417
0.6422
0.6429
0.6434
0.6441
0.6446
0.6454
Fibonacci
0.6422
0.6426
0.6429
0.6434
0.6439
0.6442
0.6446
Camarilla
0.6434
0.6435
0.6436
0.6434
0.6439
0.6440
0.6441
Woodie's
0.6419
0.6423
0.6431
0.6435
0.6443
0.6447
0.6456
DeMark's
-
-
0.6432
0.6435
0.6444
-
-","Technical IndicatorsJun 17, 2021 11:37PM GMT
Name
Value
Action
RSI(14)
57.840
Buy
STOCH(9,6)
63.836
Buy
STOCHRSI(14)
95.505
Overbought
MACD(12,26)
0.000
Buy
ADX(14)
27.255
Sell
Williams %R
-19.737
Overbought
CCI(14)
168.9320
Buy
ATR(14)
0.0012
Less Volatility
Highs/Lows(14)
0.0005
Buy
Ultimate Oscillator
42.975
Sell
ROC
-0.062
Sell
Bull/Bear Power(13)
0.0015
Buy
Buy: 6
Sell: 3
Neutral: 0


Summary:Strong Buy","Jun 17, 2021 11:37PM GMT"
usd_cny,6.4484 +0.0515    +0.80%,11:27:22,2021-06-17 23:39:10.243672,"Prev. Close: 6.3969
Bid/Ask: 6.4477 / 6.4490
Day's Range: 6.3972 - 6.4494",Strong Buy,"Summary:Strong Buy
Moving Averages:BuyBuy (12)Sell (0)
Technical Indicators:Strong BuyBuy (7)Sell (0)","Name
S3
S2
S1
Pivot Points
R1
R2
R3
Classic
6.4380
6.4399
6.4436
6.4455
6.4492
6.4511
6.4548
Fibonacci
6.4399
6.4420
6.4434
6.4455
6.4476
6.4490
6.4511
Camarilla
6.4458
6.4463
6.4468
6.4455
6.4479
6.4484
6.4489
Woodie's
6.4390
6.4404
6.4446
6.4460
6.4502
6.4516
6.4558
DeMark's
-
-
6.4446
6.4460
6.4502
-
-","Technical IndicatorsJun 17, 2021 03:34PM GMT
Name
Value
Action
RSI(14)
85.433
Overbought
STOCH(9,6)
77.649
Buy
STOCHRSI(14)
100.000
Overbought
MACD(12,26)
0.011
Buy
ADX(14)
61.337
Buy
Williams %R
-3.426
Overbought
CCI(14)
151.8010
Buy
ATR(14)
0.0041
Less Volatility
Highs/Lows(14)
0.0141
Buy
Ultimate Oscillator
82.973
Overbought
ROC
0.391
Buy
Bull/Bear Power(13)
0.0286
Buy
Buy: 7
Sell: 0
Neutral: 0


Summary:Strong Buy","Jun 17, 2021 03:34PM GMT"
usd_hkd,7.7646 +0.0002    +0.00%,19:38:39,2021-06-17 23:39:10.246741,"Prev. Close: 7.7644
Bid/Ask: 7.7645 / 7.7647
Day's Range: 7.7641 - 7.7652",Buy,"Summary:Buy
Moving Averages:BuyBuy (7)Sell (5)
Technical Indicators:BUYBuy (4)Sell (2)","Name
S3
S2
S1
Pivot Points
R1
R2
R3
Classic
7.7629
7.7635
7.7640
7.7646
7.7651
7.7657
7.7663
Fibonacci
7.7635
7.7639
7.7642
7.7646
7.7650
7.7653
7.7657
Camarilla
7.7643
7.7644
7.7645
7.7646
7.7648
7.7649
7.7650
Woodie's
7.7629
7.7635
7.7640
7.7646
7.7651
7.7657
7.7663
DeMark's
-
-
7.7638
7.7645
7.7649
-
-","Technical IndicatorsJun 17, 2021 11:37PM GMT
Name
Value
Action
RSI(14)
53.012
Neutral
STOCH(9,6)
61.167
Buy
STOCHRSI(14)
18.737
Oversold
MACD(12,26)
0.000
Buy
ADX(14)
25.688
Neutral
Williams %R
-57.892
Sell
CCI(14)
-29.9907
Neutral
ATR(14)
0.0008
Less Volatility
Highs/Lows(14)
0.0000
Neutral
Ultimate Oscillator
57.399
Buy
ROC
-0.006
Sell
Bull/Bear Power(13)
0.0009
Buy
Buy: 4
Sell: 2
Neutral: 4


Summary:BUY","Jun 17, 2021 11:37PM GMT"
eur_usd,1.1910 +0.0004    +0.03%,19:39:39,2021-06-17 23:40:10.352374,"Prev. Close: 1.1906
Bid/Ask: 1.1908 / 1.1912
Day's Range: 1.1906 - 1.1914",Strong Sell,"Summary:Strong Sell
Moving Averages:SellBuy (2)Sell (10)
Technical Indicators:Strong SellBuy (0)Sell (10)","Name
S3
S2
S1
Pivot Points
R1
R2
R3
Classic
1.1900
1.1903
1.1907
1.1910
1.1914
1.1917
1.1921
Fibonacci
1.1903
1.1906
1.1907
1.1910
1.1913
1.1914
1.1917
Camarilla
1.1910
1.1910
1.1911
1.1910
1.1912
1.1913
1.1913
Woodie's
1.1902
1.1904
1.1909
1.1911
1.1916
1.1918
1.1923
DeMark's
-
-
1.1909
1.1911
1.1916
-
-","Technical IndicatorsJun 17, 2021 11:39PM GMT
Name
Value
Action
RSI(14)
30.308
Sell
STOCH(9,6)
28.745
Sell
STOCHRSI(14)
97.524
Overbought
MACD(12,26)
-0.003
Sell
ADX(14)
35.992
Sell
Williams %R
-70.492
Sell
CCI(14)
-55.1868
Sell
ATR(14)
0.0016
Less Volatility
Highs/Lows(14)
-0.0001
Sell
Ultimate Oscillator
43.099
Sell
ROC
-0.335
Sell
Bull/Bear Power(13)
-0.0017
Sell
Buy: 0
Sell: 10
Neutral: 0


Summary:Strong Sell","Jun 17, 2021 11:39PM GMT"
gbp_usd,1.3937 +0.0018    +0.13%,19:39:38,2021-06-17 23:40:10.356639,"Prev. Close: 1.3919
Bid/Ask: 1.3936 / 1.3937
Day's Range: 1.3915 - 1.3937",Sell,"Summary:Sell
Moving Averages:SellBuy (4)Sell (8)
Technical Indicators:SellBuy (1)Sell (5)","Name
S3
S2
S1
Pivot Points
R1
R2
R3
Classic
1.3914
1.3918
1.3925
1.3930
1.3937
1.3942
1.3949
Fibonacci
1.3918
1.3923
1.3926
1.3930
1.3934
1.3937
1.3942
Camarilla
1.3929
1.3930
1.3931
1.3930
1.3934
1.3935
1.3936
Woodie's
1.3916
1.3919
1.3927
1.3931
1.3939
1.3943
1.3951
DeMark's
-
-
1.3928
1.3931
1.3939
-
-","Technical IndicatorsJun 17, 2021 11:39PM GMT
Name
Value
Action
RSI(14)
41.342
Sell
STOCH(9,6)
46.396
Neutral
STOCHRSI(14)
100.000
Overbought
MACD(12,26)
-0.003
Sell
ADX(14)
36.799
Sell
Williams %R
-50.001
Neutral
CCI(14)
3.9498
Neutral
ATR(14)
0.0023
Less Volatility
Highs/Lows(14)
0.0000
Neutral
Ultimate Oscillator
52.548
Buy
ROC
-0.272
Sell
Bull/Bear Power(13)
-0.0012
Sell
Buy: 1
Sell: 5
Neutral: 4


Summary:Sell","Jun 17, 2021 11:39PM GMT"
usd_jpy,110.31 +0.10    +0.10%,19:39:39,2021-06-17 23:40:10.360021,"Prev. Close: 110.20
Bid/Ask: 110.29 / 110.32
Day's Range: 110.17 - 110.83",Neutral,"Summary:Neutral
Moving Averages:BuyBuy (7)Sell (5)
Technical Indicators:Strong SellBuy (1)Sell (8)","Name
S3
S2
S1
Pivot Points
R1
R2
R3
Classic
110.18
110.21
110.25
110.27
110.31
110.33
110.37
Fibonacci
110.21
110.23
110.25
110.27
110.29
110.31
110.33
Camarilla
110.26
110.26
110.27
110.27
110.28
110.29
110.29
Woodie's
110.18
110.21
110.25
110.27
110.31
110.33
110.37
DeMark's
-
-
110.26
110.28
110.32
-
-","Technical IndicatorsJun 17, 2021 11:39PM GMT
Name
Value
Action
RSI(14)
45.782
Neutral
STOCH(9,6)
28.316
Sell
STOCHRSI(14)
27.390
Sell
MACD(12,26)
-0.030
Sell
ADX(14)
28.268
Buy
Williams %R
-77.311
Sell
CCI(14)
-45.2249
Neutral
ATR(14)
0.1182
Less Volatility
Highs/Lows(14)
-0.0025
Sell
Ultimate Oscillator
46.039
Sell
ROC
-0.352
Sell
Bull/Bear Power(13)
-0.1240
Sell
Buy: 1
Sell: 8
Neutral: 2


Summary:Strong Sell","Jun 17, 2021 11:39PM GMT"
aud_usd,0.7557 +0.0006    +0.09%,19:39:38,2021-06-17 23:40:10.363162,"Prev. Close: 0.7550
Bid/Ask: 0.7556 / 0.7557
Day's Range: 0.7547 - 0.7560",Strong Sell,"Summary:Strong Sell
Moving Averages:SellBuy (3)Sell (9)
Technical Indicators:Strong SellBuy (0)Sell (8)","Name
S3
S2
S1
Pivot Points
R1
R2
R3
Classic
0.7545
0.7548
0.7554
0.7557
0.7563
0.7566
0.7572
Fibonacci
0.7548
0.7551
0.7554
0.7557
0.7560
0.7563
0.7566
Camarilla
0.7556
0.7557
0.7558
0.7557
0.7559
0.7560
0.7561
Woodie's
0.7545
0.7548
0.7554
0.7557
0.7563
0.7566
0.7572
DeMark's
-
-
0.7555
0.7557
0.7563
-
-","Technical IndicatorsJun 17, 2021 11:39PM GMT
Name
Value
Action
RSI(14)
33.050
Sell
STOCH(9,6)
32.448
Sell
STOCHRSI(14)
96.562
Overbought
MACD(12,26)
-0.002
Sell
ADX(14)
49.534
Sell
Williams %R
-70.086
Sell
CCI(14)
-45.3476
Neutral
ATR(14)
0.0015
Less Volatility
Highs/Lows(14)
0.0000
Neutral
Ultimate Oscillator
45.870
Sell
ROC
-0.513
Sell
Bull/Bear Power(13)
-0.0007
Sell
Buy: 0
Sell: 8
Neutral: 2


Summary:Strong Sell","Jun 17, 2021 11:39PM GMT"
eur_gbp,0.8547 -0.0004    -0.05%,19:39:41,2021-06-17 23:40:10.366212,"Prev. Close: 0.8551
Bid/Ask: 0.8545 / 0.8548
Day's Range: 0.8546 - 0.8557",Strong Sell,"Summary:Strong Sell
Moving Averages:Strong SellBuy (0)Sell (12)
Technical Indicators:Strong SellBuy (0)Sell (8)","Name
S3
S2
S1
Pivot Points
R1
R2
R3
Classic
0.8540
0.8544
0.8546
0.8550
0.8553
0.8556
0.8559
Fibonacci
0.8544
0.8546
0.8548
0.8550
0.8552
0.8554
0.8556
Camarilla
0.8548
0.8548
0.8549
0.8550
0.8550
0.8551
0.8551
Woodie's
0.8540
0.8544
0.8546
0.8550
0.8553
0.8556
0.8559
DeMark's
-
-
0.8545
0.8549
0.8552
-
-","Technical IndicatorsJun 17, 2021 11:39PM GMT
Name
Value
Action
RSI(14)
33.670
Sell
STOCH(9,6)
25.573
Sell
STOCHRSI(14)
2.772
Oversold
MACD(12,26)
-0.001
Sell
ADX(14)
30.392
Neutral
Williams %R
-94.444
Oversold
CCI(14)
-159.6345
Sell
ATR(14)
0.0010
Less Volatility
Highs/Lows(14)
-0.0004
Sell
Ultimate Oscillator
45.800
Sell
ROC
-0.070
Sell
Bull/Bear Power(13)
-0.0024
Sell
Buy: 0
Sell: 8
Neutral: 1


Summary:Strong Sell","Jun 17, 2021 11:39PM GMT"
usd_cad,1.2342 -0.0019    -0.15%,19:39:38,2021-06-17 23:40:10.369296,"Prev. Close: 1.2361
Bid/Ask: 1.2340 / 1.2344
Day's Range: 1.2340 - 1.2368",Strong Buy,"Summary:Strong Buy
Moving Averages:BuyBuy (9)Sell (3)
Technical Indicators:Strong BuyBuy (8)Sell (0)","Name
S3
S2
S1
Pivot Points
R1
R2
R3
Classic
1.2323
1.2333
1.2339
1.2348
1.2354
1.2363
1.2369
Fibonacci
1.2333
1.2338
1.2342
1.2348
1.2354
1.2358
1.2363
Camarilla
1.2341
1.2342
1.2344
1.2348
1.2346
1.2348
1.2349
Woodie's
1.2321
1.2332
1.2337
1.2347
1.2352
1.2362
1.2367
DeMark's
-
-
1.2336
1.2347
1.2351
-
-","Technical IndicatorsJun 17, 2021 11:39PM GMT
Name
Value
Action
RSI(14)
64.410
Buy
STOCH(9,6)
67.430
Buy
STOCHRSI(14)
2.881
Oversold
MACD(12,26)
0.003
Buy
ADX(14)
43.361
Buy
Williams %R
-37.576
Buy
CCI(14)
19.7558
Neutral
ATR(14)
0.0023
Less Volatility
Highs/Lows(14)
0.0000
Neutral
Ultimate Oscillator
65.663
Buy
ROC
0.207
Buy
Bull/Bear Power(13)
0.0009
Buy
Buy: 8
Sell: 0
Neutral: 2


Summary:Strong Buy","Jun 17, 2021 11:39PM GMT"
usd_chf,0.9179 +0.0006    +0.06%,19:39:42,2021-06-17 23:40:10.372363,"Prev. Close: 0.9173
Bid/Ask: 0.9178 / 0.9179
Day's Range: 0.9169 - 0.9183",Strong Buy,"Summary:Strong Buy
Moving Averages:BuyBuy (12)Sell (0)
Technical Indicators:Strong BuyBuy (8)Sell (0)","Name
S3
S2
S1
Pivot Points
R1
R2
R3
Classic
0.9170
0.9172
0.9174
0.9176
0.9178
0.9180
0.9182
Fibonacci
0.9172
0.9174
0.9174
0.9176
0.9178
0.9178
0.9180
Camarilla
0.9174
0.9174
0.9175
0.9176
0.9175
0.9176
0.9176
Woodie's
0.9170
0.9172
0.9174
0.9176
0.9178
0.9180
0.9182
DeMark's
-
-
0.9172
0.9175
0.9176
-
-","Technical IndicatorsJun 17, 2021 11:39PM GMT
Name
Value
Action
RSI(14)
75.125
Overbought
STOCH(9,6)
75.543
Buy
STOCHRSI(14)
7.323
Oversold
MACD(12,26)
0.003
Buy
ADX(14)
40.434
Buy
Williams %R
-17.592
Overbought
CCI(14)
78.0123
Buy
ATR(14)
0.0013
Less Volatility
Highs/Lows(14)
0.0006
Buy
Ultimate Oscillator
52.629
Buy
ROC
0.361
Buy
Bull/Bear Power(13)
0.0036
Buy
Buy: 8
Sell: 0
Neutral: 0


Summary:Strong Buy","Jun 17, 2021 11:39PM GMT"
nzd_chf,0.6438 +0.0019    +0.30%,19:39:42,2021-06-17 23:40:10.375419,"Prev. Close: 0.6419
Bid/Ask: 0.6437 / 0.6439
Day's Range: 0.6421 - 0.6441",Strong Buy,"Summary:Strong Buy
Moving Averages:BuyBuy (12)Sell (0)
Technical Indicators:Strong BuyBuy (6)Sell (3)","Name
S3
S2
S1
Pivot Points
R1
R2
R3
Classic
0.6417
0.6422
0.6429
0.6434
0.6441
0.6446
0.6454
Fibonacci
0.6422
0.6426
0.6429
0.6434
0.6439
0.6442
0.6446
Camarilla
0.6434
0.6435
0.6436
0.6434
0.6439
0.6440
0.6441
Woodie's
0.6419
0.6423
0.6431
0.6435
0.6443
0.6447
0.6456
DeMark's
-
-
0.6432
0.6435
0.6444
-
-","Technical IndicatorsJun 17, 2021 11:39PM GMT
Name
Value
Action
RSI(14)
59.336
Buy
STOCH(9,6)
65.144
Buy
STOCHRSI(14)
100.000
Overbought
MACD(12,26)
0.000
Buy
ADX(14)
27.255
Sell
Williams %R
-14.473
Overbought
CCI(14)
176.8869
Buy
ATR(14)
0.0012
Less Volatility
Highs/Lows(14)
0.0007
Buy
Ultimate Oscillator
45.196
Sell
ROC
-0.031
Sell
Bull/Bear Power(13)
0.0015
Buy
Buy: 6
Sell: 3
Neutral: 0


Summary:Strong Buy","Jun 17, 2021 11:39PM GMT"
usd_cny,6.4484 +0.0515    +0.80%,11:27:22,2021-06-17 23:40:10.378455,"Prev. Close: 6.3969
Bid/Ask: 6.4477 / 6.4490
Day's Range: 6.3972 - 6.4494",Strong Buy,"Summary:Strong Buy
Moving Averages:BuyBuy (12)Sell (0)
Technical Indicators:Strong BuyBuy (7)Sell (0)","Name
S3
S2
S1
Pivot Points
R1
R2
R3
Classic
6.4380
6.4399
6.4436
6.4455
6.4492
6.4511
6.4548
Fibonacci
6.4399
6.4420
6.4434
6.4455
6.4476
6.4490
6.4511
Camarilla
6.4458
6.4463
6.4468
6.4455
6.4479
6.4484
6.4489
Woodie's
6.4390
6.4404
6.4446
6.4460
6.4502
6.4516
6.4558
DeMark's
-
-
6.4446
6.4460
6.4502
-
-","Technical IndicatorsJun 17, 2021 03:34PM GMT
Name
Value
Action
RSI(14)
85.433
Overbought
STOCH(9,6)
77.649
Buy
STOCHRSI(14)
100.000
Overbought
MACD(12,26)
0.011
Buy
ADX(14)
61.337
Buy
Williams %R
-3.426
Overbought
CCI(14)
151.8010
Buy
ATR(14)
0.0041
Less Volatility
Highs/Lows(14)
0.0141
Buy
Ultimate Oscillator
82.973
Overbought
ROC
0.391
Buy
Bull/Bear Power(13)
0.0286
Buy
Buy: 7
Sell: 0
Neutral: 0


Summary:Strong Buy","Jun 17, 2021 03:34PM GMT"
usd_hkd,7.7645 0.0001    0.00%,19:39:44,2021-06-17 23:40:10.381487,"Prev. Close: 7.7644
Bid/Ask: 7.7643 / 7.7646
Day's Range: 7.7641 - 7.7652",Buy,"Summary:Buy
Moving Averages:BuyBuy (7)Sell (5)
Technical Indicators:BUYBuy (4)Sell (2)","Name
S3
S2
S1
Pivot Points
R1
R2
R3
Classic
7.7629
7.7635
7.7640
7.7646
7.7651
7.7657
7.7663
Fibonacci
7.7635
7.7639
7.7642
7.7646
7.7650
7.7653
7.7657
Camarilla
7.7643
7.7644
7.7645
7.7646
7.7648
7.7649
7.7650
Woodie's
7.7629
7.7635
7.7640
7.7646
7.7651
7.7657
7.7663
DeMark's
-
-
7.7638
7.7645
7.7649
-
-","Technical IndicatorsJun 17, 2021 11:39PM GMT
Name
Value
Action
RSI(14)
53.012
Neutral
STOCH(9,6)
61.167
Buy
STOCHRSI(14)
18.737
Oversold
MACD(12,26)
0.000
Buy
ADX(14)
25.688
Neutral
Williams %R
-57.892
Sell
CCI(14)
-29.9907
Neutral
ATR(14)
0.0008
Less Volatility
Highs/Lows(14)
0.0000
Neutral
Ultimate Oscillator
57.399
Buy
ROC
-0.006
Sell
Bull/Bear Power(13)
0.0009
Buy
Buy: 4
Sell: 2
Neutral: 4


Summary:BUY","Jun 17, 2021 11:39PM GMT"
eur_usd,1.1910 +0.0004    +0.03%,19:40:27,2021-06-17 23:41:09.676908,"Prev. Close: 1.1906
Bid/Ask: 1.1908 / 1.1912
Day's Range: 1.1906 - 1.1914",Strong Sell,"Summary:Strong Sell
Moving Averages:SellBuy (2)Sell (10)
Technical Indicators:Strong SellBuy (0)Sell (10)","Name
S3
S2
S1
Pivot Points
R1
R2
R3
Classic
1.1900
1.1903
1.1907
1.1910
1.1914
1.1917
1.1921
Fibonacci
1.1903
1.1906
1.1907
1.1910
1.1913
1.1914
1.1917
Camarilla
1.1910
1.1910
1.1911
1.1910
1.1912
1.1913
1.1913
Woodie's
1.1902
1.1904
1.1909
1.1911
1.1916
1.1918
1.1923
DeMark's
-
-
1.1909
1.1911
1.1916
-
-","Technical IndicatorsJun 17, 2021 11:39PM GMT
Name
Value
Action
RSI(14)
30.308
Sell
STOCH(9,6)
28.745
Sell
STOCHRSI(14)
97.524
Overbought
MACD(12,26)
-0.003
Sell
ADX(14)
35.992
Sell
Williams %R
-70.492
Sell
CCI(14)
-55.1868
Sell
ATR(14)
0.0016
Less Volatility
Highs/Lows(14)
-0.0001
Sell
Ultimate Oscillator
43.099
Sell
ROC
-0.335
Sell
Bull/Bear Power(13)
-0.0017
Sell
Buy: 0
Sell: 10
Neutral: 0


Summary:Strong Sell","Jun 17, 2021 11:39PM GMT"
gbp_usd,1.3938 +0.0019    +0.13%,19:40:54,2021-06-17 23:41:09.681202,"Prev. Close: 1.3919
Bid/Ask: 1.3936 / 1.3939
Day's Range: 1.3915 - 1.3938",Sell,"Summary:Sell
Moving Averages:SellBuy (4)Sell (8)
Technical Indicators:SellBuy (1)Sell (5)","Name
S3
S2
S1
Pivot Points
R1
R2
R3
Classic
1.3914
1.3918
1.3925
1.3930
1.3937
1.3942
1.3949
Fibonacci
1.3918
1.3923
1.3926
1.3930
1.3934
1.3937
1.3942
Camarilla
1.3929
1.3930
1.3931
1.3930
1.3934
1.3935
1.3936
Woodie's
1.3916
1.3919
1.3927
1.3931
1.3939
1.3943
1.3951
DeMark's
-
-
1.3928
1.3931
1.3939
-
-","Technical IndicatorsJun 17, 2021 11:40PM GMT
Name
Value
Action
RSI(14)
41.525
Sell
STOCH(9,6)
46.541
Neutral
STOCHRSI(14)
100.000
Overbought
MACD(12,26)
-0.003
Sell
ADX(14)
36.444
Sell
Williams %R
-49.375
Neutral
CCI(14)
5.8809
Neutral
ATR(14)
0.0023
Less Volatility
Highs/Lows(14)
0.0000
Neutral
Ultimate Oscillator
52.693
Buy
ROC
-0.268
Sell
Bull/Bear Power(13)
-0.0011
Sell
Buy: 1
Sell: 5
Neutral: 4


Summary:Sell","Jun 17, 2021 11:40PM GMT"
usd_jpy,110.31 +0.10    +0.10%,19:40:42,2021-06-17 23:41:09.684728,"Prev. Close: 110.20
Bid/Ask: 110.29 / 110.32
Day's Range: 110.17 - 110.83",Neutral,"Summary:Neutral
Moving Averages:BuyBuy (7)Sell (5)
Technical Indicators:Strong SellBuy (1)Sell (8)","Name
S3
S2
S1
Pivot Points
R1
R2
R3
Classic
110.18
110.21
110.25
110.27
110.31
110.33
110.37
Fibonacci
110.21
110.23
110.25
110.27
110.29
110.31
110.33
Camarilla
110.26
110.26
110.27
110.27
110.28
110.29
110.29
Woodie's
110.18
110.21
110.25
110.27
110.31
110.33
110.37
DeMark's
-
-
110.26
110.28
110.32
-
-","Technical IndicatorsJun 17, 2021 11:40PM GMT
Name
Value
Action
RSI(14)
45.782
Neutral
STOCH(9,6)
28.316
Sell
STOCHRSI(14)
27.390
Sell
MACD(12,26)
-0.030
Sell
ADX(14)
28.268
Buy
Williams %R
-77.311
Sell
CCI(14)
-45.2249
Neutral
ATR(14)
0.1182
Less Volatility
Highs/Lows(14)
-0.0025
Sell
Ultimate Oscillator
46.039
Sell
ROC
-0.352
Sell
Bull/Bear Power(13)
-0.1240
Sell
Buy: 1
Sell: 8
Neutral: 2


Summary:Strong Sell","Jun 17, 2021 11:40PM GMT"
aud_usd,0.7557 +0.0007    +0.09%,19:40:30,2021-06-17 23:41:09.687967,"Prev. Close: 0.7550
Bid/Ask: 0.7554 / 0.7560
Day's Range: 0.7547 - 0.7560",Strong Sell,"Summary:Strong Sell
Moving Averages:SellBuy (3)Sell (9)
Technical Indicators:Strong SellBuy (0)Sell (8)","Name
S3
S2
S1
Pivot Points
R1
R2
R3
Classic
0.7545
0.7548
0.7554
0.7557
0.7563
0.7566
0.7572
Fibonacci
0.7548
0.7551
0.7554
0.7557
0.7560
0.7563
0.7566
Camarilla
0.7556
0.7557
0.7558
0.7557
0.7559
0.7560
0.7561
Woodie's
0.7545
0.7548
0.7554
0.7557
0.7563
0.7566
0.7572
DeMark's
-
-
0.7555
0.7557
0.7563
-
-","Technical IndicatorsJun 17, 2021 11:39PM GMT
Name
Value
Action
RSI(14)
33.050
Sell
STOCH(9,6)
32.448
Sell
STOCHRSI(14)
96.562
Overbought
MACD(12,26)
-0.002
Sell
ADX(14)
49.534
Sell
Williams %R
-70.086
Sell
CCI(14)
-45.3476
Neutral
ATR(14)
0.0015
Less Volatility
Highs/Lows(14)
0.0000
Neutral
Ultimate Oscillator
45.870
Sell
ROC
-0.513
Sell
Bull/Bear Power(13)
-0.0007
Sell
Buy: 0
Sell: 8
Neutral: 2


Summary:Strong Sell","Jun 17, 2021 11:39PM GMT"
eur_gbp,0.8546 -0.0006    -0.06%,19:40:56,2021-06-17 23:41:09.691060,"Prev. Close: 0.8551
Bid/Ask: 0.8543 / 0.8548
Day's Range: 0.8546 - 0.8557",Strong Sell,"Summary:Strong Sell
Moving Averages:Strong SellBuy (0)Sell (12)
Technical Indicators:Strong SellBuy (0)Sell (8)","Name
S3
S2
S1
Pivot Points
R1
R2
R3
Classic
0.8540
0.8544
0.8546
0.8550
0.8553
0.8556
0.8559
Fibonacci
0.8544
0.8546
0.8548
0.8550
0.8552
0.8554
0.8556
Camarilla
0.8548
0.8548
0.8549
0.8550
0.8550
0.8551
0.8551
Woodie's
0.8540
0.8544
0.8546
0.8550
0.8553
0.8556
0.8559
DeMark's
-
-
0.8545
0.8549
0.8552
-
-","Technical IndicatorsJun 17, 2021 11:39PM GMT
Name
Value
Action
RSI(14)
33.670
Sell
STOCH(9,6)
25.573
Sell
STOCHRSI(14)
2.772
Oversold
MACD(12,26)
-0.001
Sell
ADX(14)
30.392
Neutral
Williams %R
-94.444
Oversold
CCI(14)
-159.6345
Sell
ATR(14)
0.0010
Less Volatility
Highs/Lows(14)
-0.0004
Sell
Ultimate Oscillator
45.800
Sell
ROC
-0.070
Sell
Bull/Bear Power(13)
-0.0024
Sell
Buy: 0
Sell: 8
Neutral: 1


Summary:Strong Sell","Jun 17, 2021 11:39PM GMT"
usd_cad,1.2346 -0.0015    -0.13%,19:40:51,2021-06-17 23:41:09.694097,"Prev. Close: 1.2361
Bid/Ask: 1.2345 / 1.2346
Day's Range: 1.2340 - 1.2368",Strong Buy,"Summary:Strong Buy
Moving Averages:BuyBuy (8)Sell (4)
Technical Indicators:Strong BuyBuy (8)Sell (0)","Name
S3
S2
S1
Pivot Points
R1
R2
R3
Classic
1.2323
1.2333
1.2339
1.2348
1.2354
1.2363
1.2369
Fibonacci
1.2333
1.2338
1.2342
1.2348
1.2354
1.2358
1.2363
Camarilla
1.2341
1.2342
1.2344
1.2348
1.2346
1.2348
1.2349
Woodie's
1.2321
1.2332
1.2337
1.2347
1.2352
1.2362
1.2367
DeMark's
-
-
1.2336
1.2347
1.2351
-
-","Technical IndicatorsJun 17, 2021 11:40PM GMT
Name
Value
Action
RSI(14)
64.115
Buy
STOCH(9,6)
67.146
Buy
STOCHRSI(14)
0.963
Oversold
MACD(12,26)
0.003
Buy
ADX(14)
43.361
Buy
Williams %R
-38.789
Buy
CCI(14)
17.8246
Neutral
ATR(14)
0.0023
Less Volatility
Highs/Lows(14)
0.0000
Neutral
Ultimate Oscillator
65.003
Buy
ROC
0.199
Buy
Bull/Bear Power(13)
0.0009
Buy
Buy: 8
Sell: 0
Neutral: 2


Summary:Strong Buy","Jun 17, 2021 11:40PM GMT"
usd_chf,0.9178 +0.0005    +0.05%,19:40:36,2021-06-17 23:41:09.697122,"Prev. Close: 0.9173
Bid/Ask: 0.9174 / 0.9182
Day's Range: 0.9169 - 0.9183",Strong Buy,"Summary:Strong Buy
Moving Averages:BuyBuy (12)Sell (0)
Technical Indicators:Strong BuyBuy (8)Sell (0)","Name
S3
S2
S1
Pivot Points
R1
R2
R3
Classic
0.9170
0.9172
0.9174
0.9176
0.9178
0.9180
0.9182
Fibonacci
0.9172
0.9174
0.9174
0.9176
0.9178
0.9178
0.9180
Camarilla
0.9174
0.9174
0.9175
0.9176
0.9175
0.9176
0.9176
Woodie's
0.9170
0.9172
0.9174
0.9176
0.9178
0.9180
0.9182
DeMark's
-
-
0.9172
0.9175
0.9176
-
-","Technical IndicatorsJun 17, 2021 11:39PM GMT
Name
Value
Action
RSI(14)
75.125
Overbought
STOCH(9,6)
75.543
Buy
STOCHRSI(14)
7.323
Oversold
MACD(12,26)
0.003
Buy
ADX(14)
40.434
Buy
Williams %R
-17.592
Overbought
CCI(14)
78.0123
Buy
ATR(14)
0.0013
Less Volatility
Highs/Lows(14)
0.0006
Buy
Ultimate Oscillator
52.629
Buy
ROC
0.361
Buy
Bull/Bear Power(13)
0.0036
Buy
Buy: 8
Sell: 0
Neutral: 0


Summary:Strong Buy","Jun 17, 2021 11:39PM GMT"
nzd_chf,0.6439 +0.0020    +0.31%,19:40:51,2021-06-17 23:41:09.700143,"Prev. Close: 0.6419
Bid/Ask: 0.6437 / 0.6441
Day's Range: 0.6421 - 0.6441",Strong Buy,"Summary:Strong Buy
Moving Averages:BuyBuy (12)Sell (0)
Technical Indicators:Strong BuyBuy (6)Sell (3)","Name
S3
S2
S1
Pivot Points
R1
R2
R3
Classic
0.6417
0.6422
0.6429
0.6434
0.6441
0.6446
0.6454
Fibonacci
0.6422
0.6426
0.6429
0.6434
0.6439
0.6442
0.6446
Camarilla
0.6434
0.6435
0.6436
0.6434
0.6439
0.6440
0.6441
Woodie's
0.6419
0.6423
0.6431
0.6435
0.6443
0.6447
0.6456
DeMark's
-
-
0.6432
0.6435
0.6444
-
-","Technical IndicatorsJun 17, 2021 11:40PM GMT
Name
Value
Action
RSI(14)
59.336
Buy
STOCH(9,6)
65.144
Buy
STOCHRSI(14)
100.000
Overbought
MACD(12,26)
0.000
Buy
ADX(14)
27.255
Sell
Williams %R
-14.473
Overbought
CCI(14)
176.8869
Buy
ATR(14)
0.0012
Less Volatility
Highs/Lows(14)
0.0007
Buy
Ultimate Oscillator
45.196
Sell
ROC
-0.031
Sell
Bull/Bear Power(13)
0.0015
Buy
Buy: 6
Sell: 3
Neutral: 0


Summary:Strong Buy","Jun 17, 2021 11:40PM GMT"
usd_cny,6.4484 +0.0515    +0.80%,11:27:22,2021-06-17 23:41:09.703146,"Prev. Close: 6.3969
Bid/Ask: 6.4477 / 6.4490
Day's Range: 6.3972 - 6.4494",Strong Buy,"Summary:Strong Buy
Moving Averages:BuyBuy (12)Sell (0)
Technical Indicators:Strong BuyBuy (7)Sell (0)","Name
S3
S2
S1
Pivot Points
R1
R2
R3
Classic
6.4380
6.4399
6.4436
6.4455
6.4492
6.4511
6.4548
Fibonacci
6.4399
6.4420
6.4434
6.4455
6.4476
6.4490
6.4511
Camarilla
6.4458
6.4463
6.4468
6.4455
6.4479
6.4484
6.4489
Woodie's
6.4390
6.4404
6.4446
6.4460
6.4502
6.4516
6.4558
DeMark's
-
-
6.4446
6.4460
6.4502
-
-","Technical IndicatorsJun 17, 2021 03:34PM GMT
Name
Value
Action
RSI(14)
85.433
Overbought
STOCH(9,6)
77.649
Buy
STOCHRSI(14)
100.000
Overbought
MACD(12,26)
0.011
Buy
ADX(14)
61.337
Buy
Williams %R
-3.426
Overbought
CCI(14)
151.8010
Buy
ATR(14)
0.0041
Less Volatility
Highs/Lows(14)
0.0141
Buy
Ultimate Oscillator
82.973
Overbought
ROC
0.391
Buy
Bull/Bear Power(13)
0.0286
Buy
Buy: 7
Sell: 0
Neutral: 0


Summary:Strong Buy","Jun 17, 2021 03:34PM GMT"
usd_hkd,7.7646 +0.0001    +0.00%,19:40:47,2021-06-17 23:41:09.706128,"Prev. Close: 7.7644
Bid/Ask: 7.7644 / 7.7647
Day's Range: 7.7641 - 7.7652",Buy,"Summary:Buy
Moving Averages:BuyBuy (7)Sell (5)
Technical Indicators:BUYBuy (4)Sell (2)","Name
S3
S2
S1
Pivot Points
R1
R2
R3
Classic
7.7629
7.7635
7.7640
7.7646
7.7651
7.7657
7.7663
Fibonacci
7.7635
7.7639
7.7642
7.7646
7.7650
7.7653
7.7657
Camarilla
7.7643
7.7644
7.7645
7.7646
7.7648
7.7649
7.7650
Woodie's
7.7629
7.7635
7.7640
7.7646
7.7651
7.7657
7.7663
DeMark's
-
-
7.7638
7.7645
7.7649
-
-","Technical IndicatorsJun 17, 2021 11:39PM GMT
Name
Value
Action
RSI(14)
53.012
Neutral
STOCH(9,6)
61.167
Buy
STOCHRSI(14)
18.737
Oversold
MACD(12,26)
0.000
Buy
ADX(14)
25.688
Neutral
Williams %R
-57.892
Sell
CCI(14)
-29.9907
Neutral
ATR(14)
0.0008
Less Volatility
Highs/Lows(14)
0.0000
Neutral
Ultimate Oscillator
57.399
Buy
ROC
-0.006
Sell
Bull/Bear Power(13)
0.0009
Buy
Buy: 4
Sell: 2
Neutral: 4


Summary:BUY","Jun 17, 2021 11:39PM GMT"
eur_usd,1.1911 +0.0005    +0.04%,19:41:41,2021-06-17 23:42:09.919116,"Prev. Close: 1.1906
Bid/Ask: 1.1909 / 1.1913
Day's Range: 1.1906 - 1.1914",Strong Sell,"Summary:Strong Sell
Moving Averages:SellBuy (2)Sell (10)
Technical Indicators:Strong SellBuy (0)Sell (10)","Name
S3
S2
S1
Pivot Points
R1
R2
R3
Classic
1.1900
1.1903
1.1907
1.1910
1.1914
1.1917
1.1921
Fibonacci
1.1903
1.1906
1.1907
1.1910
1.1913
1.1914
1.1917
Camarilla
1.1910
1.1910
1.1911
1.1910
1.1912
1.1913
1.1913
Woodie's
1.1902
1.1904
1.1909
1.1911
1.1916
1.1918
1.1923
DeMark's
-
-
1.1909
1.1911
1.1916
-
-","Technical IndicatorsJun 17, 2021 11:41PM GMT
Name
Value
Action
RSI(14)
30.308
Sell
STOCH(9,6)
28.745
Sell
STOCHRSI(14)
97.524
Overbought
MACD(12,26)
-0.003
Sell
ADX(14)
35.992
Sell
Williams %R
-70.492
Sell
CCI(14)
-55.1868
Sell
ATR(14)
0.0016
Less Volatility
Highs/Lows(14)
-0.0001
Sell
Ultimate Oscillator
43.099
Sell
ROC
-0.335
Sell
Bull/Bear Power(13)
-0.0017
Sell
Buy: 0
Sell: 10
Neutral: 0


Summary:Strong Sell","Jun 17, 2021 11:41PM GMT"
gbp_usd,1.3938 +0.0019    +0.13%,19:41:40,2021-06-17 23:42:09.923396,"Prev. Close: 1.3919
Bid/Ask: 1.3936 / 1.3939
Day's Range: 1.3915 - 1.3938",Sell,"Summary:Sell
Moving Averages:SellBuy (4)Sell (8)
Technical Indicators:SellBuy (1)Sell (5)","Name
S3
S2
S1
Pivot Points
R1
R2
R3
Classic
1.3914
1.3918
1.3925
1.3930
1.3937
1.3942
1.3949
Fibonacci
1.3918
1.3923
1.3926
1.3930
1.3934
1.3937
1.3942
Camarilla
1.3929
1.3930
1.3931
1.3930
1.3934
1.3935
1.3936
Woodie's
1.3916
1.3919
1.3927
1.3931
1.3939
1.3943
1.3951
DeMark's
-
-
1.3928
1.3931
1.3939
-
-","Technical IndicatorsJun 17, 2021 11:41PM GMT
Name
Value
Action
RSI(14)
41.887
Sell
STOCH(9,6)
46.830
Neutral
STOCHRSI(14)
100.000
Overbought
MACD(12,26)
-0.003
Sell
ADX(14)
35.973
Sell
Williams %R
-48.126
Neutral
CCI(14)
9.7101
Neutral
ATR(14)
0.0023
Less Volatility
Highs/Lows(14)
0.0000
Neutral
Ultimate Oscillator
52.979
Buy
ROC
-0.261
Sell
Bull/Bear Power(13)
-0.0010
Sell
Buy: 1
Sell: 5
Neutral: 4


Summary:Sell","Jun 17, 2021 11:41PM GMT"
usd_jpy,110.32 +0.12    +0.10%,19:41:41,2021-06-17 23:42:09.926717,"Prev. Close: 110.20
Bid/Ask: 110.31 / 110.32
Day's Range: 110.17 - 110.83",Neutral,"Summary:Neutral
Moving Averages:BuyBuy (9)Sell (3)
Technical Indicators:Strong SellBuy (1)Sell (7)","Name
S3
S2
S1
Pivot Points
R1
R2
R3
Classic
110.18
110.21
110.25
110.27
110.31
110.33
110.37
Fibonacci
110.21
110.23
110.25
110.27
110.29
110.31
110.33
Camarilla
110.26
110.26
110.27
110.27
110.28
110.29
110.29
Woodie's
110.18
110.21
110.25
110.27
110.31
110.33
110.37
DeMark's
-
-
110.26
110.28
110.32
-
-","Technical IndicatorsJun 17, 2021 11:41PM GMT
Name
Value
Action
RSI(14)
46.433
Neutral
STOCH(9,6)
29.171
Sell
STOCHRSI(14)
29.762
Sell
MACD(12,26)
-0.030
Sell
ADX(14)
28.410
Buy
Williams %R
-75.630
Sell
CCI(14)
-43.1109
Neutral
ATR(14)
0.1186
Less Volatility
Highs/Lows(14)
0.0000
Neutral
Ultimate Oscillator
47.009
Sell
ROC
-0.343
Sell
Bull/Bear Power(13)
-0.1230
Sell
Buy: 1
Sell: 7
Neutral: 3


Summary:Strong Sell","Jun 17, 2021 11:41PM GMT"
aud_usd,0.7558 +0.0008    +0.10%,19:41:38,2021-06-17 23:42:09.929839,"Prev. Close: 0.7550
Bid/Ask: 0.7557 / 0.7558
Day's Range: 0.7547 - 0.7560",Strong Sell,"Summary:Strong Sell
Moving Averages:SellBuy (3)Sell (9)
Technical Indicators:Strong SellBuy (0)Sell (8)","Name
S3
S2
S1
Pivot Points
R1
R2
R3
Classic
0.7545
0.7548
0.7554
0.7557
0.7563
0.7566
0.7572
Fibonacci
0.7548
0.7551
0.7554
0.7557
0.7560
0.7563
0.7566
Camarilla
0.7556
0.7557
0.7558
0.7557
0.7559
0.7560
0.7561
Woodie's
0.7545
0.7548
0.7554
0.7557
0.7563
0.7566
0.7572
DeMark's
-
-
0.7555
0.7557
0.7563
-
-","Technical IndicatorsJun 17, 2021 11:41PM GMT
Name
Value
Action
RSI(14)
33.225
Sell
STOCH(9,6)
32.713
Sell
STOCHRSI(14)
97.695
Overbought
MACD(12,26)
-0.002
Sell
ADX(14)
49.534
Sell
Williams %R
-69.231
Sell
CCI(14)
-44.1976
Neutral
ATR(14)
0.0015
Less Volatility
Highs/Lows(14)
0.0000
Neutral
Ultimate Oscillator
46.387
Sell
ROC
-0.507
Sell
Bull/Bear Power(13)
-0.0007
Sell
Buy: 0
Sell: 8
Neutral: 2


Summary:Strong Sell","Jun 17, 2021 11:41PM GMT"
eur_gbp,0.8546 -0.0006    -0.06%,19:41:41,2021-06-17 23:42:09.932920,"Prev. Close: 0.8551
Bid/Ask: 0.8543 / 0.8548
Day's Range: 0.8546 - 0.8557",Strong Sell,"Summary:Strong Sell
Moving Averages:Strong SellBuy (0)Sell (12)
Technical Indicators:Strong SellBuy (0)Sell (9)","Name
S3
S2
S1
Pivot Points
R1
R2
R3
Classic
0.8540
0.8544
0.8546
0.8550
0.8553
0.8556
0.8559
Fibonacci
0.8544
0.8546
0.8548
0.8550
0.8552
0.8554
0.8556
Camarilla
0.8548
0.8548
0.8549
0.8550
0.8550
0.8551
0.8551
Woodie's
0.8540
0.8544
0.8546
0.8550
0.8553
0.8556
0.8559
DeMark's
-
-
0.8545
0.8549
0.8552
-
-","Technical IndicatorsJun 17, 2021 11:41PM GMT
Name
Value
Action
RSI(14)
33.359
Sell
STOCH(9,6)
25.573
Sell
STOCHRSI(14)
0.000
Oversold
MACD(12,26)
-0.001
Sell
ADX(14)
30.673
Sell
Williams %R
-96.296
Oversold
CCI(14)
-164.7689
Sell
ATR(14)
0.0010
Less Volatility
Highs/Lows(14)
-0.0005
Sell
Ultimate Oscillator
45.481
Sell
ROC
-0.076
Sell
Bull/Bear Power(13)
-0.0025
Sell
Buy: 0
Sell: 9
Neutral: 0


Summary:Strong Sell","Jun 17, 2021 11:41PM GMT"
usd_cad,1.2345 -0.0016    -0.13%,19:41:43,2021-06-17 23:42:09.935977,"Prev. Close: 1.2361
Bid/Ask: 1.2343 / 1.2347
Day's Range: 1.2340 - 1.2368",Strong Buy,"Summary:Strong Buy
Moving Averages:BuyBuy (8)Sell (4)
Technical Indicators:Strong BuyBuy (8)Sell (0)","Name
S3
S2
S1
Pivot Points
R1
R2
R3
Classic
1.2323
1.2333
1.2339
1.2348
1.2354
1.2363
1.2369
Fibonacci
1.2333
1.2338
1.2342
1.2348
1.2354
1.2358
1.2363
Camarilla
1.2341
1.2342
1.2344
1.2348
1.2346
1.2348
1.2349
Woodie's
1.2321
1.2332
1.2337
1.2347
1.2352
1.2362
1.2367
DeMark's
-
-
1.2336
1.2347
1.2351
-
-","Technical IndicatorsJun 17, 2021 11:41PM GMT
Name
Value
Action
RSI(14)
64.115
Buy
STOCH(9,6)
67.146
Buy
STOCHRSI(14)
0.963
Oversold
MACD(12,26)
0.003
Buy
ADX(14)
43.361
Buy
Williams %R
-38.789
Buy
CCI(14)
17.8246
Neutral
ATR(14)
0.0023
Less Volatility
Highs/Lows(14)
0.0000
Neutral
Ultimate Oscillator
65.003
Buy
ROC
0.199
Buy
Bull/Bear Power(13)
0.0009
Buy
Buy: 8
Sell: 0
Neutral: 2


Summary:Strong Buy","Jun 17, 2021 11:41PM GMT"
usd_chf,0.9178 +0.0005    +0.05%,19:41:40,2021-06-17 23:42:09.939017,"Prev. Close: 0.9173
Bid/Ask: 0.9176 / 0.9180
Day's Range: 0.9169 - 0.9183",Strong Buy,"Summary:Strong Buy
Moving Averages:BuyBuy (12)Sell (0)
Technical Indicators:Strong BuyBuy (8)Sell (0)","Name
S3
S2
S1
Pivot Points
R1
R2
R3
Classic
0.9170
0.9172
0.9174
0.9176
0.9178
0.9180
0.9182
Fibonacci
0.9172
0.9174
0.9174
0.9176
0.9178
0.9178
0.9180
Camarilla
0.9174
0.9174
0.9175
0.9176
0.9175
0.9176
0.9176
Woodie's
0.9170
0.9172
0.9174
0.9176
0.9178
0.9180
0.9182
DeMark's
-
-
0.9172
0.9175
0.9176
-
-","Technical IndicatorsJun 17, 2021 11:41PM GMT
Name
Value
Action
RSI(14)
75.125
Overbought
STOCH(9,6)
75.543
Buy
STOCHRSI(14)
7.323
Oversold
MACD(12,26)
0.003
Buy
ADX(14)
40.434
Buy
Williams %R
-17.592
Overbought
CCI(14)
78.0123
Buy
ATR(14)
0.0013
Less Volatility
Highs/Lows(14)
0.0006
Buy
Ultimate Oscillator
52.629
Buy
ROC
0.361
Buy
Bull/Bear Power(13)
0.0036
Buy
Buy: 8
Sell: 0
Neutral: 0


Summary:Strong Buy","Jun 17, 2021 11:41PM GMT"
nzd_chf,0.6438 +0.0019    +0.30%,19:41:40,2021-06-17 23:42:09.942027,"Prev. Close: 0.6419
Bid/Ask: 0.6436 / 0.6440
Day's Range: 0.6421 - 0.6441",Strong Buy,"Summary:Strong Buy
Moving Averages:BuyBuy (12)Sell (0)
Technical Indicators:Strong BuyBuy (6)Sell (3)","Name
S3
S2
S1
Pivot Points
R1
R2
R3
Classic
0.6417
0.6422
0.6429
0.6434
0.6441
0.6446
0.6454
Fibonacci
0.6422
0.6426
0.6429
0.6434
0.6439
0.6442
0.6446
Camarilla
0.6434
0.6435
0.6436
0.6434
0.6439
0.6440
0.6441
Woodie's
0.6419
0.6423
0.6431
0.6435
0.6443
0.6447
0.6456
DeMark's
-
-
0.6432
0.6435
0.6444
-
-","Technical IndicatorsJun 17, 2021 11:41PM GMT
Name
Value
Action
RSI(14)
59.336
Buy
STOCH(9,6)
65.144
Buy
STOCHRSI(14)
100.000
Overbought
MACD(12,26)
0.000
Buy
ADX(14)
27.255
Sell
Williams %R
-14.473
Overbought
CCI(14)
176.8869
Buy
ATR(14)
0.0012
Less Volatility
Highs/Lows(14)
0.0007
Buy
Ultimate Oscillator
45.196
Sell
ROC
-0.031
Sell
Bull/Bear Power(13)
0.0015
Buy
Buy: 6
Sell: 3
Neutral: 0


Summary:Strong Buy","Jun 17, 2021 11:41PM GMT"
usd_cny,6.4484 +0.0515    +0.80%,11:27:22,2021-06-17 23:42:09.945037,"Prev. Close: 6.3969
Bid/Ask: 6.4477 / 6.4490
Day's Range: 6.3972 - 6.4494",Strong Buy,"Summary:Strong Buy
Moving Averages:BuyBuy (12)Sell (0)
Technical Indicators:Strong BuyBuy (7)Sell (0)","Name
S3
S2
S1
Pivot Points
R1
R2
R3
Classic
6.4380
6.4399
6.4436
6.4455
6.4492
6.4511
6.4548
Fibonacci
6.4399
6.4420
6.4434
6.4455
6.4476
6.4490
6.4511
Camarilla
6.4458
6.4463
6.4468
6.4455
6.4479
6.4484
6.4489
Woodie's
6.4390
6.4404
6.4446
6.4460
6.4502
6.4516
6.4558
DeMark's
-
-
6.4446
6.4460
6.4502
-
-","Technical IndicatorsJun 17, 2021 03:34PM GMT
Name
Value
Action
RSI(14)
85.433
Overbought
STOCH(9,6)
77.649
Buy
STOCHRSI(14)
100.000
Overbought
MACD(12,26)
0.011
Buy
ADX(14)
61.337
Buy
Williams %R
-3.426
Overbought
CCI(14)
151.8010
Buy
ATR(14)
0.0041
Less Volatility
Highs/Lows(14)
0.0141
Buy
Ultimate Oscillator
82.973
Overbought
ROC
0.391
Buy
Bull/Bear Power(13)
0.0286
Buy
Buy: 7
Sell: 0
Neutral: 0


Summary:Strong Buy","Jun 17, 2021 03:34PM GMT"
usd_hkd,7.7646 +0.0002    +0.00%,19:41:39,2021-06-17 23:42:09.948055,"Prev. Close: 7.7644
Bid/Ask: 7.7645 / 7.7647
Day's Range: 7.7641 - 7.7652",Buy,"Summary:Buy
Moving Averages:BuyBuy (7)Sell (5)
Technical Indicators:BUYBuy (4)Sell (2)","Name
S3
S2
S1
Pivot Points
R1
R2
R3
Classic
7.7629
7.7635
7.7640
7.7646
7.7651
7.7657
7.7663
Fibonacci
7.7635
7.7639
7.7642
7.7646
7.7650
7.7653
7.7657
Camarilla
7.7643
7.7644
7.7645
7.7646
7.7648
7.7649
7.7650
Woodie's
7.7629
7.7635
7.7640
7.7646
7.7651
7.7657
7.7663
DeMark's
-
-
7.7638
7.7645
7.7649
-
-","Technical IndicatorsJun 17, 2021 11:41PM GMT
Name
Value
Action
RSI(14)
53.012
Neutral
STOCH(9,6)
61.167
Buy
STOCHRSI(14)
18.737
Oversold
MACD(12,26)
0.000
Buy
ADX(14)
25.688
Neutral
Williams %R
-57.892
Sell
CCI(14)
-29.9907
Neutral
ATR(14)
0.0008
Less Volatility
Highs/Lows(14)
0.0000
Neutral
Ultimate Oscillator
57.399
Buy
ROC
-0.006
Sell
Bull/Bear Power(13)
0.0009
Buy
Buy: 4
Sell: 2
Neutral: 4


Summary:BUY","Jun 17, 2021 11:41PM GMT"
eur_usd,1.1911 +0.0005    +0.04%,19:42:30,2021-06-17 23:43:10.458791,"Prev. Close: 1.1906
Bid/Ask: 1.1909 / 1.1913
Day's Range: 1.1906 - 1.1914",Strong Sell,"Summary:Strong Sell
Moving Averages:SellBuy (2)Sell (10)
Technical Indicators:Strong SellBuy (0)Sell (10)","Name
S3
S2
S1
Pivot Points
R1
R2
R3
Classic
1.1900
1.1903
1.1907
1.1910
1.1914
1.1917
1.1921
Fibonacci
1.1903
1.1906
1.1907
1.1910
1.1913
1.1914
1.1917
Camarilla
1.1910
1.1910
1.1911
1.1910
1.1912
1.1913
1.1913
Woodie's
1.1902
1.1904
1.1909
1.1911
1.1916
1.1918
1.1923
DeMark's
-
-
1.1909
1.1911
1.1916
-
-","Technical IndicatorsJun 17, 2021 11:41PM GMT
Name
Value
Action
RSI(14)
30.308
Sell
STOCH(9,6)
28.745
Sell
STOCHRSI(14)
97.524
Overbought
MACD(12,26)
-0.003
Sell
ADX(14)
35.992
Sell
Williams %R
-70.492
Sell
CCI(14)
-55.1868
Sell
ATR(14)
0.0016
Less Volatility
Highs/Lows(14)
-0.0001
Sell
Ultimate Oscillator
43.099
Sell
ROC
-0.335
Sell
Bull/Bear Power(13)
-0.0017
Sell
Buy: 0
Sell: 10
Neutral: 0


Summary:Strong Sell","Jun 17, 2021 11:41PM GMT"
gbp_usd,1.3937 +0.0018    +0.13%,19:42:47,2021-06-17 23:43:10.463088,"Prev. Close: 1.3919
Bid/Ask: 1.3935 / 1.3939
Day's Range: 1.3915 - 1.3938",Sell,"Summary:Sell
Moving Averages:SellBuy (4)Sell (8)
Technical Indicators:SellBuy (1)Sell (5)","Name
S3
S2
S1
Pivot Points
R1
R2
R3
Classic
1.3914
1.3918
1.3925
1.3930
1.3937
1.3942
1.3949
Fibonacci
1.3918
1.3923
1.3926
1.3930
1.3934
1.3937
1.3942
Camarilla
1.3929
1.3930
1.3931
1.3930
1.3934
1.3935
1.3936
Woodie's
1.3916
1.3919
1.3927
1.3931
1.3939
1.3943
1.3951
DeMark's
-
-
1.3928
1.3931
1.3939
-
-","Technical IndicatorsJun 17, 2021 11:41PM GMT
Name
Value
Action
RSI(14)
41.887
Sell
STOCH(9,6)
46.830
Neutral
STOCHRSI(14)
100.000
Overbought
MACD(12,26)
-0.003
Sell
ADX(14)
35.973
Sell
Williams %R
-48.126
Neutral
CCI(14)
9.7101
Neutral
ATR(14)
0.0023
Less Volatility
Highs/Lows(14)
0.0000
Neutral
Ultimate Oscillator
52.979
Buy
ROC
-0.261
Sell
Bull/Bear Power(13)
-0.0010
Sell
Buy: 1
Sell: 5
Neutral: 4


Summary:Sell","Jun 17, 2021 11:41PM GMT"
usd_jpy,110.32 +0.12    +0.10%,19:42:36,2021-06-17 23:43:10.466485,"Prev. Close: 110.20
Bid/Ask: 110.31 / 110.32
Day's Range: 110.17 - 110.83",Neutral,"Summary:Neutral
Moving Averages:BuyBuy (9)Sell (3)
Technical Indicators:Strong SellBuy (1)Sell (7)","Name
S3
S2
S1
Pivot Points
R1
R2
R3
Classic
110.18
110.21
110.25
110.27
110.31
110.33
110.37
Fibonacci
110.21
110.23
110.25
110.27
110.29
110.31
110.33
Camarilla
110.26
110.26
110.27
110.27
110.28
110.29
110.29
Woodie's
110.18
110.21
110.25
110.27
110.31
110.33
110.37
DeMark's
-
-
110.26
110.28
110.32
-
-","Technical IndicatorsJun 17, 2021 11:41PM GMT
Name
Value
Action
RSI(14)
46.433
Neutral
STOCH(9,6)
29.171
Sell
STOCHRSI(14)
29.762
Sell
MACD(12,26)
-0.030
Sell
ADX(14)
28.410
Buy
Williams %R
-75.630
Sell
CCI(14)
-43.1109
Neutral
ATR(14)
0.1186
Less Volatility
Highs/Lows(14)
0.0000
Neutral
Ultimate Oscillator
47.009
Sell
ROC
-0.343
Sell
Bull/Bear Power(13)
-0.1230
Sell
Buy: 1
Sell: 7
Neutral: 3


Summary:Strong Sell","Jun 17, 2021 11:41PM GMT"
aud_usd,0.7558 +0.0008    +0.10%,19:42:30,2021-06-17 23:43:10.469623,"Prev. Close: 0.7550
Bid/Ask: 0.7557 / 0.7558
Day's Range: 0.7547 - 0.7560",Strong Sell,"Summary:Strong Sell
Moving Averages:SellBuy (3)Sell (9)
Technical Indicators:Strong SellBuy (0)Sell (8)","Name
S3
S2
S1
Pivot Points
R1
R2
R3
Classic
0.7545
0.7548
0.7554
0.7557
0.7563
0.7566
0.7572
Fibonacci
0.7548
0.7551
0.7554
0.7557
0.7560
0.7563
0.7566
Camarilla
0.7556
0.7557
0.7558
0.7557
0.7559
0.7560
0.7561
Woodie's
0.7545
0.7548
0.7554
0.7557
0.7563
0.7566
0.7572
DeMark's
-
-
0.7555
0.7557
0.7563
-
-","Technical IndicatorsJun 17, 2021 11:41PM GMT
Name
Value
Action
RSI(14)
33.225
Sell
STOCH(9,6)
32.713
Sell
STOCHRSI(14)
97.695
Overbought
MACD(12,26)
-0.002
Sell
ADX(14)
49.534
Sell
Williams %R
-69.231
Sell
CCI(14)
-44.1976
Neutral
ATR(14)
0.0015
Less Volatility
Highs/Lows(14)
0.0000
Neutral
Ultimate Oscillator
46.387
Sell
ROC
-0.507
Sell
Bull/Bear Power(13)
-0.0007
Sell
Buy: 0
Sell: 8
Neutral: 2


Summary:Strong Sell","Jun 17, 2021 11:41PM GMT"
eur_gbp,0.8547 -0.0004    -0.05%,19:42:41,2021-06-17 23:43:10.472698,"Prev. Close: 0.8551
Bid/Ask: 0.8545 / 0.8548
Day's Range: 0.8546 - 0.8557",Strong Sell,"Summary:Strong Sell
Moving Averages:Strong SellBuy (0)Sell (12)
Technical Indicators:Strong SellBuy (0)Sell (9)","Name
S3
S2
S1
Pivot Points
R1
R2
R3
Classic
0.8540
0.8544
0.8546
0.8550
0.8553
0.8556
0.8559
Fibonacci
0.8544
0.8546
0.8548
0.8550
0.8552
0.8554
0.8556
Camarilla
0.8548
0.8548
0.8549
0.8550
0.8550
0.8551
0.8551
Woodie's
0.8540
0.8544
0.8546
0.8550
0.8553
0.8556
0.8559
DeMark's
-
-
0.8545
0.8549
0.8552
-
-","Technical IndicatorsJun 17, 2021 11:41PM GMT
Name
Value
Action
RSI(14)
33.359
Sell
STOCH(9,6)
25.573
Sell
STOCHRSI(14)
0.000
Oversold
MACD(12,26)
-0.001
Sell
ADX(14)
30.673
Sell
Williams %R
-96.296
Oversold
CCI(14)
-164.7689
Sell
ATR(14)
0.0010
Less Volatility
Highs/Lows(14)
-0.0005
Sell
Ultimate Oscillator
45.481
Sell
ROC
-0.076
Sell
Bull/Bear Power(13)
-0.0025
Sell
Buy: 0
Sell: 9
Neutral: 0


Summary:Strong Sell","Jun 17, 2021 11:41PM GMT"
usd_cad,1.2342 -0.0019    -0.15%,19:42:50,2021-06-17 23:43:10.475755,"Prev. Close: 1.2361
Bid/Ask: 1.2340 / 1.2344
Day's Range: 1.2340 - 1.2368",Strong Buy,"Summary:Strong Buy
Moving Averages:BuyBuy (8)Sell (4)
Technical Indicators:Strong BuyBuy (8)Sell (0)","Name
S3
S2
S1
Pivot Points
R1
R2
R3
Classic
1.2323
1.2333
1.2339
1.2348
1.2354
1.2363
1.2369
Fibonacci
1.2333
1.2338
1.2342
1.2348
1.2354
1.2358
1.2363
Camarilla
1.2341
1.2342
1.2344
1.2348
1.2346
1.2348
1.2349
Woodie's
1.2321
1.2332
1.2337
1.2347
1.2352
1.2362
1.2367
DeMark's
-
-
1.2336
1.2347
1.2351
-
-","Technical IndicatorsJun 17, 2021 11:41PM GMT
Name
Value
Action
RSI(14)
64.115
Buy
STOCH(9,6)
67.146
Buy
STOCHRSI(14)
0.963
Oversold
MACD(12,26)
0.003
Buy
ADX(14)
43.361
Buy
Williams %R
-38.789
Buy
CCI(14)
17.8246
Neutral
ATR(14)
0.0023
Less Volatility
Highs/Lows(14)
0.0000
Neutral
Ultimate Oscillator
65.003
Buy
ROC
0.199
Buy
Bull/Bear Power(13)
0.0009
Buy
Buy: 8
Sell: 0
Neutral: 2


Summary:Strong Buy","Jun 17, 2021 11:41PM GMT"
usd_chf,0.9179 +0.0006    +0.06%,19:42:36,2021-06-17 23:43:10.478813,"Prev. Close: 0.9173
Bid/Ask: 0.9178 / 0.9179
Day's Range: 0.9169 - 0.9183",Strong Buy,"Summary:Strong Buy
Moving Averages:BuyBuy (12)Sell (0)
Technical Indicators:Strong BuyBuy (8)Sell (0)","Name
S3
S2
S1
Pivot Points
R1
R2
R3
Classic
0.9170
0.9172
0.9174
0.9176
0.9178
0.9180
0.9182
Fibonacci
0.9172
0.9174
0.9174
0.9176
0.9178
0.9178
0.9180
Camarilla
0.9174
0.9174
0.9175
0.9176
0.9175
0.9176
0.9176
Woodie's
0.9170
0.9172
0.9174
0.9176
0.9178
0.9180
0.9182
DeMark's
-
-
0.9172
0.9175
0.9176
-
-","Technical IndicatorsJun 17, 2021 11:41PM GMT
Name
Value
Action
RSI(14)
75.125
Overbought
STOCH(9,6)
75.543
Buy
STOCHRSI(14)
7.323
Oversold
MACD(12,26)
0.003
Buy
ADX(14)
40.434
Buy
Williams %R
-17.592
Overbought
CCI(14)
78.0123
Buy
ATR(14)
0.0013
Less Volatility
Highs/Lows(14)
0.0006
Buy
Ultimate Oscillator
52.629
Buy
ROC
0.361
Buy
Bull/Bear Power(13)
0.0036
Buy
Buy: 8
Sell: 0
Neutral: 0


Summary:Strong Buy","Jun 17, 2021 11:41PM GMT"
nzd_chf,0.6439 +0.0020    +0.31%,19:42:58,2021-06-17 23:43:10.481824,"Prev. Close: 0.6419
Bid/Ask: 0.6438 / 0.6440
Day's Range: 0.6421 - 0.6441",Strong Buy,"Summary:Strong Buy
Moving Averages:BuyBuy (12)Sell (0)
Technical Indicators:Strong BuyBuy (6)Sell (3)","Name
S3
S2
S1
Pivot Points
R1
R2
R3
Classic
0.6417
0.6422
0.6429
0.6434
0.6441
0.6446
0.6454
Fibonacci
0.6422
0.6426
0.6429
0.6434
0.6439
0.6442
0.6446
Camarilla
0.6434
0.6435
0.6436
0.6434
0.6439
0.6440
0.6441
Woodie's
0.6419
0.6423
0.6431
0.6435
0.6443
0.6447
0.6456
DeMark's
-
-
0.6432
0.6435
0.6444
-
-","Technical IndicatorsJun 17, 2021 11:41PM GMT
Name
Value
Action
RSI(14)
59.336
Buy
STOCH(9,6)
65.144
Buy
STOCHRSI(14)
100.000
Overbought
MACD(12,26)
0.000
Buy
ADX(14)
27.255
Sell
Williams %R
-14.473
Overbought
CCI(14)
176.8869
Buy
ATR(14)
0.0012
Less Volatility
Highs/Lows(14)
0.0007
Buy
Ultimate Oscillator
45.196
Sell
ROC
-0.031
Sell
Bull/Bear Power(13)
0.0015
Buy
Buy: 6
Sell: 3
Neutral: 0


Summary:Strong Buy","Jun 17, 2021 11:41PM GMT"
usd_cny,6.4484 +0.0515    +0.80%,11:27:22,2021-06-17 23:43:10.484862,"Prev. Close: 6.3969
Bid/Ask: 6.4477 / 6.4490
Day's Range: 6.3972 - 6.4494",Strong Buy,"Summary:Strong Buy
Moving Averages:BuyBuy (12)Sell (0)
Technical Indicators:Strong BuyBuy (7)Sell (0)","Name
S3
S2
S1
Pivot Points
R1
R2
R3
Classic
6.4380
6.4399
6.4436
6.4455
6.4492
6.4511
6.4548
Fibonacci
6.4399
6.4420
6.4434
6.4455
6.4476
6.4490
6.4511
Camarilla
6.4458
6.4463
6.4468
6.4455
6.4479
6.4484
6.4489
Woodie's
6.4390
6.4404
6.4446
6.4460
6.4502
6.4516
6.4558
DeMark's
-
-
6.4446
6.4460
6.4502
-
-","Technical IndicatorsJun 17, 2021 03:34PM GMT
Name
Value
Action
RSI(14)
85.433
Overbought
STOCH(9,6)
77.649
Buy
STOCHRSI(14)
100.000
Overbought
MACD(12,26)
0.011
Buy
ADX(14)
61.337
Buy
Williams %R
-3.426
Overbought
CCI(14)
151.8010
Buy
ATR(14)
0.0041
Less Volatility
Highs/Lows(14)
0.0141
Buy
Ultimate Oscillator
82.973
Overbought
ROC
0.391
Buy
Bull/Bear Power(13)
0.0286
Buy
Buy: 7
Sell: 0
Neutral: 0


Summary:Strong Buy","Jun 17, 2021 03:34PM GMT"
usd_hkd,7.7646 +0.0002    +0.00%,19:42:40,2021-06-17 23:43:10.487900,"Prev. Close: 7.7644
Bid/Ask: 7.7645 / 7.7647
Day's Range: 7.7641 - 7.7652",Buy,"Summary:Buy
Moving Averages:BuyBuy (7)Sell (5)
Technical Indicators:BUYBuy (4)Sell (2)","Name
S3
S2
S1
Pivot Points
R1
R2
R3
Classic
7.7629
7.7635
7.7640
7.7646
7.7651
7.7657
7.7663
Fibonacci
7.7635
7.7639
7.7642
7.7646
7.7650
7.7653
7.7657
Camarilla
7.7643
7.7644
7.7645
7.7646
7.7648
7.7649
7.7650
Woodie's
7.7629
7.7635
7.7640
7.7646
7.7651
7.7657
7.7663
DeMark's
-
-
7.7638
7.7645
7.7649
-
-","Technical IndicatorsJun 17, 2021 11:41PM GMT
Name
Value
Action
RSI(14)
53.012
Neutral
STOCH(9,6)
61.167
Buy
STOCHRSI(14)
18.737
Oversold
MACD(12,26)
0.000
Buy
ADX(14)
25.688
Neutral
Williams %R
-57.892
Sell
CCI(14)
-29.9907
Neutral
ATR(14)
0.0008
Less Volatility
Highs/Lows(14)
0.0000
Neutral
Ultimate Oscillator
57.399
Buy
ROC
-0.006
Sell
Bull/Bear Power(13)
0.0009
Buy
Buy: 4
Sell: 2
Neutral: 4


Summary:BUY","Jun 17, 2021 11:41PM GMT"
eur_usd,1.1912 +0.0006    +0.05%,19:43:00,2021-06-17 23:44:10.122943,"Prev. Close: 1.1906
Bid/Ask: 1.1911 / 1.1912
Day's Range: 1.1906 - 1.1914",Strong Sell,"Summary:Strong Sell
Moving Averages:SellBuy (3)Sell (9)
Technical Indicators:Strong SellBuy (0)Sell (9)","Name
S3
S2
S1
Pivot Points
R1
R2
R3
Classic
1.1900
1.1903
1.1907
1.1910
1.1914
1.1917
1.1921
Fibonacci
1.1903
1.1906
1.1907
1.1910
1.1913
1.1914
1.1917
Camarilla
1.1910
1.1910
1.1911
1.1910
1.1912
1.1913
1.1913
Woodie's
1.1902
1.1904
1.1909
1.1911
1.1916
1.1918
1.1923
DeMark's
-
-
1.1909
1.1911
1.1916
-
-","Technical IndicatorsJun 17, 2021 11:43PM GMT
Name
Value
Action
RSI(14)
30.980
Sell
STOCH(9,6)
29.398
Sell
STOCHRSI(14)
100.000
Overbought
MACD(12,26)
-0.003
Sell
ADX(14)
35.992
Sell
Williams %R
-67.213
Sell
CCI(14)
-51.8995
Sell
ATR(14)
0.0016
Less Volatility
Highs/Lows(14)
0.0000
Neutral
Ultimate Oscillator
44.990
Sell
ROC
-0.318
Sell
Bull/Bear Power(13)
-0.0017
Sell
Buy: 0
Sell: 9
Neutral: 1


Summary:Strong Sell","Jun 17, 2021 11:43PM GMT"
gbp_usd,1.3938 +0.0019    +0.13%,19:43:28,2021-06-17 23:44:10.127191,"Prev. Close: 1.3919
Bid/Ask: 1.3937 / 1.3938
Day's Range: 1.3915 - 1.3938",Sell,"Summary:Sell
Moving Averages:SellBuy (4)Sell (8)
Technical Indicators:SellBuy (1)Sell (5)","Name
S3
S2
S1
Pivot Points
R1
R2
R3
Classic
1.3914
1.3918
1.3925
1.3930
1.3937
1.3942
1.3949
Fibonacci
1.3918
1.3923
1.3926
1.3930
1.3934
1.3937
1.3942
Camarilla
1.3929
1.3930
1.3931
1.3930
1.3934
1.3935
1.3936
Woodie's
1.3916
1.3919
1.3927
1.3931
1.3939
1.3943
1.3951
DeMark's
-
-
1.3928
1.3931
1.3939
-
-","Technical IndicatorsJun 17, 2021 11:43PM GMT
Name
Value
Action
RSI(14)
41.887
Sell
STOCH(9,6)
46.830
Neutral
STOCHRSI(14)
100.000
Overbought
MACD(12,26)
-0.003
Sell
ADX(14)
35.973
Sell
Williams %R
-48.126
Neutral
CCI(14)
9.7101
Neutral
ATR(14)
0.0023
Less Volatility
Highs/Lows(14)
0.0000
Neutral
Ultimate Oscillator
52.979
Buy
ROC
-0.261
Sell
Bull/Bear Power(13)
-0.0010
Sell
Buy: 1
Sell: 5
Neutral: 4


Summary:Sell","Jun 17, 2021 11:43PM GMT"
usd_jpy,110.32 +0.12    +0.10%,19:43:39,2021-06-17 23:44:10.130435,"Prev. Close: 110.20
Bid/Ask: 110.31 / 110.32
Day's Range: 110.17 - 110.83",Neutral,"Summary:Neutral
Moving Averages:BuyBuy (7)Sell (5)
Technical Indicators:Strong SellBuy (1)Sell (8)","Name
S3
S2
S1
Pivot Points
R1
R2
R3
Classic
110.18
110.21
110.25
110.27
110.31
110.33
110.37
Fibonacci
110.21
110.23
110.25
110.27
110.29
110.31
110.33
Camarilla
110.26
110.26
110.27
110.27
110.28
110.29
110.29
Woodie's
110.18
110.21
110.25
110.27
110.31
110.33
110.37
DeMark's
-
-
110.26
110.28
110.32
-
-","Technical IndicatorsJun 17, 2021 11:43PM GMT
Name
Value
Action
RSI(14)
45.782
Neutral
STOCH(9,6)
28.316
Sell
STOCHRSI(14)
27.390
Sell
MACD(12,26)
-0.030
Sell
ADX(14)
28.410
Buy
Williams %R
-77.311
Sell
CCI(14)
-44.5217
Neutral
ATR(14)
0.1186
Less Volatility
Highs/Lows(14)
-0.0025
Sell
Ultimate Oscillator
45.732
Sell
ROC
-0.352
Sell
Bull/Bear Power(13)
-0.1190
Sell
Buy: 1
Sell: 8
Neutral: 2


Summary:Strong Sell","Jun 17, 2021 11:43PM GMT"
aud_usd,0.7558 +0.0008    +0.10%,19:43:19,2021-06-17 23:44:10.133451,"Prev. Close: 0.7550
Bid/Ask: 0.7557 / 0.7558
Day's Range: 0.7547 - 0.7560",Strong Sell,"Summary:Strong Sell
Moving Averages:SellBuy (3)Sell (9)
Technical Indicators:Strong SellBuy (0)Sell (8)","Name
S3
S2
S1
Pivot Points
R1
R2
R3
Classic
0.7545
0.7548
0.7554
0.7557
0.7563
0.7566
0.7572
Fibonacci
0.7548
0.7551
0.7554
0.7557
0.7560
0.7563
0.7566
Camarilla
0.7556
0.7557
0.7558
0.7557
0.7559
0.7560
0.7561
Woodie's
0.7545
0.7548
0.7554
0.7557
0.7563
0.7566
0.7572
DeMark's
-
-
0.7555
0.7557
0.7563
-
-","Technical IndicatorsJun 17, 2021 11:43PM GMT
Name
Value
Action
RSI(14)
33.402
Sell
STOCH(9,6)
32.978
Sell
STOCHRSI(14)
98.841
Overbought
MACD(12,26)
-0.002
Sell
ADX(14)
49.534
Sell
Williams %R
-68.376
Sell
CCI(14)
-43.0446
Neutral
ATR(14)
0.0015
Less Volatility
Highs/Lows(14)
0.0000
Neutral
Ultimate Oscillator
46.904
Sell
ROC
-0.500
Sell
Bull/Bear Power(13)
-0.0007
Sell
Buy: 0
Sell: 8
Neutral: 2


Summary:Strong Sell","Jun 17, 2021 11:43PM GMT"
eur_gbp,0.8546 -0.0005    -0.06%,19:43:39,2021-06-17 23:44:10.136456,"Prev. Close: 0.8551
Bid/Ask: 0.8544 / 0.8548
Day's Range: 0.8546 - 0.8557",Strong Sell,"Summary:Strong Sell
Moving Averages:Strong SellBuy (0)Sell (12)
Technical Indicators:Strong SellBuy (0)Sell (9)","Name
S3
S2
S1
Pivot Points
R1
R2
R3
Classic
0.8540
0.8544
0.8546
0.8550
0.8553
0.8556
0.8559
Fibonacci
0.8544
0.8546
0.8548
0.8550
0.8552
0.8554
0.8556
Camarilla
0.8548
0.8548
0.8549
0.8550
0.8550
0.8551
0.8551
Woodie's
0.8540
0.8544
0.8546
0.8550
0.8553
0.8556
0.8559
DeMark's
-
-
0.8545
0.8549
0.8552
-
-","Technical IndicatorsJun 17, 2021 11:43PM GMT
Name
Value
Action
RSI(14)
33.670
Sell
STOCH(9,6)
25.990
Sell
STOCHRSI(14)
2.772
Oversold
MACD(12,26)
-0.001
Sell
ADX(14)
30.673
Sell
Williams %R
-94.444
Oversold
CCI(14)
-162.2103
Sell
ATR(14)
0.0010
Less Volatility
Highs/Lows(14)
-0.0004
Sell
Ultimate Oscillator
46.236
Sell
ROC
-0.070
Sell
Bull/Bear Power(13)
-0.0025
Sell
Buy: 0
Sell: 9
Neutral: 0


Summary:Strong Sell","Jun 17, 2021 11:43PM GMT"
usd_cad,1.2346 -0.0015    -0.13%,19:43:42,2021-06-17 23:44:10.139466,"Prev. Close: 1.2361
Bid/Ask: 1.2345 / 1.2346
Day's Range: 1.2340 - 1.2368",Strong Buy,"Summary:Strong Buy
Moving Averages:BuyBuy (8)Sell (4)
Technical Indicators:Strong BuyBuy (8)Sell (0)","Name
S3
S2
S1
Pivot Points
R1
R2
R3
Classic
1.2323
1.2333
1.2339
1.2348
1.2354
1.2363
1.2369
Fibonacci
1.2333
1.2338
1.2342
1.2348
1.2354
1.2358
1.2363
Camarilla
1.2341
1.2342
1.2344
1.2348
1.2346
1.2348
1.2349
Woodie's
1.2321
1.2332
1.2337
1.2347
1.2352
1.2362
1.2367
DeMark's
-
-
1.2336
1.2347
1.2351
-
-","Technical IndicatorsJun 17, 2021 11:43PM GMT
Name
Value
Action
RSI(14)
64.115
Buy
STOCH(9,6)
67.146
Buy
STOCHRSI(14)
0.963
Oversold
MACD(12,26)
0.003
Buy
ADX(14)
43.361
Buy
Williams %R
-38.789
Buy
CCI(14)
17.8246
Neutral
ATR(14)
0.0023
Less Volatility
Highs/Lows(14)
0.0000
Neutral
Ultimate Oscillator
65.003
Buy
ROC
0.199
Buy
Bull/Bear Power(13)
0.0009
Buy
Buy: 8
Sell: 0
Neutral: 2


Summary:Strong Buy","Jun 17, 2021 11:43PM GMT"
usd_chf,0.9179 +0.0006    +0.06%,19:43:42,2021-06-17 23:44:10.142453,"Prev. Close: 0.9173
Bid/Ask: 0.9178 / 0.9179
Day's Range: 0.9169 - 0.9183",Strong Buy,"Summary:Strong Buy
Moving Averages:BuyBuy (12)Sell (0)
Technical Indicators:Strong BuyBuy (9)Sell (0)","Name
S3
S2
S1
Pivot Points
R1
R2
R3
Classic
0.9170
0.9172
0.9174
0.9176
0.9178
0.9180
0.9182
Fibonacci
0.9172
0.9174
0.9174
0.9176
0.9178
0.9178
0.9180
Camarilla
0.9174
0.9174
0.9175
0.9176
0.9175
0.9176
0.9176
Woodie's
0.9170
0.9172
0.9174
0.9176
0.9178
0.9180
0.9182
DeMark's
-
-
0.9172
0.9175
0.9176
-
-","Technical IndicatorsJun 17, 2021 11:43PM GMT
Name
Value
Action
RSI(14)
74.996
Buy
STOCH(9,6)
75.327
Buy
STOCHRSI(14)
6.314
Oversold
MACD(12,26)
0.003
Buy
ADX(14)
40.434
Buy
Williams %R
-18.518
Overbought
CCI(14)
77.1499
Buy
ATR(14)
0.0013
Less Volatility
Highs/Lows(14)
0.0005
Buy
Ultimate Oscillator
52.089
Buy
ROC
0.355
Buy
Bull/Bear Power(13)
0.0036
Buy
Buy: 9
Sell: 0
Neutral: 0


Summary:Strong Buy","Jun 17, 2021 11:43PM GMT"
nzd_chf,0.6439 +0.0020    +0.31%,19:43:42,2021-06-17 23:44:10.145427,"Prev. Close: 0.6419
Bid/Ask: 0.6437 / 0.6441
Day's Range: 0.6421 - 0.6441",Strong Buy,"Summary:Strong Buy
Moving Averages:BuyBuy (12)Sell (0)
Technical Indicators:Strong BuyBuy (6)Sell (3)","Name
S3
S2
S1
Pivot Points
R1
R2
R3
Classic
0.6417
0.6422
0.6429
0.6434
0.6441
0.6446
0.6454
Fibonacci
0.6422
0.6426
0.6429
0.6434
0.6439
0.6442
0.6446
Camarilla
0.6434
0.6435
0.6436
0.6434
0.6439
0.6440
0.6441
Woodie's
0.6419
0.6423
0.6431
0.6435
0.6443
0.6447
0.6456
DeMark's
-
-
0.6432
0.6435
0.6444
-
-","Technical IndicatorsJun 17, 2021 11:43PM GMT
Name
Value
Action
RSI(14)
59.638
Buy
STOCH(9,6)
65.470
Buy
STOCHRSI(14)
100.000
Overbought
MACD(12,26)
0.000
Buy
ADX(14)
27.255
Sell
Williams %R
-13.159
Overbought
CCI(14)
178.8475
Buy
ATR(14)
0.0012
Less Volatility
Highs/Lows(14)
0.0007
Buy
Ultimate Oscillator
45.751
Sell
ROC
-0.023
Sell
Bull/Bear Power(13)
0.0015
Buy
Buy: 6
Sell: 3
Neutral: 0


Summary:Strong Buy","Jun 17, 2021 11:43PM GMT"
usd_cny,6.4484 +0.0515    +0.80%,11:27:22,2021-06-17 23:44:10.148412,"Prev. Close: 6.3969
Bid/Ask: 6.4477 / 6.4490
Day's Range: 6.3972 - 6.4494",Strong Buy,"Summary:Strong Buy
Moving Averages:BuyBuy (12)Sell (0)
Technical Indicators:Strong BuyBuy (7)Sell (0)","Name
S3
S2
S1
Pivot Points
R1
R2
R3
Classic
6.4380
6.4399
6.4436
6.4455
6.4492
6.4511
6.4548
Fibonacci
6.4399
6.4420
6.4434
6.4455
6.4476
6.4490
6.4511
Camarilla
6.4458
6.4463
6.4468
6.4455
6.4479
6.4484
6.4489
Woodie's
6.4390
6.4404
6.4446
6.4460
6.4502
6.4516
6.4558
DeMark's
-
-
6.4446
6.4460
6.4502
-
-","Technical IndicatorsJun 17, 2021 03:34PM GMT
Name
Value
Action
RSI(14)
85.433
Overbought
STOCH(9,6)
77.649
Buy
STOCHRSI(14)
100.000
Overbought
MACD(12,26)
0.011
Buy
ADX(14)
61.337
Buy
Williams %R
-3.426
Overbought
CCI(14)
151.8010
Buy
ATR(14)
0.0041
Less Volatility
Highs/Lows(14)
0.0141
Buy
Ultimate Oscillator
82.973
Overbought
ROC
0.391
Buy
Bull/Bear Power(13)
0.0286
Buy
Buy: 7
Sell: 0
Neutral: 0


Summary:Strong Buy","Jun 17, 2021 03:34PM GMT"
usd_hkd,7.7646 +0.0002    +0.00%,19:43:41,2021-06-17 23:44:10.151418,"Prev. Close: 7.7644
Bid/Ask: 7.7645 / 7.7647
Day's Range: 7.7641 - 7.7652",Neutral,"Summary:Neutral
Moving Averages:BuyBuy (8)Sell (4)
Technical Indicators:NeutralBuy (3)Sell (3)","Name
S3
S2
S1
Pivot Points
R1
R2
R3
Classic
7.7629
7.7635
7.7640
7.7646
7.7651
7.7657
7.7663
Fibonacci
7.7635
7.7639
7.7642
7.7646
7.7650
7.7653
7.7657
Camarilla
7.7643
7.7644
7.7645
7.7646
7.7648
7.7649
7.7650
Woodie's
7.7629
7.7635
7.7640
7.7646
7.7651
7.7657
7.7663
DeMark's
-
-
7.7638
7.7645
7.7649
-
-","Technical IndicatorsJun 17, 2021 11:43PM GMT
Name
Value
Action
RSI(14)
54.033
Neutral
STOCH(9,6)
62.279
Buy
STOCHRSI(14)
25.613
Sell
MACD(12,26)
0.000
Buy
ADX(14)
25.688
Neutral
Williams %R
-52.622
Neutral
CCI(14)
-21.4281
Neutral
ATR(14)
0.0008
Less Volatility
Highs/Lows(14)
0.0000
Neutral
Ultimate Oscillator
59.020
Buy
ROC
-0.005
Sell
Bull/Bear Power(13)
-0.0011
Sell
Buy: 3
Sell: 3
Neutral: 5


Summary:Neutral","Jun 17, 2021 11:43PM GMT"
eur_usd,1.1912 +0.0006    +0.05%,19:43:00,2021-06-17 23:45:10.085791,"Prev. Close: 1.1906
Bid/Ask: 1.1911 / 1.1912
Day's Range: 1.1906 - 1.1914",Strong Sell,"Summary:Strong Sell
Moving Averages:SellBuy (3)Sell (9)
Technical Indicators:Strong SellBuy (0)Sell (9)","Name
S3
S2
S1
Pivot Points
R1
R2
R3
Classic
1.1900
1.1903
1.1907
1.1910
1.1914
1.1917
1.1921
Fibonacci
1.1903
1.1906
1.1907
1.1910
1.1913
1.1914
1.1917
Camarilla
1.1910
1.1910
1.1911
1.1910
1.1912
1.1913
1.1913
Woodie's
1.1902
1.1904
1.1909
1.1911
1.1916
1.1918
1.1923
DeMark's
-
-
1.1909
1.1911
1.1916
-
-","Technical IndicatorsJun 17, 2021 11:43PM GMT
Name
Value
Action
RSI(14)
30.980
Sell
STOCH(9,6)
29.398
Sell
STOCHRSI(14)
100.000
Overbought
MACD(12,26)
-0.003
Sell
ADX(14)
35.992
Sell
Williams %R
-67.213
Sell
CCI(14)
-51.8995
Sell
ATR(14)
0.0016
Less Volatility
Highs/Lows(14)
0.0000
Neutral
Ultimate Oscillator
44.990
Sell
ROC
-0.318
Sell
Bull/Bear Power(13)
-0.0017
Sell
Buy: 0
Sell: 9
Neutral: 1


Summary:Strong Sell","Jun 17, 2021 11:43PM GMT"
gbp_usd,1.3938 +0.0019    +0.13%,19:44:47,2021-06-17 23:45:10.090111,"Prev. Close: 1.3919
Bid/Ask: 1.3937 / 1.3938
Day's Range: 1.3915 - 1.3938",Sell,"Summary:Sell
Moving Averages:SellBuy (4)Sell (8)
Technical Indicators:SellBuy (1)Sell (5)","Name
S3
S2
S1
Pivot Points
R1
R2
R3
Classic
1.3914
1.3918
1.3925
1.3930
1.3937
1.3942
1.3949
Fibonacci
1.3918
1.3923
1.3926
1.3930
1.3934
1.3937
1.3942
Camarilla
1.3929
1.3930
1.3931
1.3930
1.3934
1.3935
1.3936
Woodie's
1.3916
1.3919
1.3927
1.3931
1.3939
1.3943
1.3951
DeMark's
-
-
1.3928
1.3931
1.3939
-
-","Technical IndicatorsJun 17, 2021 11:43PM GMT
Name
Value
Action
RSI(14)
41.887
Sell
STOCH(9,6)
46.830
Neutral
STOCHRSI(14)
100.000
Overbought
MACD(12,26)
-0.003
Sell
ADX(14)
35.973
Sell
Williams %R
-48.126
Neutral
CCI(14)
9.7101
Neutral
ATR(14)
0.0023
Less Volatility
Highs/Lows(14)
0.0000
Neutral
Ultimate Oscillator
52.979
Buy
ROC
-0.261
Sell
Bull/Bear Power(13)
-0.0010
Sell
Buy: 1
Sell: 5
Neutral: 4


Summary:Sell","Jun 17, 2021 11:43PM GMT"
usd_jpy,110.32 +0.12    +0.10%,19:44:42,2021-06-17 23:45:10.093503,"Prev. Close: 110.20
Bid/Ask: 110.31 / 110.32
Day's Range: 110.17 - 110.83",Neutral,"Summary:Neutral
Moving Averages:BuyBuy (7)Sell (5)
Technical Indicators:Strong SellBuy (1)Sell (8)","Name
S3
S2
S1
Pivot Points
R1
R2
R3
Classic
110.18
110.21
110.25
110.27
110.31
110.33
110.37
Fibonacci
110.21
110.23
110.25
110.27
110.29
110.31
110.33
Camarilla
110.26
110.26
110.27
110.27
110.28
110.29
110.29
Woodie's
110.18
110.21
110.25
110.27
110.31
110.33
110.37
DeMark's
-
-
110.26
110.28
110.32
-
-","Technical IndicatorsJun 17, 2021 11:43PM GMT
Name
Value
Action
RSI(14)
45.782
Neutral
STOCH(9,6)
28.316
Sell
STOCHRSI(14)
27.390
Sell
MACD(12,26)
-0.030
Sell
ADX(14)
28.410
Buy
Williams %R
-77.311
Sell
CCI(14)
-44.5217
Neutral
ATR(14)
0.1186
Less Volatility
Highs/Lows(14)
-0.0025
Sell
Ultimate Oscillator
45.732
Sell
ROC
-0.352
Sell
Bull/Bear Power(13)
-0.1190
Sell
Buy: 1
Sell: 8
Neutral: 2


Summary:Strong Sell","Jun 17, 2021 11:43PM GMT"
aud_usd,0.7558 +0.0008    +0.10%,19:44:09,2021-06-17 23:45:10.096776,"Prev. Close: 0.7550
Bid/Ask: 0.7557 / 0.7558
Day's Range: 0.7547 - 0.7560",Strong Sell,"Summary:Strong Sell
Moving Averages:SellBuy (3)Sell (9)
Technical Indicators:Strong SellBuy (0)Sell (8)","Name
S3
S2
S1
Pivot Points
R1
R2
R3
Classic
0.7545
0.7548
0.7554
0.7557
0.7563
0.7566
0.7572
Fibonacci
0.7548
0.7551
0.7554
0.7557
0.7560
0.7563
0.7566
Camarilla
0.7556
0.7557
0.7558
0.7557
0.7559
0.7560
0.7561
Woodie's
0.7545
0.7548
0.7554
0.7557
0.7563
0.7566
0.7572
DeMark's
-
-
0.7555
0.7557
0.7563
-
-","Technical IndicatorsJun 17, 2021 11:43PM GMT
Name
Value
Action
RSI(14)
33.402
Sell
STOCH(9,6)
32.978
Sell
STOCHRSI(14)
98.841
Overbought
MACD(12,26)
-0.002
Sell
ADX(14)
49.534
Sell
Williams %R
-68.376
Sell
CCI(14)
-43.0446
Neutral
ATR(14)
0.0015
Less Volatility
Highs/Lows(14)
0.0000
Neutral
Ultimate Oscillator
46.904
Sell
ROC
-0.500
Sell
Bull/Bear Power(13)
-0.0007
Sell
Buy: 0
Sell: 8
Neutral: 2


Summary:Strong Sell","Jun 17, 2021 11:43PM GMT"
eur_gbp,0.8546 -0.0005    -0.06%,19:44:47,2021-06-17 23:45:10.099824,"Prev. Close: 0.8551
Bid/Ask: 0.8544 / 0.8548
Day's Range: 0.8546 - 0.8557",Strong Sell,"Summary:Strong Sell
Moving Averages:Strong SellBuy (0)Sell (12)
Technical Indicators:Strong SellBuy (0)Sell (9)","Name
S3
S2
S1
Pivot Points
R1
R2
R3
Classic
0.8540
0.8544
0.8546
0.8550
0.8553
0.8556
0.8559
Fibonacci
0.8544
0.8546
0.8548
0.8550
0.8552
0.8554
0.8556
Camarilla
0.8548
0.8548
0.8549
0.8550
0.8550
0.8551
0.8551
Woodie's
0.8540
0.8544
0.8546
0.8550
0.8553
0.8556
0.8559
DeMark's
-
-
0.8545
0.8549
0.8552
-
-","Technical IndicatorsJun 17, 2021 11:43PM GMT
Name
Value
Action
RSI(14)
33.670
Sell
STOCH(9,6)
25.990
Sell
STOCHRSI(14)
2.772
Oversold
MACD(12,26)
-0.001
Sell
ADX(14)
30.673
Sell
Williams %R
-94.444
Oversold
CCI(14)
-162.2103
Sell
ATR(14)
0.0010
Less Volatility
Highs/Lows(14)
-0.0004
Sell
Ultimate Oscillator
46.236
Sell
ROC
-0.070
Sell
Bull/Bear Power(13)
-0.0025
Sell
Buy: 0
Sell: 9
Neutral: 0


Summary:Strong Sell","Jun 17, 2021 11:43PM GMT"
usd_cad,1.2342 -0.0019    -0.15%,19:44:48,2021-06-17 23:45:10.102845,"Prev. Close: 1.2361
Bid/Ask: 1.2340 / 1.2344
Day's Range: 1.2340 - 1.2368",Strong Buy,"Summary:Strong Buy
Moving Averages:BuyBuy (8)Sell (4)
Technical Indicators:Strong BuyBuy (8)Sell (0)","Name
S3
S2
S1
Pivot Points
R1
R2
R3
Classic
1.2323
1.2333
1.2339
1.2348
1.2354
1.2363
1.2369
Fibonacci
1.2333
1.2338
1.2342
1.2348
1.2354
1.2358
1.2363
Camarilla
1.2341
1.2342
1.2344
1.2348
1.2346
1.2348
1.2349
Woodie's
1.2321
1.2332
1.2337
1.2347
1.2352
1.2362
1.2367
DeMark's
-
-
1.2336
1.2347
1.2351
-
-","Technical IndicatorsJun 17, 2021 11:43PM GMT
Name
Value
Action
RSI(14)
64.115
Buy
STOCH(9,6)
67.146
Buy
STOCHRSI(14)
0.963
Oversold
MACD(12,26)
0.003
Buy
ADX(14)
43.361
Buy
Williams %R
-38.789
Buy
CCI(14)
17.8246
Neutral
ATR(14)
0.0023
Less Volatility
Highs/Lows(14)
0.0000
Neutral
Ultimate Oscillator
65.003
Buy
ROC
0.199
Buy
Bull/Bear Power(13)
0.0009
Buy
Buy: 8
Sell: 0
Neutral: 2


Summary:Strong Buy","Jun 17, 2021 11:43PM GMT"
usd_chf,0.9178 +0.0005    +0.05%,19:44:36,2021-06-17 23:45:10.105829,"Prev. Close: 0.9173
Bid/Ask: 0.9176 / 0.9180
Day's Range: 0.9169 - 0.9183",Strong Buy,"Summary:Strong Buy
Moving Averages:BuyBuy (12)Sell (0)
Technical Indicators:Strong BuyBuy (9)Sell (0)","Name
S3
S2
S1
Pivot Points
R1
R2
R3
Classic
0.9170
0.9172
0.9174
0.9176
0.9178
0.9180
0.9182
Fibonacci
0.9172
0.9174
0.9174
0.9176
0.9178
0.9178
0.9180
Camarilla
0.9174
0.9174
0.9175
0.9176
0.9175
0.9176
0.9176
Woodie's
0.9170
0.9172
0.9174
0.9176
0.9178
0.9180
0.9182
DeMark's
-
-
0.9172
0.9175
0.9176
-
-","Technical IndicatorsJun 17, 2021 11:43PM GMT
Name
Value
Action
RSI(14)
74.996
Buy
STOCH(9,6)
75.327
Buy
STOCHRSI(14)
6.314
Oversold
MACD(12,26)
0.003
Buy
ADX(14)
40.434
Buy
Williams %R
-18.518
Overbought
CCI(14)
77.1499
Buy
ATR(14)
0.0013
Less Volatility
Highs/Lows(14)
0.0005
Buy
Ultimate Oscillator
52.089
Buy
ROC
0.355
Buy
Bull/Bear Power(13)
0.0036
Buy
Buy: 9
Sell: 0
Neutral: 0


Summary:Strong Buy","Jun 17, 2021 11:43PM GMT"
nzd_chf,0.6440 +0.0021    +0.32%,19:44:51,2021-06-17 23:45:10.108847,"Prev. Close: 0.6419
Bid/Ask: 0.6438 / 0.6441
Day's Range: 0.6421 - 0.6441",Strong Buy,"Summary:Strong Buy
Moving Averages:BuyBuy (12)Sell (0)
Technical Indicators:Strong BuyBuy (6)Sell (3)","Name
S3
S2
S1
Pivot Points
R1
R2
R3
Classic
0.6417
0.6422
0.6429
0.6434
0.6441
0.6446
0.6454
Fibonacci
0.6422
0.6426
0.6429
0.6434
0.6439
0.6442
0.6446
Camarilla
0.6434
0.6435
0.6436
0.6434
0.6439
0.6440
0.6441
Woodie's
0.6419
0.6423
0.6431
0.6435
0.6443
0.6447
0.6456
DeMark's
-
-
0.6432
0.6435
0.6444
-
-","Technical IndicatorsJun 17, 2021 11:43PM GMT
Name
Value
Action
RSI(14)
59.638
Buy
STOCH(9,6)
65.470
Buy
STOCHRSI(14)
100.000
Overbought
MACD(12,26)
0.000
Buy
ADX(14)
27.255
Sell
Williams %R
-13.159
Overbought
CCI(14)
178.8475
Buy
ATR(14)
0.0012
Less Volatility
Highs/Lows(14)
0.0007
Buy
Ultimate Oscillator
45.751
Sell
ROC
-0.023
Sell
Bull/Bear Power(13)
0.0015
Buy
Buy: 6
Sell: 3
Neutral: 0


Summary:Strong Buy","Jun 17, 2021 11:43PM GMT"
usd_cny,6.4484 +0.0515    +0.80%,11:27:22,2021-06-17 23:45:10.111887,"Prev. Close: 6.3969
Bid/Ask: 6.4477 / 6.4490
Day's Range: 6.3972 - 6.4494",Strong Buy,"Summary:Strong Buy
Moving Averages:BuyBuy (12)Sell (0)
Technical Indicators:Strong BuyBuy (7)Sell (0)","Name
S3
S2
S1
Pivot Points
R1
R2
R3
Classic
6.4380
6.4399
6.4436
6.4455
6.4492
6.4511
6.4548
Fibonacci
6.4399
6.4420
6.4434
6.4455
6.4476
6.4490
6.4511
Camarilla
6.4458
6.4463
6.4468
6.4455
6.4479
6.4484
6.4489
Woodie's
6.4390
6.4404
6.4446
6.4460
6.4502
6.4516
6.4558
DeMark's
-
-
6.4446
6.4460
6.4502
-
-","Technical IndicatorsJun 17, 2021 03:34PM GMT
Name
Value
Action
RSI(14)
85.433
Overbought
STOCH(9,6)
77.649
Buy
STOCHRSI(14)
100.000
Overbought
MACD(12,26)
0.011
Buy
ADX(14)
61.337
Buy
Williams %R
-3.426
Overbought
CCI(14)
151.8010
Buy
ATR(14)
0.0041
Less Volatility
Highs/Lows(14)
0.0141
Buy
Ultimate Oscillator
82.973
Overbought
ROC
0.391
Buy
Bull/Bear Power(13)
0.0286
Buy
Buy: 7
Sell: 0
Neutral: 0


Summary:Strong Buy","Jun 17, 2021 03:34PM GMT"
usd_hkd,7.7646 +0.0001    +0.00%,19:44:54,2021-06-17 23:45:10.114931,"Prev. Close: 7.7644
Bid/Ask: 7.7644 / 7.7647
Day's Range: 7.7641 - 7.7652",Neutral,"Summary:Neutral
Moving Averages:BuyBuy (8)Sell (4)
Technical Indicators:NeutralBuy (3)Sell (3)","Name
S3
S2
S1
Pivot Points
R1
R2
R3
Classic
7.7629
7.7635
7.7640
7.7646
7.7651
7.7657
7.7663
Fibonacci
7.7635
7.7639
7.7642
7.7646
7.7650
7.7653
7.7657
Camarilla
7.7643
7.7644
7.7645
7.7646
7.7648
7.7649
7.7650
Woodie's
7.7629
7.7635
7.7640
7.7646
7.7651
7.7657
7.7663
DeMark's
-
-
7.7638
7.7645
7.7649
-
-","Technical IndicatorsJun 17, 2021 11:43PM GMT
Name
Value
Action
RSI(14)
54.033
Neutral
STOCH(9,6)
62.279
Buy
STOCHRSI(14)
25.613
Sell
MACD(12,26)
0.000
Buy
ADX(14)
25.688
Neutral
Williams %R
-52.622
Neutral
CCI(14)
-21.4281
Neutral
ATR(14)
0.0008
Less Volatility
Highs/Lows(14)
0.0000
Neutral
Ultimate Oscillator
59.020
Buy
ROC
-0.005
Sell
Bull/Bear Power(13)
-0.0011
Sell
Buy: 3
Sell: 3
Neutral: 5


Summary:Neutral","Jun 17, 2021 11:43PM GMT"
eur_usd,1.1912 +0.0006    +0.05%,19:45:41,2021-06-17 23:46:10.323111,"Prev. Close: 1.1906
Bid/Ask: 1.1911 / 1.1912
Day's Range: 1.1906 - 1.1914",Strong Sell,"Summary:Strong Sell
Moving Averages:SellBuy (3)Sell (9)
Technical Indicators:Strong SellBuy (0)Sell (9)","Name
S3
S2
S1
Pivot Points
R1
R2
R3
Classic
1.1900
1.1903
1.1907
1.1910
1.1914
1.1917
1.1921
Fibonacci
1.1903
1.1906
1.1907
1.1910
1.1913
1.1914
1.1917
Camarilla
1.1910
1.1910
1.1911
1.1910
1.1912
1.1913
1.1913
Woodie's
1.1902
1.1904
1.1909
1.1911
1.1916
1.1918
1.1923
DeMark's
-
-
1.1909
1.1911
1.1916
-
-","Technical IndicatorsJun 17, 2021 11:45PM GMT
Name
Value
Action
RSI(14)
30.980
Sell
STOCH(9,6)
29.398
Sell
STOCHRSI(14)
100.000
Overbought
MACD(12,26)
-0.003
Sell
ADX(14)
35.992
Sell
Williams %R
-67.213
Sell
CCI(14)
-51.8995
Sell
ATR(14)
0.0016
Less Volatility
Highs/Lows(14)
0.0000
Neutral
Ultimate Oscillator
44.990
Sell
ROC
-0.318
Sell
Bull/Bear Power(13)
-0.0017
Sell
Buy: 0
Sell: 9
Neutral: 1


Summary:Strong Sell","Jun 17, 2021 11:45PM GMT"
gbp_usd,1.3936 +0.0017    +0.12%,19:45:37,2021-06-17 23:46:10.327329,"Prev. Close: 1.3919
Bid/Ask: 1.3934 / 1.3938
Day's Range: 1.3915 - 1.3938",Sell,"Summary:Sell
Moving Averages:SellBuy (4)Sell (8)
Technical Indicators:SellBuy (1)Sell (5)","Name
S3
S2
S1
Pivot Points
R1
R2
R3
Classic
1.3914
1.3918
1.3925
1.3930
1.3937
1.3942
1.3949
Fibonacci
1.3918
1.3923
1.3926
1.3930
1.3934
1.3937
1.3942
Camarilla
1.3929
1.3930
1.3931
1.3930
1.3934
1.3935
1.3936
Woodie's
1.3916
1.3919
1.3927
1.3931
1.3939
1.3943
1.3951
DeMark's
-
-
1.3928
1.3931
1.3939
-
-","Technical IndicatorsJun 17, 2021 11:45PM GMT
Name
Value
Action
RSI(14)
41.525
Sell
STOCH(9,6)
46.541
Neutral
STOCHRSI(14)
100.000
Overbought
MACD(12,26)
-0.003
Sell
ADX(14)
35.973
Sell
Williams %R
-49.375
Neutral
CCI(14)
7.7995
Neutral
ATR(14)
0.0023
Less Volatility
Highs/Lows(14)
0.0000
Neutral
Ultimate Oscillator
52.275
Buy
ROC
-0.268
Sell
Bull/Bear Power(13)
-0.0010
Sell
Buy: 1
Sell: 5
Neutral: 4


Summary:Sell","Jun 17, 2021 11:45PM GMT"
usd_jpy,110.32 +0.12    +0.10%,19:45:30,2021-06-17 23:46:10.330564,"Prev. Close: 110.20
Bid/Ask: 110.31 / 110.32
Day's Range: 110.17 - 110.83",Neutral,"Summary:Neutral
Moving Averages:BuyBuy (7)Sell (5)
Technical Indicators:Strong SellBuy (1)Sell (8)","Name
S3
S2
S1
Pivot Points
R1
R2
R3
Classic
110.18
110.21
110.25
110.27
110.31
110.33
110.37
Fibonacci
110.21
110.23
110.25
110.27
110.29
110.31
110.33
Camarilla
110.26
110.26
110.27
110.27
110.28
110.29
110.29
Woodie's
110.18
110.21
110.25
110.27
110.31
110.33
110.37
DeMark's
-
-
110.26
110.28
110.32
-
-","Technical IndicatorsJun 17, 2021 11:43PM GMT
Name
Value
Action
RSI(14)
45.782
Neutral
STOCH(9,6)
28.316
Sell
STOCHRSI(14)
27.390
Sell
MACD(12,26)
-0.030
Sell
ADX(14)
28.410
Buy
Williams %R
-77.311
Sell
CCI(14)
-44.5217
Neutral
ATR(14)
0.1186
Less Volatility
Highs/Lows(14)
-0.0025
Sell
Ultimate Oscillator
45.732
Sell
ROC
-0.352
Sell
Bull/Bear Power(13)
-0.1190
Sell
Buy: 1
Sell: 8
Neutral: 2


Summary:Strong Sell","Jun 17, 2021 11:43PM GMT"
aud_usd,0.7558 +0.0008    +0.11%,19:45:37,2021-06-17 23:46:10.333615,"Prev. Close: 0.7550
Bid/Ask: 0.7557 / 0.7559
Day's Range: 0.7547 - 0.7560",Strong Sell,"Summary:Strong Sell
Moving Averages:SellBuy (3)Sell (9)
Technical Indicators:Strong SellBuy (0)Sell (8)","Name
S3
S2
S1
Pivot Points
R1
R2
R3
Classic
0.7545
0.7548
0.7554
0.7557
0.7563
0.7566
0.7572
Fibonacci
0.7548
0.7551
0.7554
0.7557
0.7560
0.7563
0.7566
Camarilla
0.7556
0.7557
0.7558
0.7557
0.7559
0.7560
0.7561
Woodie's
0.7545
0.7548
0.7554
0.7557
0.7563
0.7566
0.7572
DeMark's
-
-
0.7555
0.7557
0.7563
-
-","Technical IndicatorsJun 17, 2021 11:45PM GMT
Name
Value
Action
RSI(14)
33.402
Sell
STOCH(9,6)
32.978
Sell
STOCHRSI(14)
98.841
Overbought
MACD(12,26)
-0.002
Sell
ADX(14)
49.534
Sell
Williams %R
-68.376
Sell
CCI(14)
-43.0446
Neutral
ATR(14)
0.0015
Less Volatility
Highs/Lows(14)
0.0000
Neutral
Ultimate Oscillator
46.904
Sell
ROC
-0.500
Sell
Bull/Bear Power(13)
-0.0007
Sell
Buy: 0
Sell: 8
Neutral: 2


Summary:Strong Sell","Jun 17, 2021 11:45PM GMT"
eur_gbp,0.8547 -0.0004    -0.05%,19:45:41,2021-06-17 23:46:10.336669,"Prev. Close: 0.8551
Bid/Ask: 0.8546 / 0.8548
Day's Range: 0.8546 - 0.8557",Strong Sell,"Summary:Strong Sell
Moving Averages:Strong SellBuy (0)Sell (12)
Technical Indicators:Strong SellBuy (0)Sell (9)","Name
S3
S2
S1
Pivot Points
R1
R2
R3
Classic
0.8540
0.8544
0.8546
0.8550
0.8553
0.8556
0.8559
Fibonacci
0.8544
0.8546
0.8548
0.8550
0.8552
0.8554
0.8556
Camarilla
0.8548
0.8548
0.8549
0.8550
0.8550
0.8551
0.8551
Woodie's
0.8540
0.8544
0.8546
0.8550
0.8553
0.8556
0.8559
DeMark's
-
-
0.8545
0.8549
0.8552
-
-","Technical IndicatorsJun 17, 2021 11:45PM GMT
Name
Value
Action
RSI(14)
33.987
Sell
STOCH(9,6)
26.407
Sell
STOCHRSI(14)
5.616
Oversold
MACD(12,26)
-0.001
Sell
ADX(14)
30.673
Sell
Williams %R
-92.591
Oversold
CCI(14)
-159.6345
Sell
ATR(14)
0.0010
Less Volatility
Highs/Lows(14)
-0.0004
Sell
Ultimate Oscillator
46.991
Sell
ROC
-0.064
Sell
Bull/Bear Power(13)
-0.0025
Sell
Buy: 0
Sell: 9
Neutral: 0


Summary:Strong Sell","Jun 17, 2021 11:45PM GMT"
usd_cad,1.2346 -0.0015    -0.13%,19:45:40,2021-06-17 23:46:10.339691,"Prev. Close: 1.2361
Bid/Ask: 1.2345 / 1.2346
Day's Range: 1.2340 - 1.2368",Strong Buy,"Summary:Strong Buy
Moving Averages:BuyBuy (8)Sell (4)
Technical Indicators:Strong BuyBuy (8)Sell (0)","Name
S3
S2
S1
Pivot Points
R1
R2
R3
Classic
1.2323
1.2333
1.2339
1.2348
1.2354
1.2363
1.2369
Fibonacci
1.2333
1.2338
1.2342
1.2348
1.2354
1.2358
1.2363
Camarilla
1.2341
1.2342
1.2344
1.2348
1.2346
1.2348
1.2349
Woodie's
1.2321
1.2332
1.2337
1.2347
1.2352
1.2362
1.2367
DeMark's
-
-
1.2336
1.2347
1.2351
-
-","Technical IndicatorsJun 17, 2021 11:45PM GMT
Name
Value
Action
RSI(14)
64.115
Buy
STOCH(9,6)
67.146
Buy
STOCHRSI(14)
0.963
Oversold
MACD(12,26)
0.003
Buy
ADX(14)
43.361
Buy
Williams %R
-38.789
Buy
CCI(14)
17.8246
Neutral
ATR(14)
0.0023
Less Volatility
Highs/Lows(14)
0.0000
Neutral
Ultimate Oscillator
65.003
Buy
ROC
0.199
Buy
Bull/Bear Power(13)
0.0009
Buy
Buy: 8
Sell: 0
Neutral: 2


Summary:Strong Buy","Jun 17, 2021 11:45PM GMT"
usd_chf,0.9177 +0.0004    +0.04%,19:45:42,2021-06-17 23:46:10.342693,"Prev. Close: 0.9173
Bid/Ask: 0.9173 / 0.9181
Day's Range: 0.9169 - 0.9183",Strong Buy,"Summary:Strong Buy
Moving Averages:BuyBuy (12)Sell (0)
Technical Indicators:Strong BuyBuy (10)Sell (0)","Name
S3
S2
S1
Pivot Points
R1
R2
R3
Classic
0.9170
0.9172
0.9174
0.9176
0.9178
0.9180
0.9182
Fibonacci
0.9172
0.9174
0.9174
0.9176
0.9178
0.9178
0.9180
Camarilla
0.9174
0.9174
0.9175
0.9176
0.9175
0.9176
0.9176
Woodie's
0.9170
0.9172
0.9174
0.9176
0.9178
0.9180
0.9182
DeMark's
-
-
0.9172
0.9175
0.9176
-
-","Technical IndicatorsJun 17, 2021 11:45PM GMT
Name
Value
Action
RSI(14)
74.733
Buy
STOCH(9,6)
74.894
Buy
STOCHRSI(14)
4.256
Oversold
MACD(12,26)
0.003
Buy
ADX(14)
40.434
Buy
Williams %R
-20.370
Buy
CCI(14)
75.4200
Buy
ATR(14)
0.0013
Less Volatility
Highs/Lows(14)
0.0004
Buy
Ultimate Oscillator
51.009
Buy
ROC
0.344
Buy
Bull/Bear Power(13)
0.0036
Buy
Buy: 10
Sell: 0
Neutral: 0


Summary:Strong Buy","Jun 17, 2021 11:45PM GMT"
nzd_chf,0.6439 +0.0019    +0.30%,19:45:42,2021-06-17 23:46:10.345673,"Prev. Close: 0.6419
Bid/Ask: 0.6438 / 0.6439
Day's Range: 0.6421 - 0.6441",Strong Buy,"Summary:Strong Buy
Moving Averages:BuyBuy (12)Sell (0)
Technical Indicators:Strong BuyBuy (6)Sell (3)","Name
S3
S2
S1
Pivot Points
R1
R2
R3
Classic
0.6417
0.6422
0.6429
0.6434
0.6441
0.6446
0.6454
Fibonacci
0.6422
0.6426
0.6429
0.6434
0.6439
0.6442
0.6446
Camarilla
0.6434
0.6435
0.6436
0.6434
0.6439
0.6440
0.6441
Woodie's
0.6419
0.6423
0.6431
0.6435
0.6443
0.6447
0.6456
DeMark's
-
-
0.6432
0.6435
0.6444
-
-","Technical IndicatorsJun 17, 2021 11:45PM GMT
Name
Value
Action
RSI(14)
59.935
Buy
STOCH(9,6)
65.797
Buy
STOCHRSI(14)
100.000
Overbought
MACD(12,26)
0.000
Buy
ADX(14)
27.255
Sell
Williams %R
-11.843
Overbought
CCI(14)
180.8003
Buy
ATR(14)
0.0012
Less Volatility
Highs/Lows(14)
0.0008
Buy
Ultimate Oscillator
46.306
Sell
ROC
-0.016
Sell
Bull/Bear Power(13)
0.0015
Buy
Buy: 6
Sell: 3
Neutral: 0


Summary:Strong Buy","Jun 17, 2021 11:45PM GMT"
usd_cny,6.4484 +0.0515    +0.80%,11:27:22,2021-06-17 23:46:10.348681,"Prev. Close: 6.3969
Bid/Ask: 6.4477 / 6.4490
Day's Range: 6.3972 - 6.4494",Strong Buy,"Summary:Strong Buy
Moving Averages:BuyBuy (12)Sell (0)
Technical Indicators:Strong BuyBuy (7)Sell (0)","Name
S3
S2
S1
Pivot Points
R1
R2
R3
Classic
6.4380
6.4399
6.4436
6.4455
6.4492
6.4511
6.4548
Fibonacci
6.4399
6.4420
6.4434
6.4455
6.4476
6.4490
6.4511
Camarilla
6.4458
6.4463
6.4468
6.4455
6.4479
6.4484
6.4489
Woodie's
6.4390
6.4404
6.4446
6.4460
6.4502
6.4516
6.4558
DeMark's
-
-
6.4446
6.4460
6.4502
-
-","Technical IndicatorsJun 17, 2021 03:34PM GMT
Name
Value
Action
RSI(14)
85.433
Overbought
STOCH(9,6)
77.649
Buy
STOCHRSI(14)
100.000
Overbought
MACD(12,26)
0.011
Buy
ADX(14)
61.337
Buy
Williams %R
-3.426
Overbought
CCI(14)
151.8010
Buy
ATR(14)
0.0041
Less Volatility
Highs/Lows(14)
0.0141
Buy
Ultimate Oscillator
82.973
Overbought
ROC
0.391
Buy
Bull/Bear Power(13)
0.0286
Buy
Buy: 7
Sell: 0
Neutral: 0


Summary:Strong Buy","Jun 17, 2021 03:34PM GMT"
usd_hkd,7.7646 +0.0002    +0.00%,19:45:41,2021-06-17 23:46:10.351683,"Prev. Close: 7.7644
Bid/Ask: 7.7645 / 7.7647
Day's Range: 7.7641 - 7.7652",Neutral,"Summary:Neutral
Moving Averages:BuyBuy (8)Sell (4)
Technical Indicators:NeutralBuy (3)Sell (3)","Name
S3
S2
S1
Pivot Points
R1
R2
R3
Classic
7.7629
7.7635
7.7640
7.7646
7.7651
7.7657
7.7663
Fibonacci
7.7635
7.7639
7.7642
7.7646
7.7650
7.7653
7.7657
Camarilla
7.7643
7.7644
7.7645
7.7646
7.7648
7.7649
7.7650
Woodie's
7.7629
7.7635
7.7640
7.7646
7.7651
7.7657
7.7663
DeMark's
-
-
7.7638
7.7645
7.7649
-
-","Technical IndicatorsJun 17, 2021 11:45PM GMT
Name
Value
Action
RSI(14)
54.033
Neutral
STOCH(9,6)
62.279
Buy
STOCHRSI(14)
25.613
Sell
MACD(12,26)
0.000
Buy
ADX(14)
25.688
Neutral
Williams %R
-52.622
Neutral
CCI(14)
-21.4281
Neutral
ATR(14)
0.0008
Less Volatility
Highs/Lows(14)
0.0000
Neutral
Ultimate Oscillator
59.020
Buy
ROC
-0.005
Sell
Bull/Bear Power(13)
-0.0011
Sell
Buy: 3
Sell: 3
Neutral: 5


Summary:Neutral","Jun 17, 2021 11:45PM GMT"
eur_usd,1.1913 +0.0007    +0.06%,19:46:34,2021-06-17 23:47:09.833715,"Prev. Close: 1.1906
Bid/Ask: 1.1911 / 1.1915
Day's Range: 1.1906 - 1.1914",Strong Sell,"Summary:Strong Sell
Moving Averages:SellBuy (3)Sell (9)
Technical Indicators:Strong SellBuy (0)Sell (9)","Name
S3
S2
S1
Pivot Points
R1
R2
R3
Classic
1.1900
1.1903
1.1907
1.1910
1.1914
1.1917
1.1921
Fibonacci
1.1903
1.1906
1.1907
1.1910
1.1913
1.1914
1.1917
Camarilla
1.1910
1.1910
1.1911
1.1910
1.1912
1.1913
1.1913
Woodie's
1.1902
1.1904
1.1909
1.1911
1.1916
1.1918
1.1923
DeMark's
-
-
1.1909
1.1911
1.1916
-
-","Technical IndicatorsJun 17, 2021 11:45PM GMT
Name
Value
Action
RSI(14)
30.980
Sell
STOCH(9,6)
29.398
Sell
STOCHRSI(14)
100.000
Overbought
MACD(12,26)
-0.003
Sell
ADX(14)
35.992
Sell
Williams %R
-67.213
Sell
CCI(14)
-51.8995
Sell
ATR(14)
0.0016
Less Volatility
Highs/Lows(14)
0.0000
Neutral
Ultimate Oscillator
44.990
Sell
ROC
-0.318
Sell
Bull/Bear Power(13)
-0.0017
Sell
Buy: 0
Sell: 9
Neutral: 1


Summary:Strong Sell","Jun 17, 2021 11:45PM GMT"
gbp_usd,1.3937 +0.0018    +0.13%,19:46:42,2021-06-17 23:47:09.838082,"Prev. Close: 1.3919
Bid/Ask: 1.3936 / 1.3937
Day's Range: 1.3915 - 1.3938",Sell,"Summary:Sell
Moving Averages:SellBuy (4)Sell (8)
Technical Indicators:SellBuy (1)Sell (5)","Name
S3
S2
S1
Pivot Points
R1
R2
R3
Classic
1.3914
1.3918
1.3925
1.3930
1.3937
1.3942
1.3949
Fibonacci
1.3918
1.3923
1.3926
1.3930
1.3934
1.3937
1.3942
Camarilla
1.3929
1.3930
1.3931
1.3930
1.3934
1.3935
1.3936
Woodie's
1.3916
1.3919
1.3927
1.3931
1.3939
1.3943
1.3951
DeMark's
-
-
1.3928
1.3931
1.3939
-
-","Technical IndicatorsJun 17, 2021 11:45PM GMT
Name
Value
Action
RSI(14)
41.525
Sell
STOCH(9,6)
46.541
Neutral
STOCHRSI(14)
100.000
Overbought
MACD(12,26)
-0.003
Sell
ADX(14)
35.973
Sell
Williams %R
-49.375
Neutral
CCI(14)
7.7995
Neutral
ATR(14)
0.0023
Less Volatility
Highs/Lows(14)
0.0000
Neutral
Ultimate Oscillator
52.275
Buy
ROC
-0.268
Sell
Bull/Bear Power(13)
-0.0010
Sell
Buy: 1
Sell: 5
Neutral: 4


Summary:Sell","Jun 17, 2021 11:45PM GMT"
usd_jpy,110.29 +0.09    +0.08%,19:46:39,2021-06-17 23:47:09.841558,"Prev. Close: 110.20
Bid/Ask: 110.28 / 110.30
Day's Range: 110.17 - 110.83",Neutral,"Summary:Neutral
Moving Averages:BuyBuy (7)Sell (5)
Technical Indicators:Strong SellBuy (1)Sell (8)","Name
S3
S2
S1
Pivot Points
R1
R2
R3
Classic
110.18
110.21
110.25
110.27
110.31
110.33
110.37
Fibonacci
110.21
110.23
110.25
110.27
110.29
110.31
110.33
Camarilla
110.26
110.26
110.27
110.27
110.28
110.29
110.29
Woodie's
110.18
110.21
110.25
110.27
110.31
110.33
110.37
DeMark's
-
-
110.26
110.28
110.32
-
-","Technical IndicatorsJun 17, 2021 11:45PM GMT
Name
Value
Action
RSI(14)
45.782
Neutral
STOCH(9,6)
28.316
Sell
STOCHRSI(14)
27.390
Sell
MACD(12,26)
-0.030
Sell
ADX(14)
28.410
Buy
Williams %R
-77.311
Sell
CCI(14)
-44.5217
Neutral
ATR(14)
0.1186
Less Volatility
Highs/Lows(14)
-0.0025
Sell
Ultimate Oscillator
45.732
Sell
ROC
-0.352
Sell
Bull/Bear Power(13)
-0.1190
Sell
Buy: 1
Sell: 8
Neutral: 2


Summary:Strong Sell","Jun 17, 2021 11:45PM GMT"
aud_usd,0.7558 +0.0008    +0.10%,19:46:33,2021-06-17 23:47:09.844861,"Prev. Close: 0.7550
Bid/Ask: 0.7557 / 0.7558
Day's Range: 0.7547 - 0.7560",Strong Sell,"Summary:Strong Sell
Moving Averages:SellBuy (3)Sell (9)
Technical Indicators:Strong SellBuy (0)Sell (8)","Name
S3
S2
S1
Pivot Points
R1
R2
R3
Classic
0.7545
0.7548
0.7554
0.7557
0.7563
0.7566
0.7572
Fibonacci
0.7548
0.7551
0.7554
0.7557
0.7560
0.7563
0.7566
Camarilla
0.7556
0.7557
0.7558
0.7557
0.7559
0.7560
0.7561
Woodie's
0.7545
0.7548
0.7554
0.7557
0.7563
0.7566
0.7572
DeMark's
-
-
0.7555
0.7557
0.7563
-
-","Technical IndicatorsJun 17, 2021 11:45PM GMT
Name
Value
Action
RSI(14)
33.402
Sell
STOCH(9,6)
32.978
Sell
STOCHRSI(14)
98.841
Overbought
MACD(12,26)
-0.002
Sell
ADX(14)
49.534
Sell
Williams %R
-68.376
Sell
CCI(14)
-43.0446
Neutral
ATR(14)
0.0015
Less Volatility
Highs/Lows(14)
0.0000
Neutral
Ultimate Oscillator
46.904
Sell
ROC
-0.500
Sell
Bull/Bear Power(13)
-0.0007
Sell
Buy: 0
Sell: 8
Neutral: 2


Summary:Strong Sell","Jun 17, 2021 11:45PM GMT"
eur_gbp,0.8548 -0.0003    -0.04%,19:46:46,2021-06-17 23:47:09.848025,"Prev. Close: 0.8551
Bid/Ask: 0.8546 / 0.8549
Day's Range: 0.8546 - 0.8557",Strong Sell,"Summary:Strong Sell
Moving Averages:Strong SellBuy (0)Sell (12)
Technical Indicators:Strong SellBuy (0)Sell (9)","Name
S3
S2
S1
Pivot Points
R1
R2
R3
Classic
0.8540
0.8544
0.8546
0.8550
0.8553
0.8556
0.8559
Fibonacci
0.8544
0.8546
0.8548
0.8550
0.8552
0.8554
0.8556
Camarilla
0.8548
0.8548
0.8549
0.8550
0.8550
0.8551
0.8551
Woodie's
0.8540
0.8544
0.8546
0.8550
0.8553
0.8556
0.8559
DeMark's
-
-
0.8545
0.8549
0.8552
-
-","Technical IndicatorsJun 17, 2021 11:45PM GMT
Name
Value
Action
RSI(14)
33.987
Sell
STOCH(9,6)
26.407
Sell
STOCHRSI(14)
5.616
Oversold
MACD(12,26)
-0.001
Sell
ADX(14)
30.673
Sell
Williams %R
-92.591
Oversold
CCI(14)
-159.6345
Sell
ATR(14)
0.0010
Less Volatility
Highs/Lows(14)
-0.0004
Sell
Ultimate Oscillator
46.991
Sell
ROC
-0.064
Sell
Bull/Bear Power(13)
-0.0025
Sell
Buy: 0
Sell: 9
Neutral: 0


Summary:Strong Sell","Jun 17, 2021 11:45PM GMT"
usd_cad,1.2346 -0.0015    -0.13%,19:46:24,2021-06-17 23:47:09.851118,"Prev. Close: 1.2361
Bid/Ask: 1.2345 / 1.2346
Day's Range: 1.2340 - 1.2368",Strong Buy,"Summary:Strong Buy
Moving Averages:BuyBuy (8)Sell (4)
Technical Indicators:Strong BuyBuy (8)Sell (0)","Name
S3
S2
S1
Pivot Points
R1
R2
R3
Classic
1.2323
1.2333
1.2339
1.2348
1.2354
1.2363
1.2369
Fibonacci
1.2333
1.2338
1.2342
1.2348
1.2354
1.2358
1.2363
Camarilla
1.2341
1.2342
1.2344
1.2348
1.2346
1.2348
1.2349
Woodie's
1.2321
1.2332
1.2337
1.2347
1.2352
1.2362
1.2367
DeMark's
-
-
1.2336
1.2347
1.2351
-
-","Technical IndicatorsJun 17, 2021 11:45PM GMT
Name
Value
Action
RSI(14)
64.115
Buy
STOCH(9,6)
67.146
Buy
STOCHRSI(14)
0.963
Oversold
MACD(12,26)
0.003
Buy
ADX(14)
43.361
Buy
Williams %R
-38.789
Buy
CCI(14)
17.8246
Neutral
ATR(14)
0.0023
Less Volatility
Highs/Lows(14)
0.0000
Neutral
Ultimate Oscillator
65.003
Buy
ROC
0.199
Buy
Bull/Bear Power(13)
0.0009
Buy
Buy: 8
Sell: 0
Neutral: 2


Summary:Strong Buy","Jun 17, 2021 11:45PM GMT"
usd_chf,0.9177 +0.0004    +0.04%,19:46:45,2021-06-17 23:47:09.854160,"Prev. Close: 0.9173
Bid/Ask: 0.9173 / 0.9181
Day's Range: 0.9169 - 0.9183",Strong Buy,"Summary:Strong Buy
Moving Averages:BuyBuy (12)Sell (0)
Technical Indicators:Strong BuyBuy (10)Sell (0)","Name
S3
S2
S1
Pivot Points
R1
R2
R3
Classic
0.9170
0.9172
0.9174
0.9176
0.9178
0.9180
0.9182
Fibonacci
0.9172
0.9174
0.9174
0.9176
0.9178
0.9178
0.9180
Camarilla
0.9174
0.9174
0.9175
0.9176
0.9175
0.9176
0.9176
Woodie's
0.9170
0.9172
0.9174
0.9176
0.9178
0.9180
0.9182
DeMark's
-
-
0.9172
0.9175
0.9176
-
-","Technical IndicatorsJun 17, 2021 11:45PM GMT
Name
Value
Action
RSI(14)
74.733
Buy
STOCH(9,6)
74.894
Buy
STOCHRSI(14)
4.256
Oversold
MACD(12,26)
0.003
Buy
ADX(14)
40.434
Buy
Williams %R
-20.370
Buy
CCI(14)
75.4200
Buy
ATR(14)
0.0013
Less Volatility
Highs/Lows(14)
0.0004
Buy
Ultimate Oscillator
51.009
Buy
ROC
0.344
Buy
Bull/Bear Power(13)
0.0036
Buy
Buy: 10
Sell: 0
Neutral: 0


Summary:Strong Buy","Jun 17, 2021 11:45PM GMT"
nzd_chf,0.6439 +0.0019    +0.30%,19:46:50,2021-06-17 23:47:09.857232,"Prev. Close: 0.6419
Bid/Ask: 0.6434 / 0.6443
Day's Range: 0.6421 - 0.6441",Strong Buy,"Summary:Strong Buy
Moving Averages:BuyBuy (12)Sell (0)
Technical Indicators:Strong BuyBuy (6)Sell (3)","Name
S3
S2
S1
Pivot Points
R1
R2
R3
Classic
0.6417
0.6422
0.6429
0.6434
0.6441
0.6446
0.6454
Fibonacci
0.6422
0.6426
0.6429
0.6434
0.6439
0.6442
0.6446
Camarilla
0.6434
0.6435
0.6436
0.6434
0.6439
0.6440
0.6441
Woodie's
0.6419
0.6423
0.6431
0.6435
0.6443
0.6447
0.6456
DeMark's
-
-
0.6432
0.6435
0.6444
-
-","Technical IndicatorsJun 17, 2021 11:45PM GMT
Name
Value
Action
RSI(14)
59.935
Buy
STOCH(9,6)
65.797
Buy
STOCHRSI(14)
100.000
Overbought
MACD(12,26)
0.000
Buy
ADX(14)
27.255
Sell
Williams %R
-11.843
Overbought
CCI(14)
180.8003
Buy
ATR(14)
0.0012
Less Volatility
Highs/Lows(14)
0.0008
Buy
Ultimate Oscillator
46.306
Sell
ROC
-0.016
Sell
Bull/Bear Power(13)
0.0015
Buy
Buy: 6
Sell: 3
Neutral: 0


Summary:Strong Buy","Jun 17, 2021 11:45PM GMT"
usd_cny,6.4484 +0.0515    +0.80%,11:27:22,2021-06-17 23:47:09.860297,"Prev. Close: 6.3969
Bid/Ask: 6.4477 / 6.4490
Day's Range: 6.3972 - 6.4494",Strong Buy,"Summary:Strong Buy
Moving Averages:BuyBuy (12)Sell (0)
Technical Indicators:Strong BuyBuy (7)Sell (0)","Name
S3
S2
S1
Pivot Points
R1
R2
R3
Classic
6.4380
6.4399
6.4436
6.4455
6.4492
6.4511
6.4548
Fibonacci
6.4399
6.4420
6.4434
6.4455
6.4476
6.4490
6.4511
Camarilla
6.4458
6.4463
6.4468
6.4455
6.4479
6.4484
6.4489
Woodie's
6.4390
6.4404
6.4446
6.4460
6.4502
6.4516
6.4558
DeMark's
-
-
6.4446
6.4460
6.4502
-
-","Technical IndicatorsJun 17, 2021 03:34PM GMT
Name
Value
Action
RSI(14)
85.433
Overbought
STOCH(9,6)
77.649
Buy
STOCHRSI(14)
100.000
Overbought
MACD(12,26)
0.011
Buy
ADX(14)
61.337
Buy
Williams %R
-3.426
Overbought
CCI(14)
151.8010
Buy
ATR(14)
0.0041
Less Volatility
Highs/Lows(14)
0.0141
Buy
Ultimate Oscillator
82.973
Overbought
ROC
0.391
Buy
Bull/Bear Power(13)
0.0286
Buy
Buy: 7
Sell: 0
Neutral: 0


Summary:Strong Buy","Jun 17, 2021 03:34PM GMT"
usd_hkd,7.7646 +0.0002    +0.00%,19:46:41,2021-06-17 23:47:09.863387,"Prev. Close: 7.7644
Bid/Ask: 7.7645 / 7.7647
Day's Range: 7.7641 - 7.7652",Neutral,"Summary:Neutral
Moving Averages:BuyBuy (8)Sell (4)
Technical Indicators:NeutralBuy (3)Sell (3)","Name
S3
S2
S1
Pivot Points
R1
R2
R3
Classic
7.7629
7.7635
7.7640
7.7646
7.7651
7.7657
7.7663
Fibonacci
7.7635
7.7639
7.7642
7.7646
7.7650
7.7653
7.7657
Camarilla
7.7643
7.7644
7.7645
7.7646
7.7648
7.7649
7.7650
Woodie's
7.7629
7.7635
7.7640
7.7646
7.7651
7.7657
7.7663
DeMark's
-
-
7.7638
7.7645
7.7649
-
-","Technical IndicatorsJun 17, 2021 11:45PM GMT
Name
Value
Action
RSI(14)
54.033
Neutral
STOCH(9,6)
62.279
Buy
STOCHRSI(14)
25.613
Sell
MACD(12,26)
0.000
Buy
ADX(14)
25.688
Neutral
Williams %R
-52.622
Neutral
CCI(14)
-21.4281
Neutral
ATR(14)
0.0008
Less Volatility
Highs/Lows(14)
0.0000
Neutral
Ultimate Oscillator
59.020
Buy
ROC
-0.005
Sell
Bull/Bear Power(13)
-0.0011
Sell
Buy: 3
Sell: 3
Neutral: 5


Summary:Neutral","Jun 17, 2021 11:45PM GMT"
eur_usd,1.1913 +0.0007    +0.06%,19:47:41,2021-06-17 23:48:10.205263,"Prev. Close: 1.1906
Bid/Ask: 1.1911 / 1.1915
Day's Range: 1.1906 - 1.1914",Strong Sell,"Summary:Strong Sell
Moving Averages:SellBuy (3)Sell (9)
Technical Indicators:Strong SellBuy (0)Sell (9)","Name
S3
S2
S1
Pivot Points
R1
R2
R3
Classic
1.1900
1.1903
1.1907
1.1910
1.1914
1.1917
1.1921
Fibonacci
1.1903
1.1906
1.1907
1.1910
1.1913
1.1914
1.1917
Camarilla
1.1910
1.1910
1.1911
1.1910
1.1912
1.1913
1.1913
Woodie's
1.1902
1.1904
1.1909
1.1911
1.1916
1.1918
1.1923
DeMark's
-
-
1.1909
1.1911
1.1916
-
-","Technical IndicatorsJun 17, 2021 11:47PM GMT
Name
Value
Action
RSI(14)
31.552
Sell
STOCH(9,6)
29.725
Sell
STOCHRSI(14)
100.000
Overbought
MACD(12,26)
-0.003
Sell
ADX(14)
35.992
Sell
Williams %R
-65.574
Sell
CCI(14)
-50.2466
Sell
ATR(14)
0.0016
Less Volatility
Highs/Lows(14)
0.0000
Neutral
Ultimate Oscillator
45.935
Sell
ROC
-0.310
Sell
Bull/Bear Power(13)
-0.0017
Sell
Buy: 0
Sell: 9
Neutral: 1


Summary:Strong Sell","Jun 17, 2021 11:47PM GMT"
gbp_usd,1.3937 +0.0018    +0.13%,19:47:41,2021-06-17 23:48:10.209509,"Prev. Close: 1.3919
Bid/Ask: 1.3935 / 1.3939
Day's Range: 1.3915 - 1.3938",Sell,"Summary:Sell
Moving Averages:SellBuy (4)Sell (8)
Technical Indicators:SellBuy (1)Sell (5)","Name
S3
S2
S1
Pivot Points
R1
R2
R3
Classic
1.3914
1.3918
1.3925
1.3930
1.3937
1.3942
1.3949
Fibonacci
1.3918
1.3923
1.3926
1.3930
1.3934
1.3937
1.3942
Camarilla
1.3929
1.3930
1.3931
1.3930
1.3934
1.3935
1.3936
Woodie's
1.3916
1.3919
1.3927
1.3931
1.3939
1.3943
1.3951
DeMark's
-
-
1.3928
1.3931
1.3939
-
-","Technical IndicatorsJun 17, 2021 11:47PM GMT
Name
Value
Action
RSI(14)
41.887
Sell
STOCH(9,6)
46.830
Neutral
STOCHRSI(14)
100.000
Overbought
MACD(12,26)
-0.003
Sell
ADX(14)
35.973
Sell
Williams %R
-48.126
Neutral
CCI(14)
9.7101
Neutral
ATR(14)
0.0023
Less Volatility
Highs/Lows(14)
0.0000
Neutral
Ultimate Oscillator
52.979
Buy
ROC
-0.261
Sell
Bull/Bear Power(13)
-0.0010
Sell
Buy: 1
Sell: 5
Neutral: 4


Summary:Sell","Jun 17, 2021 11:47PM GMT"
usd_jpy,110.30 +0.10    +0.09%,19:47:41,2021-06-17 23:48:10.213038,"Prev. Close: 110.20
Bid/Ask: 110.27 / 110.32
Day's Range: 110.17 - 110.83",Neutral,"Summary:Neutral
Moving Averages:BuyBuy (7)Sell (5)
Technical Indicators:Strong SellBuy (1)Sell (7)","Name
S3
S2
S1
Pivot Points
R1
R2
R3
Classic
110.18
110.21
110.25
110.27
110.31
110.33
110.37
Fibonacci
110.21
110.23
110.25
110.27
110.29
110.31
110.33
Camarilla
110.26
110.26
110.27
110.27
110.28
110.29
110.29
Woodie's
110.18
110.21
110.25
110.27
110.31
110.33
110.37
DeMark's
-
-
110.26
110.28
110.32
-
-","Technical IndicatorsJun 17, 2021 11:47PM GMT
Name
Value
Action
RSI(14)
45.114
Neutral
STOCH(9,6)
27.461
Sell
STOCHRSI(14)
24.956
Oversold
MACD(12,26)
-0.030
Sell
ADX(14)
28.410
Buy
Williams %R
-78.992
Sell
CCI(14)
-45.9280
Neutral
ATR(14)
0.1186
Less Volatility
Highs/Lows(14)
-0.0125
Sell
Ultimate Oscillator
44.455
Sell
ROC
-0.361
Sell
Bull/Bear Power(13)
-0.1170
Sell
Buy: 1
Sell: 7
Neutral: 2


Summary:Strong Sell","Jun 17, 2021 11:47PM GMT"
aud_usd,0.7558 +0.0008    +0.10%,19:47:42,2021-06-17 23:48:10.216234,"Prev. Close: 0.7550
Bid/Ask: 0.7557 / 0.7558
Day's Range: 0.7547 - 0.7560",Strong Sell,"Summary:Strong Sell
Moving Averages:SellBuy (3)Sell (9)
Technical Indicators:Strong SellBuy (0)Sell (8)","Name
S3
S2
S1
Pivot Points
R1
R2
R3
Classic
0.7545
0.7548
0.7554
0.7557
0.7563
0.7566
0.7572
Fibonacci
0.7548
0.7551
0.7554
0.7557
0.7560
0.7563
0.7566
Camarilla
0.7556
0.7557
0.7558
0.7557
0.7559
0.7560
0.7561
Woodie's
0.7545
0.7548
0.7554
0.7557
0.7563
0.7566
0.7572
DeMark's
-
-
0.7555
0.7557
0.7563
-
-","Technical IndicatorsJun 17, 2021 11:47PM GMT
Name
Value
Action
RSI(14)
33.402
Sell
STOCH(9,6)
32.978
Sell
STOCHRSI(14)
98.841
Overbought
MACD(12,26)
-0.002
Sell
ADX(14)
49.534
Sell
Williams %R
-68.376
Sell
CCI(14)
-43.0446
Neutral
ATR(14)
0.0015
Less Volatility
Highs/Lows(14)
0.0000
Neutral
Ultimate Oscillator
46.904
Sell
ROC
-0.500
Sell
Bull/Bear Power(13)
-0.0007
Sell
Buy: 0
Sell: 8
Neutral: 2


Summary:Strong Sell","Jun 17, 2021 11:47PM GMT"
eur_gbp,0.8548 -0.0003    -0.04%,19:47:44,2021-06-17 23:48:10.219300,"Prev. Close: 0.8551
Bid/Ask: 0.8546 / 0.8549
Day's Range: 0.8546 - 0.8557",Strong Sell,"Summary:Strong Sell
Moving Averages:Strong SellBuy (0)Sell (12)
Technical Indicators:Strong SellBuy (0)Sell (9)","Name
S3
S2
S1
Pivot Points
R1
R2
R3
Classic
0.8540
0.8544
0.8546
0.8550
0.8553
0.8556
0.8559
Fibonacci
0.8544
0.8546
0.8548
0.8550
0.8552
0.8554
0.8556
Camarilla
0.8548
0.8548
0.8549
0.8550
0.8550
0.8551
0.8551
Woodie's
0.8540
0.8544
0.8546
0.8550
0.8553
0.8556
0.8559
DeMark's
-
-
0.8545
0.8549
0.8552
-
-","Technical IndicatorsJun 17, 2021 11:47PM GMT
Name
Value
Action
RSI(14)
34.638
Sell
STOCH(9,6)
27.240
Sell
STOCHRSI(14)
11.456
Oversold
MACD(12,26)
-0.001
Sell
ADX(14)
30.673
Sell
Williams %R
-88.889
Oversold
CCI(14)
-154.4342
Sell
ATR(14)
0.0010
Less Volatility
Highs/Lows(14)
-0.0003
Sell
Ultimate Oscillator
48.500
Sell
ROC
-0.053
Sell
Bull/Bear Power(13)
-0.0025
Sell
Buy: 0
Sell: 9
Neutral: 0


Summary:Strong Sell","Jun 17, 2021 11:47PM GMT"
usd_cad,1.2346 -0.0015    -0.13%,19:47:42,2021-06-17 23:48:10.222297,"Prev. Close: 1.2361
Bid/Ask: 1.2345 / 1.2346
Day's Range: 1.2340 - 1.2368",Strong Buy,"Summary:Strong Buy
Moving Averages:BuyBuy (8)Sell (4)
Technical Indicators:Strong BuyBuy (8)Sell (0)","Name
S3
S2
S1
Pivot Points
R1
R2
R3
Classic
1.2323
1.2333
1.2339
1.2348
1.2354
1.2363
1.2369
Fibonacci
1.2333
1.2338
1.2342
1.2348
1.2354
1.2358
1.2363
Camarilla
1.2341
1.2342
1.2344
1.2348
1.2346
1.2348
1.2349
Woodie's
1.2321
1.2332
1.2337
1.2347
1.2352
1.2362
1.2367
DeMark's
-
-
1.2336
1.2347
1.2351
-
-","Technical IndicatorsJun 17, 2021 11:47PM GMT
Name
Value
Action
RSI(14)
64.115
Buy
STOCH(9,6)
67.146
Buy
STOCHRSI(14)
0.963
Oversold
MACD(12,26)
0.003
Buy
ADX(14)
43.361
Buy
Williams %R
-38.789
Buy
CCI(14)
17.8246
Neutral
ATR(14)
0.0023
Less Volatility
Highs/Lows(14)
0.0000
Neutral
Ultimate Oscillator
65.003
Buy
ROC
0.199
Buy
Bull/Bear Power(13)
0.0009
Buy
Buy: 8
Sell: 0
Neutral: 2


Summary:Strong Buy","Jun 17, 2021 11:47PM GMT"
usd_chf,0.9177 +0.0004    +0.04%,19:47:36,2021-06-17 23:48:10.225339,"Prev. Close: 0.9173
Bid/Ask: 0.9173 / 0.9181
Day's Range: 0.9169 - 0.9183",Strong Buy,"Summary:Strong Buy
Moving Averages:BuyBuy (12)Sell (0)
Technical Indicators:Strong BuyBuy (9)Sell (0)","Name
S3
S2
S1
Pivot Points
R1
R2
R3
Classic
0.9170
0.9172
0.9174
0.9176
0.9178
0.9180
0.9182
Fibonacci
0.9172
0.9174
0.9174
0.9176
0.9178
0.9178
0.9180
Camarilla
0.9174
0.9174
0.9175
0.9176
0.9175
0.9176
0.9176
Woodie's
0.9170
0.9172
0.9174
0.9176
0.9178
0.9180
0.9182
DeMark's
-
-
0.9172
0.9175
0.9176
-
-","Technical IndicatorsJun 17, 2021 11:47PM GMT
Name
Value
Action
RSI(14)
74.865
Buy
STOCH(9,6)
75.110
Buy
STOCHRSI(14)
5.289
Oversold
MACD(12,26)
0.003
Buy
ADX(14)
40.434
Buy
Williams %R
-19.444
Overbought
CCI(14)
76.2858
Buy
ATR(14)
0.0013
Less Volatility
Highs/Lows(14)
0.0005
Buy
Ultimate Oscillator
51.549
Buy
ROC
0.350
Buy
Bull/Bear Power(13)
0.0036
Buy
Buy: 9
Sell: 0
Neutral: 0


Summary:Strong Buy","Jun 17, 2021 11:47PM GMT"
nzd_chf,0.6439 +0.0019    +0.30%,19:47:36,2021-06-17 23:48:10.228386,"Prev. Close: 0.6419
Bid/Ask: 0.6435 / 0.6442
Day's Range: 0.6421 - 0.6441",Strong Buy,"Summary:Strong Buy
Moving Averages:BuyBuy (12)Sell (0)
Technical Indicators:Strong BuyBuy (6)Sell (3)","Name
S3
S2
S1
Pivot Points
R1
R2
R3
Classic
0.6417
0.6422
0.6429
0.6434
0.6441
0.6446
0.6454
Fibonacci
0.6422
0.6426
0.6429
0.6434
0.6439
0.6442
0.6446
Camarilla
0.6434
0.6435
0.6436
0.6434
0.6439
0.6440
0.6441
Woodie's
0.6419
0.6423
0.6431
0.6435
0.6443
0.6447
0.6456
DeMark's
-
-
0.6432
0.6435
0.6444
-
-","Technical IndicatorsJun 17, 2021 11:47PM GMT
Name
Value
Action
RSI(14)
59.336
Buy
STOCH(9,6)
65.144
Buy
STOCHRSI(14)
100.000
Overbought
MACD(12,26)
0.000
Buy
ADX(14)
27.255
Sell
Williams %R
-14.473
Overbought
CCI(14)
176.8869
Buy
ATR(14)
0.0012
Less Volatility
Highs/Lows(14)
0.0007
Buy
Ultimate Oscillator
45.196
Sell
ROC
-0.031
Sell
Bull/Bear Power(13)
0.0015
Buy
Buy: 6
Sell: 3
Neutral: 0


Summary:Strong Buy","Jun 17, 2021 11:47PM GMT"
usd_cny,6.4484 +0.0515    +0.80%,11:27:22,2021-06-17 23:48:10.231457,"Prev. Close: 6.3969
Bid/Ask: 6.4477 / 6.4490
Day's Range: 6.3972 - 6.4494",Strong Buy,"Summary:Strong Buy
Moving Averages:BuyBuy (12)Sell (0)
Technical Indicators:Strong BuyBuy (7)Sell (0)","Name
S3
S2
S1
Pivot Points
R1
R2
R3
Classic
6.4380
6.4399
6.4436
6.4455
6.4492
6.4511
6.4548
Fibonacci
6.4399
6.4420
6.4434
6.4455
6.4476
6.4490
6.4511
Camarilla
6.4458
6.4463
6.4468
6.4455
6.4479
6.4484
6.4489
Woodie's
6.4390
6.4404
6.4446
6.4460
6.4502
6.4516
6.4558
DeMark's
-
-
6.4446
6.4460
6.4502
-
-","Technical IndicatorsJun 17, 2021 03:34PM GMT
Name
Value
Action
RSI(14)
85.433
Overbought
STOCH(9,6)
77.649
Buy
STOCHRSI(14)
100.000
Overbought
MACD(12,26)
0.011
Buy
ADX(14)
61.337
Buy
Williams %R
-3.426
Overbought
CCI(14)
151.8010
Buy
ATR(14)
0.0041
Less Volatility
Highs/Lows(14)
0.0141
Buy
Ultimate Oscillator
82.973
Overbought
ROC
0.391
Buy
Bull/Bear Power(13)
0.0286
Buy
Buy: 7
Sell: 0
Neutral: 0


Summary:Strong Buy","Jun 17, 2021 03:34PM GMT"
usd_hkd,7.7646 +0.0002    +0.00%,19:47:42,2021-06-17 23:48:10.234492,"Prev. Close: 7.7644
Bid/Ask: 7.7645 / 7.7647
Day's Range: 7.7641 - 7.7652",Neutral,"Summary:Neutral
Moving Averages:BuyBuy (8)Sell (4)
Technical Indicators:NeutralBuy (3)Sell (3)","Name
S3
S2
S1
Pivot Points
R1
R2
R3
Classic
7.7629
7.7635
7.7640
7.7646
7.7651
7.7657
7.7663
Fibonacci
7.7635
7.7639
7.7642
7.7646
7.7650
7.7653
7.7657
Camarilla
7.7643
7.7644
7.7645
7.7646
7.7648
7.7649
7.7650
Woodie's
7.7629
7.7635
7.7640
7.7646
7.7651
7.7657
7.7663
DeMark's
-
-
7.7638
7.7645
7.7649
-
-","Technical IndicatorsJun 17, 2021 11:47PM GMT
Name
Value
Action
RSI(14)
54.033
Neutral
STOCH(9,6)
62.279
Buy
STOCHRSI(14)
25.613
Sell
MACD(12,26)
0.000
Buy
ADX(14)
25.688
Neutral
Williams %R
-52.622
Neutral
CCI(14)
-21.4281
Neutral
ATR(14)
0.0008
Less Volatility
Highs/Lows(14)
0.0000
Neutral
Ultimate Oscillator
59.020
Buy
ROC
-0.005
Sell
Bull/Bear Power(13)
-0.0011
Sell
Buy: 3
Sell: 3
Neutral: 5


Summary:Neutral","Jun 17, 2021 11:47PM GMT"
eur_usd,1.1913 +0.0006    +0.05%,19:48:28,2021-06-17 23:49:09.614879,"Prev. Close: 1.1906
Bid/Ask: 1.1912 / 1.1913
Day's Range: 1.1906 - 1.1914",Strong Sell,"Summary:Strong Sell
Moving Averages:SellBuy (3)Sell (9)
Technical Indicators:Strong SellBuy (0)Sell (9)","Name
S3
S2
S1
Pivot Points
R1
R2
R3
Classic
1.1900
1.1903
1.1907
1.1910
1.1914
1.1917
1.1921
Fibonacci
1.1903
1.1906
1.1907
1.1910
1.1913
1.1914
1.1917
Camarilla
1.1910
1.1910
1.1911
1.1910
1.1912
1.1913
1.1913
Woodie's
1.1902
1.1904
1.1909
1.1911
1.1916
1.1918
1.1923
DeMark's
-
-
1.1909
1.1911
1.1916
-
-","Technical IndicatorsJun 17, 2021 11:47PM GMT
Name
Value
Action
RSI(14)
31.552
Sell
STOCH(9,6)
29.725
Sell
STOCHRSI(14)
100.000
Overbought
MACD(12,26)
-0.003
Sell
ADX(14)
35.992
Sell
Williams %R
-65.574
Sell
CCI(14)
-50.2466
Sell
ATR(14)
0.0016
Less Volatility
Highs/Lows(14)
0.0000
Neutral
Ultimate Oscillator
45.935
Sell
ROC
-0.310
Sell
Bull/Bear Power(13)
-0.0017
Sell
Buy: 0
Sell: 9
Neutral: 1


Summary:Strong Sell","Jun 17, 2021 11:47PM GMT"
gbp_usd,1.3938 +0.0019    +0.13%,19:48:55,2021-06-17 23:49:09.619144,"Prev. Close: 1.3919
Bid/Ask: 1.3937 / 1.3938
Day's Range: 1.3915 - 1.3938",Sell,"Summary:Sell
Moving Averages:SellBuy (4)Sell (8)
Technical Indicators:SellBuy (1)Sell (5)","Name
S3
S2
S1
Pivot Points
R1
R2
R3
Classic
1.3914
1.3918
1.3925
1.3930
1.3937
1.3942
1.3949
Fibonacci
1.3918
1.3923
1.3926
1.3930
1.3934
1.3937
1.3942
Camarilla
1.3929
1.3930
1.3931
1.3930
1.3934
1.3935
1.3936
Woodie's
1.3916
1.3919
1.3927
1.3931
1.3939
1.3943
1.3951
DeMark's
-
-
1.3928
1.3931
1.3939
-
-","Technical IndicatorsJun 17, 2021 11:47PM GMT
Name
Value
Action
RSI(14)
41.887
Sell
STOCH(9,6)
46.830
Neutral
STOCHRSI(14)
100.000
Overbought
MACD(12,26)
-0.003
Sell
ADX(14)
35.973
Sell
Williams %R
-48.126
Neutral
CCI(14)
9.7101
Neutral
ATR(14)
0.0023
Less Volatility
Highs/Lows(14)
0.0000
Neutral
Ultimate Oscillator
52.979
Buy
ROC
-0.261
Sell
Bull/Bear Power(13)
-0.0010
Sell
Buy: 1
Sell: 5
Neutral: 4


Summary:Sell","Jun 17, 2021 11:47PM GMT"
usd_jpy,110.30 +0.10    +0.09%,19:48:43,2021-06-17 23:49:09.622454,"Prev. Close: 110.20
Bid/Ask: 110.27 / 110.32
Day's Range: 110.17 - 110.83",Neutral,"Summary:Neutral
Moving Averages:BuyBuy (7)Sell (5)
Technical Indicators:Strong SellBuy (1)Sell (7)","Name
S3
S2
S1
Pivot Points
R1
R2
R3
Classic
110.18
110.21
110.25
110.27
110.31
110.33
110.37
Fibonacci
110.21
110.23
110.25
110.27
110.29
110.31
110.33
Camarilla
110.26
110.26
110.27
110.27
110.28
110.29
110.29
Woodie's
110.18
110.21
110.25
110.27
110.31
110.33
110.37
DeMark's
-
-
110.26
110.28
110.32
-
-","Technical IndicatorsJun 17, 2021 11:47PM GMT
Name
Value
Action
RSI(14)
45.114
Neutral
STOCH(9,6)
27.461
Sell
STOCHRSI(14)
24.956
Oversold
MACD(12,26)
-0.030
Sell
ADX(14)
28.410
Buy
Williams %R
-78.992
Sell
CCI(14)
-45.9280
Neutral
ATR(14)
0.1186
Less Volatility
Highs/Lows(14)
-0.0125
Sell
Ultimate Oscillator
44.455
Sell
ROC
-0.361
Sell
Bull/Bear Power(13)
-0.1170
Sell
Buy: 1
Sell: 7
Neutral: 2


Summary:Strong Sell","Jun 17, 2021 11:47PM GMT"
aud_usd,0.7558 +0.0008    +0.11%,19:48:30,2021-06-17 23:49:09.625529,"Prev. Close: 0.7550
Bid/Ask: 0.7555 / 0.7561
Day's Range: 0.7547 - 0.7560",Strong Sell,"Summary:Strong Sell
Moving Averages:SellBuy (3)Sell (9)
Technical Indicators:Strong SellBuy (0)Sell (8)","Name
S3
S2
S1
Pivot Points
R1
R2
R3
Classic
0.7545
0.7548
0.7554
0.7557
0.7563
0.7566
0.7572
Fibonacci
0.7548
0.7551
0.7554
0.7557
0.7560
0.7563
0.7566
Camarilla
0.7556
0.7557
0.7558
0.7557
0.7559
0.7560
0.7561
Woodie's
0.7545
0.7548
0.7554
0.7557
0.7563
0.7566
0.7572
DeMark's
-
-
0.7555
0.7557
0.7563
-
-","Technical IndicatorsJun 17, 2021 11:47PM GMT
Name
Value
Action
RSI(14)
33.402
Sell
STOCH(9,6)
32.978
Sell
STOCHRSI(14)
98.841
Overbought
MACD(12,26)
-0.002
Sell
ADX(14)
49.534
Sell
Williams %R
-68.376
Sell
CCI(14)
-43.0446
Neutral
ATR(14)
0.0015
Less Volatility
Highs/Lows(14)
0.0000
Neutral
Ultimate Oscillator
46.904
Sell
ROC
-0.500
Sell
Bull/Bear Power(13)
-0.0007
Sell
Buy: 0
Sell: 8
Neutral: 2


Summary:Strong Sell","Jun 17, 2021 11:47PM GMT"
eur_gbp,0.8547 -0.0004    -0.05%,19:48:55,2021-06-17 23:49:09.628626,"Prev. Close: 0.8551
Bid/Ask: 0.8546 / 0.8548
Day's Range: 0.8546 - 0.8557",Strong Sell,"Summary:Strong Sell
Moving Averages:Strong SellBuy (0)Sell (12)
Technical Indicators:Strong SellBuy (0)Sell (9)","Name
S3
S2
S1
Pivot Points
R1
R2
R3
Classic
0.8540
0.8544
0.8546
0.8550
0.8553
0.8556
0.8559
Fibonacci
0.8544
0.8546
0.8548
0.8550
0.8552
0.8554
0.8556
Camarilla
0.8548
0.8548
0.8549
0.8550
0.8550
0.8551
0.8551
Woodie's
0.8540
0.8544
0.8546
0.8550
0.8553
0.8556
0.8559
DeMark's
-
-
0.8545
0.8549
0.8552
-
-","Technical IndicatorsJun 17, 2021 11:47PM GMT
Name
Value
Action
RSI(14)
34.638
Sell
STOCH(9,6)
27.240
Sell
STOCHRSI(14)
11.456
Oversold
MACD(12,26)
-0.001
Sell
ADX(14)
30.673
Sell
Williams %R
-88.889
Oversold
CCI(14)
-154.4342
Sell
ATR(14)
0.0010
Less Volatility
Highs/Lows(14)
-0.0003
Sell
Ultimate Oscillator
48.500
Sell
ROC
-0.053
Sell
Bull/Bear Power(13)
-0.0025
Sell
Buy: 0
Sell: 9
Neutral: 0


Summary:Strong Sell","Jun 17, 2021 11:47PM GMT"
usd_cad,1.2346 -0.0015    -0.13%,19:48:18,2021-06-17 23:49:09.631683,"Prev. Close: 1.2361
Bid/Ask: 1.2345 / 1.2346
Day's Range: 1.2340 - 1.2368",Strong Buy,"Summary:Strong Buy
Moving Averages:BuyBuy (8)Sell (4)
Technical Indicators:Strong BuyBuy (8)Sell (0)","Name
S3
S2
S1
Pivot Points
R1
R2
R3
Classic
1.2323
1.2333
1.2339
1.2348
1.2354
1.2363
1.2369
Fibonacci
1.2333
1.2338
1.2342
1.2348
1.2354
1.2358
1.2363
Camarilla
1.2341
1.2342
1.2344
1.2348
1.2346
1.2348
1.2349
Woodie's
1.2321
1.2332
1.2337
1.2347
1.2352
1.2362
1.2367
DeMark's
-
-
1.2336
1.2347
1.2351
-
-","Technical IndicatorsJun 17, 2021 11:47PM GMT
Name
Value
Action
RSI(14)
64.115
Buy
STOCH(9,6)
67.146
Buy
STOCHRSI(14)
0.963
Oversold
MACD(12,26)
0.003
Buy
ADX(14)
43.361
Buy
Williams %R
-38.789
Buy
CCI(14)
17.8246
Neutral
ATR(14)
0.0023
Less Volatility
Highs/Lows(14)
0.0000
Neutral
Ultimate Oscillator
65.003
Buy
ROC
0.199
Buy
Bull/Bear Power(13)
0.0009
Buy
Buy: 8
Sell: 0
Neutral: 2


Summary:Strong Buy","Jun 17, 2021 11:47PM GMT"
usd_chf,0.9177 +0.0004    +0.04%,19:48:39,2021-06-17 23:49:09.634707,"Prev. Close: 0.9173
Bid/Ask: 0.9173 / 0.9181
Day's Range: 0.9169 - 0.9183",Strong Buy,"Summary:Strong Buy
Moving Averages:BuyBuy (12)Sell (0)
Technical Indicators:Strong BuyBuy (9)Sell (0)","Name
S3
S2
S1
Pivot Points
R1
R2
R3
Classic
0.9170
0.9172
0.9174
0.9176
0.9178
0.9180
0.9182
Fibonacci
0.9172
0.9174
0.9174
0.9176
0.9178
0.9178
0.9180
Camarilla
0.9174
0.9174
0.9175
0.9176
0.9175
0.9176
0.9176
Woodie's
0.9170
0.9172
0.9174
0.9176
0.9178
0.9180
0.9182
DeMark's
-
-
0.9172
0.9175
0.9176
-
-","Technical IndicatorsJun 17, 2021 11:47PM GMT
Name
Value
Action
RSI(14)
74.865
Buy
STOCH(9,6)
75.110
Buy
STOCHRSI(14)
5.289
Oversold
MACD(12,26)
0.003
Buy
ADX(14)
40.434
Buy
Williams %R
-19.444
Overbought
CCI(14)
76.2858
Buy
ATR(14)
0.0013
Less Volatility
Highs/Lows(14)
0.0005
Buy
Ultimate Oscillator
51.549
Buy
ROC
0.350
Buy
Bull/Bear Power(13)
0.0036
Buy
Buy: 9
Sell: 0
Neutral: 0


Summary:Strong Buy","Jun 17, 2021 11:47PM GMT"
nzd_chf,0.6439 +0.0020    +0.31%,19:48:52,2021-06-17 23:49:09.637700,"Prev. Close: 0.6419
Bid/Ask: 0.6437 / 0.6441
Day's Range: 0.6421 - 0.6441",Strong Buy,"Summary:Strong Buy
Moving Averages:BuyBuy (12)Sell (0)
Technical Indicators:Strong BuyBuy (6)Sell (3)","Name
S3
S2
S1
Pivot Points
R1
R2
R3
Classic
0.6417
0.6422
0.6429
0.6434
0.6441
0.6446
0.6454
Fibonacci
0.6422
0.6426
0.6429
0.6434
0.6439
0.6442
0.6446
Camarilla
0.6434
0.6435
0.6436
0.6434
0.6439
0.6440
0.6441
Woodie's
0.6419
0.6423
0.6431
0.6435
0.6443
0.6447
0.6456
DeMark's
-
-
0.6432
0.6435
0.6444
-
-","Technical IndicatorsJun 17, 2021 11:47PM GMT
Name
Value
Action
RSI(14)
59.336
Buy
STOCH(9,6)
65.144
Buy
STOCHRSI(14)
100.000
Overbought
MACD(12,26)
0.000
Buy
ADX(14)
27.255
Sell
Williams %R
-14.473
Overbought
CCI(14)
176.8869
Buy
ATR(14)
0.0012
Less Volatility
Highs/Lows(14)
0.0007
Buy
Ultimate Oscillator
45.196
Sell
ROC
-0.031
Sell
Bull/Bear Power(13)
0.0015
Buy
Buy: 6
Sell: 3
Neutral: 0


Summary:Strong Buy","Jun 17, 2021 11:47PM GMT"
usd_cny,6.4484 +0.0515    +0.80%,11:27:22,2021-06-17 23:49:09.640712,"Prev. Close: 6.3969
Bid/Ask: 6.4477 / 6.4490
Day's Range: 6.3972 - 6.4494",Strong Buy,"Summary:Strong Buy
Moving Averages:BuyBuy (12)Sell (0)
Technical Indicators:Strong BuyBuy (7)Sell (0)","Name
S3
S2
S1
Pivot Points
R1
R2
R3
Classic
6.4380
6.4399
6.4436
6.4455
6.4492
6.4511
6.4548
Fibonacci
6.4399
6.4420
6.4434
6.4455
6.4476
6.4490
6.4511
Camarilla
6.4458
6.4463
6.4468
6.4455
6.4479
6.4484
6.4489
Woodie's
6.4390
6.4404
6.4446
6.4460
6.4502
6.4516
6.4558
DeMark's
-
-
6.4446
6.4460
6.4502
-
-","Technical IndicatorsJun 17, 2021 03:34PM GMT
Name
Value
Action
RSI(14)
85.433
Overbought
STOCH(9,6)
77.649
Buy
STOCHRSI(14)
100.000
Overbought
MACD(12,26)
0.011
Buy
ADX(14)
61.337
Buy
Williams %R
-3.426
Overbought
CCI(14)
151.8010
Buy
ATR(14)
0.0041
Less Volatility
Highs/Lows(14)
0.0141
Buy
Ultimate Oscillator
82.973
Overbought
ROC
0.391
Buy
Bull/Bear Power(13)
0.0286
Buy
Buy: 7
Sell: 0
Neutral: 0


Summary:Strong Buy","Jun 17, 2021 03:34PM GMT"
usd_hkd,7.7646 +0.0001    +0.00%,19:48:29,2021-06-17 23:49:09.643743,"Prev. Close: 7.7644
Bid/Ask: 7.7644 / 7.7647
Day's Range: 7.7641 - 7.7652",Neutral,"Summary:Neutral
Moving Averages:BuyBuy (8)Sell (4)
Technical Indicators:NeutralBuy (3)Sell (3)","Name
S3
S2
S1
Pivot Points
R1
R2
R3
Classic
7.7629
7.7635
7.7640
7.7646
7.7651
7.7657
7.7663
Fibonacci
7.7635
7.7639
7.7642
7.7646
7.7650
7.7653
7.7657
Camarilla
7.7643
7.7644
7.7645
7.7646
7.7648
7.7649
7.7650
Woodie's
7.7629
7.7635
7.7640
7.7646
7.7651
7.7657
7.7663
DeMark's
-
-
7.7638
7.7645
7.7649
-
-","Technical IndicatorsJun 17, 2021 11:47PM GMT
Name
Value
Action
RSI(14)
54.033
Neutral
STOCH(9,6)
62.279
Buy
STOCHRSI(14)
25.613
Sell
MACD(12,26)
0.000
Buy
ADX(14)
25.688
Neutral
Williams %R
-52.622
Neutral
CCI(14)
-21.4281
Neutral
ATR(14)
0.0008
Less Volatility
Highs/Lows(14)
0.0000
Neutral
Ultimate Oscillator
59.020
Buy
ROC
-0.005
Sell
Bull/Bear Power(13)
-0.0011
Sell
Buy: 3
Sell: 3
Neutral: 5


Summary:Neutral","Jun 17, 2021 11:47PM GMT"
eur_usd,1.1913 +0.0007    +0.06%,19:49:41,2021-06-17 23:50:10.280685,"Prev. Close: 1.1906
Bid/Ask: 1.1911 / 1.1915
Day's Range: 1.1906 - 1.1914",Strong Sell,"Summary:Strong Sell
Moving Averages:SellBuy (3)Sell (9)
Technical Indicators:Strong SellBuy (0)Sell (9)","Name
S3
S2
S1
Pivot Points
R1
R2
R3
Classic
1.1900
1.1903
1.1907
1.1910
1.1914
1.1917
1.1921
Fibonacci
1.1903
1.1906
1.1907
1.1910
1.1913
1.1914
1.1917
Camarilla
1.1910
1.1910
1.1911
1.1910
1.1912
1.1913
1.1913
Woodie's
1.1902
1.1904
1.1909
1.1911
1.1916
1.1918
1.1923
DeMark's
-
-
1.1909
1.1911
1.1916
-
-","Technical IndicatorsJun 17, 2021 11:49PM GMT
Name
Value
Action
RSI(14)
31.267
Sell
STOCH(9,6)
29.562
Sell
STOCHRSI(14)
100.000
Overbought
MACD(12,26)
-0.003
Sell
ADX(14)
35.992
Sell
Williams %R
-66.394
Sell
CCI(14)
-51.0748
Sell
ATR(14)
0.0016
Less Volatility
Highs/Lows(14)
0.0000
Neutral
Ultimate Oscillator
45.462
Sell
ROC
-0.314
Sell
Bull/Bear Power(13)
-0.0017
Sell
Buy: 0
Sell: 9
Neutral: 1


Summary:Strong Sell","Jun 17, 2021 11:49PM GMT"
gbp_usd,1.3937 +0.0018    +0.13%,19:49:37,2021-06-17 23:50:10.284974,"Prev. Close: 1.3919
Bid/Ask: 1.3936 / 1.3938
Day's Range: 1.3915 - 1.3938",Sell,"Summary:Sell
Moving Averages:SellBuy (4)Sell (8)
Technical Indicators:SellBuy (1)Sell (5)","Name
S3
S2
S1
Pivot Points
R1
R2
R3
Classic
1.3914
1.3918
1.3925
1.3930
1.3937
1.3942
1.3949
Fibonacci
1.3918
1.3923
1.3926
1.3930
1.3934
1.3937
1.3942
Camarilla
1.3929
1.3930
1.3931
1.3930
1.3934
1.3935
1.3936
Woodie's
1.3916
1.3919
1.3927
1.3931
1.3939
1.3943
1.3951
DeMark's
-
-
1.3928
1.3931
1.3939
-
-","Technical IndicatorsJun 17, 2021 11:49PM GMT
Name
Value
Action
RSI(14)
41.707
Sell
STOCH(9,6)
46.686
Neutral
STOCHRSI(14)
100.000
Overbought
MACD(12,26)
-0.003
Sell
ADX(14)
35.973
Sell
Williams %R
-48.751
Neutral
CCI(14)
8.7557
Neutral
ATR(14)
0.0023
Less Volatility
Highs/Lows(14)
0.0000
Neutral
Ultimate Oscillator
52.627
Buy
ROC
-0.265
Sell
Bull/Bear Power(13)
-0.0010
Sell
Buy: 1
Sell: 5
Neutral: 4


Summary:Sell","Jun 17, 2021 11:49PM GMT"
usd_jpy,110.30 +0.10    +0.09%,19:49:28,2021-06-17 23:50:10.288342,"Prev. Close: 110.20
Bid/Ask: 110.27 / 110.32
Day's Range: 110.17 - 110.83",Neutral,"Summary:Neutral
Moving Averages:BuyBuy (7)Sell (5)
Technical Indicators:Strong SellBuy (1)Sell (7)","Name
S3
S2
S1
Pivot Points
R1
R2
R3
Classic
110.18
110.21
110.25
110.27
110.31
110.33
110.37
Fibonacci
110.21
110.23
110.25
110.27
110.29
110.31
110.33
Camarilla
110.26
110.26
110.27
110.27
110.28
110.29
110.29
Woodie's
110.18
110.21
110.25
110.27
110.31
110.33
110.37
DeMark's
-
-
110.26
110.28
110.32
-
-","Technical IndicatorsJun 17, 2021 11:49PM GMT
Name
Value
Action
RSI(14)
45.114
Neutral
STOCH(9,6)
27.461
Sell
STOCHRSI(14)
24.956
Oversold
MACD(12,26)
-0.030
Sell
ADX(14)
28.410
Buy
Williams %R
-78.992
Sell
CCI(14)
-45.9280
Neutral
ATR(14)
0.1186
Less Volatility
Highs/Lows(14)
-0.0125
Sell
Ultimate Oscillator
44.455
Sell
ROC
-0.361
Sell
Bull/Bear Power(13)
-0.1170
Sell
Buy: 1
Sell: 7
Neutral: 2


Summary:Strong Sell","Jun 17, 2021 11:49PM GMT"
aud_usd,0.7557 +0.0007    +0.09%,19:49:42,2021-06-17 23:50:10.291488,"Prev. Close: 0.7550
Bid/Ask: 0.7556 / 0.7558
Day's Range: 0.7547 - 0.7560",Strong Sell,"Summary:Strong Sell
Moving Averages:SellBuy (3)Sell (9)
Technical Indicators:Strong SellBuy (0)Sell (8)","Name
S3
S2
S1
Pivot Points
R1
R2
R3
Classic
0.7545
0.7548
0.7554
0.7557
0.7563
0.7566
0.7572
Fibonacci
0.7548
0.7551
0.7554
0.7557
0.7560
0.7563
0.7566
Camarilla
0.7556
0.7557
0.7558
0.7557
0.7559
0.7560
0.7561
Woodie's
0.7545
0.7548
0.7554
0.7557
0.7563
0.7566
0.7572
DeMark's
-
-
0.7555
0.7557
0.7563
-
-","Technical IndicatorsJun 17, 2021 11:49PM GMT
Name
Value
Action
RSI(14)
32.705
Sell
STOCH(9,6)
31.919
Sell
STOCHRSI(14)
94.329
Overbought
MACD(12,26)
-0.002
Sell
ADX(14)
49.534
Sell
Williams %R
-71.795
Sell
CCI(14)
-47.6387
Neutral
ATR(14)
0.0015
Less Volatility
Highs/Lows(14)
0.0000
Neutral
Ultimate Oscillator
44.836
Sell
ROC
-0.527
Sell
Bull/Bear Power(13)
-0.0007
Sell
Buy: 0
Sell: 8
Neutral: 2


Summary:Strong Sell","Jun 17, 2021 11:49PM GMT"
eur_gbp,0.8548 -0.0003    -0.04%,19:49:43,2021-06-17 23:50:10.294504,"Prev. Close: 0.8551
Bid/Ask: 0.8546 / 0.8549
Day's Range: 0.8546 - 0.8557",Strong Sell,"Summary:Strong Sell
Moving Averages:Strong SellBuy (0)Sell (12)
Technical Indicators:Strong SellBuy (0)Sell (9)","Name
S3
S2
S1
Pivot Points
R1
R2
R3
Classic
0.8540
0.8544
0.8546
0.8550
0.8553
0.8556
0.8559
Fibonacci
0.8544
0.8546
0.8548
0.8550
0.8552
0.8554
0.8556
Camarilla
0.8548
0.8548
0.8549
0.8550
0.8550
0.8551
0.8551
Woodie's
0.8540
0.8544
0.8546
0.8550
0.8553
0.8556
0.8559
DeMark's
-
-
0.8545
0.8549
0.8552
-
-","Technical IndicatorsJun 17, 2021 11:49PM GMT
Name
Value
Action
RSI(14)
34.310
Sell
STOCH(9,6)
26.824
Sell
STOCHRSI(14)
8.514
Oversold
MACD(12,26)
-0.001
Sell
ADX(14)
30.673
Sell
Williams %R
-90.739
Oversold
CCI(14)
-157.0415
Sell
ATR(14)
0.0010
Less Volatility
Highs/Lows(14)
-0.0003
Sell
Ultimate Oscillator
47.746
Sell
ROC
-0.058
Sell
Bull/Bear Power(13)
-0.0025
Sell
Buy: 0
Sell: 9
Neutral: 0


Summary:Strong Sell","Jun 17, 2021 11:49PM GMT"
usd_cad,1.2346 -0.0015    -0.13%,19:49:41,2021-06-17 23:50:10.297506,"Prev. Close: 1.2361
Bid/Ask: 1.2345 / 1.2346
Day's Range: 1.2340 - 1.2368",Strong Buy,"Summary:Strong Buy
Moving Averages:BuyBuy (8)Sell (4)
Technical Indicators:Strong BuyBuy (8)Sell (0)","Name
S3
S2
S1
Pivot Points
R1
R2
R3
Classic
1.2323
1.2333
1.2339
1.2348
1.2354
1.2363
1.2369
Fibonacci
1.2333
1.2338
1.2342
1.2348
1.2354
1.2358
1.2363
Camarilla
1.2341
1.2342
1.2344
1.2348
1.2346
1.2348
1.2349
Woodie's
1.2321
1.2332
1.2337
1.2347
1.2352
1.2362
1.2367
DeMark's
-
-
1.2336
1.2347
1.2351
-
-","Technical IndicatorsJun 17, 2021 11:49PM GMT
Name
Value
Action
RSI(14)
64.115
Buy
STOCH(9,6)
67.146
Buy
STOCHRSI(14)
0.963
Oversold
MACD(12,26)
0.003
Buy
ADX(14)
43.361
Buy
Williams %R
-38.789
Buy
CCI(14)
17.8246
Neutral
ATR(14)
0.0023
Less Volatility
Highs/Lows(14)
0.0000
Neutral
Ultimate Oscillator
65.003
Buy
ROC
0.199
Buy
Bull/Bear Power(13)
0.0009
Buy
Buy: 8
Sell: 0
Neutral: 2


Summary:Strong Buy","Jun 17, 2021 11:49PM GMT"
usd_chf,0.9177 +0.0004    +0.04%,19:49:58,2021-06-17 23:50:10.300520,"Prev. Close: 0.9173
Bid/Ask: 0.9173 / 0.9181
Day's Range: 0.9169 - 0.9183",Strong Buy,"Summary:Strong Buy
Moving Averages:BuyBuy (12)Sell (0)
Technical Indicators:Strong BuyBuy (9)Sell (0)","Name
S3
S2
S1
Pivot Points
R1
R2
R3
Classic
0.9170
0.9172
0.9174
0.9176
0.9178
0.9180
0.9182
Fibonacci
0.9172
0.9174
0.9174
0.9176
0.9178
0.9178
0.9180
Camarilla
0.9174
0.9174
0.9175
0.9176
0.9175
0.9176
0.9176
Woodie's
0.9170
0.9172
0.9174
0.9176
0.9178
0.9180
0.9182
DeMark's
-
-
0.9172
0.9175
0.9176
-
-","Technical IndicatorsJun 17, 2021 11:49PM GMT
Name
Value
Action
RSI(14)
74.865
Buy
STOCH(9,6)
75.110
Buy
STOCHRSI(14)
5.289
Oversold
MACD(12,26)
0.003
Buy
ADX(14)
40.434
Buy
Williams %R
-19.444
Overbought
CCI(14)
76.2858
Buy
ATR(14)
0.0013
Less Volatility
Highs/Lows(14)
0.0005
Buy
Ultimate Oscillator
51.549
Buy
ROC
0.350
Buy
Bull/Bear Power(13)
0.0036
Buy
Buy: 9
Sell: 0
Neutral: 0


Summary:Strong Buy","Jun 17, 2021 11:49PM GMT"
nzd_chf,0.6439 +0.0019    +0.30%,19:49:42,2021-06-17 23:50:10.303522,"Prev. Close: 0.6419
Bid/Ask: 0.6438 / 0.6439
Day's Range: 0.6421 - 0.6441",Strong Buy,"Summary:Strong Buy
Moving Averages:BuyBuy (12)Sell (0)
Technical Indicators:Strong BuyBuy (6)Sell (3)","Name
S3
S2
S1
Pivot Points
R1
R2
R3
Classic
0.6417
0.6422
0.6429
0.6434
0.6441
0.6446
0.6454
Fibonacci
0.6422
0.6426
0.6429
0.6434
0.6439
0.6442
0.6446
Camarilla
0.6434
0.6435
0.6436
0.6434
0.6439
0.6440
0.6441
Woodie's
0.6419
0.6423
0.6431
0.6435
0.6443
0.6447
0.6456
DeMark's
-
-
0.6432
0.6435
0.6444
-
-","Technical IndicatorsJun 17, 2021 11:49PM GMT
Name
Value
Action
RSI(14)
59.336
Buy
STOCH(9,6)
65.144
Buy
STOCHRSI(14)
100.000
Overbought
MACD(12,26)
0.000
Buy
ADX(14)
27.255
Sell
Williams %R
-14.473
Overbought
CCI(14)
176.8869
Buy
ATR(14)
0.0012
Less Volatility
Highs/Lows(14)
0.0007
Buy
Ultimate Oscillator
45.196
Sell
ROC
-0.031
Sell
Bull/Bear Power(13)
0.0015
Buy
Buy: 6
Sell: 3
Neutral: 0


Summary:Strong Buy","Jun 17, 2021 11:49PM GMT"
usd_cny,6.4484 +0.0515    +0.80%,11:27:22,2021-06-17 23:50:10.306527,"Prev. Close: 6.3969
Bid/Ask: 6.4477 / 6.4490
Day's Range: 6.3972 - 6.4494",Strong Buy,"Summary:Strong Buy
Moving Averages:BuyBuy (12)Sell (0)
Technical Indicators:Strong BuyBuy (7)Sell (0)","Name
S3
S2
S1
Pivot Points
R1
R2
R3
Classic
6.4380
6.4399
6.4436
6.4455
6.4492
6.4511
6.4548
Fibonacci
6.4399
6.4420
6.4434
6.4455
6.4476
6.4490
6.4511
Camarilla
6.4458
6.4463
6.4468
6.4455
6.4479
6.4484
6.4489
Woodie's
6.4390
6.4404
6.4446
6.4460
6.4502
6.4516
6.4558
DeMark's
-
-
6.4446
6.4460
6.4502
-
-","Technical IndicatorsJun 17, 2021 03:34PM GMT
Name
Value
Action
RSI(14)
85.433
Overbought
STOCH(9,6)
77.649
Buy
STOCHRSI(14)
100.000
Overbought
MACD(12,26)
0.011
Buy
ADX(14)
61.337
Buy
Williams %R
-3.426
Overbought
CCI(14)
151.8010
Buy
ATR(14)
0.0041
Less Volatility
Highs/Lows(14)
0.0141
Buy
Ultimate Oscillator
82.973
Overbought
ROC
0.391
Buy
Bull/Bear Power(13)
0.0286
Buy
Buy: 7
Sell: 0
Neutral: 0


Summary:Strong Buy","Jun 17, 2021 03:34PM GMT"
usd_hkd,7.7646 +0.0002    +0.00%,19:49:44,2021-06-17 23:50:10.309523,"Prev. Close: 7.7644
Bid/Ask: 7.7645 / 7.7647
Day's Range: 7.7641 - 7.7652",Neutral,"Summary:Neutral
Moving Averages:BuyBuy (8)Sell (4)
Technical Indicators:NeutralBuy (3)Sell (3)","Name
S3
S2
S1
Pivot Points
R1
R2
R3
Classic
7.7629
7.7635
7.7640
7.7646
7.7651
7.7657
7.7663
Fibonacci
7.7635
7.7639
7.7642
7.7646
7.7650
7.7653
7.7657
Camarilla
7.7643
7.7644
7.7645
7.7646
7.7648
7.7649
7.7650
Woodie's
7.7629
7.7635
7.7640
7.7646
7.7651
7.7657
7.7663
DeMark's
-
-
7.7638
7.7645
7.7649
-
-","Technical IndicatorsJun 17, 2021 11:49PM GMT
Name
Value
Action
RSI(14)
54.033
Neutral
STOCH(9,6)
62.279
Buy
STOCHRSI(14)
25.613
Sell
MACD(12,26)
0.000
Buy
ADX(14)
25.688
Neutral
Williams %R
-52.622
Neutral
CCI(14)
-21.4281
Neutral
ATR(14)
0.0008
Less Volatility
Highs/Lows(14)
0.0000
Neutral
Ultimate Oscillator
59.020
Buy
ROC
-0.005
Sell
Bull/Bear Power(13)
-0.0011
Sell
Buy: 3
Sell: 3
Neutral: 5


Summary:Neutral","Jun 17, 2021 11:49PM GMT"
eur_usd,1.1913 +0.0006    +0.05%,19:50:28,2021-06-17 23:51:09.981856,"Prev. Close: 1.1906
Bid/Ask: 1.1912 / 1.1913
Day's Range: 1.1906 - 1.1914",Strong Sell,"Summary:Strong Sell
Moving Averages:SellBuy (3)Sell (9)
Technical Indicators:Strong SellBuy (0)Sell (9)","Name
S3
S2
S1
Pivot Points
R1
R2
R3
Classic
1.1900
1.1903
1.1907
1.1910
1.1914
1.1917
1.1921
Fibonacci
1.1903
1.1906
1.1907
1.1910
1.1913
1.1914
1.1917
Camarilla
1.1910
1.1910
1.1911
1.1910
1.1912
1.1913
1.1913
Woodie's
1.1902
1.1904
1.1909
1.1911
1.1916
1.1918
1.1923
DeMark's
-
-
1.1909
1.1911
1.1916
-
-","Technical IndicatorsJun 17, 2021 11:49PM GMT
Name
Value
Action
RSI(14)
31.267
Sell
STOCH(9,6)
29.562
Sell
STOCHRSI(14)
100.000
Overbought
MACD(12,26)
-0.003
Sell
ADX(14)
35.992
Sell
Williams %R
-66.394
Sell
CCI(14)
-51.0748
Sell
ATR(14)
0.0016
Less Volatility
Highs/Lows(14)
0.0000
Neutral
Ultimate Oscillator
45.462
Sell
ROC
-0.314
Sell
Bull/Bear Power(13)
-0.0017
Sell
Buy: 0
Sell: 9
Neutral: 1


Summary:Strong Sell","Jun 17, 2021 11:49PM GMT"
gbp_usd,1.3938 +0.0019    +0.13%,19:50:49,2021-06-17 23:51:09.986101,"Prev. Close: 1.3919
Bid/Ask: 1.3937 / 1.3938
Day's Range: 1.3915 - 1.3938",Sell,"Summary:Sell
Moving Averages:SellBuy (4)Sell (8)
Technical Indicators:SellBuy (1)Sell (5)","Name
S3
S2
S1
Pivot Points
R1
R2
R3
Classic
1.3914
1.3918
1.3925
1.3930
1.3937
1.3942
1.3949
Fibonacci
1.3918
1.3923
1.3926
1.3930
1.3934
1.3937
1.3942
Camarilla
1.3929
1.3930
1.3931
1.3930
1.3934
1.3935
1.3936
Woodie's
1.3916
1.3919
1.3927
1.3931
1.3939
1.3943
1.3951
DeMark's
-
-
1.3928
1.3931
1.3939
-
-","Technical IndicatorsJun 17, 2021 11:49PM GMT
Name
Value
Action
RSI(14)
41.707
Sell
STOCH(9,6)
46.686
Neutral
STOCHRSI(14)
100.000
Overbought
MACD(12,26)
-0.003
Sell
ADX(14)
35.973
Sell
Williams %R
-48.751
Neutral
CCI(14)
8.7557
Neutral
ATR(14)
0.0023
Less Volatility
Highs/Lows(14)
0.0000
Neutral
Ultimate Oscillator
52.627
Buy
ROC
-0.265
Sell
Bull/Bear Power(13)
-0.0010
Sell
Buy: 1
Sell: 5
Neutral: 4


Summary:Sell","Jun 17, 2021 11:49PM GMT"
usd_jpy,110.30 +0.10    +0.09%,19:50:36,2021-06-17 23:51:09.989420,"Prev. Close: 110.20
Bid/Ask: 110.27 / 110.32
Day's Range: 110.17 - 110.83",Neutral,"Summary:Neutral
Moving Averages:BuyBuy (7)Sell (5)
Technical Indicators:Strong SellBuy (1)Sell (7)","Name
S3
S2
S1
Pivot Points
R1
R2
R3
Classic
110.18
110.21
110.25
110.27
110.31
110.33
110.37
Fibonacci
110.21
110.23
110.25
110.27
110.29
110.31
110.33
Camarilla
110.26
110.26
110.27
110.27
110.28
110.29
110.29
Woodie's
110.18
110.21
110.25
110.27
110.31
110.33
110.37
DeMark's
-
-
110.26
110.28
110.32
-
-","Technical IndicatorsJun 17, 2021 11:49PM GMT
Name
Value
Action
RSI(14)
45.114
Neutral
STOCH(9,6)
27.461
Sell
STOCHRSI(14)
24.956
Oversold
MACD(12,26)
-0.030
Sell
ADX(14)
28.410
Buy
Williams %R
-78.992
Sell
CCI(14)
-45.9280
Neutral
ATR(14)
0.1186
Less Volatility
Highs/Lows(14)
-0.0125
Sell
Ultimate Oscillator
44.455
Sell
ROC
-0.361
Sell
Bull/Bear Power(13)
-0.1170
Sell
Buy: 1
Sell: 7
Neutral: 2


Summary:Strong Sell","Jun 17, 2021 11:49PM GMT"
aud_usd,0.7557 +0.0007    +0.09%,19:50:25,2021-06-17 23:51:09.992532,"Prev. Close: 0.7550
Bid/Ask: 0.7556 / 0.7558
Day's Range: 0.7547 - 0.7560",Strong Sell,"Summary:Strong Sell
Moving Averages:SellBuy (3)Sell (9)
Technical Indicators:Strong SellBuy (0)Sell (8)","Name
S3
S2
S1
Pivot Points
R1
R2
R3
Classic
0.7545
0.7548
0.7554
0.7557
0.7563
0.7566
0.7572
Fibonacci
0.7548
0.7551
0.7554
0.7557
0.7560
0.7563
0.7566
Camarilla
0.7556
0.7557
0.7558
0.7557
0.7559
0.7560
0.7561
Woodie's
0.7545
0.7548
0.7554
0.7557
0.7563
0.7566
0.7572
DeMark's
-
-
0.7555
0.7557
0.7563
-
-","Technical IndicatorsJun 17, 2021 11:49PM GMT
Name
Value
Action
RSI(14)
32.705
Sell
STOCH(9,6)
31.919
Sell
STOCHRSI(14)
94.329
Overbought
MACD(12,26)
-0.002
Sell
ADX(14)
49.534
Sell
Williams %R
-71.795
Sell
CCI(14)
-47.6387
Neutral
ATR(14)
0.0015
Less Volatility
Highs/Lows(14)
0.0000
Neutral
Ultimate Oscillator
44.836
Sell
ROC
-0.527
Sell
Bull/Bear Power(13)
-0.0007
Sell
Buy: 0
Sell: 8
Neutral: 2


Summary:Strong Sell","Jun 17, 2021 11:49PM GMT"
eur_gbp,0.8547 -0.0004    -0.05%,19:50:51,2021-06-17 23:51:09.995592,"Prev. Close: 0.8551
Bid/Ask: 0.8546 / 0.8548
Day's Range: 0.8546 - 0.8557",Strong Sell,"Summary:Strong Sell
Moving Averages:Strong SellBuy (0)Sell (12)
Technical Indicators:Strong SellBuy (0)Sell (9)","Name
S3
S2
S1
Pivot Points
R1
R2
R3
Classic
0.8540
0.8544
0.8546
0.8550
0.8553
0.8556
0.8559
Fibonacci
0.8544
0.8546
0.8548
0.8550
0.8552
0.8554
0.8556
Camarilla
0.8548
0.8548
0.8549
0.8550
0.8550
0.8551
0.8551
Woodie's
0.8540
0.8544
0.8546
0.8550
0.8553
0.8556
0.8559
DeMark's
-
-
0.8545
0.8549
0.8552
-
-","Technical IndicatorsJun 17, 2021 11:50PM GMT
Name
Value
Action
RSI(14)
34.310
Sell
STOCH(9,6)
26.824
Sell
STOCHRSI(14)
8.514
Oversold
MACD(12,26)
-0.001
Sell
ADX(14)
30.673
Sell
Williams %R
-90.739
Oversold
CCI(14)
-157.0415
Sell
ATR(14)
0.0010
Less Volatility
Highs/Lows(14)
-0.0003
Sell
Ultimate Oscillator
47.746
Sell
ROC
-0.058
Sell
Bull/Bear Power(13)
-0.0025
Sell
Buy: 0
Sell: 9
Neutral: 0


Summary:Strong Sell","Jun 17, 2021 11:50PM GMT"
usd_cad,1.2346 -0.0015    -0.13%,19:50:58,2021-06-17 23:51:09.998642,"Prev. Close: 1.2361
Bid/Ask: 1.2345 / 1.2346
Day's Range: 1.2340 - 1.2368",Strong Buy,"Summary:Strong Buy
Moving Averages:BuyBuy (8)Sell (4)
Technical Indicators:Strong BuyBuy (8)Sell (0)","Name
S3
S2
S1
Pivot Points
R1
R2
R3
Classic
1.2323
1.2333
1.2339
1.2348
1.2354
1.2363
1.2369
Fibonacci
1.2333
1.2338
1.2342
1.2348
1.2354
1.2358
1.2363
Camarilla
1.2341
1.2342
1.2344
1.2348
1.2346
1.2348
1.2349
Woodie's
1.2321
1.2332
1.2337
1.2347
1.2352
1.2362
1.2367
DeMark's
-
-
1.2336
1.2347
1.2351
-
-","Technical IndicatorsJun 17, 2021 11:49PM GMT
Name
Value
Action
RSI(14)
64.115
Buy
STOCH(9,6)
67.146
Buy
STOCHRSI(14)
0.963
Oversold
MACD(12,26)
0.003
Buy
ADX(14)
43.361
Buy
Williams %R
-38.789
Buy
CCI(14)
17.8246
Neutral
ATR(14)
0.0023
Less Volatility
Highs/Lows(14)
0.0000
Neutral
Ultimate Oscillator
65.003
Buy
ROC
0.199
Buy
Bull/Bear Power(13)
0.0009
Buy
Buy: 8
Sell: 0
Neutral: 2


Summary:Strong Buy","Jun 17, 2021 11:49PM GMT"
usd_chf,0.9177 +0.0004    +0.04%,19:50:42,2021-06-17 23:51:10.001678,"Prev. Close: 0.9173
Bid/Ask: 0.9173 / 0.9181
Day's Range: 0.9169 - 0.9183",Strong Buy,"Summary:Strong Buy
Moving Averages:BuyBuy (12)Sell (0)
Technical Indicators:Strong BuyBuy (9)Sell (0)","Name
S3
S2
S1
Pivot Points
R1
R2
R3
Classic
0.9170
0.9172
0.9174
0.9176
0.9178
0.9180
0.9182
Fibonacci
0.9172
0.9174
0.9174
0.9176
0.9178
0.9178
0.9180
Camarilla
0.9174
0.9174
0.9175
0.9176
0.9175
0.9176
0.9176
Woodie's
0.9170
0.9172
0.9174
0.9176
0.9178
0.9180
0.9182
DeMark's
-
-
0.9172
0.9175
0.9176
-
-","Technical IndicatorsJun 17, 2021 11:49PM GMT
Name
Value
Action
RSI(14)
74.865
Buy
STOCH(9,6)
75.110
Buy
STOCHRSI(14)
5.289
Oversold
MACD(12,26)
0.003
Buy
ADX(14)
40.434
Buy
Williams %R
-19.444
Overbought
CCI(14)
76.2858
Buy
ATR(14)
0.0013
Less Volatility
Highs/Lows(14)
0.0005
Buy
Ultimate Oscillator
51.549
Buy
ROC
0.350
Buy
Bull/Bear Power(13)
0.0036
Buy
Buy: 9
Sell: 0
Neutral: 0


Summary:Strong Buy","Jun 17, 2021 11:49PM GMT"
nzd_chf,0.6438 +0.0019    +0.30%,19:50:54,2021-06-17 23:51:10.004746,"Prev. Close: 0.6419
Bid/Ask: 0.6435 / 0.6441
Day's Range: 0.6421 - 0.6441",Strong Buy,"Summary:Strong Buy
Moving Averages:BuyBuy (12)Sell (0)
Technical Indicators:Strong BuyBuy (6)Sell (3)","Name
S3
S2
S1
Pivot Points
R1
R2
R3
Classic
0.6417
0.6422
0.6429
0.6434
0.6441
0.6446
0.6454
Fibonacci
0.6422
0.6426
0.6429
0.6434
0.6439
0.6442
0.6446
Camarilla
0.6434
0.6435
0.6436
0.6434
0.6439
0.6440
0.6441
Woodie's
0.6419
0.6423
0.6431
0.6435
0.6443
0.6447
0.6456
DeMark's
-
-
0.6432
0.6435
0.6444
-
-","Technical IndicatorsJun 17, 2021 11:49PM GMT
Name
Value
Action
RSI(14)
59.336
Buy
STOCH(9,6)
65.144
Buy
STOCHRSI(14)
100.000
Overbought
MACD(12,26)
0.000
Buy
ADX(14)
27.255
Sell
Williams %R
-14.473
Overbought
CCI(14)
176.8869
Buy
ATR(14)
0.0012
Less Volatility
Highs/Lows(14)
0.0007
Buy
Ultimate Oscillator
45.196
Sell
ROC
-0.031
Sell
Bull/Bear Power(13)
0.0015
Buy
Buy: 6
Sell: 3
Neutral: 0


Summary:Strong Buy","Jun 17, 2021 11:49PM GMT"
usd_cny,6.4484 +0.0515    +0.80%,11:27:22,2021-06-17 23:51:10.007780,"Prev. Close: 6.3969
Bid/Ask: 6.4477 / 6.4490
Day's Range: 6.3972 - 6.4494",Strong Buy,"Summary:Strong Buy
Moving Averages:BuyBuy (12)Sell (0)
Technical Indicators:Strong BuyBuy (7)Sell (0)","Name
S3
S2
S1
Pivot Points
R1
R2
R3
Classic
6.4380
6.4399
6.4436
6.4455
6.4492
6.4511
6.4548
Fibonacci
6.4399
6.4420
6.4434
6.4455
6.4476
6.4490
6.4511
Camarilla
6.4458
6.4463
6.4468
6.4455
6.4479
6.4484
6.4489
Woodie's
6.4390
6.4404
6.4446
6.4460
6.4502
6.4516
6.4558
DeMark's
-
-
6.4446
6.4460
6.4502
-
-","Technical IndicatorsJun 17, 2021 03:34PM GMT
Name
Value
Action
RSI(14)
85.433
Overbought
STOCH(9,6)
77.649
Buy
STOCHRSI(14)
100.000
Overbought
MACD(12,26)
0.011
Buy
ADX(14)
61.337
Buy
Williams %R
-3.426
Overbought
CCI(14)
151.8010
Buy
ATR(14)
0.0041
Less Volatility
Highs/Lows(14)
0.0141
Buy
Ultimate Oscillator
82.973
Overbought
ROC
0.391
Buy
Bull/Bear Power(13)
0.0286
Buy
Buy: 7
Sell: 0
Neutral: 0


Summary:Strong Buy","Jun 17, 2021 03:34PM GMT"
usd_hkd,7.7646 +0.0002    +0.00%,19:50:48,2021-06-17 23:51:10.010791,"Prev. Close: 7.7644
Bid/Ask: 7.7645 / 7.7647
Day's Range: 7.7641 - 7.7652",Neutral,"Summary:Neutral
Moving Averages:BuyBuy (8)Sell (4)
Technical Indicators:NeutralBuy (3)Sell (3)","Name
S3
S2
S1
Pivot Points
R1
R2
R3
Classic
7.7629
7.7635
7.7640
7.7646
7.7651
7.7657
7.7663
Fibonacci
7.7635
7.7639
7.7642
7.7646
7.7650
7.7653
7.7657
Camarilla
7.7643
7.7644
7.7645
7.7646
7.7648
7.7649
7.7650
Woodie's
7.7629
7.7635
7.7640
7.7646
7.7651
7.7657
7.7663
DeMark's
-
-
7.7638
7.7645
7.7649
-
-","Technical IndicatorsJun 17, 2021 11:49PM GMT
Name
Value
Action
RSI(14)
54.033
Neutral
STOCH(9,6)
62.279
Buy
STOCHRSI(14)
25.613
Sell
MACD(12,26)
0.000
Buy
ADX(14)
25.688
Neutral
Williams %R
-52.622
Neutral
CCI(14)
-21.4281
Neutral
ATR(14)
0.0008
Less Volatility
Highs/Lows(14)
0.0000
Neutral
Ultimate Oscillator
59.020
Buy
ROC
-0.005
Sell
Bull/Bear Power(13)
-0.0011
Sell
Buy: 3
Sell: 3
Neutral: 5


Summary:Neutral","Jun 17, 2021 11:49PM GMT"
eur_usd,1.1913 +0.0006    +0.05%,19:51:37,2021-06-17 23:52:10.520745,"Prev. Close: 1.1906
Bid/Ask: 1.1912 / 1.1913
Day's Range: 1.1906 - 1.1914",Strong Sell,"Summary:Strong Sell
Moving Averages:SellBuy (3)Sell (9)
Technical Indicators:Strong SellBuy (0)Sell (9)","Name
S3
S2
S1
Pivot Points
R1
R2
R3
Classic
1.1900
1.1903
1.1907
1.1910
1.1914
1.1917
1.1921
Fibonacci
1.1903
1.1906
1.1907
1.1910
1.1913
1.1914
1.1917
Camarilla
1.1910
1.1910
1.1911
1.1910
1.1912
1.1913
1.1913
Woodie's
1.1902
1.1904
1.1909
1.1911
1.1916
1.1918
1.1923
DeMark's
-
-
1.1909
1.1911
1.1916
-
-","Technical IndicatorsJun 17, 2021 11:50PM GMT
Name
Value
Action
RSI(14)
31.267
Sell
STOCH(9,6)
29.562
Sell
STOCHRSI(14)
100.000
Overbought
MACD(12,26)
-0.003
Sell
ADX(14)
35.992
Sell
Williams %R
-66.394
Sell
CCI(14)
-51.0748
Sell
ATR(14)
0.0016
Less Volatility
Highs/Lows(14)
0.0000
Neutral
Ultimate Oscillator
45.462
Sell
ROC
-0.314
Sell
Bull/Bear Power(13)
-0.0017
Sell
Buy: 0
Sell: 9
Neutral: 1


Summary:Strong Sell","Jun 17, 2021 11:50PM GMT"
gbp_usd,1.3938 +0.0019    +0.13%,19:51:35,2021-06-17 23:52:10.525019,"Prev. Close: 1.3919
Bid/Ask: 1.3937 / 1.3938
Day's Range: 1.3915 - 1.3938",Sell,"Summary:Sell
Moving Averages:SellBuy (4)Sell (8)
Technical Indicators:SellBuy (1)Sell (5)","Name
S3
S2
S1
Pivot Points
R1
R2
R3
Classic
1.3914
1.3918
1.3925
1.3930
1.3937
1.3942
1.3949
Fibonacci
1.3918
1.3923
1.3926
1.3930
1.3934
1.3937
1.3942
Camarilla
1.3929
1.3930
1.3931
1.3930
1.3934
1.3935
1.3936
Woodie's
1.3916
1.3919
1.3927
1.3931
1.3939
1.3943
1.3951
DeMark's
-
-
1.3928
1.3931
1.3939
-
-","Technical IndicatorsJun 17, 2021 11:51PM GMT
Name
Value
Action
RSI(14)
41.707
Sell
STOCH(9,6)
46.686
Neutral
STOCHRSI(14)
100.000
Overbought
MACD(12,26)
-0.003
Sell
ADX(14)
35.973
Sell
Williams %R
-48.751
Neutral
CCI(14)
8.7557
Neutral
ATR(14)
0.0023
Less Volatility
Highs/Lows(14)
0.0000
Neutral
Ultimate Oscillator
52.627
Buy
ROC
-0.265
Sell
Bull/Bear Power(13)
-0.0010
Sell
Buy: 1
Sell: 5
Neutral: 4


Summary:Sell","Jun 17, 2021 11:51PM GMT"
usd_jpy,110.30 +0.10    +0.09%,19:51:29,2021-06-17 23:52:10.528276,"Prev. Close: 110.20
Bid/Ask: 110.27 / 110.32
Day's Range: 110.17 - 110.83",Neutral,"Summary:Neutral
Moving Averages:BuyBuy (7)Sell (5)
Technical Indicators:Strong SellBuy (1)Sell (7)","Name
S3
S2
S1
Pivot Points
R1
R2
R3
Classic
110.18
110.21
110.25
110.27
110.31
110.33
110.37
Fibonacci
110.21
110.23
110.25
110.27
110.29
110.31
110.33
Camarilla
110.26
110.26
110.27
110.27
110.28
110.29
110.29
Woodie's
110.18
110.21
110.25
110.27
110.31
110.33
110.37
DeMark's
-
-
110.26
110.28
110.32
-
-","Technical IndicatorsJun 17, 2021 11:51PM GMT
Name
Value
Action
RSI(14)
45.114
Neutral
STOCH(9,6)
27.461
Sell
STOCHRSI(14)
24.956
Oversold
MACD(12,26)
-0.030
Sell
ADX(14)
28.410
Buy
Williams %R
-78.992
Sell
CCI(14)
-45.9280
Neutral
ATR(14)
0.1186
Less Volatility
Highs/Lows(14)
-0.0125
Sell
Ultimate Oscillator
44.455
Sell
ROC
-0.361
Sell
Bull/Bear Power(13)
-0.1170
Sell
Buy: 1
Sell: 7
Neutral: 2


Summary:Strong Sell","Jun 17, 2021 11:51PM GMT"
aud_usd,0.7557 +0.0007    +0.09%,19:51:43,2021-06-17 23:52:10.531352,"Prev. Close: 0.7550
Bid/Ask: 0.7556 / 0.7558
Day's Range: 0.7547 - 0.7560",Strong Sell,"Summary:Strong Sell
Moving Averages:SellBuy (3)Sell (9)
Technical Indicators:Strong SellBuy (0)Sell (8)","Name
S3
S2
S1
Pivot Points
R1
R2
R3
Classic
0.7545
0.7548
0.7554
0.7557
0.7563
0.7566
0.7572
Fibonacci
0.7548
0.7551
0.7554
0.7557
0.7560
0.7563
0.7566
Camarilla
0.7556
0.7557
0.7558
0.7557
0.7559
0.7560
0.7561
Woodie's
0.7545
0.7548
0.7554
0.7557
0.7563
0.7566
0.7572
DeMark's
-
-
0.7555
0.7557
0.7563
-
-","Technical IndicatorsJun 17, 2021 11:51PM GMT
Name
Value
Action
RSI(14)
32.876
Sell
STOCH(9,6)
32.184
Sell
STOCHRSI(14)
95.436
Overbought
MACD(12,26)
-0.002
Sell
ADX(14)
49.534
Sell
Williams %R
-70.941
Sell
CCI(14)
-46.4946
Neutral
ATR(14)
0.0015
Less Volatility
Highs/Lows(14)
0.0000
Neutral
Ultimate Oscillator
45.353
Sell
ROC
-0.520
Sell
Bull/Bear Power(13)
-0.0007
Sell
Buy: 0
Sell: 8
Neutral: 2


Summary:Strong Sell","Jun 17, 2021 11:51PM GMT"
eur_gbp,0.8547 -0.0004    -0.05%,19:51:42,2021-06-17 23:52:10.534361,"Prev. Close: 0.8551
Bid/Ask: 0.8546 / 0.8548
Day's Range: 0.8546 - 0.8557",Strong Sell,"Summary:Strong Sell
Moving Averages:Strong SellBuy (0)Sell (12)
Technical Indicators:Strong SellBuy (0)Sell (9)","Name
S3
S2
S1
Pivot Points
R1
R2
R3
Classic
0.8540
0.8544
0.8546
0.8550
0.8553
0.8556
0.8559
Fibonacci
0.8544
0.8546
0.8548
0.8550
0.8552
0.8554
0.8556
Camarilla
0.8548
0.8548
0.8549
0.8550
0.8550
0.8551
0.8551
Woodie's
0.8540
0.8544
0.8546
0.8550
0.8553
0.8556
0.8559
DeMark's
-
-
0.8545
0.8549
0.8552
-
-","Technical IndicatorsJun 17, 2021 11:51PM GMT
Name
Value
Action
RSI(14)
34.638
Sell
STOCH(9,6)
27.240
Sell
STOCHRSI(14)
11.456
Oversold
MACD(12,26)
-0.001
Sell
ADX(14)
30.673
Sell
Williams %R
-88.889
Oversold
CCI(14)
-154.4342
Sell
ATR(14)
0.0010
Less Volatility
Highs/Lows(14)
-0.0003
Sell
Ultimate Oscillator
48.500
Sell
ROC
-0.053
Sell
Bull/Bear Power(13)
-0.0025
Sell
Buy: 0
Sell: 9
Neutral: 0


Summary:Strong Sell","Jun 17, 2021 11:51PM GMT"
usd_cad,1.2346 -0.0015    -0.13%,19:51:42,2021-06-17 23:52:10.537385,"Prev. Close: 1.2361
Bid/Ask: 1.2345 / 1.2346
Day's Range: 1.2340 - 1.2368",Strong Buy,"Summary:Strong Buy
Moving Averages:BuyBuy (8)Sell (4)
Technical Indicators:Strong BuyBuy (8)Sell (0)","Name
S3
S2
S1
Pivot Points
R1
R2
R3
Classic
1.2323
1.2333
1.2339
1.2348
1.2354
1.2363
1.2369
Fibonacci
1.2333
1.2338
1.2342
1.2348
1.2354
1.2358
1.2363
Camarilla
1.2341
1.2342
1.2344
1.2348
1.2346
1.2348
1.2349
Woodie's
1.2321
1.2332
1.2337
1.2347
1.2352
1.2362
1.2367
DeMark's
-
-
1.2336
1.2347
1.2351
-
-","Technical IndicatorsJun 17, 2021 11:51PM GMT
Name
Value
Action
RSI(14)
64.115
Buy
STOCH(9,6)
67.146
Buy
STOCHRSI(14)
0.963
Oversold
MACD(12,26)
0.003
Buy
ADX(14)
43.361
Buy
Williams %R
-38.789
Buy
CCI(14)
17.8246
Neutral
ATR(14)
0.0023
Less Volatility
Highs/Lows(14)
0.0000
Neutral
Ultimate Oscillator
65.003
Buy
ROC
0.199
Buy
Bull/Bear Power(13)
0.0009
Buy
Buy: 8
Sell: 0
Neutral: 2


Summary:Strong Buy","Jun 17, 2021 11:51PM GMT"
usd_chf,0.9177 +0.0004    +0.04%,19:51:22,2021-06-17 23:52:10.540416,"Prev. Close: 0.9173
Bid/Ask: 0.9173 / 0.9181
Day's Range: 0.9169 - 0.9183",Strong Buy,"Summary:Strong Buy
Moving Averages:BuyBuy (12)Sell (0)
Technical Indicators:Strong BuyBuy (9)Sell (0)","Name
S3
S2
S1
Pivot Points
R1
R2
R3
Classic
0.9170
0.9172
0.9174
0.9176
0.9178
0.9180
0.9182
Fibonacci
0.9172
0.9174
0.9174
0.9176
0.9178
0.9178
0.9180
Camarilla
0.9174
0.9174
0.9175
0.9176
0.9175
0.9176
0.9176
Woodie's
0.9170
0.9172
0.9174
0.9176
0.9178
0.9180
0.9182
DeMark's
-
-
0.9172
0.9175
0.9176
-
-","Technical IndicatorsJun 17, 2021 11:51PM GMT
Name
Value
Action
RSI(14)
74.865
Buy
STOCH(9,6)
75.110
Buy
STOCHRSI(14)
5.289
Oversold
MACD(12,26)
0.003
Buy
ADX(14)
40.434
Buy
Williams %R
-19.444
Overbought
CCI(14)
76.2858
Buy
ATR(14)
0.0013
Less Volatility
Highs/Lows(14)
0.0005
Buy
Ultimate Oscillator
51.549
Buy
ROC
0.350
Buy
Bull/Bear Power(13)
0.0036
Buy
Buy: 9
Sell: 0
Neutral: 0


Summary:Strong Buy","Jun 17, 2021 11:51PM GMT"
nzd_chf,0.6439 +0.0019    +0.30%,19:51:42,2021-06-17 23:52:10.543429,"Prev. Close: 0.6419
Bid/Ask: 0.6438 / 0.6439
Day's Range: 0.6421 - 0.6441",Strong Buy,"Summary:Strong Buy
Moving Averages:BuyBuy (12)Sell (0)
Technical Indicators:Strong BuyBuy (6)Sell (3)","Name
S3
S2
S1
Pivot Points
R1
R2
R3
Classic
0.6417
0.6422
0.6429
0.6434
0.6441
0.6446
0.6454
Fibonacci
0.6422
0.6426
0.6429
0.6434
0.6439
0.6442
0.6446
Camarilla
0.6434
0.6435
0.6436
0.6434
0.6439
0.6440
0.6441
Woodie's
0.6419
0.6423
0.6431
0.6435
0.6443
0.6447
0.6456
DeMark's
-
-
0.6432
0.6435
0.6444
-
-","Technical IndicatorsJun 17, 2021 11:51PM GMT
Name
Value
Action
RSI(14)
59.638
Buy
STOCH(9,6)
65.470
Buy
STOCHRSI(14)
100.000
Overbought
MACD(12,26)
0.000
Buy
ADX(14)
27.255
Sell
Williams %R
-13.159
Overbought
CCI(14)
178.8475
Buy
ATR(14)
0.0012
Less Volatility
Highs/Lows(14)
0.0007
Buy
Ultimate Oscillator
45.751
Sell
ROC
-0.023
Sell
Bull/Bear Power(13)
0.0015
Buy
Buy: 6
Sell: 3
Neutral: 0


Summary:Strong Buy","Jun 17, 2021 11:51PM GMT"
usd_cny,6.4484 +0.0515    +0.80%,11:27:22,2021-06-17 23:52:10.546436,"Prev. Close: 6.3969
Bid/Ask: 6.4477 / 6.4490
Day's Range: 6.3972 - 6.4494",Strong Buy,"Summary:Strong Buy
Moving Averages:BuyBuy (12)Sell (0)
Technical Indicators:Strong BuyBuy (7)Sell (0)","Name
S3
S2
S1
Pivot Points
R1
R2
R3
Classic
6.4380
6.4399
6.4436
6.4455
6.4492
6.4511
6.4548
Fibonacci
6.4399
6.4420
6.4434
6.4455
6.4476
6.4490
6.4511
Camarilla
6.4458
6.4463
6.4468
6.4455
6.4479
6.4484
6.4489
Woodie's
6.4390
6.4404
6.4446
6.4460
6.4502
6.4516
6.4558
DeMark's
-
-
6.4446
6.4460
6.4502
-
-","Technical IndicatorsJun 17, 2021 03:34PM GMT
Name
Value
Action
RSI(14)
85.433
Overbought
STOCH(9,6)
77.649
Buy
STOCHRSI(14)
100.000
Overbought
MACD(12,26)
0.011
Buy
ADX(14)
61.337
Buy
Williams %R
-3.426
Overbought
CCI(14)
151.8010
Buy
ATR(14)
0.0041
Less Volatility
Highs/Lows(14)
0.0141
Buy
Ultimate Oscillator
82.973
Overbought
ROC
0.391
Buy
Bull/Bear Power(13)
0.0286
Buy
Buy: 7
Sell: 0
Neutral: 0


Summary:Strong Buy","Jun 17, 2021 03:34PM GMT"
usd_hkd,7.7646 +0.0001    +0.00%,19:51:28,2021-06-17 23:52:10.549450,"Prev. Close: 7.7644
Bid/Ask: 7.7644 / 7.7647
Day's Range: 7.7641 - 7.7652",Neutral,"Summary:Neutral
Moving Averages:BuyBuy (8)Sell (4)
Technical Indicators:NeutralBuy (3)Sell (3)","Name
S3
S2
S1
Pivot Points
R1
R2
R3
Classic
7.7629
7.7635
7.7640
7.7646
7.7651
7.7657
7.7663
Fibonacci
7.7635
7.7639
7.7642
7.7646
7.7650
7.7653
7.7657
Camarilla
7.7643
7.7644
7.7645
7.7646
7.7648
7.7649
7.7650
Woodie's
7.7629
7.7635
7.7640
7.7646
7.7651
7.7657
7.7663
DeMark's
-
-
7.7638
7.7645
7.7649
-
-","Technical IndicatorsJun 17, 2021 11:51PM GMT
Name
Value
Action
RSI(14)
54.033
Neutral
STOCH(9,6)
62.279
Buy
STOCHRSI(14)
25.613
Sell
MACD(12,26)
0.000
Buy
ADX(14)
25.688
Neutral
Williams %R
-52.622
Neutral
CCI(14)
-21.4281
Neutral
ATR(14)
0.0008
Less Volatility
Highs/Lows(14)
0.0000
Neutral
Ultimate Oscillator
59.020
Buy
ROC
-0.005
Sell
Bull/Bear Power(13)
-0.0011
Sell
Buy: 3
Sell: 3
Neutral: 5


Summary:Neutral","Jun 17, 2021 11:51PM GMT"
eur_usd,1.1913 +0.0007    +0.06%,19:52:31,2021-06-17 23:53:10.307912,"Prev. Close: 1.1906
Bid/Ask: 1.1911 / 1.1915
Day's Range: 1.1906 - 1.1914",Strong Sell,"Summary:Strong Sell
Moving Averages:SellBuy (3)Sell (9)
Technical Indicators:Strong SellBuy (0)Sell (9)","Name
S3
S2
S1
Pivot Points
R1
R2
R3
Classic
1.1900
1.1903
1.1907
1.1910
1.1914
1.1917
1.1921
Fibonacci
1.1903
1.1906
1.1907
1.1910
1.1913
1.1914
1.1917
Camarilla
1.1910
1.1910
1.1911
1.1910
1.1912
1.1913
1.1913
Woodie's
1.1902
1.1904
1.1909
1.1911
1.1916
1.1918
1.1923
DeMark's
-
-
1.1909
1.1911
1.1916
-
-","Technical IndicatorsJun 17, 2021 11:52PM GMT
Name
Value
Action
RSI(14)
31.267
Sell
STOCH(9,6)
29.562
Sell
STOCHRSI(14)
100.000
Overbought
MACD(12,26)
-0.003
Sell
ADX(14)
35.992
Sell
Williams %R
-66.394
Sell
CCI(14)
-51.0748
Sell
ATR(14)
0.0016
Less Volatility
Highs/Lows(14)
0.0000
Neutral
Ultimate Oscillator
45.462
Sell
ROC
-0.314
Sell
Bull/Bear Power(13)
-0.0017
Sell
Buy: 0
Sell: 9
Neutral: 1


Summary:Strong Sell","Jun 17, 2021 11:52PM GMT"
gbp_usd,1.3939 +0.0019    +0.14%,19:52:46,2021-06-17 23:53:10.312179,"Prev. Close: 1.3919
Bid/Ask: 1.3938 / 1.3939
Day's Range: 1.3915 - 1.3939",Sell,"Summary:Sell
Moving Averages:SellBuy (4)Sell (8)
Technical Indicators:SellBuy (1)Sell (5)","Name
S3
S2
S1
Pivot Points
R1
R2
R3
Classic
1.3914
1.3918
1.3925
1.3930
1.3937
1.3942
1.3949
Fibonacci
1.3918
1.3923
1.3926
1.3930
1.3934
1.3937
1.3942
Camarilla
1.3929
1.3930
1.3931
1.3930
1.3934
1.3935
1.3936
Woodie's
1.3916
1.3919
1.3927
1.3931
1.3939
1.3943
1.3951
DeMark's
-
-
1.3928
1.3931
1.3939
-
-","Technical IndicatorsJun 17, 2021 11:51PM GMT
Name
Value
Action
RSI(14)
41.707
Sell
STOCH(9,6)
46.686
Neutral
STOCHRSI(14)
100.000
Overbought
MACD(12,26)
-0.003
Sell
ADX(14)
35.973
Sell
Williams %R
-48.751
Neutral
CCI(14)
8.7557
Neutral
ATR(14)
0.0023
Less Volatility
Highs/Lows(14)
0.0000
Neutral
Ultimate Oscillator
52.627
Buy
ROC
-0.265
Sell
Bull/Bear Power(13)
-0.0010
Sell
Buy: 1
Sell: 5
Neutral: 4


Summary:Sell","Jun 17, 2021 11:51PM GMT"
usd_jpy,110.29 +0.09    +0.08%,19:52:41,2021-06-17 23:53:10.315528,"Prev. Close: 110.20
Bid/Ask: 110.28 / 110.30
Day's Range: 110.17 - 110.83",Neutral,"Summary:Neutral
Moving Averages:BuyBuy (7)Sell (5)
Technical Indicators:Strong SellBuy (1)Sell (7)","Name
S3
S2
S1
Pivot Points
R1
R2
R3
Classic
110.18
110.21
110.25
110.27
110.31
110.33
110.37
Fibonacci
110.21
110.23
110.25
110.27
110.29
110.31
110.33
Camarilla
110.26
110.26
110.27
110.27
110.28
110.29
110.29
Woodie's
110.18
110.21
110.25
110.27
110.31
110.33
110.37
DeMark's
-
-
110.26
110.28
110.32
-
-","Technical IndicatorsJun 17, 2021 11:51PM GMT
Name
Value
Action
RSI(14)
45.114
Neutral
STOCH(9,6)
27.461
Sell
STOCHRSI(14)
24.956
Oversold
MACD(12,26)
-0.030
Sell
ADX(14)
28.410
Buy
Williams %R
-78.992
Sell
CCI(14)
-45.9280
Neutral
ATR(14)
0.1186
Less Volatility
Highs/Lows(14)
-0.0125
Sell
Ultimate Oscillator
44.455
Sell
ROC
-0.361
Sell
Bull/Bear Power(13)
-0.1170
Sell
Buy: 1
Sell: 7
Neutral: 2


Summary:Strong Sell","Jun 17, 2021 11:51PM GMT"
aud_usd,0.7557 +0.0006    +0.09%,19:52:30,2021-06-17 23:53:10.318581,"Prev. Close: 0.7550
Bid/Ask: 0.7556 / 0.7557
Day's Range: 0.7547 - 0.7560",Strong Sell,"Summary:Strong Sell
Moving Averages:SellBuy (3)Sell (9)
Technical Indicators:Strong SellBuy (0)Sell (8)","Name
S3
S2
S1
Pivot Points
R1
R2
R3
Classic
0.7545
0.7548
0.7554
0.7557
0.7563
0.7566
0.7572
Fibonacci
0.7548
0.7551
0.7554
0.7557
0.7560
0.7563
0.7566
Camarilla
0.7556
0.7557
0.7558
0.7557
0.7559
0.7560
0.7561
Woodie's
0.7545
0.7548
0.7554
0.7557
0.7563
0.7566
0.7572
DeMark's
-
-
0.7555
0.7557
0.7563
-
-","Technical IndicatorsJun 17, 2021 11:52PM GMT
Name
Value
Action
RSI(14)
32.876
Sell
STOCH(9,6)
32.184
Sell
STOCHRSI(14)
95.436
Overbought
MACD(12,26)
-0.002
Sell
ADX(14)
49.534
Sell
Williams %R
-70.941
Sell
CCI(14)
-46.4946
Neutral
ATR(14)
0.0015
Less Volatility
Highs/Lows(14)
0.0000
Neutral
Ultimate Oscillator
45.353
Sell
ROC
-0.520
Sell
Bull/Bear Power(13)
-0.0007
Sell
Buy: 0
Sell: 8
Neutral: 2


Summary:Strong Sell","Jun 17, 2021 11:52PM GMT"
eur_gbp,0.8548 -0.0003    -0.04%,19:52:52,2021-06-17 23:53:10.321588,"Prev. Close: 0.8551
Bid/Ask: 0.8546 / 0.8549
Day's Range: 0.8546 - 0.8557",Strong Sell,"Summary:Strong Sell
Moving Averages:Strong SellBuy (0)Sell (12)
Technical Indicators:Strong SellBuy (0)Sell (9)","Name
S3
S2
S1
Pivot Points
R1
R2
R3
Classic
0.8540
0.8544
0.8546
0.8550
0.8553
0.8556
0.8559
Fibonacci
0.8544
0.8546
0.8548
0.8550
0.8552
0.8554
0.8556
Camarilla
0.8548
0.8548
0.8549
0.8550
0.8550
0.8551
0.8551
Woodie's
0.8540
0.8544
0.8546
0.8550
0.8553
0.8556
0.8559
DeMark's
-
-
0.8545
0.8549
0.8552
-
-","Technical IndicatorsJun 17, 2021 11:51PM GMT
Name
Value
Action
RSI(14)
34.638
Sell
STOCH(9,6)
27.240
Sell
STOCHRSI(14)
11.456
Oversold
MACD(12,26)
-0.001
Sell
ADX(14)
30.673
Sell
Williams %R
-88.889
Oversold
CCI(14)
-154.4342
Sell
ATR(14)
0.0010
Less Volatility
Highs/Lows(14)
-0.0003
Sell
Ultimate Oscillator
48.500
Sell
ROC
-0.053
Sell
Bull/Bear Power(13)
-0.0025
Sell
Buy: 0
Sell: 9
Neutral: 0


Summary:Strong Sell","Jun 17, 2021 11:51PM GMT"
usd_cad,1.2346 -0.0015    -0.13%,19:52:53,2021-06-17 23:53:10.324602,"Prev. Close: 1.2361
Bid/Ask: 1.2345 / 1.2346
Day's Range: 1.2340 - 1.2368",Strong Buy,"Summary:Strong Buy
Moving Averages:BuyBuy (8)Sell (4)
Technical Indicators:Strong BuyBuy (8)Sell (0)","Name
S3
S2
S1
Pivot Points
R1
R2
R3
Classic
1.2323
1.2333
1.2339
1.2348
1.2354
1.2363
1.2369
Fibonacci
1.2333
1.2338
1.2342
1.2348
1.2354
1.2358
1.2363
Camarilla
1.2341
1.2342
1.2344
1.2348
1.2346
1.2348
1.2349
Woodie's
1.2321
1.2332
1.2337
1.2347
1.2352
1.2362
1.2367
DeMark's
-
-
1.2336
1.2347
1.2351
-
-","Technical IndicatorsJun 17, 2021 11:51PM GMT
Name
Value
Action
RSI(14)
64.115
Buy
STOCH(9,6)
67.146
Buy
STOCHRSI(14)
0.963
Oversold
MACD(12,26)
0.003
Buy
ADX(14)
43.361
Buy
Williams %R
-38.789
Buy
CCI(14)
17.8246
Neutral
ATR(14)
0.0023
Less Volatility
Highs/Lows(14)
0.0000
Neutral
Ultimate Oscillator
65.003
Buy
ROC
0.199
Buy
Bull/Bear Power(13)
0.0009
Buy
Buy: 8
Sell: 0
Neutral: 2


Summary:Strong Buy","Jun 17, 2021 11:51PM GMT"
usd_chf,0.9176 +0.0003    +0.03%,19:52:43,2021-06-17 23:53:10.327631,"Prev. Close: 0.9173
Bid/Ask: 0.9174 / 0.9178
Day's Range: 0.9169 - 0.9183",Strong Buy,"Summary:Strong Buy
Moving Averages:BuyBuy (12)Sell (0)
Technical Indicators:Strong BuyBuy (9)Sell (0)","Name
S3
S2
S1
Pivot Points
R1
R2
R3
Classic
0.9170
0.9172
0.9174
0.9176
0.9178
0.9180
0.9182
Fibonacci
0.9172
0.9174
0.9174
0.9176
0.9178
0.9178
0.9180
Camarilla
0.9174
0.9174
0.9175
0.9176
0.9175
0.9176
0.9176
Woodie's
0.9170
0.9172
0.9174
0.9176
0.9178
0.9180
0.9182
DeMark's
-
-
0.9172
0.9175
0.9176
-
-","Technical IndicatorsJun 17, 2021 11:51PM GMT
Name
Value
Action
RSI(14)
74.865
Buy
STOCH(9,6)
75.110
Buy
STOCHRSI(14)
5.289
Oversold
MACD(12,26)
0.003
Buy
ADX(14)
40.434
Buy
Williams %R
-19.444
Overbought
CCI(14)
76.2858
Buy
ATR(14)
0.0013
Less Volatility
Highs/Lows(14)
0.0005
Buy
Ultimate Oscillator
51.549
Buy
ROC
0.350
Buy
Bull/Bear Power(13)
0.0036
Buy
Buy: 9
Sell: 0
Neutral: 0


Summary:Strong Buy","Jun 17, 2021 11:51PM GMT"
nzd_chf,0.6437 +0.0018    +0.27%,19:52:55,2021-06-17 23:53:10.330633,"Prev. Close: 0.6419
Bid/Ask: 0.6433 / 0.6440
Day's Range: 0.6421 - 0.6441",Strong Buy,"Summary:Strong Buy
Moving Averages:BuyBuy (12)Sell (0)
Technical Indicators:Strong BuyBuy (6)Sell (3)","Name
S3
S2
S1
Pivot Points
R1
R2
R3
Classic
0.6417
0.6422
0.6429
0.6434
0.6441
0.6446
0.6454
Fibonacci
0.6422
0.6426
0.6429
0.6434
0.6439
0.6442
0.6446
Camarilla
0.6434
0.6435
0.6436
0.6434
0.6439
0.6440
0.6441
Woodie's
0.6419
0.6423
0.6431
0.6435
0.6443
0.6447
0.6456
DeMark's
-
-
0.6432
0.6435
0.6444
-
-","Technical IndicatorsJun 17, 2021 11:51PM GMT
Name
Value
Action
RSI(14)
59.638
Buy
STOCH(9,6)
65.470
Buy
STOCHRSI(14)
100.000
Overbought
MACD(12,26)
0.000
Buy
ADX(14)
27.255
Sell
Williams %R
-13.159
Overbought
CCI(14)
178.8475
Buy
ATR(14)
0.0012
Less Volatility
Highs/Lows(14)
0.0007
Buy
Ultimate Oscillator
45.751
Sell
ROC
-0.023
Sell
Bull/Bear Power(13)
0.0015
Buy
Buy: 6
Sell: 3
Neutral: 0


Summary:Strong Buy","Jun 17, 2021 11:51PM GMT"
usd_cny,6.4484 +0.0515    +0.80%,11:27:22,2021-06-17 23:53:10.333663,"Prev. Close: 6.3969
Bid/Ask: 6.4477 / 6.4490
Day's Range: 6.3972 - 6.4494",Strong Buy,"Summary:Strong Buy
Moving Averages:BuyBuy (12)Sell (0)
Technical Indicators:Strong BuyBuy (7)Sell (0)","Name
S3
S2
S1
Pivot Points
R1
R2
R3
Classic
6.4380
6.4399
6.4436
6.4455
6.4492
6.4511
6.4548
Fibonacci
6.4399
6.4420
6.4434
6.4455
6.4476
6.4490
6.4511
Camarilla
6.4458
6.4463
6.4468
6.4455
6.4479
6.4484
6.4489
Woodie's
6.4390
6.4404
6.4446
6.4460
6.4502
6.4516
6.4558
DeMark's
-
-
6.4446
6.4460
6.4502
-
-","Technical IndicatorsJun 17, 2021 03:34PM GMT
Name
Value
Action
RSI(14)
85.433
Overbought
STOCH(9,6)
77.649
Buy
STOCHRSI(14)
100.000
Overbought
MACD(12,26)
0.011
Buy
ADX(14)
61.337
Buy
Williams %R
-3.426
Overbought
CCI(14)
151.8010
Buy
ATR(14)
0.0041
Less Volatility
Highs/Lows(14)
0.0141
Buy
Ultimate Oscillator
82.973
Overbought
ROC
0.391
Buy
Bull/Bear Power(13)
0.0286
Buy
Buy: 7
Sell: 0
Neutral: 0


Summary:Strong Buy","Jun 17, 2021 03:34PM GMT"
usd_hkd,7.7646 +0.0001    +0.00%,19:52:28,2021-06-17 23:53:10.336687,"Prev. Close: 7.7644
Bid/Ask: 7.7644 / 7.7647
Day's Range: 7.7641 - 7.7652",Neutral,"Summary:Neutral
Moving Averages:BuyBuy (8)Sell (4)
Technical Indicators:NeutralBuy (3)Sell (3)","Name
S3
S2
S1
Pivot Points
R1
R2
R3
Classic
7.7629
7.7635
7.7640
7.7646
7.7651
7.7657
7.7663
Fibonacci
7.7635
7.7639
7.7642
7.7646
7.7650
7.7653
7.7657
Camarilla
7.7643
7.7644
7.7645
7.7646
7.7648
7.7649
7.7650
Woodie's
7.7629
7.7635
7.7640
7.7646
7.7651
7.7657
7.7663
DeMark's
-
-
7.7638
7.7645
7.7649
-
-","Technical IndicatorsJun 17, 2021 11:51PM GMT
Name
Value
Action
RSI(14)
54.033
Neutral
STOCH(9,6)
62.279
Buy
STOCHRSI(14)
25.613
Sell
MACD(12,26)
0.000
Buy
ADX(14)
25.688
Neutral
Williams %R
-52.622
Neutral
CCI(14)
-21.4281
Neutral
ATR(14)
0.0008
Less Volatility
Highs/Lows(14)
0.0000
Neutral
Ultimate Oscillator
59.020
Buy
ROC
-0.005
Sell
Bull/Bear Power(13)
-0.0011
Sell
Buy: 3
Sell: 3
Neutral: 5


Summary:Neutral","Jun 17, 2021 11:51PM GMT"
eur_usd,1.1916 +0.0010    +0.08%,19:53:36,2021-06-17 23:54:09.581396,"Prev. Close: 1.1906
Bid/Ask: 1.1915 / 1.1917
Day's Range: 1.1906 - 1.1916",Strong Sell,"Summary:Strong Sell
Moving Averages:SellBuy (3)Sell (9)
Technical Indicators:Strong SellBuy (0)Sell (9)","Name
S3
S2
S1
Pivot Points
R1
R2
R3
Classic
1.1900
1.1903
1.1907
1.1910
1.1914
1.1917
1.1921
Fibonacci
1.1903
1.1906
1.1907
1.1910
1.1913
1.1914
1.1917
Camarilla
1.1910
1.1910
1.1911
1.1910
1.1912
1.1913
1.1913
Woodie's
1.1902
1.1904
1.1909
1.1911
1.1916
1.1918
1.1923
DeMark's
-
-
1.1909
1.1911
1.1916
-
-","Technical IndicatorsJun 17, 2021 11:52PM GMT
Name
Value
Action
RSI(14)
31.267
Sell
STOCH(9,6)
29.562
Sell
STOCHRSI(14)
100.000
Overbought
MACD(12,26)
-0.003
Sell
ADX(14)
35.992
Sell
Williams %R
-66.394
Sell
CCI(14)
-51.0748
Sell
ATR(14)
0.0016
Less Volatility
Highs/Lows(14)
0.0000
Neutral
Ultimate Oscillator
45.462
Sell
ROC
-0.314
Sell
Bull/Bear Power(13)
-0.0017
Sell
Buy: 0
Sell: 9
Neutral: 1


Summary:Strong Sell","Jun 17, 2021 11:52PM GMT"
gbp_usd,1.3940 +0.0021    +0.15%,19:53:41,2021-06-17 23:54:09.585722,"Prev. Close: 1.3919
Bid/Ask: 1.3939 / 1.3940
Day's Range: 1.3915 - 1.3940",Sell,"Summary:Sell
Moving Averages:SellBuy (4)Sell (8)
Technical Indicators:SellBuy (1)Sell (5)","Name
S3
S2
S1
Pivot Points
R1
R2
R3
Classic
1.3914
1.3918
1.3925
1.3930
1.3937
1.3942
1.3949
Fibonacci
1.3918
1.3923
1.3926
1.3930
1.3934
1.3937
1.3942
Camarilla
1.3929
1.3930
1.3931
1.3930
1.3934
1.3935
1.3936
Woodie's
1.3916
1.3919
1.3927
1.3931
1.3939
1.3943
1.3951
DeMark's
-
-
1.3928
1.3931
1.3939
-
-","Technical IndicatorsJun 17, 2021 11:53PM GMT
Name
Value
Action
RSI(14)
42.246
Sell
STOCH(9,6)
47.120
Neutral
STOCHRSI(14)
100.000
Overbought
MACD(12,26)
-0.003
Sell
ADX(14)
35.673
Sell
Williams %R
-46.876
Neutral
CCI(14)
13.5122
Neutral
ATR(14)
0.0023
Less Volatility
Highs/Lows(14)
0.0000
Neutral
Ultimate Oscillator
53.261
Buy
ROC
-0.254
Sell
Bull/Bear Power(13)
-0.0009
Sell
Buy: 1
Sell: 5
Neutral: 4


Summary:Sell","Jun 17, 2021 11:53PM GMT"
usd_jpy,110.30 +0.10    +0.09%,19:53:29,2021-06-17 23:54:09.589188,"Prev. Close: 110.20
Bid/Ask: 110.28 / 110.31
Day's Range: 110.17 - 110.83",Neutral,"Summary:Neutral
Moving Averages:BuyBuy (7)Sell (5)
Technical Indicators:Strong SellBuy (1)Sell (7)","Name
S3
S2
S1
Pivot Points
R1
R2
R3
Classic
110.18
110.21
110.25
110.27
110.31
110.33
110.37
Fibonacci
110.21
110.23
110.25
110.27
110.29
110.31
110.33
Camarilla
110.26
110.26
110.27
110.27
110.28
110.29
110.29
Woodie's
110.18
110.21
110.25
110.27
110.31
110.33
110.37
DeMark's
-
-
110.26
110.28
110.32
-
-","Technical IndicatorsJun 17, 2021 11:53PM GMT
Name
Value
Action
RSI(14)
45.114
Neutral
STOCH(9,6)
27.461
Sell
STOCHRSI(14)
24.956
Oversold
MACD(12,26)
-0.030
Sell
ADX(14)
28.410
Buy
Williams %R
-78.992
Sell
CCI(14)
-45.9280
Neutral
ATR(14)
0.1186
Less Volatility
Highs/Lows(14)
-0.0125
Sell
Ultimate Oscillator
44.455
Sell
ROC
-0.361
Sell
Bull/Bear Power(13)
-0.1170
Sell
Buy: 1
Sell: 7
Neutral: 2


Summary:Strong Sell","Jun 17, 2021 11:53PM GMT"
aud_usd,0.7558 +0.0008    +0.10%,19:53:42,2021-06-17 23:54:09.592488,"Prev. Close: 0.7550
Bid/Ask: 0.7557 / 0.7558
Day's Range: 0.7547 - 0.7560",Strong Sell,"Summary:Strong Sell
Moving Averages:SellBuy (3)Sell (9)
Technical Indicators:Strong SellBuy (0)Sell (8)","Name
S3
S2
S1
Pivot Points
R1
R2
R3
Classic
0.7545
0.7548
0.7554
0.7557
0.7563
0.7566
0.7572
Fibonacci
0.7548
0.7551
0.7554
0.7557
0.7560
0.7563
0.7566
Camarilla
0.7556
0.7557
0.7558
0.7557
0.7559
0.7560
0.7561
Woodie's
0.7545
0.7548
0.7554
0.7557
0.7563
0.7566
0.7572
DeMark's
-
-
0.7555
0.7557
0.7563
-
-","Technical IndicatorsJun 17, 2021 11:53PM GMT
Name
Value
Action
RSI(14)
33.225
Sell
STOCH(9,6)
32.713
Sell
STOCHRSI(14)
97.695
Overbought
MACD(12,26)
-0.002
Sell
ADX(14)
49.534
Sell
Williams %R
-69.231
Sell
CCI(14)
-44.1976
Neutral
ATR(14)
0.0015
Less Volatility
Highs/Lows(14)
0.0000
Neutral
Ultimate Oscillator
46.387
Sell
ROC
-0.507
Sell
Bull/Bear Power(13)
-0.0007
Sell
Buy: 0
Sell: 8
Neutral: 2


Summary:Strong Sell","Jun 17, 2021 11:53PM GMT"
eur_gbp,0.8548 -0.0003    -0.04%,19:53:42,2021-06-17 23:54:09.595653,"Prev. Close: 0.8551
Bid/Ask: 0.8547 / 0.8549
Day's Range: 0.8546 - 0.8557",Strong Sell,"Summary:Strong Sell
Moving Averages:Strong SellBuy (0)Sell (12)
Technical Indicators:Strong SellBuy (0)Sell (9)","Name
S3
S2
S1
Pivot Points
R1
R2
R3
Classic
0.8540
0.8544
0.8546
0.8550
0.8553
0.8556
0.8559
Fibonacci
0.8544
0.8546
0.8548
0.8550
0.8552
0.8554
0.8556
Camarilla
0.8548
0.8548
0.8549
0.8550
0.8550
0.8551
0.8551
Woodie's
0.8540
0.8544
0.8546
0.8550
0.8553
0.8556
0.8559
DeMark's
-
-
0.8545
0.8549
0.8552
-
-","Technical IndicatorsJun 17, 2021 11:53PM GMT
Name
Value
Action
RSI(14)
34.638
Sell
STOCH(9,6)
27.240
Sell
STOCHRSI(14)
11.456
Oversold
MACD(12,26)
-0.001
Sell
ADX(14)
30.673
Sell
Williams %R
-88.889
Oversold
CCI(14)
-154.4342
Sell
ATR(14)
0.0010
Less Volatility
Highs/Lows(14)
-0.0003
Sell
Ultimate Oscillator
48.500
Sell
ROC
-0.053
Sell
Bull/Bear Power(13)
-0.0025
Sell
Buy: 0
Sell: 9
Neutral: 0


Summary:Strong Sell","Jun 17, 2021 11:53PM GMT"
usd_cad,1.2342 -0.0019    -0.15%,19:53:40,2021-06-17 23:54:09.598728,"Prev. Close: 1.2361
Bid/Ask: 1.2340 / 1.2344
Day's Range: 1.2340 - 1.2368",Strong Buy,"Summary:Strong Buy
Moving Averages:BuyBuy (8)Sell (4)
Technical Indicators:Strong BuyBuy (8)Sell (0)","Name
S3
S2
S1
Pivot Points
R1
R2
R3
Classic
1.2323
1.2333
1.2339
1.2348
1.2354
1.2363
1.2369
Fibonacci
1.2333
1.2338
1.2342
1.2348
1.2354
1.2358
1.2363
Camarilla
1.2341
1.2342
1.2344
1.2348
1.2346
1.2348
1.2349
Woodie's
1.2321
1.2332
1.2337
1.2347
1.2352
1.2362
1.2367
DeMark's
-
-
1.2336
1.2347
1.2351
-
-","Technical IndicatorsJun 17, 2021 11:51PM GMT
Name
Value
Action
RSI(14)
64.115
Buy
STOCH(9,6)
67.146
Buy
STOCHRSI(14)
0.963
Oversold
MACD(12,26)
0.003
Buy
ADX(14)
43.361
Buy
Williams %R
-38.789
Buy
CCI(14)
17.8246
Neutral
ATR(14)
0.0023
Less Volatility
Highs/Lows(14)
0.0000
Neutral
Ultimate Oscillator
65.003
Buy
ROC
0.199
Buy
Bull/Bear Power(13)
0.0009
Buy
Buy: 8
Sell: 0
Neutral: 2


Summary:Strong Buy","Jun 17, 2021 11:51PM GMT"
usd_chf,0.9175 +0.0002    +0.02%,19:53:32,2021-06-17 23:54:09.601780,"Prev. Close: 0.9173
Bid/Ask: 0.9174 / 0.9176
Day's Range: 0.9169 - 0.9183",Strong Buy,"Summary:Strong Buy
Moving Averages:BuyBuy (10)Sell (2)
Technical Indicators:Strong BuyBuy (9)Sell (0)","Name
S3
S2
S1
Pivot Points
R1
R2
R3
Classic
0.9170
0.9172
0.9174
0.9176
0.9178
0.9180
0.9182
Fibonacci
0.9172
0.9174
0.9174
0.9176
0.9178
0.9178
0.9180
Camarilla
0.9174
0.9174
0.9175
0.9176
0.9175
0.9176
0.9176
Woodie's
0.9170
0.9172
0.9174
0.9176
0.9178
0.9180
0.9182
DeMark's
-
-
0.9172
0.9175
0.9176
-
-","Technical IndicatorsJun 17, 2021 11:53PM GMT
Name
Value
Action
RSI(14)
74.464
Buy
STOCH(9,6)
74.461
Buy
STOCHRSI(14)
2.151
Oversold
MACD(12,26)
0.003
Buy
ADX(14)
40.434
Buy
Williams %R
-22.223
Buy
CCI(14)
73.6830
Buy
ATR(14)
0.0013
Less Volatility
Highs/Lows(14)
0.0003
Buy
Ultimate Oscillator
49.929
Neutral
ROC
0.333
Buy
Bull/Bear Power(13)
0.0036
Buy
Buy: 9
Sell: 0
Neutral: 1


Summary:Strong Buy","Jun 17, 2021 11:53PM GMT"
nzd_chf,0.6438 +0.0019    +0.29%,19:53:42,2021-06-17 23:54:09.604836,"Prev. Close: 0.6419
Bid/Ask: 0.6436 / 0.6439
Day's Range: 0.6421 - 0.6441",Strong Buy,"Summary:Strong Buy
Moving Averages:BuyBuy (12)Sell (0)
Technical Indicators:Strong BuyBuy (6)Sell (3)","Name
S3
S2
S1
Pivot Points
R1
R2
R3
Classic
0.6417
0.6422
0.6429
0.6434
0.6441
0.6446
0.6454
Fibonacci
0.6422
0.6426
0.6429
0.6434
0.6439
0.6442
0.6446
Camarilla
0.6434
0.6435
0.6436
0.6434
0.6439
0.6440
0.6441
Woodie's
0.6419
0.6423
0.6431
0.6435
0.6443
0.6447
0.6456
DeMark's
-
-
0.6432
0.6435
0.6444
-
-","Technical IndicatorsJun 17, 2021 11:51PM GMT
Name
Value
Action
RSI(14)
59.638
Buy
STOCH(9,6)
65.470
Buy
STOCHRSI(14)
100.000
Overbought
MACD(12,26)
0.000
Buy
ADX(14)
27.255
Sell
Williams %R
-13.159
Overbought
CCI(14)
178.8475
Buy
ATR(14)
0.0012
Less Volatility
Highs/Lows(14)
0.0007
Buy
Ultimate Oscillator
45.751
Sell
ROC
-0.023
Sell
Bull/Bear Power(13)
0.0015
Buy
Buy: 6
Sell: 3
Neutral: 0


Summary:Strong Buy","Jun 17, 2021 11:51PM GMT"
usd_cny,6.4484 +0.0515    +0.80%,11:27:22,2021-06-17 23:54:09.607869,"Prev. Close: 6.3969
Bid/Ask: 6.4477 / 6.4490
Day's Range: 6.3972 - 6.4494",Strong Buy,"Summary:Strong Buy
Moving Averages:BuyBuy (12)Sell (0)
Technical Indicators:Strong BuyBuy (7)Sell (0)","Name
S3
S2
S1
Pivot Points
R1
R2
R3
Classic
6.4380
6.4399
6.4436
6.4455
6.4492
6.4511
6.4548
Fibonacci
6.4399
6.4420
6.4434
6.4455
6.4476
6.4490
6.4511
Camarilla
6.4458
6.4463
6.4468
6.4455
6.4479
6.4484
6.4489
Woodie's
6.4390
6.4404
6.4446
6.4460
6.4502
6.4516
6.4558
DeMark's
-
-
6.4446
6.4460
6.4502
-
-","Technical IndicatorsJun 17, 2021 03:34PM GMT
Name
Value
Action
RSI(14)
85.433
Overbought
STOCH(9,6)
77.649
Buy
STOCHRSI(14)
100.000
Overbought
MACD(12,26)
0.011
Buy
ADX(14)
61.337
Buy
Williams %R
-3.426
Overbought
CCI(14)
151.8010
Buy
ATR(14)
0.0041
Less Volatility
Highs/Lows(14)
0.0141
Buy
Ultimate Oscillator
82.973
Overbought
ROC
0.391
Buy
Bull/Bear Power(13)
0.0286
Buy
Buy: 7
Sell: 0
Neutral: 0


Summary:Strong Buy","Jun 17, 2021 03:34PM GMT"
usd_hkd,7.7645 0.0001    0.00%,19:53:42,2021-06-17 23:54:09.610903,"Prev. Close: 7.7644
Bid/Ask: 7.7643 / 7.7646
Day's Range: 7.7641 - 7.7652",Buy,"Summary:Buy
Moving Averages:BuyBuy (7)Sell (5)
Technical Indicators:BUYBuy (4)Sell (2)","Name
S3
S2
S1
Pivot Points
R1
R2
R3
Classic
7.7629
7.7635
7.7640
7.7646
7.7651
7.7657
7.7663
Fibonacci
7.7635
7.7639
7.7642
7.7646
7.7650
7.7653
7.7657
Camarilla
7.7643
7.7644
7.7645
7.7646
7.7648
7.7649
7.7650
Woodie's
7.7629
7.7635
7.7640
7.7646
7.7651
7.7657
7.7663
DeMark's
-
-
7.7638
7.7645
7.7649
-
-","Technical IndicatorsJun 17, 2021 11:53PM GMT
Name
Value
Action
RSI(14)
52.029
Neutral
STOCH(9,6)
60.054
Buy
STOCHRSI(14)
12.116
Oversold
MACD(12,26)
0.000
Buy
ADX(14)
25.688
Neutral
Williams %R
-63.162
Sell
CCI(14)
-38.3940
Neutral
ATR(14)
0.0008
Less Volatility
Highs/Lows(14)
0.0000
Neutral
Ultimate Oscillator
55.778
Buy
ROC
-0.008
Sell
Bull/Bear Power(13)
0.0009
Buy
Buy: 4
Sell: 2
Neutral: 4


Summary:BUY","Jun 17, 2021 11:53PM GMT"
eur_usd,1.1915 +0.0009    +0.08%,19:54:30,2021-06-17 23:55:09.815565,"Prev. Close: 1.1906
Bid/Ask: 1.1914 / 1.1916
Day's Range: 1.1906 - 1.1916",Strong Sell,"Summary:Strong Sell
Moving Averages:SellBuy (3)Sell (9)
Technical Indicators:Strong SellBuy (0)Sell (8)","Name
S3
S2
S1
Pivot Points
R1
R2
R3
Classic
1.1900
1.1903
1.1907
1.1910
1.1914
1.1917
1.1921
Fibonacci
1.1903
1.1906
1.1907
1.1910
1.1913
1.1914
1.1917
Camarilla
1.1910
1.1910
1.1911
1.1910
1.1912
1.1913
1.1913
Woodie's
1.1902
1.1904
1.1909
1.1911
1.1916
1.1918
1.1923
DeMark's
-
-
1.1909
1.1911
1.1916
-
-","Technical IndicatorsJun 17, 2021 11:53PM GMT
Name
Value
Action
RSI(14)
32.393
Sell
STOCH(9,6)
30.215
Sell
STOCHRSI(14)
100.000
Overbought
MACD(12,26)
-0.003
Sell
ADX(14)
35.177
Sell
Williams %R
-63.115
Sell
CCI(14)
-46.0901
Neutral
ATR(14)
0.0016
Less Volatility
Highs/Lows(14)
0.0000
Neutral
Ultimate Oscillator
46.871
Sell
ROC
-0.297
Sell
Bull/Bear Power(13)
-0.0016
Sell
Buy: 0
Sell: 8
Neutral: 2


Summary:Strong Sell","Jun 17, 2021 11:53PM GMT"
gbp_usd,1.3940 +0.0021    +0.15%,19:54:34,2021-06-17 23:55:09.819799,"Prev. Close: 1.3919
Bid/Ask: 1.3939 / 1.3940
Day's Range: 1.3915 - 1.3940",Sell,"Summary:Sell
Moving Averages:SellBuy (4)Sell (8)
Technical Indicators:SellBuy (1)Sell (5)","Name
S3
S2
S1
Pivot Points
R1
R2
R3
Classic
1.3914
1.3918
1.3925
1.3930
1.3937
1.3942
1.3949
Fibonacci
1.3918
1.3923
1.3926
1.3930
1.3934
1.3937
1.3942
Camarilla
1.3929
1.3930
1.3931
1.3930
1.3934
1.3935
1.3936
Woodie's
1.3916
1.3919
1.3927
1.3931
1.3939
1.3943
1.3951
DeMark's
-
-
1.3928
1.3931
1.3939
-
-","Technical IndicatorsJun 17, 2021 11:53PM GMT
Name
Value
Action
RSI(14)
42.246
Sell
STOCH(9,6)
47.120
Neutral
STOCHRSI(14)
100.000
Overbought
MACD(12,26)
-0.003
Sell
ADX(14)
35.673
Sell
Williams %R
-46.876
Neutral
CCI(14)
13.5122
Neutral
ATR(14)
0.0023
Less Volatility
Highs/Lows(14)
0.0000
Neutral
Ultimate Oscillator
53.261
Buy
ROC
-0.254
Sell
Bull/Bear Power(13)
-0.0009
Sell
Buy: 1
Sell: 5
Neutral: 4


Summary:Sell","Jun 17, 2021 11:53PM GMT"
usd_jpy,110.30 +0.10    +0.09%,19:54:35,2021-06-17 23:55:09.823120,"Prev. Close: 110.20
Bid/Ask: 110.28 / 110.31
Day's Range: 110.17 - 110.83",Neutral,"Summary:Neutral
Moving Averages:BuyBuy (7)Sell (5)
Technical Indicators:Strong SellBuy (1)Sell (7)","Name
S3
S2
S1
Pivot Points
R1
R2
R3
Classic
110.18
110.21
110.25
110.27
110.31
110.33
110.37
Fibonacci
110.21
110.23
110.25
110.27
110.29
110.31
110.33
Camarilla
110.26
110.26
110.27
110.27
110.28
110.29
110.29
Woodie's
110.18
110.21
110.25
110.27
110.31
110.33
110.37
DeMark's
-
-
110.26
110.28
110.32
-
-","Technical IndicatorsJun 17, 2021 11:53PM GMT
Name
Value
Action
RSI(14)
45.114
Neutral
STOCH(9,6)
27.461
Sell
STOCHRSI(14)
24.956
Oversold
MACD(12,26)
-0.030
Sell
ADX(14)
28.410
Buy
Williams %R
-78.992
Sell
CCI(14)
-45.9280
Neutral
ATR(14)
0.1186
Less Volatility
Highs/Lows(14)
-0.0125
Sell
Ultimate Oscillator
44.455
Sell
ROC
-0.361
Sell
Bull/Bear Power(13)
-0.1170
Sell
Buy: 1
Sell: 7
Neutral: 2


Summary:Strong Sell","Jun 17, 2021 11:53PM GMT"
aud_usd,0.7558 +0.0008    +0.10%,19:54:31,2021-06-17 23:55:09.826199,"Prev. Close: 0.7550
Bid/Ask: 0.7557 / 0.7558
Day's Range: 0.7547 - 0.7560",Strong Sell,"Summary:Strong Sell
Moving Averages:SellBuy (3)Sell (9)
Technical Indicators:Strong SellBuy (0)Sell (8)","Name
S3
S2
S1
Pivot Points
R1
R2
R3
Classic
0.7545
0.7548
0.7554
0.7557
0.7563
0.7566
0.7572
Fibonacci
0.7548
0.7551
0.7554
0.7557
0.7560
0.7563
0.7566
Camarilla
0.7556
0.7557
0.7558
0.7557
0.7559
0.7560
0.7561
Woodie's
0.7545
0.7548
0.7554
0.7557
0.7563
0.7566
0.7572
DeMark's
-
-
0.7555
0.7557
0.7563
-
-","Technical IndicatorsJun 17, 2021 11:53PM GMT
Name
Value
Action
RSI(14)
33.225
Sell
STOCH(9,6)
32.713
Sell
STOCHRSI(14)
97.695
Overbought
MACD(12,26)
-0.002
Sell
ADX(14)
49.534
Sell
Williams %R
-69.231
Sell
CCI(14)
-44.1976
Neutral
ATR(14)
0.0015
Less Volatility
Highs/Lows(14)
0.0000
Neutral
Ultimate Oscillator
46.387
Sell
ROC
-0.507
Sell
Bull/Bear Power(13)
-0.0007
Sell
Buy: 0
Sell: 8
Neutral: 2


Summary:Strong Sell","Jun 17, 2021 11:53PM GMT"
eur_gbp,0.8548 -0.0003    -0.04%,19:54:45,2021-06-17 23:55:09.829280,"Prev. Close: 0.8551
Bid/Ask: 0.8547 / 0.8549
Day's Range: 0.8546 - 0.8557",Strong Sell,"Summary:Strong Sell
Moving Averages:Strong SellBuy (0)Sell (12)
Technical Indicators:Strong SellBuy (0)Sell (9)","Name
S3
S2
S1
Pivot Points
R1
R2
R3
Classic
0.8540
0.8544
0.8546
0.8550
0.8553
0.8556
0.8559
Fibonacci
0.8544
0.8546
0.8548
0.8550
0.8552
0.8554
0.8556
Camarilla
0.8548
0.8548
0.8549
0.8550
0.8550
0.8551
0.8551
Woodie's
0.8540
0.8544
0.8546
0.8550
0.8553
0.8556
0.8559
DeMark's
-
-
0.8545
0.8549
0.8552
-
-","Technical IndicatorsJun 17, 2021 11:53PM GMT
Name
Value
Action
RSI(14)
34.638
Sell
STOCH(9,6)
27.240
Sell
STOCHRSI(14)
11.456
Oversold
MACD(12,26)
-0.001
Sell
ADX(14)
30.673
Sell
Williams %R
-88.889
Oversold
CCI(14)
-154.4342
Sell
ATR(14)
0.0010
Less Volatility
Highs/Lows(14)
-0.0003
Sell
Ultimate Oscillator
48.500
Sell
ROC
-0.053
Sell
Bull/Bear Power(13)
-0.0025
Sell
Buy: 0
Sell: 9
Neutral: 0


Summary:Strong Sell","Jun 17, 2021 11:53PM GMT"
usd_cad,1.2346 -0.0015    -0.13%,19:54:32,2021-06-17 23:55:09.832305,"Prev. Close: 1.2361
Bid/Ask: 1.2345 / 1.2346
Day's Range: 1.2340 - 1.2368",Strong Buy,"Summary:Strong Buy
Moving Averages:BuyBuy (8)Sell (4)
Technical Indicators:Strong BuyBuy (8)Sell (0)","Name
S3
S2
S1
Pivot Points
R1
R2
R3
Classic
1.2323
1.2333
1.2339
1.2348
1.2354
1.2363
1.2369
Fibonacci
1.2333
1.2338
1.2342
1.2348
1.2354
1.2358
1.2363
Camarilla
1.2341
1.2342
1.2344
1.2348
1.2346
1.2348
1.2349
Woodie's
1.2321
1.2332
1.2337
1.2347
1.2352
1.2362
1.2367
DeMark's
-
-
1.2336
1.2347
1.2351
-
-","Technical IndicatorsJun 17, 2021 11:53PM GMT
Name
Value
Action
RSI(14)
64.263
Buy
STOCH(9,6)
67.288
Buy
STOCHRSI(14)
1.925
Oversold
MACD(12,26)
0.003
Buy
ADX(14)
43.361
Buy
Williams %R
-38.183
Buy
CCI(14)
18.7901
Neutral
ATR(14)
0.0023
Less Volatility
Highs/Lows(14)
0.0000
Neutral
Ultimate Oscillator
65.333
Buy
ROC
0.203
Buy
Bull/Bear Power(13)
0.0009
Buy
Buy: 8
Sell: 0
Neutral: 2


Summary:Strong Buy","Jun 17, 2021 11:53PM GMT"
usd_chf,0.9175 +0.0002    +0.02%,19:54:49,2021-06-17 23:55:09.835325,"Prev. Close: 0.9173
Bid/Ask: 0.9171 / 0.9179
Day's Range: 0.9169 - 0.9183",Strong Buy,"Summary:Strong Buy
Moving Averages:BuyBuy (10)Sell (2)
Technical Indicators:Strong BuyBuy (9)Sell (0)","Name
S3
S2
S1
Pivot Points
R1
R2
R3
Classic
0.9170
0.9172
0.9174
0.9176
0.9178
0.9180
0.9182
Fibonacci
0.9172
0.9174
0.9174
0.9176
0.9178
0.9178
0.9180
Camarilla
0.9174
0.9174
0.9175
0.9176
0.9175
0.9176
0.9176
Woodie's
0.9170
0.9172
0.9174
0.9176
0.9178
0.9180
0.9182
DeMark's
-
-
0.9172
0.9175
0.9176
-
-","Technical IndicatorsJun 17, 2021 11:53PM GMT
Name
Value
Action
RSI(14)
74.464
Buy
STOCH(9,6)
74.461
Buy
STOCHRSI(14)
2.151
Oversold
MACD(12,26)
0.003
Buy
ADX(14)
40.434
Buy
Williams %R
-22.223
Buy
CCI(14)
73.6830
Buy
ATR(14)
0.0013
Less Volatility
Highs/Lows(14)
0.0003
Buy
Ultimate Oscillator
49.929
Neutral
ROC
0.333
Buy
Bull/Bear Power(13)
0.0036
Buy
Buy: 9
Sell: 0
Neutral: 1


Summary:Strong Buy","Jun 17, 2021 11:53PM GMT"
nzd_chf,0.6438 +0.0019    +0.29%,19:54:53,2021-06-17 23:55:09.838325,"Prev. Close: 0.6419
Bid/Ask: 0.6434 / 0.6441
Day's Range: 0.6421 - 0.6441",Strong Buy,"Summary:Strong Buy
Moving Averages:BuyBuy (12)Sell (0)
Technical Indicators:Strong BuyBuy (6)Sell (3)","Name
S3
S2
S1
Pivot Points
R1
R2
R3
Classic
0.6417
0.6422
0.6429
0.6434
0.6441
0.6446
0.6454
Fibonacci
0.6422
0.6426
0.6429
0.6434
0.6439
0.6442
0.6446
Camarilla
0.6434
0.6435
0.6436
0.6434
0.6439
0.6440
0.6441
Woodie's
0.6419
0.6423
0.6431
0.6435
0.6443
0.6447
0.6456
DeMark's
-
-
0.6432
0.6435
0.6444
-
-","Technical IndicatorsJun 17, 2021 11:53PM GMT
Name
Value
Action
RSI(14)
58.276
Buy
STOCH(9,6)
64.163
Buy
STOCHRSI(14)
97.737
Overbought
MACD(12,26)
0.000
Buy
ADX(14)
27.255
Sell
Williams %R
-18.421
Overbought
CCI(14)
170.9363
Buy
ATR(14)
0.0012
Less Volatility
Highs/Lows(14)
0.0006
Buy
Ultimate Oscillator
43.530
Sell
ROC
-0.054
Sell
Bull/Bear Power(13)
0.0015
Buy
Buy: 6
Sell: 3
Neutral: 0


Summary:Strong Buy","Jun 17, 2021 11:53PM GMT"
usd_cny,6.4484 +0.0515    +0.80%,11:27:22,2021-06-17 23:55:09.841331,"Prev. Close: 6.3969
Bid/Ask: 6.4477 / 6.4490
Day's Range: 6.3972 - 6.4494",Strong Buy,"Summary:Strong Buy
Moving Averages:BuyBuy (12)Sell (0)
Technical Indicators:Strong BuyBuy (7)Sell (0)","Name
S3
S2
S1
Pivot Points
R1
R2
R3
Classic
6.4380
6.4399
6.4436
6.4455
6.4492
6.4511
6.4548
Fibonacci
6.4399
6.4420
6.4434
6.4455
6.4476
6.4490
6.4511
Camarilla
6.4458
6.4463
6.4468
6.4455
6.4479
6.4484
6.4489
Woodie's
6.4390
6.4404
6.4446
6.4460
6.4502
6.4516
6.4558
DeMark's
-
-
6.4446
6.4460
6.4502
-
-","Technical IndicatorsJun 17, 2021 03:34PM GMT
Name
Value
Action
RSI(14)
85.433
Overbought
STOCH(9,6)
77.649
Buy
STOCHRSI(14)
100.000
Overbought
MACD(12,26)
0.011
Buy
ADX(14)
61.337
Buy
Williams %R
-3.426
Overbought
CCI(14)
151.8010
Buy
ATR(14)
0.0041
Less Volatility
Highs/Lows(14)
0.0141
Buy
Ultimate Oscillator
82.973
Overbought
ROC
0.391
Buy
Bull/Bear Power(13)
0.0286
Buy
Buy: 7
Sell: 0
Neutral: 0


Summary:Strong Buy","Jun 17, 2021 03:34PM GMT"
usd_hkd,7.7645 0.0001    0.00%,19:54:51,2021-06-17 23:55:09.844337,"Prev. Close: 7.7644
Bid/Ask: 7.7643 / 7.7646
Day's Range: 7.7641 - 7.7652",Buy,"Summary:Buy
Moving Averages:BuyBuy (7)Sell (5)
Technical Indicators:BUYBuy (4)Sell (2)","Name
S3
S2
S1
Pivot Points
R1
R2
R3
Classic
7.7629
7.7635
7.7640
7.7646
7.7651
7.7657
7.7663
Fibonacci
7.7635
7.7639
7.7642
7.7646
7.7650
7.7653
7.7657
Camarilla
7.7643
7.7644
7.7645
7.7646
7.7648
7.7649
7.7650
Woodie's
7.7629
7.7635
7.7640
7.7646
7.7651
7.7657
7.7663
DeMark's
-
-
7.7638
7.7645
7.7649
-
-","Technical IndicatorsJun 17, 2021 11:53PM GMT
Name
Value
Action
RSI(14)
52.029
Neutral
STOCH(9,6)
60.054
Buy
STOCHRSI(14)
12.116
Oversold
MACD(12,26)
0.000
Buy
ADX(14)
25.688
Neutral
Williams %R
-63.162
Sell
CCI(14)
-38.3940
Neutral
ATR(14)
0.0008
Less Volatility
Highs/Lows(14)
0.0000
Neutral
Ultimate Oscillator
55.778
Buy
ROC
-0.008
Sell
Bull/Bear Power(13)
0.0009
Buy
Buy: 4
Sell: 2
Neutral: 4


Summary:BUY","Jun 17, 2021 11:53PM GMT"
